0 0.29875 0.52875 0.05625 0.02875
0 0.75125 0.55125 0.045 0.0675
0 0.6975 0.55 0.0475 0.06125
0 0.64375 0.55375 0.04625 0.06125
0 0.5875 0.5525 0.05 0.0625
0 0.53 0.5525 0.04875 0.0625
0 0.23875 0.52625 0.05375 0.03
0 0.47875 0.54625 0.0425 0.05875
0 0.575 0.40875 0.04875 0.03625
0 0.35625 0.56375 0.05375 0.02875
0 0.29875 0.5625 0.0525 0.02875
0 0.2425 0.56125 0.055 0.03
0 0.185 0.56125 0.0525 0.03
0 0.35875 0.52375 0.055 0.03625
0 0.2925 0.49625 0.0575 0.0225
0 0.4225 0.54875 0.05 0.06
0 0.18375 0.5225 0.05 0.03125
0 0.5175 0.40875 0.05125 0.0375
0 0.52 0.4475 0.0475 0.0325
0 0.81 0.555 0.05 0.065
0 0.745 0.44125 0.0575 0.06625
0 0.8125 0.43875 0.05375 0.0675
0 0.7 0.3325 0.05625 0.04
0 0.63875 0.3325 0.05375 0.0375
0 0.58 0.3325 0.05625 0.0375
0 0.525 0.33125 0.05 0.03625
0 0.46875 0.33 0.05 0.03875
0 0.415 0.32875 0.0425 0.03625
0 0.17375 0.4025 0.05625 0.03625
0 0.23375 0.405 0.05625 0.0375
0 0.29375 0.40375 0.05625 0.03625
0 0.35375 0.40625 0.04875 0.0375
0 0.17875 0.44375 0.0525 0.035
0 0.23625 0.4425 0.055 0.03125
0 0.29625 0.44375 0.055 0.03375
0 0.3525 0.44625 0.0525 0.03125
0 0.41 0.44625 0.0475 0.035
0 0.40875 0.40625 0.05125 0.03625
0 0.465 0.44625 0.0525 0.0375
0 0.465 0.405 0.0525 0.0375
0 0.57125 0.44875 0.05125 0.0325
0 0.8575 0.5525 0.02375 0.06375
0 0.71375 0.75625 0.04125 0.0525
0 0.84875 0.7525 0.04125 0.0725
0 0.5175 0.755 0.04 0.05375
0 0.56625 0.755 0.0425 0.05125
0 0.6175 0.755 0.04875 0.0525
0 0.6675 0.7575 0.04375 0.05
0 0.76125 0.75625 0.04625 0.0525
0 0.80375 0.76 0.03375 0.06
0 0.14125 0.825 0.01375 0.0425
0 0.1575 0.83 0.01375 0.04125
0 0.20625 0.85 0.045 0.04375
0 0.25875 0.85625 0.05375 0.0575
0 0.31 0.85625 0.0425 0.0475
0 0.36125 0.85375 0.0525 0.04625
0 0.415 0.855 0.0425 0.0475
0 0.46125 0.85625 0.045 0.04125
0 0.50875 0.86125 0.04625 0.0475
0 0.56 0.8625 0.0475 0.05
0 0.61125 0.8625 0.0375 0.05125
0 0.65375 0.86 0.04125 0.0425
0 0.70125 0.86375 0.04375 0.05
0 0.75 0.85875 0.03625 0.04875
0 0.79375 0.86 0.0325 0.05125
0 0.46875 0.75625 0.04375 0.05
0 0.85 0.6575 0.03625 0.07125
0 0.415 0.75625 0.0475 0.05375
0 0.795 0.6625 0.05625 0.05
0 0.14875 0.76625 0.04 0.01375
0 0.14875 0.7525 0.03875 0.01125
0 0.1475 0.7325 0.0375 0.0225
0 0.2 0.75 0.0525 0.05125
0 0.255 0.75125 0.045 0.05375
0 0.30875 0.7525 0.0475 0.05875
0 0.20375 0.66375 0.0525 0.02625
0 0.1975 0.6275 0.04875 0.0325
0 0.25125 0.63 0.0475 0.03
0 0.26 0.665 0.05125 0.03
0 0.31375 0.6675 0.045 0.02875
0 0.31125 0.63125 0.04875 0.03375
0 0.36625 0.6325 0.05 0.03125
0 0.36625 0.66625 0.0525 0.02875
0 0.425 0.655 0.045 0.05875
0 0.47875 0.6525 0.04625 0.05625
0 0.52875 0.655 0.045 0.05875
0 0.5825 0.6525 0.04875 0.065
0 0.63625 0.65625 0.04625 0.05625
0 0.69 0.66 0.04625 0.05375
0 0.7425 0.66 0.045 0.0575
0 0.3625 0.755 0.04875 0.05375
0 0.34625 0.29 0.055 0.0375
0 0.63125 0.435 0.05375 0.06375
0 0.5225 0.28625 0.05375 0.04
0 0.2875 0.19875 0.055 0.0325
0 0.34875 0.19875 0.05875 0.0325
0 0.4125 0.1975 0.05125 0.0425
0 0.40875 0.15 0.06125 0.04625
0 0.47125 0.19625 0.05375 0.0425
0 0.47 0.14875 0.055 0.04125
0 0.5375 0.15125 0.055 0.04125
0 0.6 0.14875 0.06 0.0425
0 0.53625 0.19875 0.0525 0.0425
0 0.5925 0.19875 0.05625 0.04
0 0.65375 0.1975 0.05625 0.045
0 0.715 0.2025 0.0525 0.04375
0 0.3425 0.16125 0.0575 0.035
0 0.77375 0.18875 0.05 0.07
0 0.7575 0.32125 0.05125 0.06625
0 0.34875 0.33125 0.06 0.0325
0 0.28625 0.33 0.0575 0.03375
0 0.22625 0.32875 0.0575 0.035
0 0.1625 0.3275 0.0575 0.03375
0 0.70125 0.28625 0.05625 0.04375
0 0.64 0.2875 0.05625 0.04
0 0.58 0.28875 0.0525 0.04125
0 0.16125 0.285 0.06 0.04125
0 0.46375 0.28625 0.05125 0.04125
0 0.40625 0.28625 0.05 0.04125
0 0.69125 0.4375 0.05 0.06
0 0.83125 0.18875 0.05375 0.06625
0 0.28625 0.28875 0.0575 0.04125
0 0.28125 0.16125 0.05625 0.03
0 0.225 0.28625 0.0575 0.035
0 0.15625 0.16375 0.0525 0.03375
0 0.16125 0.19875 0.0625 0.0325
0 0.225 0.19875 0.06125 0.03
0 0.2175 0.1625 0.06 0.0325