0 0.185 0.77125 0.07375 0.0375
0 0.23875 0.775 0.0225 0.05625
0 0.18625 0.815 0.07125 0.0375
0 0.30375 0.7575 0.0225 0.0475
0 0.16625 0.71375 0.06375 0.035
0 0.1825 0.61875 0.07125 0.03875
0 0.1925 0.57375 0.06 0.02625
0 0.27375 0.7625 0.0225 0.0475
0 0.33 0.7575 0.025 0.0475
0 0.395 0.25375 0.05375 0.0275
0 0.1375 0.50875 0.025 0.04125
0 0.22875 0.3075 0.05 0.0875
0 0.2825 0.31125 0.04375 0.08
0 0.34375 0.31125 0.04375 0.07875
0 0.34 0.2575 0.04 0.0175
0 0.45125 0.2825 0.04625 0.02125
0 0.45375 0.25375 0.04 0.03125
0 0.3975 0.31375 0.05125 0.08125
0 0.39 0.7675 0.08875 0.06125
0 0.14625 0.465 0.04125 0.03375
0 0.4375 0.66625 0.0275 0.07625
0 0.1925 0.4675 0.04375 0.03875
0 0.44875 0.325 0.04 0.05625
0 0.14375 0.19 0.0375 0.04875
0 0.19125 0.1775 0.03875 0.0675
0 0.23375 0.1775 0.0375 0.0675
0 0.27875 0.1775 0.04 0.0675
0 0.32 0.175 0.04125 0.07375
0 0.36625 0.17625 0.04125 0.08125
0 0.425 0.17625 0.04625 0.08375
0 0.475 0.17875 0.04625 0.0775
0 0.535 0.16375 0.055 0.11
0 0.585 0.195 0.0375 0.0475
0 0.64625 0.14875 0.05625 0.13
0 0.6975 0.17625 0.0375 0.08125
0 0.75 0.17 0.04625 0.0875
0 0.80125 0.17 0.04625 0.0875
0 0.85 0.16625 0.04 0.09375
0 0.16 0.3 0.06875 0.03125
0 0.16125 0.3425 0.07125 0.0425
0 0.17375 0.40125 0.07875 0.04375
0 0.18375 0.515 0.0625 0.0425
0 0.50125 0.295 0.045 0.115
0 0.40875 0.41875 0.05375 0.09875
0 0.605 0.30625 0.03875 0.09125
0 0.2475 0.42 0.0475 0.095
0 0.3025 0.38375 0.03625 0.02875
0 0.55125 0.65875 0.03 0.09
0 0.555 0.2925 0.055 0.12
0 0.5825 0.6625 0.02625 0.08
0 0.6125 0.66375 0.02875 0.08375
0 0.645 0.6575 0.03 0.095
0 0.68 0.6575 0.03125 0.0925
0 0.725 0.6675 0.05375 0.06875
0 0.79125 0.66875 0.07125 0.07625
0 0.8525 0.67375 0.0425 0.0625
0 0.72625 0.75875 0.05375 0.06
0 0.51875 0.765 0.085 0.055
0 0.595 0.77 0.06125 0.045
0 0.65625 0.76375 0.0475 0.055
0 0.29625 0.4375 0.03875 0.0625
0 0.27625 0.8675 0.0325 0.0975
0 0.34 0.435 0.04375 0.06375
0 0.2825 0.54625 0.03 0.08625
0 0.405 0.6675 0.02375 0.07875
0 0.3775 0.6675 0.025 0.0775
0 0.35 0.6675 0.02375 0.0775
0 0.27 0.66125 0.02625 0.09125
0 0.24125 0.665 0.02625 0.09125
0 0.8525 0.53625 0.045 0.10625
0 0.7925 0.53375 0.0625 0.11
0 0.6925 0.54375 0.04875 0.08625
0 0.65125 0.54125 0.0275 0.08375
0 0.61125 0.54625 0.04125 0.09125
0 0.49375 0.54125 0.0625 0.09625
0 0.4425 0.5375 0.03375 0.0925
0 0.4075 0.54125 0.03375 0.09375
0 0.37 0.5425 0.03125 0.09
0 0.33 0.54125 0.03875 0.095
0 0.25 0.555 0.03 0.07125
0 0.3125 0.86875 0.035 0.10125
0 0.78125 0.76 0.04875 0.05875
0 0.3925 0.865 0.0325 0.10125
0 0.6675 0.42875 0.04 0.0775
0 0.61875 0.42875 0.0475 0.07125
0 0.5625 0.43375 0.04125 0.06625
0 0.5125 0.43375 0.0425 0.06625
0 0.46125 0.4325 0.0425 0.0725
0 0.5175 0.6575 0.03 0.0925
0 0.845 0.42375 0.05875 0.075
0 0.845 0.295 0.06 0.10625
0 0.3575 0.86625 0.03375 0.10625
0 0.7875 0.30375 0.045 0.09125
0 0.705 0.31125 0.0375 0.075
0 0.6575 0.29375 0.05375 0.11375
0 0.725 0.4275 0.05625 0.07875
0 0.825 0.87 0.0325 0.075
0 0.85875 0.87375 0.03125 0.07625
0 0.655 0.875 0.02625 0.07875
0 0.43375 0.865 0.0325 0.09875
0 0.47625 0.86375 0.03125 0.10125
0 0.5125 0.865 0.03375 0.10625
0 0.56125 0.865 0.02625 0.10375
0 0.59125 0.8725 0.02875 0.08125
0 0.6225 0.87375 0.02875 0.08
0 0.7825 0.425 0.045 0.07625
0 0.72125 0.86875 0.03625 0.075
0 0.75875 0.8675 0.0325 0.07375
0 0.7925 0.86875 0.02875 0.075
0 0.6875 0.875 0.02875 0.07375