0 0.30625 0.41125 0.0375 0.02625
0 0.8225 0.4975 0.02625 0.0325
0 0.77375 0.50375 0.06875 0.02125
0 0.7125 0.51 0.0425 0.0175
0 0.7625 0.38 0.21125 0.06
0 0.37875 0.41125 0.0325 0.025
0 0.34375 0.41125 0.03125 0.02625
0 0.26875 0.4125 0.03125 0.02625
0 0.61625 0.355 0.04 0.0375
0 0.195 0.41875 0.03375 0.02
0 0.5325 0.395 0.04125 0.035
0 0.53125 0.355 0.04 0.0375
0 0.5 0.40125 0.01875 0.02875
0 0.47 0.4075 0.0325 0.02375
0 0.43375 0.40875 0.03375 0.02375
0 0.47 0.37625 0.0325 0.03125
0 0.575 0.395 0.04 0.03625
0 0.6175 0.39375 0.04125 0.0325
0 0.4325 0.3775 0.0375 0.03
0 0.575 0.355 0.04 0.0375
0 0.21125 0.3525 0.03875 0.0325
0 0.18375 0.38875 0.03375 0.0375
0 0.22125 0.38625 0.0375 0.02875
0 0.26375 0.38125 0.04 0.03
0 0.30375 0.38125 0.03375 0.02875
0 0.33875 0.37875 0.03 0.0325
0 0.43125 0.3475 0.0375 0.02625
0 0.23125 0.415 0.03625 0.02375
0 0.3725 0.3775 0.0325 0.0325
0 0.6025 0.52125 0.04875 0.0175
0 0.545 0.5175 0.05875 0.025
0 0.66875 0.5125 0.0425 0.02125
0 0.27625 0.61875 0.0525 0.0525
0 0.32875 0.62125 0.05 0.0425
0 0.38125 0.61375 0.0525 0.05
0 0.23125 0.7125 0.055 0.0275
0 0.285 0.7075 0.0475 0.0275
0 0.335 0.7075 0.04875 0.0275
0 0.38875 0.705 0.05375 0.0275
0 0.23375 0.74 0.055 0.02375
0 0.2875 0.73625 0.05 0.02375
0 0.33875 0.735 0.045 0.0225
0 0.39 0.73375 0.055 0.02125
0 0.4475 0.70375 0.05 0.05625
0 0.5025 0.7 0.04875 0.05875
0 0.55125 0.7 0.04375 0.05625
0 0.5975 0.7 0.04375 0.055
0 0.68375 0.705 0.09 0.0475
0 0.7775 0.69875 0.095 0.045
0 0.44375 0.625 0.04625 0.02375
0 0.4925 0.625 0.04375 0.02375
0 0.535 0.6225 0.03875 0.0225
0 0.58 0.62125 0.04875 0.02375
0 0.6175 0.6175 0.01875 0.03875
0 0.68375 0.59 0.09875 0.025
0 0.685 0.61625 0.10125 0.025
0 0.7825 0.5825 0.09375 0.03
0 0.78375 0.6125 0.0925 0.025
0 0.74 0.55625 0.1 0.01875
0 0.4675 0.34375 0.03125 0.02625
0 0.22375 0.61875 0.04875 0.04375
0 0.21125 0.52375 0.04875 0.035
0 0.4975 0.36625 0.02 0.03375
0 0.46875 0.5025 0.0925 0.0525
0 0.26875 0.5225 0.05125 0.03125