0 0.72125 0.5075 0.035 0.04125
0 0.48875 0.52875 0.0425 0.0475
0 0.53125 0.52625 0.04 0.0425
0 0.57125 0.5275 0.0375 0.03375
0 0.6125 0.5175 0.03875 0.04625
0 0.65 0.5125 0.03625 0.04375
0 0.68625 0.51625 0.0325 0.0325
0 0.75625 0.50375 0.0325 0.04125
0 0.78375 0.4175 0.015 0.09375
0 0.82375 0.49625 0.03125 0.0375
0 0.81625 0.415 0.01625 0.09
0 0.8 0.41625 0.01625 0.0875
0 0.765 0.4175 0.02125 0.09375
0 0.74125 0.42625 0.0225 0.07875
0 0.715 0.42625 0.0275 0.08125
0 0.68875 0.4275 0.025 0.08375
0 0.79125 0.50125 0.03625 0.04
0 0.66 0.42875 0.03 0.08375
0 0.29875 0.72 0.04125 0.0875
0 0.39 0.53875 0.0475 0.05125
0 0.6325 0.43125 0.02625 0.08375
0 0.25875 0.7225 0.03625 0.0975
0 0.2225 0.73625 0.035 0.08125
0 0.1825 0.73625 0.03375 0.09875
0 0.1325 0.7475 0.0375 0.1075
0 0.095 0.75375 0.03125 0.10875
0 0.055 0.76375 0.04375 0.1025
0 0.0125 0.77 0.025 0.10875
0 0.02625 0.59 0.0525 0.065
0 0.0275 0.655 0.055 0.06125
0 0.08625 0.5775 0.0625 0.0725
0 0.09125 0.6475 0.06875 0.06625
0 0.1575 0.575 0.06625 0.06125
0 0.16125 0.63875 0.0625 0.065
0 0.2225 0.57875 0.05625 0.15625
0 0.28 0.575 0.05625 0.145
0 0.33875 0.54375 0.05375 0.05375
0 0.44 0.535 0.04875 0.05
0 0.60125 0.43375 0.03125 0.085
0 0.8225 0.2525 0.04 0.0975
0 0.5375 0.435 0.03 0.09
0 0.705 0.245 0.025 0.105
0 0.68125 0.245 0.02 0.1025
0 0.65625 0.24375 0.03 0.1025
0 0.625 0.2325 0.03125 0.12125
0 0.59625 0.23625 0.02625 0.1125
0 0.57 0.23625 0.025 0.1125
0 0.54375 0.23625 0.0275 0.1125
0 0.73 0.24 0.02125 0.11625
0 0.48125 0.2325 0.04125 0.115
0 0.3525 0.24 0.07875 0.0925
0 0.28125 0.20375 0.055 0.1575
0 0.23 0.20625 0.04875 0.16
0 0.1775 0.20625 0.05625 0.16
0 0.11625 0.205 0.06375 0.15875
0 0.06 0.205 0.0475 0.15875
0 0.0175 0.2025 0.035 0.155
0 0.42625 0.24625 0.0675 0.08875
0 0.755 0.23625 0.02875 0.1275
0 0.78625 0.2375 0.03375 0.125
0 0.8775 0.25625 0.03 0.0925
0 0.505 0.4325 0.0325 0.10125
0 0.47125 0.43875 0.03375 0.09375
0 0.43625 0.43625 0.035 0.10875
0 0.40125 0.44375 0.03375 0.095
0 0.36375 0.43875 0.04 0.11125
0 0.3225 0.44 0.0425 0.1125
0 0.26375 0.3975 0.0625 0.15125
0 0.20125 0.40125 0.055 0.145
0 0.14625 0.40625 0.05375 0.14375
0 0.09125 0.4175 0.05125 0.13375
0 0.04 0.42 0.05 0.1375
0 0.99375 0.265 0.01125 0.07875
0 0.98 0.26375 0.01375 0.08
0 0.96625 0.26 0.015 0.08375
0 0.95 0.25875 0.01875 0.08125
0 0.92875 0.2575 0.02625 0.0825
0 0.90375 0.25625 0.0225 0.0875
0 0.56875 0.43 0.0325 0.0975
0 0.37125 0.335 0.05 0.04875
0 0.32 0.335 0.0475 0.04875
0 0.9625 0.81375 0.02125 0.08
0 0.4825 0.595 0.035 0.05875
0 0.44 0.60625 0.04625 0.0525
0 0.38875 0.6125 0.0525 0.05375
0 0.33625 0.62125 0.045 0.055
0 0.33875 0.725 0.0375 0.1175
0 0.375 0.7225 0.0325 0.12625
0 0.40875 0.73375 0.03375 0.08625
0 0.51375 0.59 0.02625 0.05375
0 0.4375 0.70625 0.02375 0.1175
0 0.49375 0.6925 0.02625 0.11375
0 0.53375 0.69625 0.0475 0.0875
0 0.58 0.68375 0.04375 0.0875
0 0.63125 0.68 0.05625 0.08125
0 0.67375 0.675 0.02625 0.07375
0 0.70125 0.67125 0.02875 0.07
0 0.725 0.665 0.01875 0.06375
0 0.46625 0.7025 0.0275 0.125
0 0.54125 0.5875 0.0275 0.05625
0 0.57 0.58375 0.025 0.05
0 0.59375 0.58125 0.025 0.05125
0 0.42125 0.33625 0.04625 0.04875
0 0.4675 0.3375 0.0475 0.045
0 0.515 0.33875 0.04625 0.0475
0 0.56 0.33875 0.04 0.04125
0 0.6 0.34 0.0375 0.0425
0 0.6375 0.33875 0.03625 0.03875
0 0.675 0.3375 0.03875 0.04
0 0.71375 0.33625 0.035 0.0425
0 0.75125 0.345 0.03625 0.0225
0 0.78375 0.34625 0.02875 0.0225
0 0.80375 0.55 0.0275 0.04375
0 0.77875 0.55625 0.0225 0.04375
0 0.7475 0.5675 0.035 0.03375
0 0.71 0.57 0.0375 0.03125
0 0.6775 0.57375 0.02625 0.035
0 0.65 0.5725 0.025 0.05
0 0.62125 0.57625 0.02875 0.0475
0 0.755 0.66625 0.03 0.0575
0 0.7925 0.65375 0.0375 0.06125
0 0.815 0.345 0.03375 0.02
0 0.47 0.83875 0.025 0.07
0 0.84875 0.82875 0.03125 0.09125
0 0.8825 0.82625 0.035 0.09125
0 0.91375 0.82125 0.02625 0.0875
0 0.93875 0.8125 0.0225 0.08875
0 0.9875 0.7925 0.02125 0.08125
0 0.85375 0.41875 0.04875 0.06625
0 0.85875 0.6425 0.02375 0.03875
0 0.9925 0.6975 0.01375 0.07875
0 0.895 0.63375 0.04625 0.0375
0 0.97875 0.62375 0.02 0.0375
0 0.96625 0.50625 0.0275 0.04125
0 0.9225 0.49375 0.0475 0.05875
0 0.92875 0.3925 0.0275 0.085
0 0.9625 0.38375 0.0325 0.08625
0 0.9875 0.4475 0.025 0.035
0 0.8275 0.64375 0.03375 0.0575
0 0.84875 0.54375 0.05 0.05
0 0.9775 0.70625 0.01375 0.0625
0 0.9475 0.62375 0.02875 0.0375
0 0.945 0.715 0.0175 0.06875
0 0.49125 0.8375 0.0175 0.075
0 0.96125 0.7125 0.01375 0.06
0 0.525 0.825 0.04875 0.08625
0 0.57375 0.815 0.04875 0.085
0 0.62125 0.79875 0.04375 0.09125
0 0.66875 0.7825 0.045 0.08
0 0.7125 0.76875 0.02875 0.03375
0 0.7425 0.79625 0.0225 0.02625
0 0.74 0.7625 0.02125 0.03125
0 0.7175 0.80625 0.025 0.0375
0 0.79 0.7625 0.025 0.0625
0 0.925 0.7225 0.02 0.0675
0 0.815 0.74875 0.02375 0.0775
0 0.8375 0.745 0.02 0.075
0 0.8575 0.74 0.01875 0.06875
0 0.88125 0.73125 0.02375 0.08375
0 0.7675 0.7725 0.025 0.06875
0 0.905 0.73 0.02125 0.05875