0 0.26875 0.57625 0.03375 0.0625
0 0.56375 0.13375 0.02625 0.11375
0 0.59375 0.13625 0.03125 0.11125
0 0.63125 0.1325 0.04125 0.12625
0 0.67375 0.1375 0.0375 0.12125
0 0.7475 0.1425 0.03125 0.115
0 0.775 0.175 0.0225 0.05875
0 0.8025 0.1775 0.02625 0.055
0 0.83125 0.1575 0.02875 0.10125
0 0.14375 0.27125 0.0375 0.085
0 0.18875 0.26125 0.04375 0.11375
0 0.7125 0.14 0.04125 0.12
0 0.53125 0.12875 0.03375 0.115
0 0.44125 0.12625 0.03125 0.11125
0 0.4725 0.1325 0.02875 0.1075
0 0.4075 0.1175 0.0375 0.13
0 0.3725 0.13625 0.03125 0.09125
0 0.3425 0.135 0.03 0.0925
0 0.30875 0.13375 0.03375 0.09
0 0.26875 0.13375 0.04125 0.085
0 0.225 0.11 0.03875 0.12125
0 0.1825 0.10875 0.04125 0.1225
0 0.3075 0.57625 0.03375 0.0625
0 0.14375 0.13125 0.03 0.0725
0 0.14875 0.3825 0.0375 0.09375
0 0.42625 0.57125 0.04625 0.06875
0 0.3825 0.57375 0.035 0.065
0 0.5 0.1325 0.02875 0.10625
0 0.23125 0.27875 0.03625 0.0825
0 0.5075 0.30625 0.0275 0.0325
0 0.31125 0.275 0.03625 0.095
0 0.6825 0.2875 0.025 0.085
0 0.74125 0.29125 0.03375 0.07875
0 0.83125 0.285 0.03875 0.10375
0 0.70875 0.44875 0.0375 0.01375
0 0.7075 0.43125 0.0375 0.01375
0 0.705 0.41625 0.0375 0.01375
0 0.7075 0.4 0.0375 0.01375
0 0.7475 0.44625 0.0375 0.01375
0 0.745 0.42625 0.0375 0.01375
0 0.79625 0.4 0.0425 0.1075
0 0.8325 0.4175 0.02625 0.07125
0 0.86125 0.415 0.02625 0.07875
0 0.67375 0.42625 0.025 0.06
0 0.64875 0.41625 0.025 0.07625
0 0.6225 0.4125 0.0275 0.07875
0 0.595 0.41375 0.02625 0.08
0 0.34375 0.57375 0.035 0.0675
0 0.65875 0.28625 0.02625 0.08625
0 0.27125 0.27625 0.03625 0.08375
0 0.63125 0.285 0.02375 0.08625
0 0.565 0.41625 0.0225 0.075
0 0.35125 0.27375 0.03625 0.09375
0 0.38875 0.265 0.03375 0.11125
0 0.425 0.26375 0.03375 0.11875
0 0.45375 0.3 0.02125 0.04625
0 0.48125 0.3 0.0275 0.05
0 0.535 0.2975 0.02375 0.055
0 0.56625 0.2925 0.03375 0.06875
0 0.185 0.385 0.03 0.08875
0 0.2525 0.39 0.0375 0.07875
0 0.29 0.39 0.03375 0.085
0 0.32375 0.38875 0.0325 0.08125
0 0.35875 0.39125 0.03625 0.085
0 0.395 0.38875 0.0375 0.085
0 0.445 0.39875 0.0425 0.1025
0 0.48375 0.41 0.0275 0.08
0 0.515 0.4025 0.03125 0.1
0 0.54125 0.42125 0.01875 0.0625
0 0.6025 0.28375 0.03375 0.08875
0 0.77125 0.2975 0.0225 0.065
0 0.71 0.29125 0.0275 0.08125
0 0.215 0.585 0.02375 0.0525
0 0.6325 0.675 0.04125 0.05875
0 0.66625 0.65875 0.02375 0.0775
0 0.7 0.65875 0.035 0.08
0 0.75375 0.675 0.0625 0.0475
0 0.81375 0.67375 0.06 0.0425
0 0.82875 0.57125 0.0475 0.05125
0 0.7775 0.57125 0.0475 0.05875
0 0.74125 0.57375 0.02125 0.05625
0 0.58625 0.67 0.0425 0.0675
0 0.695 0.5725 0.0275 0.0575
0 0.6025 0.5775 0.02625 0.05125
0 0.575 0.575 0.025 0.05875
0 0.52375 0.5775 0.07375 0.06
0 0.47 0.5775 0.03375 0.0575
0 0.165 0.4725 0.07875 0.02625
0 0.31875 0.5025 0.08875 0.02875
0 0.32375 0.47875 0.075 0.025
0 0.405 0.47125 0.0775 0.02625
0 0.665 0.57625 0.03125 0.055
0 0.54125 0.6675 0.03375 0.055
0 0.49625 0.66375 0.05125 0.09625
0 0.4375 0.68125 0.065 0.055
0 0.85375 0.76 0.03625 0.105
0 0.8175 0.76875 0.025 0.0925
0 0.78875 0.77125 0.03 0.0925
0 0.24 0.58125 0.02125 0.0575
0 0.75625 0.77 0.03 0.0925
0 0.71875 0.785 0.045 0.06875
0 0.66625 0.79 0.04625 0.0725
0 0.60875 0.78 0.04 0.07625
0 0.56375 0.81 0.05375 0.055
0 0.14625 0.575 0.04125 0.07875
0 0.44125 0.77 0.0475 0.0825
0 0.37375 0.8025 0.085 0.09375
0 0.14125 0.6775 0.0325 0.095
0 0.15 0.81 0.04875 0.1
0 0.29875 0.80625 0.065 0.09875
0 0.2175 0.80375 0.08125 0.10375
0 0.205 0.67875 0.07875 0.085
0 0.29 0.6725 0.075 0.08875
0 0.36875 0.6925 0.06625 0.04875
0 0.415 0.505 0.095 0.02625
0 0.5225 0.5075 0.1075 0.01875
0 0.63125 0.57875 0.02625 0.04875
0 0.185 0.5875 0.035 0.05
0 0.76625 0.505 0.05125 0.0225
0 0.7 0.49875 0.07 0.03125
0 0.6075 0.5025 0.06 0.0275