0 0.16 0.37125 0.01875 0.09
0 0.13875 0.365 0.02375 0.0975
0 0.80625 0.23125 0.0425 0.15
0 0.1775 0.37375 0.01375 0.09
0 0.195 0.375 0.015 0.0925
0 0.85 0.22875 0.04875 0.155
0 0.76 0.2175 0.04125 0.1875
0 0.57 0.235 0.03 0.1425
0 0.63875 0.22375 0.03125 0.15875
0 0.6025 0.225 0.03375 0.16
0 0.2125 0.3775 0.02 0.09625
0 0.53875 0.235 0.025 0.1375
0 0.515 0.235 0.0225 0.13625
0 0.49125 0.23625 0.02 0.13625
0 0.4625 0.23375 0.02625 0.14375
0 0.4325 0.2375 0.02875 0.1425
0 0.71375 0.2175 0.0475 0.175
0 0.2425 0.3725 0.0375 0.10625
0 0.595 0.40625 0.01875 0.1225
0 0.34625 0.38375 0.03125 0.115
0 0.79625 0.42875 0.04 0.1225
0 0.84625 0.43625 0.05625 0.12
0 0.145 0.48625 0.02375 0.08375
0 0.1675 0.49 0.02 0.08
0 0.18625 0.49375 0.0175 0.08375
0 0.40375 0.23625 0.02375 0.13625
0 0.755 0.41125 0.03375 0.15625
0 0.72 0.4125 0.02625 0.14
0 0.29 0.38375 0.035 0.1025
0 0.6875 0.405 0.03625 0.14625
0 0.62125 0.4075 0.02875 0.1275
0 0.5675 0.405 0.0325 0.125
0 0.5325 0.405 0.03 0.11625
0 0.50125 0.40125 0.03 0.11875
0 0.47125 0.3975 0.02625 0.11375
0 0.4425 0.39375 0.0275 0.11125
0 0.41 0.3875 0.03125 0.125
0 0.3775 0.38625 0.02875 0.12125
0 0.65125 0.41875 0.02875 0.1175
0 0.37875 0.2375 0.02375 0.135
0 0.84875 0.94 0.05125 0.12
0 0.33125 0.23875 0.02375 0.1325
0 0.74375 0.6125 0.03875 0.10625
0 0.80125 0.615 0.04875 0.14625
0 0.85125 0.6175 0.04625 0.15
0 0.1425 0.58125 0.01875 0.0825
0 0.1625 0.5875 0.01875 0.085
0 0.18125 0.59375 0.01375 0.0825
0 0.19875 0.5975 0.02 0.085
0 0.22125 0.60625 0.01875 0.08875
0 0.2425 0.61125 0.02 0.08375
0 0.26125 0.6175 0.0175 0.085
0 0.66125 0.58375 0.03875 0.12625
0 0.285 0.6275 0.02375 0.08625
0 0.33875 0.63875 0.0225 0.095
0 0.3625 0.64625 0.0225 0.09125
0 0.38625 0.655 0.02 0.09125
0 0.4075 0.66 0.02 0.095
0 0.43125 0.665 0.02125 0.1025
0 0.45625 0.67125 0.02125 0.10125
0 0.48 0.68 0.02625 0.10375
0 0.50625 0.68875 0.02125 0.10375
0 0.5325 0.7025 0.02625 0.0975
0 0.56625 0.71125 0.02625 0.09875
0 0.31125 0.63125 0.0275 0.085
0 0.355 0.23875 0.02 0.1325
0 0.625 0.59875 0.03 0.09
0 0.555 0.565 0.03125 0.12375
0 0.31 0.245 0.01875 0.12
0 0.28875 0.24875 0.0225 0.115
0 0.26875 0.245 0.01875 0.12125
0 0.25125 0.2425 0.01625 0.11875
0 0.23375 0.2425 0.01875 0.11625
0 0.21125 0.24375 0.025 0.11375
0 0.19375 0.26625 0.0125 0.06375
0 0.175 0.24625 0.025 0.10375
0 0.15375 0.24875 0.0175 0.10625
0 0.135 0.25375 0.01625 0.09375
0 0.58875 0.57 0.03625 0.12
0 0.79375 0.93375 0.055 0.13125
0 0.2275 0.505 0.0175 0.09
0 0.26875 0.50625 0.02375 0.10625
0 0.29375 0.51625 0.02125 0.09375
0 0.31625 0.5225 0.02 0.09375
0 0.34125 0.5225 0.02875 0.0975
0 0.38625 0.535 0.02625 0.1075
0 0.4175 0.5325 0.03375 0.11875
0 0.45125 0.53625 0.03125 0.12
0 0.4875 0.55 0.03375 0.1175
0 0.52125 0.55875 0.02875 0.115
0 0.205 0.505 0.02375 0.075
0 0.2475 0.5075 0.01625 0.0925
0 0.6725 0.2225 0.03125 0.16625
0 0.35 0.7625 0.01875 0.09125
0 0.6675 0.7825 0.03625 0.02875
0 0.62875 0.7725 0.0325 0.015
0 0.63 0.75125 0.03375 0.0225
0 0.5975 0.7475 0.0275 0.05
0 0.425 0.795 0.02625 0.09375
0 0.39625 0.78 0.02375 0.09375
0 0.3725 0.77125 0.02 0.0925
0 0.32 0.74625 0.03375 0.09875
0 0.28125 0.73375 0.03 0.08125
0 0.25625 0.72 0.015 0.07875
0 0.23625 0.7175 0.0225 0.07875
0 0.45375 0.80125 0.02625 0.095
0 0.4875 0.80625 0.0275 0.09125
0 0.54125 0.8375 0.0275 0.0975
0 0.515 0.815 0.02125 0.1
0 0.60625 0.855 0.0375 0.11125
0 0.71 0.77125 0.04 0.02375
0 0.71 0.7975 0.04 0.0225
0 0.5725 0.84875 0.025 0.0975
0 0.82875 0.7775 0.0625 0.12875
0 0.15 0.70125 0.0275 0.03875
0 0.765 0.7625 0.05625 0.13375
0 0.685 0.88875 0.04375 0.12125
0 0.21 0.6925 0.025 0.07
0 0.645 0.87125 0.03375 0.1175
0 0.73625 0.91125 0.045 0.12875