0 0.35875 0.30375 0.0375 0.11125
0 0.3225 0.30125 0.035 0.105
0 0.28875 0.30125 0.03125 0.10625
0 0.25375 0.3 0.035 0.115
0 0.2125 0.29125 0.0425 0.12625
0 0.165 0.29125 0.05 0.125
0 0.855 0.17375 0.03875 0.07875
0 0.7975 0.17375 0.07 0.08
0 0.58 0.30125 0.0275 0.1175
0 0.60625 0.30125 0.02375 0.11375
0 0.6325 0.30375 0.02375 0.11375
0 0.65625 0.305 0.02125 0.10875
0 0.73875 0.16125 0.04875 0.10625
0 0.68875 0.15875 0.04625 0.10125
0 0.64875 0.1525 0.02875 0.1225
0 0.62 0.15 0.025 0.12
0 0.59625 0.1525 0.02125 0.10625
0 0.5725 0.1575 0.0225 0.1075
0 0.54625 0.155 0.02625 0.10375
0 0.5175 0.14375 0.03125 0.1275
0 0.485 0.14 0.03 0.13125
0 0.3225 0.72875 0.02875 0.09625
0 0.4525 0.14 0.0325 0.12875
0 0.375 0.1375 0.03375 0.12625
0 0.39625 0.305 0.03375 0.11
0 0.43125 0.30625 0.0375 0.1125
0 0.38625 0.73 0.02625 0.09
0 0.29125 0.73125 0.03 0.08875
0 0.4425 0.7275 0.02875 0.095
0 0.48 0.72375 0.04125 0.1025
0 0.52 0.73 0.04 0.10125
0 0.56 0.72625 0.03875 0.1
0 0.59625 0.72625 0.03375 0.0975
0 0.635 0.7175 0.0425 0.1
0 0.6775 0.71625 0.04 0.09875
0 0.46 0.8625 0.0325 0.08375
0 0.42875 0.8625 0.03 0.08375
0 0.39625 0.865 0.03125 0.08875
0 0.36375 0.86375 0.03125 0.085
0 0.33375 0.8625 0.02625 0.08625
0 0.3 0.8625 0.03625 0.09
0 0.26625 0.86375 0.03 0.08875
0 0.23375 0.865 0.03625 0.0925
0 0.19875 0.86625 0.0325 0.08875
0 0.16875 0.86625 0.02375 0.0975
0 0.13875 0.8725 0.0225 0.095
0 0.8425 0.72375 0.03625 0.10125
0 0.80125 0.7225 0.045 0.1
0 0.76125 0.725 0.035 0.105
0 0.72 0.71875 0.045 0.09375
0 0.34375 0.135 0.03 0.125
0 0.415 0.7275 0.0275 0.0925
0 0.49875 0.8675 0.03125 0.08625
0 0.53 0.86625 0.02875 0.0875
0 0.31 0.1375 0.03375 0.12625
0 0.68625 0.31875 0.03125 0.09125
0 0.2525 0.14 0.025 0.1175
0 0.31125 0.58625 0.0325 0.10125
0 0.34625 0.59125 0.0325 0.09875
0 0.37875 0.59 0.025 0.1
0 0.40875 0.58875 0.03375 0.0975
0 0.4425 0.59625 0.03125 0.07875
0 0.475 0.59625 0.0325 0.0775
0 0.50625 0.59625 0.0275 0.07625
0 0.5325 0.61375 0.0225 0.04125
0 0.56625 0.62625 0.03625 0.02125
0 0.60375 0.6275 0.03375 0.01875
0 0.64 0.625 0.035 0.01875
0 0.68375 0.5825 0.04375 0.10625
0 0.73 0.5825 0.05 0.11
0 0.27875 0.5875 0.03 0.1025
0 0.86 0.59 0.02875 0.1025
0 0.1625 0.725 0.0425 0.1025
0 0.2 0.72625 0.03125 0.10125
0 0.23125 0.73 0.02875 0.09
0 0.52875 0.45 0.02875 0.0475
0 0.53625 0.36375 0.03125 0.04
0 0.5375 0.3025 0.0125 0.03125
0 0.55875 0.445 0.0175 0.10375
0 0.80125 0.86375 0.04 0.0925
0 0.59125 0.86625 0.03125 0.0775
0 0.63 0.8625 0.04375 0.11
0 0.7575 0.86125 0.045 0.095
0 0.71625 0.86125 0.03875 0.095
0 0.675 0.86 0.03875 0.10625
0 0.1325 0.72625 0.01375 0.10625
0 0.24875 0.5875 0.03 0.1
0 0.21625 0.58875 0.035 0.09875
0 0.175 0.58 0.0375 0.1175
0 0.19875 0.135 0.03 0.1175
0 0.1675 0.13125 0.03125 0.12875
0 0.1375 0.13 0.02125 0.125
0 0.71375 0.3125 0.0225 0.1
0 0.74 0.3175 0.02375 0.09625
0 0.76625 0.31625 0.0275 0.09375
0 0.79125 0.3225 0.02125 0.08625
0 0.84 0.325 0.06875 0.07625
0 0.14375 0.43875 0.0325 0.12375
0 0.18125 0.44 0.0375 0.11875
0 0.2225 0.4475 0.0375 0.10125
0 0.26125 0.45125 0.03 0.10375
0 0.2925 0.45125 0.0325 0.10125
0 0.3275 0.45125 0.0375 0.10125
0 0.3625 0.45125 0.0325 0.1
0 0.39375 0.45 0.02875 0.1
0 0.4275 0.45125 0.035 0.09875
0 0.46375 0.4525 0.03125 0.1
0 0.49625 0.45 0.02625 0.09625
0 0.5875 0.44875 0.0325 0.10125
0 0.62 0.4525 0.03125 0.1075
0 0.65 0.46625 0.0275 0.07875
0 0.56 0.86375 0.03125 0.0825
0 0.7225 0.465 0.03 0.0775
0 0.75375 0.45125 0.02375 0.10875
0 0.785 0.4625 0.035 0.08875
0 0.82125 0.46125 0.0375 0.0875
0 0.8575 0.45625 0.03375 0.10625
0 0.14125 0.585 0.03 0.10875
0 0.28125 0.14 0.0225 0.11625
0 0.685 0.46625 0.0425 0.07875
0 0.2625 0.72875 0.03 0.0875
0 0.50875 0.3075 0.02875 0.1025
0 0.4825 0.30625 0.0225 0.105
0 0.46 0.30875 0.01875 0.11