0 0.655 0.59875 0.04625 0.05625
0 0.405 0.37125 0.035 0.06625
0 0.45875 0.57 0.02 0.08625
0 0.48625 0.58375 0.03375 0.06375
0 0.35375 0.34375 0.04375 0.1025
0 0.85875 0.23875 0.0325 0.085
0 0.82125 0.235 0.03875 0.0875
0 0.76875 0.23125 0.04625 0.095
0 0.7225 0.22 0.0425 0.115
0 0.6725 0.225 0.0375 0.1025
0 0.62625 0.21875 0.0325 0.1
0 0.17875 0.02375 0.07875 0.045
0 0.2775 0.01875 0.05 0.0325
0 0.33875 0.025 0.0625 0.03625
0 0.37 0.09 0.0525 0.075
0 0.4425 0.11625 0.0525 0.03
0 0.505 0.12125 0.06875 0.03375
0 0.3125 0.10875 0.03625 0.02875
0 0.60875 0.5775 0.0375 0.05375
0 0.5225 0.58375 0.03625 0.06375
0 0.56375 0.59 0.03875 0.055
0 0.2175 0.27625 0.06375 0.06375
0 0.56375 0.46375 0.05625 0.085
0 0.40625 0.56875 0.02625 0.085
0 0.43375 0.56875 0.02625 0.085
0 0.6125 0.46625 0.03625 0.08625
0 0.17875 0.08875 0.0725 0.0675
0 0.28375 0.28125 0.0575 0.065
0 0.3425 0.20875 0.03625 0.08875
0 0.38875 0.21125 0.04625 0.08875
0 0.21125 0.78625 0.04125 0.055
0 0.16875 0.72 0.04 0.0575
0 0.16875 0.77875 0.0375 0.05375
0 0.355 0.4525 0.04375 0.08
0 0.405 0.45625 0.04 0.08625
0 0.455 0.46125 0.055 0.085
0 0.51 0.45875 0.04625 0.08
0 0.27 0.79125 0.07125 0.04
0 0.84625 0.36125 0.05625 0.11875
0 0.74875 0.35125 0.02625 0.1125
0 0.7875 0.3575 0.04625 0.12375
0 0.70625 0.35875 0.0525 0.11625
0 0.21375 0.73 0.04375 0.05625
0 0.64125 0.3775 0.035 0.06375
0 0.5525 0.37375 0.0425 0.06875
0 0.49875 0.34875 0.045 0.1075
0 0.33625 0.795 0.05125 0.045
0 0.4525 0.35125 0.045 0.1125
0 0.405 0.77375 0.05125 0.0875
0 0.46 0.77875 0.05125 0.09
0 0.50875 0.78 0.045 0.08875
0 0.5575 0.78625 0.045 0.0925
0 0.58 0.23125 0.04625 0.0775
0 0.5375 0.2275 0.035 0.0775
0 0.49 0.21125 0.05125 0.1
0 0.43625 0.22 0.04125 0.0875
0 0.59625 0.3725 0.04125 0.07125
0 0.8475 0.7125 0.03375 0.08
0 0.37875 0.56875 0.02625 0.08375
0 0.77625 0.70125 0.02375 0.07625
0 0.17875 0.5675 0.045 0.05
0 0.17625 0.62625 0.0425 0.0525
0 0.14125 0.56375 0.02625 0.0475
0 0.14 0.62875 0.02625 0.06375
0 0.8075 0.7025 0.025 0.0825
0 0.84625 0.11375 0.0325 0.06
0 0.8075 0.11375 0.03 0.06875
0 0.77625 0.115 0.02875 0.07375
0 0.73375 0.09 0.02375 0.0225
0 0.74 0.13125 0.03125 0.03875
0 0.705 0.12875 0.03 0.04
0 0.67375 0.10875 0.02625 0.0725
0 0.6425 0.1075 0.02875 0.08375
0 0.59 0.09875 0.0675 0.08
0 0.25375 0.11 0.06375 0.0375
0 0.25375 0.06375 0.0625 0.0425
0 0.79 0.6125 0.04 0.04
0 0.6675 0.47125 0.06125 0.08875
0 0.7225 0.47375 0.04375 0.085
0 0.79625 0.56875 0.04 0.04125
0 0.745 0.60625 0.03625 0.0425
0 0.22375 0.43 0.05875 0.0675
0 0.28875 0.435 0.06 0.07
0 0.295 0.50375 0.0625 0.06125
0 0.2275 0.49875 0.06125 0.06375
0 0.1625 0.48125 0.06125 0.08375
0 0.84 0.47875 0.03375 0.08375
0 0.785 0.47625 0.0675 0.0925
0 0.70375 0.60125 0.0425 0.04875
0 0.23375 0.58375 0.06125 0.06125
0 0.23375 0.645 0.06375 0.05375
0 0.16 0.39 0.0625 0.09125
0 0.1675 0.21125 0.0275 0.05125
0 0.35 0.6775 0.03125 0.07375
0 0.1525 0.27125 0.05375 0.0625
0 0.2975 0.64875 0.05875 0.055
0 0.28375 0.21 0.065 0.06625
0 0.21125 0.20375 0.05625 0.07
0 0.38625 0.67625 0.0325 0.0775
0 0.42875 0.68875 0.045 0.06125
0 0.47875 0.68875 0.04875 0.065
0 0.73625 0.55375 0.03 0.04125
0 0.5525 0.6775 0.03 0.07875
0 0.52 0.67625 0.02625 0.08125
0 0.84125 0.6225 0.04875 0.0375
0 0.7475 0.70375 0.0275 0.0775
0 0.60625 0.7925 0.04875 0.09375
0 0.65375 0.795 0.0375 0.09
0 0.7025 0.80625 0.0525 0.0875
0 0.66125 0.6575 0.02375 0.03625
0 0.71875 0.7 0.0225 0.07625
0 0.75625 0.81 0.04625 0.07875
0 0.345 0.585 0.0375 0.0475
0 0.81375 0.81 0.0425 0.08
0 0.85875 0.8025 0.03125 0.075
0 0.2975 0.5875 0.055 0.0575