0 0.64375 0.205 0.04125 0.0575
0 0.58375 0.2275 0.07 0.01625
0 0.5375 0.23375 0.01375 0.0075
0 0.51875 0.23375 0.0125 0.005
0 0.50375 0.235 0.0125 0.00625
0 0.74125 0.3225 0.03 0.02125
0 0.69 0.2025 0.04375 0.05875
0 0.52 0.2225 0.01375 0.01375
0 0.505 0.2225 0.0125 0.01125
0 0.4875 0.23375 0.0125 0.0075
0 0.4875 0.2225 0.0125 0.01125
0 0.5375 0.22 0.015 0.01125
0 0.74125 0.22375 0.0525 0.01875
0 0.3825 0.32375 0.0375 0.03125
0 0.29375 0.3225 0.04125 0.03125
0 0.3375 0.32375 0.0375 0.03125
0 0.74375 0.2925 0.03 0.02375
0 0.435 0.32375 0.05875 0.04125
0 0.51625 0.3175 0.04625 0.0325
0 0.56375 0.32125 0.04 0.0325
0 0.62875 0.3225 0.07625 0.03125
0 0.48875 0.20875 0.015 0.01
0 0.67625 0.66 0.0175 0.045
0 0.6375 0.675 0.04625 0.02875
0 0.24625 0.41125 0.0375 0.01375
0 0.695 0.31625 0.0425 0.0425
0 0.24875 0.3225 0.04125 0.03
0 0.475 0.225 0.01125 0.005
0 0.4725 0.21375 0.01125 0.0125
0 0.47125 0.235 0.01375 0.01
0 0.33375 0.5825 0.045 0.02375
0 0.4075 0.58875 0.04625 0.01875
0 0.45625 0.58125 0.0375 0.02875
0 0.49125 0.58375 0.01875 0.03375
0 0.51625 0.58 0.02125 0.04
0 0.54375 0.5775 0.02375 0.05125
0 0.57375 0.59 0.03 0.02375
0 0.6175 0.58625 0.0475 0.03625
0 0.67125 0.595 0.0525 0.0225
0 0.72375 0.58125 0.0375 0.05125
0 0.24125 0.65625 0.0175 0.03875
0 0.2925 0.65375 0.025 0.05125
0 0.31875 0.655 0.0225 0.05
0 0.3575 0.66625 0.04625 0.02375
0 0.40875 0.66625 0.04625 0.0225
0 0.46 0.6675 0.04375 0.02625
0 0.50875 0.67125 0.045 0.025
0 0.28875 0.5775 0.03125 0.03875
0 0.45875 0.22625 0.01375 0.005
0 0.2575 0.56875 0.02625 0.0625
0 0.73 0.48625 0.035 0.0625
0 0.45375 0.235 0.0075 0.01
0 0.76375 0.58875 0.0325 0.04375
0 0.45875 0.215 0.01 0.01125
0 0.47 0.1975 0.015 0.01375
0 0.40875 0.21375 0.0775 0.05125
0 0.3325 0.21625 0.06625 0.05
0 0.25875 0.21625 0.07625 0.05375
0 0.42375 0.48875 0.02125 0.05125
0 0.45125 0.48875 0.02 0.05625
0 0.47875 0.48875 0.02125 0.05125
0 0.5075 0.48375 0.0275 0.06125
0 0.5375 0.4875 0.02375 0.06125
0 0.565 0.48625 0.02875 0.06125
0 0.6 0.4825 0.0275 0.065
0 0.62875 0.4925 0.025 0.04875
0 0.66125 0.48625 0.0325 0.06
0 0.695 0.485 0.02375 0.06375
0 0.23 0.58375 0.0175 0.02875
0 0.76 0.4825 0.01625 0.06875
0 0.48 0.8875 0.01625 0.02625
0 0.3025 0.87125 0.02625 0.03125
0 0.26375 0.80125 0.01875 0.0475
0 0.24 0.81125 0.015 0.03125
0 0.68875 0.74375 0.01625 0.05
0 0.67125 0.74125 0.015 0.05
0 0.6375 0.75375 0.04125 0.0275
0 0.59 0.7525 0.045 0.02625
0 0.35 0.82125 0.0325 0.02125
0 0.54 0.75 0.04375 0.0275
0 0.44125 0.75 0.04625 0.02125
0 0.39375 0.7475 0.04 0.02
0 0.3525 0.74375 0.03375 0.02875
0 0.31375 0.74125 0.03 0.02625
0 0.275 0.74125 0.03375 0.02625
0 0.2375 0.73875 0.03125 0.02875
0 0.4925 0.74875 0.045 0.02875
0 0.75875 0.67625 0.0325 0.03125
0 0.38875 0.82 0.03125 0.02625
0 0.46375 0.8225 0.04 0.0275
0 0.58625 0.67 0.045 0.0275
0 0.56125 0.89375 0.035 0.02375
0 0.65 0.90125 0.01625 0.0175
0 0.63 0.90125 0.01375 0.0175
0 0.60375 0.89 0.0375 0.04125
0 0.715 0.8925 0.0275 0.04
0 0.425 0.8175 0.02875 0.03875
0 0.68125 0.89 0.02375 0.03375
0 0.7525 0.815 0.03375 0.02
0 0.69625 0.82625 0.01875 0.03625
0 0.655 0.83375 0.0475 0.025
0 0.60625 0.8275 0.0425 0.03125
0 0.56375 0.8275 0.03875 0.02625
0 0.50625 0.82375 0.03375 0.02875
0 0.7575 0.89375 0.04375 0.045
0 0.2875 0.41 0.0425 0.015
0 0.24875 0.425 0.03625 0.00875
0 0.28875 0.42375 0.03875 0.01
0 0.2375 0.4825 0.02625 0.06375
0 0.26875 0.48125 0.02375 0.06375
0 0.2975 0.4825 0.02375 0.06
0 0.32125 0.48375 0.01875 0.06375
0 0.345 0.49125 0.0225 0.0475
0 0.37 0.4825 0.01875 0.055
0 0.7175 0.42125 0.06625 0.02
0 0.39875 0.4825 0.02125 0.06875
0 0.49625 0.88875 0.01125 0.01625
0 0.4575 0.87875 0.0175 0.03625
0 0.43625 0.8775 0.02 0.03875
0 0.4075 0.875 0.0225 0.03375
0 0.36125 0.87375 0.02375 0.0325
0 0.33125 0.87125 0.02625 0.035
0 0.52375 0.89125 0.03375 0.0225
0 0.71625 0.395 0.07375 0.02
0 0.66375 0.41875 0.015 0.015
0 0.64875 0.42 0.015 0.0125
0 0.31875 0.4075 0.01875 0.04
0 0.33625 0.4125 0.0125 0.03125
0 0.35375 0.41375 0.015 0.03
0 0.3725 0.4125 0.01875 0.0375
0 0.3925 0.4125 0.015 0.035
0 0.415 0.41 0.025 0.04125
0 0.44625 0.41125 0.035 0.03375
0 0.47375 0.4125 0.0125 0.03375
0 0.49125 0.4125 0.015 0.03375
0 0.5225 0.4125 0.03875 0.01125
0 0.5225 0.425 0.03875 0.00875
0 0.56875 0.40875 0.0425 0.0475
0 0.57 0.37125 0.045 0.01875
0 0.61625 0.40625 0.03875 0.0375
0 0.64625 0.4025 0.02 0.01375
0 0.2675 0.87125 0.04125 0.0325
0 0.54625 0.66 0.0225 0.045
0 0.7025 0.66625 0.02375 0.055
0 0.7275 0.66375 0.01875 0.0525