0 0.85875 0.73625 0.03 0.0875
0 0.63625 0.7225 0.0325 0.02625
0 0.63875 0.74875 0.0325 0.01875
0 0.675 0.69375 0.035 0.03125
0 0.6725 0.725 0.03125 0.02875
0 0.67625 0.75 0.03375 0.0175
0 0.71125 0.69375 0.03375 0.03125
0 0.71 0.75 0.03 0.01875
0 0.77125 0.73125 0.0275 0.08625
0 0.8 0.73375 0.02 0.0825
0 0.825 0.73 0.0275 0.09375
0 0.6375 0.6925 0.035 0.02875
0 0.70875 0.725 0.0325 0.0275
0 0.7425 0.73375 0.0225 0.08875
0 0.52875 0.7325 0.035 0.02375
0 0.60125 0.7225 0.0325 0.0275
0 0.60125 0.6925 0.03375 0.02875
0 0.56875 0.7525 0.035 0.01
0 0.31 0.72625 0.02875 0.0675
0 0.565 0.6975 0.035 0.04125
0 0.53 0.75375 0.03625 0.0175
0 0.52875 0.705 0.03625 0.0275
0 0.49125 0.735 0.03625 0.02375
0 0.48875 0.70875 0.03875 0.0275
0 0.45 0.725 0.0325 0.0675
0 0.415 0.725 0.03125 0.06125
0 0.3825 0.7275 0.02875 0.06125
0 0.34875 0.72875 0.0375 0.06125
0 0.76125 0.5975 0.03375 0.11
0 0.605 0.74875 0.0325 0.0175
0 0.8025 0.59625 0.03125 0.10625
0 0.60875 0.81875 0.02625 0.02
0 0.155 0.845 0.0225 0.07125
0 0.85625 0.88125 0.03 0.03
0 0.85875 0.8475 0.03125 0.03125
0 0.82375 0.865 0.0275 0.06125
0 0.78875 0.85875 0.02625 0.06625
0 0.75 0.87125 0.03875 0.05
0 0.71375 0.85 0.0225 0.0575
0 0.6675 0.8625 0.02625 0.0175
0 0.6375 0.86125 0.02875 0.015
0 0.66625 0.84375 0.02375 0.01625
0 0.6375 0.8425 0.0275 0.0175
0 0.6675 0.82 0.0275 0.02375
0 0.6375 0.82 0.02875 0.025
0 0.6075 0.86 0.02625 0.01875
0 0.60875 0.84 0.0275 0.0175
0 0.57875 0.86 0.02375 0.02
0 0.57875 0.84 0.025 0.0175
0 0.58 0.81625 0.02625 0.025
0 0.55 0.85125 0.02875 0.06125
0 0.52 0.85125 0.02625 0.05125
0 0.48625 0.85 0.02875 0.05625
0 0.4575 0.84625 0.02375 0.0675
0 0.42625 0.84625 0.0325 0.06875
0 0.39125 0.84 0.03375 0.07875
0 0.35375 0.84375 0.03375 0.075
0 0.31625 0.8425 0.035 0.07625
0 0.27875 0.8425 0.0325 0.07875
0 0.24625 0.84125 0.03 0.07625
0 0.21375 0.84375 0.0325 0.07625
0 0.18125 0.84375 0.02375 0.07125
0 0.8475 0.6175 0.0375 0.08875
0 0.2775 0.72625 0.0325 0.06625
0 0.56625 0.73125 0.035 0.02375
0 0.21 0.72625 0.03125 0.07
0 0.26 0.31375 0.0325 0.0825
0 0.2325 0.315 0.01625 0.07875
0 0.21 0.31625 0.025 0.08
0 0.18125 0.31625 0.025 0.0825
0 0.80875 0.1875 0.04875 0.0975
0 0.73 0.16375 0.08375 0.10375
0 0.635 0.16375 0.0875 0.09875
0 0.5425 0.1625 0.09 0.105
0 0.29625 0.31625 0.03625 0.08375
0 0.4425 0.16125 0.09125 0.1075
0 0.27375 0.16375 0.0475 0.105
0 0.225 0.1625 0.04375 0.09375
0 0.19375 0.1725 0.01125 0.07625
0 0.175 0.17 0.025 0.08125
0 0.14875 0.17125 0.025 0.0825
0 0.2425 0.72625 0.0325 0.065
0 0.31375 0.46375 0.03375 0.07875
0 0.3475 0.46375 0.03 0.07875
0 0.34625 0.165 0.09 0.10375
0 0.3325 0.31375 0.035 0.0825
0 0.37 0.3175 0.035 0.08375
0 0.41 0.3 0.0375 0.03
0 0.27875 0.465 0.03125 0.0775
0 0.25 0.46375 0.025 0.07875
0 0.225 0.46375 0.02 0.075
0 0.2025 0.4625 0.02375 0.07875
0 0.17625 0.465 0.02125 0.08125
0 0.84625 0.33625 0.02625 0.08875
0 0.78625 0.3225 0.02125 0.09625
0 0.81375 0.3275 0.02625 0.1025
0 0.73125 0.30875 0.08125 0.0975
0 0.64625 0.30875 0.0775 0.095
0 0.58 0.3325 0.04 0.03125
0 0.58125 0.29875 0.04125 0.0325
0 0.5375 0.3325 0.04125 0.03
0 0.53875 0.29875 0.04 0.0325
0 0.495 0.3325 0.04 0.03125
0 0.495 0.29875 0.04375 0.03
0 0.4525 0.33125 0.04 0.02875
0 0.45125 0.2975 0.04125 0.03375
0 0.41 0.3325 0.04125 0.03125
0 0.38125 0.4675 0.03 0.0725
0 0.41875 0.44625 0.03875 0.03125
0 0.64 0.58125 0.04 0.0275
0 0.46 0.44625 0.0375 0.03125
0 0.2225 0.605 0.03125 0.0625
0 0.18625 0.6075 0.035 0.06125
0 0.1475 0.6025 0.0325 0.0775
0 0.8475 0.48125 0.03 0.08875
0 0.7775 0.48125 0.02125 0.09125
0 0.80875 0.475 0.02875 0.09375
0 0.72625 0.4625 0.07375 0.08
0 0.6475 0.46375 0.0725 0.07625
0 0.25625 0.605 0.035 0.065
0 0.50875 0.41125 0.035 0.03125
0 0.54625 0.41 0.03625 0.02625
0 0.5825 0.445 0.04375 0.03375
0 0.54125 0.44625 0.0375 0.03
0 0.54125 0.47625 0.04 0.02625
0 0.46125 0.47625 0.03625 0.025
0 0.50125 0.47875 0.03875 0.0275
0 0.50125 0.4475 0.03875 0.03125
0 0.42 0.47875 0.04125 0.03
0 0.585 0.40875 0.03625 0.02625
0 0.2875 0.60125 0.0275 0.06625
0 0.5825 0.48375 0.03875 0.03625
0 0.37 0.6 0.035 0.07125
0 0.46125 0.415 0.03625 0.02875
0 0.42125 0.41625 0.0375 0.02625
0 0.3225 0.59875 0.04 0.07125
0 0.16875 0.72375 0.02375 0.0725
0 0.14 0.72125 0.02875 0.07875
0 0.71625 0.61 0.0375 0.025
0 0.71625 0.5825 0.0375 0.02625
0 0.6775 0.61 0.035 0.0275
0 0.67875 0.58125 0.03375 0.02625
0 0.6775 0.555 0.03625 0.02125
0 0.71875 0.55625 0.04 0.02625
0 0.63875 0.60875 0.0375 0.02375
0 0.60125 0.60875 0.035 0.02625
0 0.59625 0.58125 0.0375 0.02
0 0.5975 0.555 0.04 0.02625
0 0.5625 0.6075 0.03625 0.03
0 0.5225 0.60625 0.03875 0.0325
0 0.48625 0.61125 0.03375 0.04625
0 0.4475 0.59875 0.04 0.07625
0 0.4075 0.59875 0.03625 0.07375