0 0.435 0.67125 0.0375 0.08375
0 0.38125 0.6875 0.04375 0.0625
0 0.34375 0.6875 0.02125 0.0625
0 0.3075 0.68375 0.03125 0.08
0 0.2725 0.66875 0.02875 0.09875
0 0.24 0.6675 0.0275 0.09625
0 0.175 0.54875 0.02375 0.095
0 0.20625 0.55125 0.03 0.095
0 0.27875 0.54 0.0325 0.10875
0 0.14375 0.5525 0.02875 0.08875
0 0.2425 0.53875 0.035 0.10875
0 0.46375 0.6775 0.01875 0.0825
0 0.1975 0.665 0.04625 0.1
0 0.48875 0.67375 0.02 0.08
0 0.71125 0.65625 0.02375 0.09875
0 0.5425 0.685 0.02875 0.06125
0 0.315 0.5475 0.025 0.0925
0 0.54 0.7975 0.0275 0.105
0 0.57375 0.8 0.03125 0.10875
0 0.6075 0.805 0.03125 0.10625
0 0.6475 0.79875 0.03875 0.09
0 0.7475 0.7825 0.03 0.095
0 0.7875 0.80375 0.03625 0.09625
0 0.82125 0.80375 0.03125 0.0925
0 0.84875 0.66625 0.04875 0.10375
0 0.7925 0.67375 0.04 0.08625
0 0.75375 0.67 0.02875 0.09375
0 0.6775 0.6625 0.03375 0.10875
0 0.6425 0.6675 0.025 0.09625
0 0.605 0.67125 0.02625 0.0925
0 0.575 0.67125 0.0275 0.0825
0 0.51375 0.67125 0.02 0.09125
0 0.34625 0.5475 0.02625 0.0925
0 0.52375 0.40625 0.03375 0.10875
0 0.41125 0.535 0.0325 0.10875
0 0.5925 0.08875 0.02625 0.09875
0 0.62625 0.07875 0.02375 0.11625
0 0.655 0.07875 0.0225 0.1175
0 0.68125 0.08 0.02375 0.11625
0 0.725 0.07625 0.04625 0.1275
0 0.77 0.07375 0.04 0.125
0 0.53875 0.08 0.02875 0.1275
0 0.81125 0.07875 0.03375 0.11125
0 0.84 0.2325 0.04 0.115
0 0.7175 0.24625 0.0375 0.10375
0 0.64375 0.24 0.03875 0.1225
0 0.6 0.24375 0.0375 0.12
0 0.45375 0.2475 0.035 0.11875
0 0.49375 0.2475 0.03 0.11625
0 0.845 0.07875 0.02625 0.105
0 0.45875 0.08375 0.0275 0.125
0 0.3525 0.0975 0.0225 0.1025
0 0.3075 0.08625 0.0225 0.12375
0 0.13625 0.80375 0.02125 0.09375
0 0.1575 0.80875 0.0225 0.09625
0 0.1925 0.8075 0.02125 0.09375
0 0.22125 0.80125 0.02625 0.08625
0 0.245 0.8025 0.01625 0.09125
0 0.2675 0.81 0.02375 0.095
0 0.29875 0.8075 0.0225 0.09625
0 0.3275 0.80625 0.025 0.095
0 0.3575 0.8 0.02375 0.1075
0 0.38875 0.80125 0.0275 0.10375
0 0.425 0.805 0.03 0.10125
0 0.50625 0.7975 0.03 0.10875
0 0.2125 0.0875 0.025 0.13375
0 0.245 0.09 0.02625 0.125
0 0.3775 0.5425 0.03 0.0975
0 0.53125 0.25375 0.02875 0.10625
0 0.5625 0.2525 0.0275 0.10375
0 0.27625 0.08625 0.03 0.1325
0 0.27625 0.27375 0.02125 0.0775
0 0.56375 0.40125 0.03375 0.1175
0 0.6 0.40125 0.02875 0.10625
0 0.63625 0.39875 0.03125 0.10625
0 0.68375 0.4 0.04125 0.09875
0 0.74625 0.39625 0.07 0.11375
0 0.83 0.39375 0.07625 0.11125
0 0.48375 0.40375 0.035 0.11375
0 0.77375 0.53625 0.035 0.09875
0 0.665 0.53375 0.02125 0.10875
0 0.63125 0.53125 0.035 0.1075
0 0.58125 0.53125 0.03625 0.11125
0 0.2525 0.26 0.01625 0.0975
0 0.49 0.5375 0.03375 0.10875
0 0.45 0.5325 0.03375 0.1075
0 0.71375 0.53875 0.035 0.09125
0 0.445 0.405 0.03625 0.10875
0 0.52375 0.54125 0.0275 0.09375
0 0.34375 0.4125 0.03 0.11625
0 0.2025 0.26625 0.02625 0.095
0 0.3275 0.28625 0.0225 0.05375
0 0.1325 0.26875 0.015 0.09375
0 0.3025 0.26375 0.01875 0.09375
0 0.1525 0.27 0.01625 0.08875
0 0.3925 0.41625 0.05875 0.10875
0 0.17375 0.26875 0.02125 0.09375
0 0.21125 0.41 0.0275 0.105
0 0.25125 0.40125 0.0375 0.12
0 0.28625 0.405 0.025 0.1175
0 0.315 0.425 0.02125 0.07875
0 0.16125 0.40625 0.03625 0.11875