0 0.59625 0.59875 0.07375 0.05
0 0.81625 0.595 0.06875 0.04875
0 0.74375 0.59625 0.07125 0.05
0 0.6675 0.59875 0.06875 0.04875
0 0.66375 0.91375 0.06375 0.055
0 0.8 0.9125 0.06625 0.05875
0 0.73 0.9125 0.07125 0.05625
0 0.595 0.91625 0.065 0.05125
0 0.52625 0.91875 0.06625 0.055
0 0.46 0.91875 0.065 0.0525
0 0.39375 0.92125 0.0675 0.055
0 0.32125 0.9225 0.06625 0.0525
0 0.25 0.92375 0.07125 0.05875
0 0.17875 0.9275 0.07125 0.05125
0 0.80125 0.84375 0.0675 0.045
0 0.73375 0.8475 0.065 0.04125
0 0.66625 0.85 0.06875 0.04625
0 0.8525 0.72375 0.04375 0.04625
0 0.165 0.66375 0.07625 0.04625
0 0.32375 0.855 0.0675 0.0475
0 0.53 0.8525 0.06875 0.045
0 0.305 0.7275 0.0725 0.05625
0 0.23375 0.73 0.06875 0.05125
0 0.16125 0.72625 0.0725 0.05375
0 0.81375 0.6575 0.07125 0.04625
0 0.7375 0.66 0.0725 0.0475
0 0.6675 0.65875 0.06625 0.0475
0 0.5975 0.65875 0.0725 0.04875
0 0.525 0.66125 0.07 0.045
0 0.38625 0.66125 0.07125 0.0475
0 0.1975 0.0525 0.08125 0.1
0 0.28625 0.05625 0.08875 0.10875
0 0.375 0.06 0.085 0.10625
0 0.46125 0.06 0.08125 0.11625
0 0.54375 0.06375 0.075 0.115
0 0.625 0.065 0.0875 0.1125
0 0.37625 0.1725 0.08125 0.06
0 0.2925 0.17 0.08125 0.05375
0 0.37875 0.725 0.06875 0.05125
0 0.5975 0.84875 0.065 0.04375
0 0.44875 0.725 0.0675 0.05375
0 0.59125 0.725 0.07125 0.0525
0 0.46125 0.8525 0.0675 0.0475
0 0.3925 0.855 0.06875 0.04625
0 0.23875 0.6625 0.07 0.0475
0 0.25375 0.855 0.06875 0.05
0 0.18125 0.855 0.0725 0.04875
0 0.805 0.78125 0.06375 0.04375
0 0.73875 0.78625 0.0675 0.04625
0 0.66875 0.78875 0.06625 0.04375
0 0.60125 0.7875 0.065 0.0475
0 0.53375 0.78875 0.06875 0.05
0 0.46125 0.79 0.06875 0.04625
0 0.3925 0.7925 0.06875 0.05
0 0.32125 0.79125 0.07 0.05125
0 0.24375 0.79375 0.07375 0.05625
0 0.17 0.795 0.0725 0.05375
0 0.79625 0.7225 0.0675 0.05125
0 0.72375 0.72125 0.07375 0.0525
0 0.51875 0.7225 0.0675 0.05
0 0.3125 0.6625 0.0725 0.05125
0 0.70875 0.06625 0.06875 0.12
0 0.775 0.25625 0.07125 0.05375
0 0.53 0.39875 0.08 0.0525
0 0.30125 0.3975 0.08125 0.05875
0 0.46 0.17125 0.08125 0.06125
0 0.5425 0.1775 0.07625 0.0625
0 0.625 0.18125 0.08375 0.05375
0 0.705 0.1825 0.07125 0.05625
0 0.78375 0.18375 0.08 0.05375
0 0.20625 0.2425 0.085 0.0575
0 0.29125 0.24625 0.0825 0.05625
0 0.37625 0.2475 0.07875 0.0575
0 0.6175 0.25875 0.07625 0.05375
0 0.6975 0.2575 0.08 0.0525
0 0.52375 0.59875 0.06875 0.05
0 0.84625 0.25875 0.0575 0.05375
0 0.21625 0.32 0.08625 0.05875
0 0.3 0.32125 0.07625 0.05625
0 0.38125 0.32375 0.07875 0.05625
0 0.45875 0.3275 0.0775 0.05375
0 0.5375 0.3275 0.07625 0.05625
0 0.68625 0.32625 0.08125 0.0575
0 0.77 0.3275 0.08125 0.04875
0 0.61125 0.39875 0.0775 0.05
0 0.845 0.32625 0.06 0.04375
0 0.6875 0.4 0.07125 0.05375
0 0.76375 0.39875 0.07125 0.05125
0 0.45375 0.6 0.06875 0.05125
0 0.37875 0.5975 0.07125 0.05375
0 0.30375 0.59625 0.07625 0.05125
0 0.2275 0.5975 0.075 0.04875
0 0.1575 0.59875 0.06375 0.05
0 0.82 0.53 0.08125 0.05
0 0.6725 0.535 0.07375 0.05
0 0.5975 0.535 0.0725 0.04875
0 0.52375 0.535 0.07125 0.05
0 0.4525 0.5325 0.0725 0.05
0 0.3025 0.5325 0.0775 0.04875
0 0.2225 0.53125 0.07625 0.05375
0 0.155 0.53125 0.05625 0.055
0 0.83125 0.46625 0.08 0.0525
0 0.75 0.4675 0.0775 0.0525
0 0.67 0.46625 0.07875 0.05375
0 0.3775 0.465 0.07625 0.05125
0 0.3 0.46375 0.07375 0.055
0 0.22375 0.46375 0.07625 0.05625
0 0.15375 0.46125 0.0575 0.055
0 0.8375 0.3975 0.07 0.05375
0 0.21 0.16625 0.085 0.0625
0 0.21625 0.3925 0.08 0.055