0 0.5725 0.61875 0.03375 0.07375
0 0.60875 0.6175 0.03375 0.07375
0 0.6925 0.61875 0.035 0.07375
0 0.73 0.62 0.0375 0.0775
0 0.7675 0.62125 0.0325 0.07875
0 0.85125 0.6225 0.045 0.105
0 0.855 0.46875 0.04 0.13375
0 0.8575 0.34625 0.035 0.10375
0 0.13875 0.07875 0.0275 0.12625
0 0.535 0.62 0.0375 0.0625
0 0.80625 0.6175 0.03375 0.06875
0 0.49875 0.61625 0.0275 0.06625
0 0.15 0.425 0.0275 0.10875
0 0.4325 0.6175 0.02875 0.0475
0 0.3025 0.41625 0.035 0.05875
0 0.26625 0.41 0.03375 0.0725
0 0.23 0.41 0.035 0.075
0 0.195 0.41 0.03 0.075
0 0.17125 0.41375 0.0125 0.0825
0 0.815 0.26875 0.03625 0.09
0 0.77625 0.26625 0.03625 0.09375
0 0.34 0.40625 0.03375 0.0775
0 0.735 0.27375 0.035 0.075
0 0.655 0.27125 0.03875 0.08875
0 0.5225 0.16625 0.02875 0.04375
0 0.6175 0.2725 0.03375 0.09125
0 0.5775 0.27375 0.0375 0.0825
0 0.5375 0.27875 0.04 0.08625
0 0.4975 0.275 0.0375 0.08875
0 0.46125 0.2775 0.03625 0.0925
0 0.69625 0.27 0.035 0.0875
0 0.3775 0.40625 0.03125 0.075
0 0.13125 0.42375 0.01125 0.11
0 0.415 0.405 0.0375 0.08375
0 0.3725 0.7675 0.03375 0.06
0 0.33875 0.73875 0.02875 0.10875
0 0.25625 0.7425 0.065 0.1025
0 0.2025 0.74125 0.035 0.10125
0 0.1625 0.73875 0.03625 0.11375
0 0.165 0.59 0.0375 0.11125
0 0.14375 0.25625 0.0375 0.1075
0 0.85125 0.19875 0.02875 0.1125
0 0.81125 0.40125 0.0375 0.08125
0 0.77125 0.4025 0.0375 0.08125
0 0.73 0.4025 0.0375 0.08125
0 0.69125 0.40375 0.0325 0.07625
0 0.65375 0.4 0.03875 0.0825
0 0.61375 0.4 0.0375 0.095
0 0.575 0.40125 0.03875 0.09625
0 0.53375 0.4025 0.03875 0.09375
0 0.45625 0.40375 0.0375 0.09125
0 0.42 0.28 0.0425 0.0925
0 0.4075 0.76625 0.035 0.06
0 0.34125 0.2825 0.0375 0.0875
0 0.26125 0.285 0.035 0.08125
0 0.7775 0.03125 0.035 0.0575
0 0.73875 0.03125 0.03875 0.05875
0 0.69625 0.0325 0.03875 0.06125
0 0.655 0.035 0.0375 0.06375
0 0.61375 0.035 0.035 0.06
0 0.5725 0.03625 0.035 0.0675
0 0.535 0.035 0.03625 0.06625
0 0.8175 0.02875 0.03625 0.055
0 0.4925 0.035 0.0375 0.065
0 0.4125 0.03875 0.03875 0.07375
0 0.37 0.0375 0.03875 0.07
0 0.33 0.04 0.0325 0.07
0 0.2925 0.03875 0.035 0.0725
0 0.25375 0.04125 0.03875 0.07625
0 0.215 0.0425 0.0375 0.08125
0 0.17625 0.0425 0.03375 0.0825
0 0.4525 0.03625 0.035 0.0675
0 0.85875 0.0525 0.03125 0.09875
0 0.48875 0.14875 0.03 0.08
0 0.55125 0.145 0.025 0.0825
0 0.22375 0.28625 0.0325 0.08
0 0.1875 0.285 0.035 0.08
0 0.1775 0.15875 0.0325 0.07375
0 0.215 0.155 0.04 0.08
0 0.255 0.15375 0.03875 0.08125
0 0.29625 0.1525 0.03875 0.08375
0 0.34125 0.1525 0.03375 0.07875
0 0.38 0.14875 0.04 0.085
0 0.45875 0.145 0.02875 0.08875
0 0.4225 0.14625 0.035 0.08875
0 0.8175 0.14125 0.03375 0.0875
0 0.77625 0.14 0.0375 0.0825
0 0.735 0.14125 0.0375 0.0825
0 0.69625 0.14125 0.035 0.08125
0 0.655 0.14125 0.0375 0.08125
0 0.61625 0.14375 0.0325 0.08875
0 0.58125 0.14375 0.03125 0.08125
0 0.30125 0.28375 0.0375 0.0825
0 0.44125 0.76375 0.02875 0.06375
0 0.495 0.4025 0.035 0.0925
0 0.4975 0.74125 0.02625 0.115
0 0.4275 0.51125 0.0325 0.075
0 0.46375 0.51 0.03375 0.0725
0 0.535 0.51375 0.0325 0.07125
0 0.5725 0.51375 0.03375 0.075
0 0.60875 0.5125 0.03375 0.075
0 0.64875 0.5125 0.035 0.075
0 0.68875 0.51 0.03625 0.075
0 0.3925 0.51375 0.0325 0.07125
0 0.76625 0.51125 0.0325 0.0775
0 0.20375 0.615 0.035 0.075
0 0.2425 0.61625 0.03375 0.0725
0 0.27625 0.61625 0.03 0.07125
0 0.32 0.615 0.03 0.075
0 0.465 0.61625 0.03375 0.06875
0 0.46875 0.7625 0.02375 0.0625
0 0.4 0.61 0.02875 0.06125
0 0.80375 0.51875 0.03625 0.07125
0 0.3525 0.52 0.0325 0.0575
0 0.35375 0.6175 0.0325 0.07625
0 0.64 0.77 0.03375 0.07
0 0.52875 0.76 0.03125 0.08125
0 0.67375 0.76875 0.03 0.0725
0 0.705 0.76875 0.0275 0.07375
0 0.74125 0.76125 0.03875 0.08375
0 0.78 0.7575 0.03375 0.09
0 0.80875 0.765 0.02375 0.08125
0 0.84875 0.76875 0.0425 0.07375
0 0.5675 0.7625 0.03375 0.08125
0 0.20125 0.515 0.03125 0.07375
0 0.23625 0.51375 0.03375 0.0775
0 0.27375 0.51625 0.03375 0.07625
0 0.30375 0.51375 0.0225 0.07625
0 0.325 0.51 0.01625 0.07125
0 0.84 0.72 0.035 0.0225
0 0.605 0.76625 0.0325 0.075