0 0.73 0.33375 0.04875 0.0475
0 0.72875 0.2825 0.0475 0.04875
0 0.66875 0.28125 0.07125 0.05
0 0.67875 0.3325 0.0475 0.0525
0 0.5775 0.33 0.0525 0.04875
0 0.3825 0.4525 0.05125 0.05875
0 0.33 0.4525 0.04625 0.05875
0 0.2875 0.39875 0.04875 0.0375
0 0.2775 0.45 0.04875 0.055
0 0.2175 0.445 0.0425 0.07125
0 0.1375 0.43875 0.08625 0.18
0 0.05 0.42375 0.0425 0.1
0 0.015 0.42375 0.02375 0.09375
0 0.01625 0.32125 0.0325 0.0525
0 0.055 0.30625 0.02875 0.07625
0 0.08 0.29375 0.01875 0.0975
0 0.1825 0.3075 0.04375 0.07875
0 0.22375 0.30875 0.0375 0.08375
0 0.27125 0.3075 0.04625 0.09
0 0.3275 0.29875 0.05375 0.11
0 0.40375 0.32375 0.0925 0.06125
0 0.4775 0.3275 0.05125 0.05375
0 0.5275 0.33 0.0475 0.055
0 0.51875 0.26875 0.0425 0.05
0 0.62625 0.3325 0.045 0.0525
0 0.10875 0.30375 0.025 0.07
0 0.8775 0.7525 0.11125 0.04875
0 0.43625 0.45 0.05125 0.0575
0 0.5675 0.89625 0.0725 0.14875
0 0.6275 0.89 0.04375 0.1575
0 0.6925 0.905 0.075 0.0425
0 0.695 0.95375 0.07625 0.03875
0 0.78 0.9525 0.08625 0.04125
0 0.78375 0.905 0.09375 0.03875
0 0.78375 0.8425 0.10625 0.08125
0 0.8625 0.8925 0.0425 0.1675
0 0.9 0.91375 0.02875 0.115
0 0.94125 0.895 0.05 0.15875
0 0.98625 0.9025 0.02625 0.15625
0 0.87875 0.7 0.11125 0.05125
0 0.78125 0.74875 0.06875 0.0325
0 0.40125 0.89 0.07125 0.1575
0 0.78125 0.71375 0.07 0.0325
0 0.7075 0.72625 0.07625 0.0275
0 0.69875 0.695 0.0775 0.03125
0 0.69625 0.65875 0.0825 0.04125
0 0.60875 0.735 0.095 0.0725
0 0.5075 0.73875 0.09625 0.0575
0 0.51 0.67625 0.095 0.06375
0 0.42875 0.68875 0.05625 0.10625
0 0.35625 0.68625 0.05625 0.11625
0 0.2775 0.6925 0.09 0.135
0 0.16875 0.7925 0.015 0.0625
0 0.15375 0.795 0.00875 0.06
0 0.10375 0.74 0.04125 0.035
0 0.0575 0.735 0.04375 0.04
0 0.7025 0.75625 0.08 0.03
0 0.3225 0.88125 0.07625 0.15375
0 0.245 0.89 0.07375 0.15
0 0.1725 0.91 0.04875 0.1075
0 0.04625 0.11625 0.0725 0.185
0 0.1175 0.11125 0.06 0.19
0 0.17875 0.1225 0.0425 0.1725
0 0.23 0.14 0.0525 0.13625
0 0.2775 0.12375 0.0375 0.17375
0 0.31875 0.12375 0.04 0.1725
0 0.37 0.125 0.04125 0.18125
0 0.4325 0.12625 0.07 0.1775
0 0.495 0.14375 0.05125 0.1375
0 0.5575 0.11875 0.0675 0.1775
0 0.62625 0.12125 0.065 0.1925
0 0.685 0.1525 0.0475 0.1275
0 0.72625 0.04125 0.04125 0.0375
0 0.72125 0.075 0.03875 0.025
0 0.73375 0.15375 0.04375 0.12875
0 0.78125 0.1525 0.0475 0.12625
0 0.83375 0.1525 0.05375 0.12625
0 0.9025 0.125 0.07 0.185
0 0.96 0.1325 0.04375 0.1675
0 0.975 0.03 0.0375 0.02875
0 0.96375 0.32625 0.0625 0.06625
0 0.90875 0.28625 0.045 0.0475
0 0.905 0.3375 0.045 0.05
0 0.85 0.33375 0.055 0.05125
0 0.845 0.2825 0.05375 0.05
0 0.7825 0.28375 0.05375 0.05625
0 0.785 0.33625 0.055 0.0475
0 0.01625 0.885 0.03125 0.1575
0 0.06875 0.88625 0.06625 0.15375
0 0.1625 0.63125 0.07875 0.1425
0 0.0375 0.57125 0.0225 0.09875
0 0.125 0.9175 0.04375 0.105
0 0.5025 0.57 0.0225 0.06125
0 0.06625 0.57 0.0325 0.095
0 0.64625 0.5775 0.02875 0.055
0 0.6025 0.5675 0.02625 0.05625
0 0.48 0.55625 0.02 0.06
0 0.39875 0.565 0.02625 0.05875
0 0.10125 0.5775 0.0325 0.09375
0 0.53375 0.57125 0.025 0.05125
0 0.2275 0.565 0.02375 0.05875
0 0.285 0.5725 0.02625 0.06
0 0.31375 0.5675 0.0225 0.055
0 0.42625 0.5675 0.025 0.05625
0 0.34 0.56875 0.0275 0.055
0 0.37 0.56875 0.02625 0.05125
0 0.4525 0.56875 0.02625 0.055
0 0.25625 0.56875 0.02625 0.06375
0 0.6725 0.57625 0.02375 0.055
0 0.56 0.5725 0.02625 0.05625
0 0.73 0.5775 0.025 0.05625
0 0.8425 0.58 0.0575 0.09
0 0.905 0.6 0.035 0.06125
0 0.93375 0.59875 0.0225 0.06625
0 0.96125 0.58875 0.025 0.04875
0 0.98 0.59375 0.015 0.0425
0 0.7725 0.5725 0.03 0.05375
0 0.91875 0.43625 0.0525 0.09875
0 0.97125 0.43625 0.0475 0.09875
0 0.78 0.4275 0.07375 0.08625
0 0.7125 0.42875 0.055 0.0875
0 0.65 0.43 0.05875 0.0925
0 0.57875 0.44375 0.0825 0.075
0 0.4975 0.40125 0.05 0.03875
0 0.495 0.45 0.05125 0.05
0 0.85375 0.42875 0.06125 0.0875
0 0.7025 0.57625 0.025 0.05875