0 0.3 0.6225 0.02375 0.05625
0 0.325 0.62125 0.02375 0.0525
0 0.3475 0.61375 0.0225 0.06625
0 0.75625 0.7125 0.04 0.04125
0 0.72625 0.7075 0.01875 0.0525
0 0.70375 0.7125 0.0225 0.03375
0 0.68375 0.71375 0.01625 0.0325
0 0.3725 0.61625 0.025 0.06375
0 0.39625 0.61875 0.01875 0.0575
0 0.41875 0.6325 0.02 0.03
0 0.31 0.345 0.0225 0.06
0 0.335 0.34625 0.02125 0.05875
0 0.26625 0.62625 0.01875 0.04
0 0.245 0.6275 0.02 0.0375
0 0.5625 0.7025 0.0275 0.0625
0 0.73875 0.4125 0.025 0.03375
0 0.71 0.40875 0.03 0.0225
0 0.59125 0.70375 0.0225 0.05625
0 0.70625 0.4375 0.0275 0.03
0 0.70625 0.4625 0.02375 0.01625
0 0.61 0.7125 0.01375 0.0425
0 0.62375 0.71125 0.01 0.0375
0 0.675 0.4625 0.02625 0.01375
0 0.6475 0.4625 0.025 0.015
0 0.67625 0.43875 0.02875 0.02625
0 0.3625 0.3475 0.0275 0.0525
0 0.64875 0.44 0.025 0.02625
0 0.64125 0.70625 0.0225 0.055
0 0.66125 0.70875 0.0175 0.05
0 0.625 0.4475 0.01875 0.04625
0 0.73625 0.46125 0.02875 0.0125
0 0.73625 0.44125 0.02875 0.02375
0 0.39125 0.34875 0.0225 0.05875
0 0.49875 0.3475 0.02375 0.06
0 0.49625 0.625 0.08 0.0425
0 0.53625 0.69125 0.025 0.04
0 0.5375 0.725 0.02375 0.025
0 0.5125 0.7025 0.02 0.06125
0 0.4775 0.71 0.05 0.04375
0 0.4425 0.705 0.02125 0.055
0 0.415 0.70375 0.02875 0.05875
0 0.39 0.7075 0.0225 0.05625
0 0.36 0.70625 0.025 0.0575
0 0.33625 0.71125 0.01625 0.0575
0 0.30625 0.7275 0.0425 0.02375
0 0.3025 0.6975 0.035 0.03625
0 0.26 0.695 0.0325 0.0225
0 0.25 0.74 0.04 0.02875
0 0.7125 0.835 0.05125 0.0375
0 0.70625 0.79125 0.03875 0.03875
0 0.645 0.34375 0.03375 0.0575
0 0.60875 0.3425 0.03875 0.05625
0 0.63875 0.79 0.0475 0.03875
0 0.6525 0.8325 0.03875 0.03875
0 0.55 0.62625 0.02625 0.0375
0 0.575 0.625 0.0225 0.0375
0 0.6 0.62875 0.02375 0.015
0 0.60125 0.61375 0.02125 0.015
0 0.6225 0.62625 0.01375 0.03375
0 0.6325 0.62625 0.00625 0.03625
0 0.65125 0.61625 0.02125 0.05
0 0.4375 0.6325 0.01875 0.03
0 0.6725 0.6175 0.02125 0.0475
0 0.42125 0.34625 0.03375 0.05125
0 0.4525 0.34625 0.02625 0.05
0 0.47625 0.35 0.02 0.055
0 0.7625 0.62625 0.035 0.045
0 0.72375 0.60875 0.025 0.07125
0 0.52 0.345 0.01875 0.05625
0 0.55625 0.34375 0.0525 0.05875
0 0.6975 0.61125 0.0225 0.06875
0 0.71625 0.2575 0.0225 0.06125
0 0.28375 0.34375 0.0275 0.05625
0 0.65 0.40875 0.03125 0.0275
0 0.6 0.84625 0.05875 0.01625
0 0.24875 0.52125 0.0375 0.06375
0 0.3325 0.50375 0.035 0.01375
0 0.29625 0.5375 0.045 0.04125
0 0.335 0.53625 0.03125 0.045
0 0.3675 0.52875 0.03 0.05125
0 0.395 0.52875 0.02375 0.05
0 0.42375 0.53 0.0275 0.0525
0 0.4675 0.52875 0.035 0.05375
0 0.495 0.53125 0.015 0.04
0 0.51125 0.5325 0.015 0.04625
0 0.52375 0.53375 0.01 0.04125
0 0.535 0.535 0.0125 0.04
0 0.55 0.535 0.015 0.04
0 0.57 0.51375 0.02 0.02
0 0.5725 0.53375 0.02375 0.0125
0 0.59625 0.53 0.0175 0.01375
0 0.57 0.54875 0.0225 0.01
0 0.59625 0.54875 0.02875 0.01125
0 0.62125 0.545 0.01875 0.02125
0 0.745 0.2575 0.03 0.06375
0 0.63875 0.53875 0.01625 0.03125
0 0.655 0.53875 0.015 0.03125
0 0.685 0.525 0.0325 0.05375
0 0.72125 0.5225 0.03875 0.05375
0 0.68 0.41125 0.02875 0.025
0 0.2875 0.46375 0.0375 0.02375
0 0.5925 0.81625 0.0425 0.03125
0 0.28625 0.44125 0.035 0.02125
0 0.54375 0.85 0.05 0.02
0 0.49 0.85 0.0425 0.0275
0 0.67625 0.26 0.0325 0.06
0 0.64375 0.2525 0.0325 0.07125
0 0.6125 0.2575 0.02375 0.06125
0 0.58625 0.2575 0.02875 0.06
0 0.55875 0.25875 0.02625 0.055
0 0.52875 0.26125 0.02625 0.05625
0 0.5 0.2625 0.02875 0.05625
0 0.47 0.25875 0.02875 0.05875
0 0.4425 0.2575 0.0275 0.05875
0 0.40875 0.25625 0.02625 0.06375
0 0.3775 0.255 0.03125 0.06625
0 0.34625 0.25625 0.03125 0.06625
0 0.315 0.2575 0.03 0.06125
0 0.28375 0.26875 0.03 0.04375
0 0.7425 0.345 0.03 0.05375
0 0.71125 0.3475 0.0275 0.04875
0 0.67875 0.3425 0.0325 0.05875
0 0.25125 0.80875 0.03625 0.02375
0 0.255 0.84625 0.04 0.04625
0 0.29125 0.84375 0.03125 0.04625
0 0.335 0.80875 0.04375 0.0375
0 0.3375 0.84375 0.04625 0.03125
0 0.38625 0.81 0.04375 0.03375
0 0.38625 0.84625 0.0425 0.03375
0 0.44 0.80625 0.05125 0.03125
0 0.4375 0.84125 0.04875 0.0325
0 0.4925 0.81125 0.04375 0.03875
0 0.54 0.81875 0.04625 0.02875
0 0.31875 0.4425 0.02375 0.02625
0 0.76 0.5375 0.0225 0.04875
0 0.46375 0.44125 0.0225 0.065
0 0.35375 0.465 0.0325 0.01375
0 0.39875 0.45625 0.05625 0.03
0 0.44 0.4475 0.025 0.0525
0 0.32125 0.465 0.02625 0.015
0 0.505 0.4275 0.05 0.03375
0 0.5075 0.45625 0.05625 0.02125
0 0.54375 0.44375 0.01375 0.0475
0 0.35 0.4425 0.0225 0.03
0 0.5875 0.45 0.015 0.04125
0 0.60625 0.45 0.01875 0.04
0 0.5675 0.45 0.02375 0.04125