0 0.5975 0.03875 0.03125 0.0775
0 0.56375 0.03875 0.03375 0.0775
0 0.525 0.03875 0.0375 0.0775
0 0.26875 0.425 0.04875 0.09625
0 0.85125 0.30875 0.04625 0.0875
0 0.7825 0.31125 0.04875 0.0825
0 0.51125 0.8425 0.02875 0.06625
0 0.67125 0.31625 0.0375 0.07625
0 0.6275 0.26625 0.04125 0.025
0 0.61625 0.3175 0.04 0.0725
0 0.56625 0.3025 0.05125 0.10625
0 0.54 0.8425 0.025 0.06875
0 0.4675 0.30875 0.05 0.1025
0 0.635 0.03875 0.04 0.0775
0 0.72125 0.31625 0.05375 0.07375
0 0.68875 0.03125 0.055 0.0275
0 0.30375 0.195 0.04125 0.08375
0 0.77375 0.06 0.07 0.03375
0 0.8475 0.8375 0.035 0.08875
0 0.425 0.4375 0.04 0.07
0 0.81125 0.8375 0.03375 0.085
0 0.77625 0.8475 0.03 0.08
0 0.3825 0.42375 0.045 0.1025
0 0.33625 0.44 0.035 0.06875
0 0.4175 0.3025 0.0425 0.10875
0 0.36375 0.30625 0.05625 0.1025
0 0.25625 0.3125 0.05125 0.0925
0 0.1875 0.2925 0.0725 0.06375
0 0.84 0.1925 0.04125 0.0625
0 0.7925 0.19125 0.03625 0.0775
0 0.7525 0.18875 0.04 0.08125
0 0.71 0.19125 0.04125 0.0775
0 0.69 0.0625 0.0575 0.03125
0 0.66375 0.19375 0.04 0.0775
0 0.61125 0.1375 0.04 0.02375
0 0.56 0.19625 0.04125 0.08
0 0.5075 0.14 0.04 0.0375
0 0.5075 0.2025 0.04875 0.06875
0 0.45375 0.19625 0.0425 0.07875
0 0.405 0.20125 0.04125 0.06875
0 0.35375 0.1875 0.05 0.09875
0 0.25875 0.195 0.04125 0.08125
0 0.2225 0.2 0.02875 0.06375
0 0.1825 0.20125 0.0375 0.07125
0 0.14375 0.20375 0.0375 0.06125
0 0.84375 0.065 0.06125 0.02875
0 0.845 0.0275 0.05875 0.03875
0 0.77375 0.02375 0.06875 0.03125
0 0.61625 0.1925 0.04625 0.07875
0 0.74375 0.8425 0.02625 0.08125
0 0.51625 0.31875 0.03875 0.085
0 0.4725 0.4225 0.045 0.1
0 0.64875 0.6525 0.02875 0.07625
0 0.61625 0.645 0.03 0.085
0 0.58375 0.64875 0.03 0.0825
0 0.555 0.65125 0.0175 0.0825
0 0.53 0.6525 0.02375 0.07625
0 0.505 0.6525 0.025 0.075
0 0.47625 0.655 0.0225 0.07625
0 0.44875 0.655 0.0225 0.07625
0 0.4225 0.655 0.02125 0.075
0 0.3975 0.65375 0.0225 0.0775
0 0.37125 0.64875 0.025 0.09125
0 0.34625 0.6475 0.0225 0.09375
0 0.30875 0.65 0.02875 0.09125
0 0.28125 0.65 0.0175 0.09375
0 0.26125 0.67125 0.0175 0.04875
0 0.24375 0.66375 0.0125 0.0575
0 0.56875 0.845 0.0275 0.0725
0 0.59875 0.8325 0.02625 0.08625
0 0.63 0.8325 0.0275 0.0875
0 0.21625 0.6625 0.02 0.0625
0 0.1875 0.66375 0.01875 0.06375
0 0.14375 0.65875 0.03625 0.0575
0 0.85125 0.53375 0.0475 0.0975
0 0.80375 0.5375 0.04125 0.0875
0 0.74 0.53875 0.06625 0.10125
0 0.68 0.64875 0.02625 0.08125
0 0.76625 0.65875 0.045 0.06375
0 0.83125 0.65875 0.06375 0.0525
0 0.14875 0.75 0.0475 0.06
0 0.4825 0.845 0.02625 0.06875
0 0.45375 0.84875 0.02625 0.07125
0 0.41875 0.85 0.02875 0.07
0 0.385 0.85 0.03 0.06875
0 0.35125 0.835 0.03 0.0875
0 0.3125 0.83625 0.035 0.0925
0 0.27 0.83625 0.02875 0.09375
0 0.2375 0.8375 0.03 0.09125
0 0.20375 0.8375 0.03125 0.0875
0 0.17 0.8375 0.0325 0.09125
0 0.14 0.83875 0.02875 0.09125
0 0.815 0.73625 0.03 0.055
0 0.67875 0.54 0.04625 0.08375
0 0.78125 0.73875 0.03 0.05375
0 0.67 0.74625 0.02875 0.04375
0 0.63625 0.73875 0.02375 0.0525
0 0.61 0.745 0.01875 0.04625
0 0.58125 0.745 0.03375 0.04625
0 0.5325 0.7475 0.05625 0.0475
0 0.4775 0.74125 0.045 0.05875
0 0.42125 0.74375 0.04875 0.055
0 0.3725 0.74125 0.04625 0.05625
0 0.32875 0.7475 0.03625 0.05375
0 0.2875 0.7425 0.0425 0.0575
0 0.23875 0.74875 0.04625 0.05625
0 0.195 0.74875 0.0375 0.055
0 0.7525 0.745 0.01875 0.04375
0 0.70875 0.835 0.03125 0.0925
0 0.32 0.04125 0.05 0.0225
0 0.515 0.4025 0.03625 0.03
0 0.28125 0.545 0.045 0.08625
0 0.2025 0.48875 0.065 0.0625
0 0.14625 0.48625 0.04125 0.065
0 0.85375 0.43375 0.0425 0.08
0 0.8025 0.435 0.055 0.0825
0 0.75375 0.43125 0.04 0.07625
0 0.705 0.43375 0.05 0.08
0 0.65875 0.435 0.03375 0.07375
0 0.6125 0.43375 0.04875 0.0775
0 0.56125 0.4225 0.05 0.1
0 0.46125 0.545 0.05375 0.08625
0 0.32875 0.54125 0.04375 0.0925
0 0.515 0.44625 0.03625 0.05625
0 0.51375 0.54375 0.0425 0.08375
0 0.17125 0.05625 0.03875 0.05625
0 0.2525 0.04125 0.035 0.0825
0 0.28125 0.04125 0.01875 0.0825
0 0.3175 0.06875 0.04875 0.02625
0 0.66375 0.83375 0.035 0.0925
0 0.36875 0.05125 0.035 0.0675
0 0.3225 0.01875 0.0475 0.0125
0 0.6 0.54375 0.04375 0.0775
0 0.46 0.0425 0.02375 0.07625
0 0.48875 0.03875 0.0325 0.0775
0 0.1375 0.05875 0.025 0.0575
0 0.41125 0.54875 0.04 0.0775