0 0.2375 0.38 0.04375 0.1
0 0.19375 0.38875 0.04 0.08
0 0.20375 0.51875 0.035 0.07375
0 0.11125 0.3875 0.03875 0.08
0 0.27875 0.38 0.03625 0.1
0 0.1525 0.3875 0.04 0.08375
0 0.31875 0.38 0.0375 0.1
0 0.5275 0.38 0.0375 0.09875
0 0.4025 0.38 0.03625 0.09875
0 0.54375 0.63125 0.04 0.085
0 0.50375 0.63125 0.03125 0.0875
0 0.47125 0.6325 0.0325 0.08875
0 0.43875 0.63125 0.0325 0.09
0 0.4025 0.63 0.03375 0.0925
0 0.3675 0.63 0.035 0.08875
0 0.36 0.37875 0.04375 0.1
0 0.32625 0.63375 0.0425 0.07625
0 0.255 0.6325 0.0375 0.08
0 0.605 0.38125 0.03625 0.095
0 0.56625 0.38 0.0375 0.095
0 0.07125 0.38375 0.0375 0.08125
0 0.48625 0.38 0.04125 0.0975
0 0.4425 0.37875 0.04125 0.09875
0 0.29 0.6275 0.02625 0.08875
0 0.02875 0.37375 0.045 0.09625
0 0.85375 0.215 0.035 0.14
0 0.97 0.21375 0.04875 0.14
0 0.49 0.7875 0.0325 0.06625
0 0.52375 0.78625 0.03 0.0675
0 0.5575 0.7875 0.03375 0.06625
0 0.5925 0.7875 0.03125 0.07
0 0.62625 0.78625 0.03375 0.06875
0 0.66125 0.7875 0.03125 0.0675
0 0.455 0.78625 0.03375 0.06875
0 0.69625 0.7875 0.03 0.07
0 0.76375 0.78625 0.03125 0.06875
0 0.795 0.78625 0.0275 0.07
0 0.83125 0.78625 0.03625 0.0675
0 0.86375 0.7875 0.03125 0.07
0 0.9 0.7875 0.03625 0.06875
0 0.96625 0.78375 0.05375 0.085
0 0.73 0.7875 0.03 0.07
0 0.2175 0.635 0.0375 0.07375
0 0.4175 0.78625 0.035 0.07125
0 0.34875 0.78625 0.03 0.07
0 0.9275 0.215 0.035 0.13875
0 0.89125 0.215 0.03625 0.13875
0 0.5825 0.63125 0.03625 0.08375
0 0.8125 0.21375 0.04 0.13875
0 0.76875 0.2275 0.0425 0.10625
0 0.72875 0.2275 0.0375 0.10625
0 0.38125 0.7875 0.03125 0.07
0 0.9075 0.6375 0.045 0.0875
0 0.025 0.7875 0.02875 0.065
0 0.12125 0.78625 0.04125 0.0675
0 0.16375 0.77625 0.0275 0.08375
0 0.1975 0.78125 0.0275 0.075
0 0.2275 0.77875 0.02625 0.08125
0 0.2725 0.7775 0.05875 0.08125
0 0.955 0.62125 0.04 0.09
0 0.62125 0.63125 0.0375 0.0825
0 0.795 0.63125 0.0325 0.08375
0 0.6925 0.63375 0.0425 0.08375
0 0.98 0.5025 0.03875 0.095
0 0.655 0.63375 0.025 0.08125
0 0.8975 0.51375 0.04125 0.09625
0 0.85875 0.51625 0.0325 0.09125
0 0.8225 0.515 0.03625 0.09125
0 0.78 0.51375 0.04625 0.09125
0 0.73875 0.51625 0.03 0.09125
0 0.7025 0.51625 0.0425 0.09125
0 0.6625 0.51375 0.03125 0.08875
0 0.625 0.51375 0.0425 0.0875
0 0.58375 0.5125 0.0375 0.09
0 0.54625 0.51375 0.035 0.09375
0 0.50875 0.5125 0.035 0.1
0 0.47125 0.515 0.035 0.09375
0 0.43375 0.51375 0.0375 0.09625
0 0.395 0.51625 0.03625 0.08875
0 0.35625 0.51625 0.03625 0.0875
0 0.31875 0.52125 0.03625 0.07875
0 0.27875 0.52 0.03875 0.0725
0 0.84625 0.38125 0.03875 0.0975
0 0.88625 0.38 0.03875 0.0975
0 0.9225 0.38 0.035 0.1
0 0.9625 0.38125 0.0425 0.10125
0 0.02875 0.5125 0.04625 0.085
0 0.08125 0.515 0.035 0.0775
0 0.1225 0.51625 0.04 0.07375
0 0.16625 0.5175 0.03875 0.07375
0 0.68125 0.38 0.0375 0.1
0 0.6425 0.38 0.0375 0.09625
0 0.9375 0.51625 0.0375 0.10125
0 0.075 0.6325 0.03375 0.075
0 0.73 0.63375 0.03 0.0825
0 0.7625 0.63375 0.03125 0.085
0 0.24 0.52 0.035 0.075
0 0.83375 0.63375 0.04 0.085
0 0.86875 0.6375 0.025 0.09
0 0.685 0.22625 0.05125 0.10625
0 0.64 0.22625 0.0375 0.10625
0 0.59625 0.22625 0.03875 0.1025
0 0.555 0.225 0.0425 0.105
0 0.0375 0.63125 0.0375 0.075
0 0.4625 0.22625 0.04625 0.10625
0 0.41375 0.2275 0.04625 0.1
0 0.36875 0.22625 0.04125 0.10375
0 0.3275 0.22125 0.04125 0.1075
0 0.5075 0.22375 0.03875 0.10625
0 0.2375 0.2225 0.04125 0.11125
0 0.19375 0.2225 0.04125 0.105
0 0.15 0.22 0.04 0.1125
0 0.105 0.2225 0.045 0.10625
0 0.05625 0.21875 0.05125 0.10625
0 0.10875 0.635 0.03125 0.0725
0 0.14375 0.635 0.03625 0.075
0 0.18 0.635 0.03375 0.07375
0 0.72 0.38125 0.035 0.10125
0 0.28 0.2225 0.04375 0.11
0 0.7575 0.38125 0.03875 0.0975
0 0.80625 0.38 0.04125 0.0975