0 0.40375 0.65625 0.02125 0.095
0 0.22 0.76375 0.04125 0.06625
0 0.8375 0.87 0.0225 0.0875
0 0.305 0.42875 0.05 0.0725
0 0.25625 0.4225 0.0425 0.08125
0 0.1975 0.41625 0.06375 0.0975
0 0.145 0.42375 0.03875 0.08125
0 0.795 0.40625 0.14 0.28875
0 0.69 0.31 0.04625 0.075
0 0.63875 0.31125 0.04875 0.07375
0 0.58375 0.29375 0.05 0.11125
0 0.52625 0.29625 0.06 0.10625
0 0.44875 0.3025 0.085 0.09
0 0.38375 0.31625 0.0375 0.06375
0 0.3075 0.29625 0.04875 0.1025
0 0.26125 0.305 0.0425 0.0825
0 0.22 0.30625 0.035 0.08375
0 0.17 0.30625 0.06 0.08625
0 0.85375 0.18125 0.0425 0.0775
0 0.4575 0.65875 0.0275 0.08125
0 0.48375 0.65875 0.0225 0.08375
0 0.51125 0.66 0.02625 0.0875
0 0.5375 0.6625 0.025 0.08375
0 0.565 0.66 0.025 0.08
0 0.59125 0.65875 0.02625 0.08125
0 0.62125 0.6575 0.0275 0.07875
0 0.65625 0.6475 0.04125 0.0925
0 0.695 0.6575 0.0375 0.085
0 0.36 0.415 0.055 0.09875
0 0.41 0.43 0.04 0.06625
0 0.455 0.42375 0.045 0.08
0 0.505 0.415 0.05125 0.0975
0 0.38 0.6575 0.0225 0.095
0 0.355 0.65625 0.0225 0.09375
0 0.3275 0.65625 0.0275 0.09625
0 0.3 0.67375 0.0225 0.05375
0 0.27375 0.67125 0.025 0.0525
0 0.24375 0.6775 0.02375 0.0525
0 0.21625 0.67625 0.02875 0.055
0 0.17875 0.66625 0.0375 0.0775
0 0.1375 0.55875 0.02375 0.06375
0 0.1425 0.66375 0.03125 0.07875
0 0.69 0.53125 0.0525 0.10375
0 0.6375 0.5425 0.04625 0.0825
0 0.73375 0.66 0.0325 0.0875
0 0.59375 0.535 0.04125 0.09625
0 0.50375 0.5375 0.04875 0.09
0 0.45625 0.53875 0.04375 0.095
0 0.4025 0.53375 0.0625 0.1025
0 0.355 0.535 0.03125 0.0975
0 0.31625 0.535 0.0425 0.09375
0 0.275 0.53875 0.03625 0.08875
0 0.23625 0.54125 0.04 0.085
0 0.19875 0.55375 0.03 0.075
0 0.16625 0.5525 0.03 0.06875
0 0.665 0.42375 0.045 0.06875
0 0.60375 0.4125 0.055 0.10125
0 0.55375 0.4275 0.04 0.06875
0 0.54875 0.53875 0.0375 0.08875
0 0.86375 0.87125 0.02125 0.08875
0 0.805 0.18125 0.05 0.0775
0 0.755 0.0875 0.06375 0.02375
0 0.3575 0.765 0.05375 0.0625
0 0.42625 0.7525 0.075 0.0575
0 0.4925 0.7625 0.0475 0.0575
0 0.5425 0.76875 0.0525 0.06125
0 0.595 0.76625 0.05 0.05625
0 0.64875 0.76625 0.05125 0.0575
0 0.69125 0.76125 0.03125 0.0525
0 0.72375 0.75625 0.03125 0.05125
0 0.7625 0.7675 0.025 0.045
0 0.84875 0.7625 0.0325 0.06375
0 0.14375 0.86625 0.035 0.09625
0 0.1775 0.865 0.03 0.0975
0 0.21375 0.86625 0.04 0.0975
0 0.25375 0.865 0.03625 0.09875
0 0.29125 0.865 0.0375 0.09875
0 0.42875 0.86625 0.0375 0.10375
0 0.4725 0.87625 0.0325 0.08375
0 0.50375 0.86 0.0275 0.0675
0 0.535 0.87625 0.03375 0.075
0 0.57 0.8775 0.03375 0.075
0 0.6425 0.87625 0.0275 0.0725
0 0.67625 0.88 0.03375 0.07875
0 0.71125 0.87875 0.0325 0.075
0 0.75375 0.85625 0.03125 0.06875
0 0.80875 0.88 0.03375 0.0775
0 0.2875 0.76625 0.085 0.0625
0 0.43 0.65625 0.02875 0.09625
0 0.18125 0.765 0.03375 0.0675
0 0.145 0.76375 0.03625 0.0675
0 0.76875 0.65875 0.03875 0.095
0 0.7425 0.15875 0.065 0.04375
0 0.73875 0.2025 0.0675 0.0375
0 0.67 0.20375 0.05875 0.03875
0 0.67625 0.1625 0.06 0.03
0 0.675 0.1275 0.06125 0.03625
0 0.60375 0.20125 0.06375 0.04375
0 0.605 0.16375 0.07625 0.02875
0 0.6025 0.1225 0.0775 0.04
0 0.535 0.21375 0.05625 0.0225
0 0.53625 0.18625 0.06125 0.03
0 0.53375 0.15125 0.05875 0.03125
0 0.7675 0.0625 0.06125 0.0225
0 0.475 0.21 0.05375 0.02875
0 0.415 0.21 0.055 0.03125
0 0.305 0.1775 0.03875 0.02
0 0.3575 0.21 0.0525 0.03125
0 0.305 0.20625 0.03875 0.03625
0 0.4175 0.1725 0.0475 0.03625
0 0.36 0.18375 0.06125 0.0175
0 0.3575 0.155 0.055 0.03125
0 0.3075 0.1475 0.0425 0.03625
0 0.24 0.20375 0.06125 0.04
0 0.24 0.165 0.06 0.03375
0 0.16125 0.1975 0.065 0.0575
0 0.80625 0.65875 0.0325 0.09625
0 0.47375 0.1725 0.0575 0.04
0 0.74375 0.11875 0.06625 0.03375
0 0.61 0.875 0.03375 0.0775