0 0.7725 0.29125 0.02375 0.02125
0 0.80375 0.28875 0.035 0.02
0 0.66125 0.31875 0.02 0.01375
0 0.75 0.29 0.01125 0.02125
0 0.8075 0.405 0.01875 0.015
0 0.3025 0.72625 0.04875 0.0875
0 0.72125 0.29 0.01 0.0225
0 0.48 0.55875 0.04875 0.095
0 0.43 0.57 0.04 0.09625
0 0.3875 0.58 0.03875 0.10625
0 0.34375 0.5875 0.045 0.105
0 0.2575 0.6125 0.07125 0.125
0 0.18875 0.62 0.0525 0.1125
0 0.54875 0.44 0.06 0.10125
0 0.49375 0.4425 0.04 0.1025
0 0.5225 0.54875 0.02625 0.08875
0 0.44125 0.45 0.0525 0.11625
0 0.315 0.47125 0.0625 0.125
0 0.2425 0.4775 0.07625 0.11875
0 0.1775 0.4825 0.04 0.125
0 0.5825 0.32875 0.05 0.09375
0 0.5325 0.31875 0.05 0.10625
0 0.4725 0.325 0.06 0.11625
0 0.40625 0.3275 0.06625 0.115
0 0.2125 0.3275 0.08875 0.1425
0 0.38125 0.45625 0.0625 0.105
0 0.5625 0.54125 0.03875 0.08125
0 0.23625 0.73 0.06625 0.0925
0 0.67875 0.31625 0.01 0.0175
0 0.69625 0.29125 0.00875 0.02375
0 0.68375 0.29125 0.0125 0.025
0 0.64375 0.31625 0.01 0.02375
0 0.63125 0.31625 0.01 0.02375
0 0.6275 0.29 0.00875 0.02375
0 0.64625 0.28875 0.02375 0.02375
0 0.75625 0.26375 0.0175 0.01625
0 0.73625 0.26375 0.0175 0.0175
0 0.7125 0.26375 0.02625 0.01875
0 0.69625 0.24125 0.03375 0.0175
0 0.685 0.26375 0.02 0.02125
0 0.6625 0.26125 0.0225 0.02375
0 0.62375 0.25875 0.0225 0.02125
0 0.59625 0.2575 0.02625 0.02
0 0.56875 0.25625 0.02125 0.02
0 0.54 0.2525 0.02875 0.01625
0 0.445 0.6675 0.02875 0.0775
0 0.39625 0.68125 0.03125 0.09
0 0.35875 0.69625 0.035 0.09
0 0.73375 0.29 0.0125 0.0225
0 0.78625 0.40875 0.02125 0.01375
0 0.69125 0.31625 0.00875 0.01875
0 0.71875 0.3125 0.01125 0.0175
0 0.6575 0.52 0.025 0.01625
0 0.68125 0.515 0.02 0.02
0 0.70625 0.51 0.01875 0.01875
0 0.7275 0.5025 0.01625 0.0125
0 0.74875 0.49875 0.01875 0.01625
0 0.76875 0.49375 0.01375 0.0125
0 0.78625 0.49 0.0175 0.01375
0 0.6275 0.5475 0.02625 0.0175
0 0.655 0.53875 0.02125 0.0175
0 0.67875 0.535 0.02 0.02
0 0.7025 0.5275 0.01875 0.015
0 0.72625 0.52125 0.01875 0.01875
0 0.74625 0.515 0.01625 0.01375
0 0.76875 0.51 0.01625 0.015
0 0.7875 0.50625 0.015 0.015
0 0.62625 0.56625 0.02625 0.01875
0 0.65375 0.55875 0.02 0.01625
0 0.67625 0.55375 0.01875 0.01625
0 0.69875 0.54625 0.0175 0.01625
0 0.72375 0.54 0.02375 0.01875
0 0.74625 0.53375 0.0125 0.0175
0 0.7625 0.53125 0.01625 0.01875
0 0.7825 0.52625 0.01375 0.01625
0 0.47625 0.65875 0.0275 0.0775
0 0.5075 0.65 0.03 0.08125
0 0.53625 0.6375 0.02125 0.07
0 0.5625 0.6275 0.03 0.07875
0 0.60625 0.59375 0.03 0.01625
0 0.6375 0.58875 0.025 0.02125
0 0.63 0.525 0.02625 0.02375
0 0.79 0.47125 0.0175 0.02
0 0.77 0.475 0.015 0.01875
0 0.75 0.48 0.02125 0.01625
0 0.8275 0.4025 0.01625 0.01375
0 0.84375 0.40125 0.01375 0.0125
0 0.6375 0.44625 0.02875 0.0175
0 0.66625 0.4425 0.02125 0.01625
0 0.69 0.44125 0.0225 0.0175
0 0.715 0.43875 0.025 0.01375
0 0.73625 0.4325 0.01625 0.0175
0 0.76 0.42875 0.01625 0.015
0 0.78125 0.4275 0.02 0.01625
0 0.80375 0.42375 0.01625 0.01625
0 0.7625 0.41125 0.0175 0.01625
0 0.6625 0.465 0.025 0.01625
0 0.6875 0.46125 0.01875 0.02
0 0.7125 0.4575 0.02 0.02
0 0.66375 0.58 0.02 0.01875
0 0.73375 0.45375 0.01625 0.0175
0 0.78 0.44625 0.02 0.01625
0 0.8 0.44375 0.01625 0.01625
0 0.60625 0.50375 0.0175 0.02125
0 0.6075 0.52875 0.015 0.0225
0 0.605 0.55125 0.0125 0.0175
0 0.60375 0.57125 0.01375 0.02
0 0.6325 0.5025 0.02625 0.0175
0 0.66 0.4975 0.02375 0.0225
0 0.685 0.495 0.0225 0.02
0 0.70875 0.49 0.02 0.01625
0 0.7425 0.4125 0.015 0.015
0 0.72 0.41625 0.02125 0.01625
0 0.695 0.41875 0.025 0.02125
0 0.72875 0.48375 0.01875 0.01875
0 0.75625 0.44875 0.0225 0.01875
0 0.705 0.31625 0.01375 0.00875
0 0.685 0.57375 0.01875 0.015
0 0.7275 0.56 0.01625 0.015
0 0.7675 0.39125 0.01875 0.02125
0 0.74625 0.3925 0.02125 0.02125
0 0.72125 0.39375 0.025 0.02
0 0.695 0.39625 0.0225 0.0225
0 0.66875 0.3975 0.025 0.01875
0 0.63875 0.4 0.03 0.02375
0 0.85125 0.35125 0.01625 0.0175
0 0.835 0.3525 0.0125 0.01875
0 0.8175 0.355 0.01875 0.0175
0 0.79625 0.35625 0.01875 0.01875
0 0.77375 0.3575 0.02 0.01875
0 0.74875 0.36 0.0275 0.02125
0 0.72125 0.36125 0.025 0.01875
0 0.695 0.36375 0.02125 0.0225
0 0.7875 0.39 0.01875 0.02375
0 0.66875 0.36625 0.025 0.02
0 0.85375 0.33125 0.0175 0.02
0 0.83625 0.3325 0.01625 0.02
0 0.81875 0.33375 0.015 0.0175
0 0.79875 0.335 0.02125 0.02
0 0.77375 0.335 0.0225 0.01875
0 0.75 0.33625 0.0225 0.02125
0 0.725 0.3375 0.02375 0.01875
0 0.7 0.34 0.0225 0.0225
0 0.6725 0.3425 0.02875 0.0225
0 0.6425 0.34375 0.02625 0.02125
0 0.8025 0.31125 0.03625 0.02
0 0.76875 0.31375 0.025 0.02
0 0.74375 0.31375 0.01125 0.01875
0 0.72875 0.3125 0.0075 0.015
0 0.64125 0.3675 0.0275 0.02375
0 0.80875 0.385 0.02 0.02
0 0.8275 0.3825 0.01875 0.02375
0 0.84875 0.38 0.01875 0.02375
0 0.74875 0.55625 0.02 0.02125
0 0.77375 0.55 0.02125 0.015
0 0.605 0.61375 0.03 0.015
0 0.63375 0.61125 0.02375 0.0175
0 0.6625 0.59875 0.01875 0.01375
0 0.6825 0.59125 0.01625 0.01625
0 0.7025 0.5875 0.015 0.015
0 0.72625 0.57875 0.01625 0.0175
0 0.7475 0.575 0.01875 0.015
0 0.77125 0.5675 0.0175 0.01375
0 0.6025 0.63375 0.025 0.02125
0 0.6325 0.6275 0.02375 0.01375
0 0.65625 0.6175 0.0175 0.01375
0 0.68 0.61125 0.015 0.01625
0 0.70125 0.605 0.01625 0.01375
0 0.7225 0.59625 0.01375 0.01375
0 0.7425 0.59125 0.01375 0.01125
0 0.6375 0.4275 0.02875 0.0175
0 0.6675 0.42125 0.025 0.0225
0 0.87 0.27125 0.0175 0.0625
0 0.84375 0.27125 0.02875 0.06
0 0.7575 0.60125 0.01375 0.01625
0 0.74125 0.6075 0.015 0.01375
0 0.70625 0.56875 0.0175 0.01875
0 0.72 0.61375 0.01875 0.02
0 0.675 0.63 0.01375 0.015
0 0.65375 0.63625 0.01875 0.01875
0 0.6275 0.64625 0.01875 0.0175
0 0.60125 0.655 0.02625 0.0175
0 0.765 0.585 0.01125 0.0125
0 0.7 0.62125 0.01875 0.01625
0 0.6325 0.47 0.025 0.02