0 0.8975 0.6925 0.025 0.08875
0 0.0325 0.3825 0.0325 0.03125
0 0.94 0.45875 0.02375 0.055
0 0.68625 0.47 0.0275 0.02125
0 0.7675 0.495 0.02375 0.02625
0 0.8075 0.46 0.0225 0.0525
0 0.84625 0.46 0.0275 0.055
0 0.895 0.46 0.03125 0.0525
0 0.9625 0.45625 0.015 0.0625
0 0.8725 0.58125 0.03625 0.0825
0 0.96375 0.57125 0.025 0.10375
0 0.93625 0.57125 0.02625 0.105
0 0.905 0.57875 0.0275 0.08375
0 0.86875 0.6925 0.025 0.08875
0 0.83625 0.58 0.0325 0.08625
0 0.80125 0.5825 0.0375 0.08125
0 0.76625 0.595 0.01375 0.05
0 0.065 0.385 0.02875 0.03125
0 0.10125 0.385 0.03125 0.03
0 0.9825 0.45625 0.01625 0.06125
0 0.8375 0.705 0.02375 0.0625
0 0.74625 0.6875 0.025 0.08625
0 0.7725 0.6875 0.02625 0.0875
0 0.04125 0.565 0.0275 0.0425
0 0.015 0.56625 0.0225 0.04125
0 0.25625 0.58 0.03625 0.08125
0 0.29 0.58 0.03125 0.08
0 0.32125 0.57875 0.02625 0.08125
0 0.3525 0.57625 0.02625 0.0875
0 0.40375 0.55 0.0425 0.035
0 0.39625 0.58625 0.0525 0.0225
0 0.39875 0.61 0.05875 0.01875
0 0.4425 0.57875 0.02125 0.0825
0 0.47375 0.67125 0.03375 0.01125
0 0.47375 0.68375 0.03375 0.01125
0 0.47375 0.695 0.0325 0.01125
0 0.475 0.7075 0.03125 0.0125
0 0.47625 0.7225 0.03625 0.01625
0 0.50875 0.70125 0.02125 0.05875
0 0.53375 0.70625 0.02125 0.0475
0 0.5575 0.68875 0.0225 0.08125
0 0.58375 0.695 0.02625 0.07375
0 0.61 0.69625 0.02375 0.07125
0 0.64 0.69 0.03 0.0825
0 0.6675 0.69375 0.0225 0.0725
0 0.69125 0.69375 0.02125 0.07375
0 0.7175 0.6875 0.025 0.085
0 0.1375 0.38375 0.0375 0.0325
0 0.80625 0.70375 0.02875 0.06375
0 0.0975 0.35125 0.03625 0.0325
0 0.2075 0.38375 0.03 0.035
0 0.18 0.3875 0.01875 0.0275
0 0.7025 0.36625 0.0075 0.0675
0 0.72 0.3425 0.025 0.025
0 0.7225 0.365 0.02625 0.01375
0 0.72875 0.38625 0.03375 0.02375
0 0.7625 0.38625 0.03 0.02375
0 0.75125 0.36375 0.0275 0.01375
0 0.7875 0.36875 0.015 0.06
0 0.74875 0.5875 0.02125 0.0675
0 0.72625 0.58875 0.01875 0.0625
0 0.70375 0.59625 0.0225 0.0525
0 0.67875 0.59 0.02125 0.06
0 0.68875 0.3625 0.0175 0.07375
0 0.65625 0.58375 0.01875 0.07625
0 0.605 0.59 0.02375 0.06375
0 0.60625 0.54625 0.025 0.0175
0 0.5775 0.585 0.03125 0.06875
0 0.54625 0.58625 0.025 0.06875
0 0.515 0.55625 0.03 0.035
0 0.505 0.6 0.02875 0.04125
0 0.47125 0.605 0.03125 0.035
0 0.4725 0.5525 0.03125 0.0375
0 0.99125 0.69125 0.01625 0.03625
0 0.99 0.7225 0.01875 0.025
0 0.8475 0.3625 0.0125 0.0175
0 0.6325 0.595 0.02875 0.05125
0 0.66875 0.37375 0.015 0.055
0 0.65125 0.38125 0.015 0.0375
0 0.6325 0.3875 0.02 0.02625
0 0.09 0.55 0.0275 0.0175
0 0.2475 0.3875 0.02 0.02625
0 0.27125 0.37125 0.01625 0.06
0 0.29625 0.3725 0.03125 0.05375
0 0.32875 0.39125 0.0275 0.02125
0 0.92625 0.69 0.025 0.08875
0 0.3325 0.36125 0.0225 0.035
0 0.36125 0.36125 0.0275 0.03625
0 0.36125 0.39125 0.0275 0.02125
0 0.3875 0.365 0.0225 0.02375
0 0.38875 0.39125 0.02375 0.0225
0 0.41 0.3625 0.0175 0.0275
0 0.41 0.39 0.01625 0.0275
0 0.4275 0.35375 0.0175 0.03
0 0.4275 0.38625 0.0175 0.0325
0 0.45 0.3325 0.02375 0.04375
0 0.45 0.38 0.02125 0.04375
0 0.4725 0.37875 0.02 0.04375
0 0.96125 0.69125 0.03875 0.0925
0 0.4975 0.38 0.02625 0.04375
0 0.53 0.38 0.02375 0.04375
0 0.5025 0.34625 0.02 0.01875
0 0.55375 0.38 0.0125 0.04125
0 0.575 0.38 0.02375 0.0425
0 0.60625 0.3775 0.0275 0.0475
0 0.1375 0.3275 0.03375 0.04
0 0.80375 0.36875 0.01125 0.06125
0 0.4725 0.645 0.0325 0.0125
0 0.4725 0.65875 0.0325 0.0125
0 0.0375 0.4925 0.0325 0.03
0 0.98375 0.37875 0.02125 0.03625
0 0.93375 0.36875 0.0175 0.05625
0 0.9125 0.365 0.02375 0.0625
0 0.88125 0.36625 0.0275 0.06125
0 0.83125 0.37125 0.0175 0.05125
0 0.175 0.47 0.03375 0.02625
0 0.17 0.44 0.03375 0.0275
0 0.17375 0.4975 0.02875 0.025
0 0.145 0.4975 0.0275 0.0225
0 0.1125 0.4975 0.02875 0.0225
0 0.24625 0.475 0.03 0.0675
0 0.275 0.4775 0.02375 0.0675
0 0.315 0.4575 0.0475 0.0325
0 0.3175 0.4925 0.04875 0.03375
0 0.35875 0.48375 0.02625 0.05125
0 0.395 0.495 0.025 0.0275
0 0.7375 0.48125 0.03 0.055
0 0.7075 0.4975 0.02875 0.0225
0 0.6775 0.4975 0.0275 0.0225
0 0.64625 0.4825 0.025 0.05125
0 0.5875 0.49875 0.02875 0.02
0 0.61625 0.5 0.0275 0.02125
0 0.0725 0.4925 0.0325 0.03375
0 0.61625 0.47625 0.02375 0.02125
0 0.55125 0.47875 0.03625 0.06125
0 0.51625 0.5 0.02375 0.0175
0 0.49 0.50125 0.02375 0.02125
0 0.46 0.4825 0.03375 0.0575
0 0.425 0.495 0.0275 0.025
0 0.075 0.57875 0.03375 0.0275
0 0.5875 0.47625 0.0275 0.02125
0 0.11 0.47 0.02875 0.0275
0 0.045 0.45875 0.05125 0.03125
0 0.0725 0.605 0.03 0.025
0 0.1475 0.695 0.0175 0.05875
0 0.14375 0.47 0.02625 0.02625
0 0.185 0.71375 0.02875 0.02375
0 0.19 0.69 0.02 0.0175
0 0.1925 0.66625 0.0225 0.0225
0 0.1925 0.64375 0.0225 0.0175
0 0.26 0.675 0.0425 0.04875
0 0.29 0.7 0.01375 0.05875
0 0.31375 0.71875 0.02875 0.02125
0 0.315 0.69375 0.02875 0.02375
0 0.345 0.69125 0.01875 0.06625
0 0.38375 0.70375 0.0475 0.04375
0 0.425 0.695 0.02125 0.01625
0 0.4225 0.715 0.02 0.0225
0 0.445 0.7175 0.02375 0.0175
0 0.12625 0.69375 0.02125 0.0575
0 0.06625 0.71875 0.0275 0.025
0 0.165 0.7 0.00875 0.0475
0 0.0975 0.69375 0.03125 0.02375
0 0.10875 0.60625 0.03625 0.02625
0 0.11125 0.57875 0.03375 0.02375
0 0.15875 0.54875 0.03125 0.02375
0 0.0975 0.715 0.02875 0.01875
0 0.14625 0.605 0.0325 0.025
0 0.18 0.6 0.02875 0.03625
0 0.015 0.60375 0.0225 0.03
0 0.14375 0.5775 0.03 0.02625
0 0.04 0.6025 0.025 0.03125
0 0.0225 0.68125 0.02375 0.08375
0 0.04375 0.685 0.0125 0.02
0 0.045 0.71 0.01125 0.0225
0 0.065 0.69375 0.0225 0.0225