0 0.7125 0.69125 0.05875 0.0275
0 0.93125 0.80125 0.0275 0.07375
0 0.5275 0.45 0.0425 0.02625
0 0.52625 0.4225 0.04 0.02625
0 0.485 0.42125 0.0375 0.0775
0 0.445 0.41375 0.03625 0.09
0 0.40375 0.42 0.04 0.08125
0 0.36375 0.42 0.03625 0.0775
0 0.325 0.41875 0.03625 0.0775
0 0.26 0.39 0.08625 0.04375
0 0.26125 0.43625 0.08375 0.045
0 0.5725 0.415 0.04625 0.03375
0 0.1825 0.44 0.07125 0.03625
0 0.12625 0.42 0.035 0.07125
0 0.0675 0.45125 0.07875 0.0975
0 0.05 0.3425 0.075 0.07625
0 0.1375 0.3325 0.09125 0.035
0 0.135 0.295 0.09125 0.0375
0 0.22125 0.33 0.0725 0.04375
0 0.22 0.285 0.07625 0.04375
0 0.28375 0.29125 0.0375 0.03875
0 0.28125 0.33125 0.0425 0.0375
0 0.18125 0.39875 0.06625 0.03875
0 0.575 0.4475 0.0475 0.0275
0 0.63125 0.44625 0.06125 0.035
0 0.62875 0.41 0.06125 0.03375
0 0.63625 0.54375 0.07375 0.035
0 0.63625 0.50125 0.075 0.04375
0 0.6975 0.55 0.04625 0.025
0 0.69875 0.52125 0.04625 0.02875
0 0.7475 0.55 0.05125 0.02625
0 0.74875 0.52 0.04875 0.02875
0 0.8025 0.55 0.055 0.02625
0 0.8025 0.51875 0.055 0.03125
0 0.85875 0.54375 0.05375 0.04375
0 0.91375 0.55 0.05 0.025
0 0.915 0.52125 0.05 0.0275
0 0.97125 0.5375 0.0575 0.0525
0 0.94875 0.42875 0.035 0.0675
0 0.875 0.42875 0.0375 0.0675
0 0.83125 0.4125 0.04375 0.09625
0 0.7675 0.44125 0.075 0.0425
0 0.76 0.39125 0.07125 0.0375
0 0.705 0.405 0.03375 0.0375
0 0.7075 0.44375 0.0425 0.035
0 0.67375 0.44375 0.02 0.04
0 0.675 0.40375 0.025 0.03375
0 0.3275 0.33625 0.04375 0.03375
0 0.56625 0.54375 0.0625 0.03875
0 0.325 0.305 0.04375 0.0275
0 0.3825 0.29375 0.06875 0.0375
0 0.52125 0.14875 0.0325 0.03375
0 0.55 0.19875 0.02875 0.0625
0 0.52 0.19875 0.0275 0.0625
0 0.4775 0.215 0.04625 0.03
0 0.47875 0.18375 0.0475 0.02875
0 0.43125 0.2125 0.04125 0.03625
0 0.43125 0.17375 0.0425 0.0375
0 0.4 0.21125 0.01875 0.035
0 0.39875 0.17375 0.0175 0.0375
0 0.6 0.16875 0.0675 0.0375
0 0.355 0.21 0.0675 0.0375
0 0.295 0.20875 0.05125 0.0375
0 0.29 0.1675 0.05125 0.03875
0 0.24125 0.21125 0.0525 0.035
0 0.2375 0.17375 0.0525 0.03125
0 0.1725 0.17 0.06875 0.03875
0 0.1775 0.21125 0.06875 0.0375
0 0.10375 0.21 0.07125 0.0375
0 0.10125 0.17 0.07 0.03875
0 0.03125 0.20625 0.0625 0.12
0 0.355 0.17 0.06625 0.0375
0 0.59875 0.21125 0.065 0.03625
0 0.65375 0.1925 0.0325 0.0725
0 0.70875 0.20875 0.0725 0.04625
0 0.455 0.33375 0.06875 0.0375
0 0.45375 0.29125 0.07 0.04125
0 0.55125 0.33875 0.06 0.02875
0 0.555 0.30625 0.05875 0.0325
0 0.655 0.29375 0.07125 0.04125
0 0.665 0.335 0.06875 0.0375
0 0.75125 0.28375 0.09875 0.04625
0 0.7475 0.33125 0.09375 0.045
0 0.82625 0.33375 0.05625 0.04125
0 0.89 0.30125 0.06125 0.03375
0 0.8875 0.3375 0.0575 0.0325
0 0.95125 0.33875 0.06125 0.0375
0 0.95625 0.2975 0.065 0.0375
0 0.96125 0.16875 0.06875 0.04
0 0.96 0.21 0.06875 0.04125
0 0.89375 0.215 0.05 0.03375
0 0.8975 0.1775 0.05 0.035
0 0.82875 0.21125 0.0725 0.04
0 0.83125 0.16875 0.075 0.04125
0 0.7675 0.17875 0.03875 0.1
0 0.71 0.1575 0.07 0.05
0 0.385 0.33375 0.06625 0.0375
0 0.965 0.81625 0.03125 0.0525
0 0.56625 0.50375 0.06375 0.035
0 0.4875 0.52375 0.0325 0.06875
0 0.18125 0.71875 0.04375 0.02125
0 0.17875 0.6925 0.04375 0.02875
0 0.2275 0.72 0.045 0.0225
0 0.225 0.69625 0.04375 0.0225
0 0.27625 0.72 0.05 0.025
0 0.27375 0.69125 0.05125 0.02625
0 0.3275 0.71875 0.05 0.025
0 0.3275 0.69 0.05125 0.0275
0 0.37 0.70375 0.03125 0.05625
0 0.1 0.6825 0.0925 0.0725
0 0.41125 0.71875 0.05 0.025
0 0.4575 0.71875 0.0375 0.02125
0 0.5075 0.69 0.06125 0.03125
0 0.50875 0.72125 0.06 0.0275
0 0.57 0.72 0.05875 0.02625
0 0.56875 0.68875 0.0575 0.02875
0 0.61875 0.70125 0.0375 0.0625
0 0.66 0.72375 0.04125 0.0225
0 0.66 0.6975 0.04125 0.02375
0 0.7125 0.7225 0.0575 0.03125
0 0.41375 0.6925 0.05125 0.025
0 0.025 0.68125 0.05 0.06875
0 0.02625 0.81 0.05 0.035
0 0.0725 0.80875 0.03625 0.03125
0 0.90375 0.82125 0.025 0.04
0 0.86125 0.8225 0.055 0.03875
0 0.81375 0.81375 0.0325 0.05125
0 0.8075 0.77125 0.03375 0.02125
0 0.775 0.77125 0.0275 0.02
0 0.78 0.81125 0.02875 0.055
0 0.74625 0.815 0.03625 0.0475
0 0.69875 0.815 0.05125 0.0475
0 0.64875 0.81625 0.045 0.0475
0 0.60125 0.82125 0.0425 0.035
0 0.55625 0.825 0.0425 0.03125
0 0.51 0.815 0.0475 0.0475
0 0.4675 0.8025 0.03125 0.0675
0 0.42875 0.80375 0.04375 0.05625
0 0.38375 0.81125 0.045 0.0425
0 0.33625 0.80375 0.045 0.06
0 0.2875 0.8 0.05 0.0625
0 0.23625 0.79625 0.0475 0.06375
0 0.19 0.7975 0.0375 0.0625
0 0.14875 0.80875 0.03875 0.03875
0 0.11 0.80625 0.03625 0.0375
0 0.76625 0.7275 0.04375 0.02125
0 0.51875 0.52125 0.0275 0.06375
0 0.76625 0.705 0.045 0.02125
0 0.85625 0.7025 0.05 0.02375
0 0.26625 0.63375 0.05625 0.02625
0 0.265 0.60375 0.05625 0.0275
0 0.21625 0.63 0.04 0.03
0 0.21375 0.5975 0.04125 0.03
0 0.17375 0.5925 0.035 0.03125
0 0.1725 0.63 0.045 0.025
0 0.02875 0.57375 0.05625 0.0975
0 0.11375 0.59125 0.07375 0.025
0 0.16375 0.50125 0.04875 0.0325
0 0.32 0.60375 0.04875 0.02875
0 0.15125 0.5375 0.04875 0.03375
0 0.2425 0.53875 0.04375 0.03125
0 0.24875 0.5 0.0325 0.03125
0 0.2925 0.54375 0.05 0.025
0 0.29125 0.51625 0.05 0.025
0 0.35 0.5425 0.06 0.03125
0 0.34875 0.50875 0.06125 0.03375
0 0.40875 0.54625 0.055 0.0275
0 0.40875 0.51625 0.05625 0.02875
0 0.45375 0.52375 0.02875 0.06875
0 0.21 0.52625 0.01875 0.03
0 0.855 0.7275 0.04625 0.02375
0 0.32125 0.63375 0.05 0.025
0 0.3825 0.63375 0.06875 0.03
0 0.9025 0.7 0.03875 0.03125
0 0.9 0.7275 0.0375 0.01875
0 0.94875 0.7275 0.055 0.01875
0 0.9525 0.7025 0.05375 0.02625
0 0.98 0.6375 0.03875 0.04125
0 0.93 0.6425 0.05 0.0225
0 0.9325 0.6175 0.05 0.0225
0 0.84 0.64375 0.045 0.025
0 0.84 0.615 0.045 0.02625
0 0.38125 0.5975 0.07 0.035
0 0.7825 0.6325 0.06375 0.04125
0 0.71875 0.6075 0.05875 0.03
0 0.65625 0.63875 0.06125 0.0275
0 0.655 0.60625 0.06375 0.03
0 0.6 0.63875 0.04375 0.0225
0 0.6 0.6125 0.04625 0.025
0 0.55125 0.6375 0.045 0.02375
0 0.55125 0.60875 0.0475 0.02875
0 0.50875 0.61375 0.035 0.06625
0 0.4725 0.61125 0.0325 0.07125
0 0.43625 0.60875 0.035 0.07375
0 0.71875 0.63875 0.06 0.03
0 0.81125 0.725 0.03875 0.025