0 0.53625 0.4525 0.035 0.07125
0 0.3925 0.45 0.035 0.0725
0 0.465 0.45 0.04 0.06875
0 0.5025 0.4525 0.03125 0.0725
0 0.4275 0.44875 0.03375 0.07
0 0.57 0.45125 0.03625 0.06875
0 0.60875 0.44875 0.03875 0.075
0 0.645 0.45125 0.03 0.0725
0 0.47625 0.64 0.03 0.0825
0 0.44375 0.6425 0.03375 0.075
0 0.4075 0.6425 0.0375 0.07625
0 0.3725 0.64375 0.03125 0.07375
0 0.33625 0.64375 0.04 0.07625
0 0.29875 0.645 0.03375 0.07125
0 0.67875 0.545 0.04125 0.08
0 0.64 0.545 0.03375 0.08
0 0.6025 0.545 0.03875 0.0775
0 0.57 0.55375 0.02375 0.06375
0 0.545 0.55 0.025 0.0675
0 0.5175 0.54625 0.03 0.07375
0 0.47875 0.55 0.045 0.0675
0 0.44 0.54875 0.03 0.07125
0 0.40625 0.54875 0.0375 0.0725
0 0.3675 0.5475 0.0375 0.07125
0 0.32875 0.54625 0.035 0.075
0 0.295 0.5475 0.03125 0.07
0 0.68125 0.44875 0.04125 0.0775
0 0.35875 0.45 0.03375 0.07125
0 0.32375 0.45125 0.035 0.075
0 0.38125 0.285 0.0325 0.04875
0 0.64625 0.2825 0.02875 0.05375
0 0.34625 0.28125 0.035 0.0475
0 0.3125 0.28375 0.035 0.04375
0 0.44375 0.285 0.0375 0.0475
0 0.2775 0.285 0.03375 0.045
0 0.49625 0.3625 0.0375 0.06
0 0.5325 0.3625 0.03375 0.06375
0 0.5725 0.36125 0.0425 0.065
0 0.48125 0.2875 0.0375 0.04875
0 0.5175 0.28375 0.03375 0.04625
0 0.5575 0.28625 0.03125 0.04875
0 0.46625 0.36625 0.02625 0.0525
0 0.62375 0.3625 0.03375 0.065
0 0.65125 0.365 0.01875 0.0625
0 0.28875 0.455 0.0275 0.05625
0 0.66875 0.36375 0.0125 0.06125
0 0.42375 0.36 0.025 0.065
0 0.3975 0.36 0.025 0.0675
0 0.37375 0.36 0.025 0.065
0 0.335 0.3625 0.0275 0.06625
0 0.5075 0.64125 0.03375 0.0775
0 0.30875 0.36125 0.02375 0.065
0 0.2825 0.365 0.02875 0.0575
0 0.25 0.3625 0.025 0.06125
0 0.22875 0.3625 0.01625 0.06125
0 0.7075 0.28375 0.035 0.0525
0 0.675 0.2825 0.0275 0.055
0 0.70625 0.365 0.015 0.06
0 0.41125 0.28375 0.0275 0.05
0 0.68625 0.36 0.02 0.07125
0 0.5475 0.645 0.0425 0.07375
0 0.35875 0.76 0.03125 0.08125
0 0.6175 0.64 0.02875 0.08125
0 0.39 0.1925 0.0475 0.05125
0 0.43875 0.1925 0.05125 0.0525
0 0.48625 0.20125 0.03875 0.03125
0 0.52625 0.1925 0.04 0.055
0 0.5675 0.1925 0.03875 0.055
0 0.61875 0.19625 0.05625 0.0175
0 0.77125 0.76 0.01875 0.0625
0 0.62 0.2125 0.055 0.0125
0 0.695 0.1925 0.01875 0.055
0 0.72 0.20125 0.02625 0.035
0 0.7525 0.1975 0.0275 0.04375
0 0.24375 0.28125 0.03125 0.05
0 0.62 0.2825 0.0225 0.05375
0 0.58875 0.6425 0.02625 0.07375
0 0.6675 0.17625 0.03375 0.0775
0 0.75125 0.7625 0.02125 0.05625
0 0.59 0.285 0.03125 0.05125
0 0.70875 0.76375 0.0225 0.065
0 0.73125 0.76375 0.02125 0.06375
0 0.67625 0.64625 0.03375 0.08125
0 0.70625 0.66625 0.02 0.05125
0 0.72625 0.66625 0.0175 0.05875
0 0.29625 0.75625 0.0275 0.06875
0 0.39 0.76125 0.0325 0.08375
0 0.4225 0.76125 0.03375 0.0875
0 0.325 0.76375 0.03125 0.07625
0 0.48875 0.765 0.02875 0.07875
0 0.5175 0.765 0.03 0.08625
0 0.5525 0.77 0.04125 0.07875
0 0.585 0.75875 0.025 0.0775
0 0.61375 0.755 0.03125 0.085
0 0.64375 0.755 0.02625 0.08375
0 0.67375 0.75875 0.0325 0.07625
0 0.45625 0.75875 0.03125 0.08875