0 0.48125 0.49125 0.08125 0.015
0 0.785 0.555 0.08 0.01625
0 0.79625 0.58625 0.085 0.01625
0 0.84625 0.50375 0.05625 0.01625
0 0.84625 0.485 0.05625 0.01625
0 0.8475 0.465 0.055 0.01375
0 0.77 0.505 0.08625 0.02125
0 0.77125 0.48125 0.085 0.02125
0 0.7725 0.46125 0.0775 0.0125
0 0.6725 0.50875 0.08875 0.0175
0 0.6725 0.48875 0.08875 0.0175
0 0.57625 0.51 0.09375 0.01875
0 0.58125 0.46875 0.0925 0.01375
0 0.48125 0.51125 0.07875 0.01875
0 0.4825 0.47 0.08375 0.02
0 0.57625 0.49 0.09125 0.01875
0 0.70375 0.1175 0.01125 0.0225
0 0.39625 0.4925 0.08125 0.0175
0 0.305 0.43 0.09375 0.02375
0 0.40125 0.43125 0.0825 0.02125
0 0.41 0.4075 0.06 0.01875
0 0.4125 0.385 0.0875 0.0175
0 0.4925 0.42875 0.0825 0.025
0 0.465 0.40875 0.035 0.01
0 0.70625 0.55375 0.0575 0.01875
0 0.58875 0.3875 0.0875 0.02
0 0.58625 0.40875 0.08625 0.0175
0 0.39625 0.51375 0.0825 0.01875
0 0.585 0.42875 0.0875 0.01625
0 0.68875 0.425 0.09375 0.0175
0 0.79625 0.38125 0.0675 0.02
0 0.795 0.4025 0.0775 0.01875
0 0.79625 0.425 0.0725 0.01875
0 0.20375 0.53125 0.1 0.02375
0 0.21 0.5775 0.09875 0.0475
0 0.30875 0.4925 0.0825 0.01625
0 0.30875 0.51375 0.08375 0.01875
0 0.3975 0.4725 0.0775 0.01875
0 0.6875 0.40375 0.095 0.0175
0 0.71 0.58625 0.07 0.02125
0 0.77125 0.625 0.0625 0.01375
0 0.63875 0.5875 0.0675 0.02
0 0.49625 0.74125 0.08625 0.01625
0 0.49625 0.72125 0.08625 0.01625
0 0.49625 0.70375 0.08375 0.01375
0 0.40875 0.74375 0.08375 0.0175
0 0.40875 0.7225 0.08375 0.01375
0 0.4075 0.70375 0.08375 0.0175
0 0.31875 0.7425 0.0875 0.01875
0 0.31875 0.72375 0.09 0.015
0 0.585 0.7025 0.08625 0.015
0 0.315 0.705 0.08625 0.0175
0 0.1825 0.75875 0.10875 0.0375
0 0.24375 0.8075 0.0625 0.0425
0 0.66625 0.73875 0.0675 0.02375
0 0.665 0.7175 0.06875 0.01625
0 0.665 0.695 0.06875 0.01625
0 0.725 0.7375 0.0125 0.01875
0 0.70875 0.73875 0.01125 0.01875
0 0.725 0.71625 0.01625 0.01875
0 0.16625 0.8075 0.07 0.0425
0 0.70875 0.71625 0.0125 0.02
0 0.585 0.72 0.08625 0.015
0 0.7475 0.79 0.01375 0.05875
0 0.33125 0.79625 0.075 0.01875
0 0.41625 0.815 0.0875 0.01625
0 0.41375 0.7975 0.08875 0.015
0 0.415 0.77875 0.08625 0.015
0 0.505 0.81625 0.08375 0.01625
0 0.50375 0.79625 0.0825 0.015
0 0.50375 0.77625 0.08625 0.0175
0 0.59375 0.81625 0.0825 0.015
0 0.585 0.74 0.08625 0.01875
0 0.5925 0.80125 0.08625 0.01125
0 0.68125 0.81375 0.08375 0.01625
0 0.68125 0.795 0.08625 0.01375
0 0.68125 0.77625 0.085 0.015
0 0.8525 0.7875 0.015 0.05625
0 0.8325 0.78625 0.015 0.05125
0 0.815 0.78625 0.01125 0.05375
0 0.78625 0.78625 0.0175 0.055
0 0.76625 0.7875 0.015 0.055
0 0.59125 0.78625 0.0875 0.01625
0 0.6375 0.56625 0.06875 0.0125
0 0.77375 0.69125 0.065 0.015
0 0.84875 0.72875 0.0525 0.03625
0 0.20625 0.71125 0.1 0.01125
0 0.20375 0.6975 0.105 0.00625
0 0.20375 0.6875 0.11 0.0075
0 0.20125 0.67875 0.10875 0.00625
0 0.20375 0.67 0.10125 0.00625
0 0.20125 0.6525 0.09625 0.01625
0 0.3075 0.59375 0.0775 0.0125
0 0.3075 0.57625 0.07375 0.0125
0 0.31625 0.625 0.0875 0.00875
0 0.3075 0.555 0.06875 0.0125
0 0.38625 0.5775 0.07375 0.01125
0 0.3825 0.56 0.07375 0.015
0 0.47125 0.5925 0.0875 0.01625
0 0.47 0.57125 0.08875 0.01875
0 0.46875 0.55125 0.08875 0.0125
0 0.5575 0.58875 0.08125 0.0175
0 0.56 0.57 0.0825 0.015
0 0.56 0.55125 0.0825 0.015
0 0.38625 0.59375 0.0725 0.01625
0 0.85125 0.7 0.0475 0.015
0 0.31375 0.64 0.08 0.015
0 0.40125 0.6475 0.0875 0.0175
0 0.77875 0.735 0.07125 0.0175
0 0.77625 0.71625 0.07375 0.01125
0 0.78375 0.64125 0.08 0.01375
0 0.865 0.30875 0.01875 0.07875
0 0.78375 0.66125 0.09 0.0125
0 0.7275 0.63375 0.01625 0.0125
0 0.7275 0.66625 0.01375 0.01625
0 0.70875 0.665 0.0125 0.0175
0 0.30875 0.66625 0.085 0.02375
0 0.71 0.64875 0.02 0.01
0 0.6625 0.6425 0.0675 0.015
0 0.58375 0.6675 0.0825 0.015
0 0.58375 0.64875 0.08125 0.015
0 0.58375 0.6325 0.07875 0.015
0 0.495 0.6675 0.08625 0.0175
0 0.49625 0.64875 0.08875 0.015
0 0.495 0.6275 0.09125 0.02
0 0.40375 0.66875 0.085 0.0175
0 0.6625 0.66375 0.0675 0.02
0 0.84125 0.3075 0.015 0.09
0 0.28875 0.2375 0.0925 0.02125
0 0.79625 0.31 0.01875 0.0825
0 0.71875 0.14125 0.01375 0.0175
0 0.70375 0.14125 0.01125 0.0175
0 0.73625 0.11625 0.01625 0.02
0 0.48 0.215 0.08875 0.02125
0 0.47875 0.19125 0.09125 0.02125
0 0.58 0.23375 0.09375 0.0225
0 0.57875 0.2125 0.08875 0.01875
0 0.58 0.19125 0.09125 0.02
0 0.6475 0.14125 0.09375 0.01875
0 0.645 0.12 0.09 0.02125
0 0.64375 0.0975 0.09375 0.02
0 0.55125 0.145 0.09125 0.01875
0 0.55 0.1225 0.09 0.02125
0 0.54875 0.09875 0.09125 0.02
0 0.45625 0.145 0.08625 0.02
0 0.45375 0.12125 0.09 0.0175
0 0.455 0.10125 0.08625 0.01625
0 0.3575 0.15 0.06 0.015
0 0.275 0.14875 0.085 0.0125
0 0.27125 0.13125 0.0875 0.01625
0 0.18 0.225 0.1 0.00625
0 0.18125 0.21625 0.105 0.00875
0 0.18375 0.20625 0.10625 0.00625
0 0.18 0.19625 0.10625 0.0075
0 0.18 0.1825 0.10125 0.00875
0 0.175 0.17375 0.1 0.00625
0 0.17375 0.16375 0.0975 0.0075
0 0.17 0.1525 0.09 0.00875
0 0.82 0.30625 0.01625 0.09375
0 0.7375 0.13875 0.015 0.02125
0 0.7975 0.11375 0.0775 0.01875
0 0.71875 0.1175 0.015 0.0225
0 0.79625 0.09 0.07125 0.02375
0 0.67625 0.235 0.09 0.0175
0 0.775 0.205 0.07875 0.01625
0 0.78625 0.23 0.07625 0.01875
0 0.19625 0.3175 0.085 0.07625
0 0.2975 0.30125 0.09625 0.02125
0 0.3 0.3225 0.095 0.01625
0 0.3 0.345 0.09375 0.0225
0 0.19875 0.43625 0.1075 0.08
0 0.39375 0.2775 0.0925 0.02
0 0.395 0.30125 0.09375 0.01875
0 0.39875 0.32375 0.0925 0.015
0 0.3975 0.345 0.095 0.01875
0 0.8 0.13875 0.08 0.02125
0 0.495 0.30125 0.09375 0.02
0 0.49375 0.3225 0.0925 0.02
0 0.49375 0.345 0.0925 0.0175
0 0.59 0.32 0.095 0.02
0 0.59 0.34375 0.0925 0.0225
0 0.69 0.2725 0.0975 0.02125
0 0.68875 0.2975 0.0975 0.02
0 0.69 0.32 0.09625 0.0175
0 0.68875 0.34125 0.09375 0.02
0 0.77375 0.31125 0.01625 0.08375
0 0.6775 0.2125 0.0875 0.02125
0 0.67625 0.18875 0.09125 0.01875
0 0.4925 0.2775 0.09625 0.02
0 0.48 0.23625 0.0875 0.0175
0 0.2875 0.21375 0.09125 0.01875
0 0.2875 0.19125 0.09125 0.01875
0 0.3875 0.23625 0.09125 0.02375