0 0.39625 0.7 0.0225 0.06375
0 0.2075 0.6675 0.035 0.06125
0 0.26875 0.66875 0.015 0.055
0 0.32 0.7025 0.0325 0.05625
0 0.35 0.69875 0.02375 0.06625
0 0.14375 0.6625 0.035 0.0575
0 0.37375 0.69875 0.02125 0.06625
0 0.25 0.6675 0.02125 0.0575
0 0.4175 0.69875 0.0175 0.0625
0 0.18375 0.5925 0.02875 0.05625
0 0.46 0.69375 0.0175 0.05
0 0.315 0.6025 0.01625 0.05375
0 0.24625 0.5925 0.02625 0.05625
0 0.21625 0.59 0.02375 0.065
0 0.14875 0.5875 0.04125 0.06875
0 0.85 0.67 0.03625 0.0675
0 0.5075 0.72125 0.03375 0.03125
0 0.47625 0.695 0.01875 0.05125
0 0.4375 0.7 0.0225 0.06125
0 0.8125 0.67375 0.03625 0.0725
0 0.405 0.60625 0.0175 0.06125
0 0.70625 0.61 0.0225 0.0625
0 0.535 0.6975 0.0175 0.0725
0 0.84125 0.33375 0.035 0.095
0 0.32875 0.60375 0.00875 0.06125
0 0.34625 0.60875 0.02 0.06
0 0.3675 0.61 0.0175 0.05375
0 0.38625 0.6075 0.0175 0.06
0 0.425 0.625 0.0125 0.0225
0 0.4525 0.61 0.035 0.02625
0 0.76875 0.6875 0.04 0.05375
0 0.45125 0.63375 0.0375 0.015
0 0.49125 0.6325 0.03375 0.0175
0 0.53375 0.6075 0.045 0.0625
0 0.5725 0.61 0.02 0.0575
0 0.59125 0.6175 0.015 0.03375
0 0.6125 0.605 0.0175 0.05875
0 0.6325 0.6025 0.02 0.0525
0 0.65625 0.61125 0.02 0.05875
0 0.68125 0.61 0.025 0.06125
0 0.49 0.60875 0.035 0.02625
0 0.555 0.6975 0.0125 0.06625
0 0.79 0.335 0.04625 0.1025
0 0.49 0.4075 0.0125 0.03375
0 0.59125 0.43 0.02125 0.055
0 0.56125 0.43125 0.0375 0.05125
0 0.53 0.435 0.0175 0.04875
0 0.50875 0.4325 0.0175 0.0475
0 0.48625 0.4475 0.02125 0.0175
0 0.7875 0.48125 0.0275 0.05
0 0.455 0.42875 0.0325 0.06
0 0.425 0.43625 0.02125 0.045
0 0.38125 0.45125 0.03375 0.015
0 0.385 0.43375 0.03 0.01625
0 0.61625 0.4275 0.02625 0.06125
0 0.35125 0.43125 0.0225 0.0575
0 0.30625 0.43 0.02125 0.05875
0 0.28 0.4275 0.03 0.06375
0 0.57875 0.70625 0.02625 0.055
0 0.6075 0.7025 0.02125 0.0675
0 0.6325 0.705 0.02 0.06125
0 0.6525 0.7 0.01625 0.05875
0 0.67625 0.69875 0.02125 0.06
0 0.705 0.71375 0.02625 0.0525
0 0.79 0.815 0.0425 0.07875
0 0.835 0.805 0.0475 0.1
0 0.3275 0.43125 0.02 0.06
0 0.7275 0.825 0.04125 0.08375
0 0.63875 0.425 0.01875 0.05875
0 0.69 0.42875 0.0275 0.05375
0 0.83375 0.47 0.04125 0.07375
0 0.865 0.48 0.01875 0.05875
0 0.2025 0.46875 0.03375 0.01
0 0.18375 0.515 0.04875 0.04875
0 0.2525 0.5075 0.03125 0.05875
0 0.3425 0.51375 0.03125 0.0575
0 0.36875 0.5175 0.0175 0.0575
0 0.3875 0.51875 0.0175 0.06
0 0.40875 0.51875 0.02375 0.05625
0 0.43375 0.54125 0.0175 0.03125
0 0.66125 0.42875 0.025 0.0525
0 0.47 0.5225 0.02125 0.06375
0 0.51625 0.5175 0.02125 0.06375
0 0.54375 0.52125 0.0275 0.0525
0 0.57375 0.505 0.0225 0.04
0 0.59875 0.5075 0.025 0.04125
0 0.63125 0.51125 0.0175 0.06
0 0.66625 0.52125 0.045 0.06125
0 0.71 0.5225 0.03375 0.06125
0 0.77 0.56375 0.04125 0.06375
0 0.8175 0.59875 0.0325 0.035
0 0.8575 0.57875 0.035 0.0725
0 0.49375 0.51875 0.01875 0.05875
0 0.67375 0.78875 0.0225 0.055
0 0.7225 0.4275 0.03375 0.06
0 0.61375 0.785 0.02125 0.05625
0 0.58625 0.32 0.01375 0.07375
0 0.61375 0.3175 0.03875 0.07375
0 0.53125 0.31 0.0775 0.10125
0 0.45 0.31125 0.08 0.0975
0 0.3875 0.34125 0.03125 0.04625
0 0.3275 0.31375 0.08625 0.10125
0 0.2125 0.29 0.04 0.08
0 0.14375 0.29125 0.03375 0.08625
0 0.8575 0.17375 0.03375 0.13375
0 0.80625 0.18 0.05 0.11875
0 0.69875 0.32625 0.035 0.06
0 0.74 0.09 0.06625 0.04125
0 0.68125 0.12625 0.0425 0.15875
0 0.6375 0.12875 0.04 0.15125
0 0.60125 0.1325 0.03 0.14625
0 0.6525 0.83875 0.03 0.0475
0 0.565 0.14 0.04125 0.14375
0 0.5225 0.15 0.0375 0.125
0 0.48 0.15 0.045 0.125
0 0.44375 0.155 0.0275 0.1175
0 0.4025 0.16 0.04625 0.12
0 0.3575 0.16375 0.04 0.1175
0 0.735 0.15625 0.05375 0.09125
0 0.73375 0.325 0.0325 0.06
0 0.65875 0.31875 0.04375 0.08375
0 0.27375 0.14625 0.04 0.13875
0 0.555 0.76875 0.025 0.03125
0 0.52875 0.7875 0.025 0.075
0 0.505 0.81375 0.02125 0.08125
0 0.22125 0.41625 0.045 0.03
0 0.13375 0.81125 0.015 0.0575
0 0.15125 0.81375 0.0175 0.05375
0 0.17625 0.81625 0.03 0.05875
0 0.2025 0.8075 0.02 0.07375
0 0.23375 0.805 0.04 0.08125
0 0.315 0.14375 0.0425 0.14375
0 0.31625 0.81 0.02625 0.08125
0 0.27875 0.77375 0.02375 0.08875
0 0.36625 0.80875 0.015 0.07125
0 0.38375 0.81125 0.01875 0.065
0 0.40375 0.815 0.0175 0.07125
0 0.42375 0.815 0.0225 0.0725
0 0.44625 0.81125 0.01625 0.07625
0 0.46625 0.815 0.01875 0.06875
0 0.16 0.165 0.02625 0.0725
0 0.19 0.16625 0.0275 0.07
0 0.18125 0.1175 0.0325 0.01625
0 0.13375 0.16375 0.01375 0.06625
0 0.3425 0.8125 0.02 0.06375