0 0.62875 0.82625 0.035 0.02875
0 0.7825 0.73625 0.0325 0.02625
0 0.81625 0.73 0.03 0.03125
0 0.72 0.62125 0.04125 0.04375
0 0.84875 0.7475 0.03125 0.06375
0 0.78125 0.765 0.0325 0.02625
0 0.76125 0.6125 0.03875 0.04375
0 0.79625 0.61 0.02875 0.03875
0 0.64625 0.59 0.04375 0.02375
0 0.675 0.6725 0.035 0.03625
0 0.76 0.6575 0.035 0.04
0 0.81375 0.7575 0.02375 0.02375
0 0.79375 0.64875 0.0225 0.03125
0 0.8225 0.6475 0.0325 0.02375
0 0.85875 0.6425 0.0325 0.01875
0 0.745 0.7725 0.03625 0.08625
0 0.825 0.62 0.02875 0.02625
0 0.8575 0.615 0.03 0.025
0 0.71875 0.66375 0.0375 0.03375
0 0.7075 0.78125 0.03375 0.07
0 0.22375 0.9025 0.05625 0.1025
0 0.63 0.79875 0.03375 0.025
0 0.63 0.77125 0.03625 0.025
0 0.58875 0.805 0.045 0.09375
0 0.54125 0.8225 0.04125 0.07875
0 0.49375 0.77625 0.0525 0.0375
0 0.49375 0.84375 0.05 0.08
0 0.4425 0.8775 0.04625 0.0375
0 0.44125 0.8375 0.045 0.0325
0 0.42875 0.78125 0.05125 0.03
0 0.39625 0.8925 0.04375 0.02875
0 0.39625 0.8625 0.04375 0.0225
0 0.39625 0.84 0.03375 0.01375
0 0.3975 0.8225 0.0375 0.015
0 0.3425 0.8775 0.05625 0.08625
0 0.28375 0.92 0.05875 0.03125
0 0.68 0.6275 0.03875 0.04375
0 0.2875 0.88875 0.055 0.01875
0 0.28375 0.8625 0.05875 0.03
0 0.16375 0.95125 0.0575 0.04375
0 0.1625 0.9075 0.05375 0.04
0 0.83 0.59 0.0375 0.02625
0 0.6675 0.765 0.0375 0.025
0 0.6675 0.79375 0.03875 0.03125
0 0.635 0.685 0.035 0.02625
0 0.64 0.62375 0.035 0.0275
0 0.64 0.655 0.035 0.025
0 0.79 0.29375 0.04375 0.125
0 0.74625 0.29875 0.0375 0.1325
0 0.70125 0.30375 0.045 0.13375
0 0.65875 0.30375 0.03875 0.13125
0 0.62 0.30625 0.035 0.12625
0 0.58125 0.30625 0.0375 0.12625
0 0.5425 0.30125 0.04 0.1375
0 0.49875 0.30375 0.04375 0.1425
0 0.4525 0.30625 0.04625 0.1375
0 0.41 0.30625 0.0375 0.1425
0 0.365 0.31125 0.0425 0.13625
0 0.32 0.3125 0.04375 0.1375
0 0.27125 0.3125 0.05125 0.1375
0 0.2225 0.3125 0.04 0.13875
0 0.85125 0.2975 0.045 0.11875
0 0.17 0.31125 0.05875 0.1425
0 0.83125 0.13875 0.03 0.125
0 0.7825 0.14125 0.02625 0.13
0 0.75875 0.14375 0.0175 0.12375
0 0.73125 0.13625 0.03125 0.1275
0 0.70125 0.13375 0.02875 0.13375
0 0.6675 0.13125 0.03875 0.12875
0 0.6275 0.11625 0.04125 0.16
0 0.5825 0.115 0.04 0.15625
0 0.54125 0.11625 0.04125 0.145
0 0.50125 0.1125 0.035 0.15125
0 0.46 0.1075 0.045 0.15375
0 0.415 0.10625 0.0425 0.15625
0 0.3725 0.09875 0.0375 0.1575
0 0.3225 0.09375 0.06 0.16625
0 0.86 0.14375 0.02625 0.1175
0 0.145 0.5 0.0375 0.145
0 0.1925 0.49625 0.055 0.14625
0 0.245 0.4975 0.04875 0.14875
0 0.59875 0.66 0.04 0.02625
0 0.59875 0.63 0.0425 0.02875
0 0.5525 0.695 0.04375 0.04375
0 0.55125 0.64375 0.0475 0.0475
0 0.5025 0.70375 0.04875 0.04625
0 0.5025 0.6525 0.04875 0.0475
0 0.45125 0.7075 0.0475 0.05625
0 0.40125 0.71875 0.04375 0.04875
0 0.35 0.73 0.05 0.06375
0 0.29625 0.74 0.055 0.06125
0 0.2425 0.76 0.04625 0.06
0 0.19375 0.765 0.04625 0.05375
0 0.1475 0.77375 0.04375 0.05375
0 0.44875 0.65125 0.05125 0.05625
0 0.395 0.65875 0.05375 0.06125
0 0.3375 0.6675 0.06 0.06
0 0.18875 0.70125 0.05 0.0625
0 0.2925 0.49 0.045 0.14125
0 0.3375 0.49 0.0375 0.1475
0 0.37625 0.4825 0.03875 0.1325
0 0.41875 0.48125 0.0375 0.14
0 0.45625 0.4775 0.03625 0.12875
0 0.49875 0.47625 0.045 0.12875
0 0.5975 0.69125 0.0375 0.03
0 0.54375 0.47375 0.04125 0.12625
0 0.61625 0.475 0.0275 0.10125
0 0.65 0.4725 0.03625 0.10375
0 0.685 0.47 0.03 0.09875
0 0.72375 0.45625 0.03875 0.11625
0 0.7725 0.45 0.04875 0.06875
0 0.8325 0.445 0.0525 0.07
0 0.58375 0.47 0.03375 0.13
0 0.24 0.69375 0.0525 0.0675