0 0.6 0.1425 0.02625 0.07875
0 0.16 0.78625 0.02875 0.06
0 0.195 0.78 0.0325 0.06375
0 0.22625 0.77 0.0225 0.06375
0 0.2575 0.7625 0.03375 0.065
0 0.28875 0.75875 0.02125 0.06375
0 0.3175 0.75375 0.0275 0.06875
0 0.34875 0.74875 0.02375 0.065
0 0.37625 0.73875 0.0275 0.0575
0 0.14875 0.88 0.02125 0.08125
0 0.18 0.875 0.03125 0.085
0 0.2125 0.8625 0.02625 0.08125
0 0.24875 0.855 0.02625 0.0775
0 0.28 0.8475 0.02875 0.07625
0 0.31375 0.8375 0.0275 0.08
0 0.34375 0.8325 0.025 0.07875
0 0.37375 0.81875 0.02625 0.07875
0 0.4775 0.14 0.02625 0.09625
0 0.45625 0.38125 0.02875 0.09625
0 0.65125 0.2625 0.02875 0.10125
0 0.61875 0.2625 0.03 0.09875
0 0.5875 0.26125 0.02625 0.10125
0 0.55875 0.25875 0.02625 0.10125
0 0.52625 0.26 0.03 0.10125
0 0.4875 0.26 0.03 0.10375
0 0.46 0.26125 0.0175 0.10375
0 0.51 0.13625 0.0275 0.08375
0 0.66 0.1475 0.02875 0.07375
0 0.5725 0.14375 0.02625 0.0875
0 0.63 0.145 0.02375 0.0775
0 0.54 0.13875 0.02875 0.08375
0 0.25625 0.68375 0.02875 0.0725
0 0.52125 0.38 0.03125 0.09375
0 0.745 0.45375 0.0175 0.07375
0 0.7225 0.4525 0.01875 0.075
0 0.85375 0.35 0.0275 0.0825
0 0.8275 0.35125 0.0225 0.085
0 0.8025 0.3525 0.02125 0.085
0 0.78125 0.3525 0.02 0.07875
0 0.7675 0.4525 0.02375 0.0775
0 0.75875 0.3525 0.0175 0.08375
0 0.86625 0.24375 0.0175 0.0875
0 0.8425 0.245 0.015 0.09375
0 0.81875 0.245 0.02 0.09
0 0.7975 0.24375 0.02125 0.0875
0 0.77125 0.24375 0.02125 0.0925
0 0.74625 0.23875 0.02125 0.09625
0 0.7325 0.3525 0.01875 0.09
0 0.86875 0.14875 0.0125 0.06625
0 0.79 0.44875 0.02 0.07375
0 0.84 0.45125 0.0275 0.0675
0 0.74375 0.73125 0.02 0.0625
0 0.71875 0.74 0.02 0.06875
0 0.695 0.745 0.01625 0.065
0 0.80625 0.62875 0.02125 0.065
0 0.765 0.64 0.02125 0.075
0 0.74375 0.64625 0.02 0.0775
0 0.81125 0.4475 0.01875 0.0675
0 0.71875 0.645 0.02125 0.0775
0 0.8225 0.5375 0.01875 0.075
0 0.79875 0.5375 0.02375 0.07625
0 0.775 0.53875 0.0225 0.07125
0 0.75375 0.54125 0.01625 0.07375
0 0.7325 0.54375 0.01875 0.07875
0 0.71125 0.5475 0.01375 0.07625
0 0.69875 0.64875 0.01625 0.075
0 0.84875 0.1475 0.02125 0.08
0 0.82625 0.14125 0.01625 0.06875
0 0.805 0.14 0.02 0.08
0 0.48125 0.60625 0.02125 0.06125
0 0.45375 0.6125 0.02625 0.06875
0 0.62875 0.49875 0.02625 0.08
0 0.60125 0.5 0.02375 0.0775
0 0.13375 0.78875 0.015 0.0625
0 0.57 0.50375 0.02375 0.08125
0 0.50875 0.6025 0.0275 0.0675
0 0.54 0.50625 0.02875 0.085
0 0.48125 0.51 0.02625 0.09
0 0.4525 0.5125 0.01875 0.0825
0 0.63875 0.375 0.025 0.08875
0 0.61125 0.37625 0.025 0.085
0 0.5825 0.37625 0.02375 0.08375
0 0.55375 0.38 0.0275 0.08875
0 0.50875 0.50875 0.0275 0.09625
0 0.53875 0.60125 0.0275 0.07
0 0.56625 0.5975 0.01875 0.06375
0 0.59125 0.59625 0.02375 0.06625
0 0.7825 0.13875 0.01875 0.07375
0 0.75875 0.13625 0.01625 0.07625
0 0.605 0.7575 0.0275 0.0775
0 0.5725 0.76625 0.03125 0.07875
0 0.51875 0.78125 0.03 0.08375
0 0.49 0.78375 0.02125 0.0825
0 0.4625 0.79375 0.02625 0.0875
0 0.61375 0.66375 0.02 0.07125
0 0.5875 0.67125 0.02125 0.07
0 0.5625 0.68 0.02375 0.06375
0 0.53375 0.68375 0.01875 0.065
0 0.51 0.6875 0.02125 0.0625
0 0.48375 0.6925 0.02625 0.065
0 0.45375 0.6925 0.02125 0.0725
0 0.6175 0.59 0.02 0.05125
0 0.4875 0.3825 0.02625 0.0925
0 0.37625 0.65625 0.0275 0.06125
0 0.79125 0.72125 0.02375 0.0575
0 0.3175 0.665 0.03 0.06125
0 0.16375 0.48875 0.03375 0.0775
0 0.135 0.4875 0.01625 0.07625
0 0.36375 0.3675 0.03375 0.0925
0 0.3275 0.3675 0.03125 0.0875
0 0.2875 0.36125 0.04 0.1
0 0.24625 0.35875 0.03375 0.105
0 0.20625 0.36625 0.03 0.09875
0 0.16125 0.36125 0.035 0.115
0 0.35625 0.2275 0.03 0.07875
0 0.295 0.22875 0.02875 0.0875
0 0.265 0.22625 0.03 0.08875
0 0.22875 0.22375 0.02875 0.0875
0 0.19375 0.2225 0.03125 0.08375
0 0.1575 0.22125 0.02875 0.0875
0 0.34875 0.105 0.03375 0.08375
0 0.31375 0.1 0.0275 0.0875
0 0.28 0.1 0.0275 0.09125
0 0.245 0.0925 0.0325 0.08625
0 0.21125 0.09875 0.0325 0.0775
0 0.1725 0.095 0.02625 0.08
0 0.14125 0.09375 0.025 0.08125
0 0.2025 0.48375 0.03 0.0775
0 0.34875 0.66 0.025 0.055
0 0.325 0.22875 0.02625 0.0825
0 0.28 0.58375 0.02375 0.07375
0 0.22375 0.685 0.02875 0.07375
0 0.18625 0.685 0.02875 0.06875
0 0.15 0.6925 0.03375 0.07
0 0.37625 0.56625 0.0225 0.06625
0 0.34625 0.5725 0.03 0.06875
0 0.31 0.57875 0.02625 0.06875
0 0.24375 0.5875 0.02875 0.07125
0 0.21 0.5925 0.02625 0.07125
0 0.1725 0.59875 0.02875 0.07875
0 0.76625 0.72875 0.02125 0.06125
0 0.2875 0.6725 0.0275 0.05625
0 0.37375 0.4725 0.0225 0.0725
0 0.3425 0.4775 0.0325 0.07375
0 0.30625 0.4775 0.02875 0.07375
0 0.2725 0.48125 0.02875 0.07875
0 0.23875 0.48 0.02875 0.07625
0 0.14125 0.60375 0.02625 0.08