0 0.65875 0.605 0.02625 0.0675
0 0.6325 0.60375 0.025 0.0625
0 0.6075 0.59125 0.02 0.0625
0 0.585 0.5875 0.02375 0.0575
0 0.39125 0.5625 0.0225 0.06125
0 0.4325 0.56875 0.02125 0.065
0 0.455 0.575 0.0225 0.07
0 0.48 0.5775 0.025 0.065
0 0.4525 0.4175 0.02 0.07375
0 0.56 0.585 0.02375 0.06125
0 0.41375 0.5675 0.01625 0.06875
0 0.47875 0.42 0.02625 0.0725
0 0.37125 0.56125 0.0175 0.06375
0 0.3425 0.32625 0.0175 0.06875
0 0.36375 0.32875 0.02375 0.07
0 0.385 0.32875 0.01875 0.06875
0 0.40625 0.33 0.02125 0.07
0 0.4275 0.3275 0.01875 0.075
0 0.3525 0.5575 0.02 0.05875
0 0.44875 0.32875 0.02 0.06875
0 0.47375 0.32625 0.025 0.07625
0 0.505 0.32 0.02 0.08625
0 0.53125 0.32375 0.03 0.085
0 0.55875 0.32125 0.02375 0.08875
0 0.32375 0.32625 0.02 0.07125
0 0.33125 0.55375 0.02125 0.06625
0 0.67375 0.7075 0.02 0.08375
0 0.6475 0.70125 0.02625 0.08625
0 0.4325 0.49625 0.01875 0.06625
0 0.4525 0.4975 0.02 0.07125
0 0.475 0.49875 0.02375 0.0675
0 0.51375 0.5 0.02625 0.07
0 0.54375 0.50125 0.0275 0.06375
0 0.57125 0.5 0.02625 0.0625
0 0.595 0.50125 0.01875 0.0625
0 0.6175 0.50875 0.025 0.07625
0 0.64625 0.5125 0.0275 0.07375
0 0.73625 0.6525 0.02125 0.01875
0 0.74 0.62375 0.02375 0.03125
0 0.7675 0.635 0.0225 0.02875
0 0.41125 0.49375 0.02 0.07
0 0.79375 0.6375 0.025 0.03375
0 0.76375 0.66125 0.0225 0.02625
0 0.79375 0.66875 0.0225 0.025
0 0.8225 0.6725 0.02625 0.03125
0 0.85625 0.67875 0.02375 0.03625
0 0.73625 0.5775 0.025 0.0325
0 0.76875 0.58375 0.0275 0.02875
0 0.77 0.55375 0.02625 0.02875
0 0.8 0.55875 0.02375 0.0325
0 0.79875 0.59125 0.02625 0.02875
0 0.83 0.595 0.02875 0.02875
0 0.8325 0.55875 0.025 0.04
0 0.8625 0.5975 0.02375 0.0275
0 0.825 0.64 0.025 0.02875
0 0.39 0.4925 0.0175 0.065
0 0.37125 0.49125 0.02 0.06625
0 0.35 0.48875 0.01875 0.05875
0 0.6225 0.685 0.02 0.075
0 0.60125 0.68125 0.02 0.08125
0 0.545 0.65625 0.025 0.05375
0 0.395 0.64375 0.0225 0.0625
0 0.37375 0.6425 0.02 0.0575
0 0.35375 0.63875 0.0175 0.065
0 0.33375 0.635 0.01875 0.0575
0 0.315 0.63125 0.0175 0.065
0 0.86375 0.56625 0.0225 0.03375
0 0.745 0.49125 0.0275 0.02875
0 0.7525 0.4575 0.0275 0.03375
0 0.77875 0.4925 0.02625 0.02625
0 0.78125 0.46125 0.0225 0.03125
0 0.8075 0.46625 0.02375 0.0275
0 0.80625 0.49625 0.02375 0.03
0 0.8375 0.5 0.03 0.02125
0 0.86375 0.5025 0.02125 0.03
0 0.86625 0.47 0.0175 0.03125
0 0.74875 0.41875 0.03 0.02875
0 0.75125 0.38875 0.02375 0.03125
0 0.77875 0.42125 0.0275 0.0275
0 0.78125 0.39 0.0225 0.03375
0 0.81125 0.42375 0.0325 0.03125
0 0.81625 0.3925 0.0225 0.03
0 0.84625 0.42625 0.03 0.03125
0 0.855 0.3925 0.035 0.03
0 0.3325 0.485 0.01875 0.05875
0 0.58375 0.32375 0.0225 0.08875
0 0.61 0.3225 0.02875 0.0925
0 0.43125 0.41875 0.02125 0.07125
0 0.66875 0.32 0.02625 0.095
0 0.6925 0.32125 0.02125 0.09375
0 0.39 0.4175 0.0175 0.0675
0 0.34375 0.41125 0.0325 0.06375
0 0.68125 0.42 0.02875 0.085
0 0.67125 0.515 0.02125 0.0725
0 0.40875 0.41625 0.01875 0.07125
0 0.64 0.3225 0.03 0.0925