0 0.53375 0.49625 0.01125 0.02625
0 0.535 0.46625 0.0125 0.0275
0 0.545 0.49375 0.00875 0.025
0 0.35125 0.35875 0.02625 0.105
0 0.47875 0.50625 0.01 0.025
0 0.465 0.5075 0.01375 0.0275
0 0.47875 0.47625 0.01125 0.02875
0 0.465 0.4775 0.01375 0.03
0 0.105 0.4075 0.1125 0.045
0 0.20125 0.35625 0.09 0.045
0 0.095 0.35875 0.1125 0.04625
0 0.18 0.27125 0.10375 0.05
0 0.0625 0.27375 0.125 0.055
0 0.1775 0.22 0.10625 0.04875
0 0.06125 0.21875 0.12125 0.04875
0 0.17 0.16625 0.1075 0.0525
0 0.0325 0.165 0.065 0.035
0 0.375 0.4625 0.01125 0.025
0 0.54625 0.465 0.01 0.02625
0 0.555 0.4925 0.00875 0.025
0 0.56625 0.49 0.01125 0.02625
0 0.61875 0.4775 0.025 0.03125
0 0.74875 0.47625 0.02 0.02125
0 0.74125 0.51625 0.01625 0.02875
0 0.7225 0.535 0.01375 0.0225
0 0.31625 0.36 0.0175 0.11375
0 0.46625 0.57375 0.02875 0.04375
0 0.435 0.645 0.0275 0.0475
0 0.43625 0.5775 0.0275 0.04375
0 0.405 0.6575 0.02875 0.0475
0 0.405 0.58625 0.03125 0.03875
0 0.37 0.63625 0.03375 0.04
0 0.37 0.59375 0.035 0.04375
0 0.3725 0.7025 0.03375 0.0475
0 0.335 0.7125 0.0375 0.05375
0 0.33375 0.64125 0.0375 0.04375
0 0.72125 0.4575 0.02 0.03125
0 0.65875 0.47125 0.015 0.02875
0 0.64 0.475 0.01625 0.03125
0 0.37125 0.5075 0.04625 0.06125
0 0.75125 0.4425 0.01875 0.025
0 0.66625 0.36875 0.00875 0.05625
0 0.64625 0.36875 0.00875 0.05625
0 0.53625 0.3725 0.01125 0.065
0 0.52375 0.37375 0.01 0.06625
0 0.5125 0.37625 0.01125 0.0725
0 0.49875 0.375 0.01375 0.07125
0 0.7175 0.35875 0.00875 0.04125
0 0.70625 0.36 0.01125 0.0425
0 0.69125 0.36125 0.01125 0.0425
0 0.6775 0.36375 0.00875 0.04375
0 0.37375 0.36 0.0175 0.10125
0 0.48625 0.32 0.01 0.035
0 0.47375 0.32 0.01125 0.035
0 0.45875 0.32 0.01 0.03875
0 0.4475 0.32 0.01 0.03875
0 0.43625 0.32 0.01 0.03875
0 0.60625 0.5925 0.01875 0.035
0 0.48125 0.37375 0.0175 0.07
0 0.40875 0.31875 0.0125 0.04
0 0.55 0.3725 0.01125 0.0625
0 0.5625 0.37125 0.01125 0.0625
0 0.575 0.3725 0.01 0.06125
0 0.58625 0.3725 0.00875 0.06
0 0.63625 0.3675 0.00875 0.05625
0 0.62625 0.3675 0.00875 0.05625
0 0.61625 0.36875 0.01 0.0575
0 0.605 0.37 0.00875 0.05625
0 0.70875 0.53 0.01 0.025
0 0.70875 0.55625 0.015 0.01875
0 0.70875 0.58125 0.015 0.0275
0 0.69375 0.56375 0.01375 0.03375
0 0.65625 0.36875 0.00875 0.05625
0 0.695 0.515 0.01375 0.03375
0 0.68 0.51875 0.01375 0.0325
0 0.66 0.575 0.015 0.03625
0 0.665 0.51875 0.01375 0.02875
0 0.6425 0.5775 0.015 0.035
0 0.6475 0.52625 0.0175 0.03375
0 0.62875 0.53125 0.015 0.03625
0 0.625 0.585 0.01625 0.035
0 0.595 0.37 0.00875 0.0575
0 0.6775 0.56625 0.015 0.03375
0 0.75375 0.41 0.0275 0.0325
0 0.7625 0.3075 0.015 0.01125
0 0.76125 0.295 0.01375 0.00875
0 0.5425 0.55625 0.0225 0.04625
0 0.5175 0.62 0.02125 0.03875
0 0.51875 0.56 0.02125 0.0425
0 0.49125 0.6275 0.02375 0.0475
0 0.49375 0.565 0.025 0.03875
0 0.465 0.6375 0.0275 0.0475
0 0.69375 0.325 0.01 0.0275
0 0.6825 0.32625 0.01125 0.02875
0 0.65625 0.325 0.00875 0.02875
0 0.645 0.32375 0.00875 0.02875
0 0.63375 0.32375 0.00875 0.02875
0 0.6225 0.3225 0.0075 0.03
0 0.61375 0.32375 0.0075 0.02875
0 0.60375 0.32375 0.0075 0.03125
0 0.59375 0.32375 0.0075 0.03125
0 0.585 0.32375 0.0075 0.03125
0 0.575 0.32375 0.00875 0.03375
0 0.54 0.6125 0.02125 0.035
0 0.5675 0.54625 0.02125 0.0375
0 0.56375 0.60625 0.02125 0.03875
0 0.59 0.5425 0.01875 0.04
0 0.1425 0.72625 0.1 0.0625
0 0.2225 0.6225 0.07125 0.06125
0 0.135 0.6425 0.10125 0.0675
0 0.21875 0.54375 0.08 0.0575
0 0.1225 0.55875 0.10625 0.0575
0 0.0475 0.79875 0.09375 0.08
0 0.04375 0.705 0.08625 0.04125
0 0.04125 0.66 0.08125 0.04625
0 0.54875 0.3225 0.01 0.0325
0 0.03875 0.61375 0.0775 0.04
0 0.21375 0.4925 0.08625 0.03875
0 0.1125 0.505 0.1075 0.04375
0 0.02875 0.51625 0.05625 0.05125
0 0.21 0.45 0.08875 0.04125
0 0.10875 0.4575 0.1075 0.045
0 0.20625 0.405 0.08625 0.04125
0 0.61 0.535 0.01875 0.035
0 0.58625 0.5975 0.01875 0.03875
0 0.03375 0.5675 0.06625 0.05
0 0.4225 0.32 0.01125 0.03875
0 0.5625 0.3225 0.0125 0.03125
0 0.51875 0.32125 0.01125 0.03375
0 0.485 0.21875 0.025 0.10625
0 0.51125 0.22375 0.02375 0.105
0 0.535 0.22875 0.02 0.10375
0 0.55625 0.22875 0.02 0.1025
0 0.5775 0.2325 0.01875 0.09625
0 0.59875 0.235 0.01875 0.09625
0 0.61875 0.23875 0.0175 0.09125
0 0.6375 0.24125 0.01625 0.09375
0 0.65625 0.2425 0.0175 0.0925
0 0.6725 0.245 0.0125 0.09375
0 0.6875 0.24375 0.015 0.09
0 0.7025 0.25 0.01375 0.0825
0 0.7175 0.24875 0.01125 0.08375
0 0.73125 0.25 0.01375 0.08125
0 0.76 0.2525 0.02125 0.0275
0 0.76375 0.27125 0.0175 0.0075
0 0.7625 0.28375 0.01625 0.0075
0 0.46 0.215 0.02375 0.11
0 0.435 0.2125 0.02375 0.11375
0 0.4075 0.2075 0.0275 0.1175
0 0.375 0.20375 0.03125 0.11625
0 0.5 0.32 0.01125 0.035
0 0.53125 0.32125 0.01 0.03375
0 0.22875 0.7025 0.07125 0.05625
0 0.70875 0.32375 0.01 0.02625
0 0.2975 0.19625 0.03875 0.05875
0 0.33875 0.19625 0.03875 0.12125
0 0.28625 0.42625 0.0375 0.05625