0 0.7675 0.1925 0.02625 0.05875
0 0.7075 0.195 0.0375 0.06875
0 0.74 0.19375 0.025 0.065
0 0.22875 0.68125 0.27875 0.22375
0 0.765 0.255 0.0225 0.05875
0 0.7925 0.3425 0.02125 0.04875
0 0.6875 0.3975 0.04 0.04375
0 0.72125 0.3875 0.02375 0.04875
0 0.76625 0.40875 0.02375 0.04
0 0.74 0.4275 0.025 0.03125
0 0.71125 0.4425 0.02375 0.04125
0 0.67875 0.4575 0.02625 0.04875
0 0.70625 0.49 0.02375 0.04125
0 0.79375 0.185 0.0225 0.06375
0 0.76125 0.31375 0.0325 0.0525
0 0.7225 0.65375 0.02125 0.0325
0 0.1375 0.4775 0.05125 0.12625
0 0.38875 0.4 0.07 0.0625
0 0.39875 0.46375 0.06 0.0575
0 0.45125 0.57375 0.14875 0.12375
0 0.44 0.71375 0.06625 0.09125
0 0.505 0.68 0.05125 0.075
0 0.55625 0.64375 0.0425 0.07125
0 0.46125 0.81875 0.05625 0.085
0 0.51625 0.7825 0.04375 0.075
0 0.55875 0.74875 0.0375 0.07
0 0.55625 0.8375 0.035 0.07
0 0.59375 0.81 0.0325 0.0675
0 0.59625 0.715 0.02875 0.05
0 0.5975 0.66125 0.03125 0.0475
0 0.5975 0.565 0.04125 0.085
0 0.6 0.43875 0.04875 0.085
0 0.72875 0.3275 0.03125 0.06125
0 0.6975 0.265 0.0375 0.06625
0 0.73375 0.2575 0.02625 0.06375
0 0.19625 0.45875 0.05 0.10875
0 0.07 0.495 0.0675 0.12125
0 0.69125 0.3375 0.03125 0.0675
0 0.7425 0.6625 0.01375 0.04375
0 0.75375 0.55125 0.0225 0.03625
0 0.85375 0.36 0.0225 0.03375
0 0.82875 0.32375 0.025 0.0525
0 0.86125 0.32 0.02125 0.04
0 0.63625 0.58625 0.03125 0.04
0 0.6325 0.63375 0.0325 0.045
0 0.62875 0.72875 0.03 0.06375
0 0.6625 0.70375 0.0275 0.05625
0 0.69 0.7175 0.025 0.05
0 0.69625 0.6325 0.02125 0.05
0 0.6675 0.64875 0.0275 0.04375
0 0.7025 0.54375 0.0275 0.04875
0 0.7325 0.475 0.02375 0.03875
0 0.7575 0.4575 0.01875 0.04875
0 0.7575 0.5075 0.02125 0.03625
0 0.8675 0.27375 0.02625 0.05
0 0.84 0.27375 0.0225 0.04125
0 0.72125 0.60375 0.0225 0.04625
0 0.84 0.445 0.02375 0.03125
0 0.8325 0.48125 0.02125 0.035
0 0.84875 0.40125 0.02125 0.04
0 0.82625 0.52125 0.02 0.02875
0 0.7425 0.6225 0.015 0.03
0 0.745 0.58875 0.0175 0.02875
0 0.79 0.395 0.02 0.04625
0 0.81625 0.38625 0.0225 0.04375
0 0.7825 0.4475 0.02 0.0375
0 0.8075 0.43625 0.0225 0.0325
0 0.77875 0.49375 0.01625 0.03625
0 0.80375 0.53625 0.01375 0.0375
0 0.77375 0.56 0.015 0.045
0 0.8 0.48375 0.01875 0.0325
0 0.76375 0.61 0.015 0.0325
0 0.7825 0.59875 0.015 0.0275
0 0.81625 0.59625 0.02 0.03625
0 0.82 0.55625 0.01875 0.0325
0 0.675 0.50875 0.02625 0.04875
0 0.67125 0.565 0.03375 0.04625
0 0.63875 0.53125 0.0325 0.0525
0 0.78875 0.55 0.0125 0.03625