0 0.39125 0.67 0.02875 0.10375
0 0.35375 0.69 0.04375 0.0625
0 0.2725 0.72 0.04 0.06375
0 0.42 0.65875 0.02625 0.07875
0 0.3125 0.705 0.03875 0.0925
0 0.2325 0.73625 0.04125 0.09625
0 0.2575 0.55875 0.04375 0.08875
0 0.14375 0.765 0.0375 0.1
0 0.50625 0.49625 0.03 0.08875
0 0.55875 0.48375 0.02375 0.06875
0 0.5825 0.4775 0.025 0.08
0 0.60875 0.47125 0.02375 0.06875
0 0.6325 0.46625 0.02375 0.08
0 0.65625 0.46 0.01875 0.07
0 0.67625 0.455 0.0175 0.06375
0 0.695 0.45 0.0175 0.05875
0 0.71375 0.445 0.0175 0.06875
0 0.73125 0.44125 0.01875 0.06
0 0.75 0.44 0.01625 0.065
0 0.7675 0.435 0.0175 0.05625
0 0.785 0.4325 0.0175 0.05875
0 0.84375 0.44625 0.02625 0.05625
0 0.44875 0.64875 0.03125 0.095
0 0.18875 0.75 0.04375 0.06625
0 0.47875 0.635 0.0275 0.0675
0 0.51125 0.62875 0.03625 0.08
0 0.5425 0.61875 0.02625 0.0625
0 0.38125 0.95375 0.04125 0.07125
0 0.4175 0.93625 0.02875 0.1025
0 0.44375 0.9225 0.02375 0.07625
0 0.46625 0.89875 0.02125 0.12
0 0.48875 0.88375 0.02375 0.09125
0 0.51125 0.88125 0.0175 0.0975
0 0.53375 0.86375 0.025 0.0625
0 0.5575 0.8525 0.0225 0.085
0 0.57875 0.84125 0.01875 0.0625
0 0.31125 0.9725 0.045 0.05125
0 0.6 0.8325 0.02125 0.08
0 0.635 0.8 0.0125 0.06
0 0.64875 0.78875 0.015 0.08125
0 0.665 0.78 0.015 0.0625
0 0.6825 0.7725 0.02 0.08
0 0.69875 0.7525 0.01875 0.07375
0 0.72 0.75125 0.02625 0.0775
0 0.74625 0.7325 0.02 0.05375
0 0.76875 0.72375 0.025 0.07375
0 0.81 0.69875 0.055 0.06375
0 0.29875 0.5525 0.0375 0.1
0 0.4775 0.50125 0.0275 0.07875
0 0.8375 0.56625 0.05375 0.0625
0 0.61 0.6875 0.01875 0.08
0 0.565 0.6075 0.01625 0.08375
0 0.5825 0.59875 0.01875 0.065
0 0.625 0.58375 0.025 0.0575
0 0.65 0.58 0.0225 0.06375
0 0.73125 0.545 0.02625 0.0525
0 0.7525 0.5375 0.01625 0.06125
0 0.7725 0.53125 0.0225 0.04625
0 0.6 0.5925 0.0175 0.05375
0 0.17625 0.8775 0.05125 0.1175
0 0.79 0.59375 0.03 0.075
0 0.225 0.86125 0.04 0.0875
0 0.325 0.81 0.03625 0.08375
0 0.36375 0.79625 0.04 0.11
0 0.42 0.77125 0.0375 0.0725
0 0.46 0.75625 0.0375 0.10125
0 0.49375 0.74 0.02625 0.07125
0 0.52125 0.72625 0.02375 0.09875
0 0.54375 0.7125 0.0225 0.07
0 0.5675 0.70375 0.02125 0.08875
0 0.58875 0.69375 0.02 0.0675
0 0.26375 0.85125 0.03625 0.10625
0 0.4475 0.51 0.03375 0.09625
0 0.62125 0.8125 0.01625 0.06125
0 0.34 0.5425 0.04375 0.08
0 0.6975 0.20625 0.01375 0.08625
0 0.6825 0.2025 0.015 0.0925
0 0.665 0.2025 0.0175 0.09375
0 0.64875 0.2025 0.01375 0.09625
0 0.63 0.2025 0.02125 0.1
0 0.6075 0.20125 0.02 0.1
0 0.5825 0.20375 0.0275 0.1025
0 0.55125 0.19875 0.0225 0.10625
0 0.53 0.1975 0.0175 0.1075
0 0.50875 0.19625 0.025 0.11
0 0.485 0.19125 0.01875 0.11125
0 0.46 0.19 0.02875 0.11375
0 0.715 0.20625 0.0175 0.0875
0 0.4325 0.19 0.0275 0.115
0 0.355 0.19875 0.02625 0.10625
0 0.31875 0.19625 0.04375 0.10875
0 0.27625 0.195 0.04 0.10625
0 0.23375 0.17875 0.045 0.14125
0 0.19375 0.17875 0.03125 0.1425
0 0.155 0.1775 0.045 0.14375
0 0.8 0.0975 0.0175 0.06625
0 0.78 0.095 0.0225 0.07
0 0.85375 0.10875 0.02875 0.07125
0 0.825 0.105 0.0275 0.08
0 0.75375 0.08125 0.01375 0.08875
0 0.73875 0.07875 0.01375 0.08375
0 0.39375 0.1975 0.04875 0.10125
0 0.7375 0.21375 0.01875 0.0675
0 0.7575 0.2175 0.0175 0.06875
0 0.775 0.21875 0.0175 0.065
0 0.41125 0.5175 0.03625 0.08125
0 0.21375 0.56875 0.04125 0.10875
0 0.16375 0.57625 0.0575 0.0925
0 0.83875 0.33125 0.03375 0.09625
0 0.7975 0.325 0.02625 0.06375
0 0.7725 0.3275 0.01875 0.065
0 0.7525 0.3275 0.02 0.065
0 0.7175 0.33375 0.02125 0.07
0 0.7 0.33375 0.015 0.07125
0 0.67875 0.3375 0.02375 0.08
0 0.6575 0.33875 0.01875 0.0775
0 0.63625 0.34125 0.0225 0.08125
0 0.6125 0.34375 0.02 0.07875
0 0.585 0.345 0.03625 0.08125
0 0.53625 0.35125 0.0275 0.0775
0 0.44875 0.36375 0.03 0.085
0 0.41625 0.36875 0.03125 0.0925
0 0.345 0.3725 0.03125 0.1
0 0.30875 0.37625 0.04125 0.0925
0 0.26125 0.385 0.03375 0.10875
0 0.2225 0.38875 0.045 0.1025
0 0.13875 0.40125 0.02625 0.1075
0 0.17625 0.3925 0.045 0.10625
0 0.85 0.22375 0.0225 0.07875
0 0.8275 0.21875 0.015 0.08875
0 0.8125 0.2225 0.015 0.09375
0 0.79375 0.22 0.01875 0.065
0 0.72375 0.075 0.0125 0.08875
0 0.7075 0.075 0.02 0.0875
0 0.38125 0.36875 0.03875 0.0925
0 0.4625 0.0425 0.0325 0.08
0 0.57375 0.0525 0.02875 0.095
0 0.6 0.05625 0.02 0.09625
0 0.43 0.03875 0.03125 0.07625
0 0.525 0.04625 0.03125 0.08625
0 0.495 0.04375 0.03 0.08125
0 0.6425 0.06125 0.02125 0.09875
0 0.6825 0.0725 0.02625 0.09125
0 0.62125 0.0575 0.02125 0.0925