0 0.43625 0.54125 0.01875 0.04625
0 0.66125 0.54125 0.01875 0.055
0 0.3825 0.5475 0.0225 0.04125
0 0.32125 0.53875 0.02375 0.055
0 0.27875 0.55 0.0475 0.035
0 0.40875 0.54125 0.0225 0.04875
0 0.45625 0.54375 0.01875 0.04625
0 0.5875 0.53875 0.0225 0.055
0 0.50875 0.535 0.02625 0.0625
0 0.26125 0.6525 0.0125 0.0125
0 0.26125 0.6375 0.01875 0.01375
0 0.6875 0.5425 0.02 0.05375
0 0.54375 0.54125 0.04 0.05125
0 0.275 0.515 0.04875 0.02875
0 0.61625 0.54125 0.02375 0.0525
0 0.48125 0.54625 0.0225 0.04125
0 0.71625 0.46 0.05125 0.0325
0 0.435 0.44875 0.0225 0.05875
0 0.65625 0.44375 0.0225 0.065
0 0.50625 0.365 0.0275 0.06875
0 0.5825 0.3725 0.0325 0.05625
0 0.6825 0.365 0.03125 0.06125
0 0.72125 0.36375 0.03875 0.065
0 0.2625 0.44875 0.025 0.05125
0 0.29 0.45 0.02375 0.055
0 0.315 0.44875 0.01875 0.05
0 0.45875 0.36625 0.0325 0.05875
0 0.71625 0.435 0.04875 0.01
0 0.41875 0.3625 0.03875 0.0625
0 0.38 0.45 0.025 0.055
0 0.40875 0.45 0.02375 0.0525
0 0.46625 0.44875 0.0325 0.05125
0 0.52375 0.45125 0.0225 0.0525
0 0.5525 0.4475 0.02625 0.05875
0 0.58 0.44625 0.01875 0.0625
0 0.60875 0.45125 0.02125 0.05125
0 0.63375 0.44375 0.0225 0.06625
0 0.3425 0.44875 0.02875 0.0525
0 0.63875 0.5425 0.01875 0.0525
0 0.35125 0.53875 0.02625 0.05625
0 0.76125 0.39375 0.03125 0.035
0 0.2725 0.70375 0.01875 0.04625
0 0.29375 0.71125 0.01875 0.0475
0 0.35625 0.71625 0.03125 0.0525
0 0.43625 0.715 0.0175 0.05
0 0.45625 0.705 0.00875 0.0425
0 0.47625 0.71375 0.02125 0.0475
0 0.50375 0.7125 0.0275 0.05
0 0.70375 0.62875 0.03125 0.05375
0 0.53 0.71 0.02125 0.05625
0 0.58125 0.70875 0.02 0.06
0 0.64375 0.6975 0.0425 0.02625
0 0.645 0.725 0.03875 0.025
0 0.68375 0.7175 0.02125 0.04125
0 0.71625 0.7175 0.02 0.045
0 0.27375 0.79 0.025 0.0475
0 0.30125 0.7925 0.015 0.03125
0 0.555 0.71 0.0225 0.0575
0 0.6475 0.63625 0.0425 0.0375
0 0.65 0.6025 0.0425 0.02125
0 0.61 0.61625 0.025 0.04625
0 0.375 0.35875 0.03375 0.075
0 0.3375 0.35625 0.0375 0.0725
0 0.28375 0.645 0.015 0.02375
0 0.3 0.6275 0.0175 0.0525
0 0.31875 0.6275 0.0175 0.055
0 0.34125 0.6275 0.01875 0.055
0 0.36625 0.62125 0.01875 0.05
0 0.3875 0.625 0.01875 0.05
0 0.4325 0.6225 0.02125 0.04625
0 0.40375 0.61 0.01125 0.04
0 0.41625 0.615 0.01 0.04375
0 0.49875 0.62875 0.01875 0.0525
0 0.2975 0.35625 0.03625 0.07375
0 0.26 0.35625 0.035 0.0725
0 0.7625 0.3375 0.03375 0.03625
0 0.52625 0.62375 0.02 0.05375
0 0.555 0.62875 0.02125 0.045
0 0.31625 0.795 0.0125 0.035
0 0.32875 0.8 0.01125 0.0375
0 0.465 0.62875 0.02625 0.05125
0 0.3575 0.79375 0.0125 0.04625
0 0.49375 0.88 0.0225 0.05
0 0.51625 0.88875 0.02 0.0375
0 0.54375 0.865 0.02375 0.02875
0 0.545 0.89125 0.02375 0.02125
0 0.75625 0.42875 0.03125 0.035
0 0.75625 0.5075 0.03625 0.045
0 0.74625 0.60125 0.0325 0.035
0 0.75 0.56625 0.03 0.0225
0 0.75625 0.6725 0.04625 0.06875
0 0.56875 0.87125 0.01875 0.03875
0 0.59125 0.885 0.0225 0.05
0 0.6225 0.88 0.01875 0.0475
0 0.77 0.77125 0.01875 0.065
0 0.64875 0.88125 0.02125 0.05
0 0.6925 0.87125 0.0175 0.0375
0 0.76125 0.8575 0.025 0.04875
0 0.41375 0.88375 0.02 0.0475
0 0.46625 0.875 0.01875 0.04875
0 0.3375 0.89 0.02625 0.0375
0 0.3725 0.795 0.0125 0.04625
0 0.40375 0.78 0.0425 0.01375
0 0.4025 0.80625 0.03625 0.03375
0 0.34125 0.80125 0.01125 0.03375
0 0.44375 0.795 0.02125 0.055
0 0.48125 0.795 0.02125 0.04625
0 0.50125 0.79375 0.0125 0.0525
0 0.52375 0.7875 0.02375 0.03875
0 0.58125 0.79625 0.0225 0.04
0 0.36375 0.885 0.0225 0.04625
0 0.61125 0.81375 0.02375 0.0325
0 0.6575 0.79375 0.01625 0.05
0 0.6775 0.79375 0.015 0.0525
0 0.70375 0.79375 0.02625 0.05625
0 0.27375 0.8875 0.025 0.03
0 0.3075 0.89125 0.02875 0.03
0 0.635 0.795 0.01875 0.04375
0 0.74375 0.7725 0.02875 0.05625