0 0.3125 0.60875 0.0375 0.0225
0 0.23125 0.56375 0.025 0.0425
0 0.23375 0.605 0.03 0.03375
0 0.27 0.61125 0.04 0.02375
0 0.2675 0.565 0.04 0.01375
0 0.27 0.58625 0.0375 0.0225
0 0.3125 0.5825 0.04 0.02125
0 0.39625 0.5525 0.03375 0.02125
0 0.3575 0.55625 0.03875 0.02125
0 0.3575 0.58 0.04 0.02
0 0.35375 0.60625 0.03875 0.02
0 0.39625 0.6025 0.0375 0.02
0 0.39625 0.5775 0.035 0.0225
0 0.72125 0.5 0.0325 0.02
0 0.31375 0.5575 0.0425 0.02125
0 0.685 0.5 0.0325 0.02
0 0.4325 0.80875 0.0325 0.04
0 0.61375 0.5025 0.0325 0.02
0 0.435 0.5525 0.0375 0.0225
0 0.54375 0.45375 0.0325 0.02375
0 0.54375 0.48125 0.0325 0.02375
0 0.54375 0.50625 0.0325 0.02375
0 0.57875 0.5075 0.0325 0.02375
0 0.57875 0.48 0.03125 0.0225
0 0.5775 0.45375 0.025 0.02375
0 0.6125 0.45125 0.035 0.02375
0 0.65125 0.4525 0.035 0.0225
0 0.61375 0.4775 0.03375 0.0225
0 0.65125 0.4775 0.03375 0.0225
0 0.69 0.45 0.03125 0.0225
0 0.7275 0.45 0.03625 0.0225
0 0.68625 0.4775 0.0325 0.0225
0 0.72 0.47625 0.0325 0.02
0 0.65 0.50125 0.0325 0.02
0 0.435 0.5775 0.04 0.02125
0 0.4375 0.6025 0.04125 0.02
0 0.4775 0.59875 0.0325 0.025
0 0.58 0.6425 0.03125 0.0375
0 0.57875 0.68 0.03125 0.0375
0 0.54625 0.6825 0.03125 0.0375
0 0.545 0.64125 0.03375 0.03625
0 0.50875 0.6425 0.03375 0.03625
0 0.51 0.6825 0.03375 0.03625
0 0.615 0.65125 0.03 0.03375
0 0.47625 0.68625 0.02625 0.02875
0 0.43875 0.66875 0.03875 0.02125
0 0.44 0.695 0.035 0.02375
0 0.40125 0.70375 0.03875 0.01
0 0.4 0.685 0.03 0.0125
0 0.4 0.66875 0.03125 0.01375
0 0.4 0.6475 0.02875 0.02
0 0.475 0.65625 0.0275 0.0275
0 0.36375 0.64375 0.03125 0.0125
0 0.64875 0.6475 0.0325 0.035
0 0.64875 0.6725 0.03 0.01
0 0.43375 0.76625 0.0325 0.04
0 0.385 0.75875 0.06375 0.045
0 0.38 0.81375 0.06375 0.04625
0 0.32625 0.815 0.03875 0.04375
0 0.32625 0.77 0.04125 0.04375
0 0.28125 0.81625 0.04125 0.055
0 0.61625 0.67625 0.0325 0.01125
0 0.23875 0.81375 0.0375 0.05
0 0.72 0.675 0.035 0.03125
0 0.685 0.675 0.03125 0.03125
0 0.72125 0.63625 0.0325 0.0375
0 0.68375 0.6375 0.035 0.04
0 0.65 0.68625 0.03 0.01
0 0.61625 0.69 0.03125 0.01125
0 0.24125 0.7725 0.0425 0.02375
0 0.3625 0.66 0.02875 0.0075
0 0.36375 0.675 0.03125 0.0125
0 0.365 0.69 0.035 0.01375
0 0.585 0.59 0.03125 0.035
0 0.58625 0.54875 0.03 0.03875
0 0.55 0.55 0.03375 0.04
0 0.5075 0.7625 0.0325 0.04
0 0.5075 0.80625 0.0325 0.04
0 0.545 0.7825 0.03375 0.06875
0 0.6175 0.54375 0.02875 0.0225
0 0.58125 0.785 0.03375 0.06875
0 0.665 0.78625 0.055 0.06
0 0.72625 0.785 0.05625 0.06
0 0.55125 0.59125 0.0325 0.03625
0 0.51375 0.5925 0.035 0.03625
0 0.51375 0.55 0.035 0.03875
0 0.475 0.57125 0.03625 0.0225
0 0.6175 0.7825 0.03375 0.06875
0 0.65125 0.54125 0.03125 0.025
0 0.68625 0.54 0.03125 0.025
0 0.7225 0.54 0.03125 0.025
0 0.36125 0.7075 0.035 0.01
0 0.31875 0.70125 0.04 0.0225
0 0.3225 0.675 0.04 0.02125
0 0.30875 0.655 0.04125 0.015
0 0.27375 0.695 0.04125 0.03625
0 0.235 0.6975 0.03125 0.03625
0 0.2375 0.6625 0.03625 0.025
0 0.72 0.58875 0.0325 0.02125
0 0.685 0.59125 0.0325 0.02125
0 0.65125 0.5925 0.0325 0.02125
0 0.6175 0.5925 0.0325 0.02125
0 0.47 0.765 0.0325 0.04
0 0.6875 0.5675 0.03375 0.01875
0 0.65125 0.5675 0.03375 0.01875
0 0.6175 0.56875 0.02875 0.01875
0 0.47 0.80875 0.0325 0.04
0 0.7225 0.565 0.03375 0.02
0 0.475 0.545 0.0375 0.02375
0 0.285 0.36875 0.045 0.01375
0 0.50875 0.5075 0.0325 0.02125
0 0.55 0.3025 0.04125 0.025
0 0.5925 0.30125 0.03875 0.025
0 0.5925 0.32875 0.03875 0.025
0 0.635 0.32875 0.03875 0.025
0 0.635 0.30125 0.03875 0.025
0 0.67875 0.29375 0.0425 0.03125
0 0.68125 0.26125 0.03375 0.0225
0 0.64875 0.265 0.02375 0.0225
0 0.61375 0.26375 0.02875 0.01875
0 0.67875 0.32625 0.04125 0.0275
0 0.72125 0.32875 0.04125 0.0275
0 0.72375 0.2975 0.04125 0.0275
0 0.24375 0.38875 0.04375 0.025
0 0.4725 0.4825 0.03375 0.02375
0 0.435 0.4825 0.03625 0.025
0 0.4725 0.5075 0.03625 0.025
0 0.23625 0.295 0.03375 0.03125
0 0.43625 0.51 0.03625 0.0225
0 0.50875 0.48125 0.03375 0.02
0 0.5075 0.455 0.035 0.02625
0 0.33125 0.37125 0.03 0.01125
0 0.54875 0.33 0.04125 0.025
0 0.28125 0.33375 0.0425 0.0275
0 0.28 0.30375 0.045 0.02625
0 0.27875 0.275 0.04625 0.025
0 0.325 0.275 0.0425 0.025
0 0.3275 0.305 0.0425 0.025
0 0.3275 0.33375 0.0425 0.025
0 0.3725 0.33375 0.0425 0.025
0 0.37125 0.305 0.0425 0.0275
0 0.37125 0.275 0.0425 0.0275
0 0.3575 0.4625 0.03125 0.04125
0 0.41625 0.275 0.0425 0.0275
0 0.4175 0.33375 0.04375 0.02375
0 0.46125 0.33375 0.04375 0.025
0 0.46125 0.305 0.0425 0.0275
0 0.46125 0.275 0.04 0.02375
0 0.505 0.285 0.0375 0.00625
0 0.54875 0.2825 0.03625 0.00875
0 0.59375 0.28 0.04 0.01125
0 0.50625 0.3025 0.04125 0.025
0 0.50625 0.33 0.04125 0.025
0 0.41625 0.30375 0.0425 0.0275
0 0.32375 0.465 0.03125 0.04125
0 0.23625 0.33 0.035 0.0325
0 0.24 0.46375 0.04125 0.0225
0 0.6125 0.40875 0.03375 0.0225
0 0.24 0.48875 0.04125 0.02375
0 0.28375 0.4625 0.03875 0.02375
0 0.54125 0.41125 0.0325 0.02375
0 0.53875 0.385 0.0325 0.02375
0 0.7225 0.38 0.0325 0.02375
0 0.505 0.38625 0.03125 0.025
0 0.685 0.38 0.0325 0.02375
0 0.685 0.4075 0.0325 0.02375
0 0.6475 0.4075 0.0325 0.02375
0 0.64875 0.3825 0.0325 0.02375
0 0.5775 0.3825 0.0325 0.02375
0 0.3575 0.505 0.0325 0.03625
0 0.61375 0.38125 0.0325 0.02375
0 0.7225 0.405 0.0325 0.02375
0 0.46875 0.38625 0.03375 0.02375
0 0.505 0.4125 0.0325 0.02375
0 0.43125 0.41375 0.03625 0.0225
0 0.32375 0.50625 0.0325 0.03625
0 0.285 0.51625 0.04 0.02375
0 0.24125 0.515 0.0425 0.0225
0 0.28375 0.49 0.0425 0.02
0 0.38875 0.37 0.0375 0.01375
0 0.46875 0.41125 0.03625 0.0225
0 0.28875 0.415 0.0425 0.025
0 0.2875 0.38875 0.04 0.02375
0 0.2425 0.415 0.04375 0.025
0 0.3275 0.41375 0.03 0.0225
0 0.36 0.39 0.0325 0.02125
0 0.36 0.41375 0.03125 0.02125
0 0.395 0.415 0.0325 0.02125
0 0.395 0.39125 0.03125 0.02125
0 0.43125 0.3875 0.03625 0.0225
0 0.3275 0.39 0.03 0.0225
0 0.57625 0.40875 0.0325 0.02375