0 0.3 0.32 0.0475 0.1575
0 0.33875 0.32625 0.025 0.07125
0 0.75875 0.34625 0.0325 0.02875
0 0.385 0.32125 0.06125 0.07375
0 0.85 0.345 0.03625 0.03375
0 0.74625 0.28125 0.03375 0.02625
0 0.23875 0.29125 0.0475 0.06
0 0.74875 0.31375 0.03625 0.03125
0 0.40625 0.27375 0.05 0.01625
0 0.79625 0.78625 0.055 0.03125
0 0.515 0.30625 0.0225 0.03625
0 0.14375 0.29 0.03625 0.06
0 0.72125 0.345 0.02875 0.03125
0 0.68125 0.2925 0.04125 0.0275
0 0.68375 0.335 0.03625 0.05125
0 0.6425 0.335 0.035 0.05125
0 0.635 0.29375 0.03375 0.02625
0 0.59875 0.2975 0.03375 0.0225
0 0.2225 0.3825 0.03125 0.06875
0 0.60125 0.33875 0.0375 0.0525
0 0.185 0.3875 0.03125 0.055
0 0.1475 0.38875 0.0425 0.05125
0 0.5525 0.285 0.04875 0.1025
0 0.5575 0.35 0.04125 0.01875
0 0.51625 0.34625 0.025 0.035
0 0.48375 0.30625 0.03125 0.03125
0 0.47875 0.34375 0.035 0.0375
0 0.1875 0.29125 0.045 0.05875
0 0.795 0.30875 0.04375 0.02875
0 0.74375 0.74625 0.04625 0.0225
0 0.85125 0.165 0.0475 0.095
0 0.8625 0.8575 0.025 0.07625
0 0.80625 0.85125 0.07 0.0625
0 0.72875 0.8725 0.08 0.055
0 0.66875 0.88875 0.0225 0.0425
0 0.67125 0.84 0.02375 0.04375
0 0.64375 0.8875 0.015 0.03875
0 0.645 0.8425 0.02 0.05
0 0.62 0.88 0.02 0.04625
0 0.59625 0.875 0.02 0.0475
0 0.5725 0.8725 0.02 0.04375
0 0.15625 0.15125 0.04875 0.02625
0 0.15875 0.1975 0.03625 0.0525
0 0.21125 0.18875 0.055 0.05875
0 0.27375 0.16 0.05625 0.11125
0 0.3225 0.16 0.0375 0.11625
0 0.3675 0.1625 0.04 0.1075
0 0.41 0.15875 0.03875 0.1225
0 0.25625 0.3825 0.025 0.07125
0 0.47625 0.155 0.0325 0.12125
0 0.51375 0.15375 0.0325 0.1275
0 0.55125 0.17 0.03125 0.0975
0 0.58375 0.16375 0.03375 0.1025
0 0.625 0.15375 0.04125 0.12
0 0.66125 0.17125 0.0275 0.08625
0 0.695 0.185 0.03125 0.07
0 0.74375 0.185 0.055 0.0575
0 0.79 0.185 0.03125 0.06
0 0.8075 0.345 0.03875 0.03375
0 0.30125 0.41625 0.045 0.025
0 0.4375 0.32375 0.03625 0.075
0 0.345 0.44875 0.03125 0.0475
0 0.19 0.495 0.03375 0.07125
0 0.14875 0.49375 0.03625 0.0725
0 0.1475 0.57875 0.01625 0.06125
0 0.165 0.58 0.01375 0.065
0 0.1875 0.58125 0.02375 0.0625
0 0.22 0.58375 0.0375 0.06625
0 0.14125 0.66875 0.03 0.06
0 0.17 0.67 0.0225 0.05625
0 0.2325 0.4925 0.02875 0.0625
0 0.2025 0.665 0.0275 0.05875
0 0.2625 0.67375 0.015 0.065
0 0.28875 0.65125 0.02375 0.06
0 0.31875 0.65 0.025 0.06
0 0.37875 0.645 0.0175 0.04375
0 0.405 0.665 0.02875 0.04625
0 0.43625 0.66625 0.03 0.0475
0 0.4725 0.82 0.02375 0.02125
0 0.445 0.8225 0.02 0.02125
0 0.24 0.6625 0.02375 0.05
0 0.4175 0.81875 0.02 0.01625
0 0.26375 0.49 0.03 0.0625
0 0.31625 0.5725 0.025 0.04875
0 0.7875 0.4375 0.01625 0.0775
0 0.85 0.57875 0.03375 0.065
0 0.8125 0.5725 0.03 0.08125
0 0.78 0.57125 0.03 0.075
0 0.745 0.55875 0.03 0.1025
0 0.71125 0.5575 0.03 0.10125
0 0.675 0.565 0.035 0.09
0 0.595 0.55625 0.02875 0.08625
0 0.27375 0.58125 0.03375 0.065
0 0.56375 0.55375 0.02875 0.08625
0 0.51375 0.57125 0.02375 0.0725
0 0.4875 0.58 0.02125 0.0475
0 0.46625 0.56375 0.0175 0.065
0 0.43 0.55 0.04625 0.08375
0 0.3925 0.5775 0.0225 0.0475
0 0.3675 0.57875 0.0175 0.04625
0 0.30375 0.455 0.0325 0.0375
0 0.34375 0.56625 0.02625 0.0625
0 0.53875 0.5825 0.01875 0.05375
0 0.85875 0.46 0.02625 0.03875
0 0.53625 0.86875 0.02375 0.045
0 0.48375 0.86375 0.0275 0.06
0 0.58375 0.77125 0.0475 0.03625
0 0.57875 0.73625 0.0475 0.02625
0 0.635 0.75875 0.0475 0.05875
0 0.685 0.7475 0.04875 0.065
0 0.7425 0.7875 0.045 0.0175
0 0.47 0.665 0.0325 0.04375
0 0.5025 0.655 0.03125 0.04125
0 0.54125 0.67125 0.03875 0.04625
0 0.54625 0.76625 0.0225 0.04625
0 0.58625 0.6675 0.045 0.04375
0 0.6875 0.67 0.055 0.04375
0 0.74125 0.655 0.04625 0.0475
0 0.7925 0.6625 0.04625 0.05
0 0.8475 0.665 0.0525 0.0525
0 0.835 0.7425 0.05 0.045
0 0.85 0.7875 0.04875 0.0325
0 0.7825 0.7325 0.0275 0.0225
0 0.74 0.7675 0.04375 0.015
0 0.6275 0.6525 0.03125 0.0475
0 0.51125 0.8725 0.02375 0.05125
0 0.52125 0.76625 0.0225 0.0525
0 0.47 0.7575 0.02375 0.05375
0 0.4575 0.865 0.01875 0.06125
0 0.43125 0.8625 0.02125 0.05125
0 0.40375 0.86 0.0225 0.0575
0 0.38 0.85125 0.02 0.065
0 0.35375 0.8475 0.025 0.065
0 0.325 0.85125 0.0275 0.06125
0 0.29625 0.8475 0.025 0.06875
0 0.26 0.84125 0.04125 0.055
0 0.49625 0.76 0.02375 0.04375
0 0.21625 0.82 0.03875 0.0425
0 0.14375 0.75625 0.035 0.03875
0 0.19 0.7575 0.05375 0.04375
0 0.25 0.76 0.0625 0.04
0 0.315 0.73 0.025 0.05125
0 0.3575 0.7475 0.0225 0.0625
0 0.38625 0.74875 0.02625 0.06375
0 0.415 0.755 0.02375 0.0625
0 0.44125 0.76125 0.02625 0.0525
0 0.14625 0.81875 0.03875 0.055
0 0.82625 0.4575 0.03375 0.04625
0 0.62625 0.57375 0.02875 0.0675
0 0.75875 0.45625 0.03 0.045
0 0.82875 0.4075 0.03375 0.0425
0 0.5025 0.45 0.03375 0.05375
0 0.38125 0.4525 0.03625 0.045
0 0.46 0.455 0.035 0.045
0 0.455 0.4075 0.0375 0.0425
0 0.42125 0.40625 0.0275 0.0425
0 0.385 0.40375 0.03375 0.03375
0 0.41875 0.45375 0.03375 0.04375
0 0.54 0.45625 0.0375 0.04875
0 0.54625 0.40875 0.04 0.03875
0 0.72375 0.4375 0.03125 0.08125
0 0.68625 0.41875 0.03 0.07
0 0.76 0.40625 0.03 0.0475
0 0.65625 0.4525 0.02 0.05125
0 0.625 0.4375 0.03125 0.07875
0 0.58625 0.46125 0.04625 0.035