0 0.08 0.79875 0.03125 0.0425
0 0.03375 0.80375 0.05875 0.0325
0 0.76625 0.71375 0.0375 0.0625
0 0.72 0.71125 0.04375 0.06375
0 0.68125 0.71625 0.02625 0.055
0 0.11375 0.7975 0.03375 0.0475
0 0.62 0.71625 0.0275 0.0525
0 0.45875 0.71625 0.0275 0.05875
0 0.5625 0.71625 0.02875 0.05
0 0.53 0.70625 0.03625 0.0675
0 0.49125 0.7075 0.0325 0.06125
0 0.65125 0.715 0.03125 0.05625
0 0.5925 0.715 0.02625 0.05125
0 0.5375 0.7825 0.04125 0.0275
0 0.2025 0.80375 0.0225 0.04875
0 0.23125 0.8 0.03125 0.04625
0 0.25875 0.79375 0.02125 0.04
0 0.29625 0.7975 0.0475 0.0525
0 0.35125 0.79625 0.05875 0.055
0 0.41 0.79625 0.05 0.06
0 0.47875 0.7975 0.07375 0.06
0 0.54 0.815 0.0375 0.02875
0 0.60875 0.79875 0.0725 0.055
0 0.66875 0.80625 0.03875 0.0425
0 0.71 0.79875 0.03625 0.0625
0 0.75 0.8 0.03875 0.06125
0 0.705 0.24625 0.03375 0.07
0 0.43 0.7175 0.02625 0.05625
0 0.17625 0.8 0.02 0.04625
0 0.40125 0.71875 0.025 0.04875
0 0.7025 0.61 0.02125 0.03875
0 0.35 0.71875 0.0275 0.05
0 0.07625 0.60625 0.0275 0.05875
0 0.045 0.605 0.03125 0.05625
0 0.015 0.605 0.0275 0.05375
0 0.78875 0.4875 0.04625 0.09
0 0.67 0.24125 0.0325 0.0825
0 0.6025 0.245 0.03875 0.07875
0 0.56 0.24125 0.04375 0.085
0 0.51875 0.24625 0.03375 0.08
0 0.485 0.25625 0.02875 0.05875
0 0.455 0.25625 0.02875 0.06
0 0.42375 0.2525 0.0325 0.06875
0 0.39 0.25625 0.0325 0.06
0 0.3525 0.2525 0.035 0.065
0 0.3175 0.255 0.03 0.06375
0 0.2825 0.2475 0.04 0.08125
0 0.24375 0.255 0.03 0.06625
0 0.21125 0.255 0.03375 0.06625
0 0.17375 0.24375 0.035 0.06
0 0.13125 0.25 0.03625 0.08375
0 0.08875 0.245 0.0425 0.0975
0 0.0475 0.2525 0.04 0.0825
0 0.1075 0.6075 0.03125 0.065
0 0.13875 0.60875 0.02875 0.06625
0 0.1725 0.605 0.0375 0.07375
0 0.205 0.60625 0.02375 0.06875
0 0.32 0.70125 0.02875 0.06625
0 0.27125 0.71125 0.0625 0.0675
0 0.2075 0.72125 0.05625 0.05
0 0.16625 0.71625 0.02625 0.06125
0 0.13375 0.715 0.03 0.06375
0 0.1 0.7075 0.03125 0.07875
0 0.0575 0.70625 0.04625 0.07625
0 0.775 0.6025 0.03875 0.05625
0 0.73375 0.6025 0.04 0.05625
0 0.67125 0.595 0.0375 0.06875
0 0.37625 0.71875 0.0225 0.05
0 0.63375 0.60875 0.0375 0.06125
0 0.5575 0.61 0.03625 0.06
0 0.52125 0.61 0.03625 0.05625
0 0.485 0.61 0.035 0.05625
0 0.44875 0.5925 0.0325 0.04625
0 0.4125 0.6125 0.03875 0.06125
0 0.37375 0.61 0.03625 0.0625
0 0.33875 0.61125 0.03125 0.05875
0 0.30625 0.61 0.03125 0.05875
0 0.2725 0.61 0.03125 0.05875
0 0.23625 0.60375 0.0375 0.06875
0 0.595 0.61125 0.035 0.05875
0 0.745 0.24 0.04625 0.07625
0 0.14875 0.7975 0.03125 0.05125
0 0.9525 0.2025 0.08625 0.145
0 0.01125 0.3825 0.02 0.06875
0 0.73375 0.3725 0.03125 0.06875
0 0.76875 0.37375 0.03375 0.06875
0 0.80625 0.36875 0.035 0.0675
0 0.05375 0.5125 0.03 0.05625
0 0.085 0.5125 0.0325 0.05625
0 0.12 0.51125 0.0325 0.0575
0 0.15125 0.51125 0.02875 0.06
0 0.26 0.505 0.03125 0.065
0 0.34 0.4925 0.04375 0.08875
0 0.37625 0.505 0.02875 0.06625
0 0.40625 0.50125 0.02375 0.0525
0 0.43375 0.50125 0.03125 0.05125
0 0.77875 0.2375 0.02125 0.07875
0 0.47125 0.49125 0.04125 0.07375
0 0.51375 0.49 0.03875 0.07625
0 0.54875 0.49875 0.02875 0.055
0 0.58125 0.49625 0.03125 0.05875
0 0.61375 0.5 0.03125 0.065
0 0.64625 0.48625 0.02875 0.05625
0 0.67625 0.50375 0.03 0.06
0 0.71125 0.49625 0.03125 0.0725
0 0.745 0.4975 0.03375 0.07625
0 0.02 0.515 0.03375 0.0575
0 0.7 0.37375 0.03375 0.07875
0 0.29875 0.495 0.03625 0.08375
0 0.62375 0.37625 0.03125 0.07625
0 0.04 0.39 0.03125 0.0675
0 0.075 0.385 0.03625 0.08
0 0.1175 0.3825 0.0425 0.0775
0 0.19875 0.345 0.04875 0.105
0 0.94875 0.63875 0.07875 0.1275
0 0.86375 0.63 0.06125 0.125
0 0.66125 0.37375 0.0375 0.07875
0 0.96375 0.5 0.07125 0.145
0 0.88875 0.49625 0.06625 0.13875
0 0.92 0.35125 0.05125 0.14625
0 0.85875 0.76 0.06375 0.12625
0 0.20375 0.445 0.03875 0.04125
0 0.93625 0.76375 0.07625 0.10875
0 0.31625 0.37875 0.0375 0.075
0 0.59125 0.3775 0.0325 0.07625
0 0.55625 0.38375 0.03125 0.06375
0 0.52625 0.38 0.02625 0.05625
0 0.4875 0.3675 0.04375 0.09875
0 0.4425 0.37375 0.0425 0.0875
0 0.24625 0.385 0.0325 0.06375
0 0.27875 0.3875 0.03 0.06125
0 0.20875 0.505 0.04 0.0675
0 0.36 0.37125 0.0475 0.09125
0 0.4025 0.37625 0.035 0.08125