0 0.39875 0.5475 0.03 0.03
0 0.7575 0.7275 0.03875 0.025
0 0.72125 0.72375 0.03125 0.03
0 0.67125 0.72625 0.025 0.03625
0 0.64875 0.7175 0.01875 0.05375
0 0.63125 0.7175 0.015 0.0525
0 0.615 0.7175 0.01625 0.05125
0 0.5975 0.715 0.015 0.0475
0 0.58125 0.715 0.01375 0.05
0 0.55875 0.71125 0.02 0.04875
0 0.5325 0.7175 0.03125 0.03625
0 0.50875 0.7175 0.0175 0.0375
0 0.4925 0.7125 0.01375 0.0475
0 0.47375 0.715 0.02 0.0525
0 0.45375 0.71375 0.01875 0.05625
0 0.7625 0.69875 0.03 0.02875
0 0.72875 0.6925 0.02625 0.015
0 0.24625 0.65 0.02625 0.03
0 0.2775 0.6475 0.03125 0.01125
0 0.5275 0.65 0.02625 0.0275
0 0.49875 0.65625 0.0275 0.0125
0 0.48 0.64125 0.0125 0.04125
0 0.46375 0.64875 0.015 0.03375
0 0.445 0.6475 0.02 0.04
0 0.41875 0.64875 0.0325 0.03125
0 0.43625 0.7125 0.0175 0.05375
0 0.3925 0.645 0.0175 0.04
0 0.36125 0.6425 0.0075 0.035
0 0.35 0.65 0.015 0.02375
0 0.3375 0.64625 0.00875 0.03
0 0.32375 0.6475 0.01625 0.03375
0 0.30375 0.645 0.0175 0.04
0 0.27875 0.6575 0.0275 0.0075
0 0.37625 0.6425 0.01625 0.0375
0 0.41625 0.715 0.0225 0.05
0 0.395 0.715 0.02125 0.0475
0 0.37625 0.71125 0.01125 0.05
0 0.495 0.77125 0.02375 0.0325
0 0.465 0.7775 0.03125 0.02125
0 0.46875 0.82375 0.035 0.02375
0 0.44125 0.82125 0.02 0.02875
0 0.435 0.775 0.02375 0.03125
0 0.415 0.77375 0.015 0.03125
0 0.4975 0.82 0.01125 0.035
0 0.39875 0.7775 0.01375 0.03125
0 0.365 0.7775 0.0175 0.035
0 0.4225 0.82125 0.01375 0.03375
0 0.40375 0.82 0.02375 0.03625
0 0.3825 0.81875 0.01625 0.03625
0 0.52875 0.41625 0.0275 0.04
0 0.50375 0.41625 0.02125 0.03875
0 0.3825 0.7775 0.01625 0.0325
0 0.51125 0.82 0.015 0.0325
0 0.53125 0.815 0.0125 0.03125
0 0.54625 0.815 0.02 0.03125
0 0.355 0.715 0.02875 0.0575
0 0.33125 0.72125 0.01875 0.04375
0 0.30625 0.69875 0.03 0.02625
0 0.305 0.72875 0.0325 0.0325
0 0.2575 0.72625 0.05875 0.03625
0 0.755 0.8075 0.0525 0.04125
0 0.73625 0.76625 0.04375 0.025
0 0.71125 0.8175 0.035 0.02125
0 0.6775 0.80875 0.02125 0.03375
0 0.655 0.805 0.0175 0.05375
0 0.63625 0.80375 0.01875 0.05125
0 0.61625 0.8075 0.02 0.04375
0 0.59375 0.8025 0.02 0.0625
0 0.5725 0.8075 0.01875 0.055
0 0.5325 0.77 0.02625 0.02875
0 0.5525 0.6475 0.02 0.035
0 0.48625 0.415 0.0125 0.04125
0 0.575 0.64625 0.0225 0.0275
0 0.62875 0.6475 0.0225 0.035
0 0.635 0.4325 0.0125 0.01625
0 0.65125 0.41875 0.01625 0.04
0 0.67625 0.41875 0.02125 0.045
0 0.69625 0.42 0.01625 0.0475
0 0.71625 0.42375 0.0225 0.03875
0 0.73625 0.42625 0.015 0.04375
0 0.62125 0.43 0.015 0.02
0 0.7375 0.3975 0.02 0.01625
0 0.7625 0.43625 0.0275 0.0225
0 0.2525 0.3275 0.0325 0.0375
0 0.28125 0.33 0.0225 0.0325
0 0.30625 0.3325 0.02625 0.0375
0 0.365 0.32625 0.0725 0.04
0 0.40875 0.33 0.01625 0.04625
0 0.7175 0.3975 0.0175 0.0175
0 0.63375 0.41 0.0125 0.02125
0 0.61875 0.41 0.015 0.01875
0 0.6 0.39125 0.02125 0.03
0 0.3725 0.575 0.0275 0.02625
0 0.34125 0.5725 0.0325 0.02125
0 0.31125 0.5725 0.025 0.025
0 0.2825 0.5725 0.0325 0.02625
0 0.24875 0.57375 0.03125 0.02375
0 0.43875 0.57375 0.04375 0.0225
0 0.4775 0.5775 0.0275 0.02
0 0.50125 0.5675 0.01625 0.04
0 0.52875 0.5775 0.02625 0.0225
0 0.55 0.5725 0.015 0.03375
0 0.5625 0.57375 0.01 0.035
0 0.58 0.575 0.0225 0.03125
0 0.555 0.41375 0.02125 0.045
0 0.57625 0.41625 0.02 0.05
0 0.59875 0.42375 0.02375 0.03375
0 0.425 0.32875 0.01625 0.04625
0 0.6025 0.645 0.02625 0.0375
0 0.44125 0.33375 0.01625 0.0425
0 0.47625 0.33375 0.0175 0.045
0 0.7575 0.58125 0.025 0.02375
0 0.77375 0.65 0.0125 0.03
0 0.755 0.625 0.025 0.01375
0 0.75125 0.6375 0.0325 0.01125
0 0.75 0.65 0.02875 0.01125
0 0.74875 0.66125 0.02875 0.00625
0 0.7275 0.58 0.03125 0.02125
0 0.7225 0.66125 0.02 0.00875
0 0.72 0.6325 0.02375 0.00875
0 0.705 0.645 0.005 0.0375
0 0.69375 0.65 0.015 0.0275
0 0.6825 0.64875 0.01 0.0225
0 0.66125 0.6525 0.0125 0.03125
0 0.6475 0.65125 0.015 0.02875
0 0.7225 0.64625 0.02125 0.01875
0 0.70375 0.56875 0.01625 0.04375
0 0.68625 0.56875 0.01875 0.0425
0 0.67 0.5725 0.0125 0.035
0 0.49625 0.33625 0.01875 0.04
0 0.515 0.3375 0.02 0.04375
0 0.5375 0.33375 0.025 0.05
0 0.56125 0.35375 0.0175 0.02
0 0.57875 0.355 0.01625 0.0175
0 0.61 0.3375 0.02125 0.04875
0 0.63 0.33875 0.01875 0.04625
0 0.64875 0.34125 0.02 0.0525
0 0.66875 0.3425 0.01625 0.05
0 0.685 0.3425 0.0175 0.04875
0 0.70375 0.34375 0.0175 0.04625
0 0.74625 0.34625 0.06 0.04875
0 0.60125 0.57625 0.0225 0.0275
0 0.62875 0.5775 0.0225 0.02625
0 0.65125 0.5725 0.02125 0.035
0 0.45875 0.3325 0.01625 0.04375
0 0.47125 0.41625 0.01625 0.045
0 0.4 0.575 0.0275 0.02625
0 0.4375 0.41625 0.0175 0.03625
0 0.49125 0.50125 0.03125 0.0225
0 0.52125 0.49625 0.01625 0.0375
0 0.54125 0.50375 0.0225 0.0225
0 0.57 0.5025 0.03625 0.02125
0 0.6425 0.50625 0.04 0.0225
0 0.67875 0.5075 0.03 0.02
0 0.73625 0.49625 0.06375 0.0425
0 0.5425 0.48125 0.01875 0.02125
0 0.56375 0.47875 0.02125 0.025
0 0.36 0.40625 0.01875 0.05
0 0.34125 0.41 0.01875 0.0425
0 0.2325 0.41 0.025 0.0325
0 0.2625 0.41125 0.0325 0.03625
0 0.305 0.38125 0.025 0.035
0 0.27 0.3775 0.0425 0.0275
0 0.235 0.375 0.03125 0.035
0 0.6825 0.4825 0.01875 0.0225
0 0.66625 0.48 0.015 0.01625
0 0.64875 0.48125 0.01625 0.015
0 0.6325 0.4825 0.015 0.01625
0 0.6175 0.4775 0.01625 0.0225
0 0.6 0.4775 0.01625 0.0225
0 0.58375 0.4775 0.01625 0.0225
0 0.38 0.415 0.0175 0.03625
0 0.45625 0.41875 0.015 0.04125
0 0.25 0.55125 0.03125 0.02375
0 0.2825 0.555 0.03375 0.02
0 0.285 0.535 0.03125 0.01875
0 0.31375 0.55 0.02875 0.02125
0 0.49 0.4775 0.03125 0.0225
0 0.4625 0.50125 0.01625 0.02375
0 0.29875 0.41375 0.03875 0.03125
0 0.41125 0.47375 0.02125 0.0225
0 0.24 0.8125 0.0125 0.04
0 0.25375 0.81125 0.01375 0.0425
0 0.22625 0.82125 0.0125 0.03875
0 0.2725 0.81 0.02125 0.04
0 0.3975 0.41 0.0175 0.04625
0 0.4175 0.41 0.02 0.0475
0 0.46 0.48 0.02375 0.01875
0 0.29 0.80625 0.01375 0.04375
0 0.30875 0.82125 0.01375 0.02875
0 0.3225 0.82125 0.01125 0.03125
0 0.335 0.8025 0.01125 0.02875
0 0.33375 0.775 0.00875 0.025
0 0.34875 0.77375 0.01 0.0225
0 0.35 0.82 0.01375 0.035
0 0.36625 0.81875 0.01625 0.035
0 0.33375 0.82625 0.0125 0.02
0 0.29375 0.47375 0.03125 0.0225
0 0.37125 0.55375 0.0275 0.02375
0 0.47125 0.54625 0.03125 0.0175
0 0.235 0.46625 0.02125 0.01625
0 0.23375 0.49125 0.02625 0.03375
0 0.35125 0.49125 0.025 0.0325
0 0.25875 0.49375 0.0225 0.02
0 0.29 0.49625 0.03875 0.015
0 0.325 0.4925 0.0275 0.03125
0 0.43875 0.5 0.0225 0.01625
0 0.41125 0.49875 0.03125 0.01875
0 0.38 0.49875 0.0325 0.0225
0 0.38125 0.47875 0.03375 0.01375
0 0.3425 0.55125 0.02875 0.02
0 0.26375 0.46875 0.02625 0.01125