0 0.38125 0.21 0.04125 0.08125
0 0.23625 0.205 0.0725 0.095
0 0.50375 0.18125 0.04 0.14375
0 0.42375 0.17625 0.04 0.14375
0 0.37375 0.36 0.03375 0.08
0 0.3375 0.21875 0.04 0.06125
0 0.295 0.2025 0.0375 0.0975
0 0.73875 0.83125 0.025 0.0525
0 0.8125 0.3 0.025 0.02375
0 0.4275 0.6225 0.0475 0.055
0 0.175 0.21 0.04625 0.09
0 0.86125 0.495 0.025 0.0625
0 0.19875 0.59375 0.025 0.04625
0 0.26875 0.595 0.02375 0.04625
0 0.245 0.5925 0.0175 0.04625
0 0.22625 0.59125 0.015 0.0425
0 0.22875 0.68375 0.035 0.08125
0 0.1425 0.695 0.0325 0.045
0 0.1725 0.68625 0.0225 0.045
0 0.19625 0.68125 0.02125 0.08625
0 0.2675 0.67 0.02875 0.0675
0 0.38625 0.615 0.02875 0.06625
0 0.2975 0.61375 0.0275 0.07375
0 0.3275 0.615 0.0275 0.08
0 0.32 0.36 0.0675 0.0825
0 0.2575 0.35125 0.055 0.11125
0 0.19125 0.36375 0.0425 0.08125
0 0.15 0.3625 0.03625 0.08
0 0.8525 0.8075 0.0225 0.05375
0 0.82875 0.805 0.02125 0.05
0 0.78625 0.8075 0.0125 0.0425
0 0.80625 0.8075 0.02 0.0425
0 0.765 0.82625 0.025 0.0625
0 0.71375 0.82875 0.0225 0.05625
0 0.6875 0.825 0.025 0.055
0 0.20875 0.80375 0.0175 0.09875
0 0.66 0.825 0.0275 0.05125
0 0.60125 0.81375 0.08375 0.0675
0 0.4325 0.845 0.04625 0.01625
0 0.43125 0.825 0.045 0.02
0 0.48125 0.8425 0.04875 0.02
0 0.53125 0.8325 0.04625 0.0225
0 0.53125 0.81 0.05125 0.02
0 0.525 0.78625 0.0475 0.0225
0 0.46375 0.18 0.03375 0.1425
0 0.54375 0.1775 0.035 0.14
0 0.6375 0.48875 0.03625 0.02
0 0.62375 0.18125 0.0375 0.14
0 0.24125 0.48375 0.04875 0.07875
0 0.1875 0.4875 0.04375 0.07375
0 0.285 0.49875 0.03625 0.04625
0 0.4275 0.4975 0.04 0.05
0 0.38375 0.49625 0.04375 0.0525
0 0.34125 0.49125 0.03625 0.05375
0 0.59625 0.48875 0.04 0.055
0 0.145 0.48125 0.03875 0.08
0 0.55125 0.4975 0.04125 0.05625
0 0.46625 0.485 0.03375 0.04
0 0.5925 0.44125 0.0425 0.0275
0 0.54375 0.43875 0.03625 0.0275
0 0.475 0.785 0.04125 0.025
0 0.48 0.815 0.0475 0.02875
0 0.43 0.79125 0.0425 0.0425
0 0.3825 0.8125 0.0475 0.085
0 0.50875 0.49875 0.04125 0.0525
0 0.33 0.82125 0.045 0.065
0 0.8475 0.355 0.0375 0.09375
0 0.78 0.33125 0.02875 0.03125
0 0.415 0.375 0.04125 0.05875
0 0.4175 0.32625 0.04375 0.03125
0 0.4575 0.375 0.0425 0.06
0 0.50125 0.3725 0.04 0.0575
0 0.54625 0.37125 0.04375 0.05875
0 0.7025 0.30625 0.05125 0.04125
0 0.7 0.34625 0.05125 0.03375
0 0.8125 0.37 0.025 0.06125
0 0.62625 0.33375 0.035 0.04
0 0.58625 0.3825 0.035 0.04
0 0.625 0.38125 0.03375 0.04125
0 0.6625 0.38375 0.0375 0.03625
0 0.70375 0.3825 0.04 0.03125
0 0.745 0.34625 0.03625 0.03625
0 0.745 0.3825 0.035 0.03125
0 0.7825 0.37875 0.03125 0.04375
0 0.58875 0.3375 0.03625 0.04625
0 0.58375 0.17875 0.0375 0.14
0 0.285 0.8075 0.0375 0.08625
0 0.18625 0.8075 0.0225 0.09875
0 0.69875 0.6 0.04 0.05125
0 0.65 0.62 0.05 0.0675
0 0.5925 0.61875 0.05 0.065
0 0.5375 0.62 0.05 0.05875
0 0.48 0.6225 0.05125 0.06
0 0.64125 0.51 0.03875 0.0175
0 0.6775 0.46 0.03625 0.04
0 0.67625 0.5025 0.0275 0.03125
0 0.72125 0.49875 0.04125 0.03875
0 0.7925 0.49125 0.0375 0.05875
0 0.75375 0.49 0.02125 0.0375
0 0.83 0.47875 0.03125 0.08625
0 0.85 0.20375 0.03375 0.08625
0 0.81375 0.20625 0.03375 0.08875
0 0.77125 0.1775 0.045 0.1375
0 0.72125 0.17875 0.04375 0.135
0 0.67375 0.17625 0.05 0.1425
0 0.74375 0.57125 0.03 0.04875
0 0.24125 0.805 0.045 0.09375
0 0.74625 0.625 0.0375 0.05625
0 0.82 0.61 0.03375 0.08375
0 0.1375 0.805 0.02375 0.09625
0 0.85125 0.71 0.04375 0.08
0 0.8 0.7125 0.055 0.07875
0 0.7425 0.715 0.05625 0.085
0 0.68625 0.7125 0.0525 0.0875
0 0.63 0.71125 0.05375 0.08625
0 0.57625 0.71125 0.05125 0.08125
0 0.52 0.71125 0.05375 0.08125
0 0.4625 0.7325 0.04875 0.025
0 0.4125 0.67875 0.05 0.01375
0 0.465 0.69375 0.05125 0.0475
0 0.4075 0.71375 0.0525 0.0525
0 0.36625 0.7125 0.02625 0.05625
0 0.33625 0.72125 0.02875 0.055
0 0.30125 0.72625 0.02875 0.05875
0 0.85 0.6225 0.02 0.0575
0 0.78375 0.61125 0.0325 0.08375
0 0.35625 0.6125 0.025 0.07625