0 0.51125 0.49875 0.0225 0.07375
0 0.2875 0.48375 0.0325 0.05875
0 0.32625 0.4875 0.02375 0.0625
0 0.35875 0.49125 0.03625 0.06
0 0.39 0.4875 0.02125 0.08375
0 0.4125 0.48875 0.01875 0.08375
0 0.43 0.49 0.015 0.0825
0 0.45 0.49125 0.0175 0.08
0 0.47 0.49375 0.01625 0.0825
0 0.48875 0.4925 0.0175 0.07875
0 0.25125 0.4825 0.025 0.055
0 0.7025 0.50125 0.0375 0.10125
0 0.55875 0.505 0.0225 0.07125
0 0.5875 0.505 0.02375 0.0775
0 0.62375 0.51 0.03625 0.075
0 0.6625 0.50375 0.03375 0.0975
0 0.22625 0.4775 0.0175 0.07125
0 0.75625 0.5075 0.055 0.1025
0 0.81875 0.515 0.0575 0.10375
0 0.84625 0.645 0.03875 0.04625
0 0.8125 0.66375 0.02375 0.0775
0 0.785 0.6525 0.025 0.08125
0 0.53625 0.49875 0.02 0.0775
0 0.185 0.4825 0.0175 0.05
0 0.33375 0.34625 0.035 0.03875
0 0.14625 0.4725 0.015 0.0625
0 0.2025 0.17875 0.01875 0.12
0 0.2325 0.175 0.0225 0.14
0 0.26 0.17125 0.02875 0.13875
0 0.3075 0.16375 0.03125 0.15
0 0.34875 0.17875 0.03375 0.11875
0 0.40375 0.19125 0.03375 0.1
0 0.455 0.175 0.04125 0.13125
0 0.5725 0.1675 0.0475 0.1475
0 0.63875 0.16625 0.05125 0.145
0 0.71125 0.1525 0.05375 0.17875
0 0.79 0.12875 0.065 0.22
0 0.165 0.47875 0.01625 0.04875
0 0.83 0.365 0.05375 0.105
0 0.705 0.35 0.03875 0.085
0 0.65625 0.35875 0.04 0.0975
0 0.60875 0.3625 0.0375 0.08875
0 0.56625 0.36125 0.0275 0.0875
0 0.15375 0.34125 0.0575 0.08625
0 0.22 0.34375 0.0375 0.05625
0 0.2725 0.3875 0.03 0.02
0 0.75 0.64875 0.03 0.08
0 0.415 0.3525 0.07125 0.09375
0 0.48375 0.36375 0.035 0.07375
0 0.13125 0.47 0.01125 0.065
0 0.76625 0.3675 0.06 0.10875
0 0.71625 0.63875 0.0275 0.07625
0 0.3575 0.605 0.01875 0.0675
0 0.20375 0.5875 0.0275 0.0575
0 0.4 0.6975 0.025 0.055
0 0.4325 0.7125 0.01625 0.05625
0 0.455 0.72125 0.02125 0.06
0 0.4825 0.71125 0.01375 0.05625
0 0.5 0.72 0.01625 0.06
0 0.52 0.725 0.01875 0.06875
0 0.55375 0.70875 0.0425 0.02
0 0.555 0.7325 0.04 0.0175
0 0.555 0.75625 0.0375 0.02125
0 0.1525 0.795 0.02 0.08
0 0.2075 0.77875 0.02 0.08375
0 0.23875 0.8025 0.025 0.085
0 0.2625 0.8125 0.02 0.08625
0 0.28875 0.8125 0.02375 0.0825
0 0.31375 0.8075 0.0225 0.0775
0 0.35 0.83375 0.0225 0.08375
0 0.375 0.83625 0.02 0.085
0 0.39875 0.84 0.02125 0.08625
0 0.4275 0.83375 0.01625 0.09
0 0.45125 0.8525 0.02125 0.0875
0 0.47875 0.8625 0.02625 0.05875
0 0.5075 0.8775 0.02625 0.06
0 0.53625 0.87375 0.025 0.08625
0 0.355 0.7025 0.0375 0.05875
0 0.13625 0.57625 0.02 0.0575
0 0.31375 0.69 0.02625 0.06
0 0.5625 0.86375 0.02375 0.0875
0 0.24 0.5825 0.02875 0.0625
0 0.28625 0.59375 0.02 0.065
0 0.31 0.6025 0.02375 0.0675
0 0.335 0.6025 0.02 0.06875
0 0.37875 0.60625 0.0225 0.06875
0 0.40625 0.61 0.02125 0.06625
0 0.4325 0.60375 0.0175 0.07
0 0.45625 0.60875 0.01625 0.06375
0 0.475 0.615 0.02 0.06875
0 0.5 0.62 0.02375 0.07
0 0.525 0.625 0.02375 0.075
0 0.58125 0.6275 0.0225 0.07125
0 0.6175 0.6225 0.025 0.0725
0 0.68 0.6325 0.02625 0.075
0 0.8375 0.77 0.02875 0.07625
0 0.805 0.765 0.03 0.07625
0 0.7725 0.76 0.0275 0.07375
0 0.74375 0.75625 0.025 0.07375
0 0.71375 0.75125 0.02375 0.07375
0 0.675 0.7325 0.04625 0.0575
0 0.16625 0.66875 0.02875 0.06
0 0.19625 0.68 0.025 0.02875
0 0.22875 0.675 0.0375 0.05625
0 0.27125 0.67875 0.03125 0.05375
0 0.55625 0.615 0.02 0.07625
0 0.175 0.79875 0.01875 0.08125
0 0.59125 0.86375 0.0225 0.0875
0 0.18375 0.1925 0.01375 0.0975
0 0.8575 0.93625 0.03375 0.085
0 0.8275 0.915 0.02375 0.075
0 0.7975 0.9225 0.02875 0.08375
0 0.76 0.92125 0.0275 0.07875
0 0.16125 0.1975 0.02375 0.08375
0 0.70125 0.89375 0.025 0.07
0 0.61875 0.87625 0.03125 0.0625
0 0.7275 0.90875 0.0275 0.0775
0 0.6625 0.8975 0.04375 0.02125
0 0.665 0.86625 0.04 0.03