0 0.59875 0.7625 0.03375 0.06625
0 0.6075 0.98375 0.0425 0.03125
0 0.71625 0.82 0.02875 0.0625
0 0.55875 0.75875 0.0375 0.06
0 0.5175 0.75875 0.035 0.06125
0 0.8675 0.81875 0.015 0.065
0 0.83625 0.81625 0.03375 0.06
0 0.795 0.82 0.0375 0.06375
0 0.5625 0.98375 0.035 0.0325
0 0.6775 0.8225 0.03875 0.065
0 0.65375 0.98125 0.035 0.03125
0 0.75 0.9725 0.05 0.0475
0 0.7975 0.975 0.04125 0.04875
0 0.81125 0.9075 0.04125 0.06625
0 0.7575 0.91 0.05 0.0675
0 0.7025 0.92375 0.04 0.06125
0 0.75375 0.8175 0.035 0.05875
0 0.69875 0.98 0.03875 0.0325
0 0.63625 0.82125 0.0325 0.06
0 0.57875 0.04875 0.0275 0.055
0 0.56 0.825 0.03375 0.05875
0 0.655 0.9275 0.04125 0.06375
0 0.61125 0.9275 0.03625 0.06625
0 0.5675 0.92875 0.04 0.06375
0 0.51875 0.9325 0.04375 0.0625
0 0.85625 0.6625 0.035 0.065
0 0.17125 0.6075 0.0375 0.06125
0 0.18 0.5025 0.035 0.0875
0 0.21875 0.50625 0.03875 0.08
0 0.2125 0.605 0.035 0.0625
0 0.25375 0.60625 0.0375 0.065
0 0.47 0.91875 0.04375 0.06875
0 0.4225 0.9625 0.03375 0.065
0 0.59875 0.8225 0.035 0.06125
0 0.3725 0.92375 0.045 0.06375
0 0.32375 0.92375 0.035 0.0675
0 0.1425 0.49875 0.03375 0.09
0 0.8525 0.39625 0.0425 0.04125
0 0.85125 0.3475 0.04625 0.0475
0 0.7925 0.37125 0.06375 0.1
0 0.13875 0.32 0.02625 0.06875
0 0.13625 0.395 0.0225 0.0725
0 0.16875 0.39875 0.03625 0.05875
0 0.2625 0.39625 0.025 0.07625
0 0.3 0.3925 0.04 0.0775
0 0.34375 0.39125 0.04 0.07375
0 0.3575 0.32375 0.04 0.05625
0 0.27875 0.9225 0.04625 0.07
0 0.39 0.395 0.04375 0.07125
0 0.48125 0.39 0.04625 0.07625
0 0.5275 0.38875 0.03875 0.06875
0 0.57125 0.39 0.0425 0.075
0 0.5725 0.31625 0.04375 0.06625
0 0.6175 0.3875 0.03875 0.08125
0 0.6625 0.385 0.045 0.08125
0 0.7225 0.37375 0.065 0.0925
0 0.435 0.39125 0.04 0.07125
0 0.22125 0.92375 0.065 0.07125
0 0.15625 0.9275 0.06125 0.07375
0 0.86625 0.75375 0.0175 0.065
0 0.3775 0.6725 0.0325 0.06625
0 0.34 0.67125 0.0375 0.06375
0 0.2975 0.67 0.03875 0.0575
0 0.2525 0.67375 0.04125 0.06625
0 0.21125 0.67375 0.03125 0.06375
0 0.1725 0.67375 0.03875 0.065
0 0.1375 0.675 0.02375 0.06
0 0.41625 0.6725 0.0375 0.06375
0 0.1375 0.6075 0.025 0.06375
0 0.81625 0.4975 0.04125 0.075
0 0.77625 0.4975 0.03125 0.07625
0 0.74125 0.49875 0.0325 0.075
0 0.7025 0.50625 0.03875 0.06375
0 0.6575 0.505 0.0375 0.06125
0 0.615 0.5075 0.03625 0.065
0 0.57375 0.50625 0.03625 0.06375
0 0.85875 0.49875 0.0325 0.075
0 0.84625 0.2125 0.0575 0.0875
0 0.46 0.67125 0.03625 0.06125
0 0.535 0.6675 0.03625 0.06125
0 0.835 0.75375 0.03125 0.0575
0 0.79875 0.755 0.03375 0.05875
0 0.815 0.66125 0.0325 0.06625
0 0.775 0.6625 0.03625 0.06
0 0.25625 0.4975 0.03125 0.085
0 0.30625 0.5 0.05 0.0775
0 0.35875 0.49875 0.04875 0.085
0 0.495 0.66875 0.0325 0.06375
0 0.40875 0.5025 0.03875 0.07625
0 0.49375 0.50125 0.04 0.075
0 0.535 0.51125 0.03875 0.06
0 0.73625 0.66375 0.035 0.0625
0 0.69625 0.66625 0.03875 0.0675
0 0.655 0.66875 0.0325 0.0625
0 0.61375 0.66625 0.03625 0.07125
0 0.57375 0.665 0.03625 0.0625
0 0.45125 0.5025 0.04 0.07875
0 0.78875 0.22375 0.04375 0.055
0 0.2175 0.39125 0.04625 0.0725
0 0.695 0.225 0.045 0.065
0 0.85875 0.59375 0.0325 0.0675
0 0.63625 0.75875 0.0325 0.06125
0 0.68 0.75625 0.04 0.06125
0 0.71625 0.755 0.02375 0.05875
0 0.75625 0.75375 0.04 0.055
0 0.815 0.595 0.03875 0.065
0 0.7725 0.59625 0.03375 0.0675
0 0.735 0.59625 0.03375 0.0675
0 0.6975 0.5975 0.035 0.0625
0 0.655 0.59875 0.03875 0.065
0 0.57625 0.59375 0.04 0.0625
0 0.53375 0.59875 0.03125 0.06625
0 0.74375 0.22375 0.04125 0.0575
0 0.45625 0.6025 0.03875 0.0675
0 0.415 0.6025 0.03375 0.065
0 0.13125 0.8325 0.0125 0.06125
0 0.1625 0.82875 0.03625 0.06
0 0.20375 0.82875 0.03625 0.06375
0 0.24375 0.83125 0.03875 0.05625
0 0.51875 0.82375 0.035 0.0575
0 0.48 0.7625 0.035 0.0625
0 0.44125 0.76125 0.035 0.0675
0 0.40375 0.7625 0.0325 0.065
0 0.365 0.76375 0.03875 0.065
0 0.3225 0.765 0.035 0.06375
0 0.28375 0.7625 0.03625 0.06375
0 0.375 0.6025 0.03375 0.06625
0 0.24 0.765 0.04 0.06125
0 0.155 0.7625 0.035 0.0625
0 0.4825 0.825 0.03125 0.05625
0 0.44 0.82625 0.03375 0.05875
0 0.4025 0.82625 0.03 0.05875
0 0.36625 0.83 0.03375 0.05875
0 0.325 0.82875 0.0425 0.0575
0 0.28375 0.82875 0.03375 0.06
0 0.195 0.76375 0.04 0.06
0 0.3375 0.6025 0.0375 0.0675
0 0.4975 0.5975 0.0325 0.06125
0 0.20375 0.0825 0.03875 0.0825
0 0.6225 0.0875 0.04 0.0575
0 0.66625 0.08625 0.03625 0.06375
0 0.7025 0.08875 0.0325 0.06
0 0.16 0.0825 0.0425 0.08375
0 0.7775 0.08625 0.03875 0.0625
0 0.81625 0.08375 0.0325 0.06125
0 0.85625 0.0775 0.03625 0.06875
0 0.5825 0.09875 0.03125 0.035
0 0.235 0.2325 0.05375 0.06375
0 0.3425 0.225 0.05875 0.07375
0 0.405 0.225 0.05375 0.07125
0 0.45875 0.23375 0.04375 0.0525
0 0.5025 0.23125 0.03875 0.055
0 0.54625 0.23 0.04 0.05625
0 0.595 0.2275 0.0475 0.0625
0 0.645 0.225 0.05 0.05625
0 0.28625 0.2325 0.04375 0.0575
0 0.29375 0.605 0.0375 0.0675
0 0.73875 0.0875 0.03125 0.0575
0 0.51 0.0875 0.0325 0.06
0 0.25 0.0825 0.0425 0.0825
0 0.3 0.08125 0.04125 0.07875
0 0.34625 0.08 0.04375 0.07625
0 0.54625 0.08625 0.03125 0.06
0 0.39125 0.08 0.04125 0.0775
0 0.85625 0.9625 0.0375 0.075
0 0.285 0.98125 0.03375 0.0375
0 0.23 0.98125 0.06125 0.0375
0 0.32625 0.98375 0.04 0.0325
0 0.375 0.98 0.04375 0.03875
0 0.47 0.98125 0.04375 0.0375
0 0.51625 0.985 0.04375 0.025
0 0.435 0.08625 0.03375 0.06125
0 0.4725 0.09 0.03375 0.055
0 0.1625 0.985 0.065 0.03