0 0.8625 0.71375 0.01 0.0575
0 0.7875 0.5775 0.01125 0.06625
0 0.83 0.49375 0.01 0.06125
0 0.8175 0.49375 0.01 0.0625
0 0.8 0.495 0.015 0.06875
0 0.78625 0.4975 0.0125 0.0625
0 0.77 0.4975 0.0175 0.06625
0 0.755 0.51 0.0125 0.04125
0 0.69375 0.28875 0.01375 0.045
0 0.70875 0.29 0.01375 0.04625
0 0.8625 0.49125 0.0175 0.05625
0 0.7225 0.29125 0.015 0.04125
0 0.75625 0.29625 0.01 0.0425
0 0.77 0.2975 0.01125 0.04625
0 0.785 0.3 0.01875 0.0375
0 0.80125 0.29875 0.01375 0.045
0 0.8175 0.305 0.01625 0.0325
0 0.8325 0.3075 0.01625 0.0325
0 0.85125 0.3025 0.01375 0.04875
0 0.865 0.3025 0.01125 0.0475
0 0.73625 0.28875 0.01125 0.04625
0 0.55625 0.34625 0.0125 0.05125
0 0.84125 0.49625 0.0075 0.06
0 0.58 0.605 0.01875 0.08
0 0.87 0.5625 0.00875 0.05875
0 0.85125 0.56375 0.01 0.055
0 0.84 0.5675 0.01125 0.0625
0 0.825 0.56875 0.01625 0.0625
0 0.80875 0.57375 0.01125 0.06375
0 0.7975 0.575 0.00625 0.06375
0 0.7775 0.5775 0.01 0.06375
0 0.7625 0.58 0.0175 0.06625
0 0.5625 0.61 0.0125 0.0775
0 0.75 0.58125 0.00875 0.06875
0 0.72 0.585 0.01625 0.07
0 0.69625 0.5875 0.015 0.07125
0 0.6775 0.59375 0.01375 0.07125
0 0.665 0.595 0.00875 0.0725
0 0.65375 0.5975 0.01375 0.07375
0 0.63625 0.59875 0.0175 0.06875
0 0.62 0.60125 0.015 0.07375
0 0.6 0.60375 0.01875 0.075
0 0.73625 0.5825 0.01375 0.07125
0 0.56875 0.3475 0.0125 0.04875
0 0.585 0.34625 0.01375 0.04625
0 0.60375 0.3475 0.02125 0.045
0 0.80125 0.425 0.00875 0.0525
0 0.7875 0.425 0.015 0.04875
0 0.77375 0.42375 0.0125 0.0525
0 0.76 0.42375 0.01375 0.05125
0 0.745 0.4225 0.015 0.05375
0 0.72625 0.42625 0.01875 0.05
0 0.71 0.42375 0.01125 0.05375
0 0.69375 0.42375 0.0175 0.055
0 0.81375 0.42625 0.0125 0.05
0 0.6775 0.425 0.01375 0.05375
0 0.6425 0.425 0.01375 0.05125
0 0.6225 0.42125 0.01875 0.06125
0 0.6025 0.42125 0.02 0.0575
0 0.5825 0.425 0.02125 0.06375
0 0.56125 0.425 0.01875 0.06375
0 0.8475 0.365 0.01 0.03125
0 0.83625 0.36375 0.0125 0.03375
0 0.82 0.36375 0.015 0.035
0 0.66125 0.425 0.01875 0.05375
0 0.8325 0.42875 0.01125 0.03375
0 0.5675 0.51875 0.0175 0.06125
0 0.58375 0.5175 0.01375 0.06125
0 0.6375 0.35125 0.015 0.0425
0 0.655 0.35 0.02 0.04375
0 0.67375 0.35125 0.015 0.04375
0 0.69 0.3525 0.0175 0.04125
0 0.72375 0.35625 0.02375 0.0475
0 0.74125 0.3575 0.01125 0.04375
0 0.7525 0.35875 0.0075 0.04375
0 0.765 0.36 0.01625 0.0425
0 0.77875 0.36 0.01 0.03875
0 0.79 0.36 0.01375 0.035
0 0.805 0.36125 0.01375 0.0425
0 0.74125 0.50375 0.01125 0.06375
0 0.7275 0.5025 0.0125 0.06625
0 0.71125 0.5025 0.0225 0.0675
0 0.69 0.50375 0.01375 0.06625
0 0.67375 0.50625 0.01875 0.06875
0 0.65125 0.50875 0.0225 0.0625
0 0.62125 0.51375 0.025 0.065
0 0.60125 0.51375 0.015 0.06375
0 0.85625 0.63375 0.00875 0.045
0 0.86625 0.63125 0.00875 0.04875
0 0.86125 0.5625 0.00875 0.06
0 0.7725 0.66125 0.01625 0.06375
0 0.47875 0.45 0.03375 0.09125
0 0.52375 0.4475 0.05 0.0975
0 0.41375 0.57625 0.04625 0.0875
0 0.48 0.575 0.05125 0.0875
0 0.53 0.58 0.0475 0.0825
0 0.415 0.70375 0.0525 0.07625
0 0.475 0.69375 0.05125 0.07125
0 0.535 0.6875 0.05125 0.07
0 0.4275 0.84375 0.05375 0.0675
0 0.34 0.5275 0.02625 0.1225
0 0.1475 0.2375 0.025 0.07625
0 0.17375 0.2375 0.025 0.07625
0 0.2025 0.23875 0.03 0.08625
0 0.2275 0.24625 0.025 0.06625
0 0.27 0.24875 0.0475 0.075
0 0.30875 0.24375 0.02875 0.095
0 0.16375 0.37625 0.04 0.08125
0 0.21 0.3825 0.045 0.05875
0 0.75125 0.65625 0.01125 0.05
0 0.42375 0.45375 0.07 0.09875
0 0.29625 0.3775 0.05 0.07125
0 0.52625 0.32625 0.0475 0.09125
0 0.42625 0.32125 0.05125 0.09375
0 0.48375 0.815 0.05125 0.075
0 0.52625 0.80375 0.03 0.06625
0 0.4275 0.94625 0.05125 0.0775
0 0.47125 0.9225 0.0375 0.0725
0 0.51125 0.90375 0.0375 0.06
0 0.2375 0.88 0.12375 0.1375
0 0.28875 0.74375 0.03875 0.09375
0 0.24625 0.72875 0.03375 0.055
0 0.1725 0.73125 0.06 0.08625
0 0.15125 0.555 0.04 0.1475
0 0.20125 0.5175 0.04125 0.07125
0 0.24875 0.54375 0.04375 0.1225
0 0.29625 0.5375 0.05 0.1325
0 0.42 0.06375 0.05875 0.11125
0 0.47375 0.07 0.04875 0.09625
0 0.535 0.0725 0.06 0.10625
0 0.43625 0.195 0.05875 0.105
0 0.495 0.19375 0.05 0.0975
0 0.53375 0.21625 0.02375 0.0975
0 0.4775 0.32 0.05 0.09625
0 0.5675 0.27 0.015 0.05125
0 0.25375 0.375 0.04125 0.07375
0 0.6125 0.2725 0.015 0.055
0 0.61375 0.79625 0.02125 0.0775
0 0.58625 0.26875 0.02125 0.0525
0 0.56625 0.8025 0.02375 0.0625
0 0.655 0.69 0.02 0.06875
0 0.63375 0.7 0.02125 0.04875
0 0.61 0.6925 0.01 0.0525
0 0.59875 0.70375 0.01125 0.0625
0 0.58125 0.7125 0.01875 0.06875
0 0.6325 0.78875 0.01125 0.0625
0 0.56625 0.7125 0.01125 0.0675
0 0.72625 0.66625 0.01625 0.04875
0 0.71 0.66625 0.0125 0.0475
0 0.695 0.6725 0.01875 0.05375
0 0.675 0.6775 0.015 0.04875
0 0.8475 0.6425 0.0075 0.0625
0 0.835 0.6475 0.015 0.055
0 0.81625 0.6525 0.02 0.06625
0 0.79375 0.655 0.02 0.0575
0 0.74 0.66375 0.01125 0.0475
0 0.64625 0.785 0.0175 0.0675
0 0.5925 0.79875 0.0225 0.0675
0 0.675 0.77625 0.0175 0.06125
0 0.62875 0.275 0.015 0.04875
0 0.645 0.27875 0.015 0.05625
0 0.66125 0.2825 0.01875 0.04875
0 0.67875 0.285 0.01375 0.05375
0 0.85125 0.7175 0.01125 0.06125
0 0.84125 0.7225 0.0075 0.0575
0 0.66125 0.78125 0.01125 0.05875
0 0.8175 0.7275 0.01125 0.05625
0 0.80625 0.735 0.01125 0.06125
0 0.83 0.72625 0.0125 0.05875
0 0.78125 0.74375 0.0125 0.05375
0 0.77 0.75125 0.01125 0.04625
0 0.7575 0.7475 0.0125 0.06625
0 0.74375 0.7525 0.0125 0.0625
0 0.72875 0.7575 0.015 0.06875
0 0.7175 0.76125 0.01 0.06375
0 0.79375 0.7375 0.01125 0.065
0 0.70375 0.765 0.0125 0.065
0 0.69 0.77125 0.015 0.0625