0 0.36125 0.63875 0.03625 0.0875
0 0.32875 0.64125 0.0275 0.09125
0 0.77375 0.7675 0.03 0.10625
0 0.26375 0.62875 0.02125 0.11875
0 0.2025 0.62875 0.0275 0.11875
0 0.99125 0.7025 0.0175 0.06
0 0.97125 0.7775 0.045 0.065
0 0.935 0.78 0.02625 0.06875
0 0.9075 0.78125 0.025 0.06625
0 0.87875 0.79875 0.02375 0.04625
0 0.85 0.8 0.03 0.04625
0 0.8125 0.76375 0.04 0.1125
0 0.74125 0.76625 0.035 0.1075
0 0.70625 0.76875 0.03375 0.10375
0 0.66875 0.7625 0.0375 0.1075
0 0.62875 0.76375 0.0325 0.10375
0 0.59375 0.7675 0.03125 0.1025
0 0.56 0.7675 0.03375 0.105
0 0.525 0.7675 0.03875 0.10375
0 0.48625 0.76625 0.035 0.1075
0 0.44875 0.76625 0.0375 0.1075
0 0.4125 0.7675 0.03375 0.1075
0 0.37875 0.76625 0.03375 0.1075
0 0.3425 0.76875 0.0375 0.10625
0 0.235 0.62875 0.035 0.11875
0 0.29625 0.6425 0.03875 0.08875
0 0.395 0.64 0.02875 0.08625
0 0.305 0.7725 0.0325 0.10375
0 0.45875 0.64 0.02875 0.0925
0 0.63125 0.62875 0.02875 0.11375
0 0.68375 0.59625 0.0675 0.06625
0 0.68125 0.655 0.0675 0.0525
0 0.755 0.61125 0.0625 0.0625
0 0.7525 0.6625 0.0575 0.0375
0 0.83 0.58 0.07 0.04625
0 0.82875 0.6175 0.06875 0.02375
0 0.82125 0.64125 0.06375 0.02125
0 0.825 0.66875 0.06625 0.03
0 0.865 0.71875 0.0375 0.0375
0 0.90875 0.70875 0.0425 0.04
0 0.95375 0.685 0.04625 0.03125
0 0.4275 0.6425 0.0325 0.0875
0 0.9525 0.715 0.04375 0.0275
0 0.045 0.7725 0.0275 0.11
0 0.075 0.77125 0.0275 0.1125
0 0.1025 0.7725 0.02625 0.11
0 0.13375 0.7725 0.03625 0.10875
0 0.165 0.7725 0.025 0.1075
0 0.195 0.77125 0.03375 0.105
0 0.23 0.77125 0.035 0.10125
0 0.2675 0.7725 0.04 0.1025
0 0.17125 0.63 0.035 0.11625
0 0.56125 0.60125 0.05375 0.06375
0 0.505 0.6575 0.05625 0.04875
0 0.505 0.59625 0.055 0.06875
0 0.015 0.7725 0.03 0.11125
0 0.14375 0.63 0.02 0.115
0 0.28125 0.3575 0.05 0.06
0 0.085 0.62875 0.025 0.11875
0 0.7675 0.33875 0.025 0.08875
0 0.79 0.3375 0.01875 0.09125
0 0.81375 0.33625 0.025 0.09125
0 0.835 0.33875 0.015 0.08625
0 0.85625 0.335 0.02625 0.09375
0 0.8775 0.3325 0.01625 0.09125
0 0.90375 0.3375 0.0325 0.08125
0 0.9525 0.2975 0.05625 0.11875
0 0.0825 0.48375 0.05125 0.08125
0 0.1325 0.48125 0.045 0.0825
0 0.18 0.48125 0.04625 0.08375
0 0.23 0.4825 0.04875 0.0825
0 0.27625 0.48125 0.04125 0.08125
0 0.31875 0.48 0.04375 0.08375
0 0.46125 0.47875 0.045 0.08125
0 0.50875 0.47875 0.045 0.0825
0 0.55375 0.475 0.04125 0.08125
0 0.59875 0.475 0.0475 0.07875
0 0.6475 0.47625 0.045 0.0825
0 0.7725 0.47875 0.08375 0.08125
0 0.85125 0.48125 0.075 0.0775
0 0.92375 0.43875 0.05625 0.07375
0 0.9775 0.4375 0.045 0.06375
0 0.95625 0.53375 0.06875 0.05875
0 0.56 0.6575 0.05375 0.045
0 0.745 0.33625 0.01875 0.09375
0 0.29375 0.29375 0.0625 0.05375
0 0.44125 0.35625 0.06 0.06875
0 0.3875 0.355 0.04625 0.065
0 0.0575 0.63 0.03125 0.12125
0 0.02625 0.63125 0.0275 0.12375
0 0.00625 0.63875 0.0125 0.10875
0 0.985 0.6175 0.03 0.0525
0 0.94875 0.62 0.04 0.055
0 0.9025 0.60625 0.0275 0.03125
0 0.8775 0.60375 0.01875 0.03625
0 0.1775 0.1775 0.08625 0.09625
0 0.245 0.1775 0.04375 0.095
0 0.3275 0.18 0.11875 0.0975
0 0.47625 0.17625 0.09125 0.1025
0 0.40875 0.1775 0.04 0.10125
0 0.115 0.62875 0.03375 0.11875
0 0.5625 0.17875 0.08 0.1
0 0.5475 0.35375 0.05 0.06625
0 0.6 0.355 0.05375 0.0675
0 0.6625 0.17875 0.11125 0.095
0 0.7425 0.175 0.04375 0.1
0 0.80375 0.18125 0.07125 0.1
0 0.8825 0.17875 0.085 0.1025
0 0.9725 0.16375 0.05375 0.0625
0 0.055 0.3475 0.06875 0.08
0 0.12125 0.35125 0.06 0.0775
0 0.23375 0.2975 0.045 0.0625
0 0.225 0.35875 0.05625 0.0575
0 0.33625 0.35625 0.05375 0.0625
0 0.4975 0.35625 0.04875 0.07
0 0.6025 0.62875 0.025 0.11375