0 0.57 0.57375 0.01625 0.05625
0 0.76625 0.4 0.02875 0.035
0 0.22375 0.45125 0.00625 0.02
0 0.2325 0.45125 0.01 0.01875
0 0.2425 0.45125 0.01 0.01875
0 0.25375 0.4525 0.01 0.0175
0 0.275 0.44 0.025 0.0375
0 0.23125 0.48 0.0075 0.0225
0 0.22375 0.48 0.00625 0.02375
0 0.73875 0.39875 0.02375 0.03625
0 0.24125 0.47875 0.01 0.02125
0 0.2525 0.48 0.01125 0.02
0 0.22375 0.53 0.0075 0.0225
0 0.2325 0.52875 0.0075 0.02375
0 0.27625 0.47375 0.025 0.02375
0 0.70375 0.40875 0.0375 0.0325
0 0.64875 0.40875 0.02875 0.03375
0 0.615 0.40875 0.0325 0.035
0 0.49 0.65625 0.02 0.0575
0 0.4675 0.6575 0.02125 0.055
0 0.4475 0.6575 0.015 0.05875
0 0.7725 0.26125 0.015 0.04625
0 0.745 0.3125 0.02 0.04
0 0.77125 0.31625 0.0175 0.045
0 0.3175 0.41125 0.025 0.03
0 0.345 0.41 0.02875 0.0325
0 0.3775 0.40875 0.03125 0.03125
0 0.4375 0.41125 0.0325 0.0325
0 0.4675 0.41125 0.02375 0.03125
0 0.4975 0.41 0.02625 0.0325
0 0.52625 0.41125 0.0275 0.03
0 0.55625 0.41125 0.02625 0.03125
0 0.585 0.40875 0.025 0.03625
0 0.2425 0.5275 0.01 0.02125
0 0.2525 0.53125 0.0125 0.0175
0 0.275 0.54125 0.025 0.02375
0 0.5525 0.5775 0.0175 0.055
0 0.385 0.5825 0.04 0.03125
0 0.22625 0.64 0.01125 0.04
0 0.23625 0.64 0.00875 0.0425
0 0.2475 0.64 0.01 0.0425
0 0.26 0.64 0.01375 0.0425
0 0.2725 0.64 0.01 0.04375
0 0.385 0.54875 0.0375 0.03375
0 0.24375 0.72125 0.04375 0.0675
0 0.31625 0.76875 0.03375 0.0425
0 0.35375 0.74 0.035 0.0325
0 0.6475 0.575 0.02375 0.055
0 0.6275 0.5725 0.015 0.05625
0 0.6075 0.575 0.02 0.05625
0 0.5875 0.575 0.01625 0.05875
0 0.2775 0.7325 0.0175 0.04625
0 0.34375 0.575 0.03125 0.05875
0 0.67 0.58875 0.02125 0.02875
0 0.69125 0.58 0.0175 0.0475
0 0.225 0.585 0.01 0.035
0 0.51125 0.655 0.02 0.055
0 0.23875 0.58375 0.01625 0.035
0 0.2525 0.58375 0.00875 0.03625
0 0.2625 0.5875 0.01125 0.0275
0 0.27875 0.56375 0.02125 0.0175
0 0.28125 0.58625 0.02125 0.01875
0 0.28375 0.60625 0.025 0.015
0 0.3125 0.5725 0.02625 0.05375
0 0.4275 0.6575 0.02125 0.05625
0 0.405 0.65625 0.02125 0.05375
0 0.38125 0.65375 0.0225 0.0575
0 0.47 0.555 0.0375 0.02625
0 0.35875 0.655 0.01875 0.0575
0 0.325 0.66625 0.0425 0.03625
0 0.27625 0.51 0.025 0.0325
0 0.53125 0.65625 0.02 0.0525
0 0.63125 0.66875 0.02375 0.03375
0 0.57125 0.65875 0.01875 0.05625
0 0.2275 0.285 0.0125 0.025
0 0.72625 0.23 0.02625 0.065
0 0.69875 0.235 0.0225 0.0525
0 0.67125 0.2475 0.025 0.0275
0 0.64375 0.225 0.02375 0.065
0 0.62375 0.22625 0.015 0.0625
0 0.24 0.28625 0.01 0.0225
0 0.59875 0.245 0.02625 0.03
0 0.5125 0.225 0.03125 0.06375
0 0.45125 0.24375 0.03 0.0225
0 0.42375 0.22125 0.025 0.07
0 0.3975 0.22 0.02375 0.06875
0 0.3675 0.2225 0.0275 0.06875
0 0.32125 0.2325 0.05625 0.04875
0 0.56875 0.23125 0.0275 0.0575
0 0.25125 0.285 0.01125 0.02375
0 0.26375 0.285 0.01125 0.0225
0 0.22875 0.315 0.01125 0.0225
0 0.34 0.315 0.02 0.07
0 0.31875 0.31375 0.02125 0.06625
0 0.29625 0.31375 0.02125 0.0675
0 0.27125 0.3925 0.01 0.02125
0 0.25875 0.39375 0.0125 0.02125
0 0.2475 0.39 0.01 0.02625
0 0.23375 0.39 0.01 0.0275
0 0.275 0.35 0.0175 0.035
0 0.25875 0.36125 0.01375 0.02625
0 0.24625 0.36125 0.00875 0.02875
0 0.235 0.36125 0.01 0.02375
0 0.225 0.36 0.01 0.025
0 0.26375 0.315 0.01125 0.02375
0 0.25125 0.315 0.0125 0.0225
0 0.24 0.315 0.01 0.02375
0 0.5 0.385 0.02875 0.01375
0 0.55125 0.6575 0.01625 0.0575
0 0.46875 0.3875 0.025 0.0125
0 0.75 0.75125 0.01625 0.0525
0 0.635 0.3225 0.02125 0.06125
0 0.66125 0.32375 0.025 0.0625
0 0.6875 0.32375 0.025 0.06125
0 0.71625 0.32125 0.025 0.0675
0 0.7525 0.26125 0.0175 0.04125
0 0.4775 0.74125 0.03125 0.0775
0 0.6075 0.32375 0.03 0.06125
0 0.76125 0.65125 0.01875 0.04625
0 0.72375 0.64125 0.02125 0.06625
0 0.69625 0.66125 0.01125 0.04625
0 0.6775 0.66125 0.01875 0.05
0 0.65875 0.66125 0.0175 0.0475
0 0.6125 0.66375 0.0125 0.04375
0 0.59125 0.6575 0.01875 0.0575
0 0.74375 0.65125 0.015 0.04625
0 0.49875 0.33125 0.05375 0.04125
0 0.4625 0.3275 0.0175 0.04625
0 0.425 0.33375 0.04625 0.0375
0 0.73125 0.745 0.02 0.06625
0 0.7125 0.74375 0.01625 0.0675
0 0.67375 0.7675 0.03875 0.025
0 0.63625 0.76625 0.035 0.02625
0 0.67625 0.7375 0.03375 0.0275
0 0.63375 0.73875 0.04 0.02625
0 0.58875 0.74 0.0425 0.06375
0 0.54625 0.745 0.03875 0.05375
0 0.50875 0.7425 0.02875 0.07125
0 0.36 0.32625 0.02125 0.04625
0 0.36125 0.29375 0.015 0.015
0 0.3825 0.29375 0.025 0.0175
0 0.385 0.32875 0.02625 0.04875
0 0.42875 0.285 0.05125 0.01875
0 0.42375 0.305 0.04875 0.015
0 0.76875 0.74875 0.02125 0.055
0 0.225 0.38875 0.00875 0.0275
0 0.51375 0.55 0.03875 0.0275
0 0.7425 0.545 0.035 0.07875
0 0.54375 0.49 0.02125 0.05625
0 0.565 0.48125 0.0175 0.07125
0 0.6025 0.4925 0.02 0.045
0 0.62625 0.47625 0.02625 0.02375
0 0.62625 0.5025 0.02375 0.025
0 0.64875 0.49125 0.0175 0.0475
0 0.67375 0.5 0.03 0.0275
0 0.52125 0.4875 0.0175 0.0575
0 0.7025 0.50125 0.025 0.02625
0 0.75625 0.47125 0.0275 0.03
0 0.77625 0.44875 0.00875 0.02125
0 0.77625 0.47125 0.00875 0.02
0 0.77 0.545 0.01875 0.075
0 0.42875 0.5525 0.04 0.03125
0 0.4275 0.585 0.0375 0.03
0 0.46625 0.58625 0.03625 0.0275
0 0.72875 0.475 0.02375 0.0225
0 0.50125 0.48625 0.02 0.05125
0 0.5825 0.49125 0.01625 0.04625
0 0.43875 0.76625 0.03375 0.03125
0 0.48 0.4875 0.01875 0.0525
0 0.46125 0.4875 0.01875 0.05375
0 0.42125 0.4975 0.05 0.03375
0 0.42375 0.46875 0.0425 0.02
0 0.3725 0.495 0.0425 0.03625
0 0.32 0.4975 0.05375 0.03125
0 0.3275 0.46 0.04625 0.02875
0 0.44 0.73625 0.03875 0.02625
0 0.39875 0.76 0.0325 0.045
0 0.3575 0.77125 0.03125 0.02875
0 0.51625 0.58625 0.04875 0.035