0 0.47 0.12125 0.035 0.03375
0 0.55125 0.1175 0.04 0.0325
0 0.51 0.1175 0.035 0.03375
0 0.5125 0.15625 0.03125 0.03
0 0.75375 0.15625 0.05375 0.045
0 0.69875 0.155 0.04875 0.04625
0 0.69875 0.2075 0.04875 0.05875
0 0.76125 0.10125 0.06125 0.0525
0 0.69125 0.11125 0.0575 0.035
0 0.6625 0.1875 0.01625 0.0975
0 0.6375 0.1825 0.02125 0.1075
0 0.6125 0.18125 0.02125 0.1075
0 0.58625 0.18875 0.01875 0.09125
0 0.5525 0.15625 0.035 0.0325
0 0.75375 0.20875 0.05 0.05125
0 0.30625 0.82 0.045 0.10875
0 0.725 0.83375 0.03625 0.12375
0 0.82875 0.20875 0.03 0.0525
0 0.59875 0.495 0.02875 0.105
0 0.63625 0.52 0.02625 0.05875
0 0.685 0.51 0.02625 0.09
0 0.71625 0.51 0.02625 0.10875
0 0.7475 0.505 0.02125 0.09375
0 0.7775 0.50375 0.0275 0.11
0 0.14625 0.83 0.03 0.10625
0 0.20375 0.8275 0.0475 0.11375
0 0.26125 0.82 0.04375 0.115
0 0.27 0.19 0.04 0.03125
0 0.79625 0.20875 0.0225 0.05375
0 0.365 0.82375 0.04875 0.10625
0 0.48375 0.82875 0.04875 0.10625
0 0.5925 0.81375 0.16 0.085
0 0.47125 0.15375 0.03875 0.02625
0 0.765 0.82875 0.03 0.105
0 0.8225 0.83625 0.05125 0.11875
0 0.14875 0.345 0.0225 0.095
0 0.86625 0.49875 0.01625 0.09875
0 0.84 0.495 0.03125 0.10125
0 0.80625 0.495 0.02125 0.09875
0 0.86 0.1675 0.02875 0.13375
0 0.4275 0.82125 0.04875 0.10625
0 0.47375 0.18875 0.03125 0.03
0 0.3525 0.19 0.03375 0.0275
0 0.43125 0.22625 0.03875 0.02625
0 0.42375 0.345 0.03375 0.10375
0 0.45875 0.34625 0.02625 0.09375
0 0.49375 0.34625 0.03 0.09375
0 0.53125 0.34375 0.0325 0.10125
0 0.56625 0.34625 0.03 0.09375
0 0.605 0.34375 0.03 0.09375
0 0.6425 0.34375 0.0225 0.095
0 0.67 0.33875 0.025 0.10625
0 0.705 0.3375 0.0275 0.11
0 0.735 0.33375 0.0175 0.11
0 0.765 0.33375 0.02875 0.11625
0 0.79875 0.33375 0.02625 0.1125
0 0.83625 0.33 0.0375 0.115
0 0.2275 0.16 0.03125 0.0325
0 0.22875 0.195 0.0325 0.0275
0 0.22875 0.22625 0.0375 0.02875
0 0.2725 0.22375 0.03625 0.0275
0 0.375 0.34625 0.035 0.1
0 0.33875 0.345 0.03375 0.095
0 0.27125 0.12125 0.0325 0.03375
0 0.31 0.12125 0.0325 0.03125
0 0.39125 0.22625 0.0325 0.02875
0 0.43125 0.19 0.03875 0.02875
0 0.39125 0.19125 0.03375 0.0325
0 0.4325 0.1575 0.02875 0.0275
0 0.39375 0.15625 0.03625 0.03125
0 0.43125 0.12 0.035 0.03625
0 0.39 0.1175 0.04 0.0325
0 0.34875 0.12375 0.03125 0.0375
0 0.47125 0.22375 0.0325 0.03125
0 0.1875 0.3425 0.03625 0.1075
0 0.2625 0.34875 0.02875 0.09625
0 0.2975 0.34375 0.0375 0.10875
0 0.34875 0.16125 0.03625 0.02875
0 0.55875 0.49375 0.03375 0.09875
0 0.355 0.225 0.035 0.03
0 0.31125 0.22375 0.03375 0.0325
0 0.31 0.19 0.035 0.03125
0 0.31 0.155 0.035 0.02875
0 0.22625 0.345 0.03375 0.09625
0 0.475 0.49375 0.03625 0.095
0 0.26875 0.15625 0.03375 0.0275
0 0.3875 0.49375 0.03125 0.0975
0 0.29 0.4975 0.02125 0.09125
0 0.25375 0.49625 0.04 0.0975
0 0.21125 0.4925 0.03875 0.1
0 0.1725 0.495 0.035 0.10625
0 0.13875 0.49375 0.02375 0.10625
0 0.84 0.65 0.04375 0.08875
0 0.795 0.65 0.0375 0.1025
0 0.32 0.4975 0.03375 0.09625
0 0.75 0.6475 0.04375 0.105
0 0.685 0.6425 0.02125 0.08125
0 0.43125 0.49625 0.0375 0.09625
0 0.63875 0.66125 0.035 0.07125
0 0.35 0.49625 0.01625 0.09625
0 0.60125 0.665 0.02625 0.07875
0 0.5575 0.665 0.03125 0.08375
0 0.50875 0.655 0.04125 0.1
0 0.70875 0.64625 0.02375 0.08375
0 0.45875 0.65375 0.04125 0.1
0 0.41125 0.65 0.03875 0.105
0 0.21625 0.65 0.0325 0.1125
0 0.17875 0.65375 0.02875 0.11
0 0.14125 0.6525 0.03 0.0925
0 0.23 0.12 0.04125 0.04
0 0.18625 0.1175 0.0375 0.03625
0 0.19 0.15625 0.03625 0.03
0 0.1875 0.19125 0.035 0.0275
0 0.145 0.1925 0.03875 0.09
0 0.18625 0.225 0.03125 0.0275
0 0.26125 0.65125 0.04625 0.11625
0 0.31 0.65 0.04125 0.11
0 0.36 0.6525 0.0425 0.11