0 0.5675 0.095 0.04125 0.09625
0 0.54625 0.5725 0.05375 0.02125
0 0.545 0.54375 0.0575 0.03
0 0.54375 0.5125 0.05875 0.03
0 0.54625 0.46 0.06125 0.0725
0 0.505 0.66 0.02625 0.04625
0 0.51125 0.61 0.01875 0.045
0 0.4675 0.65125 0.01875 0.04625
0 0.485 0.62125 0.00875 0.0975
0 0.47125 0.59875 0.01375 0.05125
0 0.45125 0.625 0.01 0.07125
0 0.44 0.62375 0.01125 0.07125
0 0.425 0.62125 0.0175 0.07125
0 0.65375 0.03125 0.02875 0.05
0 0.68875 0.035 0.03625 0.0375
0 0.2975 0.645 0.015 0.01625
0 0.55 0.60125 0.05375 0.02875
0 0.61375 0.0325 0.035 0.055
0 0.5475 0.64125 0.04375 0.04625
0 0.45375 0.91 0.0325 0.08625
0 0.515 0.09625 0.04875 0.09375
0 0.4525 0.09625 0.05875 0.105
0 0.40375 0.11375 0.035 0.07
0 0.3275 0.0925 0.06875 0.1075
0 0.25125 0.0975 0.0625 0.09875
0 0.6275 0.6975 0.075 0.11
0 0.69 0.68625 0.02125 0.05
0 0.6825 0.73875 0.025 0.04875
0 0.735 0.71625 0.0625 0.11875
0 0.75625 0.8275 0.0475 0.0575
0 0.25 0.865 0.01875 0.06125
0 0.315 0.86 0.03875 0.10375
0 0.37625 0.83875 0.0325 0.0875
0 0.40625 0.84125 0.00875 0.07125
0 0.40125 0.66 0.01625 0.0125
0 0.595 0.555 0.02875 0.10625
0 0.42375 0.8625 0.02375 0.10875
0 0.7275 0.01 0.03 0.0175
0 0.72875 0.0375 0.0225 0.0325
0 0.56 0.90625 0.04875 0.1375
0 0.50125 0.9125 0.05875 0.1225
0 0.35375 0.47875 0.025 0.11125
0 0.37875 0.50625 0.01375 0.075
0 0.4 0.50125 0.02875 0.085
0 0.4325 0.4975 0.0225 0.0775
0 0.455 0.49375 0.02 0.085
0 0.6175 0.92625 0.0475 0.11625
0 0.475 0.50125 0.02125 0.10125
0 0.23 0.5975 0.01625 0.0375
0 0.2525 0.60875 0.02375 0.07625
0 0.27875 0.605 0.01 0.08
0 0.29625 0.58125 0.0175 0.0175
0 0.2975 0.6 0.02 0.01375
0 0.295 0.615 0.0175 0.0125
0 0.295 0.63 0.01875 0.0125
0 0.5 0.51 0.02375 0.08375
0 0.4 0.6475 0.0125 0.0125
0 0.69125 0.88375 0.07625 0.04875
0 0.75375 0.93625 0.045 0.0925
0 0.73625 0.43875 0.07 0.1075
0 0.2275 0.47875 0.01125 0.09125
0 0.24375 0.4775 0.0225 0.09375
0 0.2725 0.47875 0.0275 0.10125
0 0.33125 0.4725 0.02 0.09625
0 0.40125 0.6325 0.0175 0.01375
0 0.385 0.62375 0.01375 0.07875
0 0.68125 0.955 0.06875 0.085
0 0.365 0.6575 0.0125 0.015
0 0.35 0.65375 0.015 0.0125
0 0.35 0.64125 0.01375 0.01
0 0.33 0.655 0.01625 0.015
0 0.33125 0.63875 0.0175 0.0125
0 0.32875 0.62375 0.01875 0.01375
0 0.3275 0.605 0.01625 0.0175
0 0.3125 0.64875 0.015 0.015
0 0.3675 0.64125 0.0125 0.0125
0 0.76375 0.03125 0.03375 0.0425
0 0.3125 0.63125 0.0125 0.0125
0 0.275 0.2225 0.02375 0.08875
0 0.445 0.7775 0.04625 0.02
0 0.46875 0.36875 0.01625 0.0975
0 0.49 0.37375 0.0225 0.0875
0 0.515 0.39125 0.025 0.0575
0 0.5525 0.32875 0.02125 0.04375
0 0.60875 0.26625 0.0425 0.1275
0 0.655 0.26125 0.04875 0.13625
0 0.69875 0.2675 0.03875 0.13625
0 0.75 0.265 0.06125 0.14375
0 0.6 0.425 0.025 0.0925
0 0.635 0.42125 0.02875 0.09875
0 0.675 0.4125 0.03125 0.11125
0 0.24125 0.22125 0.03875 0.09125
0 0.4425 0.76 0.045 0.0125
0 0.44375 0.7375 0.0475 0.02625
0 0.35625 0.755 0.04125 0.045
0 0.40125 0.73 0.0325 0.0925
0 0.36875 0.705 0.02875 0.035
0 0.31375 0.7375 0.03375 0.03625
0 0.27625 0.7325 0.03625 0.03
0 0.2475 0.70375 0.01875 0.06375
0 0.34125 0.6875 0.025 0.02125
0 0.305 0.68 0.04 0.025
0 0.76 0.57375 0.0275 0.125
0 0.72125 0.57125 0.04 0.125
0 0.68 0.5625 0.03375 0.11625
0 0.65 0.55375 0.02125 0.10125
0 0.44375 0.79875 0.04875 0.01625
0 0.6225 0.56125 0.0225 0.11
0 0.52125 0.72625 0.04 0.0425
0 0.45 0.36875 0.02 0.0975
0 0.30875 0.22875 0.035 0.07375
0 0.33375 0.24125 0.01375 0.055
0 0.35625 0.24875 0.02625 0.04125
0 0.38125 0.24875 0.01875 0.04
0 0.41375 0.2325 0.02875 0.08
0 0.45 0.2275 0.035 0.09
0 0.4925 0.17375 0.05 0.0225
0 0.4975 0.2325 0.04375 0.09
0 0.55375 0.23125 0.05 0.09625
0 0.62625 0.13 0.075 0.08375
0 0.71375 0.13125 0.05 0.07875
0 0.5625 0.69875 0.02875 0.06125
0 0.69375 0.81625 0.0625 0.0575
0 0.63875 0.8025 0.0425 0.0675
0 0.60625 0.79125 0.02125 0.06
0 0.57375 0.7825 0.04 0.0525
0 0.7575 0.11625 0.03625 0.0325
0 0.7575 0.15375 0.0325 0.0325
0 0.23 0.3575 0.0175 0.08375
0 0.255 0.36 0.02125 0.08
0 0.2775 0.3575 0.0225 0.08625
0 0.30125 0.35125 0.02125 0.10125
0 0.3475 0.36125 0.03125 0.03125
0 0.4025 0.3325 0.03875 0.0275
0 0.345 0.39375 0.03375 0.03125
0 0.39875 0.3925 0.03125 0.0375
0 0.43375 0.36375 0.01125 0.1075
0 0.515 0.77875 0.0475 0.05125