0 0.73375 0.27625 0.03125 0.05875
0 0.5725 0.2775 0.025 0.07625
0 0.7 0.27625 0.03375 0.0625
0 0.665 0.2775 0.02625 0.0625
0 0.63125 0.2775 0.03375 0.06375
0 0.6 0.28 0.025 0.0675
0 0.5475 0.2675 0.02 0.09625
0 0.32 0.83625 0.04125 0.05625
0 0.5 0.265 0.025 0.10125
0 0.46625 0.26375 0.03125 0.10625
0 0.43375 0.26375 0.02875 0.10625
0 0.4025 0.26625 0.03 0.10875
0 0.36875 0.27 0.035 0.1025
0 0.785 0.265 0.02125 0.08125
0 0.5275 0.27875 0.01625 0.07625
0 0.80625 0.26875 0.015 0.07375
0 0.4275 0.41125 0.03 0.0975
0 0.845 0.295 0.02375 0.01375
0 0.5525 0.38 0.04375 0.05125
0 0.5175 0.4025 0.025 0.0925
0 0.49125 0.40625 0.025 0.095
0 0.46125 0.41 0.0325 0.09625
0 0.3275 0.265 0.035 0.10875
0 0.395 0.415 0.03375 0.09625
0 0.8225 0.2725 0.0125 0.065
0 0.365 0.41625 0.02375 0.10125
0 0.29 0.42625 0.0275 0.10375
0 0.255 0.42875 0.03625 0.10125
0 0.22 0.4275 0.03 0.10625
0 0.18375 0.42625 0.03625 0.1175
0 0.14375 0.43 0.0375 0.1125
0 0.86875 0.2675 0.0125 0.065
0 0.32875 0.42875 0.0375 0.07875
0 0.29125 0.265 0.035 0.10625
0 0.735 0.13625 0.02375 0.0825
0 0.2075 0.28125 0.03625 0.08
0 0.15125 0.0925 0.02875 0.12125
0 0.1825 0.1025 0.02875 0.1
0 0.21375 0.09 0.02875 0.1275
0 0.24625 0.09125 0.03 0.1275
0 0.2775 0.1025 0.03125 0.10625
0 0.3075 0.105 0.02625 0.1075
0 0.3325 0.11 0.0225 0.095
0 0.3575 0.11375 0.0225 0.0925
0 0.38125 0.09625 0.02125 0.12875
0 0.40875 0.0975 0.03 0.13125
0 0.43625 0.095 0.02375 0.1375
0 0.46 0.095 0.01875 0.13875
0 0.48375 0.09625 0.02375 0.1375
0 0.5075 0.0975 0.01875 0.135
0 0.5325 0.1225 0.025 0.0925
0 0.55875 0.1225 0.025 0.0925
0 0.5875 0.125 0.02875 0.09375
0 0.16875 0.27 0.03125 0.1125
0 0.13875 0.27125 0.02625 0.1125
0 0.86625 0.1275 0.015 0.1075
0 0.84 0.1225 0.02625 0.1075
0 0.80875 0.135 0.0125 0.085
0 0.7925 0.13 0.015 0.08875
0 0.245 0.3 0.0175 0.10125
0 0.77625 0.13125 0.015 0.085
0 0.5575 0.4325 0.04375 0.035
0 0.71375 0.13375 0.01875 0.0775
0 0.69 0.13125 0.02375 0.0825
0 0.665 0.12875 0.01875 0.08375
0 0.64125 0.12875 0.02375 0.08375
0 0.61625 0.1275 0.02375 0.085
0 0.7575 0.135 0.0175 0.08125
0 0.2775 0.82625 0.025 0.08375
0 0.59125 0.40375 0.0175 0.0825
0 0.63625 0.40875 0.03125 0.06125
0 0.81875 0.7075 0.0125 0.0475
0 0.83375 0.7025 0.01 0.0525
0 0.845 0.69 0.01125 0.06875
0 0.86 0.68375 0.01375 0.07
0 0.21 0.87125 0.03625 0.04125
0 0.1675 0.8525 0.03375 0.09375
0 0.13625 0.86 0.02125 0.09625
0 0.8475 0.59 0.03375 0.10875
0 0.8175 0.59 0.015 0.085
0 0.80125 0.59625 0.0125 0.08
0 0.78875 0.60375 0.01 0.0675
0 0.775 0.6025 0.0125 0.0775
0 0.75875 0.61 0.01625 0.07
0 0.74 0.61125 0.02 0.07375
0 0.71 0.625 0.0275 0.055
0 0.67875 0.63125 0.02625 0.055
0 0.6475 0.63875 0.025 0.06
0 0.6175 0.645 0.02625 0.05625
0 0.58875 0.65 0.02875 0.06
0 0.805 0.71 0.0125 0.04875
0 0.55875 0.6575 0.025 0.05375
0 0.785 0.71375 0.01875 0.055
0 0.75625 0.7225 0.0125 0.0575
0 0.3625 0.81375 0.03125 0.0925
0 0.3925 0.79875 0.025 0.08
0 0.41625 0.79125 0.02125 0.0925
0 0.44 0.785 0.02 0.0925
0 0.4625 0.78125 0.02125 0.1
0 0.48375 0.795 0.0125 0.0575
0 0.50125 0.775 0.01875 0.0875
0 0.5225 0.7675 0.0175 0.08125
0 0.54625 0.76125 0.01875 0.08125
0 0.56875 0.75875 0.0175 0.0775
0 0.59125 0.75 0.02 0.08625
0 0.61125 0.7475 0.0175 0.08125
0 0.24625 0.8375 0.02875 0.08875
0 0.6475 0.7375 0.01375 0.08
0 0.67375 0.72875 0.015 0.07875
0 0.69125 0.7275 0.015 0.07375
0 0.70625 0.725 0.01375 0.07125
0 0.72 0.71875 0.01 0.07625
0 0.73875 0.72625 0.01625 0.0575
0 0.77 0.71625 0.01125 0.05375
0 0.61125 0.40125 0.01625 0.0825
0 0.5325 0.65 0.0225 0.085
0 0.47125 0.66125 0.02375 0.0925
0 0.45875 0.54125 0.02875 0.08875
0 0.4275 0.54625 0.03 0.1
0 0.395 0.5525 0.0275 0.08875
0 0.365 0.5575 0.025 0.09
0 0.33375 0.56625 0.0325 0.08875
0 0.29875 0.565 0.03625 0.0925
0 0.22625 0.57375 0.03375 0.11
0 0.18625 0.58125 0.0325 0.105
0 0.1525 0.58625 0.03125 0.1075
0 0.86875 0.3775 0.01125 0.075
0 0.855 0.37375 0.015 0.0925
0 0.83625 0.37375 0.01875 0.09375
0 0.81625 0.37375 0.01625 0.095
0 0.8 0.37625 0.015 0.09375
0 0.78125 0.3775 0.01875 0.0975
0 0.75875 0.37875 0.0225 0.09875
0 0.72875 0.4 0.02625 0.06375
0 0.7 0.40375 0.0275 0.05875
0 0.66875 0.40625 0.0275 0.0625
0 0.4875 0.5375 0.02375 0.0925
0 0.5025 0.6575 0.025 0.0825
0 0.51375 0.53375 0.0275 0.085
0 0.58625 0.5375 0.03 0.05625
0 0.4425 0.66875 0.025 0.08875
0 0.415 0.68 0.02375 0.08375
0 0.3875 0.68375 0.02375 0.08375
0 0.35875 0.68875 0.03125 0.08125
0 0.32625 0.69375 0.02625 0.08375
0 0.2925 0.7025 0.03125 0.08125
0 0.26 0.71125 0.0325 0.09875
0 0.22 0.7175 0.0375 0.08625
0 0.185 0.725 0.03125 0.09875
0 0.55 0.5425 0.03875 0.0575
0 0.145 0.72875 0.03875 0.10125
0 0.84 0.4825 0.02125 0.085
0 0.81875 0.485 0.02 0.08375
0 0.8 0.48875 0.01125 0.085
0 0.77875 0.49 0.02125 0.09375
0 0.755 0.4925 0.0275 0.0975
0 0.72 0.5175 0.035 0.05375
0 0.68625 0.52125 0.03125 0.05625
0 0.6525 0.52625 0.03125 0.05625
0 0.62 0.5325 0.03375 0.06375
0 0.86 0.48 0.0175 0.08375
0 0.63 0.7425 0.01625 0.085