0 0.67 0.73 0.02625 0.03125
0 0.7075 0.73375 0.0375 0.03125
0 0.76 0.6875 0.04125 0.0375
0 0.765 0.62125 0.025 0.06125
0 0.73375 0.62375 0.01625 0.045
0 0.7175 0.62375 0.01625 0.03875
0 0.635 0.7275 0.02625 0.04
0 0.76125 0.72125 0.03875 0.02875
0 0.35375 0.5175 0.035 0.0675
0 0.38625 0.5125 0.03125 0.06875
0 0.70125 0.62125 0.015 0.04375
0 0.67875 0.61125 0.03125 0.06125
0 0.64125 0.61375 0.04 0.05625
0 0.60625 0.61375 0.03125 0.0575
0 0.5725 0.6175 0.0325 0.05375
0 0.54125 0.61625 0.0325 0.05875
0 0.50375 0.6175 0.04 0.0625
0 0.4175 0.5075 0.025 0.0775
0 0.465 0.615 0.035 0.0675
0 0.38875 0.61125 0.04 0.07
0 0.3525 0.615 0.025 0.0625
0 0.32375 0.61625 0.02875 0.06625
0 0.29125 0.61875 0.035 0.0625
0 0.25375 0.58 0.02875 0.0825
0 0.23875 0.4775 0.035 0.0725
0 0.31875 0.5175 0.03125 0.0625
0 0.42625 0.6075 0.03875 0.065
0 0.76375 0.83125 0.035 0.0525
0 0.7275 0.83875 0.03625 0.055
0 0.69125 0.835 0.03625 0.06375
0 0.71625 0.6875 0.02875 0.025
0 0.6875 0.68375 0.0225 0.03125
0 0.6425 0.685 0.02125 0.03375
0 0.61875 0.68625 0.025 0.03625
0 0.5975 0.6825 0.01875 0.0325
0 0.5675 0.6875 0.03 0.0225
0 0.53375 0.68625 0.03375 0.02875
0 0.23 0.695 0.01875 0.07875
0 0.46875 0.73 0.0125 0.0425
0 0.4925 0.71125 0.03625 0.0275
0 0.495 0.7375 0.035 0.025
0 0.60375 0.73625 0.03625 0.025
0 0.57375 0.73125 0.03625 0.01625
0 0.57 0.74625 0.03625 0.015
0 0.5325 0.71875 0.035 0.0175
0 0.53375 0.7375 0.03125 0.01875
0 0.455 0.73 0.015 0.04125
0 0.7325 0.80125 0.03125 0.02375
0 0.265 0.70625 0.03 0.05625
0 0.33625 0.71875 0.035 0.06375
0 0.65625 0.83625 0.0325 0.06
0 0.61875 0.83375 0.0325 0.055
0 0.5825 0.83875 0.035 0.04875
0 0.53875 0.84625 0.0475 0.0325
0 0.49875 0.8175 0.04875 0.03375
0 0.49375 0.85125 0.04375 0.03
0 0.4475 0.84875 0.04625 0.03375
0 0.30375 0.7125 0.03125 0.0775
0 0.40125 0.8 0.03125 0.0425
0 0.365 0.8275 0.0325 0.04375
0 0.28125 0.8575 0.0375 0.0175
0 0.28375 0.84125 0.04 0.0125
0 0.28375 0.8275 0.0375 0.01375
0 0.2825 0.81125 0.04 0.01625
0 0.24125 0.8275 0.03375 0.0825
0 0.375 0.71625 0.0375 0.075
0 0.4025 0.84625 0.03875 0.045
0 0.665 0.68625 0.02125 0.02625
0 0.715 0.4175 0.02125 0.05625
0 0.7075 0.195 0.0375 0.01375
0 0.58 0.30375 0.035 0.06625
0 0.5475 0.305 0.03375 0.06375
0 0.51125 0.3025 0.03375 0.06875
0 0.4775 0.30375 0.0325 0.07
0 0.4475 0.305 0.03125 0.07
0 0.415 0.3025 0.03 0.07125
0 0.38375 0.30375 0.03125 0.07
0 0.35 0.3 0.0325 0.07125
0 0.3125 0.3025 0.03625 0.06875
0 0.2775 0.3 0.03375 0.06375
0 0.2325 0.36 0.01375 0.0875
0 0.61375 0.30375 0.03125 0.06625
0 0.2475 0.36125 0.01625 0.085
0 0.315 0.4125 0.02 0.07625
0 0.33875 0.41125 0.02375 0.075
0 0.36125 0.4125 0.02125 0.0775
0 0.38375 0.4125 0.0225 0.0775
0 0.4125 0.4125 0.0275 0.075
0 0.4375 0.41375 0.02125 0.0775
0 0.4625 0.41375 0.02625 0.0775
0 0.48625 0.4125 0.02125 0.0775
0 0.55 0.405 0.02875 0.0775
0 0.57875 0.405 0.02625 0.0775
0 0.6 0.40875 0.01875 0.07375
0 0.2875 0.4125 0.03125 0.07625
0 0.645 0.31 0.03125 0.05875
0 0.675 0.315 0.0225 0.05
0 0.70375 0.3275 0.02375 0.01375
0 0.235 0.2325 0.03 0.09625
0 0.2675 0.1775 0.0275 0.09875
0 0.295 0.17625 0.025 0.10125
0 0.32 0.175 0.02375 0.0975
0 0.34125 0.1975 0.01625 0.05
0 0.3625 0.18125 0.0225 0.08125
0 0.3925 0.20625 0.0325 0.02875
0 0.41875 0.1875 0.03125 0.05875
0 0.455 0.165 0.0375 0.02375
0 0.4575 0.19 0.0375 0.02625
0 0.46125 0.2125 0.0425 0.01625
0 0.49625 0.19125 0.025 0.06375
0 0.53125 0.2125 0.03875 0.02125
0 0.52875 0.1875 0.03875 0.025
0 0.52625 0.1675 0.03 0.01625
0 0.56375 0.18 0.0225 0.08
0 0.58875 0.18125 0.025 0.07875
0 0.61375 0.18 0.02125 0.08375
0 0.63875 0.18375 0.0275 0.0775
0 0.67375 0.185 0.0325 0.07
0 0.71 0.21125 0.0375 0.015
0 0.75 0.20875 0.0375 0.0175
0 0.7525 0.195 0.04 0.01
0 0.74625 0.305 0.0525 0.0725
0 0.705 0.31125 0.02375 0.01625
0 0.6225 0.40625 0.02375 0.07625
0 0.64625 0.40875 0.0225 0.08125
0 0.51125 0.4125 0.02875 0.07875
0 0.6925 0.41875 0.02375 0.0575
0 0.66875 0.4175 0.0225 0.0575
0 0.48 0.51125 0.0325 0.06875
0 0.54 0.51125 0.0375 0.08125
0 0.50875 0.51125 0.0225 0.08125
0 0.63375 0.515 0.03125 0.07125
0 0.6025 0.51375 0.03 0.06875
0 0.4475 0.51375 0.03125 0.065
0 0.6925 0.51 0.03375 0.05875
0 0.73 0.5125 0.03875 0.0625
0 0.7425 0.4175 0.03125 0.0575
0 0.57125 0.515 0.0275 0.0625