0 0.5575 0.785 0.02 0.055
0 0.60875 0.78625 0.0275 0.06125
0 0.255 0.1975 0.03625 0.05
0 0.74625 0.78125 0.03625 0.0725
0 0.71125 0.7725 0.0275 0.0725
0 0.53375 0.785 0.01875 0.05625
0 0.6825 0.78625 0.02125 0.05875
0 0.66 0.7875 0.02125 0.06
0 0.51125 0.785 0.02 0.05375
0 0.29625 0.685 0.03 0.05625
0 0.46375 0.74875 0.02125 0.0225
0 0.5375 0.585 0.02 0.065
0 0.56 0.58375 0.02125 0.0625
0 0.5825 0.58375 0.02125 0.0625
0 0.61625 0.5875 0.04125 0.055
0 0.64875 0.5875 0.02 0.05625
0 0.43375 0.6825 0.02 0.05875
0 0.41125 0.6825 0.02 0.06
0 0.39 0.68625 0.0225 0.05875
0 0.3675 0.68625 0.02125 0.05625
0 0.345 0.68625 0.02125 0.06
0 0.3225 0.6875 0.02 0.0575
0 0.3 0.8925 0.09875 0.105
0 0.265 0.6875 0.02875 0.06
0 0.2675 0.75 0.01625 0.01875
0 0.2875 0.75 0.0225 0.02375
0 0.2675 0.79 0.02375 0.05
0 0.2925 0.79 0.02375 0.0525
0 0.3225 0.79 0.03125 0.05375
0 0.35625 0.79 0.03375 0.055
0 0.3875 0.78875 0.0225 0.05
0 0.4125 0.7925 0.02375 0.04375
0 0.43875 0.79125 0.02625 0.0475
0 0.465 0.7875 0.02 0.05
0 0.4875 0.7875 0.02125 0.04875
0 0.41 0.905 0.11875 0.07625
0 0.33375 0.20125 0.0375 0.04875
0 0.62 0.9025 0.05875 0.08625
0 0.52625 0.68375 0.02125 0.0575
0 0.5475 0.6825 0.02 0.05875
0 0.57875 0.65 0.02125 0.01625
0 0.57125 0.685 0.02125 0.0525
0 0.59625 0.68375 0.0225 0.05375
0 0.61875 0.685 0.0225 0.0525
0 0.6425 0.685 0.0225 0.055
0 0.665 0.685 0.01875 0.05375
0 0.68625 0.68625 0.0225 0.055
0 0.5025 0.68 0.0225 0.0625
0 0.71125 0.685 0.02375 0.0525
0 0.7575 0.685 0.025 0.0525
0 0.6825 0.6425 0.02125 0.01375
0 0.70625 0.64625 0.02125 0.015
0 0.73 0.645 0.02 0.01375
0 0.765 0.64875 0.01875 0.0175
0 0.75 0.58375 0.03375 0.065
0 0.72125 0.585 0.02125 0.0625
0 0.69625 0.58625 0.025 0.05875
0 0.67125 0.5875 0.0225 0.055
0 0.735 0.68625 0.01875 0.055
0 0.53125 0.90375 0.11875 0.075
0 0.47875 0.68375 0.02125 0.0575
0 0.8525 0.4825 0.04375 0.06625
0 0.665 0.92125 0.02625 0.05625
0 0.70125 0.9225 0.0375 0.05375
0 0.74625 0.9275 0.04625 0.055
0 0.51625 0.58375 0.0225 0.065
0 0.79 0.915 0.0325 0.0525
0 0.84 0.91625 0.025 0.055
0 0.865 0.9225 0.02 0.03625
0 0.77625 0.81125 0.01875 0.0625
0 0.80375 0.81125 0.03125 0.05875
0 0.45625 0.68375 0.02125 0.05875
0 0.835 0.81 0.025 0.0525
0 0.78875 0.73625 0.03125 0.05125
0 0.82 0.735 0.03 0.05375
0 0.8475 0.73625 0.01875 0.0525
0 0.8675 0.73625 0.015 0.0525
0 0.865 0.64875 0.0175 0.0675
0 0.8425 0.6425 0.02375 0.07375
0 0.81625 0.64375 0.025 0.07
0 0.79375 0.64625 0.0125 0.07125
0 0.79125 0.525 0.02125 0.15125
0 0.8625 0.81 0.0225 0.0575
0 0.4925 0.58375 0.0225 0.06375
0 0.635 0.7875 0.0225 0.05875
0 0.44125 0.59375 0.0275 0.0375
0 0.68875 0.30625 0.02375 0.0625
0 0.66625 0.26375 0.02 0.02625
0 0.665 0.30875 0.02125 0.05875
0 0.64 0.30625 0.025 0.0625
0 0.615 0.30625 0.025 0.065
0 0.59 0.3075 0.02375 0.0625
0 0.565 0.30875 0.02375 0.06625
0 0.54 0.26375 0.02 0.02125
0 0.5125 0.2675 0.02625 0.01625
0 0.515 0.30875 0.02625 0.0625
0 0.54 0.30875 0.0225 0.065
0 0.7125 0.305 0.025 0.06375
0 0.48625 0.3075 0.02625 0.0625
0 0.45375 0.275 0.025 0.01
0 0.43125 0.3075 0.02625 0.055
0 0.40375 0.305 0.02625 0.06375
0 0.3775 0.30625 0.02125 0.065
0 0.35375 0.305 0.02375 0.0625
0 0.32875 0.305 0.02375 0.06125
0 0.30375 0.3075 0.02625 0.06125
0 0.2775 0.31 0.02875 0.055
0 0.24625 0.31125 0.03 0.05
0 0.25125 0.4 0.025 0.06125
0 0.22 0.87 0.02125 0.12625
0 0.45875 0.31 0.02625 0.055
0 0.745 0.325 0.035 0.025
0 0.7475 0.29625 0.035 0.0275
0 0.7775 0.3175 0.025 0.0425
0 0.3775 0.21375 0.03875 0.0175
0 0.4175 0.20125 0.03625 0.04375
0 0.46 0.2125 0.0425 0.0175
0 0.5 0.215 0.035 0.02125
0 0.53875 0.21375 0.03875 0.0175
0 0.5775 0.20625 0.035 0.03375
0 0.6225 0.21 0.03875 0.02
0 0.6675 0.21875 0.0375 0.01
0 0.66625 0.21 0.03625 0.0075
0 0.665 0.20125 0.03375 0.00875
0 0.7075 0.20625 0.0375 0.03
0 0.74375 0.19375 0.0325 0.0575
0 0.7875 0.21875 0.03625 0.01
0 0.7875 0.21 0.0325 0.0075
0 0.7875 0.20125 0.03375 0.00875
0 0.77625 0.1775 0.02 0.01
0 0.775 0.1675 0.0225 0.0075
0 0.82 0.1925 0.0275 0.03125
0 0.4675 0.585 0.0225 0.0625
0 0.85875 0.2025 0.03125 0.05
0 0.84875 0.295 0.01875 0.0525
0 0.82 0.37625 0.0275 0.025
0 0.81375 0.35125 0.01375 0.01875
0 0.8125 0.31875 0.0225 0.02875
0 0.81875 0.40625 0.02875 0.03125
0 0.15 0.8725 0.04375 0.09375
0 0.2175 0.6875 0.04375 0.2225
0 0.2925 0.1975 0.03875 0.05375
0 0.15375 0.7225 0.025 0.01625
0 0.775 0.39375 0.0275 0.06875
0 0.75125 0.5 0.04 0.05875
0 0.71625 0.49125 0.02625 0.07625
0 0.69 0.5 0.02125 0.05875
0 0.665 0.49875 0.02375 0.06375
0 0.415 0.5925 0.02125 0.04625
0 0.135 0.74625 0.01875 0.03
0 0.3875 0.55875 0.03 0.0175
0 0.3875 0.5925 0.03125 0.0475
0 0.35625 0.59375 0.02875 0.05
0 0.32875 0.58625 0.02375 0.05625
0 0.7475 0.39625 0.0225 0.0625
0 0.30125 0.59 0.02375 0.055
0 0.25625 0.585 0.01875 0.06375
0 0.40625 0.46375 0.04125 0.0225
0 0.40625 0.5025 0.0425 0.055
0 0.4525 0.5 0.045 0.05375
0 0.63875 0.4975 0.02625 0.0775
0 0.61375 0.50125 0.02375 0.06
0 0.59 0.50125 0.0225 0.06125
0 0.565 0.5 0.0225 0.0575
0 0.5275 0.51375 0.0475 0.03
0 0.49 0.5075 0.02125 0.0425
0 0.4925 0.47375 0.02125 0.02375
0 0.28 0.58375 0.01875 0.0675
0 0.72125 0.39625 0.025 0.0625
0 0.41375 0.56 0.02125 0.0125
0 0.6325 0.40875 0.04625 0.03625
0 0.13625 0.6875 0.02125 0.02375
0 0.13125 0.62 0.01 0.015
0 0.155 0.6225 0.02375 0.01875
0 0.16125 0.60125 0.02125 0.0175
0 0.13875 0.575 0.02375 0.0275
0 0.215 0.51125 0.01875 0.0525
0 0.685 0.41 0.045 0.0375
0 0.14125 0.4825 0.0175 0.01375
0 0.17 0.49875 0.03875 0.02375
0 0.16125 0.53125 0.02 0.025
0 0.13625 0.4025 0.02125 0.11625
0 0.1675 0.405 0.03375 0.11
0 0.1375 0.53 0.025 0.02125
0 0.27625 0.39875 0.02375 0.06125
0 0.3025 0.39125 0.03 0.075
0 0.33125 0.3975 0.025 0.06
0 0.35625 0.3975 0.0225 0.06125
0 0.385 0.4175 0.0325 0.02125
0 0.385 0.39125 0.03125 0.02375
0 0.41875 0.41875 0.0325 0.02375
0 0.8325 0.56875 0.0475 0.06875
0 0.41875 0.395 0.03 0.0225
0 0.45 0.40375 0.02875 0.0525
0 0.4775 0.3975 0.02125 0.06375
0 0.5225 0.41 0.055 0.0375
0 0.58 0.41 0.05625 0.0375