0 0.5625 0.2225 0.03125 0.07625
0 0.74125 0.355 0.0375 0.0675
0 0.70375 0.35375 0.035 0.06875
0 0.6675 0.35125 0.03375 0.07
0 0.63125 0.3525 0.0375 0.07125
0 0.3675 0.47375 0.0375 0.08125
0 0.77625 0.35375 0.02875 0.06875
0 0.32875 0.47375 0.03625 0.08125
0 0.28875 0.47375 0.03875 0.0825
0 0.25 0.47375 0.03625 0.08
0 0.595 0.35 0.035 0.0775
0 0.8075 0.35625 0.0325 0.06625
0 0.7375 0.2175 0.02625 0.09625
0 0.84 0.23 0.03375 0.0725
0 0.8025 0.23125 0.0375 0.065
0 0.7675 0.21875 0.02875 0.09
0 0.59625 0.21125 0.03125 0.1
0 0.705 0.2175 0.03375 0.09375
0 0.67625 0.21625 0.0225 0.0975
0 0.17375 0.4625 0.03125 0.1025
0 0.6525 0.21375 0.02375 0.09625
0 0.62625 0.2125 0.02375 0.0975
0 0.53 0.22125 0.02875 0.075
0 0.845 0.35625 0.04 0.065
0 0.1425 0.4625 0.02875 0.10125
0 0.55 0.5925 0.0325 0.06625
0 0.14 0.32875 0.025 0.095
0 0.77625 0.705 0.03 0.07375
0 0.80625 0.7025 0.0275 0.0725
0 0.83625 0.7025 0.03 0.0725
0 0.86375 0.7025 0.0225 0.075
0 0.15875 0.59625 0.03875 0.0725
0 0.1975 0.595 0.035 0.0725
0 0.235 0.5975 0.03625 0.06875
0 0.27 0.5975 0.0325 0.06625
0 0.30375 0.5975 0.0325 0.06375
0 0.34 0.59875 0.03625 0.06625
0 0.375 0.59375 0.0325 0.07
0 0.41 0.5925 0.035 0.07
0 0.445 0.5925 0.03125 0.07
0 0.47875 0.5925 0.035 0.0675
0 0.515 0.5925 0.03375 0.0675
0 0.5025 0.2125 0.02375 0.10125
0 0.2625 0.3275 0.02875 0.09375
0 0.29125 0.33125 0.0275 0.09625
0 0.325 0.34375 0.0375 0.0825
0 0.365 0.34 0.03875 0.08125
0 0.4075 0.34375 0.04125 0.07625
0 0.4475 0.34375 0.03625 0.07375
0 0.485 0.34625 0.035 0.0775
0 0.52125 0.3475 0.03625 0.0775
0 0.5575 0.3475 0.03625 0.07875
0 0.16625 0.32875 0.025 0.09875
0 0.47375 0.21125 0.03 0.09625
0 0.38375 0.715 0.0325 0.0725
0 0.4125 0.20625 0.03 0.09625
0 0.2975 0.86 0.035 0.07125
0 0.26 0.8625 0.03625 0.07375
0 0.21875 0.865 0.03625 0.0775
0 0.185 0.87125 0.0275 0.06875
0 0.1575 0.20625 0.04 0.0925
0 0.405 0.47375 0.03375 0.07875
0 0.4425 0.475 0.04 0.07625
0 0.48 0.48 0.03125 0.07625
0 0.51625 0.47875 0.0375 0.07
0 0.55625 0.48 0.03625 0.06875
0 0.59 0.48 0.02875 0.0725
0 0.6225 0.48125 0.0325 0.0675
0 0.335 0.85875 0.03875 0.0725
0 0.6575 0.4775 0.03 0.0725
0 0.72375 0.47875 0.02625 0.07625
0 0.7575 0.48125 0.0375 0.0725
0 0.79375 0.48375 0.03 0.06375
0 0.8275 0.48 0.03125 0.07
0 0.86 0.48125 0.02875 0.07375
0 0.745 0.705 0.0325 0.07
0 0.8525 0.585 0.0325 0.08
0 0.785 0.5925 0.03875 0.06375
0 0.75 0.5925 0.03125 0.06625
0 0.72 0.5925 0.02875 0.065
0 0.6875 0.59125 0.035 0.06875
0 0.1525 0.8725 0.03375 0.06625
0 0.69125 0.47875 0.035 0.07125
0 0.37625 0.84875 0.04 0.08375
0 0.41 0.84 0.0275 0.10125
0 0.46875 0.8375 0.03375 0.09875
0 0.67875 0.71 0.03125 0.0675
0 0.645 0.70875 0.0325 0.0675
0 0.61 0.71 0.035 0.06875
0 0.57875 0.71 0.02375 0.06625
0 0.55125 0.71 0.02625 0.06125
0 0.455 0.7125 0.0375 0.06625
0 0.4175 0.715 0.0325 0.0675
0 0.86 0.82875 0.03 0.08125
0 0.83375 0.85375 0.02 0.04125
0 0.585 0.59125 0.035 0.0675
0 0.6525 0.59 0.0325 0.07
0 0.81125 0.8525 0.0225 0.04125
0 0.7825 0.8525 0.02875 0.0475
0 0.75125 0.85625 0.03125 0.04125
0 0.38375 0.20625 0.0225 0.0975
0 0.35375 0.20375 0.03 0.09875
0 0.325 0.20125 0.025 0.1025
0 0.285 0.20875 0.04 0.08375
0 0.24125 0.2075 0.03875 0.08625
0 0.19875 0.2075 0.03875 0.0875
0 0.71875 0.84125 0.03 0.07125
0 0.68625 0.83375 0.03125 0.09375
0 0.655 0.83375 0.03 0.0925
0 0.625 0.83375 0.025 0.095
0 0.595 0.8375 0.03375 0.09
0 0.5625 0.84 0.0325 0.0875
0 0.51875 0.8375 0.0525 0.0975
0 0.44375 0.21125 0.02625 0.1
0 0.71125 0.70875 0.03125 0.06625
0 0.19625 0.32875 0.02875 0.0975
0 0.23 0.32875 0.03375 0.0975