0 0.19625 0.2625 0.10875 0.035
0 0.0325 0.37 0.06375 0.03
0 0.03375 0.39625 0.06625 0.025
0 0.12375 0.3725 0.105 0.02875
0 0.12375 0.4 0.10375 0.02375
0 0.23375 0.39 0.10875 0.055
0 0.3375 0.39625 0.0975 0.04375
0 0.44875 0.37875 0.065 0.07625
0 0.44875 0.4875 0.0425 0.07
0 0.54 0.385 0.10125 0.02875
0 0.53875 0.4125 0.1025 0.02375
0 0.805 0.69125 0.1125 0.0175
0 0.63875 0.415 0.095 0.02375
0 0.74 0.39125 0.095 0.03
0 0.93 0.3325 0.10625 0.02625
0 0.73875 0.4175 0.0975 0.02125
0 0.84 0.42125 0.10375 0.0225
0 0.02125 0.47375 0.03875 0.06625
0 0.1 0.4525 0.0875 0.02375
0 0.1025 0.47625 0.08375 0.025
0 0.1925 0.465 0.0975 0.02875
0 0.19375 0.49 0.09625 0.02125
0 0.8075 0.66875 0.10625 0.02375
0 0.69375 0.68 0.10375 0.0225
0 0.5875 0.6775 0.1 0.02125
0 0.485 0.6725 0.10375 0.0175
0 0.485 0.6525 0.105 0.0225
0 0.37875 0.66875 0.10875 0.02125
0 0.3775 0.64875 0.10625 0.01625
0 0.84125 0.3925 0.09875 0.03125
0 0.19875 0.2925 0.10375 0.0225
0 0.93375 0.305 0.10375 0.0275
0 0.825 0.33125 0.1 0.0275
0 0.09875 0.3 0.09375 0.0575
0 0.93625 0.1775 0.04 0.08625
0 0.90125 0.17875 0.02625 0.085
0 0.83 0.205 0.10625 0.02875
0 0.92375 0.68 0.1175 0.02125
0 0.9225 0.69875 0.12125 0.01375
0 0.035 0.72875 0.07 0.01875
0 0.035 0.74625 0.07 0.015
0 0.1125 0.735 0.0825 0.02
0 0.11375 0.75125 0.08125 0.0125
0 0.2 0.73875 0.0875 0.02125
0 0.20125 0.75875 0.08625 0.01625
0 0.295 0.725 0.1 0.02
0 0.9375 0.27625 0.1025 0.025
0 0.29625 0.7425 0.09875 0.01375
0 0.39875 0.71125 0.10625 0.01375
0 0.2 0.32 0.10875 0.03
0 0.30875 0.29375 0.11125 0.03125
0 0.31 0.3225 0.1075 0.025
0 0.39875 0.73125 0.105 0.0175
0 0.41875 0.3275 0.09625 0.02625
0 0.51625 0.3025 0.095 0.0275
0 0.515 0.33 0.09625 0.02625
0 0.62125 0.31875 0.10125 0.04625
0 0.725 0.275 0.0975 0.0275
0 0.725 0.30375 0.09875 0.02875
0 0.725 0.3325 0.09625 0.02625
0 0.8275 0.3025 0.0975 0.03
0 0.2975 0.76 0.1 0.02125
0 0.415 0.30125 0.1 0.02375
0 0.6425 0.39 0.09 0.0225
0 0.3875 0.485 0.07625 0.05625
0 0.7325 0.1475 0.0975 0.025
0 0.62625 0.205 0.1025 0.02625
0 0.6275 0.17875 0.10375 0.02625
0 0.6275 0.15 0.105 0.0275
0 0.5225 0.2075 0.1 0.025
0 0.52375 0.1775 0.1 0.03125
0 0.5225 0.14875 0.10125 0.02625
0 0.42375 0.20625 0.09 0.02625
0 0.4225 0.1775 0.0925 0.02875
0 0.35875 0.17375 0.03 0.0875
0 0.28125 0.2025 0.1175 0.03
0 0.2775 0.17 0.12375 0.0325
0 0.1825 0.2025 0.07625 0.03125
0 0.17625 0.16875 0.06875 0.035
0 0.05 0.19875 0.07875 0.03875
0 0.045 0.16125 0.08875 0.035
0 0.3 0.48625 0.095 0.02625
0 0.7325 0.175 0.1 0.02875
0 0.7275 0.20375 0.09 0.03
0 0.835 0.14625 0.1 0.025
0 0.4 0.75 0.10125 0.02125
0 0.91375 0.8 0.11 0.0125
0 0.915 0.78 0.10875 0.02625
0 0.91875 0.76375 0.1125 0.01
0 0.92375 0.7425 0.115 0.02625
0 0.8025 0.7925 0.11 0.015
0 0.80625 0.7725 0.105 0.02375
0 0.83375 0.175 0.1025 0.03
0 0.80875 0.755 0.11 0.01125
0 0.17375 0.66125 0.09125 0.0175
0 0.81 0.735 0.1075 0.02875
0 0.7075 0.765 0.08125 0.02
0 0.70875 0.7475 0.085 0.01375
0 0.71 0.7275 0.08375 0.02375
0 0.61125 0.77125 0.10875 0.03
0 0.61125 0.7325 0.105 0.04
0 0.505 0.76375 0.10125 0.03125
0 0.505 0.72625 0.1025 0.0425
0 0.39875 0.76875 0.09875 0.01125
0 0.70625 0.78625 0.08375 0.01375
0 0.17375 0.64125 0.09375 0.02125
0 0.2725 0.64375 0.1025 0.02375
0 0.0825 0.6575 0.09125 0.01875
0 0.4 0.5825 0.10875 0.0175
0 0.4 0.605 0.11 0.025
0 0.5075 0.565 0.10625 0.02375
0 0.51 0.58625 0.1075 0.0175
0 0.51 0.60875 0.10625 0.02375
0 0.6175 0.56875 0.11125 0.025
0 0.61875 0.60375 0.11 0.04125
0 0.4 0.56 0.11 0.025
0 0.72 0.5725 0.08875 0.025
0 0.71875 0.61875 0.09 0.02625
0 0.8125 0.57625 0.09 0.02625
0 0.81125 0.6 0.09375 0.01875
0 0.80875 0.62125 0.09 0.02375
0 0.27375 0.665 0.105 0.01375
0 0.9175 0.60625 0.11875 0.01875
0 0.91625 0.62625 0.11875 0.025
0 0.71875 0.595 0.09125 0.02125
0 0.01625 0.63625 0.0325 0.02625
0 0.3 0.60125 0.08875 0.025
0 0.3 0.5625 0.0875 0.01875
0 0.5175 0.4775 0.0925 0.0275
0 0.51625 0.5025 0.09375 0.0225
0 0.6225 0.4775 0.11375 0.0275
0 0.6225 0.50375 0.11375 0.02375
0 0.74 0.48125 0.1175 0.03
0 0.73875 0.51 0.1175 0.02375
0 0.8425 0.4975 0.0775 0.045
0 0.3 0.58 0.0875 0.01625
0 0.96 0.5075 0.08 0.0325
0 0.06875 0.545 0.0975 0.02375
0 0.07375 0.56875 0.09 0.02
0 0.0775 0.59125 0.09625 0.02375
0 0.165 0.54625 0.0925 0.02625
0 0.16625 0.57 0.09375 0.0175
0 0.16875 0.59375 0.09 0.02125
0 0.23625 0.5675 0.04 0.0875
0 0.89375 0.5125 0.03875 0.11375
0 0.0175 0.6575 0.0325 0.01875
0 0.91875 0.58375 0.11625 0.025
0 0.08125 0.63625 0.0875 0.025