0 0.4175 0.59125 0.03125 0.08875
0 0.28625 0.6725 0.02125 0.01875
0 0.26 0.68125 0.0175 0.06125
0 0.3375 0.5825 0.035 0.09625
0 0.29125 0.59 0.0375 0.08625
0 0.25125 0.59 0.03625 0.08375
0 0.37375 0.5825 0.02875 0.09
0 0.285 0.705 0.0275 0.02375
0 0.45375 0.58625 0.03375 0.09
0 0.6725 0.59125 0.02125 0.08375
0 0.52125 0.57625 0.025 0.065
0 0.375 0.485 0.0325 0.0175
0 0.375 0.5075 0.0325 0.02125
0 0.43 0.47875 0.0325 0.0775
0 0.4675 0.475 0.02125 0.065
0 0.50125 0.4725 0.02375 0.06375
0 0.31875 0.6975 0.03125 0.02875
0 0.375 0.46625 0.035 0.0175
0 0.31125 0.505 0.04 0.02375
0 0.53125 0.4725 0.0275 0.06625
0 0.5725 0.47875 0.02125 0.0775
0 0.6025 0.4775 0.025 0.08
0 0.6375 0.47 0.0275 0.0675
0 0.68 0.475 0.02625 0.07
0 0.7325 0.59 0.02875 0.07875
0 0.7 0.58875 0.025 0.07875
0 0.6375 0.61125 0.03625 0.035
0 0.605 0.5875 0.0225 0.0725
0 0.5775 0.58125 0.02625 0.0775
0 0.5525 0.59375 0.025 0.0775
0 0.48875 0.5875 0.02875 0.06625
0 0.3575 0.6775 0.02625 0.05625
0 0.3375 0.78125 0.025 0.07125
0 0.415 0.68125 0.025 0.05875
0 0.42375 0.785 0.02125 0.0175
0 0.42375 0.80875 0.0225 0.02
0 0.45625 0.78125 0.02625 0.01875
0 0.4575 0.80625 0.02625 0.02
0 0.56625 0.7825 0.03 0.02875
0 0.56625 0.8075 0.0225 0.0175
0 0.425 0.76125 0.025 0.02125
0 0.5975 0.78125 0.02875 0.06875
0 0.67125 0.78375 0.0275 0.07
0 0.71375 0.865 0.0275 0.065
0 0.67875 0.87125 0.0225 0.02125
0 0.68125 0.8925 0.0275 0.0175
0 0.65375 0.8725 0.02375 0.07
0 0.6075 0.86875 0.02375 0.0625
0 0.635 0.78375 0.0275 0.0675
0 0.38375 0.68625 0.025 0.065
0 0.3975 0.78 0.015 0.075
0 0.48375 0.375 0.0325 0.04875
0 0.4425 0.68 0.0225 0.0575
0 0.47125 0.6825 0.03 0.06375
0 0.50875 0.68125 0.0325 0.0675
0 0.54625 0.685 0.03 0.07
0 0.5975 0.68625 0.02625 0.07125
0 0.62125 0.68125 0.01875 0.0625
0 0.3775 0.775 0.01625 0.07
0 0.645 0.67875 0.0225 0.06375
0 0.69 0.68125 0.01375 0.06
0 0.7075 0.68 0.01375 0.05625
0 0.72875 0.68 0.02 0.05875
0 0.235 0.78625 0.02375 0.06125
0 0.27 0.7775 0.0225 0.0675
0 0.3 0.77875 0.02625 0.07
0 0.6675 0.67875 0.01625 0.05625
0 0.4175 0.37625 0.0275 0.05375
0 0.73 0.47875 0.02625 0.07875
0 0.275 0.87875 0.015 0.0475
0 0.52 0.0725 0.0325 0.0225
0 0.51625 0.04375 0.0325 0.02
0 0.48375 0.045 0.02625 0.02125
0 0.455 0.11625 0.015 0.01625
0 0.50375 0.87 0.02375 0.05625
0 0.5375 0.86875 0.03125 0.05875
0 0.22875 0.0625 0.0175 0.045
0 0.23 0.10875 0.0175 0.0325
0 0.26125 0.08 0.04 0.0875
0 0.45125 0.08375 0.0175 0.0275
0 0.40625 0.09125 0.0225 0.06625
0 0.42875 0.09125 0.01625 0.0675
0 0.37375 0.0875 0.0325 0.07375
0 0.3375 0.08625 0.02875 0.0775
0 0.305 0.09 0.0275 0.0725
0 0.585 0.8675 0.01625 0.06
0 0.56375 0.8675 0.01625 0.06
0 0.4875 0.09875 0.02875 0.01875
0 0.25625 0.88125 0.015 0.0425
0 0.48125 0.07375 0.03375 0.0225
0 0.47125 0.8675 0.03 0.06125
0 0.60375 0.085 0.035 0.07
0 0.735 0.08375 0.03875 0.085
0 0.28 0.37125 0.0275 0.05875
0 0.315 0.37125 0.02625 0.05875
0 0.56 0.0875 0.035 0.07
0 0.52125 0.1 0.03 0.02125
0 0.36375 0.3775 0.02 0.04875
0 0.39 0.37625 0.02125 0.0475
0 0.695 0.08375 0.025 0.0775
0 0.4225 0.85375 0.025 0.0275
0 0.4275 0.8875 0.02125 0.02625
0 0.35375 0.8825 0.01625 0.03875
0 0.645 0.085 0.03 0.08
0 0.305 0.895 0.02375 0.0225
0 0.33125 0.885 0.0225 0.04125