0 0.26875 0.29875 0.05 0.02375
0 0.34875 0.14125 0.045 0.03125
0 0.74875 0.50625 0.02625 0.01875
0 0.77125 0.5 0.01875 0.02125
0 0.2325 0.6375 0.02375 0.0275
0 0.235 0.6675 0.03 0.02875
0 0.2675 0.6325 0.04375 0.02375
0 0.27375 0.65875 0.04125 0.02625
0 0.3125 0.625 0.04 0.02375
0 0.3175 0.65 0.0425 0.025
0 0.35125 0.61 0.03625 0.0225
0 0.36125 0.6375 0.04125 0.0225
0 0.39625 0.6025 0.0375 0.01875
0 0.7425 0.4875 0.0275 0.0125
0 0.43375 0.595 0.0325 0.02
0 0.43375 0.62375 0.03125 0.025
0 0.46375 0.5925 0.02875 0.02125
0 0.5 0.58875 0.0375 0.02
0 0.4675 0.6175 0.03125 0.02125
0 0.5 0.61125 0.03375 0.01625
0 0.52875 0.59375 0.01875 0.03125
0 0.56375 0.595 0.0325 0.0325
0 0.59625 0.5675 0.0275 0.02125
0 0.59625 0.59125 0.02875 0.02125
0 0.6275 0.5625 0.02875 0.01875
0 0.63125 0.5875 0.03 0.02
0 0.4 0.62875 0.035 0.02875
0 0.72 0.51125 0.02875 0.0175
0 0.71375 0.495 0.025 0.00875
0 0.68875 0.51625 0.03125 0.02
0 0.25875 0.57875 0.04625 0.0225
0 0.3025 0.5475 0.04375 0.0225
0 0.305 0.57375 0.04 0.0225
0 0.3475 0.5425 0.04 0.02125
0 0.34875 0.5675 0.04 0.0225
0 0.39375 0.53625 0.04375 0.02125
0 0.39375 0.56125 0.04375 0.02125
0 0.43625 0.53 0.04 0.01875
0 0.4375 0.55375 0.03875 0.02125
0 0.4775 0.52375 0.03625 0.02
0 0.47875 0.5475 0.03875 0.02
0 0.51375 0.5175 0.03375 0.02
0 0.51375 0.54125 0.03 0.02
0 0.54625 0.51125 0.02875 0.02
0 0.55 0.53625 0.0325 0.02
0 0.5825 0.51375 0.0325 0.01
0 0.58625 0.53125 0.0325 0.02
0 0.6175 0.49625 0.0325 0.01
0 0.61875 0.50875 0.03 0.0125
0 0.62 0.52625 0.02875 0.0175
0 0.65125 0.49125 0.0275 0.01375
0 0.6525 0.50375 0.02875 0.0075
0 0.65625 0.5225 0.03125 0.02
0 0.6825 0.48875 0.0275 0.0125
0 0.685 0.50125 0.0325 0.0075
0 0.6625 0.55875 0.0325 0.01875
0 0.255 0.55375 0.045 0.02125
0 0.6625 0.58125 0.02875 0.01875
0 0.75 0.5625 0.03 0.015
0 0.7725 0.595 0.01625 0.015
0 0.7725 0.62 0.01625 0.02875
0 0.23125 0.83875 0.0225 0.02875
0 0.2675 0.815 0.0425 0.015
0 0.27625 0.835 0.035 0.02
0 0.3025 0.8025 0.025 0.02375
0 0.34 0.8125 0.03625 0.02
0 0.37625 0.805 0.03375 0.0175
0 0.41125 0.79375 0.03125 0.02
0 0.4375 0.755 0.04125 0.025
0 0.44875 0.78 0.0325 0.01875
0 0.75 0.62375 0.02125 0.0225
0 0.47875 0.7475 0.035 0.01875
0 0.51125 0.75875 0.02625 0.02125
0 0.4825 0.7725 0.02875 0.02125
0 0.54 0.72875 0.025 0.0225
0 0.57125 0.72 0.02625 0.02125
0 0.54375 0.7525 0.0275 0.02125
0 0.57625 0.74125 0.02625 0.02
0 0.6025 0.71 0.0275 0.0125
0 0.605 0.73375 0.02625 0.025
0 0.6325 0.7025 0.0275 0.01875
0 0.63375 0.7275 0.0275 0.02375
0 0.70625 0.70625 0.03125 0.02875
0 0.51125 0.735 0.025 0.0175
0 0.75 0.5975 0.025 0.0125
0 0.66875 0.6475 0.0275 0.015
0 0.63875 0.655 0.02875 0.0175
0 0.7725 0.54125 0.01375 0.01875
0 0.77375 0.56 0.01375 0.01625
0 0.235 0.72 0.03 0.02875
0 0.2375 0.75125 0.03375 0.02375
0 0.275 0.71125 0.0425 0.025
0 0.27875 0.7425 0.045 0.0225
0 0.3175 0.695 0.04 0.02375
0 0.325 0.73 0.045 0.02125
0 0.36125 0.71375 0.025 0.04
0 0.39375 0.705 0.0375 0.0325
0 0.43875 0.70375 0.03125 0.025
0 0.4675 0.65875 0.0375 0.0175
0 0.47 0.67875 0.03 0.0175
0 0.4725 0.69875 0.03125 0.01625
0 0.50375 0.65375 0.0275 0.01625
0 0.5025 0.6725 0.03125 0.01375
0 0.5025 0.69 0.0275 0.0175
0 0.53 0.6475 0.02125 0.02375
0 0.5325 0.67375 0.025 0.02375
0 0.56125 0.64625 0.02625 0.01875
0 0.5675 0.66875 0.03375 0.01875
0 0.6025 0.6425 0.03625 0.02125
0 0.60625 0.665 0.03125 0.02
0 0.6375 0.63125 0.03 0.02125
0 0.66875 0.625 0.02875 0.01875
0 0.7475 0.54375 0.02875 0.0175
0 0.75125 0.6825 0.04875 0.03125
0 0.77375 0.4225 0.01375 0.0175
0 0.73625 0.43 0.02 0.01625
0 0.6 0.25 0.04375 0.0225
0 0.64875 0.25 0.0175 0.02625
0 0.66875 0.24875 0.0175 0.02125
0 0.685 0.24875 0.0175 0.0225
0 0.70625 0.24875 0.0175 0.02375
0 0.725 0.25 0.01875 0.0225
0 0.74375 0.25 0.015 0.0225
0 0.76 0.28125 0.03 0.01375
0 0.755 0.3 0.0225 0.02125
0 0.235 0.33 0.0275 0.0325
0 0.295 0.1375 0.04375 0.0375
0 0.5425 0.2175 0.03875 0.01
0 0.2825 0.33 0.04875 0.03
0 0.3225 0.3 0.04375 0.02875
0 0.36875 0.3 0.0425 0.02625
0 0.3725 0.33 0.0375 0.0275
0 0.4075 0.30125 0.0325 0.02875
0 0.44375 0.3 0.0375 0.025
0 0.41125 0.33125 0.035 0.02375
0 0.45125 0.3275 0.03625 0.025
0 0.4875 0.3275 0.03375 0.02375
0 0.52375 0.3275 0.035 0.02375
0 0.56125 0.32625 0.0325 0.0225
0 0.485 0.3 0.04 0.025
0 0.33 0.33125 0.0425 0.0275
0 0.50125 0.2175 0.0375 0.0075
0 0.56 0.25125 0.03375 0.0225
0 0.55875 0.2325 0.0375 0.01
0 0.3925 0.14375 0.03875 0.03375
0 0.43875 0.14875 0.04 0.02875
0 0.48125 0.15125 0.04 0.0325
0 0.5225 0.15625 0.03625 0.03125
0 0.55875 0.15875 0.0325 0.0275
0 0.5925 0.16125 0.03 0.025
0 0.6225 0.16375 0.0275 0.02375
0 0.6475 0.165 0.0175 0.02625
0 0.6675 0.165 0.0175 0.0225
0 0.6875 0.1675 0.0175 0.0225
0 0.70625 0.16875 0.01625 0.02375
0 0.725 0.17 0.02 0.02125
0 0.75125 0.17125 0.02375 0.0225
0 0.2275 0.2425 0.01375 0.0275
0 0.25875 0.245 0.0425 0.025
0 0.29875 0.21875 0.04625 0.01125
0 0.3075 0.2425 0.045 0.02875
0 0.35375 0.2425 0.04125 0.03
0 0.39875 0.245 0.04625 0.0275
0 0.445 0.24625 0.04125 0.0275
0 0.45375 0.2075 0.03875 0.01
0 0.48625 0.2275 0.0375 0.01
0 0.48625 0.24875 0.0375 0.02625
0 0.52625 0.25 0.03375 0.025
0 0.52375 0.22875 0.0325 0.01375
0 0.5225 0.29875 0.03125 0.02625
0 0.75625 0.425 0.0175 0.02
0 0.55625 0.29875 0.0325 0.0275
0 0.63 0.2975 0.03875 0.025
0 0.72375 0.3825 0.05 0.03125
0 0.76 0.36 0.025 0.02
0 0.76625 0.38125 0.0275 0.01875
0 0.24875 0.4775 0.0475 0.01625
0 0.25375 0.5025 0.045 0.02625
0 0.29875 0.5 0.045 0.02625
0 0.29625 0.47625 0.0475 0.01625
0 0.34375 0.46375 0.03625 0.02875
0 0.37875 0.4575 0.03125 0.0225
0 0.41875 0.45625 0.03125 0.02875
0 0.34625 0.49375 0.04125 0.02625
0 0.70125 0.3575 0.02625 0.01
0 0.3875 0.49 0.03875 0.02875
0 0.4625 0.48125 0.0325 0.0275
0 0.49875 0.475 0.03375 0.025
0 0.45625 0.4525 0.0425 0.02375
0 0.4925 0.44625 0.0275 0.025
0 0.6025 0.44 0.03125 0.01
0 0.60375 0.45 0.03125 0.0075
0 0.63375 0.43625 0.02875 0.01
0 0.635 0.445 0.03125 0.0075
0 0.66125 0.43375 0.02125 0.02
0 0.68625 0.4325 0.025 0.02125
0 0.7125 0.43125 0.0225 0.01625
0 0.42625 0.485 0.03625 0.0225
0 0.6725 0.385 0.05 0.03125
0 0.61375 0.39125 0.0625 0.03
0 0.56 0.38375 0.0275 0.01625
0 0.67625 0.3 0.03375 0.01875
0 0.70625 0.28875 0.025 0.01375
0 0.7075 0.305 0.02375 0.0125
0 0.71 0.3225 0.02375 0.01625
0 0.7325 0.32125 0.01875 0.0175
0 0.245 0.38125 0.04875 0.035
0 0.24625 0.41625 0.05 0.02875
0 0.29 0.38375 0.04125 0.03125
0 0.295 0.415 0.04125 0.03
0 0.335 0.38 0.04375 0.02875
0 0.3775 0.37875 0.03875 0.0275
0 0.3375 0.41125 0.04125 0.03125
0 0.37875 0.41 0.0375 0.03
0 0.42 0.40875 0.03875 0.02875
0 0.41875 0.3775 0.03875 0.02625
0 0.45875 0.37625 0.0325 0.025
0 0.46 0.40375 0.03875 0.02625
0 0.495 0.365 0.03125 0.02
0 0.49625 0.38625 0.02875 0.01875
0 0.49875 0.40625 0.03125 0.01875
0 0.53125 0.40375 0.03125 0.02
0 0.5625 0.40125 0.0275 0.015
0 0.5275 0.36375 0.03125 0.01875
0 0.5275 0.38375 0.03125 0.0175
0 0.56375 0.36375 0.03125 0.02
0 0.59 0.3 0.03125 0.025
0 0.24875 0.13875 0.04 0.02625