0 0.3025 0.38875 0.03625 0.1175
0 0.715 0.06875 0.0275 0.1275
0 0.34 0.39125 0.03875 0.115
0 0.22625 0.39125 0.04125 0.12125
0 0.18625 0.39 0.0375 0.1175
0 0.1475 0.39 0.04125 0.1175
0 0.86625 0.24125 0.0175 0.125
0 0.83875 0.23875 0.0275 0.12125
0 0.80625 0.2375 0.0325 0.11875
0 0.76875 0.2375 0.03875 0.115
0 0.73125 0.23875 0.03 0.12
0 0.26625 0.39125 0.03625 0.12
0 0.37875 0.3925 0.04 0.1175
0 0.5525 0.39 0.0375 0.135
0 0.4625 0.3875 0.04625 0.13125
0 0.36875 0.54125 0.03125 0.10625
0 0.33 0.5425 0.04 0.1025
0 0.28875 0.5425 0.0375 0.1075
0 0.25 0.545 0.035 0.1075
0 0.175 0.53875 0.03125 0.11625
0 0.14125 0.5375 0.02875 0.10875
0 0.84125 0.39375 0.03375 0.12
0 0.805 0.39125 0.03625 0.12375
0 0.42 0.39375 0.03625 0.11625
0 0.76875 0.4025 0.03375 0.10375
0 0.70375 0.4025 0.0325 0.10375
0 0.66875 0.4025 0.03125 0.10625
0 0.7075 0.33875 0.02875 0.01625
0 0.63625 0.33625 0.03 0.0225
0 0.63625 0.40125 0.03 0.10875
0 0.595 0.3975 0.0425 0.11875
0 0.69125 0.23875 0.0425 0.11875
0 0.51 0.3875 0.045 0.13
0 0.7375 0.40375 0.02875 0.1025
0 0.65125 0.23875 0.035 0.1175
0 0.3575 0.2575 0.0275 0.07125
0 0.575 0.2375 0.0375 0.11625
0 0.26125 0.0575 0.02125 0.115
0 0.29125 0.06125 0.03 0.11875
0 0.3225 0.06 0.03 0.12
0 0.3525 0.06375 0.02625 0.125
0 0.38375 0.06125 0.03 0.1225
0 0.41625 0.06375 0.0275 0.12125
0 0.445 0.0625 0.02375 0.1225
0 0.47875 0.06625 0.03875 0.11875
0 0.5175 0.065 0.03875 0.11625
0 0.55875 0.06625 0.03875 0.11875
0 0.59875 0.06875 0.04 0.11625
0 0.63875 0.08375 0.0275 0.10125
0 0.66625 0.065 0.02125 0.12875
0 0.76125 0.0775 0.025 0.115
0 0.73875 0.07875 0.01875 0.1075
0 0.2325 0.06125 0.03375 0.12
0 0.61375 0.23875 0.035 0.11625
0 0.195 0.06 0.03375 0.11875
0 0.4025 0.54 0.03375 0.10375
0 0.53625 0.2375 0.035 0.11625
0 0.49625 0.23625 0.0425 0.11375
0 0.45375 0.23625 0.03625 0.115
0 0.42 0.24875 0.03 0.0875
0 0.3875 0.24375 0.0275 0.10375
0 0.69125 0.06875 0.01875 0.12875
0 0.32875 0.25625 0.0275 0.0675
0 0.30125 0.2575 0.02625 0.06625
0 0.27 0.25125 0.0325 0.07625
0 0.235 0.2525 0.035 0.075
0 0.2 0.25125 0.03375 0.07375
0 0.15 0.23125 0.045 0.115
0 0.85125 0.06625 0.03125 0.13125
0 0.81625 0.07 0.03375 0.12875
0 0.78625 0.07125 0.02375 0.1275
0 0.15375 0.06375 0.04875 0.1075
0 0.445 0.535 0.05 0.11625
0 0.2125 0.5425 0.03375 0.1125
0 0.53875 0.5425 0.04 0.10875
0 0.76 0.68 0.03875 0.10375
0 0.7975 0.68375 0.03125 0.10625
0 0.83875 0.6775 0.0475 0.12125
0 0.16375 0.83125 0.04625 0.10625
0 0.20625 0.83125 0.0325 0.10375
0 0.24 0.83125 0.03375 0.10375
0 0.27875 0.82875 0.04 0.11
0 0.31625 0.8275 0.0325 0.1075
0 0.34875 0.83 0.0225 0.09375
0 0.37875 0.83 0.03125 0.09375
0 0.71375 0.62375 0.03125 0.01125
0 0.44375 0.82125 0.0325 0.11625
0 0.51875 0.82875 0.03375 0.1
0 0.61375 0.8325 0.02875 0.09125
0 0.85125 0.825 0.03125 0.11375
0 0.49375 0.5375 0.0475 0.12125
0 0.81125 0.8225 0.0475 0.1125
0 0.7675 0.82875 0.035 0.11125
0 0.73 0.8325 0.02875 0.09375
0 0.70125 0.83125 0.0275 0.09375
0 0.67125 0.83 0.02875 0.09375
0 0.6425 0.8325 0.025 0.09
0 0.485 0.8225 0.03625 0.11875
0 0.71875 0.685 0.03375 0.1075
0 0.54875 0.82875 0.02375 0.09625
0 0.65625 0.6825 0.02875 0.1
0 0.5825 0.54125 0.04375 0.10875
0 0.6175 0.54375 0.02625 0.105
0 0.65 0.545 0.0325 0.1075
0 0.685 0.5475 0.035 0.10375
0 0.71875 0.54625 0.02625 0.105
0 0.74875 0.5475 0.03375 0.1025
0 0.7925 0.54375 0.03875 0.115
0 0.83375 0.54125 0.04375 0.11375
0 0.68625 0.6825 0.03 0.10375
0 0.86625 0.54125 0.0175 0.115
0 0.15875 0.68375 0.0375 0.10125
0 0.195 0.68125 0.035 0.10625
0 0.58 0.82875 0.03375 0.1
0 0.2625 0.69625 0.0275 0.0775
0 0.39875 0.68375 0.0325 0.1025
0 0.3275 0.68625 0.03375 0.10375
0 0.23 0.68125 0.0325 0.10125
0 0.43625 0.68 0.04 0.11
0 0.4775 0.67875 0.04 0.10875
0 0.365 0.6825 0.03125 0.10375
0 0.54125 0.68 0.025 0.10125
0 0.61875 0.6775 0.0375 0.1125
0 0.5125 0.68375 0.03 0.09875
0 0.57625 0.68125 0.03875 0.11
0 0.29375 0.695 0.03 0.0775