0 0.62375 0.405 0.02875 0.06375
0 0.59375 0.405 0.025 0.065
0 0.56375 0.405 0.0325 0.065
0 0.53375 0.40375 0.02375 0.065
0 0.49875 0.40375 0.02875 0.06875
0 0.46375 0.39875 0.0375 0.08
0 0.31625 0.44 0.0475 0.13625
0 0.38 0.395 0.0625 0.08375
0 0.65125 0.40375 0.02 0.06125
0 0.265 0.44375 0.04875 0.13375
0 0.20875 0.45 0.055 0.11875
0 0.15375 0.4425 0.05375 0.14375
0 0.42875 0.39625 0.02625 0.07875
0 0.67 0.40625 0.01625 0.0575
0 0.15375 0.09375 0.045 0.1225
0 0.72125 0.40625 0.02625 0.06125
0 0.8675 0.3125 0.015 0.0975
0 0.745 0.4075 0.02 0.065
0 0.765 0.4075 0.01875 0.065
0 0.78625 0.40625 0.0175 0.0625
0 0.80875 0.41 0.0225 0.075
0 0.83 0.41125 0.01875 0.07125
0 0.84875 0.41 0.01625 0.0725
0 0.86625 0.41125 0.01625 0.0675
0 0.3575 0.52625 0.01875 0.0475
0 0.375 0.525 0.015 0.04875
0 0.39375 0.52125 0.01875 0.04625
0 0.41375 0.52 0.01875 0.04875
0 0.43375 0.52125 0.01875 0.0475
0 0.695 0.4075 0.02375 0.06
0 0.845 0.3125 0.025 0.095
0 0.765 0.315 0.02875 0.0875
0 0.79625 0.3175 0.03125 0.0825
0 0.2625 0.08375 0.06125 0.1625
0 0.365 0.11125 0.0575 0.13125
0 0.41875 0.1225 0.0475 0.11125
0 0.465 0.1275 0.04 0.12
0 0.50875 0.13875 0.04125 0.1075
0 0.53875 0.14125 0.01375 0.10625
0 0.55625 0.1475 0.0175 0.095
0 0.6025 0.14 0.0375 0.12
0 0.575 0.15 0.015 0.1025
0 0.64125 0.16375 0.0275 0.09
0 0.695 0.18 0.02375 0.07625
0 0.72 0.18 0.02125 0.0725
0 0.74125 0.1725 0.01625 0.10375
0 0.7625 0.17375 0.02375 0.1
0 0.7975 0.17875 0.03375 0.10375
0 0.83125 0.18125 0.03125 0.0975
0 0.86 0.195 0.025 0.08125
0 0.45125 0.5225 0.015 0.04625
0 0.72625 0.32125 0.03625 0.07
0 0.64875 0.3275 0.02875 0.05125
0 0.6175 0.32375 0.03 0.055
0 0.59 0.325 0.0225 0.04375
0 0.55125 0.29875 0.04875 0.0975
0 0.8225 0.3175 0.01875 0.08875
0 0.4875 0.29625 0.075 0.09125
0 0.40625 0.30375 0.02875 0.06625
0 0.375 0.3025 0.03125 0.06625
0 0.34125 0.3025 0.0275 0.0625
0 0.30125 0.30125 0.04625 0.06875
0 0.22625 0.2825 0.09875 0.09875
0 0.14875 0.2725 0.04625 0.12375
0 0.435 0.30875 0.0275 0.06625
0 0.46875 0.52 0.01875 0.04
0 0.52375 0.5175 0.02375 0.05
0 0.3225 0.58625 0.03125 0.02375
0 0.54875 0.7275 0.035 0.05875
0 0.5825 0.72125 0.02875 0.0625
0 0.61125 0.71625 0.0175 0.0575
0 0.6475 0.71 0.04 0.0575
0 0.67625 0.7125 0.01625 0.05125
0 0.6975 0.70625 0.02125 0.0525
0 0.72 0.70125 0.02 0.05625
0 0.75 0.69875 0.035 0.04
0 0.80125 0.67875 0.0525 0.0675
0 0.8525 0.6675 0.045 0.0875
0 0.25625 0.88625 0.09875 0.15625
0 0.34375 0.87375 0.06875 0.16375
0 0.4 0.885 0.02625 0.1075
0 0.43125 0.89 0.03 0.095
0 0.52 0.7325 0.0225 0.06375
0 0.46125 0.88125 0.0275 0.07875
0 0.51125 0.86 0.0175 0.105
0 0.535 0.85875 0.02625 0.1075
0 0.55875 0.8525 0.01875 0.09875
0 0.58125 0.85 0.0225 0.1025
0 0.61625 0.84 0.02375 0.08625
0 0.6375 0.835 0.01875 0.09625
0 0.6575 0.8325 0.015 0.0925
0 0.675 0.83 0.0175 0.0975
0 0.69125 0.825 0.01375 0.0875
0 0.71125 0.8225 0.0225 0.0925
0 0.73125 0.82875 0.0175 0.06125
0 0.75125 0.82 0.02 0.07625
0 0.77375 0.81625 0.02 0.07
0 0.85125 0.48875 0.045 0.02375
0 0.48875 0.8625 0.025 0.1125
0 0.485 0.51875 0.0125 0.04125
0 0.4925 0.7325 0.0325 0.0675
0 0.4325 0.7425 0.0325 0.06875
0 0.5025 0.51875 0.01875 0.04375
0 0.54125 0.515 0.0125 0.04625
0 0.43125 0.4675 0.03875 0.02
0 0.58 0.505 0.0375 0.05875
0 0.6175 0.5075 0.035 0.05375
0 0.65625 0.5025 0.0275 0.05375
0 0.68875 0.495 0.03625 0.0675
0 0.7275 0.50875 0.02125 0.035
0 0.75625 0.47875 0.02375 0.02875
0 0.75875 0.51125 0.02 0.03125
0 0.7875 0.47375 0.0275 0.03375
0 0.785 0.5075 0.02125 0.02875
0 0.25375 0.5825 0.0975 0.1
0 0.16375 0.6 0.07375 0.07875
0 0.46125 0.7375 0.02375 0.0775
0 0.33125 0.61375 0.045 0.00875
0 0.37625 0.6175 0.03625 0.06375
0 0.41875 0.61 0.04 0.06625
0 0.45625 0.60625 0.03 0.05625
0 0.48875 0.60875 0.035 0.0525
0 0.5225 0.6075 0.0325 0.045
0 0.6775 0.595 0.04875 0.04
0 0.725 0.58875 0.04125 0.05125
0 0.76375 0.5825 0.03 0.0525
0 0.81 0.57125 0.04875 0.0575
0 0.855 0.5675 0.03875 0.06625
0 0.16875 0.7475 0.07875 0.0825
0 0.23625 0.72625 0.04875 0.11
0 0.3675 0.75375 0.0275 0.07125
0 0.39875 0.75125 0.03 0.07375
0 0.33125 0.625 0.04375 0.01
0 0.2075 0.1 0.04125 0.11875