0 0.96375 0.5675 0.07125 0.075
0 0.4275 0.4375 0.03875 0.03625
0 0.42875 0.47625 0.03875 0.04
0 0.44625 0.52375 0.04375 0.02375
0 0.48125 0.31 0.055 0.03125
0 0.5525 0.31 0.0725 0.02875
0 0.555 0.33875 0.0725 0.015
0 0.48375 0.35 0.05875 0.03
0 0.88375 0.56625 0.08 0.08
0 0.49 0.39 0.05875 0.035
0 0.56625 0.3825 0.07875 0.03875
0 0.50125 0.5825 0.10375 0.06375
0 0.50625 0.51625 0.07125 0.03375
0 0.6025 0.51625 0.0975 0.03375
0 0.81625 0.565 0.0275 0.09625
0 0.7875 0.56625 0.02375 0.09375
0 0.94 0.50125 0.07125 0.03875
0 0.60875 0.5775 0.09375 0.07
0 0.76125 0.5675 0.02375 0.09375
0 0.73125 0.56625 0.03 0.0925
0 0.7 0.5675 0.025 0.0925
0 0.6725 0.56625 0.0275 0.09375
0 0.48875 0.46 0.07375 0.06
0 0.58375 0.46 0.08625 0.05125
0 0.66875 0.44875 0.0275 0.03375
0 0.8075 0.495 0.02125 0.045
0 0.69125 0.4075 0.0225 0.03875
0 0.715 0.40625 0.0225 0.0375
0 0.73875 0.4075 0.02 0.035
0 0.78375 0.37125 0.01875 0.04
0 0.7625 0.37 0.01875 0.03625
0 0.7425 0.37125 0.0175 0.03375
0 0.72375 0.3675 0.0175 0.02875
0 0.705 0.3675 0.01875 0.03125
0 0.6825 0.36625 0.01875 0.03375
0 0.66125 0.3675 0.01875 0.03125
0 0.63625 0.365 0.025 0.035
0 0.71125 0.3325 0.02375 0.03375
0 0.68875 0.33375 0.0175 0.03125
0 0.66625 0.33125 0.01875 0.0325
0 0.6475 0.3325 0.01375 0.03125
0 0.63 0.33 0.0175 0.03
0 0.60625 0.32875 0.02125 0.0325
0 0.66875 0.40625 0.0175 0.03875
0 0.865 0.505 0.07125 0.0375
0 0.64625 0.405 0.01875 0.0375
0 0.6425 0.44875 0.02 0.0325
0 0.78125 0.49375 0.025 0.04625
0 0.75625 0.495 0.0225 0.04875
0 0.7325 0.495 0.02375 0.04375
0 0.70875 0.4925 0.02125 0.04625
0 0.68375 0.495 0.0275 0.0425
0 0.70625 0.44875 0.02625 0.03875
0 0.73125 0.4475 0.0175 0.04
0 0.75875 0.44625 0.02375 0.03875
0 0.82375 0.455 0.0775 0.03125
0 0.90375 0.45875 0.0775 0.04
0 0.8675 0.41625 0.0725 0.03625
0 0.80125 0.4175 0.0525 0.04
0 0.7625 0.32375 0.02125 0.0525
0 0.74 0.3225 0.02125 0.05625
0 0.055 0.58 0.0125 0.04125
0 0.03875 0.58375 0.0175 0.03875
0 0.43 0.395 0.0375 0.0375
0 0.62375 0.40375 0.02125 0.03625
0 0.42875 0.3525 0.04 0.0325
0 0.33 0.43375 0.04625 0.0375
0 0.43 0.58125 0.01875 0.0725
0 0.29375 0.39375 0.02125 0.02625
0 0.20625 0.42875 0.025 0.02125
0 0.2375 0.43 0.02875 0.02375
0 0.26625 0.4325 0.01875 0.03125
0 0.2875 0.43125 0.02 0.0325
0 0.29125 0.47375 0.01875 0.03875
0 0.2675 0.47375 0.02625 0.04
0 0.24 0.4725 0.01875 0.04375
0 0.215 0.47 0.0275 0.04875
0 0.1875 0.46875 0.02375 0.04375
0 0.155 0.46375 0.01625 0.03
0 0.14 0.46375 0.01 0.0275
0 0.42625 0.3175 0.04375 0.03625
0 0.0925 0.5325 0.01875 0.04125
0 0.11625 0.5325 0.0225 0.0375
0 0.15125 0.52625 0.02375 0.045
0 0.175 0.5325 0.01875 0.03375
0 0.2075 0.5275 0.02375 0.04375
0 0.235 0.52875 0.02375 0.04375
0 0.27125 0.39375 0.02 0.02
0 0.26125 0.52625 0.025 0.0475
0 0.1275 0.46375 0.0125 0.02875
0 0.37875 0.435 0.04 0.035
0 0.38625 0.5925 0.0475 0.05125
0 0.3325 0.5925 0.05 0.055
0 0.38625 0.53375 0.0475 0.0475
0 0.33125 0.53375 0.04375 0.04625
0 0.38 0.48375 0.04375 0.03875
0 0.33 0.48125 0.04375 0.0425
0 0.38625 0.3925 0.04 0.0325
0 0.3425 0.3925 0.03875 0.0325
0 0.375 0.3425 0.025 0.055
0 0.32875 0.35375 0.02375 0.0225
0 0.28125 0.58375 0.025 0.04875
0 0.25375 0.5825 0.025 0.0525
0 0.2225 0.58375 0.02375 0.045
0 0.1675 0.58 0.02875 0.045
0 0.13625 0.58125 0.03 0.045
0 0.1025 0.58625 0.02625 0.04375
0 0.075 0.585 0.02375 0.04875
0 0.29 0.5275 0.02625 0.04625
0 0.195 0.58375 0.02375 0.0475