0 0.7675 0.35125 0.02625 0.135
0 0.8075 0.3425 0.0375 0.12125
0 0.84625 0.345 0.02875 0.13125
0 0.19 0.4425 0.0225 0.075
0 0.165 0.44125 0.02 0.0825
0 0.22375 0.44125 0.03 0.0825
0 0.2525 0.4375 0.0225 0.08375
0 0.29375 0.4375 0.04625 0.08125
0 0.34 0.4275 0.0375 0.09875
0 0.385 0.4275 0.045 0.09875
0 0.4275 0.4275 0.03375 0.0975
0 0.47125 0.425 0.04125 0.1
0 0.57 0.43625 0.045 0.0775
0 0.61875 0.45 0.03875 0.04875
0 0.65875 0.44 0.02875 0.07125
0 0.13875 0.4375 0.02625 0.07875
0 0.52375 0.43375 0.0425 0.08125
0 0.42125 0.12875 0.08125 0.1125
0 0.65875 0.28125 0.045 0.10125
0 0.16 0.14875 0.045 0.08125
0 0.24375 0.12375 0.11125 0.13125
0 0.33625 0.1425 0.0475 0.08375
0 0.6925 0.43875 0.03 0.07125
0 0.48875 0.14 0.045 0.08875
0 0.53875 0.13625 0.0425 0.09
0 0.5925 0.13875 0.055 0.09
0 0.7175 0.12 0.0625 0.12
0 0.7725 0.1775 0.0275 0.075
0 0.80375 0.18625 0.02375 0.0975
0 0.83875 0.1725 0.035 0.06125
0 0.14375 0.3075 0.01875 0.07
0 0.1675 0.3025 0.01875 0.08
0 0.195 0.29875 0.02625 0.085
0 0.23125 0.2925 0.0375 0.09
0 0.27125 0.29 0.0275 0.08875
0 0.3125 0.29625 0.04 0.0825
0 0.35375 0.2975 0.0325 0.0775
0 0.39625 0.2975 0.04125 0.075
0 0.4475 0.28375 0.05 0.0925
0 0.49875 0.29625 0.04 0.08
0 0.5425 0.295 0.0425 0.0825
0 0.59875 0.2775 0.06 0.015
0 0.59875 0.2975 0.0575 0.01625
0 0.59875 0.31875 0.0625 0.015
0 0.7175 0.27875 0.06125 0.09875
0 0.72625 0.4375 0.02875 0.06875
0 0.67375 0.565 0.0425 0.07875
0 0.1725 0.5625 0.02 0.0925
0 0.25875 0.6875 0.0275 0.07125
0 0.29 0.70125 0.02375 0.0575
0 0.3275 0.6925 0.04125 0.07
0 0.3725 0.68625 0.04 0.08
0 0.41875 0.68125 0.045 0.0875
0 0.46125 0.6775 0.03125 0.0975
0 0.4925 0.67875 0.02125 0.09375
0 0.525 0.68125 0.03875 0.08875
0 0.57125 0.70125 0.04125 0.05
0 0.22 0.6875 0.04125 0.0725
0 0.6175 0.695 0.04375 0.05875
0 0.6975 0.67875 0.035 0.08
0 0.1925 0.8125 0.13125 0.11
0 0.29375 0.8075 0.055 0.10625
0 0.34875 0.80375 0.0425 0.11
0 0.40125 0.8075 0.05625 0.1125
0 0.47125 0.83125 0.04375 0.0225
0 0.5675 0.81125 0.05125 0.1125
0 0.66 0.80875 0.1125 0.12125
0 0.8025 0.8025 0.14375 0.12625
0 0.65625 0.6825 0.02875 0.08125
0 0.145 0.5625 0.0275 0.0925
0 0.1775 0.68625 0.03 0.0775
0 0.85125 0.6575 0.04625 0.12375
0 0.195 0.5625 0.0225 0.09125
0 0.2225 0.57125 0.02875 0.07375
0 0.24875 0.56375 0.02 0.08875
0 0.27375 0.5625 0.0175 0.0925
0 0.2975 0.56125 0.025 0.0925
0 0.32375 0.55875 0.01875 0.09375
0 0.34875 0.56 0.02375 0.09375
0 0.3775 0.5575 0.01875 0.0975
0 0.4 0.5575 0.0225 0.095
0 0.145 0.66625 0.0225 0.0725
0 0.42375 0.555 0.02 0.0975
0 0.475 0.55625 0.02 0.09875
0 0.50125 0.56 0.02375 0.0925
0 0.53 0.5475 0.025 0.11625
0 0.56125 0.56125 0.02875 0.09125
0 0.5925 0.56 0.02375 0.09
0 0.62875 0.57 0.04 0.0725
0 0.75875 0.515 0.03125 0.14125
0 0.81375 0.5125 0.0575 0.14375
0 0.77125 0.6775 0.0925 0.09
0 0.44875 0.55875 0.02375 0.09375
0 0.715 0.55625 0.03375 0.0825