0 0.84875 0.39125 0.02 0.07125
0 0.64 0.6125 0.0275 0.05625
0 0.8625 0.4975 0.02375 0.055
0 0.84125 0.4975 0.02 0.0575
0 0.81875 0.49875 0.0225 0.0625
0 0.79375 0.5 0.025 0.05875
0 0.69375 0.49875 0.02 0.06625
0 0.74375 0.4975 0.025 0.0625
0 0.7175 0.50125 0.025 0.0625
0 0.64375 0.50125 0.0225 0.06875
0 0.66875 0.5025 0.02625 0.0675
0 0.67 0.60625 0.025 0.0625
0 0.76875 0.5 0.02375 0.05875
0 0.6925 0.60375 0.0175 0.06
0 0.71 0.6975 0.01625 0.06375
0 0.73875 0.59875 0.02125 0.06
0 0.7625 0.60125 0.025 0.05125
0 0.7875 0.6 0.0225 0.04875
0 0.81 0.5975 0.02 0.04625
0 0.8325 0.595 0.02125 0.04875
0 0.85375 0.59375 0.01875 0.0475
0 0.6325 0.705 0.02 0.06875
0 0.66 0.70375 0.0225 0.0625
0 0.6875 0.6975 0.02625 0.06375
0 0.73125 0.6975 0.0225 0.0575
0 0.78125 0.69375 0.0275 0.06125
0 0.8225 0.3925 0.025 0.0725
0 0.755 0.6975 0.02375 0.0575
0 0.715 0.59875 0.025 0.06125
0 0.7975 0.39375 0.0225 0.07125
0 0.81625 0.28375 0.02625 0.07375
0 0.47125 0.23375 0.04125 0.14
0 0.76875 0.395 0.03125 0.075
0 0.805 0.69 0.015 0.0575
0 0.73875 0.39875 0.0225 0.07125
0 0.7075 0.3975 0.025 0.0725
0 0.845 0.28375 0.02625 0.06875
0 0.79 0.28375 0.02625 0.07375
0 0.76125 0.2825 0.02875 0.075
0 0.73 0.285 0.03125 0.075
0 0.705 0.28375 0.01875 0.07625
0 0.84125 0.18625 0.03625 0.06875
0 0.80875 0.18375 0.02875 0.07375
0 0.77625 0.18125 0.0325 0.06875
0 0.74375 0.17875 0.03 0.075
0 0.5225 0.23375 0.05125 0.1425
0 0.71125 0.17625 0.0325 0.07125
0 0.61625 0.40125 0.055 0.12625
0 0.56375 0.4 0.04 0.125
0 0.51125 0.4 0.045 0.13125
0 0.46625 0.4025 0.04375 0.135
0 0.41875 0.41 0.04875 0.12625
0 0.36875 0.40875 0.04375 0.1225
0 0.32125 0.40625 0.04875 0.1325
0 0.2725 0.40875 0.04875 0.1375
0 0.22125 0.41125 0.0525 0.13375
0 0.15875 0.4225 0.06625 0.105
0 0.29625 0.23 0.05125 0.14375
0 0.3625 0.22875 0.0725 0.14375
0 0.425 0.23125 0.05 0.1375
0 0.6775 0.17375 0.0325 0.07625
0 0.57625 0.23375 0.0475 0.13375
0 0.82625 0.69125 0.025 0.055
0 0.65125 0.80625 0.0175 0.08875
0 0.585 0.81125 0.05625 0.03125
0 0.585 0.85 0.05625 0.04625
0 0.75 0.78625 0.02125 0.07625
0 0.77125 0.78625 0.02 0.075
0 0.80375 0.78625 0.01875 0.075
0 0.82625 0.79 0.025 0.06125
0 0.8475 0.78625 0.0175 0.0575
0 0.86625 0.7775 0.01625 0.05875
0 0.18625 0.6375 0.0525 0.0375
0 0.24125 0.63375 0.055 0.03125
0 0.23875 0.59875 0.05 0.03375
0 0.18625 0.595 0.05125 0.01875
0 0.31125 0.6175 0.0825 0.05375
0 0.38875 0.61125 0.06875 0.03875
0 0.525 0.79125 0.06 0.03
0 0.45625 0.60625 0.06625 0.0475
0 0.4575 0.56 0.06875 0.03875
0 0.525 0.56875 0.065 0.095
0 0.5925 0.57 0.06 0.08125
0 0.15375 0.7775 0.05625 0.05375
0 0.225 0.745 0.0725 0.09875
0 0.3 0.73625 0.07625 0.08125
0 0.38125 0.75125 0.07 0.05
0 0.37 0.67625 0.0625 0.0375
0 0.44125 0.69 0.06375 0.03125
0 0.45 0.74 0.065 0.0425
0 0.52 0.7075 0.065 0.08375
0 0.58625 0.70125 0.0625 0.07125
0 0.14125 0.64 0.03125 0.045
0 0.6275 0.8075 0.0275 0.09125
0 0.3775 0.555 0.07125 0.0475
0 0.52625 0.8275 0.05625 0.03625
0 0.625 0.235 0.05 0.1325
0 0.2175 0.0525 0.0625 0.10125
0 0.15625 0.0475 0.05125 0.0925
0 0.6725 0.80375 0.025 0.09375
0 0.6975 0.7975 0.02125 0.08125
0 0.72 0.78875 0.01875 0.065
0 0.14 0.92375 0.03125 0.0475
0 0.18 0.91625 0.045 0.03125
0 0.23875 0.88375 0.06875 0.09875
0 0.3075 0.87625 0.05625 0.0925
0 0.305 0.8125 0.0575 0.0225
0 0.40625 0.885 0.04375 0.02
0 0.4625 0.87625 0.06125 0.03375
0 0.4625 0.8375 0.06125 0.03875
0 0.52375 0.8675 0.05875 0.04
0 0.24 0.225 0.05625 0.15
0 0.36 0.8925 0.04375 0.03875
0 0.85625 0.07375 0.035 0.0725
0 0.28125 0.05125 0.05375 0.10125
0 0.1825 0.22125 0.0475 0.15625
0 0.3925 0.05875 0.05 0.115
0 0.44375 0.0625 0.05125 0.115
0 0.49875 0.06125 0.05 0.12
0 0.5475 0.065 0.04625 0.1225
0 0.5975 0.06625 0.0375 0.125
0 0.33625 0.0575 0.055 0.1125
0 0.6875 0.055 0.03375 0.08125
0 0.72375 0.0575 0.03875 0.0775
0 0.75875 0.06 0.03 0.0825
0 0.82375 0.06875 0.025 0.0825
0 0.79125 0.0625 0.03375 0.08
0 0.64 0.06875 0.0425 0.125