0 0.69875 0.4025 0.065 0.0875
0 0.595 0.40875 0.0525 0.09125
0 0.745 0.41375 0.02 0.05625
0 0.8625 0.4075 0.0225 0.075
0 0.14375 0.47375 0.0375 0.0375
0 0.14625 0.5125 0.04125 0.03125
0 0.645 0.41 0.03125 0.075
0 0.80125 0.4 0.06125 0.08625
0 0.82 0.3 0.0525 0.06375
0 0.4625 0.38625 0.06 0.05375
0 0.20625 0.505 0.07375 0.0625
0 0.39625 0.3875 0.0625 0.05625
0 0.32875 0.3875 0.06 0.05375
0 0.2625 0.39 0.06625 0.0525
0 0.19125 0.38875 0.06375 0.0575
0 0.14 0.3875 0.03125 0.05625
0 0.86375 0.29625 0.02125 0.07625
0 0.52625 0.385 0.055 0.05625
0 0.34125 0.495 0.05375 0.06125
0 0.1675 0.605 0.0225 0.05125
0 0.4725 0.49875 0.055 0.06
0 0.34875 0.59125 0.02375 0.07
0 0.3225 0.59375 0.02375 0.06625
0 0.2925 0.59375 0.02375 0.07
0 0.26625 0.595 0.025 0.07125
0 0.23875 0.60375 0.02 0.05875
0 0.76125 0.28625 0.035 0.095
0 0.3775 0.58875 0.025 0.07625
0 0.215 0.605 0.0175 0.055
0 0.1925 0.6025 0.02 0.05625
0 0.14375 0.60375 0.02125 0.0525
0 0.8525 0.52375 0.04375 0.0875
0 0.795 0.52375 0.0625 0.09
0 0.7325 0.52875 0.04 0.06
0 0.69375 0.52375 0.0325 0.09375
0 0.655 0.5275 0.0375 0.0975
0 0.6175 0.53875 0.02875 0.06875
0 0.585 0.53 0.03125 0.08125
0 0.41 0.4975 0.06125 0.05875
0 0.70875 0.28625 0.0575 0.10125
0 0.85875 0.18 0.0325 0.06625
0 0.59375 0.29625 0.0525 0.10125
0 0.73375 0.03125 0.06625 0.0375
0 0.80625 0.02625 0.05875 0.05125
0 0.8575 0.0275 0.035 0.0525
0 0.175 0.1825 0.06125 0.06
0 0.24375 0.18375 0.0725 0.06125
0 0.315 0.185 0.06375 0.0625
0 0.3075 0.1125 0.07 0.06
0 0.38375 0.12375 0.065 0.05
0 0.38375 0.18375 0.065 0.06125
0 0.52375 0.1825 0.0625 0.065
0 0.58125 0.185 0.03625 0.07625
0 0.81125 0.16125 0.05625 0.105
0 0.7575 0.1725 0.0375 0.08125
0 0.71375 0.17375 0.04375 0.0825
0 0.66875 0.17875 0.04375 0.07625
0 0.62625 0.18 0.0375 0.07625
0 0.40875 0.5875 0.03 0.07375
0 0.14375 0.2625 0.03625 0.045
0 0.67875 0.02875 0.0275 0.05375
0 0.64625 0.02625 0.0325 0.05
0 0.6125 0.0275 0.025 0.0525
0 0.5375 0.2825 0.0475 0.09375
0 0.475 0.295 0.06875 0.06375
0 0.40125 0.29625 0.0675 0.06375
0 0.34375 0.3025 0.0425 0.05125
0 0.285 0.3 0.065 0.05125
0 0.2075 0.2975 0.06875 0.05125
0 0.145 0.30875 0.04 0.03125
0 0.15375 0.03 0.04125 0.05625
0 0.64875 0.305 0.04875 0.07
0 0.20125 0.03 0.04625 0.055
0 0.305 0.045 0.0525 0.025
0 0.355 0.03 0.035 0.05625
0 0.395 0.02875 0.03125 0.0575
0 0.43125 0.02875 0.03375 0.05625
0 0.46625 0.02875 0.03125 0.055
0 0.5075 0.03 0.03625 0.05625
0 0.5425 0.02875 0.0275 0.055
0 0.58125 0.0275 0.0325 0.05375
0 0.25125 0.0275 0.045 0.05375
0 0.435 0.59 0.02 0.07375
0 0.53125 0.495 0.05375 0.0675
0 0.4875 0.5875 0.025 0.0775
0 0.5475 0.8675 0.03125 0.09125
0 0.585 0.8675 0.03 0.095
0 0.62 0.865 0.03 0.095
0 0.6475 0.84625 0.0175 0.05625
0 0.66625 0.845 0.0125 0.05625
0 0.7025 0.87125 0.025 0.075
0 0.73875 0.88125 0.04375 0.0775
0 0.795 0.8675 0.03125 0.06875
0 0.46 0.58625 0.0225 0.0775
0 0.86 0.85 0.02 0.06875
0 0.6575 0.77125 0.0725 0.0525
0 0.725 0.76875 0.04875 0.05375
0 0.675 0.72625 0.05625 0.02125
0 0.77875 0.77 0.05 0.05875
0 0.8275 0.76875 0.0425 0.05625
0 0.58 0.64 0.02375 0.09375
0 0.6075 0.64125 0.02125 0.09
0 0.63375 0.64125 0.01875 0.08875
0 0.655 0.6425 0.02 0.0875
0 0.68 0.64 0.0225 0.08875
0 0.7075 0.6425 0.02375 0.075
0 0.7375 0.645 0.03 0.08
0 0.7875 0.64625 0.03375 0.0725
0 0.83125 0.645 0.03875 0.08
0 0.86375 0.64375 0.02125 0.07875
0 0.5125 0.86625 0.03125 0.095
0 0.48625 0.85375 0.02 0.065
0 0.83125 0.87125 0.0225 0.07375
0 0.37375 0.85 0.02875 0.05625
0 0.5175 0.5875 0.03 0.075
0 0.55 0.585 0.02375 0.08
0 0.14625 0.67875 0.0425 0.0575
0 0.19625 0.68375 0.0475 0.06875
0 0.4075 0.85625 0.0325 0.0675
0 0.2925 0.68375 0.04 0.05375
0 0.3325 0.685 0.035 0.055
0 0.37625 0.68375 0.04 0.0525
0 0.42125 0.6825 0.0375 0.05
0 0.4625 0.675 0.02375 0.055
0 0.49125 0.67375 0.0225 0.05125
0 0.5175 0.67375 0.02375 0.05625
0 0.54625 0.67375 0.025 0.05625
0 0.2475 0.68375 0.0425 0.0575
0 0.21375 0.76 0.045 0.03375
0 0.1425 0.77625 0.03375 0.05
0 0.325 0.87375 0.05375 0.04875
0 0.26375 0.87375 0.05625 0.04625
0 0.19125 0.89625 0.05875 0.05
0 0.5925 0.7675 0.045 0.05625
0 0.1425 0.8975 0.03375 0.0575
0 0.455 0.76875 0.05875 0.0525
0 0.3925 0.77375 0.0575 0.04625
0 0.33 0.76625 0.05125 0.05625
0 0.27 0.7675 0.06 0.06
0 0.52375 0.7625 0.06625 0.05125