0 0.56875 0.7025 0.0475 0.02875
0 0.56625 0.7325 0.05125 0.0275
0 0.5675 0.77125 0.045 0.04
0 0.51875 0.76625 0.04 0.0425
0 0.47375 0.765 0.035 0.0425
0 0.1975 0.77375 0.06625 0.0375
0 0.14375 0.77 0.03 0.04
0 0.18375 0.72625 0.02375 0.04125
0 0.14625 0.72125 0.04125 0.03875
0 0.33625 0.76125 0.06 0.0375
0 0.26875 0.7625 0.0625 0.03875
0 0.3925 0.76375 0.03625 0.0375
0 0.43375 0.765 0.0375 0.0375
0 0.18 0.52625 0.01625 0.0425
0 0.62375 0.73875 0.04875 0.02375
0 0.37125 0.87625 0.05 0.0175
0 0.37875 0.84125 0.0475 0.03875
0 0.43 0.83625 0.04125 0.0375
0 0.47875 0.8425 0.0425 0.02625
0 0.52875 0.85375 0.04 0.02875
0 0.4225 0.87375 0.04375 0.00625
0 0.425 0.86375 0.04625 0.00875
0 0.47375 0.87125 0.04375 0.00875
0 0.4775 0.86125 0.0425 0.00875
0 0.42125 0.885 0.0425 0.01125
0 0.37 0.91375 0.04625 0.04125
0 0.42 0.91375 0.0475 0.04
0 0.5225 0.91375 0.045 0.03875
0 0.5225 0.885 0.045 0.01
0 0.52375 0.87375 0.04375 0.00625
0 0.47125 0.88375 0.04125 0.00875
0 0.57625 0.89125 0.05875 0.08125
0 0.64 0.89125 0.05125 0.0775
0 0.69875 0.8925 0.0575 0.0825
0 0.77375 0.9075 0.07125 0.045
0 0.75125 0.8425 0.045 0.04375
0 0.80125 0.855 0.0475 0.04375
0 0.47125 0.91375 0.04875 0.0425
0 0.3175 0.86 0.05625 0.055
0 0.3125 0.92 0.05625 0.04125
0 0.2525 0.92125 0.05125 0.03125
0 0.62375 0.77625 0.05125 0.035
0 0.68125 0.77875 0.05 0.035
0 0.51875 0.7175 0.03125 0.04
0 0.6825 0.74 0.05125 0.0275
0 0.74 0.73625 0.045 0.02375
0 0.74125 0.705 0.03875 0.02625
0 0.73375 0.78125 0.0325 0.0325
0 0.80125 0.78125 0.07125 0.03375
0 0.8 0.7425 0.06 0.0325
0 0.79375 0.70875 0.055 0.03125
0 0.8525 0.7225 0.04375 0.04125
0 0.85625 0.77 0.0375 0.04875
0 0.14625 0.91875 0.0275 0.04125
0 0.14625 0.87625 0.02875 0.03375
0 0.14625 0.83125 0.02875 0.045
0 0.17625 0.82875 0.025 0.045
0 0.2075 0.8325 0.0225 0.0475
0 0.17875 0.8725 0.02625 0.03625
0 0.17875 0.91625 0.02375 0.03625
0 0.20625 0.9175 0.0275 0.035
0 0.20625 0.8775 0.02125 0.03625
0 0.24875 0.87875 0.0575 0.0325
0 0.255 0.83 0.0625 0.04125
0 0.63375 0.70375 0.06 0.03125
0 0.47625 0.71625 0.04 0.045
0 0.855 0.64 0.03875 0.03875
0 0.385 0.71375 0.0275 0.05
0 0.45375 0.17375 0.04375 0.0425
0 0.5 0.17625 0.0375 0.03875
0 0.545 0.175 0.0375 0.0325
0 0.5 0.21625 0.03625 0.02875
0 0.54375 0.215 0.04125 0.0375
0 0.60625 0.21375 0.0725 0.0325
0 0.60625 0.1725 0.07375 0.0375
0 0.425 0.7175 0.0375 0.04625
0 0.69 0.1725 0.06875 0.0375
0 0.16375 0.2925 0.0325 0.02625
0 0.16375 0.25875 0.02875 0.02875
0 0.1625 0.32625 0.0275 0.03
0 0.24875 0.32 0.0325 0.0325
0 0.29125 0.3225 0.045 0.0275
0 0.29 0.2875 0.04625 0.035
0 0.35 0.275 0.05375 0.04625
0 0.6875 0.21375 0.07125 0.03625
0 0.40625 0.17 0.0475 0.0375
0 0.41 0.2125 0.04625 0.03625
0 0.75 0.22 0.04 0.03
0 0.3075 0.21125 0.0475 0.035
0 0.3575 0.20875 0.04375 0.03625
0 0.35625 0.17 0.04375 0.0325
0 0.35875 0.125 0.045 0.045
0 0.40875 0.1225 0.04125 0.04875
0 0.45375 0.12625 0.0425 0.04125
0 0.50125 0.1325 0.0425 0.045
0 0.54375 0.13375 0.03625 0.0425
0 0.60875 0.125 0.075 0.0475
0 0.68875 0.125 0.075 0.045
0 0.82375 0.1775 0.04 0.0425
0 0.81125 0.2175 0.0725 0.03125
0 0.86375 0.22 0.02125 0.03
0 0.8625 0.185 0.025 0.0325
0 0.86625 0.14375 0.0175 0.03625
0 0.75 0.1425 0.04 0.0375
0 0.74875 0.18125 0.0425 0.02875
0 0.4175 0.27875 0.06125 0.04
0 0.2525 0.20625 0.05 0.03
0 0.35125 0.32125 0.05875 0.04
0 0.47 0.32375 0.0375 0.04
0 0.2475 0.4275 0.03375 0.03125
0 0.295 0.43125 0.05375 0.02625
0 0.35375 0.43125 0.05375 0.03125
0 0.35125 0.38875 0.06125 0.04125
0 0.14875 0.37625 0.03375 0.03
0 0.15125 0.4225 0.03625 0.04875
0 0.21125 0.425 0.03625 0.03375
0 0.28875 0.3975 0.0425 0.02625
0 0.21375 0.39125 0.0275 0.015
0 0.21125 0.29875 0.03625 0.0625
0 0.1825 0.33875 0.01375 0.05875
0 0.18 0.47125 0.01125 0.03375
0 0.215 0.48125 0.02125 0.0575
0 0.17625 0.43125 0.0075 0.0425
0 0.1475 0.49375 0.04375 0.04
0 0.145 0.53125 0.0375 0.0325
0 0.2225 0.3625 0.025 0.0275
0 0.24875 0.39 0.025 0.0325
0 0.57125 0.42 0.07 0.05
0 0.6425 0.42375 0.06375 0.0475
0 0.5175 0.32375 0.0475 0.035
0 0.51125 0.2875 0.04 0.02625
0 0.5525 0.2875 0.02875 0.0275
0 0.56625 0.32625 0.03375 0.03875
0 0.61125 0.3125 0.04375 0.06375
0 0.67625 0.31 0.075 0.07125
0 0.74625 0.32875 0.045 0.03375
0 0.74 0.29375 0.0325 0.025
0 0.785 0.28375 0.025 0.04
0 0.8325 0.28375 0.045 0.03375
0 0.79 0.32875 0.03375 0.03875
0 0.8375 0.3275 0.04375 0.0325
0 0.8075 0.42875 0.0425 0.0375
0 0.8525 0.43125 0.03625 0.035
0 0.84625 0.38375 0.05625 0.02875
0 0.7575 0.4325 0.04125 0.0325
0 0.7575 0.39125 0.02625 0.03875
0 0.415 0.32375 0.06125 0.0375
0 0.30625 0.17375 0.0475 0.0325
0 0.45625 0.215 0.04 0.03125
0 0.30375 0.1325 0.045 0.0325
0 0.8075 0.5375 0.0375 0.03625
0 0.85125 0.53375 0.04 0.0325
0 0.84375 0.495 0.035 0.0425
0 0.80375 0.4925 0.03625 0.03875
0 0.145 0.60125 0.0375 0.035
0 0.14375 0.64 0.035 0.0375
0 0.17125 0.64375 0.02 0.03375
0 0.17125 0.60625 0.01 0.02875
0 0.25125 0.59625 0.035 0.03625
0 0.255 0.64125 0.0375 0.04
0 0.3025 0.63625 0.055 0.0425
0 0.30125 0.58875 0.055 0.045
0 0.75875 0.535 0.0425 0.04125
0 0.36375 0.64125 0.04625 0.02
0 0.415 0.63375 0.05125 0.04
0 0.46875 0.635 0.04625 0.03625
0 0.46875 0.5925 0.05125 0.04
0 0.555 0.59375 0.1 0.03625
0 0.6675 0.59625 0.11375 0.04
0 0.755 0.63125 0.0425 0.03875
0 0.75625 0.58875 0.045 0.03375
0 0.8075 0.63375 0.0475 0.04375
0 0.81 0.58875 0.045 0.03125
0 0.85625 0.5975 0.0375 0.03125
0 0.26875 0.71375 0.055 0.045
0 0.3325 0.71625 0.06375 0.0425
0 0.25625 0.1675 0.045 0.03125
0 0.675 0.49125 0.115 0.04375
0 0.3675 0.61625 0.0375 0.02375
0 0.56125 0.53 0.0775 0.03625
0 0.19125 0.6675 0.00875 0.03875
0 0.21125 0.705 0.0275 0.06
0 0.2125 0.6275 0.02375 0.06625
0 0.18875 0.61625 0.01 0.04125
0 0.1875 0.57125 0.015 0.03875
0 0.18875 0.13 0.07 0.03625
0 0.25375 0.49375 0.03375 0.0375
0 0.185 0.17 0.065 0.03125
0 0.13625 0.19875 0.0225 0.0325
0 0.13625 0.1625 0.02125 0.0325
0 0.13625 0.1225 0.01875 0.03625
0 0.20875 0.545 0.01 0.05375
0 0.255 0.13125 0.04125 0.03125
0 0.67375 0.53625 0.1175 0.03125
0 0.18875 0.205 0.07 0.03125
0 0.30625 0.5325 0.0575 0.04125
0 0.255 0.53375 0.04125 0.0325
0 0.37625 0.48875 0.06 0.04125
0 0.445 0.49125 0.06 0.04125
0 0.37375 0.535 0.06 0.04125
0 0.44375 0.53375 0.06 0.035
0 0.5 0.53875 0.03625 0.0275
0 0.4975 0.50625 0.0375 0.03125
0 0.49875 0.475 0.04 0.0225
0 0.30125 0.48375 0.0625 0.0425