0 0.5475 0.28 0.08375 0.02
0 0.54875 0.3025 0.0825 0.0175
0 0.54875 0.32375 0.08125 0.01875
0 0.735 0.44625 0.08625 0.0125
0 0.3 0.3825 0.085 0.015
0 0.62875 0.2975 0.025 0.07
0 0.74625 0.295 0.0375 0.07
0 0.70625 0.2975 0.03875 0.07125
0 0.665 0.2975 0.03625 0.0725
0 0.48375 0.3 0.02875 0.0725
0 0.60375 0.2975 0.02125 0.06875
0 0.515 0.365 0.08 0.0175
0 0.30125 0.29125 0.0875 0.02
0 0.42625 0.30125 0.02625 0.075
0 0.39875 0.30125 0.025 0.07375
0 0.3725 0.30125 0.02625 0.0725
0 0.3 0.33 0.09125 0.0175
0 0.30125 0.31125 0.08875 0.01625
0 0.77125 0.20375 0.02 0.07375
0 0.7475 0.20375 0.02375 0.075
0 0.72 0.20625 0.02625 0.0775
0 0.69375 0.2075 0.025 0.07375
0 0.66875 0.2075 0.0225 0.075
0 0.645 0.20875 0.02125 0.0775
0 0.61875 0.20875 0.02625 0.07375
0 0.595 0.2075 0.02375 0.075
0 0.455 0.30125 0.025 0.0775
0 0.305 0.39875 0.0875 0.01375
0 0.6275 0.52875 0.0825 0.015
0 0.25375 0.6525 0.0675 0.01875
0 0.455 0.38875 0.03 0.065
0 0.425 0.39 0.025 0.0675
0 0.3975 0.39 0.02625 0.06875
0 0.36875 0.39 0.0275 0.06875
0 0.3075 0.415 0.0825 0.01625
0 0.4125 0.55375 0.0225 0.06
0 0.51625 0.38625 0.08 0.02
0 0.3875 0.555 0.0225 0.06125
0 0.365 0.555 0.02125 0.06125
0 0.53375 0.2375 0.07375 0.0175
0 0.305 0.58 0.0875 0.01625
0 0.3075 0.55875 0.0825 0.02
0 0.30625 0.5375 0.0825 0.02
0 0.72625 0.4875 0.0925 0.02
0 0.73125 0.46625 0.0875 0.02
0 0.4375 0.5525 0.02375 0.06125
0 0.46375 0.555 0.02375 0.0625
0 0.52375 0.57375 0.095 0.0175
0 0.52625 0.5525 0.09125 0.0175
0 0.62625 0.57125 0.08125 0.02
0 0.62375 0.5475 0.08 0.01875
0 0.72375 0.57 0.0825 0.02125
0 0.72625 0.54875 0.08125 0.0175
0 0.725 0.5275 0.08125 0.0175
0 0.25125 0.63125 0.065 0.02125
0 0.255 0.67375 0.0725 0.01875
0 0.5325 0.215 0.07375 0.01875
0 0.4525 0.12125 0.0175 0.07375
0 0.4775 0.2125 0.02875 0.08
0 0.4475 0.64375 0.025 0.07625
0 0.47 0.645 0.015 0.075
0 0.49125 0.64375 0.0225 0.07375
0 0.51625 0.6425 0.02375 0.07625
0 0.56625 0.61 0.06875 0.015
0 0.5675 0.62875 0.0725 0.01875
0 0.56625 0.65 0.07125 0.01875
0 0.56625 0.67 0.07125 0.0175
0 0.64375 0.6675 0.07625 0.02375
0 0.72375 0.60625 0.08125 0.015
0 0.72375 0.62625 0.08 0.01875
0 0.72375 0.64625 0.08125 0.0175
0 0.72375 0.6675 0.08125 0.01875
0 0.30625 0.72875 0.08875 0.0225
0 0.305 0.7525 0.09375 0.0175
0 0.3075 0.775 0.0875 0.0175
0 0.36875 0.74625 0.02625 0.0725
0 0.3925 0.745 0.01625 0.075
0 0.41375 0.745 0.0225 0.06625
0 0.43875 0.74625 0.025 0.07
0 0.46375 0.745 0.0225 0.07125
0 0.59625 0.76375 0.06375 0.0175
0 0.5975 0.745 0.0675 0.015
0 0.59625 0.725 0.06625 0.0175
0 0.51875 0.76625 0.08375 0.0175
0 0.4075 0.64375 0.0275 0.07375
0 0.3425 0.6725 0.0975 0.01875
0 0.34 0.64875 0.09875 0.0175
0 0.33875 0.6275 0.1 0.0175
0 0.4475 0.2125 0.02875 0.0775
0 0.41625 0.22 0.025 0.0675
0 0.38625 0.21875 0.0275 0.07
0 0.3525 0.22 0.0275 0.06625
0 0.28375 0.24 0.0925 0.01875
0 0.2825 0.2175 0.095 0.01875
0 0.28 0.195 0.095 0.0225
0 0.75125 0.115 0.0225 0.075
0 0.72625 0.115 0.0225 0.07625
0 0.70125 0.11625 0.025 0.075
0 0.675 0.11625 0.02375 0.07625
0 0.64875 0.11875 0.02125 0.07125
0 0.53 0.19375 0.07125 0.02
0 0.625 0.11625 0.0225 0.07625
0 0.57625 0.12 0.02375 0.07375
0 0.52875 0.145 0.07 0.02
0 0.52875 0.12375 0.07125 0.01875
0 0.52625 0.10625 0.07 0.0125
0 0.47625 0.12125 0.02375 0.075
0 0.42875 0.12125 0.025 0.075
0 0.40125 0.12125 0.025 0.0775
0 0.37375 0.12125 0.02625 0.07625
0 0.3475 0.12375 0.025 0.07125
0 0.2825 0.1475 0.1 0.01875
0 0.28125 0.1225 0.1 0.02375
0 0.28125 0.09625 0.1025 0.02375
0 0.60125 0.11875 0.0225 0.075
0 0.6225 0.475 0.10625 0.0525
0 0.51875 0.7275 0.085 0.0175
0 0.40375 0.475 0.02625 0.06
0 0.51625 0.8325 0.0875 0.02
0 0.4475 0.83625 0.025 0.07125
0 0.42125 0.83875 0.02375 0.065
0 0.39625 0.835 0.02 0.06625
0 0.375 0.835 0.0225 0.0625
0 0.3175 0.86 0.09125 0.01625
0 0.31625 0.8375 0.0925 0.0175
0 0.29875 0.815 0.0875 0.015
0 0.67875 0.7475 0.09625 0.05875
0 0.31125 0.4575 0.0925 0.01875
0 0.525 0.4725 0.08625 0.01875
0 0.525 0.4475 0.08625 0.015
0 0.465 0.47625 0.0225 0.06125
0 0.43125 0.47625 0.02875 0.05875
0 0.31125 0.4775 0.08875 0.01875
0 0.3125 0.4975 0.09 0.0175
0 0.37625 0.475 0.02625 0.06
0 0.51375 0.85625 0.0875 0.01875
0 0.62 0.82875 0.09125 0.0575
0 0.52625 0.49375 0.08625 0.0175
0 0.51875 0.7475 0.08375 0.015
0 0.515 0.41125 0.08 0.02125
0 0.575 0.38625 0.0375 0.0675
0 0.615 0.385 0.0375 0.0675
0 0.6575 0.38375 0.0375 0.06625
0 0.69625 0.38375 0.03375 0.0675
0 0.73875 0.38125 0.035 0.06875
0 0.71875 0.83625 0.0975 0.04625