0 0.25375 0.4375 0.0275 0.0475
0 0.27 0.275 0.01875 0.065
0 0.24625 0.275 0.02 0.0675
0 0.26875 0.23125 0.01875 0.01375
0 0.54375 0.37875 0.025 0.04375
0 0.48125 0.6925 0.025 0.05875
0 0.25375 0.6875 0.01875 0.04625
0 0.27625 0.77125 0.03625 0.035
0 0.33125 0.77375 0.02375 0.03125
0 0.3575 0.7725 0.02375 0.0325
0 0.39625 0.7775 0.0175 0.02625
0 0.425 0.77 0.0325 0.03625
0 0.4525 0.775 0.01625 0.02625
0 0.24 0.76125 0.025 0.04375
0 0.4725 0.77625 0.0175 0.025
0 0.5225 0.77 0.00875 0.04125
0 0.5325 0.76875 0.00875 0.0425
0 0.555 0.77125 0.03125 0.0325
0 0.585 0.77125 0.02 0.03625
0 0.6075 0.77125 0.02125 0.035
0 0.63125 0.76125 0.0225 0.02875
0 0.5 0.7775 0.03375 0.02375
0 0.71375 0.7025 0.025 0.035
0 0.6875 0.705 0.02 0.03875
0 0.66625 0.705 0.0225 0.0375
0 0.27875 0.685 0.02875 0.055
0 0.31875 0.695 0.025 0.06
0 0.3475 0.69875 0.02125 0.05375
0 0.36875 0.6975 0.01875 0.05
0 0.39 0.6975 0.02 0.05
0 0.41 0.7 0.01875 0.05125
0 0.43125 0.70125 0.02 0.04875
0 0.45625 0.69375 0.02125 0.05625
0 0.34 0.4475 0.03125 0.045
0 0.50875 0.6925 0.02125 0.05875
0 0.535 0.69375 0.02125 0.055
0 0.55875 0.69375 0.02 0.05625
0 0.58375 0.69 0.02625 0.065
0 0.6125 0.68875 0.03 0.065
0 0.64125 0.705 0.01875 0.04125
0 0.7225 0.61375 0.015 0.04
0 0.40125 0.44875 0.0275 0.04125
0 0.30625 0.54 0.025 0.05
0 0.4625 0.45125 0.02875 0.0425
0 0.57375 0.26375 0.03375 0.015
0 0.61 0.26875 0.03 0.02125
0 0.60875 0.29625 0.03 0.02875
0 0.5775 0.29125 0.03 0.03625
0 0.5125 0.2925 0.03 0.03875
0 0.69875 0.7725 0.0425 0.02875
0 0.48 0.2925 0.02875 0.04
0 0.45125 0.29375 0.02375 0.0325
0 0.425 0.295 0.0225 0.03
0 0.65875 0.76875 0.03 0.03875
0 0.415 0.26875 0.03 0.015
0 0.625 0.54 0.02 0.05125
0 0.43125 0.44875 0.02875 0.04125
0 0.6725 0.5425 0.0175 0.04625
0 0.69625 0.5425 0.01875 0.04625
0 0.72 0.54 0.025 0.0575
0 0.67125 0.505 0.02 0.02
0 0.71 0.28 0.02 0.05875
0 0.2525 0.61 0.03 0.045
0 0.73375 0.2825 0.0225 0.05625
0 0.685 0.855 0.01625 0.04875
0 0.5725 0.39375 0.03 0.015
0 0.67375 0.3875 0.03625 0.0275
0 0.57125 0.37875 0.025 0.00875
0 0.4275 0.37625 0.02 0.045
0 0.4075 0.37875 0.01625 0.04
0 0.39125 0.3775 0.015 0.04
0 0.3775 0.3775 0.01125 0.0425
0 0.36 0.38 0.0175 0.03125
0 0.2625 0.37375 0.04125 0.0225
0 0.3225 0.86 0.045 0.03375
0 0.39875 0.86125 0.025 0.035
0 0.42625 0.86125 0.025 0.03625
0 0.48 0.83875 0.02875 0.0375
0 0.53 0.86125 0.0275 0.03875
0 0.565 0.86875 0.03875 0.0225
0 0.59875 0.85875 0.02375 0.04
0 0.625 0.8575 0.0225 0.03375
0 0.66875 0.855 0.01375 0.05
0 0.27875 0.61 0.01875 0.045
0 0.64875 0.53875 0.0225 0.055
0 0.35125 0.61375 0.01875 0.03375
0 0.50375 0.53 0.02375 0.06
0 0.4725 0.53375 0.02 0.0575
0 0.445 0.535 0.01875 0.0575
0 0.39375 0.53375 0.02125 0.0675
0 0.30625 0.61 0.02 0.04
0 0.3675 0.53625 0.02125 0.05
0 0.32375 0.2875 0.0275 0.04125
0 0.29375 0.28625 0.025 0.045
0 0.2675 0.21375 0.02125 0.01625
0 0.3375 0.51875 0.01625 0.04125
0 0.49 0.3775 0.0275 0.04125
0 0.28125 0.49 0.0175 0.03
0 0.25 0.4975 0.0225 0.02625
0 0.7225 0.445 0.04 0.055
0 0.6375 0.45375 0.0525 0.0275
0 0.51375 0.45 0.02375 0.04375
0 0.49 0.44875 0.02 0.04125
0 0.52875 0.535 0.02125 0.06125
0 0.58 0.5425 0.02125 0.04875
0 0.27125 0.55 0.03375 0.03125
0 0.60375 0.54125 0.02125 0.04875
0 0.38625 0.62 0.04625 0.0225
0 0.5475 0.5275 0.015 0.04875
0 0.44625 0.6175 0.02875 0.02625
0 0.48 0.61875 0.03 0.025
0 0.47625 0.5975 0.0325 0.0075
0 0.445 0.6 0.02375 0.00625
0 0.51625 0.595 0.0375 0.02
0 0.51625 0.61875 0.03625 0.025
0 0.555 0.61375 0.03625 0.03125
0 0.42 0.615 0.01875 0.02875
0 0.6225 0.61375 0.03125 0.03
0 0.64875 0.6125 0.0175 0.04125
0 0.6675 0.61 0.01625 0.0425
0 0.685 0.6125 0.01625 0.04125
0 0.7025 0.61375 0.015 0.03875
0 0.38375 0.29 0.0275 0.03625
0 0.59 0.61625 0.03125 0.03
0 0.3275 0.25375 0.03125 0.02125