0 0.48 0.51625 0.02125 0.10375
0 0.23125 0.77625 0.04875 0.05875
0 0.84 0.43375 0.025 0.0675
0 0.17625 0.74875 0.04125 0.055
0 0.18875 0.685 0.05875 0.0475
0 0.1575 0.63125 0.04625 0.04
0 0.86625 0.43375 0.0175 0.06625
0 0.16125 0.57125 0.0675 0.04375
0 0.165 0.5025 0.07 0.055
0 0.63375 0.18375 0.015 0.0475
0 0.71625 0.19375 0.04 0.055
0 0.76875 0.19375 0.0425 0.0525
0 0.83 0.215 0.06125 0.03125
0 0.82625 0.18 0.0725 0.02625
0 0.27 0.5175 0.0525 0.10625
0 0.51125 0.515 0.0275 0.10375
0 0.2175 0.62125 0.05625 0.05125
0 0.17125 0.35875 0.065 0.1275
0 0.8475 0.85125 0.03125 0.085
0 0.32 0.82875 0.0425 0.13
0 0.8525 0.74375 0.045 0.08
0 0.795 0.74625 0.0425 0.07875
0 0.74125 0.7425 0.05 0.08125
0 0.69 0.75 0.03375 0.08
0 0.66125 0.74125 0.01375 0.0725
0 0.61875 0.77125 0.05875 0.0375
0 0.81125 0.43375 0.02375 0.06875
0 0.55875 0.84125 0.03625 0.03125
0 0.6225 0.7275 0.0575 0.03875
0 0.55625 0.72 0.06 0.04625
0 0.55625 0.76625 0.065 0.04375
0 0.29625 0.65125 0.0425 0.11375
0 0.34125 0.6525 0.0375 0.11625
0 0.38125 0.65375 0.0325 0.1175
0 0.4175 0.65125 0.02875 0.115
0 0.4525 0.65375 0.03125 0.11375
0 0.49125 0.6525 0.0325 0.12125
0 0.54 0.63125 0.02875 0.0825
0 0.56375 0.655 0.01125 0.045
0 0.5875 0.63125 0.0225 0.0875
0 0.5575 0.875 0.03 0.02875
0 0.595 0.87875 0.03375 0.03125
0 0.60125 0.84 0.035 0.0325
0 0.66875 0.85125 0.0625 0.08125
0 0.7375 0.84625 0.04375 0.07875
0 0.79 0.84625 0.045 0.08125
0 0.48875 0.83125 0.05 0.13625
0 0.42875 0.83 0.05125 0.14125
0 0.37125 0.8325 0.04875 0.1325
0 0.26 0.82875 0.0525 0.02875
0 0.755 0.43125 0.02 0.065
0 0.33875 0.22375 0.03125 0.095
0 0.69375 0.41625 0.0275 0.095
0 0.8475 0.535 0.03125 0.0975
0 0.81125 0.5275 0.03375 0.105
0 0.7725 0.52625 0.02875 0.10875
0 0.86875 0.31 0.0125 0.06625
0 0.845 0.3125 0.025 0.06875
0 0.815 0.30875 0.025 0.0675
0 0.785 0.3075 0.02625 0.07
0 0.75375 0.3075 0.025 0.06875
0 0.7275 0.30875 0.02125 0.0575
0 0.69875 0.3075 0.02375 0.0625
0 0.66375 0.29375 0.02125 0.085
0 0.6375 0.2925 0.0225 0.095
0 0.6075 0.29 0.02125 0.09
0 0.57875 0.29 0.01875 0.09375
0 0.54875 0.28625 0.02125 0.0925
0 0.1375 0.815 0.02375 0.1425
0 0.2425 0.885 0.04625 0.04125
0 0.45125 0.51625 0.025 0.1
0 0.42 0.515 0.02875 0.1025
0 0.3775 0.5125 0.0475 0.105
0 0.32375 0.5125 0.0475 0.10625
0 0.56 0.52875 0.01125 0.0825
0 0.54125 0.52375 0.015 0.09125
0 0.5825 0.53 0.02625 0.085
0 0.61 0.5325 0.02 0.0875
0 0.635 0.53 0.02125 0.085
0 0.67625 0.53 0.02625 0.095
0 0.70625 0.53125 0.0225 0.0925
0 0.73625 0.5275 0.03 0.10125
0 0.7675 0.63625 0.03375 0.095
0 0.72625 0.4175 0.025 0.0925
0 0.80375 0.64 0.0325 0.0875
0 0.86625 0.64 0.01625 0.0875
0 0.66125 0.4175 0.02 0.09
0 0.6325 0.4175 0.02625 0.09125
0 0.6075 0.41625 0.015 0.09375
0 0.58 0.4175 0.02 0.0925
0 0.5475 0.41125 0.02375 0.08875
0 0.515 0.3775 0.035 0.10625
0 0.835 0.14125 0.07125 0.04125
0 0.61875 0.6375 0.02 0.0825
0 0.6475 0.635 0.01 0.08
0 0.67125 0.6375 0.02125 0.08
0 0.59125 0.17625 0.035 0.06125
0 0.54375 0.17875 0.04 0.07
0 0.50125 0.225 0.0375 0.10125
0 0.45625 0.2225 0.0375 0.10125
0 0.83625 0.64125 0.0325 0.09
0 0.415 0.22 0.0325 0.1075
0 0.14625 0.20875 0.0325 0.10625
0 0.7325 0.635 0.02875 0.09
0 0.7 0.63625 0.01875 0.07875
0 0.44 0.3775 0.0375 0.09875
0 0.3925 0.36875 0.05 0.11375
0 0.34 0.3675 0.05125 0.1125
0 0.47875 0.3775 0.03 0.09625
0 0.1975 0.845 0.05 0.04125
0 0.22125 0.21125 0.03125 0.10375
0 0.26 0.22 0.03375 0.09125
0 0.2975 0.21875 0.03125 0.095
0 0.37625 0.2225 0.02875 0.095
0 0.18375 0.21125 0.035 0.1