0 0.4 0.59625 0.02 0.1
0 0.24375 0.47 0.0225 0.09625
0 0.2 0.4525 0.0175 0.08875
0 0.17625 0.46 0.02375 0.09
0 0.1475 0.47 0.0325 0.09875
0 0.8425 0.32125 0.03375 0.09375
0 0.78875 0.32 0.02125 0.09125
0 0.2825 0.4675 0.02375 0.08125
0 0.76625 0.3225 0.0225 0.0925
0 0.7025 0.32625 0.0175 0.10375
0 0.675 0.32125 0.015 0.09125
0 0.64625 0.325 0.03125 0.09375
0 0.61875 0.3325 0.01625 0.09125
0 0.58375 0.33375 0.0175 0.1075
0 0.53375 0.33125 0.02375 0.0925
0 0.73625 0.325 0.025 0.09375
0 0.50375 0.32875 0.01875 0.09375
0 0.33625 0.46375 0.02375 0.08375
0 0.39875 0.45875 0.01875 0.085
0 0.82375 0.44875 0.02125 0.09375
0 0.79875 0.45875 0.02125 0.10125
0 0.77625 0.46125 0.025 0.095
0 0.7425 0.45625 0.02125 0.0975
0 0.68125 0.4575 0.0275 0.07625
0 0.65125 0.46125 0.02 0.0875
0 0.37 0.4625 0.02625 0.09125
0 0.61875 0.4625 0.02 0.0825
0 0.56375 0.46 0.01875 0.08375
0 0.5425 0.46 0.0175 0.0825
0 0.52375 0.4875 0.01625 0.085
0 0.48875 0.46875 0.02 0.09125
0 0.4575 0.4625 0.025 0.08875
0 0.4325 0.4625 0.015 0.0925
0 0.58625 0.46625 0.02125 0.0875
0 0.85625 0.45375 0.02625 0.08625
0 0.47875 0.3225 0.02625 0.11375
0 0.44375 0.31875 0.0125 0.08875
0 0.58375 0.175 0.015 0.10625
0 0.52375 0.18125 0.02 0.1025
0 0.4925 0.17375 0.03 0.10125
0 0.47 0.17375 0.01625 0.10125
0 0.445 0.1775 0.02 0.12625
0 0.41625 0.1775 0.0225 0.10125
0 0.625 0.1875 0.02625 0.09875
0 0.38625 0.16625 0.025 0.105
0 0.3375 0.175 0.02375 0.1025
0 0.3025 0.1725 0.035 0.1075
0 0.2725 0.17 0.015 0.105
0 0.24 0.17 0.03 0.105
0 0.2 0.18125 0.02375 0.10125
0 0.16625 0.17 0.0225 0.1
0 0.3625 0.17 0.02125 0.1125
0 0.45375 0.3175 0.0075 0.08875
0 0.655 0.16625 0.0175 0.1075
0 0.71375 0.17125 0.02 0.1125
0 0.4225 0.32 0.01625 0.095
0 0.395 0.32 0.01625 0.09375
0 0.37 0.32375 0.01375 0.08875
0 0.3325 0.31875 0.02 0.08375
0 0.29875 0.32875 0.01875 0.09125
0 0.27125 0.3175 0.02625 0.1025
0 0.69375 0.16875 0.02 0.11625
0 0.2375 0.3175 0.0275 0.0975
0 0.1725 0.31625 0.025 0.1
0 0.13375 0.31375 0.0175 0.0975
0 0.85125 0.17 0.02375 0.1125
0 0.79625 0.17 0.02875 0.11375
0 0.7725 0.17125 0.015 0.10625
0 0.7525 0.17 0.02375 0.105
0 0.20875 0.31625 0.01875 0.1
0 0.1375 0.1725 0.025 0.10625
0 0.15 0.5925 0.03375 0.1025
0 0.21625 0.59375 0.0275 0.0875
0 0.70625 0.7525 0.01 0.07875
0 0.73625 0.73 0.02125 0.09
0 0.7725 0.73625 0.015 0.08
0 0.80375 0.72375 0.00875 0.08
0 0.8125 0.7275 0.00875 0.0775
0 0.8375 0.7275 0.01875 0.08875
0 0.69 0.755 0.0175 0.08625
0 0.8625 0.72625 0.025 0.08875
0 0.19375 0.84375 0.05625 0.0925
0 0.25 0.8425 0.05 0.08625
0 0.30125 0.84125 0.0475 0.08625
0 0.3575 0.855 0.0425 0.08125
0 0.41125 0.8425 0.05 0.09375
0 0.455 0.83625 0.035 0.09
0 0.14125 0.84125 0.03125 0.0875
0 0.49875 0.84 0.03875 0.105
0 0.675 0.7525 0.0125 0.0875
0 0.63 0.7375 0.0225 0.09125
0 0.1375 0.71875 0.025 0.095
0 0.1725 0.72 0.04125 0.09125
0 0.2425 0.72625 0.02625 0.10125
0 0.29375 0.7325 0.01375 0.08625
0 0.31 0.73125 0.015 0.09
0 0.3225 0.7325 0.00875 0.0925
0 0.64875 0.73625 0.015 0.09
0 0.33625 0.73625 0.015 0.09375
0 0.405 0.7425 0.02 0.095
0 0.46125 0.7175 0.03875 0.07375
0 0.56 0.75 0.015 0.0825
0 0.57875 0.75125 0.02 0.08125
0 0.5975 0.74875 0.01375 0.07875
0 0.615 0.735 0.01 0.09625
0 0.36125 0.72 0.02 0.0775
0 0.1875 0.5925 0.025 0.08875
0 0.53625 0.8425 0.0225 0.09125
0 0.57 0.85 0.01625 0.07875
0 0.60125 0.59 0.0225 0.08875
0 0.57375 0.6 0.02375 0.10125
0 0.53875 0.5925 0.02125 0.095
0 0.5125 0.58875 0.025 0.085
0 0.49125 0.59625 0.01625 0.095
0 0.4725 0.6 0.01625 0.085
0 0.62625 0.5925 0.03 0.095
0 0.44875 0.60125 0.02 0.09375
0 0.37375 0.59375 0.02625 0.0875
0 0.35 0.5925 0.0225 0.0925
0 0.32375 0.59375 0.025 0.09375
0 0.29625 0.595 0.0225 0.09
0 0.26875 0.59875 0.01875 0.09375
0 0.24375 0.58875 0.02 0.08375
0 0.425 0.60125 0.025 0.0925
0 0.555 0.8425 0.01375 0.09125
0 0.66 0.59875 0.02625 0.09375
0 0.72875 0.58625 0.02625 0.09
0 0.60375 0.85125 0.01625 0.0875
0 0.62125 0.8525 0.015 0.085
0 0.6375 0.8525 0.0175 0.08625
0 0.68 0.85 0.0375 0.08625
0 0.735 0.85 0.05 0.0875
0 0.77625 0.85625 0.01375 0.09625
0 0.6925 0.5875 0.03125 0.08875
0 0.79375 0.86125 0.02 0.085
0 0.8475 0.86 0.015 0.0825
0 0.86375 0.86 0.01625 0.0825
0 0.82875 0.58375 0.02 0.09
0 0.81 0.58625 0.01625 0.085
0 0.7875 0.58875 0.02625 0.09375
0 0.7575 0.5875 0.03125 0.095
0 0.81125 0.86125 0.01375 0.08625
0 0.8675 0.58625 0.01375 0.08125
0 0.85 0.58625 0.01875 0.0825