0 0.4475 0.045 0.0325 0.0775
0 0.27375 0.205 0.04625 0.09125
0 0.3225 0.53375 0.04 0.08375
0 0.36625 0.535 0.04 0.08375
0 0.40875 0.5325 0.04125 0.08375
0 0.4525 0.5325 0.03625 0.08375
0 0.48875 0.53375 0.03625 0.08375
0 0.53 0.53375 0.03625 0.08375
0 0.56625 0.535 0.03375 0.07875
0 0.51125 0.0425 0.0325 0.085
0 0.545 0.0425 0.0325 0.085
0 0.5775 0.0475 0.03125 0.07875
0 0.61125 0.0425 0.03375 0.085
0 0.66 0.04125 0.0625 0.0825
0 0.18 0.20375 0.0525 0.1
0 0.22875 0.205 0.0425 0.09625
0 0.32 0.205 0.0425 0.095
0 0.36625 0.20375 0.04625 0.10125
0 0.425 0.2025 0.0675 0.10625
0 0.245 0.52375 0.04 0.04
0 0.49125 0.21125 0.0625 0.0875
0 0.71375 0.32125 0.04625 0.08875
0 0.18375 0.65 0.04875 0.04625
0 0.78125 0.69 0.07625 0.06
0 0.84875 0.61375 0.0525 0.0625
0 0.78125 0.61125 0.0775 0.0625
0 0.72125 0.64 0.035 0.0625
0 0.685 0.64125 0.035 0.0625
0 0.6475 0.63875 0.035 0.0625
0 0.615 0.64375 0.02625 0.0625
0 0.58875 0.6425 0.025 0.0575
0 0.5575 0.63125 0.03625 0.08125
0 0.52 0.63125 0.03625 0.0825
0 0.4825 0.63125 0.03625 0.07875
0 0.4475 0.63125 0.02875 0.075
0 0.40875 0.6525 0.04625 0.03375
0 0.36125 0.655 0.04625 0.03375
0 0.315 0.65625 0.045 0.035
0 0.27125 0.6575 0.0425 0.03375
0 0.22875 0.64875 0.04125 0.04625
0 0.17375 0.53625 0.065 0.075
0 0.84875 0.69125 0.0525 0.06
0 0.5575 0.19875 0.065 0.115
0 0.6525 0.20875 0.03625 0.09375
0 0.36 0.3125 0.04875 0.1
0 0.41125 0.3125 0.05125 0.1
0 0.4575 0.33125 0.0375 0.06625
0 0.4575 0.28 0.0375 0.03375
0 0.5 0.33125 0.0425 0.0725
0 0.54 0.32875 0.03875 0.0725
0 0.58125 0.3275 0.04 0.08125
0 0.6225 0.31625 0.0425 0.09875
0 0.58625 0.42875 0.05875 0.105
0 0.52375 0.4275 0.06375 0.11375
0 0.46625 0.44 0.045 0.09
0 0.415 0.4275 0.0525 0.10625
0 0.36625 0.44 0.04625 0.09125
0 0.3125 0.4275 0.06 0.11
0 0.2625 0.4375 0.03875 0.09125
0 0.82625 0.32625 0.085 0.07625
0 0.76125 0.3175 0.045 0.09625
0 0.31125 0.33 0.04625 0.07125
0 0.6125 0.2125 0.0425 0.0875
0 0.2575 0.3175 0.055 0.1025
0 0.15125 0.4425 0.0325 0.08375
0 0.60375 0.535 0.035 0.07875
0 0.6425 0.54 0.04 0.07
0 0.6925 0.21 0.04 0.09375
0 0.6825 0.53875 0.04 0.07
0 0.7225 0.5375 0.04 0.07
0 0.79375 0.52875 0.07625 0.0675
0 0.79375 0.43625 0.0875 0.07375
0 0.70875 0.4275 0.06125 0.105
0 0.64625 0.4275 0.05875 0.105
0 0.73375 0.20875 0.0425 0.09625
0 0.79125 0.21375 0.06875 0.075
0 0.85 0.21625 0.04875 0.0675
0 0.1975 0.295 0.06 0.0625
0 0.19375 0.34375 0.05375 0.03
0 0.19625 0.38375 0.0525 0.03375
0 0.195 0.4175 0.0525 0.0325
0 0.19875 0.45375 0.04625 0.0375
0 0.145 0.31375 0.03875 0.09875
0 0.16125 0.73375 0.03375 0.085
0 0.25625 0.56125 0.04375 0.03125
0 0.455 0.73 0.04 0.0875
0 0.1525 0.8525 0.055 0.08625
0 0.84375 0.7625 0.0625 0.06
0 0.77375 0.76375 0.07625 0.06125
0 0.71375 0.74 0.0375 0.07375
0 0.6775 0.73875 0.03875 0.07625
0 0.64 0.73875 0.03625 0.07375
0 0.22 0.8325 0.04 0.07375
0 0.60125 0.74125 0.035 0.07625
0 0.5325 0.73125 0.03375 0.09
0 0.495 0.73 0.0375 0.08875
0 0.20875 0.7425 0.03125 0.07375
0 0.4125 0.7325 0.04375 0.08625
0 0.36375 0.73875 0.03375 0.07875
0 0.33125 0.73875 0.0275 0.07875
0 0.5675 0.73875 0.03375 0.07625
0 0.3025 0.73875 0.0275 0.07875
0 0.26625 0.8525 0.0525 0.08375
0 0.375 0.85125 0.0525 0.08375
0 0.4125 0.0525 0.03875 0.0675
0 0.47875 0.045 0.03 0.0775
0 0.85125 0.8875 0.0475 0.06375
0 0.7875 0.88625 0.07625 0.06375
0 0.7125 0.8425 0.0325 0.10375
0 0.67875 0.85 0.03125 0.10125
0 0.32125 0.85125 0.0525 0.08375
0 0.64375 0.8475 0.0325 0.10375
0 0.58125 0.84625 0.0325 0.09875
0 0.54875 0.8475 0.03125 0.09875
0 0.515 0.8475 0.03125 0.09875
0 0.48375 0.84625 0.03125 0.09875
0 0.45125 0.845 0.03125 0.09875
0 0.4175 0.84625 0.03125 0.09875
0 0.6125 0.845 0.0325 0.09875
0 0.2725 0.73875 0.03 0.07875
0 0.66625 0.32 0.04125 0.0875
0 0.37875 0.0425 0.02875 0.08375
0 0.35125 0.05625 0.02625 0.05625
0 0.32125 0.04125 0.02875 0.0825
0 0.2925 0.04125 0.02875 0.0825
0 0.24625 0.04125 0.06 0.08125
0 0.14625 0.04125 0.04125 0.0825
0 0.1925 0.0425 0.0475 0.08375
0 0.24 0.74 0.03125 0.075