0 0.675 0.6575 0.04125 0.04125
0 0.80125 0.6075 0.01875 0.0925
0 0.625 0.68 0.025 0.04375
0 0.59625 0.66625 0.02 0.03875
0 0.57375 0.65625 0.01625 0.035
0 0.575 0.6175 0.02625 0.03875
0 0.8525 0.62125 0.02625 0.10625
0 0.825 0.61125 0.02625 0.08875
0 0.6975 0.57875 0.01375 0.085
0 0.75875 0.59375 0.0175 0.08625
0 0.73875 0.58875 0.01625 0.08125
0 0.7175 0.585 0.0225 0.07375
0 0.68 0.5725 0.01875 0.07375
0 0.66375 0.5725 0.0125 0.075
0 0.64875 0.5675 0.01375 0.06625
0 0.63375 0.5625 0.0125 0.0725
0 0.62 0.55875 0.01 0.07
0 0.65625 0.6975 0.02625 0.03625
0 0.77875 0.5975 0.01875 0.0825
0 0.68875 0.7075 0.0325 0.04375
0 0.62 0.76875 0.03125 0.0325
0 0.79375 0.745 0.0425 0.0625
0 0.60625 0.555 0.015 0.06875
0 0.78875 0.985 0.03375 0.02875
0 0.795 0.93375 0.04375 0.06125
0 0.7475 0.94875 0.0275 0.0425
0 0.71125 0.9225 0.03125 0.04
0 0.75 0.905 0.0325 0.04375
0 0.71125 0.875 0.0325 0.0475
0 0.7525 0.85375 0.04625 0.0525
0 0.6725 0.89375 0.03125 0.05
0 0.73 0.72625 0.0375 0.0525
0 0.61625 0.84125 0.0275 0.03625
0 0.61625 0.73 0.0225 0.0375
0 0.58625 0.82625 0.0175 0.0325
0 0.59 0.79125 0.02125 0.0325
0 0.59 0.7525 0.0175 0.03625
0 0.56375 0.81375 0.0175 0.03875
0 0.565 0.775 0.01875 0.03125
0 0.56625 0.7425 0.015 0.0325
0 0.56875 0.7075 0.01875 0.03375
0 0.85625 0.74125 0.03625 0.06375
0 0.61625 0.80375 0.025 0.02875
0 0.5875 0.55 0.015 0.07
0 0.79125 0.445 0.0375 0.13625
0 0.56 0.5475 0.00875 0.065
0 0.5725 0.5475 0.0125 0.065
0 0.51375 0.3275 0.0225 0.08375
0 0.53625 0.32625 0.015 0.08625
0 0.57625 0.31875 0.03125 0.0925
0 0.65375 0.31125 0.02125 0.10375
0 0.68 0.30625 0.02375 0.1075
0 0.7075 0.30125 0.02875 0.115
0 0.73875 0.29625 0.02625 0.11875
0 0.775 0.2925 0.03875 0.1225
0 0.5525 0.3225 0.01375 0.09125
0 0.81375 0.29 0.03375 0.1225
0 0.60875 0.32 0.0275 0.0925
0 0.565 0.4375 0.0175 0.09
0 0.59125 0.43625 0.03 0.1
0 0.68625 0.4425 0.02875 0.12
0 0.7175 0.44125 0.0275 0.1225
0 0.75125 0.445 0.03375 0.1325
0 0.8525 0.28375 0.04 0.13125
0 0.8625 0.4525 0.02375 0.13875