0 0.5275 0.6475 0.0275 0.1
0 0.555 0.64125 0.02375 0.10125
0 0.58375 0.635 0.02625 0.1
0 0.6125 0.63 0.02875 0.1
0 0.6425 0.62375 0.025 0.09625
0 0.67 0.6175 0.025 0.0925
0 0.7 0.6125 0.02625 0.09
0 0.495 0.6525 0.03375 0.10375
0 0.39125 0.675 0.03375 0.11
0 0.425 0.66625 0.03125 0.1025
0 0.28 0.6975 0.035 0.11375
0 0.3025 0.245 0.0425 0.14
0 0.25625 0.245 0.0425 0.14125
0 0.2125 0.25375 0.04125 0.125
0 0.16625 0.25375 0.04875 0.1275
0 0.8625 0.11625 0.0175 0.10875
0 0.845 0.115 0.01125 0.11125
0 0.83 0.115 0.015 0.10625
0 0.81625 0.11875 0.01125 0.09875
0 0.7975 0.11 0.02125 0.11
0 0.7775 0.0975 0.02 0.13625
0 0.75625 0.105 0.01875 0.1125
0 0.31875 0.6925 0.03625 0.115
0 0.35625 0.68375 0.03375 0.11
0 0.725 0.61375 0.01875 0.08
0 0.46 0.66 0.03 0.105
0 0.7475 0.61 0.01625 0.0775
0 0.82375 0.5925 0.02375 0.08125
0 0.78625 0.60125 0.01625 0.0775
0 0.69375 0.725 0.02375 0.08
0 0.7175 0.7225 0.0175 0.0725
0 0.73875 0.71625 0.0175 0.08
0 0.73375 0.09125 0.0225 0.14
0 0.71125 0.1025 0.01625 0.115
0 0.6925 0.1 0.015 0.12125
0 0.6675 0.0875 0.03125 0.14625
0 0.635 0.09375 0.02625 0.125
0 0.60625 0.09 0.02625 0.12625
0 0.5825 0.10625 0.01625 0.09625
0 0.55625 0.07625 0.0275 0.1525
0 0.525 0.085 0.03 0.135
0 0.49875 0.0925 0.02125 0.1175
0 0.465 0.0975 0.03375 0.10625
0 0.7575 0.70875 0.01625 0.07125
0 0.6675 0.72875 0.0225 0.0875
0 0.76625 0.60625 0.0175 0.0725
0 0.63875 0.7375 0.03 0.08875
0 0.585 0.755 0.02125 0.08875
0 0.8025 0.59625 0.015 0.075
0 0.2425 0.7075 0.0375 0.1225
0 0.8475 0.5875 0.0225 0.08125
0 0.8675 0.5825 0.01375 0.07625
0 0.15375 0.86875 0.04125 0.0975
0 0.1925 0.86125 0.03125 0.10625
0 0.23375 0.85125 0.03625 0.09875
0 0.27625 0.83375 0.04125 0.1175
0 0.31625 0.8225 0.03625 0.10875
0 0.35125 0.81625 0.03125 0.115
0 0.3875 0.805 0.035 0.1
0 0.4225 0.7975 0.0325 0.1025
0 0.4575 0.78625 0.035 0.105
0 0.53 0.7925 0.0275 0.04375
0 0.56 0.76125 0.02375 0.09
0 0.61 0.7475 0.02375 0.09125
0 0.20375 0.7175 0.0375 0.11625
0 0.69 0.50375 0.03625 0.10125
0 0.8575 0.48125 0.02 0.085
0 0.51125 0.39625 0.04375 0.1125
0 0.46875 0.39875 0.04125 0.115
0 0.42875 0.40875 0.03125 0.11125
0 0.39625 0.41 0.0275 0.10625
0 0.3625 0.42625 0.02875 0.08625
0 0.325 0.40875 0.0425 0.12875
0 0.28125 0.4125 0.04 0.13125
0 0.23875 0.42125 0.04125 0.115
0 0.19375 0.42625 0.04 0.1225
0 0.1475 0.42875 0.0425 0.1225
0 0.86875 0.2525 0.0125 0.0875
0 0.85 0.25375 0.02125 0.0875
0 0.8275 0.25375 0.01875 0.09
0 0.8025 0.25375 0.02375 0.09375
0 0.55 0.3925 0.0225 0.1125
0 0.7775 0.255 0.01875 0.08875
0 0.73 0.25625 0.02625 0.09375
0 0.7025 0.2525 0.02625 0.0975
0 0.6775 0.24875 0.02 0.11
0 0.65125 0.25125 0.0225 0.1075
0 0.6275 0.24875 0.02125 0.115
0 0.605 0.2525 0.0175 0.11
0 0.585 0.26 0.01875 0.095
0 0.5625 0.255 0.02375 0.1075
0 0.53875 0.2525 0.02125 0.11625
0 0.50375 0.25 0.04375 0.12375
0 0.455 0.24875 0.0475 0.125
0 0.4125 0.25375 0.02875 0.11875
0 0.3775 0.255 0.03625 0.1175
0 0.33875 0.26125 0.02625 0.1075
0 0.75375 0.255 0.0175 0.09625
0 0.15875 0.725 0.045 0.11625
0 0.58375 0.39 0.03 0.1125
0 0.63625 0.4025 0.01 0.06875
0 0.835 0.48375 0.01875 0.08
0 0.8125 0.49125 0.0225 0.08625
0 0.79 0.49375 0.01625 0.08125
0 0.725 0.50125 0.025 0.1
0 0.77875 0.705 0.0175 0.075
0 0.66 0.50625 0.0225 0.0975
0 0.6325 0.51 0.02625 0.09875
0 0.6025 0.51375 0.0275 0.1025
0 0.57375 0.51875 0.025 0.105
0 0.54 0.525 0.0375 0.1075
0 0.5 0.53 0.04 0.10875
0 0.465 0.54125 0.025 0.0975
0 0.4325 0.545 0.0325 0.10125
0 0.39875 0.55 0.025 0.10625
0 0.615 0.39 0.02875 0.11
0 0.37375 0.56625 0.0225 0.07875
0 0.2975 0.555 0.04125 0.1225
0 0.255 0.57125 0.03375 0.11375
0 0.21625 0.5775 0.035 0.105
0 0.17875 0.58375 0.03625 0.11375
0 0.14125 0.5875 0.0325 0.1125
0 0.855 0.375 0.0225 0.0875
0 0.8325 0.375 0.02 0.08625
0 0.81 0.37875 0.02375 0.08875
0 0.7875 0.37875 0.02 0.09
0 0.76125 0.38125 0.025 0.09375
0 0.73625 0.38 0.02 0.09875
0 0.71 0.3825 0.03 0.10125
0 0.685 0.3825 0.02 0.1025
0 0.6575 0.385 0.0275 0.1025
0 0.33875 0.55375 0.03625 0.12375
0 0.8 0.6975 0.01875 0.08375
0 0.495 0.77375 0.03375 0.095
0 0.84125 0.6875 0.01875 0.075
0 0.31875 0.0775 0.025 0.1275
0 0.4175 0.075 0.02625 0.14125
0 0.29 0.06875 0.025 0.13625
0 0.35 0.0725 0.03125 0.14125
0 0.23 0.07125 0.0325 0.1325
0 0.26125 0.06875 0.03 0.1375
0 0.1875 0.0675 0.03625 0.12875
0 0.14625 0.06625 0.04125 0.12875
0 0.86125 0.68125 0.0225 0.07375
0 0.82125 0.695 0.01875 0.08
0 0.385 0.075 0.035 0.1425