0 0.85375 0.8225 0.04 0.1175
0 0.805 0.82125 0.04 0.11875
0 0.75 0.82375 0.045 0.105
0 0.70125 0.8375 0.04 0.09875
0 0.655 0.83 0.0375 0.09875
0 0.615 0.8325 0.03875 0.09375
0 0.485 0.84 0.02625 0.07375
0 0.54 0.8325 0.02375 0.09125
0 0.51375 0.83375 0.025 0.08875
0 0.24375 0.7175 0.03 0.04125
0 0.45375 0.83875 0.025 0.07375
0 0.42625 0.83 0.02375 0.09125
0 0.39875 0.82875 0.02375 0.09375
0 0.37 0.825 0.025 0.09875
0 0.57375 0.83 0.03625 0.095
0 0.27875 0.72 0.02 0.01875
0 0.3925 0.71625 0.01875 0.035
0 0.34875 0.72375 0.01625 0.04
0 0.53 0.4075 0.03875 0.08875
0 0.5725 0.4125 0.0375 0.0775
0 0.615 0.40875 0.03875 0.08125
0 0.71375 0.72125 0.01875 0.035
0 0.69125 0.7225 0.01625 0.0375
0 0.555 0.715 0.015 0.03625
0 0.31625 0.7175 0.02125 0.03
0 0.58375 0.69625 0.0225 0.03125
0 0.50625 0.725 0.02125 0.04625
0 0.47375 0.72625 0.01625 0.04125
0 0.41375 0.7025 0.015 0.03625
0 0.455 0.72375 0.015 0.04
0 0.34375 0.81875 0.0225 0.1
0 0.36875 0.72375 0.01875 0.0375
0 0.53625 0.72625 0.0175 0.04125
0 0.32125 0.82375 0.01875 0.08625
0 0.24875 0.82375 0.02125 0.08625
0 0.2725 0.82375 0.02125 0.08875
0 0.63375 0.52625 0.03875 0.0875
0 0.59 0.525 0.03125 0.08625
0 0.5475 0.52625 0.03625 0.08625
0 0.49375 0.53125 0.05375 0.0775
0 0.4425 0.52 0.035 0.08
0 0.4 0.51625 0.0325 0.06
0 0.67625 0.5275 0.045 0.08625
0 0.34375 0.51375 0.04125 0.075
0 0.23875 0.52 0.04375 0.065
0 0.85375 0.38375 0.04125 0.08625
0 0.795 0.41 0.04875 0.075
0 0.65625 0.41 0.03625 0.08
0 0.7025 0.4125 0.03875 0.07625
0 0.745 0.41375 0.03625 0.08
0 0.2875 0.52375 0.03125 0.07125
0 0.73375 0.52125 0.0375 0.09
0 0.77375 0.52375 0.035 0.0925
0 0.825 0.55375 0.0475 0.06125
0 0.19 0.1275 0.02375 0.1025
0 0.19875 0.77875 0.03375 0.10375
0 0.15375 0.725 0.045 0.125
0 0.8475 0.72375 0.0375 0.0725
0 0.84125 0.6475 0.025 0.0725
0 0.70625 0.615 0.02375 0.04875
0 0.67875 0.61625 0.02625 0.0475
0 0.645 0.6225 0.0375 0.04875
0 0.5975 0.61875 0.04 0.05125
0 0.54875 0.6275 0.04375 0.04125
0 0.49375 0.6325 0.03875 0.0475
0 0.4525 0.61875 0.04125 0.06
0 0.40125 0.6225 0.04375 0.065
0 0.35 0.62375 0.0425 0.06875
0 0.84375 0.4925 0.04 0.04875
0 0.2975 0.83 0.02375 0.0875
0 0.235 0.11875 0.02625 0.10875
0 0.66875 0.14 0.03625 0.0625
0 0.31125 0.13 0.03625 0.09
0 0.71 0.13875 0.0375 0.05875
0 0.6675 0.26625 0.0475 0.06875
0 0.6125 0.27625 0.04125 0.085
0 0.57125 0.2775 0.03625 0.08375
0 0.53 0.27375 0.03125 0.07875
0 0.3725 0.27625 0.03625 0.08125
0 0.33625 0.27875 0.03125 0.08
0 0.3 0.2775 0.03375 0.08125
0 0.7525 0.1375 0.0375 0.06125
0 0.265 0.27875 0.0275 0.07875
0 0.2275 0.28 0.0375 0.08
0 0.79125 0.13625 0.03375 0.04875
0 0.185 0.28125 0.0375 0.08125
0 0.84 0.1375 0.03875 0.05875
0 0.27125 0.13125 0.035 0.09125
0 0.48625 0.4 0.0325 0.0775
0 0.6275 0.1225 0.03625 0.0925
0 0.4975 0.27375 0.02875 0.08
0 0.54625 0.125 0.04125 0.09375
0 0.86 0.24875 0.0275 0.085
0 0.5875 0.125 0.03625 0.09375
0 0.315 0.40625 0.04375 0.08625
0 0.405 0.4125 0.03875 0.07875
0 0.4425 0.4125 0.0325 0.07625
0 0.80875 0.26625 0.035 0.095
0 0.24 0.3975 0.075 0.10375
0 0.35125 0.13 0.0375 0.09125
0 0.765 0.265 0.03875 0.09625
0 0.40125 0.1375 0.03625 0.07125
0 0.4375 0.13625 0.02625 0.07375
0 0.46875 0.1325 0.02875 0.0825
0 0.50375 0.13 0.035 0.08125