0 0.155 0.73 0.04875 0.02125
0 0.155 0.7075 0.045 0.0225
0 0.435 0.81125 0.075 0.11375
0 0.15875 0.75 0.04875 0.01625
0 0.52625 0.8 0.025 0.1
0 0.58375 0.7475 0.015 0.02875
0 0.56375 0.74375 0.00875 0.0275
0 0.56125 0.80625 0.03625 0.0875
0 0.16 0.77375 0.0475 0.02125
0 0.14125 0.07 0.015 0.11625
0 0.2175 0.7475 0.06 0.02
0 0.21875 0.76875 0.06 0.01875
0 0.22 0.795 0.04875 0.02875
0 0.28 0.70875 0.0725 0.02375
0 0.28375 0.735 0.06875 0.02
0 0.28 0.75875 0.06125 0.02125
0 0.28 0.7825 0.06125 0.01875
0 0.28125 0.81625 0.0625 0.04375
0 0.35125 0.765 0.07 0.03125
0 0.35125 0.79625 0.06625 0.025
0 0.3525 0.83375 0.0725 0.0475
0 0.84 0.13 0.06875 0.11
0 0.54875 0.74 0.01125 0.0275
0 0.21375 0.72625 0.065 0.0225
0 0.53375 0.7325 0.00875 0.0275
0 0.6175 0.93125 0.01875 0.045
0 0.64 0.935 0.01875 0.04375
0 0.22 0.17875 0.04 0.10875
0 0.165 0.225 0.04625 0.0675
0 0.18375 0.36625 0.0475 0.04625
0 0.25 0.36625 0.035 0.04375
0 0.2775 0.3675 0.02125 0.03875
0 0.30625 0.36875 0.03 0.0425
0 0.34 0.37 0.03625 0.045
0 0.375 0.3725 0.03 0.045
0 0.40625 0.375 0.03125 0.0475
0 0.44375 0.37625 0.03375 0.04375
0 0.4825 0.38125 0.03625 0.04875
0 0.5225 0.38125 0.04125 0.04625
0 0.56625 0.385 0.0375 0.0475
0 0.305 0.235 0.0225 0.0325
0 0.605 0.38625 0.03625 0.04375
0 0.655 0.4025 0.0475 0.055
0 0.71125 0.39875 0.0325 0.06
0 0.755 0.38375 0.04125 0.1
0 0.80125 0.3875 0.045 0.1025
0 0.845 0.40625 0.0275 0.0675
0 0.86875 0.4125 0.0125 0.06125
0 0.86 0.58125 0.02875 0.06875
0 0.8275 0.57625 0.02875 0.0675
0 0.7925 0.555 0.03375 0.10125
0 0.75125 0.55875 0.02125 0.0675
0 0.68625 0.54 0.0825 0.0975
0 0.6075 0.52625 0.06 0.02125
0 0.61125 0.55125 0.05625 0.02375
0 0.665 0.34125 0.05625 0.065
0 0.29 0.19875 0.0325 0.03625
0 0.36625 0.2425 0.03125 0.0425
0 0.33 0.24125 0.0225 0.03375
0 0.18375 0.06375 0.02125 0.11875
0 0.20875 0.05625 0.02125 0.1075
0 0.23875 0.0575 0.01875 0.1075
0 0.265 0.0575 0.02875 0.10875
0 0.29875 0.055 0.03125 0.10375
0 0.3375 0.055 0.0375 0.10125
0 0.385 0.07875 0.0325 0.02875
0 0.41875 0.04625 0.0275 0.0875
0 0.45625 0.04875 0.0225 0.075
0 0.485 0.0475 0.025 0.07625
0 0.54625 0.03875 0.0825 0.06625
0 0.6125 0.0375 0.03 0.05
0 0.67 0.0325 0.075 0.05125
0 0.62 0.20375 0.09 0.095
0 0.7175 0.19625 0.10625 0.10375
0 0.79125 0.22125 0.03375 0.0575
0 0.8325 0.22125 0.04125 0.05375
0 0.86625 0.22375 0.01625 0.04625
0 0.55 0.1875 0.04 0.045
0 0.5475 0.2325 0.03125 0.045
0 0.50625 0.23375 0.0325 0.04375
0 0.48625 0.195 0.02875 0.02625
0 0.47375 0.23625 0.0275 0.04125
0 0.41375 0.2 0.045 0.0325
0 0.43 0.23625 0.02625 0.035
0 0.3975 0.2375 0.03125 0.0375
0 0.36375 0.17125 0.04125 0.03125
0 0.32875 0.2025 0.02625 0.035
0 0.36125 0.20375 0.035 0.03125
0 0.6125 0.5725 0.0475 0.0175
0 0.52 0.72875 0.015 0.025
0 0.5075 0.49 0.07 0.02625
0 0.4975 0.5125 0.045 0.015
0 0.41375 0.57 0.0225 0.0225
0 0.4625 0.58375 0.0175 0.025
0 0.4875 0.58625 0.0225 0.02625
0 0.4775 0.64 0.02125 0.07
0 0.505 0.64 0.02625 0.06375
0 0.5325 0.605 0.02125 0.02625
0 0.5575 0.6075 0.0225 0.03125
0 0.53375 0.63125 0.0175 0.01875
0 0.555 0.6325 0.0175 0.02
0 0.53375 0.6625 0.0175 0.035
0 0.64125 0.68 0.055 0.09375
0 0.68875 0.6925 0.0325 0.05625
0 0.7225 0.69875 0.035 0.06375
0 0.39 0.56875 0.0175 0.02125
0 0.84125 0.6725 0.06625 0.05375
0 0.7425 0.77875 0.09625 0.04375
0 0.7425 0.815 0.09125 0.03125
0 0.74375 0.84875 0.08625 0.035
0 0.7225 0.94 0.11125 0.10375
0 0.81875 0.9 0.0375 0.0575
0 0.85875 0.91 0.0325 0.06625
0 0.8125 0.9575 0.03125 0.04875
0 0.85625 0.9725 0.03625 0.05375
0 0.64 0.8025 0.08625 0.11
0 0.5625 0.91125 0.01625 0.05875
0 0.58125 0.9175 0.01375 0.04625
0 0.59875 0.92375 0.015 0.04625
0 0.16125 0.06625 0.01875 0.11875
0 0.845 0.72875 0.06 0.04875
0 0.425 0.635 0.04875 0.08625
0 0.37375 0.62375 0.0425 0.085
0 0.3275 0.60375 0.04625 0.08875
0 0.54875 0.52 0.0525 0.02125
0 0.495 0.54 0.05 0.0325
0 0.55125 0.55 0.04875 0.03375
0 0.39125 0.4525 0.02 0.01625
0 0.4225 0.46375 0.035 0.0175
0 0.445 0.44 0.045 0.02375
0 0.3975 0.485 0.0425 0.02125
0 0.395 0.50875 0.04125 0.0225
0 0.39625 0.5325 0.0375 0.0225
0 0.445 0.5175 0.0475 0.0175
0 0.445 0.53875 0.0425 0.0225
0 0.35 0.4875 0.045 0.02
0 0.35125 0.50625 0.04375 0.01375
0 0.35125 0.52375 0.0375 0.01875
0 0.30875 0.4925 0.035 0.02375
0 0.27 0.48125 0.035 0.01875
0 0.2725 0.50875 0.03375 0.01875
0 0.3125 0.51875 0.03 0.01875
0 0.22625 0.47875 0.0375 0.025
0 0.235 0.5075 0.03625 0.02375
0 0.18375 0.4725 0.02375 0.06625
0 0.16125 0.47125 0.02125 0.06
0 0.13875 0.46875 0.015 0.05875
0 0.20375 0.5425 0.05375 0.02625
0 0.17875 0.585 0.0275 0.0525
0 0.215 0.58875 0.035 0.0625
0 0.2575 0.58875 0.0375 0.08
0 0.2625 0.54125 0.03125 0.01125
0 0.2975 0.59375 0.01875 0.075
0 0.5725 0.4975 0.05125 0.025
0 0.5525 0.6625 0.01375 0.03375
0 0.59 0.6625 0.045 0.0825