0 0.41375 0.50875 0.02 0.0725
0 0.7075 0.71375 0.035 0.02
0 0.57 0.40125 0.015 0.07625
0 0.55 0.40125 0.01875 0.07375
0 0.515 0.39875 0.04375 0.07875
0 0.4725 0.40375 0.03125 0.07
0 0.43125 0.3975 0.02125 0.0775
0 0.4 0.39875 0.02875 0.085
0 0.5875 0.40375 0.01375 0.065
0 0.365 0.39625 0.02875 0.0825
0 0.305 0.395 0.025 0.07625
0 0.26625 0.40625 0.02625 0.0525
0 0.23875 0.40625 0.02125 0.0525
0 0.2325 0.33625 0.02625 0.01875
0 0.23375 0.3125 0.025 0.02125
0 0.29375 0.3 0.02 0.02
0 0.335 0.4 0.025 0.07125
0 0.6075 0.405 0.015 0.06375
0 0.62625 0.40375 0.01625 0.06625
0 0.645 0.41 0.01875 0.05625
0 0.50125 0.51125 0.01375 0.06375
0 0.72375 0.47125 0.0325 0.03875
0 0.76 0.51875 0.01625 0.05125
0 0.73625 0.5175 0.01875 0.0525
0 0.70875 0.52 0.0125 0.04625
0 0.69125 0.51875 0.01375 0.05
0 0.6725 0.51 0.01375 0.06875
0 0.64875 0.5075 0.025 0.07125
0 0.61875 0.5075 0.02625 0.07375
0 0.58875 0.515 0.02 0.06125
0 0.56875 0.50625 0.01375 0.08
0 0.55125 0.50625 0.01375 0.07875
0 0.74375 0.41875 0.02125 0.06375
0 0.695 0.40625 0.0275 0.0675
0 0.6675 0.4175 0.02 0.04
0 0.29375 0.3225 0.02125 0.02125
0 0.315 0.32375 0.01875 0.01875
0 0.31625 0.3 0.02 0.02625
0 0.335 0.325 0.01625 0.01625
0 0.50375 0.245 0.0175 0.05375
0 0.52125 0.24375 0.01625 0.0575
0 0.54 0.245 0.02 0.0575
0 0.58625 0.25 0.01875 0.045
0 0.61 0.24625 0.01625 0.055
0 0.6275 0.24625 0.015 0.05
0 0.64625 0.2475 0.015 0.05
0 0.66375 0.2475 0.0125 0.05125
0 0.68125 0.245 0.01875 0.0575
0 0.7 0.24875 0.015 0.0525
0 0.73125 0.25 0.0125 0.055
0 0.74875 0.25125 0.015 0.055
0 0.7675 0.2525 0.01375 0.0475
0 0.76875 0.3275 0.0125 0.065
0 0.74375 0.33125 0.0325 0.05875
0 0.48375 0.2475 0.0225 0.04625
0 0.4825 0.51125 0.02125 0.0625
0 0.455 0.24875 0.0175 0.0425
0 0.415 0.23875 0.0175 0.0525
0 0.35625 0.32375 0.01875 0.01875
0 0.3775 0.32375 0.01875 0.02
0 0.40375 0.33 0.02125 0.015
0 0.465 0.31625 0.02375 0.0475
0 0.52375 0.31625 0.025 0.04875
0 0.555 0.31625 0.02875 0.05
0 0.5875 0.31625 0.0275 0.04875
0 0.6225 0.3175 0.03375 0.0525
0 0.665 0.31875 0.03375 0.05
0 0.26 0.23625 0.02625 0.04375
0 0.29125 0.235 0.0225 0.05625
0 0.32875 0.23625 0.01875 0.05625
0 0.35 0.24 0.01875 0.04875
0 0.37375 0.2425 0.02 0.04625
0 0.39625 0.2425 0.01875 0.04625
0 0.43375 0.2425 0.015 0.05
0 0.45875 0.51125 0.02 0.07375
0 0.2625 0.32125 0.0275 0.05125
0 0.235 0.21875 0.02125 0.08
0 0.38625 0.7925 0.02125 0.0625
0 0.35875 0.795 0.02125 0.06
0 0.33125 0.7925 0.025 0.06625
0 0.30375 0.79125 0.0225 0.0725
0 0.23625 0.7925 0.0275 0.06875
0 0.265 0.7925 0.02625 0.06875
0 0.2775 0.74 0.03 0.015
0 0.335 0.745 0.03 0.01625
0 0.23875 0.6825 0.025 0.065
0 0.26875 0.68375 0.02875 0.065
0 0.305 0.6725 0.0225 0.07625
0 0.3325 0.67125 0.02375 0.075
0 0.36125 0.67125 0.025 0.08125
0 0.38875 0.67375 0.02 0.0775
0 0.41375 0.67375 0.02125 0.065
0 0.4125 0.78625 0.02625 0.07
0 0.44 0.67375 0.02125 0.0675
0 0.44125 0.785 0.025 0.06875
0 0.4675 0.7425 0.0225 0.01375
0 0.71 0.6925 0.03375 0.0175
0 0.435 0.50875 0.0175 0.0725
0 0.77375 0.7825 0.015 0.055
0 0.75125 0.7825 0.0175 0.06
0 0.72625 0.78375 0.0225 0.0575
0 0.69375 0.77625 0.03125 0.07125
0 0.66 0.77625 0.02625 0.07375
0 0.62 0.77875 0.01375 0.02375
0 0.5925 0.78 0.02 0.06875
0 0.565 0.7825 0.0275 0.06875
0 0.54 0.78125 0.01375 0.0725
0 0.52 0.78375 0.01875 0.0725
0 0.495 0.74 0.02875 0.0175
0 0.49625 0.785 0.02625 0.06875
0 0.4675 0.785 0.0225 0.06625
0 0.44 0.74375 0.02625 0.01125
0 0.465 0.67125 0.02 0.0725
0 0.71375 0.6475 0.0275 0.05625
0 0.5175 0.67125 0.0225 0.07375
0 0.37625 0.59125 0.03 0.035
0 0.3425 0.5925 0.0325 0.03375
0 0.3075 0.5925 0.03125 0.035
0 0.265 0.58 0.02625 0.03375
0 0.2325 0.57875 0.0275 0.03375
0 0.23375 0.5175 0.02625 0.025
0 0.235 0.4925 0.0275 0.025
0 0.26625 0.52 0.0225 0.025
0 0.26875 0.4925 0.0275 0.02625
0 0.30125 0.5075 0.01875 0.0675
0 0.325 0.50625 0.02 0.06875
0 0.3475 0.5075 0.0175 0.07125
0 0.36875 0.50625 0.02125 0.07
0 0.39125 0.50625 0.0175 0.06875
0 0.49125 0.67125 0.02 0.07625
0 0.40125 0.59875 0.015 0.02
0 0.4225 0.5975 0.01875 0.01875
0 0.71125 0.73375 0.03875 0.01
0 0.48 0.59375 0.02875 0.03
0 0.44875 0.5925 0.02875 0.0275
0 0.54375 0.67 0.02375 0.0775
0 0.6 0.675 0.02125 0.07125
0 0.5725 0.675 0.025 0.0675
0 0.63 0.67125 0.03 0.065
0 0.6825 0.67125 0.01875 0.05875
0 0.75625 0.685 0.02 0.06
0 0.65875 0.67125 0.02625 0.06375
0 0.7375 0.60625 0.02 0.0525
0 0.6875 0.5925 0.01625 0.02625
0 0.66625 0.5925 0.01875 0.025
0 0.64 0.59125 0.02 0.0275
0 0.6125 0.59125 0.0275 0.03
0 0.58125 0.59 0.0275 0.035
0 0.515 0.59 0.03375 0.04
0 0.7575 0.605 0.0175 0.05375