0 0.4375 0.3775 0.02625 0.14125
0 0.3525 0.38625 0.03375 0.1475
0 0.3025 0.3975 0.025 0.14875
0 0.25125 0.41 0.03125 0.13375
0 0.1775 0.05125 0.0775 0.10125
0 0.21125 0.40875 0.02625 0.155
0 0.175 0.40875 0.02875 0.16625
0 0.14375 0.24125 0.0325 0.115
0 0.1825 0.24 0.0325 0.12125
0 0.21875 0.24 0.035 0.1125
0 0.25875 0.2425 0.035 0.1125
0 0.45875 0.37875 0.0125 0.12875
0 0.49875 0.38 0.0225 0.1125
0 0.565 0.3875 0.02125 0.06375
0 0.535 0.38125 0.01125 0.09625
0 0.305 0.22625 0.03125 0.1375
0 0.61125 0.3675 0.01625 0.10625
0 0.6275 0.365 0.01 0.10375
0 0.6425 0.365 0.015 0.09625
0 0.665 0.36875 0.0225 0.08125
0 0.6875 0.3675 0.02125 0.08375
0 0.7125 0.3525 0.02375 0.1025
0 0.75 0.35625 0.0225 0.08875
0 0.77 0.3525 0.01375 0.0825
0 0.7825 0.35 0.00875 0.08
0 0.51875 0.37875 0.01375 0.1125
0 0.3875 0.225 0.03 0.1375
0 0.53625 0.22875 0.03375 0.125
0 0.37875 0.06125 0.04 0.1225
0 0.4175 0.06125 0.03625 0.11875
0 0.4875 0.0825 0.025 0.08875
0 0.54125 0.08 0.03125 0.11625
0 0.59 0.08625 0.02375 0.10625
0 0.5675 0.07625 0.01875 0.115
0 0.62125 0.08625 0.02875 0.11
0 0.6475 0.1 0.02 0.09875
0 0.67375 0.10875 0.02875 0.1
0 0.75625 0.11125 0.025 0.0975
0 0.775 0.11375 0.0125 0.0975
0 0.79625 0.115 0.025 0.1
0 0.8275 0.12 0.0275 0.09125
0 0.85125 0.125 0.01375 0.08625
0 0.86875 0.13125 0.0125 0.08375
0 0.8675 0.24375 0.015 0.0775
0 0.84875 0.245 0.015 0.0775
0 0.83 0.23625 0.0175 0.0875
0 0.81125 0.23875 0.0175 0.08625
0 0.795 0.24 0.0125 0.0875
0 0.78 0.23875 0.015 0.0875
0 0.7625 0.23625 0.01375 0.08875
0 0.74375 0.23375 0.02375 0.09875
0 0.715 0.2525 0.0225 0.0625
0 0.695 0.2525 0.01625 0.065
0 0.67625 0.2525 0.01875 0.065
0 0.6075 0.24625 0.02625 0.08375
0 0.57875 0.235 0.02375 0.11
0 0.4275 0.23125 0.02875 0.1225
0 0.25125 0.05 0.0675 0.1
0 0.81125 0.66125 0.0225 0.08125
0 0.35375 0.7325 0.025 0.12625
0 0.46375 0.66 0.025 0.0875
0 0.5025 0.6575 0.04375 0.1075
0 0.59375 0.63875 0.03 0.105
0 0.62 0.62625 0.02 0.09875
0 0.64125 0.6225 0.02125 0.09375
0 0.665 0.6075 0.02125 0.10375
0 0.70875 0.59375 0.02625 0.08
0 0.745 0.585 0.02 0.08
0 0.7625 0.575 0.01125 0.06875
0 0.78375 0.56625 0.0275 0.08375
0 0.82375 0.5475 0.03125 0.09
0 0.85 0.53875 0.02125 0.09
0 0.8675 0.52875 0.0125 0.09875
0 0.16625 0.94 0.05 0.11625
0 0.42875 0.67875 0.04 0.11
0 0.22375 0.93125 0.0525 0.12875
0 0.3325 0.9125 0.035 0.11875
0 0.3725 0.89875 0.0375 0.11
0 0.435 0.8475 0.03875 0.11875
0 0.47125 0.8325 0.02875 0.115
0 0.5075 0.82125 0.03125 0.11125
0 0.53125 0.79875 0.015 0.1
0 0.5625 0.79375 0.03125 0.09375
0 0.625 0.755 0.02875 0.1
0 0.6525 0.7425 0.02 0.09
0 0.67125 0.7 0.0125 0.05625
0 0.72625 0.69875 0.02125 0.0825
0 0.75 0.69 0.0225 0.0875
0 0.77125 0.68375 0.0125 0.07875
0 0.7875 0.675 0.01875 0.0825
0 0.2825 0.92625 0.05125 0.14
0 0.385 0.7125 0.02875 0.12125
0 0.8625 0.64125 0.0225 0.08625
0 0.32375 0.74125 0.02875 0.1225
0 0.805 0.34375 0.0175 0.09
0 0.82125 0.34125 0.01125 0.09
0 0.83125 0.34 0.01 0.08625
0 0.84625 0.3475 0.015 0.06875
0 0.8625 0.3375 0.01375 0.085
0 0.86625 0.44 0.015 0.085
0 0.84875 0.4425 0.01875 0.0875
0 0.83 0.4475 0.01875 0.095
0 0.8125 0.45375 0.015 0.08625
0 0.7925 0.46 0.0225 0.0925
0 0.7725 0.46875 0.01375 0.08125
0 0.7525 0.47625 0.025 0.08875
0 0.695 0.49125 0.025 0.075
0 0.66375 0.49625 0.0175 0.07875
0 0.64375 0.5025 0.01125 0.09125
0 0.62875 0.50375 0.01875 0.0975
0 0.6075 0.50625 0.0175 0.09375
0 0.28125 0.75375 0.04 0.15875
0 0.2225 0.775 0.05 0.16125
0 0.1625 0.7925 0.04625 0.1625
0 0.14375 0.6175 0.03625 0.1725
0 0.2025 0.5925 0.0625 0.16
0 0.25875 0.58375 0.0425 0.16125
0 0.83625 0.65375 0.0225 0.0875
0 0.325 0.56875 0.04625 0.1375
0 0.42375 0.5425 0.04125 0.13375
0 0.4675 0.53375 0.04125 0.11625
0 0.50625 0.535 0.03 0.105
0 0.53375 0.52875 0.02375 0.105
0 0.56125 0.51625 0.02375 0.10875
0 0.585 0.51125 0.02125 0.1
0 0.37125 0.55125 0.04625 0.13375