0 0.81375 0.855 0.01875 0.0875
0 0.16625 0.56625 0.01625 0.03
0 0.67625 0.655 0.03375 0.05625
0 0.64 0.65625 0.03375 0.05625
0 0.6075 0.66375 0.0175 0.03625
0 0.5875 0.665 0.01625 0.035
0 0.56875 0.6675 0.015 0.04
0 0.5475 0.66625 0.02375 0.03875
0 0.51125 0.67625 0.03375 0.06375
0 0.7175 0.655 0.03875 0.0625
0 0.475 0.6975 0.0375 0.10625
0 0.395 0.70375 0.03625 0.1
0 0.35375 0.6975 0.03375 0.1075
0 0.31125 0.7 0.03875 0.1075
0 0.24375 0.71 0.07875 0.09375
0 0.165 0.69875 0.0575 0.1075
0 0.8625 0.5875 0.025 0.025
0 0.75375 0.54125 0.0275 0.04125
0 0.43375 0.7 0.04125 0.11125
0 0.75 0.64625 0.0225 0.0525
0 0.8375 0.85 0.02375 0.09125
0 0.1475 0.515 0.04375 0.06125
0 0.1775 0.26375 0.05125 0.13
0 0.22875 0.26 0.04875 0.13875
0 0.2825 0.29875 0.04625 0.0625
0 0.32875 0.30375 0.0425 0.0525
0 0.37625 0.26625 0.04375 0.1325
0 0.4625 0.28875 0.04375 0.0875
0 0.5025 0.2825 0.0325 0.10625
0 0.53 0.3025 0.02125 0.07
0 0.5675 0.26125 0.0425 0.1
0 0.61125 0.26125 0.0425 0.09875
0 0.6475 0.27375 0.02875 0.065
0 0.68 0.27375 0.02875 0.065
0 0.70875 0.27625 0.02625 0.0625
0 0.73875 0.27875 0.02625 0.065
0 0.77375 0.2725 0.03875 0.075
0 0.82125 0.2725 0.05625 0.0675
0 0.1375 0.39375 0.02375 0.09875
0 0.79375 0.58125 0.035 0.03625
0 0.76 0.58625 0.0325 0.03125
0 0.72375 0.58375 0.0375 0.03625
0 0.67875 0.57375 0.04875 0.05375
0 0.43125 0.415 0.05375 0.13
0 0.4775 0.42375 0.03875 0.11
0 0.515 0.4475 0.035 0.07
0 0.5825 0.38375 0.0625 0.09
0 0.645 0.3975 0.0525 0.065
0 0.68875 0.39625 0.03375 0.065
0 0.7575 0.39625 0.0275 0.06
0 0.785 0.39625 0.0275 0.05875
0 0.75625 0.48625 0.03125 0.06125
0 0.72125 0.4825 0.03375 0.06625
0 0.68875 0.48375 0.03 0.06625
0 0.64875 0.49125 0.04375 0.05
0 0.815 0.395 0.03125 0.0625
0 0.84625 0.39625 0.0275 0.06375
0 0.8675 0.39375 0.015 0.0625
0 0.56625 0.48625 0.02875 0.0625
0 0.605 0.4825 0.0475 0.0675
0 0.38 0.415 0.0475 0.12875
0 0.83375 0.12625 0.05 0.12
0 0.33 0.42 0.0475 0.12125
0 0.24375 0.4125 0.03875 0.135
0 0.63 0.575 0.0475 0.055
0 0.575 0.57375 0.06 0.05625
0 0.52375 0.56875 0.0375 0.115
0 0.485 0.5675 0.03875 0.1175
0 0.44375 0.565 0.04 0.11875
0 0.385 0.64 0.01125 0.01375
0 0.4 0.57 0.045 0.11125
0 0.36125 0.56625 0.02625 0.115
0 0.32625 0.56625 0.0425 0.1175
0 0.28125 0.5675 0.04375 0.12
0 0.2375 0.5675 0.0425 0.12125
0 0.195 0.56875 0.04 0.11625
0 0.155 0.605 0.01875 0.04
0 0.1375 0.605 0.0175 0.04125
0 0.86 0.48375 0.02875 0.06125
0 0.82875 0.4875 0.0275 0.0575
0 0.18375 0.40875 0.06125 0.125
0 0.28375 0.4125 0.03125 0.12875
0 0.78875 0.12375 0.03625 0.12
0 0.42125 0.265 0.03875 0.135
0 0.70625 0.12125 0.03625 0.1175
0 0.5175 0.86125 0.025 0.09625
0 0.4875 0.8525 0.0325 0.1125
0 0.4525 0.8525 0.03375 0.1075
0 0.4075 0.8525 0.0525 0.10625
0 0.3475 0.85625 0.0525 0.10375
0 0.30375 0.8575 0.03375 0.09875
0 0.54375 0.8575 0.02625 0.09125
0 0.27125 0.86 0.02125 0.09625
0 0.2025 0.86375 0.0425 0.09875
0 0.16 0.84875 0.04 0.1275
0 0.85875 0.74375 0.02625 0.05625
0 0.83375 0.74375 0.02125 0.055
0 0.8075 0.755 0.03 0.0525
0 0.78 0.74125 0.0225 0.08375
0 0.24375 0.8525 0.03125 0.11125
0 0.75375 0.74 0.025 0.08125
0 0.7475 0.12125 0.04375 0.11625
0 0.7225 0.86 0.0225 0.0875
0 0.15375 0.105 0.03375 0.12625
0 0.18875 0.1075 0.03125 0.12
0 0.56875 0.85625 0.02375 0.095
0 0.59125 0.85625 0.02125 0.095
0 0.615 0.85875 0.0225 0.09
0 0.22875 0.1125 0.0425 0.1125
0 0.745 0.85875 0.02125 0.09
0 0.26 0.12125 0.0225 0.09
0 0.31375 0.15 0.0275 0.04125
0 0.3725 0.1525 0.03 0.03875
0 0.40125 0.12125 0.02375 0.10375
0 0.425 0.14375 0.0175 0.05625
0 0.6375 0.855 0.02 0.095
0 0.675 0.84375 0.0225 0.0875
0 0.28625 0.12375 0.02375 0.09125
0 0.7025 0.75125 0.025 0.07125
0 0.72875 0.7475 0.0225 0.06625
0 0.58625 0.73625 0.0225 0.06375
0 0.6475 0.7525 0.02875 0.06375
0 0.76625 0.84375 0.015 0.085
0 0.7925 0.855 0.02 0.09
0 0.65875 0.12375 0.055 0.11625
0 0.4575 0.12375 0.0475 0.1
0 0.50625 0.1175 0.04875 0.11375
0 0.67625 0.7525 0.02375 0.07
0 0.55625 0.11875 0.05125 0.1125
0 0.6075 0.12125 0.05 0.11875
0 0.61875 0.75 0.02625 0.0675
0 0.7975 0.64875 0.03 0.06
0 0.5625 0.7525 0.025 0.06375
0 0.8575 0.645 0.035 0.05375
0 0.82625 0.65125 0.025 0.055