0 0.43875 0.7275 0.02 0.08125
0 0.4625 0.72625 0.02 0.08125
0 0.26125 0.34875 0.02625 0.08375
0 0.18875 0.33625 0.0425 0.09125
0 0.23125 0.33375 0.02625 0.09375
0 0.47 0.15625 0.03875 0.09625
0 0.3525 0.725 0.02375 0.06875
0 0.43375 0.14125 0.0275 0.13125
0 0.40375 0.14 0.025 0.125
0 0.36875 0.14875 0.035 0.1075
0 0.32375 0.15125 0.0425 0.10625
0 0.25 0.1375 0.08625 0.155
0 0.50875 0.1475 0.03125 0.11
0 0.5425 0.14 0.03 0.11
0 0.575 0.145 0.03 0.10875
0 0.61125 0.15375 0.0375 0.1
0 0.6525 0.14875 0.035 0.09625
0 0.38125 0.72625 0.025 0.07625
0 0.695 0.1425 0.04125 0.09125
0 0.795 0.13125 0.035 0.11375
0 0.8325 0.1325 0.03375 0.11375
0 0.86375 0.13 0.02125 0.12
0 0.14625 0.3375 0.03875 0.08875
0 0.85875 0.61375 0.03125 0.075
0 0.8225 0.6175 0.035 0.06875
0 0.7875 0.61 0.02375 0.0825
0 0.72875 0.615 0.02375 0.08
0 0.17125 0.16125 0.05375 0.1025
0 0.32 0.72875 0.0275 0.0725
0 0.74625 0.14125 0.04125 0.10125
0 0.75875 0.6125 0.02625 0.08125
0 0.15875 0.4925 0.0525 0.09
0 0.2125 0.48375 0.0425 0.08375
0 0.185 0.71 0.04625 0.1
0 0.13625 0.71875 0.02125 0.08125
0 0.27 0.5875 0.02375 0.06375
0 0.225 0.595 0.0475 0.07625
0 0.1575 0.60875 0.0425 0.0725
0 0.24875 0.485 0.02 0.08375
0 0.8075 0.7125 0.0225 0.0775
0 0.78375 0.715 0.02125 0.07875
0 0.75875 0.7175 0.02375 0.07875
0 0.72875 0.7175 0.025 0.07625
0 0.7 0.72 0.02625 0.06625
0 0.665 0.735 0.0375 0.05625
0 0.62125 0.72 0.04 0.07625
0 0.54125 0.7225 0.0275 0.0775
0 0.5125 0.72875 0.0225 0.07125
0 0.48625 0.72625 0.02 0.08125
0 0.41375 0.48875 0.0275 0.0825
0 0.25 0.71125 0.03 0.07625
0 0.28375 0.71625 0.03 0.08
0 0.1575 0.87125 0.0425 0.07375
0 0.695 0.61 0.02625 0.0775
0 0.66625 0.6 0.02625 0.11625
0 0.64 0.61125 0.0225 0.095
0 0.61625 0.6125 0.01875 0.0975
0 0.58875 0.60625 0.03125 0.11375
0 0.5275 0.615 0.03 0.09375
0 0.49375 0.62 0.02625 0.0825
0 0.4575 0.6275 0.04125 0.07375
0 0.4225 0.63375 0.02 0.05875
0 0.44125 0.47 0.02125 0.095
0 0.38875 0.625 0.04125 0.0875
0 0.29875 0.62125 0.025 0.0975
0 0.28125 0.485 0.03125 0.08875
0 0.31375 0.48875 0.0275 0.09125
0 0.34875 0.485 0.02875 0.08125
0 0.37125 0.485 0.01125 0.07625
0 0.3875 0.49375 0.0175 0.07375
0 0.8625 0.71 0.02375 0.08125
0 0.835 0.71125 0.025 0.0775
0 0.325 0.62 0.02375 0.0975
0 0.47125 0.47875 0.02875 0.0975
0 0.57875 0.72125 0.04 0.07625
0 0.53125 0.4825 0.0275 0.09375
0 0.3125 0.33625 0.02 0.11
0 0.28875 0.33875 0.02375 0.10375
0 0.83875 0.8175 0.035 0.0875
0 0.50125 0.4825 0.025 0.0875
0 0.78625 0.855 0.025 0.07625
0 0.74375 0.84375 0.035 0.09125
0 0.7025 0.84 0.035 0.0975
0 0.6625 0.8375 0.03625 0.11
0 0.62125 0.84125 0.035 0.11625
0 0.57875 0.83 0.02625 0.0975
0 0.54375 0.8325 0.025 0.09625
0 0.50875 0.84625 0.03 0.1175
0 0.47375 0.84375 0.03125 0.1125
0 0.4325 0.85125 0.035 0.10375
0 0.38875 0.8375 0.03375 0.09125
0 0.35 0.84875 0.0325 0.11125
0 0.29875 0.875 0.0525 0.07875
0 0.2 0.88375 0.03625 0.06125
0 0.2475 0.87125 0.04 0.07125
0 0.34 0.33625 0.025 0.11
0 0.39125 0.33625 0.03125 0.10875
0 0.80875 0.82 0.0175 0.09125
0 0.47125 0.3175 0.05375 0.1775
0 0.56875 0.46375 0.0425 0.045
0 0.57 0.505 0.0425 0.03625
0 0.62125 0.48125 0.0525 0.0725
0 0.4225 0.33625 0.025 0.1125
0 0.735 0.46625 0.05375 0.1
0 0.77875 0.46875 0.025 0.09125
0 0.81 0.46625 0.02625 0.09125
0 0.84625 0.4575 0.04 0.1125
0 0.86 0.31875 0.03 0.10625
0 0.67875 0.48375 0.0525 0.07
0 0.72 0.35 0.095 0.0525
0 0.66375 0.33625 0.015 0.075
0 0.64375 0.3425 0.01875 0.0775
0 0.4125 0.72875 0.02375 0.08125
0 0.60875 0.34125 0.04625 0.0875
0 0.56125 0.31625 0.03625 0.14125
0 0.525 0.3275 0.03125 0.115
0 0.805 0.31875 0.065 0.10375