0 0.20375 0.61125 0.01875 0.0375
0 0.18875 0.61 0.01 0.03125
0 0.1775 0.60875 0.01125 0.03375
0 0.7875 0.60125 0.01625 0.08625
0 0.76 0.59875 0.03125 0.09125
0 0.52875 0.5675 0.02 0.07625
0 0.64875 0.58375 0.02125 0.08
0 0.675 0.58125 0.02625 0.085
0 0.575 0.56875 0.02 0.0825
0 0.18 0.64125 0.00875 0.02875
0 0.7025 0.5875 0.02625 0.09125
0 0.59875 0.575 0.02375 0.08
0 0.625 0.57875 0.02125 0.08
0 0.55125 0.56875 0.02375 0.08
0 0.73 0.595 0.0275 0.08375
0 0.4575 0.34875 0.02375 0.0875
0 0.22875 0.64375 0.0175 0.03625
0 0.31 0.675 0.015 0.035
0 0.325 0.67625 0.0125 0.03125
0 0.34 0.6825 0.015 0.0325
0 0.35625 0.68375 0.0125 0.0325
0 0.3725 0.68875 0.01875 0.03625
0 0.3925 0.69375 0.02 0.03625
0 0.48625 0.69125 0.0625 0.0925
0 0.55125 0.70625 0.065 0.0925
0 0.62125 0.72625 0.07 0.095
0 0.695 0.745 0.075 0.105
0 0.76375 0.755 0.05625 0.08875
0 0.35625 0.64375 0.01625 0.0425
0 0.5075 0.56625 0.02 0.07125
0 0.33875 0.64375 0.01375 0.0425
0 0.32375 0.6375 0.0125 0.04
0 0.3075 0.6325 0.01375 0.03375
0 0.295 0.6675 0.01125 0.03375
0 0.28125 0.6625 0.01375 0.0375
0 0.265 0.66125 0.01375 0.03875
0 0.20875 0.6475 0.0175 0.03125
0 0.4675 0.55875 0.055 0.07
0 0.41875 0.55375 0.04375 0.07625
0 0.3175 0.53875 0.05 0.0675
0 0.63125 0.22125 0.02125 0.0975
0 0.655 0.21625 0.02375 0.0975
0 0.68125 0.215 0.02875 0.09875
0 0.71125 0.2125 0.0275 0.1
0 0.74 0.2075 0.0275 0.11
0 0.77 0.20625 0.03125 0.10875
0 0.79875 0.2025 0.02625 0.11375
0 0.34375 0.36125 0.07125 0.0675
0 0.2375 0.36125 0.065 0.065
0 0.185 0.36 0.0375 0.06375
0 0.18125 0.275 0.065 0.06
0 0.42125 0.35625 0.04625 0.07125
0 0.2875 0.4625 0.0125 0.0375
0 0.2725 0.46125 0.015 0.03625
0 0.22625 0.43875 0.07 0.0675
0 0.1625 0.43625 0.05375 0.07
0 0.795 0.34 0.03 0.10625
0 0.76375 0.34125 0.02625 0.10375
0 0.73625 0.34125 0.025 0.105
0 0.7075 0.34375 0.03125 0.1025
0 0.68 0.34875 0.02375 0.085
0 0.655 0.3425 0.02375 0.0975
0 0.63 0.3425 0.0225 0.095
0 0.60625 0.34375 0.02125 0.0925
0 0.5825 0.3425 0.02125 0.09375
0 0.56 0.3475 0.025 0.08875
0 0.5375 0.35125 0.0175 0.07375
0 0.51375 0.34625 0.02875 0.08375
0 0.48 0.3475 0.0225 0.0875
0 0.60625 0.22375 0.02625 0.0925
0 0.5825 0.22625 0.02125 0.0925
0 0.56 0.23 0.02125 0.09875
0 0.535 0.2325 0.025 0.0925
0 0.27125 0.53875 0.0375 0.065
0 0.24625 0.54875 0.0075 0.0275
0 0.235 0.54625 0.0125 0.025
0 0.2225 0.54625 0.01 0.0275
0 0.21 0.545 0.01125 0.0275
0 0.20875 0.51125 0.01 0.035
0 0.225 0.51375 0.01875 0.03375
0 0.79375 0.47375 0.02125 0.09625
0 0.75625 0.4775 0.025 0.0925
0 0.72875 0.48625 0.02625 0.08375
0 0.70125 0.475 0.0225 0.09125
0 0.67625 0.4775 0.02375 0.0875
0 0.65125 0.475 0.0225 0.0925
0 0.625 0.47375 0.02625 0.08875
0 0.375 0.64625 0.0175 0.0475
0 0.6025 0.4725 0.0175 0.08875
0 0.5575 0.47375 0.0225 0.07375
0 0.535 0.4725 0.02 0.07125
0 0.51375 0.47 0.02 0.06625
0 0.495 0.47125 0.015 0.06875
0 0.4775 0.46375 0.015 0.08125
0 0.4575 0.47 0.02 0.07125
0 0.42125 0.4525 0.04875 0.0725
0 0.3725 0.45125 0.04625 0.0725
0 0.3175 0.4625 0.01875 0.03625
0 0.30125 0.46375 0.01375 0.0375
0 0.45125 0.23875 0.01625 0.09
0 0.47125 0.23625 0.02 0.0925
0 0.49125 0.235 0.01875 0.0875
0 0.5125 0.2325 0.01875 0.09375
0 0.58 0.47625 0.02 0.0725
0 0.39625 0.64875 0.02 0.05
0 0.19125 0.645 0.0125 0.02625