0 0.6425 0.25375 0.01 0.0425
0 0.63 0.255 0.01125 0.0425
0 0.6675 0.255 0.01125 0.04125
0 0.61625 0.255 0.01125 0.04375
0 0.655 0.255 0.01125 0.04
0 0.60375 0.255 0.01125 0.0425
0 0.5875 0.25375 0.0175 0.0425
0 0.56625 0.2675 0.015 0.015
0 0.5475 0.25625 0.0175 0.0375
0 0.51 0.26875 0.015 0.01375
0 0.3675 0.25625 0.02 0.03125
0 0.46875 0.25625 0.01625 0.03625
0 0.4525 0.2625 0.01125 0.02375
0 0.44 0.2625 0.01375 0.02625
0 0.41875 0.2525 0.02375 0.0425
0 0.39125 0.25125 0.0225 0.0425
0 0.34375 0.255 0.02375 0.0325
0 0.28125 0.3125 0.0125 0.0275
0 0.3 0.315 0.02 0.00875
0 0.58875 0.455 0.03 0.02375
0 0.6925 0.26875 0.0375 0.01625
0 0.565 0.44875 0.01375 0.0325
0 0.49125 0.255 0.015 0.04
0 0.6925 0.25 0.03625 0.015
0 0.5 0.05625 0.02375 0.0525
0 0.75625 0.06 0.03 0.025
0 0.6575 0.4525 0.025 0.00875
0 0.30625 0.05625 0.035 0.00625
0 0.30625 0.065 0.035 0.00625
0 0.30625 0.075 0.035 0.00875
0 0.345 0.06875 0.03875 0.01875
0 0.3875 0.07125 0.0425 0.015
0 0.42 0.05625 0.02125 0.04625
0 0.445 0.05625 0.0225 0.05
0 0.4675 0.07 0.01125 0.025
0 0.48125 0.07 0.0125 0.025
0 0.53 0.0575 0.02375 0.0525
0 0.55625 0.06 0.02125 0.04875
0 0.58 0.06125 0.02125 0.05
0 0.60125 0.0675 0.0175 0.04
0 0.63 0.06875 0.0375 0.01875
0 0.63 0.0825 0.0375 0.0075
0 0.67 0.03875 0.02625 0.035
0 0.66875 0.07375 0.025 0.02875
0 0.6025 0.02125 0.02125 0.0425
0 0.58 0.0175 0.02 0.03375
0 0.555 0.0175 0.02375 0.03375
0 0.6975 0.0625 0.02125 0.05125
0 0.72 0.065 0.02 0.04875
0 0.7625 0.08375 0.02875 0.015
0 0.66 0.46375 0.0275 0.01
0 0.31875 0.385 0.03125 0.025
0 0.71125 0.445 0.02 0.04625
0 0.445 0.38375 0.02875 0.035
0 0.41375 0.3825 0.0275 0.035
0 0.28625 0.385 0.03 0.02375
0 0.3525 0.38625 0.0325 0.02375
0 0.31625 0.35875 0.035 0.02375
0 0.735 0.37625 0.01 0.03125
0 0.76125 0.38125 0.0275 0.0375
0 0.66 0.30375 0.035 0.0075
0 0.71375 0.31875 0.01125 0.0225
0 0.68125 0.32 0.03625 0.01875
0 0.53125 0.38375 0.0275 0.03125
0 0.64 0.3225 0.03625 0.01625
0 0.54375 0.32 0.0325 0.0175
0 0.505 0.3175 0.03875 0.025
0 0.46625 0.31625 0.035 0.02375
0 0.30625 0.04875 0.035 0.00625
0 0.42625 0.3175 0.04 0.0225
0 0.3925 0.31375 0.0225 0.02625
0 0.36375 0.31125 0.0225 0.03125
0 0.34125 0.31375 0.02 0.025
0 0.31875 0.3075 0.0125 0.01375
0 0.6575 0.44 0.02625 0.01
0 0.59875 0.31875 0.0425 0.0225
0 0.5725 0.3925 0.03125 0.0175
0 0.6175 0.385 0.02625 0.035
0 0.6475 0.385 0.02625 0.0325
0 0.73375 0.45 0.01125 0.04
0 0.7475 0.45 0.01125 0.04
0 0.76125 0.45 0.0125 0.04
0 0.7725 0.45125 0.0075 0.0375
0 0.74375 0.5 0.0275 0.02125
0 0.77 0.5 0.02 0.02375
0 0.76875 0.525 0.02125 0.02
0 0.74125 0.525 0.02875 0.0225
0 0.61375 0.52625 0.0375 0.01375
0 0.61125 0.51375 0.035 0.00875
0 0.5475 0.4525 0.02 0.03125
0 0.52 0.45375 0.025 0.03
0 0.51875 0.42875 0.02625 0.01625
0 0.48125 0.445 0.025 0.03
0 0.455 0.44625 0.0225 0.0275
0 0.395 0.4425 0.01875 0.025
0 0.27875 0.4525 0.02375 0.02875
0 0.305 0.4575 0.02375 0.02
0 0.36 0.45375 0.02375 0.0275
0 0.64125 0.35875 0.025 0.0125
0 0.7175 0.375 0.02 0.0525
0 0.69625 0.375 0.01625 0.05
0 0.675 0.385 0.025 0.035
0 0.6875 0.44375 0.02 0.04875
0 0.65875 0.42875 0.0275 0.01
0 0.27375 0.06625 0.02875 0.02375
0 0.49625 0.53 0.03875 0.00875
0 0.505 0.69875 0.01875 0.0475
0 0.4825 0.7 0.0175 0.04875
0 0.46125 0.7025 0.02 0.05375
0 0.415 0.6975 0.0225 0.0525
0 0.4375 0.69875 0.01875 0.055
0 0.29375 0.6975 0.02125 0.06
0 0.3425 0.70125 0.025 0.0525
0 0.3675 0.7 0.02125 0.0525
0 0.43625 0.61 0.0375 0.02
0 0.4775 0.60875 0.04125 0.0175
0 0.53125 0.64125 0.0325 0.0075
0 0.77375 0.6325 0.01 0.0275
0 0.5325 0.71125 0.02 0.0075
0 0.7625 0.63 0.0075 0.0275
0 0.74 0.63 0.0075 0.0275
0 0.72375 0.6275 0.0075 0.0275
0 0.71375 0.62625 0.0075 0.03
0 0.68875 0.62875 0.02125 0.0325
0 0.64375 0.62375 0.01875 0.01125
0 0.74125 0.59 0.025 0.02125
0 0.76875 0.58875 0.0225 0.02125
0 0.77 0.565 0.01875 0.02
0 0.74375 0.565 0.0275 0.02375
0 0.70875 0.57375 0.03375 0.025
0 0.65375 0.56625 0.04125 0.02625
0 0.3125 0.575 0.05125 0.01625
0 0.75125 0.63125 0.01125 0.02875
0 0.53375 0.72 0.03375 0.0075
0 0.56875 0.71625 0.03125 0.0175
0 0.5675 0.69125 0.0325 0.01625
0 0.3 0.7675 0.02 0.03875
0 0.33 0.76 0.025 0.0275
0 0.36875 0.7675 0.01875 0.0425
0 0.39 0.7575 0.02125 0.025
0 0.42125 0.755 0.01625 0.0225
0 0.44125 0.775 0.02 0.05125
0 0.48 0.775 0.01875 0.045
0 0.50125 0.775 0.01875 0.0475
0 0.5225 0.7725 0.02 0.0475
0 0.5425 0.77125 0.02 0.04625
0 0.5625 0.775 0.0175 0.04125
0 0.59125 0.76625 0.035 0.02
0 0.61875 0.77375 0.01875 0.0425
0 0.63875 0.7725 0.01875 0.04125
0 0.6625 0.77125 0.01875 0.05
0 0.6925 0.76 0.0325 0.00625
0 0.69 0.78 0.03125 0.01625
0 0.74625 0.7575 0.01875 0.04125
0 0.76625 0.76 0.01375 0.0475
0 0.725 0.76375 0.0175 0.0575
0 0.75125 0.79125 0.02125 0.01
0 0.755 0.6825 0.04125 0.04125
0 0.6725 0.68375 0.0325 0.01
0 0.6925 0.70875 0.0275 0.035
0 0.6625 0.71 0.03 0.03625
0 0.63 0.68 0.01625 0.035
0 0.59625 0.69125 0.02 0.05625
0 0.6175 0.56625 0.0225 0.025
0 0.58125 0.57125 0.03375 0.0225
0 0.59125 0.78625 0.03625 0.01875
0 0.49625 0.57375 0.0425 0.02125
0 0.57375 0.51875 0.03875 0.03
0 0.54125 0.57125 0.04125 0.0225
0 0.49375 0.51375 0.0375 0.0225
0 0.42 0.4875 0.035 0.01125
0 0.37625 0.5175 0.0375 0.02625
0 0.41625 0.51625 0.03625 0.025
0 0.29375 0.5225 0.0425 0.02625
0 0.2925 0.495 0.04 0.02625
0 0.415 0.57125 0.04375 0.01375
0 0.45625 0.5675 0.03625 0.01375
0 0.33375 0.5225 0.0375 0.025