0 0.54 0.29125 0.07625 0.055
0 0.78 0.5025 0.03 0.05625
0 0.74625 0.5025 0.035 0.06125
0 0.7125 0.50375 0.03125 0.05875
0 0.67875 0.50625 0.0325 0.06
0 0.64625 0.50625 0.03 0.06125
0 0.61375 0.50875 0.03 0.0675
0 0.5825 0.5125 0.0325 0.06
0 0.5475 0.51375 0.03125 0.06125
0 0.515 0.51375 0.0325 0.0625
0 0.47875 0.51625 0.0325 0.06
0 0.44625 0.5175 0.0325 0.0625
0 0.41125 0.5175 0.03375 0.06125
0 0.37875 0.51875 0.02875 0.0625
0 0.34625 0.52 0.03625 0.06125
0 0.30875 0.5175 0.03375 0.06125
0 0.275 0.5175 0.0325 0.06125
0 0.665 0.60375 0.0525 0.08375
0 0.14375 0.775 0.02875 0.06
0 0.1775 0.77125 0.03 0.0625
0 0.21125 0.77 0.035 0.05875
0 0.81125 0.49875 0.03125 0.06125
0 0.84375 0.5 0.03375 0.0625
0 0.27125 0.45375 0.0375 0.06625
0 0.305 0.455 0.02875 0.06375
0 0.76 0.8675 0.045 0.07375
0 0.8125 0.84625 0.04125 0.1125
0 0.71 0.7875 0.0475 0.08
0 0.76125 0.79 0.055 0.0775
0 0.85625 0.835 0.0375 0.13
0 0.76125 0.3425 0.0275 0.04875
0 0.7875 0.34 0.0225 0.04625
0 0.81375 0.34 0.0275 0.0475
0 0.71375 0.4425 0.03125 0.0575
0 0.67875 0.44125 0.03 0.06125
0 0.645 0.4425 0.0375 0.06375
0 0.62375 0.34625 0.08125 0.05375
0 0.61125 0.445 0.02625 0.05625
0 0.58125 0.44875 0.03125 0.065
0 0.54875 0.45 0.03125 0.0625
0 0.51625 0.45125 0.03125 0.065
0 0.4825 0.45125 0.0325 0.06125
0 0.44625 0.4525 0.03125 0.06375
0 0.41 0.45375 0.03125 0.06125
0 0.37625 0.455 0.03375 0.06375
0 0.34125 0.455 0.035 0.065
0 0.245 0.77 0.02875 0.05875
0 0.14 0.70875 0.03 0.06
0 0.1725 0.71 0.03125 0.06
0 0.2075 0.7075 0.03375 0.05875
0 0.30875 0.8 0.055 0.0625
0 0.25125 0.8525 0.03875 0.05625
0 0.215 0.85375 0.03375 0.055
0 0.15 0.85625 0.03625 0.05875
0 0.37875 0.885 0.05375 0.09625
0 0.5075 0.69625 0.045 0.08375
0 0.56 0.695 0.05625 0.08375
0 0.6125 0.69625 0.0475 0.0825
0 0.665 0.68875 0.04875 0.07875
0 0.36125 0.7975 0.045 0.05875
0 0.70875 0.67125 0.035 0.07625
0 0.76625 0.685 0.05375 0.085
0 0.8175 0.68375 0.05 0.085
0 0.765 0.59625 0.0525 0.0875
0 0.82 0.59625 0.055 0.09
0 0.15375 0.91875 0.0275 0.055
0 0.19 0.915 0.03875 0.0575
0 0.22125 0.91375 0.0275 0.06
0 0.2575 0.91 0.04125 0.0525
0 0.315 0.87375 0.0475 0.0775
0 0.70875 0.59375 0.0325 0.07625
0 0.46125 0.88875 0.05 0.08125
0 0.5125 0.88625 0.05 0.075
0 0.4575 0.80125 0.05125 0.085
0 0.245 0.7075 0.03125 0.06625
0 0.29125 0.71 0.05125 0.08875
0 0.34625 0.7075 0.05375 0.08625
0 0.4025 0.70375 0.05625 0.08875
0 0.4575 0.69875 0.04625 0.08625
0 0.84125 0.34 0.0275 0.04625
0 0.865 0.34 0.01875 0.045
0 0.76125 0.29 0.025 0.055
0 0.7875 0.29 0.0275 0.0575
0 0.81625 0.29 0.02625 0.05875
0 0.84375 0.28875 0.02625 0.05625
0 0.86625 0.29 0.0175 0.055
0 0.1775 0.46625 0.03 0.06875
0 0.2075 0.4675 0.02625 0.06625
0 0.23625 0.46875 0.02875 0.06625
0 0.61125 0.795 0.045 0.0825
0 0.56125 0.795 0.05 0.0825
0 0.66125 0.87375 0.0475 0.075
0 0.6125 0.87875 0.04625 0.08
0 0.565 0.87875 0.04625 0.07875
0 0.50875 0.8025 0.04625 0.08625
0 0.7125 0.8725 0.0475 0.08375
0 0.66 0.79375 0.04875 0.0775
0 0.34375 0.205 0.03 0.05375
0 0.51375 0.0525 0.02625 0.05375
0 0.79875 0.10375 0.02125 0.05125
0 0.825 0.1025 0.02875 0.055
0 0.8575 0.10625 0.0275 0.055
0 0.25 0.11125 0.02875 0.04125
0 0.5425 0.0525 0.03125 0.0525
0 0.57375 0.05375 0.0275 0.05375
0 0.13625 0.56 0.02125 0.06875
0 0.77125 0.1075 0.03 0.05125
0 0.6025 0.05375 0.0275 0.0525
0 0.24375 0.6275 0.0375 0.0625
0 0.205 0.62875 0.03125 0.06625
0 0.17 0.62875 0.035 0.0625
0 0.65875 0.0525 0.03 0.0525
0 0.6875 0.0525 0.02625 0.0525
0 0.71625 0.0525 0.03125 0.05125
0 0.74625 0.0525 0.02625 0.0525
0 0.63125 0.05375 0.02375 0.05125
0 0.74375 0.10625 0.02375 0.0525
0 0.1625 0.56375 0.03375 0.06125
0 0.1975 0.5625 0.03375 0.06
0 0.63 0.1075 0.02875 0.05625
0 0.60125 0.10875 0.0275 0.055
0 0.5725 0.10625 0.0275 0.0525
0 0.5425 0.1075 0.03125 0.0525
0 0.5125 0.1075 0.02625 0.05125
0 0.455 0.05 0.08875 0.06125
0 0.18125 0.0675 0.0575 0.13375
0 0.455 0.60875 0.05 0.08625
0 0.39625 0.61375 0.055 0.0825
0 0.34125 0.61875 0.04875 0.09125
0 0.29 0.62 0.04875 0.08625
0 0.23375 0.56125 0.03375 0.06375
0 0.66 0.105 0.0275 0.055
0 0.6875 0.10625 0.025 0.05125
0 0.71625 0.10625 0.03 0.05
0 0.7075 0.34375 0.0775 0.05
0 0.705 0.28875 0.07625 0.055
0 0.16125 0.22375 0.04625 0.13875
0 0.13875 0.62875 0.02625 0.06125
0 0.2075 0.22625 0.04625 0.135
0 0.27875 0.07625 0.02125 0.03375
0 0.30375 0.075 0.0225 0.03375
0 0.84625 0.435 0.035 0.06125
0 0.25 0.07375 0.02875 0.03
0 0.30375 0.11375 0.025 0.03875
0 0.77625 0.43875 0.02875 0.0675
0 0.74625 0.44 0.03125 0.0625
0 0.2775 0.11375 0.025 0.0375
0 0.6075 0.61 0.0475 0.08625
0 0.56 0.60875 0.05 0.085
0 0.5075 0.61 0.0525 0.08625
0 0.28125 0.34875 0.08625 0.055
0 0.29125 0.295 0.06875 0.04875
0 0.3725 0.3525 0.08375 0.05
0 0.37 0.29625 0.08125 0.055
0 0.45875 0.3475 0.085 0.05125
0 0.4575 0.295 0.0875 0.0525
0 0.36375 0.05 0.09 0.06
0 0.36375 0.1075 0.08875 0.05375
0 0.1775 0.35625 0.105 0.0875
0 0.81 0.43375 0.03375 0.06375
0 0.2475 0.205 0.03 0.06
0 0.2775 0.20625 0.0325 0.055
0 0.31125 0.205 0.03125 0.0525
0 0.62375 0.29 0.08125 0.05625
0 0.37375 0.205 0.03 0.05625
0 0.40375 0.20625 0.02875 0.05375
0 0.455 0.10625 0.08875 0.0525
0 0.4625 0.20625 0.07875 0.05375
0 0.63125 0.2075 0.08 0.05625
0 0.72125 0.20375 0.08125 0.0525
0 0.77625 0.2025 0.0275 0.0525
0 0.80375 0.20375 0.02625 0.05375
0 0.83375 0.2025 0.03125 0.0575
0 0.8625 0.2025 0.02375 0.0575
0 0.5475 0.2075 0.0775 0.05125
0 0.54125 0.3475 0.07625 0.05