0 0.43875 0.21625 0.02625 0.06875
0 0.4075 0.2125 0.03 0.07875
0 0.37375 0.21375 0.02875 0.08125
0 0.7 0.80125 0.02625 0.07375
0 0.355 0.15125 0.0925 0.03125
0 0.24875 0.15 0.1 0.04
0 0.51625 0.9225 0.0325 0.05625
0 0.6375 0.80125 0.03125 0.07
0 0.13375 0.91375 0.0175 0.07
0 0.16125 0.91125 0.02 0.07
0 0.18625 0.91375 0.025 0.06375
0 0.2175 0.91125 0.025 0.07
0 0.19625 0.71125 0.025 0.05375
0 0.16625 0.70625 0.02875 0.055
0 0.66875 0.8 0.02875 0.06875
0 0.33625 0.215 0.03625 0.08125
0 0.43625 0.80375 0.025 0.07375
0 0.19125 0.2225 0.02875 0.07625
0 0.46375 0.8025 0.025 0.07125
0 0.49125 0.8025 0.02125 0.07125
0 0.51625 0.8025 0.0225 0.07125
0 0.54375 0.80375 0.02375 0.07125
0 0.57125 0.80375 0.025 0.07375
0 0.6025 0.80125 0.03375 0.0725
0 0.41 0.80125 0.0225 0.06875
0 0.24125 0.22125 0.04 0.0725
0 0.1375 0.70875 0.02375 0.05
0 0.36 0.80125 0.02125 0.07
0 0.34 0.8025 0.01125 0.07625
0 0.325 0.805 0.01375 0.06875
0 0.30625 0.80625 0.01625 0.06625
0 0.27125 0.805 0.02875 0.06875
0 0.24 0.80625 0.03 0.07
0 0.155 0.22125 0.03625 0.08
0 0.385 0.80125 0.0225 0.06875
0 0.62375 0.60625 0.02875 0.04875
0 0.31375 0.49125 0.0325 0.07375
0 0.55 0.59625 0.0325 0.06875
0 0.31125 0.915 0.02125 0.06125
0 0.33625 0.92 0.02 0.05875
0 0.36 0.92 0.0225 0.0625
0 0.39125 0.92125 0.0225 0.05875
0 0.41625 0.92125 0.02375 0.055
0 0.44375 0.9175 0.0225 0.055
0 0.8075 0.47875 0.02875 0.0725
0 0.8425 0.47375 0.0375 0.065
0 0.3225 0.75125 0.02125 0.02625
0 0.25625 0.45625 0.05 0.01875
0 0.86375 0.9175 0.02 0.0675
0 0.66 0.925 0.02625 0.04875
0 0.6325 0.92625 0.025 0.04875
0 0.58875 0.9225 0.03 0.055
0 0.55125 0.9225 0.02875 0.05875
0 0.28625 0.91875 0.025 0.0625
0 0.26375 0.91375 0.0175 0.07
0 0.2425 0.91 0.01875 0.07
0 0.13375 0.60625 0.01625 0.07625
0 0.51375 0.5925 0.035 0.03375
0 0.25 0.50375 0.03125 0.06375
0 0.4675 0.60375 0.0225 0.065
0 0.43375 0.595 0.035 0.03875
0 0.385 0.60375 0.02375 0.0625
0 0.35125 0.6 0.0325 0.03625
0 0.30375 0.6 0.02 0.045
0 0.5925 0.6075 0.02875 0.0475
0 0.27 0.60125 0.035 0.035
0 0.46875 0.21625 0.025 0.0675
0 0.19375 0.59875 0.02 0.07625
0 0.16 0.6075 0.02875 0.07625
0 0.66125 0.48875 0.02125 0.055
0 0.69 0.48375 0.03125 0.065
0 0.73625 0.4825 0.03375 0.0675
0 0.77375 0.48 0.03625 0.0725
0 0.21875 0.6 0.02 0.07875
0 0.49875 0.2125 0.0325 0.07
0 0.28625 0.22125 0.04125 0.07125
0 0.56875 0.21125 0.02875 0.06625
0 0.145 0.5025 0.0325 0.06
0 0.85125 0.3225 0.04625 0.0375
0 0.85375 0.36375 0.04125 0.04
0 0.8 0.325 0.05 0.0375
0 0.80375 0.365 0.05375 0.03625
0 0.74875 0.32875 0.04625 0.0375
0 0.74875 0.36625 0.04875 0.03625
0 0.6925 0.37125 0.03 0.03125
0 0.66125 0.3725 0.03 0.03375
0 0.17875 0.50125 0.0275 0.06
0 0.62875 0.3775 0.02875 0.025
0 0.55875 0.36 0.025 0.06375
0 0.5275 0.36125 0.03375 0.0675
0 0.4875 0.36125 0.03625 0.0675
0 0.4475 0.36375 0.03125 0.0675
0 0.4125 0.36375 0.03 0.0675
0 0.3775 0.32875 0.03 0.04125
0 0.3425 0.33125 0.035 0.03625
0 0.2975 0.335 0.04625 0.04
0 0.535 0.21125 0.03125 0.07
0 0.59125 0.35875 0.03 0.0675
0 0.4975 0.48625 0.035 0.07
0 0.21375 0.5025 0.0325 0.0625
0 0.28875 0.71 0.02875 0.04625
0 0.35125 0.48875 0.0325 0.07125
0 0.42 0.49 0.0325 0.07
0 0.45875 0.48875 0.03625 0.0725
0 0.7925 0.69125 0.03 0.08375
0 0.82125 0.68875 0.02125 0.08
0 0.7575 0.58875 0.07 0.0775
0 0.76 0.69 0.02625 0.08
0 0.7275 0.6875 0.0275 0.09
0 0.68625 0.7 0.0425 0.055
0 0.2575 0.7125 0.02875 0.05
0 0.64 0.7025 0.0425 0.05375
0 0.58 0.69375 0.02 0.0725
0 0.5525 0.69625 0.0275 0.07375
0 0.5225 0.695 0.03 0.07
0 0.49125 0.69625 0.02875 0.0675
0 0.45875 0.6975 0.03125 0.07
0 0.4175 0.69875 0.0225 0.0675
0 0.385 0.70875 0.02625 0.04625
0 0.355 0.70875 0.0275 0.04375
0 0.32375 0.71 0.02875 0.04875
0 0.60375 0.695 0.025 0.075
0 0.53375 0.48625 0.0325 0.06625
0 0.475 0.92625 0.03 0.0575
0 0.57 0.48625 0.03625 0.0675
0 0.83375 0.59 0.07125 0.08
0 0.7725 0.7975 0.11 0.08125
0 0.63375 0.48875 0.025 0.0575
0 0.77 0.91 0.03125 0.0875
0 0.805 0.90875 0.03 0.085
0 0.8375 0.91125 0.02875 0.08
0 0.16 0.8075 0.02875 0.06375
0 0.2075 0.805 0.025 0.06875
0 0.23875 0.33875 0.0375 0.035
0 0.18125 0.3525 0.04625 0.05
0 0.735 0.9075 0.03125 0.085
0 0.8675 0.195 0.015 0.075
0 0.1375 0.3675 0.025 0.0825
0 0.6 0.21 0.025 0.065
0 0.63125 0.205 0.03375 0.07
0 0.66625 0.20375 0.03 0.06875
0 0.69875 0.2025 0.03 0.0675
0 0.60625 0.49 0.02875 0.05625
0 0.7625 0.2 0.025 0.075
0 0.7925 0.19875 0.02625 0.07375
0 0.82 0.19625 0.0225 0.07375
0 0.84625 0.19625 0.0225 0.075
0 0.735 0.2 0.0275 0.075