0 0.695 0.385 0.01875 0.09125
0 0.675 0.3825 0.02125 0.0875
0 0.65375 0.3825 0.01875 0.0875
0 0.6325 0.38125 0.0175 0.085
0 0.61375 0.38 0.01875 0.0825
0 0.395 0.43375 0.00875 0.045
0 0.59625 0.38 0.01625 0.0825
0 0.54125 0.37375 0.02 0.0775
0 0.525 0.37375 0.0125 0.0775
0 0.51125 0.3725 0.01375 0.07375
0 0.49625 0.3725 0.01375 0.0725
0 0.4825 0.37125 0.015 0.07
0 0.46625 0.37125 0.01375 0.07125
0 0.4525 0.37 0.0125 0.06875
0 0.44 0.36875 0.01125 0.06875
0 0.4275 0.3675 0.01 0.0625
0 0.7175 0.38375 0.025 0.09375
0 0.74125 0.38625 0.0225 0.0975
0 0.8625 0.2375 0.055 0.1425
0 0.78875 0.39 0.03 0.0975
0 0.63875 0.25625 0.035 0.11
0 0.6025 0.2575 0.02875 0.11125
0 0.57125 0.2625 0.03125 0.10125
0 0.54125 0.2625 0.0225 0.10125
0 0.51375 0.26375 0.0275 0.0975
0 0.485 0.26625 0.025 0.09625
0 0.46125 0.26875 0.0225 0.0925
0 0.43875 0.27125 0.02 0.0925
0 0.41875 0.2725 0.02 0.0875
0 0.39875 0.2725 0.01875 0.085
0 0.38 0.27375 0.0175 0.08125
0 0.3625 0.275 0.0175 0.075
0 0.34375 0.275 0.015 0.07375
0 0.3275 0.27625 0.01375 0.075
0 0.31375 0.27625 0.015 0.07375
0 0.415 0.3675 0.01 0.06125
0 0.8425 0.42 0.05125 0.145
0 0.76375 0.38875 0.02 0.09875
0 0.405 0.36625 0.0075 0.06
0 0.34875 0.36125 0.0075 0.06
0 0.3575 0.3625 0.01 0.05875
0 0.35375 0.42625 0.00625 0.0425
0 0.71625 0.25 0.03875 0.12875
0 0.36875 0.4275 0.0075 0.04375
0 0.37625 0.4275 0.00625 0.04375
0 0.36 0.42625 0.00625 0.04375
0 0.595 0.4675 0.015 0.06125
0 0.57875 0.46375 0.01625 0.05375
0 0.56125 0.46 0.015 0.0575
0 0.34625 0.425 0.00875 0.045
0 0.545 0.45875 0.015 0.055
0 0.51375 0.45375 0.015 0.05
0 0.5 0.4525 0.0125 0.055
0 0.47 0.445 0.015 0.0475
0 0.4575 0.44375 0.00875 0.05
0 0.4475 0.44125 0.01 0.04625
0 0.43625 0.44125 0.01 0.04875
0 0.41375 0.4375 0.01125 0.0475
0 0.40375 0.435 0.0075 0.0475
0 0.52875 0.4575 0.015 0.0575
0 0.37 0.36375 0.01375 0.06
0 0.3375 0.42125 0.0075 0.03875
0 0.32125 0.41875 0.0075 0.03875
0 0.385 0.4325 0.00875 0.04875
0 0.34 0.36125 0.01 0.05875
0 0.33 0.36125 0.00875 0.0575
0 0.3225 0.36 0.0075 0.055
0 0.31375 0.35875 0.0075 0.055
0 0.30625 0.35875 0.00625 0.055
0 0.29875 0.36 0.0075 0.05375
0 0.7625 0.505 0.05125 0.0425
0 0.32875 0.42 0.0075 0.04125
0 0.71 0.4975 0.0425 0.045
0 0.625 0.4725 0.0175 0.0675
0 0.61 0.46875 0.01125 0.05875
0 0.67625 0.25125 0.0375 0.1225
0 0.89125 0.43 0.04125 0.1425
0 0.935 0.43375 0.0425 0.15125
0 0.97875 0.43125 0.0425 0.14875
0 0.305 0.41625 0.00625 0.04125
0 0.3125 0.41875 0.0075 0.0375
0 0.645 0.47625 0.02 0.0625
0 0.93875 0.5675 0.0275 0.0575
0 0.85375 0.55 0.025 0.0475
0 0.88 0.55625 0.02375 0.04625
0 0.48125 0.70875 0.02375 0.03375
0 0.4775 0.74375 0.02875 0.03125
0 0.5075 0.65125 0.025 0.0375
0 0.50875 0.68875 0.02375 0.03125
0 0.5075 0.72375 0.0225 0.0325
0 0.505 0.75625 0.025 0.02875
0 0.53625 0.665 0.025 0.03875
0 0.53625 0.70375 0.02875 0.035
0 0.535 0.73875 0.02875 0.03
0 0.5325 0.775 0.0275 0.03625
0 0.56625 0.68 0.03 0.04375
0 0.57125 0.725 0.035 0.02125
0 0.5675 0.7525 0.03375 0.03125
0 0.56625 0.79125 0.03375 0.03375
0 0.605 0.6925 0.04 0.04
0 0.6075 0.7325 0.03625 0.03375
0 0.6025 0.77125 0.035 0.0375
0 0.60125 0.81125 0.03375 0.03875
0 0.64125 0.7875 0.04 0.04125
0 0.6375 0.8325 0.03625 0.04
0 0.6775 0.8575 0.04 0.03375
0 0.76 0.24625 0.04625 0.1275
0 0.80875 0.23875 0.04875 0.13625
0 0.48 0.67375 0.02625 0.03
0 0.48125 0.6375 0.02375 0.03625
0 0.445 0.73 0.025 0.02875
0 0.4475 0.69625 0.02625 0.0325
0 0.3175 0.6525 0.01375 0.0275
0 0.3325 0.6575 0.0125 0.0275
0 0.3175 0.62375 0.0125 0.0275
0 0.3325 0.62875 0.01375 0.02375
0 0.31625 0.595 0.0125 0.0225
0 0.3325 0.60375 0.015 0.02125
0 0.31375 0.56875 0.01375 0.02625
0 0.33125 0.575 0.015 0.03
0 0.34625 0.67 0.01375 0.0275
0 0.34875 0.64 0.01625 0.03
0 0.34875 0.6125 0.01375 0.02625
0 0.97625 0.235 0.04625 0.15875
0 0.36625 0.59125 0.0175 0.02625
0 0.36625 0.62125 0.0175 0.025
0 0.3875 0.63125 0.02 0.0225
0 0.3675 0.64875 0.0175 0.02625
0 0.3875 0.6575 0.02 0.0275
0 0.365 0.6775 0.01875 0.02375
0 0.38625 0.6875 0.01875 0.02875
0 0.415 0.60875 0.035 0.035
0 0.415 0.64375 0.03 0.02625
0 0.415 0.67375 0.03125 0.02875
0 0.41375 0.70375 0.03125 0.03125
0 0.45125 0.66 0.025 0.03125
0 0.38625 0.6 0.02125 0.03
0 0.6825 0.8225 0.03875 0.03625
0 0.68875 0.775 0.04 0.05125
0 0.73 0.795 0.04 0.04875
0 0.485 0.58375 0.0225 0.03375
0 0.49 0.5475 0.02 0.035
0 0.515 0.5575 0.02375 0.0375
0 0.5475 0.5675 0.02875 0.03875
0 0.51375 0.59625 0.025 0.03375
0 0.5425 0.6075 0.02875 0.03875
0 0.5775 0.61875 0.03125 0.04
0 0.5825 0.57875 0.03125 0.035
0 0.58375 0.53875 0.03125 0.04125
0 0.615 0.6325 0.03375 0.04125
0 0.655 0.645 0.03875 0.04875
0 0.46125 0.57625 0.0225 0.0325
0 0.6975 0.665 0.0425 0.04375
0 0.75 0.62625 0.045 0.04625
0 0.7425 0.6775 0.045 0.0475
0 0.7975 0.6975 0.05375 0.055
0 0.80125 0.645 0.0475 0.04875
0 0.805 0.59375 0.05 0.05125
0 0.85 0.60125 0.02375 0.0425
0 0.875 0.60875 0.02125 0.04625
0 0.9025 0.615 0.02375 0.04625
0 0.93 0.62125 0.02375 0.045
0 0.9575 0.6275 0.0225 0.05125
0 0.98875 0.63625 0.02125 0.05125
0 0.7025 0.61625 0.04375 0.05125
0 0.91 0.5625 0.02625 0.05625
0 0.46375 0.5075 0.02375 0.03625
0 0.43875 0.56875 0.01875 0.0325
0 0.785 0.77125 0.04875 0.05
0 0.78125 0.82 0.04875 0.045
0 0.72625 0.84125 0.04375 0.04125
0 0.775 0.86 0.0475 0.02875
0 0.8375 0.8425 0.05375 0.055
0 0.89625 0.8525 0.05125 0.045
0 0.85625 0.72375 0.0425 0.13375
0 0.905 0.73625 0.04375 0.145
0 0.96125 0.75125 0.04875 0.14375
0 0.305 0.52125 0.015 0.0275
0 0.305 0.4925 0.01125 0.03
0 0.44125 0.535 0.01875 0.03125
0 0.3075 0.46375 0.01 0.02625
0 0.32125 0.49875 0.0125 0.02625
0 0.32125 0.5275 0.01375 0.02625
0 0.33875 0.5325 0.01375 0.0275
0 0.355 0.53875 0.015 0.0275
0 0.375 0.48625 0.015 0.035
0 0.3925 0.49 0.01875 0.03125
0 0.375 0.5175 0.01625 0.02625
0 0.395 0.52125 0.0175 0.02625
0 0.37375 0.54625 0.01625 0.02875
0 0.395 0.55375 0.0175 0.03125
0 0.415 0.56125 0.0175 0.03375
0 0.31875 0.47 0.0125 0.02625
0 0.63125 0.5875 0.06 0.0475
0 0.46625 0.5425 0.0225 0.0325