0 0.67 0.285 0.28125 0.095
0 0.38875 0.37375 0.09 0.07875
0 0.3025 0.45 0.26125 0.07
0 0.23875 0.5175 0.08375 0.0625
0 0.3225 0.52375 0.07625 0.06625
0 0.405 0.52125 0.0725 0.065
0 0.2675 0.76375 0.0725 0.05375
0 0.3475 0.815 0.20625 0.04625
0 0.32125 0.70625 0.2 0.0475
0 0.66625 0.375 0.26875 0.07625
0 0.34375 0.7625 0.0725 0.0525
0 0.4175 0.76125 0.07 0.0525
0 0.2525 0.65 0.07625 0.055
0 0.3225 0.58875 0.24 0.06375
0 0.62625 0.81875 0.2025 0.05125
0 0.485 0.525 0.08 0.065
0 0.63625 0.70875 0.225 0.0575
0 0.64125 0.65125 0.22375 0.055
0 0.64625 0.5875 0.2325 0.06625
0 0.65625 0.5225 0.2525 0.05875
0 0.65875 0.45375 0.255 0.06875
0 0.4825 0.37375 0.085 0.07625
0 0.48375 0.4525 0.085 0.06875
0 0.4875 0.58875 0.0775 0.055
0 0.4875 0.81125 0.06625 0.0475
0 0.49125 0.7625 0.0725 0.045
0 0.48625 0.64875 0.075 0.05875
0 0.33125 0.65 0.07625 0.05375
0 0.295 0.3725 0.0875 0.07375
0 0.2075 0.37 0.08 0.0725
0 0.63125 0.765 0.21125 0.05
0 0.40875 0.65375 0.0725 0.05375
0 0.28125 0.2875 0.28375 0.0875
0 0.47125 0.28875 0.09125 0.08875