0 0.84625 0.39125 0.01375 0.07625
0 0.8225 0.39375 0.01 0.0775
0 0.80375 0.395 0.025 0.0775
0 0.77625 0.39375 0.0275 0.08
0 0.745 0.395 0.0275 0.08125
0 0.7175 0.39625 0.0225 0.0775
0 0.86125 0.38875 0.0075 0.07375
0 0.835 0.3925 0.00875 0.0775
0 0.38625 0.32 0.03125 0.07875
0 0.6175 0.31625 0.02375 0.07875
0 0.565 0.31625 0.0675 0.0875
0 0.485 0.32 0.0675 0.0875
0 0.41875 0.32 0.03125 0.07875
0 0.13125 0.48 0.01125 0.065
0 0.1525 0.47875 0.03 0.06625
0 0.18375 0.48 0.03 0.07
0 0.21375 0.48 0.02875 0.07
0 0.245 0.47875 0.03 0.0675
0 0.275 0.48 0.0275 0.0675
0 0.30375 0.48 0.02875 0.0675
0 0.33625 0.48 0.02875 0.06875
0 0.3675 0.48 0.03125 0.07125
0 0.4 0.48 0.0275 0.07
0 0.67 0.39875 0.025 0.0775
0 0.64375 0.40125 0.02125 0.08
0 0.69375 0.3975 0.01875 0.07875
0 0.56 0.4025 0.06875 0.07375
0 0.19125 0.405 0.01875 0.07125
0 0.17125 0.4075 0.0175 0.07
0 0.15125 0.40375 0.01625 0.06875
0 0.135 0.40125 0.01375 0.075
0 0.86125 0.3025 0.01125 0.0875
0 0.8475 0.30375 0.00875 0.085
0 0.83625 0.305 0.00875 0.08375
0 0.825 0.30375 0.0125 0.085
0 0.805 0.3075 0.025 0.07875
0 0.7775 0.30875 0.025 0.08
0 0.74875 0.31 0.0275 0.08375
0 0.2125 0.40375 0.01625 0.07125
0 0.61875 0.4025 0.025 0.08
0 0.6725 0.31375 0.025 0.0825
0 0.645 0.31625 0.025 0.0825
0 0.15125 0.3225 0.02125 0.07375
0 0.1725 0.32375 0.0175 0.07625
0 0.1875 0.32375 0.0125 0.0725
0 0.20125 0.325 0.0125 0.0725
0 0.22 0.325 0.01625 0.07125
0 0.24 0.32625 0.01625 0.07125
0 0.2575 0.32625 0.01625 0.0725
0 0.315 0.32125 0.03125 0.08
0 0.35 0.32125 0.03125 0.07875
0 0.69875 0.3125 0.02375 0.08375
0 0.23125 0.4025 0.0175 0.075
0 0.7225 0.3125 0.0225 0.08125
0 0.85875 0.47375 0.0225 0.075
0 0.2525 0.40375 0.01875 0.0775
0 0.4375 0.4025 0.01125 0.07625
0 0.42625 0.40125 0.00875 0.08125
0 0.405 0.4 0.03 0.07875
0 0.375 0.4025 0.02625 0.07625
0 0.305 0.40125 0.02625 0.07375
0 0.28625 0.4025 0.00875 0.07125
0 0.27 0.405 0.01625 0.07625
0 0.1325 0.325 0.015 0.06875
0 0.43125 0.47875 0.03125 0.0725
0 0.5 0.4775 0.06625 0.07625
0 0.3375 0.40375 0.035 0.0775
0 0.61625 0.4775 0.02 0.07125
0 0.8325 0.47375 0.02625 0.07625
0 0.5675 0.48 0.0675 0.07625
0 0.805 0.47625 0.0225 0.075
0 0.7825 0.47875 0.01625 0.0725
0 0.75875 0.47875 0.0225 0.07625
0 0.49125 0.405 0.0625 0.065
0 0.715 0.47875 0.01375 0.0725
0 0.6975 0.48125 0.01875 0.06875
0 0.67625 0.47875 0.02125 0.07125
0 0.64375 0.48 0.03125 0.0675
0 0.73375 0.47875 0.02125 0.0725