0 0.74875 0.7375 0.06125 0.01375
0 0.75125 0.72 0.0575 0.01875
0 0.74375 0.83625 0.07125 0.01625
0 0.68875 0.2025 0.0225 0.0625
0 0.71125 0.20125 0.02125 0.06125
0 0.755 0.1725 0.05125 0.02
0 0.755 0.19125 0.05125 0.0175
0 0.755 0.21 0.05125 0.01625
0 0.7525 0.2275 0.055 0.01375
0 0.3675 0.1775 0.08125 0.02125
0 0.365 0.2 0.08125 0.01875
0 0.3675 0.22 0.08 0.0175
0 0.36625 0.235 0.08 0.01
0 0.285 0.18 0.07875 0.02125
0 0.285 0.2 0.0775 0.01875
0 0.2875 0.22 0.08 0.01625
0 0.28625 0.23625 0.08 0.01
0 0.27 0.0725 0.08375 0.01875
0 0.27125 0.09375 0.08125 0.01875
0 0.27125 0.11375 0.0825 0.01625
0 0.355 0.065 0.0825 0.015
0 0.3575 0.08625 0.085 0.0175
0 0.35875 0.1075 0.085 0.01625
0 0.36 0.125 0.085 0.01375
0 0.45 0.0575 0.1025 0.0425
0 0.55375 0.0575 0.1025 0.045
0 0.66625 0.2025 0.02125 0.06
0 0.6425 0.20375 0.0225 0.0625
0 0.62 0.20375 0.01875 0.0625
0 0.3775 0.79625 0.0775 0.02
0 0.62375 0.42125 0.01875 0.06125
0 0.7125 0.31 0.0225 0.06125
0 0.68875 0.31125 0.02375 0.06125
0 0.665 0.31125 0.02 0.06125
0 0.64375 0.31125 0.0175 0.06125
0 0.6225 0.3125 0.0225 0.0575
0 0.56 0.2825 0.0975 0.03625
0 0.56125 0.32375 0.09625 0.04
0 0.46125 0.28375 0.095 0.03625
0 0.46375 0.325 0.09625 0.0425
0 0.37375 0.3025 0.07875 0.02
0 0.45125 0.105 0.1 0.04375
0 0.37125 0.32375 0.085 0.02
0 0.2875 0.2875 0.08375 0.01875
0 0.2875 0.30875 0.08125 0.01875
0 0.29 0.32875 0.0775 0.01875
0 0.2925 0.34625 0.0775 0.01
0 0.7525 0.275 0.055 0.02125
0 0.75375 0.2975 0.05375 0.01875
0 0.75375 0.3175 0.05375 0.0175
0 0.75375 0.33625 0.0525 0.01625
0 0.5575 0.1725 0.1 0.04
0 0.55875 0.21375 0.0975 0.04125
0 0.4575 0.17375 0.09625 0.04
0 0.3725 0.3425 0.08375 0.01375
0 0.645 0.42 0.02 0.05875
0 0.5525 0.105 0.10125 0.0425
0 0.64125 0.09 0.0225 0.06125
0 0.29875 0.725 0.0725 0.01625
0 0.295 0.7075 0.07375 0.01625
0 0.2975 0.68875 0.0675 0.01625
0 0.2425 0.855 0.0475 0.01375
0 0.24125 0.83875 0.045 0.0175
0 0.24125 0.81875 0.04375 0.0175
0 0.30375 0.855 0.06875 0.015
0 0.30125 0.8375 0.07 0.015
0 0.3 0.82 0.07 0.01625
0 0.30125 0.795 0.06625 0.0225
0 0.38 0.85625 0.0775 0.01125
0 0.37875 0.83875 0.08 0.01875
0 0.45625 0.8175 0.07 0.0175
0 0.45625 0.79875 0.07375 0.01625
0 0.53375 0.855 0.07625 0.01375
0 0.74375 0.8025 0.07375 0.01625
0 0.745 0.82 0.07125 0.01375
0 0.53375 0.8375 0.075 0.01875
0 0.53375 0.8175 0.0775 0.01875
0 0.53125 0.7975 0.075 0.0175
0 0.61125 0.85625 0.075 0.0175
0 0.61125 0.8375 0.07625 0.0175
0 0.4575 0.85625 0.0725 0.0175
0 0.29875 0.7425 0.0725 0.0125
0 0.3725 0.685 0.08 0.015
0 0.375 0.705 0.08 0.02
0 0.37375 0.72375 0.07625 0.0175
0 0.665 0.09 0.0225 0.0625
0 0.68875 0.09 0.02125 0.0625
0 0.71375 0.09 0.0225 0.06
0 0.74125 0.08625 0.01625 0.08125
0 0.7575 0.085 0.015 0.08
0 0.77375 0.08625 0.01375 0.0825
0 0.52875 0.70125 0.07375 0.01875
0 0.5275 0.6825 0.075 0.01625
0 0.23875 0.745 0.04 0.02125
0 0.23875 0.72375 0.03875 0.01875
0 0.2375 0.70375 0.0375 0.02
0 0.6175 0.09125 0.02125 0.06125
0 0.24 0.68625 0.04125 0.01375
0 0.74375 0.8525 0.07125 0.01
0 0.7 0.82875 0.01375 0.0725
0 0.685 0.82875 0.015 0.075
0 0.67125 0.82875 0.01 0.0775
0 0.6575 0.8275 0.015 0.07875
0 0.61 0.7975 0.07625 0.01875
0 0.61125 0.81875 0.075 0.0175
0 0.4575 0.83625 0.075 0.015
0 0.4525 0.7225 0.07375 0.01875
0 0.4525 0.70375 0.07125 0.01875
0 0.37375 0.74 0.0775 0.0125
0 0.45375 0.74 0.07375 0.0125
0 0.66875 0.42 0.02125 0.0625
0 0.45875 0.21625 0.10125 0.04375
0 0.7125 0.42 0.01875 0.06
0 0.76375 0.60125 0.03375 0.02
0 0.555 0.60625 0.0725 0.01625
0 0.55375 0.625 0.07375 0.015
0 0.5525 0.64125 0.07375 0.01375
0 0.7625 0.62375 0.035 0.02
0 0.76375 0.6425 0.03375 0.01625
0 0.47125 0.60375 0.0875 0.01875
0 0.47 0.625 0.08875 0.01625
0 0.47 0.6425 0.0875 0.01375
0 0.38625 0.605 0.0775 0.0175
0 0.3875 0.62375 0.07875 0.01875
0 0.385 0.64125 0.075 0.015
0 0.30625 0.60625 0.07875 0.02
0 0.30625 0.6275 0.08 0.01875
0 0.3075 0.645 0.07875 0.0125
0 0.7625 0.5825 0.035 0.0175
0 0.24375 0.58875 0.04875 0.015
0 0.6275 0.64 0.07625 0.01375
0 0.63 0.6025 0.075 0.0175
0 0.70625 0.6 0.07375 0.0175
0 0.75125 0.69875 0.0575 0.01875
0 0.67875 0.73625 0.07375 0.0125
0 0.68125 0.72 0.0775 0.01625
0 0.68125 0.7 0.07375 0.0175
0 0.68375 0.68125 0.075 0.01875
0 0.60375 0.7375 0.075 0.0125
0 0.605 0.71875 0.07375 0.015
0 0.605 0.7 0.07625 0.0175
0 0.60625 0.6825 0.07625 0.01625
0 0.52875 0.73875 0.07 0.015
0 0.52875 0.72 0.075 0.01625
0 0.69125 0.42 0.02125 0.05875
0 0.70625 0.62125 0.07375 0.02
0 0.70625 0.6425 0.07625 0.01625
0 0.63 0.6225 0.07375 0.0175
0 0.2425 0.6075 0.04625 0.02
0 0.3775 0.81875 0.08375 0.01875
0 0.2425 0.645 0.04625 0.0125
0 0.76125 0.4925 0.0375 0.0175
0 0.7625 0.5125 0.03625 0.02125
0 0.565 0.43125 0.09375 0.04125
0 0.46875 0.43125 0.09 0.04125
0 0.565 0.39 0.0925 0.03875
0 0.46875 0.39125 0.0925 0.03625
0 0.38125 0.4475 0.08125 0.0175
0 0.38 0.42875 0.08125 0.0175
0 0.3 0.4325 0.07875 0.01875
0 0.38125 0.40875 0.08 0.02
0 0.3 0.41375 0.08 0.0175
0 0.38125 0.3875 0.07875 0.01875
0 0.29875 0.39375 0.08125 0.0175
0 0.2425 0.62875 0.04625 0.01875
0 0.7625 0.535 0.03625 0.01875
0 0.70625 0.51875 0.02125 0.05875
0 0.685 0.5175 0.01875 0.06125
0 0.30125 0.44875 0.07625 0.01125
0 0.64125 0.5175 0.01875 0.05625
0 0.6625 0.51875 0.02 0.05875
0 0.31 0.5325 0.0775 0.0175
0 0.31125 0.55 0.08 0.01375
0 0.38875 0.49125 0.07625 0.01875
0 0.31 0.495 0.0775 0.01625
0 0.38875 0.53125 0.07625 0.015
0 0.39 0.54625 0.075 0.0125
0 0.3875 0.5125 0.0775 0.02
0 0.5625 0.5025 0.08875 0.02
0 0.4725 0.525 0.0875 0.0175
0 0.5625 0.52375 0.08875 0.01875
0 0.47125 0.5425 0.0875 0.01375
0 0.5625 0.54125 0.08875 0.01375
0 0.61875 0.51875 0.02125 0.05875
0 0.4725 0.50375 0.0875 0.02
0 0.31125 0.51375 0.07625 0.0175