0 0.54375 0.2025 0.02625 0.08375
0 0.545 0.31875 0.0325 0.045
0 0.585 0.31875 0.0375 0.05
0 0.625 0.28875 0.035 0.04125
0 0.665 0.28875 0.035 0.03375
0 0.62125 0.32875 0.03125 0.035
0 0.66 0.32875 0.03375 0.035
0 0.76875 0.32125 0.03125 0.05125
0 0.80625 0.315 0.03125 0.07125
0 0.84375 0.31625 0.03125 0.0725
0 0.71375 0.32375 0.02625 0.07125
0 0.70875 0.42875 0.02625 0.0725
0 0.70375 0.52 0.0225 0.06
0 0.6975 0.59625 0.02125 0.06375
0 0.15 0.3825 0.02 0.06125
0 0.17625 0.385 0.0175 0.0575
0 0.19375 0.39625 0.015 0.045
0 0.29625 0.39 0.0475 0.06375
0 0.355 0.3925 0.0525 0.07125
0 0.4075 0.39375 0.02625 0.06875
0 0.4425 0.39375 0.035 0.07
0 0.48375 0.4075 0.0325 0.05
0 0.52625 0.40875 0.03375 0.05375
0 0.57 0.4 0.03 0.07
0 0.46 0.325 0.0325 0.03375
0 0.4225 0.325 0.03375 0.03
0 0.47 0.285 0.0325 0.0325
0 0.42125 0.29125 0.04375 0.0325
0 0.57375 0.2 0.03 0.08875
0 0.575 0.14125 0.02875 0.02375
0 0.60625 0.2 0.025 0.0825
0 0.65125 0.1775 0.05 0.1325
0 0.69375 0.18125 0.0275 0.12
0 0.73125 0.18375 0.02625 0.125
0 0.77125 0.18125 0.025 0.12875
0 0.80125 0.18125 0.02625 0.13
0 0.84 0.16875 0.03375 0.15875
0 0.14625 0.31 0.02125 0.05125
0 0.17375 0.3025 0.02875 0.065
0 0.23 0.3275 0.05 0.11625
0 0.31 0.31625 0.03 0.04
0 0.3525 0.2875 0.02375 0.03
0 0.35375 0.32125 0.02 0.03
0 0.3825 0.32375 0.03125 0.03125
0 0.385 0.29 0.02375 0.0325
0 0.4625 0.17875 0.0425 0.1225
0 0.4125 0.18 0.03875 0.1225
0 0.36875 0.18 0.03875 0.12875
0 0.325 0.18 0.04125 0.125
0 0.6125 0.4025 0.03375 0.06625
0 0.2775 0.18375 0.04 0.12
0 0.2075 0.22125 0.01875 0.03625
0 0.20125 0.17625 0.02125 0.02
0 0.50125 0.19625 0.0325 0.09
0 0.65 0.405 0.02625 0.06375
0 0.1925 0.4825 0.01625 0.06375
0 0.74125 0.40875 0.02875 0.06625
0 0.6775 0.51375 0.02375 0.035
0 0.41 0.7075 0.05125 0.1125
0 0.35125 0.70625 0.05125 0.1075
0 0.30625 0.6925 0.0225 0.115
0 0.2625 0.70125 0.03125 0.10125
0 0.22375 0.6925 0.03 0.09625
0 0.19125 0.7025 0.01875 0.07
0 0.165 0.695 0.02375 0.085
0 0.4625 0.71875 0.05 0.10875
0 0.51375 0.7275 0.05 0.11
0 0.5575 0.7325 0.03 0.115
0 0.65875 0.57375 0.0475 0.04875
0 0.5975 0.775 0.04875 0.03375
0 0.65625 0.75125 0.06125 0.0325
0 0.66 0.71625 0.06375 0.03375
0 0.7425 0.77375 0.085 0.095
0 0.815 0.75875 0.03875 0.1325
0 0.84875 0.78 0.02375 0.0825
0 0.78875 0.63 0.0525 0.0725
0 0.735 0.625 0.04375 0.07
0 0.59625 0.60375 0.05125 0.08375
0 0.54 0.6 0.04875 0.08125
0 0.1825 0.2125 0.02 0.05375
0 0.48875 0.59125 0.045 0.08
0 0.66 0.785 0.055 0.03125
0 0.1325 0.4875 0.015 0.0475
0 0.435 0.5775 0.045 0.09
0 0.38375 0.57875 0.04 0.095
0 0.7775 0.41125 0.02625 0.06875
0 0.815 0.41625 0.03 0.0675
0 0.8625 0.41 0.02375 0.0675
0 0.15375 0.48125 0.015 0.0625
0 0.17125 0.48375 0.015 0.065
0 0.245 0.4575 0.05 0.1025
0 0.21125 0.48375 0.015 0.06
0 0.33375 0.48625 0.03125 0.03
0 0.39 0.49125 0.02875 0.0325
0 0.42375 0.46125 0.035 0.02625
0 0.425 0.4975 0.03375 0.0375
0 0.46125 0.49875 0.03125 0.0375
0 0.49625 0.5025 0.03125 0.03875
0 0.60625 0.51375 0.035 0.03125
0 0.64375 0.5125 0.03375 0.0325
0 0.78375 0.5275 0.0425 0.06625
0 0.82875 0.5275 0.04125 0.0675
0 0.7375 0.52625 0.04 0.06375
0 0.14 0.5775 0.03 0.015
0 0.1425 0.595 0.03375 0.01375
0 0.21875 0.57375 0.02875 0.06625
0 0.2575 0.5625 0.045 0.08
0 0.295 0.57875 0.0275 0.07625
0 0.32 0.5725 0.0175 0.09125
0 0.345 0.57625 0.02625 0.09
0 0.68125 0.40625 0.025 0.07375
0 0.53125 0.50375 0.03125 0.03375
0 0.15625 0.21375 0.0225 0.0575