0 0.16875 0.3775 0.03375 0.03125
0 0.1375 0.375 0.0225 0.03125
0 0.68125 0.295 0.07375 0.04125
0 0.61125 0.2975 0.065 0.0475
0 0.5 0.44875 0.04625 0.03875
0 0.49375 0.30625 0.055 0.04375
0 0.39875 0.31 0.0475 0.04125
0 0.35375 0.3125 0.04125 0.035
0 0.31375 0.31625 0.03625 0.03875
0 0.54875 0.3025 0.05625 0.0375
0 0.445 0.30875 0.04125 0.03875
0 0.27375 0.38 0.035 0.035
0 0.35375 0.37875 0.0425 0.0375
0 0.39875 0.3775 0.0475 0.0375
0 0.44625 0.37875 0.0475 0.0375
0 0.4975 0.3775 0.05 0.04
0 0.55 0.3775 0.055 0.04
0 0.145 0.43 0.02875 0.03625
0 0.175 0.4325 0.03375 0.03125
0 0.20875 0.43375 0.03125 0.035
0 0.27875 0.4375 0.0375 0.035
0 0.31625 0.44 0.0375 0.03375
0 0.4025 0.44375 0.04375 0.03875
0 0.45 0.44875 0.05 0.04
0 0.31125 0.37875 0.04 0.0375
0 0.3575 0.4425 0.04375 0.03625
0 0.41375 0.22625 0.03 0.06375
0 0.2375 0.4275 0.02125 0.0475
0 0.43625 0.135 0.0325 0.07375
0 0.47 0.12875 0.035 0.07
0 0.5075 0.125 0.03875 0.07875
0 0.5475 0.11625 0.04125 0.07125
0 0.58875 0.10875 0.03625 0.08375
0 0.62625 0.10125 0.04 0.07375
0 0.67375 0.095 0.05375 0.08625
0 0.13375 0.255 0.01625 0.04875
0 0.1525 0.25625 0.01625 0.04875
0 0.17125 0.25125 0.02 0.055
0 0.19 0.25 0.01875 0.05
0 0.2575 0.24125 0.02375 0.0575
0 0.2725 0.31625 0.04375 0.0375
0 0.27875 0.24 0.01875 0.05625
0 0.33125 0.23625 0.0325 0.05625
0 0.36 0.23375 0.02375 0.0625
0 0.385 0.23 0.02625 0.0575
0 0.54875 0.45125 0.05 0.04375
0 0.4475 0.22375 0.03875 0.0625
0 0.4825 0.21875 0.02875 0.07
0 0.51625 0.21375 0.03875 0.07125
0 0.55875 0.21 0.04125 0.07625
0 0.59625 0.20875 0.0325 0.07125
0 0.15875 0.32 0.0325 0.03375
0 0.2275 0.2725 0.03375 0.0825
0 0.22875 0.36 0.04 0.08375
0 0.30125 0.2375 0.025 0.06125
0 0.145 0.4825 0.03125 0.0325
0 0.26875 0.5525 0.02125 0.05
0 0.22 0.48625 0.03875 0.0375
0 0.4025 0.685 0.0625 0.07125
0 0.28375 0.62125 0.0475 0.0475
0 0.4525 0.695 0.0325 0.06375
0 0.4975 0.7125 0.05875 0.08625
0 0.55125 0.72625 0.0475 0.06
0 0.2175 0.7175 0.075 0.02625
0 0.16125 0.7575 0.04625 0.05125
0 0.2075 0.76375 0.03875 0.0625
0 0.24625 0.7825 0.035 0.06125
0 0.28125 0.79125 0.03125 0.0575
0 0.32 0.8075 0.04375 0.055
0 0.37 0.82125 0.05 0.06
0 0.43125 0.84625 0.07125 0.06125
0 0.5075 0.87625 0.075 0.06
0 0.50625 0.8225 0.06 0.0425
0 0.6225 0.45625 0.09375 0.16625
0 0.71625 0.4525 0.08625 0.1625
0 0.5975 0.59375 0.05625 0.1025
0 0.675 0.61875 0.09875 0.15625
0 0.79875 0.59 0.14375 0.11375
0 0.6325 0.74875 0.10625 0.09875
0 0.74875 0.75125 0.10375 0.10625
0 0.61 0.84375 0.06875 0.09125
0 0.685 0.91625 0.0775 0.1675
0 0.785 0.90125 0.11875 0.1875
0 0.35125 0.68125 0.03875 0.0625
0 0.31125 0.67625 0.03625 0.0525
0 0.405 0.14125 0.03125 0.06
0 0.27625 0.67 0.0325 0.05
0 0.26 0.4925 0.03875 0.05
0 0.29875 0.50125 0.04 0.0275
0 0.33875 0.505 0.0375 0.035
0 0.38 0.50875 0.04375 0.0325
0 0.425 0.5125 0.0475 0.0425
0 0.4625 0.5075 0.0275 0.05125
0 0.49 0.51 0.02625 0.055
0 0.51875 0.51375 0.02875 0.055
0 0.55125 0.5175 0.02875 0.055
0 0.17375 0.5425 0.035 0.04875
0 0.20125 0.5425 0.01875 0.04625
0 0.22 0.54625 0.01875 0.0475
0 0.18125 0.4925 0.03875 0.02875
0 0.24375 0.5475 0.025 0.05125
0 0.305 0.56 0.02375 0.0525
0 0.33 0.56625 0.02625 0.0525
0 0.3575 0.56625 0.02625 0.05
0 0.385 0.57125 0.025 0.0575
0 0.41375 0.5775 0.03125 0.05
0 0.45375 0.58125 0.0475 0.05875
0 0.525 0.58875 0.0225 0.06
0 0.5525 0.59 0.02875 0.06375
0 0.16125 0.6375 0.045 0.05875
0 0.19625 0.65 0.02375 0.04
0 0.23375 0.65875 0.04875 0.05625
0 0.23 0.61375 0.04875 0.0325
0 0.285 0.555 0.01375 0.05125
0 0.37875 0.1475 0.02125 0.0575
0 0.5 0.585 0.02875 0.065
0 0.325 0.1575 0.02375 0.06625
0 0.29875 0.16375 0.02625 0.05375
0 0.26125 0.16875 0.04375 0.06
0 0.22875 0.1725 0.0175 0.05625
0 0.2075 0.17875 0.02375 0.05875
0 0.18625 0.1825 0.01875 0.05125
0 0.35 0.15125 0.025 0.05875
0 0.1675 0.1825 0.01625 0.0525
0 0.1475 0.1875 0.02125 0.04375