0 0.26125 0.5925 0.015 0.02375
0 0.31375 0.565 0.025 0.06
0 0.3425 0.57625 0.02625 0.0525
0 0.405 0.5675 0.025 0.075
0 0.24375 0.5925 0.015 0.01875
0 0.4375 0.58125 0.02625 0.04625
0 0.4625 0.55125 0.01875 0.04875
0 0.48375 0.52625 0.01625 0.05
0 0.53125 0.555 0.0675 0.06625
0 0.37375 0.5675 0.03125 0.0775
0 0.82625 0.57125 0.02625 0.05125
0 0.67625 0.57875 0.06 0.03375
0 0.73875 0.535 0.06125 0.0475
0 0.75625 0.5925 0.06875 0.01625
0 0.8025 0.57 0.02 0.04875
0 0.8575 0.56875 0.02875 0.05375
0 0.1575 0.64875 0.0225 0.04125
0 0.18375 0.65 0.02625 0.04125
0 0.1675 0.6975 0.0225 0.03875
0 0.195 0.6925 0.02375 0.04875
0 0.22875 0.59125 0.01125 0.01875
0 0.235 0.66875 0.02 0.0175
0 0.60875 0.58125 0.06375 0.0375
0 0.21125 0.5925 0.015 0.02
0 0.21375 0.5225 0.015 0.00875
0 0.275 0.565 0.015 0.015
0 0.26 0.67 0.02625 0.01875
0 0.72125 0.43375 0.00875 0.0775
0 0.73 0.4325 0.00875 0.07625
0 0.76125 0.44 0.04375 0.05875
0 0.815 0.455 0.02625 0.05
0 0.8625 0.45125 0.02375 0.05
0 0.13125 0.58875 0.00875 0.02
0 0.145 0.5925 0.01375 0.02125
0 0.1625 0.59125 0.0175 0.02
0 0.18 0.5925 0.01375 0.02125
0 0.2125 0.51 0.01125 0.0125
0 0.2275 0.51125 0.01375 0.00875
0 0.24375 0.50875 0.0175 0.01125
0 0.22875 0.5225 0.00875 0.00875
0 0.24625 0.52375 0.01625 0.0125
0 0.21375 0.5325 0.01375 0.0125
0 0.22875 0.535 0.01375 0.0125
0 0.255 0.54375 0.01875 0.0175
0 0.27 0.54125 0.01 0.0125
0 0.285 0.5375 0.015 0.0125
0 0.19375 0.565 0.01125 0.0175
0 0.21125 0.56375 0.01375 0.01875
0 0.225 0.56125 0.0125 0.01375
0 0.24375 0.5675 0.0175 0.02
0 0.25875 0.56625 0.01 0.015
0 0.195 0.5925 0.01375 0.01875
0 0.2375 0.68875 0.02 0.0175
0 0.5575 0.69125 0.01625 0.02625
0 0.29125 0.6375 0.01875 0.01625
0 0.7125 0.4325 0.00875 0.08
0 0.52125 0.6475 0.015 0.02
0 0.53375 0.64875 0.0075 0.0175
0 0.54625 0.64625 0.0125 0.0175
0 0.5825 0.65 0.0225 0.0325
0 0.6075 0.6475 0.01875 0.04
0 0.64375 0.65125 0.04625 0.01625
0 0.58 0.68875 0.02 0.03875
0 0.60625 0.68875 0.01875 0.035
0 0.62875 0.68875 0.02125 0.0375
0 0.65375 0.69 0.0175 0.0375
0 0.54 0.69 0.01125 0.02125
0 0.4275 0.81 0.02375 0.0575
0 0.37375 0.7625 0.02375 0.04625
0 0.3475 0.76375 0.02625 0.04625
0 0.32125 0.7625 0.02375 0.0425
0 0.2925 0.765 0.02125 0.04875
0 0.3925 0.83 0.025 0.05375
0 0.36875 0.82625 0.02 0.0625
0 0.345 0.825 0.025 0.06
0 0.3175 0.8225 0.025 0.0575
0 0.2925 0.825 0.0275 0.05375
0 0.74875 0.68125 0.025 0.0375
0 0.7225 0.67375 0.02125 0.0375
0 0.3975 0.76375 0.02125 0.04625
0 0.26125 0.68875 0.0225 0.01875
0 0.525 0.6875 0.01125 0.025
0 0.49375 0.71 0.0125 0.0175
0 0.3125 0.6375 0.02 0.01625
0 0.28875 0.65625 0.01625 0.015
0 0.31 0.65625 0.01625 0.01375
0 0.28875 0.6725 0.015 0.0175
0 0.31 0.6725 0.02 0.01125
0 0.28875 0.69 0.0125 0.01375
0 0.305 0.6875 0.01375 0.015
0 0.32625 0.69125 0.02125 0.02125
0 0.35 0.69125 0.02 0.02125
0 0.32125 0.71125 0.02375 0.0175
0 0.34875 0.7125 0.01875 0.01375
0 0.50875 0.71 0.015 0.02125
0 0.405 0.63 0.04 0.0125
0 0.3925 0.69125 0.04625 0.015
0 0.4325 0.635 0.01125 0.02125
0 0.445 0.635 0.015 0.01875
0 0.45875 0.63625 0.01 0.01875
0 0.43125 0.65625 0.01125 0.0175
0 0.445 0.6575 0.01375 0.015
0 0.4575 0.65875 0.01125 0.015
0 0.42625 0.70125 0.0125 0.0225
0 0.44 0.7025 0.01125 0.02
0 0.455 0.7025 0.0125 0.0225
0 0.47875 0.7075 0.015 0.0225
0 0.40125 0.6575 0.04 0.01375
0 0.70375 0.43375 0.00875 0.08375
0 0.47125 0.75125 0.02375 0.025
0 0.7 0.67375 0.02 0.035
0 0.41125 0.33 0.0275 0.06
0 0.44125 0.33 0.025 0.06625
0 0.4675 0.34125 0.02375 0.045
0 0.495 0.34 0.02875 0.0475
0 0.52375 0.34 0.02625 0.0475
0 0.5525 0.34625 0.02625 0.03875
0 0.58125 0.345 0.02625 0.04
0 0.59125 0.29375 0.03125 0.04625
0 0.635 0.325 0.025 0.07125
0 0.6775 0.29625 0.04625 0.0975
0 0.73875 0.275 0.06375 0.01625
0 0.73875 0.32875 0.07 0.0775
0 0.8075 0.3275 0.0575 0.07875
0 0.865 0.345 0.01875 0.045
0 0.16 0.46 0.02375 0.0375
0 0.195 0.4625 0.02625 0.03375
0 0.215 0.4275 0.04125 0.025
0 0.24125 0.46 0.04375 0.035
0 0.3325 0.45625 0.045 0.04625
0 0.38375 0.46125 0.0425 0.04
0 0.4025 0.40875 0.0325 0.03
0 0.43375 0.43625 0.02375 0.0625
0 0.45875 0.44 0.025 0.0575
0 0.34125 0.34375 0.03625 0.04
0 0.305 0.30125 0.035 0.035
0 0.3 0.345 0.0425 0.0375
0 0.25125 0.34625 0.035 0.03875
0 0.1425 0.15625 0.03 0.125
0 0.18 0.1575 0.03875 0.12375
0 0.21875 0.1575 0.035 0.12375
0 0.25625 0.15375 0.03625 0.12875
0 0.2975 0.15375 0.0425 0.13
0 0.33875 0.15625 0.03625 0.12375
0 0.38375 0.17 0.02875 0.1
0 0.42 0.16125 0.035 0.12
0 0.4575 0.1575 0.03375 0.1325
0 0.49125 0.16625 0.03 0.11375
0 0.5325 0.17625 0.0375 0.08875
0 0.4875 0.44 0.025 0.06625
0 0.57625 0.125 0.02625 0.04
0 0.57125 0.2 0.02375 0.035
0 0.60125 0.16 0.0225 0.0225
0 0.60125 0.18125 0.02875 0.015
0 0.60375 0.19875 0.02625 0.01375
0 0.65125 0.19375 0.01375 0.0625
0 0.67875 0.18625 0.035 0.0675
0 0.72875 0.19375 0.05125 0.065
0 0.77125 0.16375 0.0275 0.11875
0 0.8175 0.15875 0.055 0.125
0 0.1775 0.33375 0.02875 0.05
0 0.21375 0.345 0.0325 0.03625
0 0.57375 0.16375 0.02375 0.03125
0 0.51625 0.44875 0.02375 0.05125
0 0.54875 0.43625 0.02625 0.07375
0 0.575 0.45 0.01625 0.04375
0 0.23 0.7625 0.01375 0.015
0 0.245 0.7625 0.015 0.015
0 0.20125 0.7725 0.01 0.0125
0 0.215 0.77375 0.01625 0.01375
0 0.2325 0.77625 0.00875 0.00875
0 0.2475 0.77625 0.01 0.0075
0 0.20125 0.78625 0.0125 0.01
0 0.21875 0.785 0.0125 0.00875
0 0.23375 0.78625 0.01125 0.00875
0 0.24625 0.78625 0.01375 0.01125
0 0.20375 0.7975 0.01125 0.01
0 0.21625 0.76 0.01 0.0125
0 0.21875 0.79625 0.0125 0.0125
0 0.205 0.81125 0.01625 0.01125
0 0.22125 0.8075 0.01125 0.00875
0 0.175 0.87625 0.01125 0.01875
0 0.19375 0.87625 0.015 0.02
0 0.20875 0.8775 0.01375 0.02375
0 0.22375 0.87625 0.01375 0.02625
0 0.84125 0.7725 0.01625 0.0375
0 0.86125 0.77125 0.02 0.03125
0 0.135 0.77 0.015 0.02125
0 0.15 0.76875 0.01 0.02125
0 0.165 0.76875 0.0175 0.02125
0 0.235 0.7975 0.01375 0.00875
0 0.695 0.435 0.0075 0.085
0 0.20125 0.76125 0.01 0.01
0 0.51875 0.75125 0.02375 0.02375
0 0.59875 0.44 0.02375 0.07
0 0.63 0.43625 0.02875 0.07875
0 0.66125 0.43875 0.02875 0.08
0 0.685 0.43625 0.01 0.08625
0 0.4525 0.80875 0.02375 0.05625
0 0.47875 0.80875 0.02 0.06
0 0.505 0.81 0.0225 0.05625
0 0.52875 0.80875 0.02375 0.05625
0 0.56625 0.86375 0.01875 0.04875
0 0.5925 0.8625 0.0275 0.0525
0 0.64 0.86375 0.02125 0.0575
0 0.8025 0.8675 0.03 0.04875
0 0.68 0.86125 0.02375 0.04375
0 0.725 0.86375 0.0225 0.04875
0 0.75 0.8675 0.02125 0.045
0 0.7725 0.8625 0.02 0.04625
0 0.19875 0.74875 0.0125 0.01375
0 0.21375 0.7475 0.01125 0.01375
0 0.23125 0.74625 0.0175 0.01125
0 0.24875 0.74875 0.0125 0.0125
0 0.265 0.74875 0.01375 0.01375
0 0.42625 0.75125 0.0175 0.02625
0 0.445 0.7525 0.015 0.02125
0 0.495 0.7525 0.02125 0.0225
0 0.70125 0.86375 0.0175 0.04875
0 0.28625 0.45375 0.04 0.04375
0 0.6775 0.67375 0.0175 0.0375