0 0.6975 0.61125 0.03 0.03875
0 0.75125 0.58 0.02375 0.08125
0 0.72875 0.585 0.02125 0.0875
0 0.67 0.59625 0.02875 0.09125
0 0.81375 0.56125 0.02 0.10125
0 0.60875 0.6325 0.03125 0.0325
0 0.6075 0.59125 0.0325 0.04125
0 0.5775 0.61375 0.02 0.08625
0 0.7725 0.58875 0.015 0.0625
0 0.5525 0.61125 0.02875 0.095
0 0.5225 0.61625 0.03125 0.1025
0 0.49125 0.61875 0.0275 0.1025
0 0.64 0.6 0.0275 0.095
0 0.79 0.56375 0.02 0.10375
0 0.22375 0.815 0.04625 0.07875
0 0.8325 0.56 0.01625 0.1
0 0.85375 0.5575 0.025 0.0975
0 0.16875 0.8275 0.04375 0.0525
0 0.46125 0.6275 0.02875 0.10125
0 0.18125 0.9175 0.0525 0.0525
0 0.24 0.8925 0.0525 0.05375
0 0.28625 0.8325 0.035 0.13
0 0.32125 0.82875 0.0325 0.125
0 0.35375 0.82 0.03 0.14125
0 0.38625 0.80875 0.0325 0.12125
0 0.415 0.8025 0.0225 0.13
0 0.445 0.7925 0.03875 0.11
0 0.44 0.27625 0.02875 0.1325
0 0.42625 0.63 0.03625 0.10375
0 0.815 0.43375 0.01625 0.1
0 0.3075 0.64 0.03875 0.12
0 0.55375 0.29 0.03 0.105
0 0.5225 0.28375 0.0275 0.12125
0 0.5 0.2825 0.015 0.12125
0 0.1525 0.4825 0.0425 0.11125
0 0.2475 0.455 0.03875 0.15125
0 0.28375 0.455 0.03125 0.15125
0 0.32375 0.44875 0.0475 0.13875
0 0.3675 0.4475 0.03 0.14
0 0.40125 0.4475 0.04 0.13875
0 0.43625 0.465 0.02625 0.10375
0 0.46875 0.44375 0.025 0.12875
0 0.49875 0.44375 0.03375 0.1275
0 0.53 0.45375 0.02375 0.10875
0 0.5625 0.45 0.03625 0.105
0 0.5925 0.4475 0.025 0.10625
0 0.62125 0.445 0.03125 0.1025
0 0.6525 0.445 0.0325 0.1025
0 0.68375 0.44375 0.0275 0.10125
0 0.7075 0.4425 0.0225 0.1025
0 0.7325 0.4375 0.025 0.09125
0 0.75625 0.43125 0.0225 0.105
0 0.79125 0.43125 0.02875 0.105
0 0.4825 0.7775 0.03125 0.1275
0 0.83875 0.43 0.03125 0.09125
0 0.86375 0.42375 0.01875 0.105
0 0.14625 0.685 0.0325 0.13625
0 0.175 0.6875 0.02 0.1125
0 0.35 0.64125 0.04125 0.11125
0 0.515 0.77125 0.03125 0.1125
0 0.705 0.72375 0.0275 0.115
0 0.575 0.75375 0.03 0.1025
0 0.7725 0.98 0.03625 0.04
0 0.545 0.765 0.0275 0.12375
0 0.82375 0.95 0.02375 0.0975
0 0.855 0.94 0.035 0.10625
0 0.405 0.30125 0.04 0.0825
0 0.37 0.30125 0.0275 0.08125
0 0.335 0.27125 0.0425 0.14
0 0.295 0.27125 0.03625 0.1375
0 0.24375 0.2625 0.0625 0.16375
0 0.1875 0.2575 0.05 0.15625
0 0.145 0.2875 0.03375 0.09875
0 0.865 0.80125 0.01625 0.09
0 0.86125 0.2975 0.02375 0.10375
0 0.8225 0.29875 0.01875 0.1075
0 0.79875 0.285 0.02375 0.12875
0 0.77375 0.28625 0.0275 0.1275
0 0.74375 0.2975 0.0225 0.105
0 0.72125 0.30875 0.02375 0.08125
0 0.69875 0.31 0.01875 0.0825
0 0.68125 0.30625 0.0175 0.09125
0 0.66125 0.2975 0.0175 0.11
0 0.63625 0.29875 0.03 0.10625
0 0.6125 0.29625 0.01875 0.09875
0 0.58375 0.31625 0.0275 0.06125
0 0.84 0.29875 0.0175 0.10625
0 0.8475 0.8075 0.01875 0.0975
0 0.80125 0.95125 0.01625 0.09625
0 0.80625 0.825 0.01875 0.10875
0 0.60375 0.7475 0.02625 0.115
0 0.62875 0.7425 0.02125 0.10625
0 0.65375 0.73875 0.02625 0.115
0 0.6775 0.72875 0.02 0.10875
0 0.73375 0.71125 0.03 0.0925
0 0.76 0.71 0.01875 0.0875
0 0.78375 0.6975 0.02625 0.1
0 0.8075 0.69625 0.02 0.10125
0 0.83 0.68875 0.025 0.09
0 0.85125 0.6825 0.01625 0.1
0 0.8675 0.6775 0.01375 0.09
0 0.42375 0.95 0.03875 0.1
0 0.46 0.94375 0.0325 0.1125
0 0.8275 0.81 0.0225 0.0925
0 0.47375 0.27625 0.035 0.13375
0 0.6275 0.8875 0.03 0.105
0 0.78 0.8325 0.0325 0.09625
0 0.49125 0.94 0.025 0.12
0 0.51875 0.92875 0.025 0.1175
0 0.5425 0.92 0.01625 0.1175
0 0.565 0.9125 0.0225 0.1275
0 0.5875 0.9 0.0225 0.10875
0 0.75125 0.84375 0.02 0.10875
0 0.65125 0.88125 0.01875 0.1175
0 0.68125 0.87 0.03625 0.09625
0 0.71125 0.8625 0.02 0.1075
0 0.73125 0.8525 0.01875 0.09375