0 0.70375 0.52875 0.01875 0.06375
0 0.79375 0.28 0.01375 0.06
0 0.775 0.275 0.01375 0.05875
0 0.75375 0.2675 0.00625 0.0625
0 0.7425 0.265 0.0075 0.06
0 0.7325 0.26125 0.00875 0.07
0 0.71125 0.26125 0.01875 0.04625
0 0.69 0.25375 0.01375 0.04875
0 0.6725 0.25125 0.01 0.0525
0 0.6575 0.25375 0.01375 0.02125
0 0.64125 0.22625 0.03125 0.02625
0 0.595 0.225 0.0225 0.0625
0 0.56625 0.215 0.02125 0.06125
0 0.53625 0.205 0.0275 0.0625
0 0.49875 0.1925 0.02625 0.0775
0 0.4675 0.17 0.0225 0.11875
0 0.43875 0.16 0.02 0.12375
0 0.14875 0.10125 0.03875 0.08375
0 0.81125 0.28625 0.01125 0.06125
0 0.825 0.28875 0.0075 0.0625
0 0.7525 0.3175 0.01625 0.02625
0 0.5475 0.66375 0.0175 0.095
0 0.1975 0.80125 0.04375 0.13125
0 0.24 0.785 0.035 0.1225
0 0.275 0.77125 0.0275 0.1275
0 0.305 0.76125 0.0275 0.12375
0 0.32625 0.74625 0.0075 0.07875
0 0.35375 0.7275 0.0325 0.09125
0 0.41125 0.71375 0.03125 0.10625
0 0.41 0.15625 0.0175 0.11625
0 0.37875 0.155 0.03125 0.09875
0 0.3425 0.17125 0.03125 0.04375
0 0.19375 0.26 0.0525 0.16625
0 0.14375 0.25625 0.0375 0.17
0 0.29875 0.13 0.0425 0.10625
0 0.26125 0.15 0.025 0.045
0 0.235 0.12125 0.01125 0.09
0 0.22 0.12375 0.0175 0.0775
0 0.195 0.09625 0.0275 0.125
0 0.69375 0.30375 0.0225 0.0325
0 0.5275 0.67125 0.01625 0.09125
0 0.4825 0.7175 0.0225 0.03875
0 0.705 0.34375 0.015 0.0325
0 0.76 0.4325 0.0125 0.0575
0 0.7425 0.45 0.015 0.02625
0 0.71875 0.44875 0.01875 0.03375
0 0.70875 0.41 0.02 0.035
0 0.68375 0.40875 0.0175 0.03875
0 0.4725 0.305 0.03 0.12
0 0.5075 0.30125 0.025 0.07
0 0.15 0.8175 0.04875 0.14
0 0.535 0.305 0.0175 0.07125
0 0.5575 0.31 0.01625 0.0625
0 0.57625 0.3125 0.015 0.06375
0 0.6 0.31625 0.01625 0.05625
0 0.6275 0.3225 0.02125 0.05375
0 0.64875 0.32625 0.01375 0.05
0 0.66625 0.33 0.01 0.0475
0 0.68375 0.33875 0.015 0.03125
0 0.6925 0.47625 0.015 0.03625
0 0.7725 0.42875 0.0075 0.06
0 0.78375 0.42875 0.0075 0.055
0 0.7925 0.42875 0.00625 0.05625
0 0.80625 0.4075 0.015 0.0325
0 0.47625 0.6775 0.0225 0.02375
0 0.44375 0.70125 0.03125 0.09375
0 0.76625 0.51125 0.0075 0.06875
0 0.75625 0.51 0.01 0.0675
0 0.7425 0.51375 0.01125 0.0675
0 0.73125 0.5175 0.00875 0.06625
0 0.72 0.52 0.00875 0.06625
0 0.67875 0.48125 0.00625 0.04625
0 0.505 0.68 0.01875 0.09375
0 0.665 0.48875 0.01125 0.04375
0 0.63375 0.49 0.01375 0.0325
0 0.61375 0.4925 0.02125 0.04625
0 0.58 0.49625 0.02 0.05125
0 0.5575 0.4975 0.02125 0.05
0 0.52125 0.495 0.01875 0.05625
0 0.49125 0.49375 0.02125 0.07625
0 0.81625 0.44 0.01125 0.025
0 0.8025 0.4425 0.0075 0.02875
0 0.65125 0.485 0.0125 0.03875
0 0.68875 0.53875 0.01125 0.05375
0 0.59875 0.4125 0.01375 0.06625
0 0.64625 0.5675 0.0175 0.0175
0 0.50875 0.82625 0.0275 0.0925
0 0.54 0.80875 0.02375 0.0975
0 0.56625 0.795 0.02 0.08875
0 0.5875 0.7825 0.015 0.0875
0 0.6075 0.76875 0.02125 0.08875
0 0.6275 0.75625 0.01375 0.08125
0 0.64375 0.7475 0.015 0.08
0 0.6625 0.74 0.01625 0.0775
0 0.68 0.7275 0.01375 0.075
0 0.4725 0.86125 0.0175 0.0475
0 0.695 0.71625 0.01125 0.0725
0 0.7375 0.67875 0.01375 0.065
0 0.7525 0.6725 0.01125 0.05875
0 0.7725 0.67 0.01375 0.0575
0 0.78875 0.645 0.0125 0.02375
0 0.78875 0.675 0.00875 0.025
0 0.80625 0.635 0.01875 0.0225
0 0.80625 0.66625 0.01125 0.02375
0 0.6625 0.41375 0.0125 0.0475
0 0.65 0.41375 0.01125 0.0475
0 0.7175 0.69375 0.01625 0.06625
0 0.62625 0.40125 0.0225 0.04625
0 0.6725 0.54375 0.015 0.04375
0 0.3725 0.88375 0.01125 0.09
0 0.5725 0.65625 0.01625 0.08375
0 0.6 0.64625 0.01625 0.0825
0 0.6175 0.64125 0.01125 0.08125
0 0.63125 0.63625 0.01125 0.07625
0 0.64125 0.6325 0.00625 0.07375
0 0.65625 0.6275 0.01375 0.075
0 0.66875 0.62 0.00875 0.07
0 0.68375 0.6175 0.0125 0.07375
0 0.695 0.61125 0.00625 0.06875
0 0.40875 0.87625 0.03 0.1075
0 0.70875 0.6025 0.015 0.07375
0 0.735 0.5925 0.0075 0.0675
0 0.7475 0.58875 0.015 0.065
0 0.76 0.585 0.01 0.065
0 0.77375 0.57875 0.01 0.0625
0 0.785 0.57625 0.0075 0.065
0 0.80375 0.565 0.02625 0.05125
0 0.28 0.9425 0.04125 0.1125
0 0.3475 0.92875 0.03 0.1075
0 0.3175 0.9475 0.02375 0.10375
0 0.7225 0.5975 0.01 0.07125
0 0.5725 0.41375 0.02125 0.07625
0 0.44375 0.86625 0.03375 0.09
0 0.5175 0.59 0.0175 0.04625
0 0.43625 0.585 0.0325 0.09875
0 0.46625 0.58125 0.02375 0.0975
0 0.795 0.355 0.00625 0.065
0 0.775 0.35125 0.00875 0.0675
0 0.76 0.36 0.01 0.04625
0 0.74375 0.35875 0.01125 0.05125
0 0.72 0.35 0.0125 0.06
0 0.4925 0.59125 0.0225 0.05625
0 0.54 0.59 0.01 0.0325
0 0.40625 0.58875 0.02125 0.1125
0 0.43875 0.2975 0.0275 0.12
0 0.33875 0.29 0.03375 0.1275
0 0.29625 0.3025 0.03625 0.09875
0 0.25 0.27 0.05 0.15875
0 0.555 0.58875 0.01375 0.0325
0 0.58625 0.56875 0.0175 0.05
0 0.60625 0.56625 0.015 0.0525
0 0.6225 0.5675 0.01125 0.0275
0 0.6475 0.54625 0.0225 0.01625
0 0.5425 0.405 0.03125 0.0725
0 0.4025 0.29125 0.04125 0.12625
0 0.38 0.59625 0.02375 0.115
0 0.78625 0.3525 0.0075 0.07
0 0.31375 0.6125 0.03375 0.1225
0 0.4975 0.4075 0.03125 0.07
0 0.45625 0.44125 0.01625 0.10375
0 0.4375 0.45875 0.01125 0.08
0 0.40625 0.42625 0.03625 0.11875
0 0.35875 0.44375 0.03 0.11875
0 0.31625 0.44625 0.045 0.125
0 0.34875 0.6075 0.03 0.1175
0 0.235 0.44125 0.03875 0.1575
0 0.19 0.45 0.03625 0.14
0 0.145 0.44375 0.04 0.16
0 0.81625 0.3575 0.0125 0.06375
0 0.26625 0.44375 0.01625 0.14875
0 0.7775 0.5075 0.01 0.06375
0 0.78875 0.505 0.00875 0.065
0 0.8 0.50125 0.00625 0.06375
0 0.81125 0.5125 0.01125 0.03
0 0.1425 0.64 0.03375 0.16
0 0.185 0.63875 0.05 0.14875
0 0.23625 0.6325 0.04125 0.13375
0 0.805 0.35625 0.00625 0.06125
0 0.27625 0.62 0.0375 0.1275