0 0.675 0.5275 0.02625 0.06875
0 0.79 0.52875 0.03 0.06375
0 0.7325 0.5275 0.02375 0.0625
0 0.76 0.5275 0.02625 0.0675
0 0.1575 0.61625 0.03625 0.09
0 0.8675 0.52375 0.015 0.06125
0 0.84875 0.5275 0.0225 0.06875
0 0.82125 0.52625 0.025 0.065
0 0.59625 0.45875 0.025 0.07
0 0.70375 0.52625 0.02625 0.0625
0 0.56625 0.455 0.03 0.06125
0 0.54 0.3625 0.0325 0.06125
0 0.51125 0.4575 0.0225 0.0675
0 0.71125 0.29 0.0375 0.08875
0 0.60625 0.26125 0.03 0.0675
0 0.57375 0.26 0.0275 0.07
0 0.54375 0.25875 0.025 0.0675
0 0.51375 0.25875 0.0325 0.0725
0 0.47875 0.255 0.03125 0.07
0 0.44375 0.2575 0.03375 0.0775
0 0.40875 0.2525 0.03125 0.06875
0 0.375 0.2475 0.03125 0.065
0 0.33875 0.2475 0.03625 0.06625
0 0.30375 0.24875 0.025 0.07125
0 0.22125 0.24 0.02875 0.10875
0 0.1875 0.23875 0.035 0.1075
0 0.1475 0.24 0.03625 0.1025
0 0.76 0.1575 0.0375 0.095
0 0.72 0.16125 0.0375 0.09375
0 0.61375 0.15 0.03625 0.0925
0 0.57875 0.1475 0.02625 0.09625
0 0.54625 0.1425 0.03125 0.09625
0 0.5125 0.14125 0.03 0.09625
0 0.47875 0.14125 0.0275 0.09625
0 0.44625 0.14 0.03375 0.09375
0 0.41 0.1375 0.0275 0.09875
0 0.3775 0.135 0.03125 0.105
0 0.34 0.15375 0.03 0.05875
0 0.30125 0.13875 0.03375 0.08875
0 0.22 0.11625 0.02 0.0825
0 0.18875 0.115 0.035 0.085
0 0.14875 0.1125 0.03375 0.0875
0 0.7575 0.29875 0.03875 0.09375
0 0.5375 0.45375 0.025 0.06375
0 0.79875 0.29375 0.03625 0.0875
0 0.145 0.3625 0.025 0.085
0 0.48375 0.45875 0.03 0.07
0 0.4525 0.45875 0.02875 0.07
0 0.425 0.4575 0.025 0.07
0 0.395 0.45625 0.0225 0.0775
0 0.36875 0.45625 0.02875 0.0775
0 0.33875 0.455 0.0275 0.07375
0 0.31125 0.455 0.02625 0.0725
0 0.22875 0.49625 0.02125 0.10125
0 0.19625 0.4975 0.0375 0.09875
0 0.155 0.4975 0.03375 0.09875
0 0.86125 0.4125 0.0275 0.065
0 0.83 0.40875 0.03 0.05875
0 0.8 0.41 0.02375 0.065
0 0.77125 0.41125 0.0275 0.06375
0 0.73875 0.4125 0.02875 0.07
0 0.70875 0.41375 0.02625 0.07
0 0.68625 0.41375 0.02 0.06875
0 0.59 0.36375 0.0225 0.05625
0 0.5675 0.36375 0.01875 0.065
0 0.1975 0.61375 0.035 0.0925
0 0.51 0.3575 0.01875 0.06
0 0.48875 0.3575 0.02 0.05875
0 0.465 0.36 0.02375 0.0575
0 0.44 0.3625 0.025 0.06
0 0.41625 0.36 0.0225 0.0625
0 0.3775 0.365 0.0475 0.05375
0 0.3225 0.36375 0.045 0.055
0 0.225 0.36125 0.02875 0.08625
0 0.18875 0.36 0.03625 0.08
0 0.84375 0.295 0.04375 0.08375
0 0.2275 0.6125 0.025 0.08875
0 0.4575 0.55625 0.02875 0.06875
0 0.41625 0.8775 0.03375 0.06
0 0.3775 0.55625 0.02375 0.0775
0 0.35125 0.55625 0.02375 0.07625
0 0.81375 0.635 0.02625 0.06875
0 0.78625 0.63625 0.0225 0.07
0 0.75625 0.635 0.0275 0.07625
0 0.72625 0.63375 0.0275 0.075
0 0.4025 0.5575 0.0225 0.075
0 0.43875 0.6625 0.02875 0.07125
0 0.67 0.63875 0.02 0.06
0 0.58 0.65625 0.03 0.07375
0 0.55 0.65875 0.02625 0.06875
0 0.525 0.6625 0.02375 0.0725
0 0.31375 0.87875 0.03375 0.0625
0 0.34625 0.87875 0.02875 0.0625
0 0.69875 0.635 0.025 0.07375
0 0.38125 0.87375 0.0325 0.0675
0 0.42875 0.555 0.02375 0.07125
0 0.50875 0.55625 0.0225 0.06875
0 0.13875 0.86 0.02625 0.09375
0 0.8675 0.63625 0.015 0.07125
0 0.41125 0.66375 0.0225 0.06875
0 0.38375 0.6625 0.0275 0.07625
0 0.35375 0.6625 0.0275 0.07375
0 0.325 0.66125 0.02875 0.075
0 0.485 0.5575 0.01875 0.0725
0 0.2375 0.74 0.0225 0.0925
0 0.17125 0.74375 0.03125 0.09125
0 0.13875 0.745 0.0275 0.09375
0 0.5875 0.555 0.02375 0.0675
0 0.5625 0.55625 0.02375 0.07
0 0.53625 0.55875 0.02625 0.07375
0 0.8425 0.635 0.02375 0.065
0 0.20625 0.74125 0.035 0.08875
0 0.17625 0.8525 0.0425 0.08375
0 0.2175 0.85375 0.03625 0.08625
0 0.44875 0.8675 0.02875 0.05875
0 0.49625 0.76375 0.02625 0.065
0 0.525 0.7625 0.02875 0.0675
0 0.555 0.76125 0.02625 0.06125
0 0.5825 0.7625 0.025 0.05625
0 0.67 0.74125 0.02125 0.06125
0 0.69875 0.74125 0.0325 0.0575
0 0.4675 0.7625 0.0275 0.06625
0 0.72875 0.74 0.02375 0.05625
0 0.7825 0.73875 0.0225 0.05375
0 0.81125 0.7375 0.0275 0.0525
0 0.8375 0.74 0.02 0.06125
0 0.86375 0.7375 0.0225 0.05125
0 0.4975 0.66 0.02625 0.07875
0 0.46875 0.65875 0.03 0.0775
0 0.755 0.74 0.02375 0.05625
0 0.3225 0.5575 0.0275 0.07375
0 0.435 0.76375 0.03125 0.07
0 0.375 0.76125 0.0275 0.06625
0 0.4775 0.8675 0.025 0.0625
0 0.5125 0.87375 0.03375 0.06375
0 0.545 0.87125 0.02375 0.0625
0 0.57625 0.87 0.02875 0.05875
0 0.665 0.84625 0.02375 0.05625
0 0.69125 0.845 0.02625 0.05625
0 0.40375 0.76 0.025 0.06875
0 0.72125 0.8425 0.02875 0.06
0 0.775 0.83625 0.02125 0.0625
0 0.79875 0.83625 0.0225 0.06125
0 0.82375 0.83625 0.02375 0.06125
0 0.84875 0.83375 0.025 0.0625
0 0.315 0.76875 0.02875 0.06875
0 0.34375 0.7675 0.02875 0.07125
0 0.75 0.84125 0.0225 0.0625