0 0.5175 0.45125 0.04875 0.0575
0 0.44125 0.4425 0.0325 0.055
0 0.475 0.44875 0.035 0.06125
0 0.4925 0.9075 0.0375 0.08
0 0.4075 0.4425 0.03125 0.055
0 0.68 0.46625 0.055 0.06375
0 0.76625 0.35875 0.08625 0.04625
0 0.77125 0.535 0.03875 0.1175
0 0.825 0.53875 0.05 0.1075
0 0.83875 0.3375 0.05625 0.0625
0 0.7675 0.41 0.0875 0.0525
0 0.68375 0.36125 0.06375 0.1075
0 0.37625 0.44 0.02875 0.05375
0 0.73125 0.5275 0.04 0.10375
0 0.345 0.4325 0.03375 0.05125
0 0.19375 0.53125 0.0125 0.045
0 0.28125 0.4275 0.02625 0.05125
0 0.25125 0.42625 0.03 0.055
0 0.22375 0.4225 0.025 0.04625
0 0.20375 0.43625 0.01375 0.0725
0 0.19 0.43375 0.0125 0.06875
0 0.175 0.42875 0.01625 0.08
0 0.155 0.4275 0.0225 0.07875
0 0.1375 0.5125 0.02375 0.06375
0 0.16125 0.525 0.0175 0.04875
0 0.18 0.52875 0.015 0.04
0 0.615 0.3575 0.07 0.0975
0 0.2175 0.4975 0.0275 0.04875
0 0.24375 0.49875 0.02375 0.0525
0 0.275 0.5 0.03625 0.0475
0 0.3125 0.43 0.0325 0.05375
0 0.5575 0.3675 0.045 0.07875
0 0.39875 0.8 0.02125 0.02875
0 0.475 0.3625 0.04 0.0775
0 0.245 0.73125 0.01875 0.05875
0 0.225 0.7275 0.02375 0.0675
0 0.19625 0.71 0.0175 0.045
0 0.17875 0.70875 0.01625 0.04625
0 0.1625 0.70375 0.015 0.04375
0 0.14625 0.695 0.015 0.04125
0 0.26625 0.7425 0.02125 0.07
0 0.1725 0.805 0.0175 0.0725
0 0.14125 0.79375 0.01 0.06375
0 0.59375 0.08875 0.0475 0.11625
0 0.55 0.09625 0.035 0.105
0 0.51 0.09875 0.045 0.10875
0 0.4675 0.09875 0.0375 0.1075
0 0.43125 0.11 0.03625 0.09125
0 0.155 0.79625 0.0175 0.0575
0 0.515 0.365 0.04 0.075
0 0.29125 0.745 0.03125 0.065
0 0.33875 0.7575 0.02375 0.06875
0 0.45875 0.9025 0.03 0.09125
0 0.4225 0.88375 0.04 0.08625
0 0.3825 0.86625 0.03375 0.0875
0 0.3475 0.85625 0.035 0.07375
0 0.31125 0.84125 0.03375 0.09
0 0.27875 0.8325 0.03 0.075
0 0.31625 0.75125 0.01875 0.06875
0 0.25 0.8325 0.02625 0.07375
0 0.1975 0.8125 0.03 0.065
0 0.4175 0.80375 0.0125 0.025
0 0.335 0.5125 0.0275 0.05625
0 0.38 0.79125 0.015 0.025
0 0.36125 0.7875 0.01875 0.02
0 0.39375 0.76125 0.025 0.025
0 0.22625 0.82375 0.02 0.05625
0 0.3675 0.5175 0.0325 0.0475
0 0.51875 0.6175 0.03125 0.05
0 0.4425 0.525 0.03375 0.04875
0 0.64875 0.85625 0.04125 0.05875
0 0.61125 0.84875 0.0325 0.0725
0 0.5775 0.83375 0.03125 0.065
0 0.5425 0.82375 0.035 0.06125
0 0.435 0.36125 0.0375 0.0725
0 0.395 0.3575 0.0375 0.07125
0 0.3575 0.35625 0.03625 0.07375
0 0.3225 0.35375 0.0325 0.0675
0 0.25375 0.35 0.0275 0.06375
0 0.2225 0.34875 0.035 0.0675
0 0.15 0.335 0.02 0.06375
0 0.1325 0.33125 0.01375 0.06875
0 0.14 0.24625 0.02625 0.07
0 0.16875 0.2475 0.03 0.0725
0 0.2175 0.25125 0.01875 0.05875
0 0.2375 0.2525 0.01875 0.05875
0 0.255 0.25375 0.0175 0.06125
0 0.3925 0.11375 0.03875 0.08375
0 0.64125 0.08625 0.04375 0.11
0 0.68625 0.09875 0.035 0.08375
0 0.7225 0.09375 0.03875 0.08625
0 0.7875 0.12 0.09125 0.04
0 0.8225 0.26375 0.08125 0.08625
0 0.74375 0.92125 0.1475 0.1575
0 0.74125 0.27625 0.0425 0.0525
0 0.45125 0.2375 0.04375 0.1
0 0.4075 0.23625 0.0425 0.09875
0 0.37 0.23875 0.03125 0.09375
0 0.335 0.23875 0.03875 0.09375
0 0.3 0.25375 0.02375 0.06125
0 0.27625 0.2525 0.02375 0.06125
0 0.51875 0.25125 0.035 0.06875
0 0.65875 0.74625 0.04875 0.0575
0 0.61375 0.7375 0.0375 0.0625
0 0.57375 0.7275 0.035 0.0575
0 0.36 0.59 0.03375 0.05125
0 0.39625 0.595 0.035 0.05625
0 0.45375 0.60625 0.03625 0.04875
0 0.48625 0.61125 0.02875 0.05875
0 0.55125 0.62375 0.03125 0.0625
0 0.59 0.6325 0.0425 0.05
0 0.33 0.58625 0.025 0.05875
0 0.63 0.6375 0.03625 0.0625
0 0.67 0.55375 0.04 0.05375
0 0.63125 0.5525 0.0375 0.05375
0 0.59 0.54375 0.04375 0.05625
0 0.54875 0.53875 0.0375 0.05875
0 0.5125 0.5375 0.03625 0.055
0 0.47625 0.53125 0.03125 0.05875
0 0.67375 0.64375 0.0525 0.06125
0 0.4 0.51875 0.03 0.05375
0 0.30125 0.5825 0.03125 0.05
0 0.24625 0.57125 0.02875 0.0475
0 0.53875 0.7225 0.0325 0.065
0 0.50125 0.7025 0.0375 0.06125
0 0.465 0.6975 0.03 0.06625
0 0.42875 0.6875 0.03625 0.0575
0 0.395 0.6825 0.03125 0.06875
0 0.35875 0.675 0.0375 0.06125
0 0.27375 0.575 0.02375 0.0525
0 0.3225 0.665 0.03125 0.06375
0 0.26 0.64875 0.03125 0.065
0 0.225 0.645 0.0375 0.055
0 0.1575 0.6475 0.0325 0.04625
0 0.19 0.6525 0.02625 0.04125
0 0.1925 0.6075 0.0275 0.0375
0 0.16125 0.6025 0.02875 0.04375
0 0.29 0.65625 0.03 0.05375
0 0.35 0.1175 0.0425 0.08875
0 0.28625 0.35125 0.035 0.07
0 0.28625 0.12 0.03125 0.08875
0 0.315 0.11875 0.02625 0.08625
0 0.53375 0.91875 0.04375 0.08875
0 0.58 0.94 0.04625 0.1075
0 0.44875 0.80125 0.0475 0.05375
0 0.13875 0.15 0.02125 0.09375
0 0.63 0.9525 0.05125 0.08625
0 0.18125 0.14625 0.02 0.0975
0 0.1975 0.14375 0.015 0.1
0 0.22 0.125 0.02875 0.085
0 0.2525 0.11625 0.03375 0.095
0 0.16 0.15 0.02 0.09375