0 0.56 0.58625 0.01375 0.06
0 0.17375 0.53 0.0225 0.07875
0 0.61375 0.59125 0.02375 0.0575
0 0.585 0.59 0.02 0.0575
0 0.53875 0.59 0.0175 0.05125
0 0.515 0.5875 0.0175 0.0575
0 0.5325 0.7575 0.0275 0.05875
0 0.365 0.59125 0.01875 0.07625
0 0.14375 0.51875 0.035 0.08625
0 0.205 0.53875 0.01875 0.065
0 0.23625 0.52625 0.0325 0.08
0 0.14875 0.6475 0.03375 0.09125
0 0.18 0.64875 0.025 0.08125
0 0.205 0.63625 0.02375 0.09625
0 0.23375 0.6325 0.03 0.105
0 0.13875 0.74625 0.025 0.07375
0 0.165 0.7475 0.02375 0.0775
0 0.215 0.74875 0.02 0.07375
0 0.2375 0.7475 0.02375 0.07
0 0.26375 0.7525 0.01875 0.07125
0 0.29 0.7525 0.02625 0.0725
0 0.8675 0.75 0.015 0.0575
0 0.49625 0.59125 0.01875 0.0575
0 0.8175 0.75375 0.025 0.065
0 0.7525 0.7475 0.02375 0.08125
0 0.71875 0.74875 0.02875 0.08625
0 0.68125 0.74875 0.0275 0.08625
0 0.58625 0.76125 0.0225 0.06125
0 0.55875 0.75875 0.02125 0.06375
0 0.505 0.75875 0.0225 0.055
0 0.4775 0.75875 0.0225 0.0575
0 0.45125 0.75625 0.02 0.05875
0 0.42875 0.7625 0.02 0.0525
0 0.62125 0.15125 0.0225 0.0775
0 0.47375 0.59125 0.0225 0.05875
0 0.44375 0.5875 0.02 0.06
0 0.4175 0.58875 0.01875 0.06
0 0.39 0.585 0.02375 0.06875
0 0.78875 0.74375 0.0275 0.07625
0 0.25875 0.405 0.02875 0.0875
0 0.19 0.755 0.02375 0.07
0 0.19125 0.40375 0.01875 0.07875
0 0.4125 0.49375 0.02125 0.06
0 0.43625 0.4925 0.0175 0.06125
0 0.46 0.4925 0.02 0.05875
0 0.4825 0.49875 0.0175 0.05
0 0.51 0.5 0.01375 0.04875
0 0.53125 0.49875 0.02 0.04875
0 0.5525 0.49625 0.01375 0.0525
0 0.575 0.4975 0.01375 0.0525
0 0.5975 0.4925 0.015 0.05875
0 0.38875 0.48875 0.0175 0.055
0 0.62375 0.49 0.01625 0.05125
0 0.72625 0.54 0.025 0.08
0 0.7575 0.53875 0.0225 0.07125
0 0.7825 0.53625 0.01625 0.075
0 0.82125 0.53875 0.02375 0.0775
0 0.845 0.54 0.0175 0.08
0 0.70625 0.4125 0.01875 0.0775
0 0.73375 0.41625 0.02125 0.08125
0 0.7675 0.4175 0.01875 0.0875
0 0.79625 0.4125 0.03125 0.085
0 0.69125 0.54 0.0275 0.08125
0 0.21875 0.40125 0.0375 0.10375
0 0.3625 0.48875 0.02375 0.06125
0 0.56875 0.38 0.02375 0.0725
0 0.15875 0.40125 0.03375 0.08
0 0.24125 0.26 0.03 0.09625
0 0.21 0.28 0.02375 0.065
0 0.18375 0.28 0.0225 0.06875
0 0.1525 0.27875 0.03 0.0625
0 0.23375 0.12625 0.02125 0.11
0 0.1625 0.1475 0.03 0.07
0 0.43625 0.68375 0.02125 0.05625
0 0.5975 0.2625 0.0225 0.0675
0 0.335 0.4925 0.02125 0.0625
0 0.63 0.27625 0.0325 0.04875
0 0.59625 0.38 0.02 0.0725
0 0.33 0.37875 0.02 0.06
0 0.36125 0.38375 0.02875 0.0625
0 0.39125 0.3825 0.025 0.05875
0 0.42 0.3825 0.025 0.06
0 0.4525 0.385 0.02125 0.05875
0 0.47625 0.38625 0.0225 0.0575
0 0.51 0.385 0.02625 0.065
0 0.54125 0.37875 0.02125 0.07125
0 0.6275 0.37875 0.02125 0.08125
0 0.4075 0.6825 0.02375 0.05375
0 0.865 0.41375 0.02 0.085
0 0.84 0.655 0.02125 0.07
0 0.48625 0.6825 0.0175 0.0575
0 0.46375 0.68625 0.02 0.05625
0 0.35375 0.68875 0.02375 0.05625
0 0.56875 0.26375 0.02 0.0625
0 0.53875 0.265 0.02875 0.06125
0 0.8375 0.1475 0.02 0.0625
0 0.4025 0.75875 0.02 0.05875
0 0.47625 0.26125 0.0175 0.0625
0 0.4125 0.265 0.025 0.0675
0 0.38125 0.26125 0.03 0.06375
0 0.35 0.2625 0.0275 0.07125
0 0.32 0.26 0.025 0.0675
0 0.455 0.145 0.02625 0.0925
0 0.42125 0.14375 0.0275 0.1025
0 0.4425 0.2675 0.02 0.06625
0 0.37625 0.76 0.02625 0.0575
0 0.8625 0.6475 0.02375 0.0675
0 0.74125 0.1525 0.02625 0.0725
0 0.74875 0.65 0.02875 0.075
0 0.71625 0.64625 0.0225 0.06875
0 0.6875 0.6525 0.01875 0.07375
0 0.775 0.65375 0.02375 0.075
0 0.80375 0.6525 0.0275 0.06375
0 0.77375 0.14875 0.0325 0.07375
0 0.515 0.685 0.02 0.05875
0 0.545 0.67625 0.0275 0.0725
0 0.57375 0.67375 0.02 0.07375
0 0.6125 0.6775 0.02375 0.075
0 0.71125 0.27375 0.02875 0.07875
0 0.745 0.27625 0.025 0.08625
0 0.77375 0.2725 0.0225 0.07875
0 0.80875 0.2775 0.02875 0.09125
0 0.84625 0.27375 0.025 0.08625
0 0.39 0.14625 0.02125 0.08875
0 0.35 0.14 0.0275 0.085
0 0.505 0.26625 0.0225 0.0625
0 0.80625 0.14625 0.025 0.0625
0 0.585 0.14875 0.025 0.07125
0 0.55625 0.14875 0.02375 0.06625
0 0.52125 0.1525 0.02125 0.06375
0 0.8325 0.40875 0.03125 0.08375
0 0.38 0.685 0.02125 0.05375
0 0.31875 0.14125 0.01875 0.0925