0 0.2325 0.38625 0.02375 0.0625
0 0.26625 0.40375 0.02375 0.04125
0 0.40125 0.10125 0.0275 0.07125
0 0.69375 0.4825 0.025 0.04375
0 0.46125 0.6875 0.025 0.045
0 0.27875 0.55 0.04375 0.02875
0 0.52375 0.68875 0.02375 0.04625
0 0.585 0.69125 0.03125 0.03125
0 0.62625 0.6925 0.025 0.04125
0 0.66 0.70375 0.02 0.03
0 0.30625 0.7575 0.02125 0.03375
0 0.365 0.1125 0.03125 0.05875
0 0.7425 0.33875 0.03875 0.04
0 0.23875 0.72 0.0375 0.08
0 0.64625 0.34375 0.045 0.0325
0 0.2525 0.8275 0.02625 0.05
0 0.3275 0.76125 0.01875 0.035
0 0.72125 0.83375 0.03125 0.03
0 0.68 0.82625 0.03875 0.04375
0 0.63625 0.82625 0.0325 0.04625
0 0.60375 0.83125 0.0225 0.02875
0 0.575 0.11 0.02375 0.06125
0 0.6 0.1125 0.01625 0.05125
0 0.66 0.13 0.02625 0.02
0 0.66375 0.09875 0.0325 0.02375
0 0.65875 0.06625 0.03375 0.0275
0 0.695 0.34625 0.0425 0.0325
0 0.3625 0.755 0.02125 0.03125
0 0.51125 0.75625 0.0225 0.03625
0 0.4125 0.755 0.01875 0.035
0 0.50125 0.82625 0.0475 0.0525
0 0.42875 0.105 0.01875 0.06375
0 0.46125 0.11625 0.02625 0.0425
0 0.54125 0.1075 0.0275 0.06625
0 0.40875 0.82375 0.01625 0.05125
0 0.38875 0.825 0.01 0.04375
0 0.36625 0.8175 0.02375 0.0425
0 0.345 0.8175 0.015 0.04125
0 0.515 0.40625 0.03375 0.0475
0 0.47875 0.405 0.025 0.04875
0 0.45125 0.405 0.025 0.0425
0 0.42125 0.40125 0.025 0.045
0 0.39 0.7525 0.02125 0.035
0 0.39375 0.40375 0.02625 0.04375
0 0.29875 0.40375 0.0325 0.04
0 0.31875 0.8275 0.02625 0.05625
0 0.28625 0.83 0.02875 0.0475
0 0.72875 0.75 0.025 0.0325
0 0.695 0.755 0.03125 0.03125
0 0.6375 0.7575 0.02125 0.0325
0 0.57375 0.76 0.03125 0.035
0 0.5425 0.755 0.02625 0.035
0 0.46125 0.75625 0.0175 0.035
0 0.7125 0.12875 0.05 0.03
0 0.485 0.755 0.02 0.03875
0 0.44 0.75625 0.0225 0.04125
0 0.3475 0.405 0.04625 0.04125
0 0.715 0.09875 0.0525 0.02625
0 0.49125 0.6875 0.03125 0.04875
0 0.28125 0.26125 0.015 0.03
0 0.3725 0.61375 0.03375 0.0475
0 0.32 0.61375 0.03375 0.04625
0 0.2775 0.6125 0.02625 0.05
0 0.24625 0.6475 0.025 0.04875
0 0.73875 0.5475 0.02625 0.04375
0 0.715 0.5475 0.02 0.04625
0 0.685 0.54875 0.02375 0.045
0 0.6575 0.5475 0.0225 0.0425
0 0.6275 0.54375 0.03 0.0375
0 0.51 0.54375 0.02 0.04125
0 0.49 0.545 0.01625 0.0425
0 0.38625 0.545 0.03375 0.0475
0 0.3375 0.54 0.03375 0.0375
0 0.57375 0.405 0.04375 0.04625
0 0.40625 0.62375 0.02375 0.0225
0 0.6175 0.405 0.03625 0.05125
0 0.745 0.40625 0.03125 0.04375
0 0.2425 0.495 0.02625 0.07625
0 0.27375 0.47625 0.025 0.045
0 0.3 0.475 0.02375 0.04375
0 0.26375 0.26125 0.015 0.02875
0 0.36875 0.47625 0.02875 0.0425
0 0.41875 0.485 0.035 0.0275
0 0.45 0.48 0.02375 0.045
0 0.4875 0.4775 0.025 0.04625
0 0.51375 0.47625 0.02 0.04625
0 0.53875 0.47875 0.02 0.0425
0 0.59125 0.4875 0.04125 0.02875
0 0.6325 0.4775 0.02375 0.03875
0 0.66125 0.4825 0.02625 0.0475
0 0.70375 0.4025 0.0425 0.045
0 0.4475 0.6225 0.04125 0.03375
0 0.32625 0.4775 0.02 0.04375
0 0.53875 0.6175 0.02 0.04125
0 0.28625 0.335 0.055 0.04125
0 0.59125 0.3375 0.0525 0.045
0 0.6775 0.2575 0.02875 0.04125
0 0.64 0.2575 0.0325 0.0425
0 0.60625 0.2625 0.0275 0.0425
0 0.5725 0.26 0.03125 0.03375
0 0.34625 0.3375 0.05125 0.04125
0 0.53 0.25375 0.0375 0.05125
0 0.42125 0.2525 0.02875 0.05
0 0.38875 0.255 0.02375 0.055
0 0.36125 0.255 0.025 0.05375
0 0.33125 0.25375 0.01875 0.0525
0 0.5025 0.62 0.025 0.03375
0 0.30625 0.255 0.0225 0.0475
0 0.48625 0.2575 0.02875 0.0425
0 0.39375 0.33375 0.02875 0.03375
0 0.4525 0.55625 0.0475 0.02875
0 0.45875 0.34125 0.03 0.0425
0 0.595 0.61375 0.015 0.04875
0 0.425 0.335 0.02625 0.03625
0 0.69625 0.6175 0.03 0.0475
0 0.7325 0.61625 0.02625 0.05
0 0.77 0.6375 0.02125 0.035
0 0.305 0.6875 0.03125 0.05625
0 0.65125 0.615 0.02625 0.02625
0 0.39625 0.69 0.02 0.04625
0 0.42 0.68875 0.01875 0.04875
0 0.56875 0.82375 0.03875 0.05125
0 0.49 0.34 0.02875 0.04
0 0.53375 0.34 0.05 0.04375
0 0.3725 0.69125 0.0225 0.05125
0 0.575 0.61375 0.02125 0.04875