0 0.7675 0.875 0.03125 0.09
0 0.465 0.77125 0.0475 0.0575
0 0.32625 0.57375 0.02875 0.0625
0 0.2925 0.5675 0.03125 0.07375
0 0.22375 0.5725 0.03125 0.07375
0 0.73625 0.87375 0.03125 0.09
0 0.66125 0.2525 0.05 0.02875
0 0.27875 0.51375 0.02 0.02875
0 0.7025 0.8725 0.03 0.09125
0 0.25875 0.58125 0.02875 0.04875
0 0.86375 0.88375 0.02125 0.0775
0 0.83375 0.88125 0.03125 0.08
0 0.79875 0.86875 0.0275 0.08875
0 0.18875 0.57 0.03125 0.07375
0 0.2525 0.52125 0.02375 0.04
0 0.36125 0.5675 0.03375 0.075
0 0.6675 0.8725 0.03375 0.09125
0 0.77375 0.6725 0.0325 0.09
0 0.70875 0.67625 0.03125 0.08
0 0.6775 0.67375 0.02625 0.0825
0 0.645 0.6725 0.02625 0.0825
0 0.61875 0.6775 0.0225 0.0775
0 0.5925 0.67875 0.02375 0.08
0 0.5675 0.6775 0.02 0.075
0 0.54375 0.68 0.02375 0.07875
0 0.51875 0.68 0.02375 0.07875
0 0.41375 0.8875 0.03 0.07
0 0.44625 0.88375 0.03 0.07
0 0.4775 0.88 0.0275 0.07
0 0.5075 0.8825 0.0275 0.07
0 0.6275 0.8625 0.03125 0.07875
0 0.5675 0.885 0.0275 0.07
0 0.53875 0.88375 0.02625 0.07
0 0.42125 0.56125 0.035 0.08625
0 0.83375 0.09375 0.03625 0.1
0 0.49 0.6775 0.02375 0.07875
0 0.36625 0.67 0.02 0.09
0 0.415 0.6725 0.02125 0.09
0 0.44875 0.18625 0.055 0.02875
0 0.51375 0.1875 0.05 0.03125
0 0.52875 0.2575 0.0575 0.0275
0 0.5275 0.2325 0.055 0.01625
0 0.5275 0.215 0.055 0.015
0 0.60125 0.25125 0.0625 0.0375
0 0.51125 0.77125 0.04375 0.06
0 0.4625 0.215 0.0525 0.02125
0 0.56 0.77125 0.0475 0.0575
0 0.66625 0.76875 0.02625 0.05875
0 0.1525 0.57 0.03125 0.07375
0 0.65 0.46375 0.0375 0.05875
0 0.7 0.77375 0.02375 0.04375
0 0.74 0.76375 0.0375 0.05375
0 0.77375 0.765 0.02375 0.05
0 0.80875 0.7675 0.0325 0.0525
0 0.60375 0.77625 0.03375 0.04875
0 0.43875 0.6725 0.02125 0.09
0 0.4675 0.235 0.05 0.01625
0 0.39625 0.23875 0.04875 0.0675
0 0.39125 0.67125 0.02125 0.09
0 0.81375 0.67375 0.0325 0.09125
0 0.34 0.67875 0.02 0.0675
0 0.3125 0.68125 0.02 0.06625
0 0.2875 0.6825 0.02 0.06625
0 0.26 0.6825 0.02 0.06625
0 0.2225 0.67875 0.03125 0.0725
0 0.46625 0.26 0.04875 0.02625
0 0.17125 0.67375 0.03125 0.0725
0 0.82 0.5625 0.0375 0.07875
0 0.76875 0.5575 0.06 0.0975
0 0.69125 0.5625 0.04 0.0775
0 0.6475 0.56375 0.04 0.0775
0 0.60375 0.5625 0.04 0.0775
0 0.865 0.10375 0.01875 0.08
0 0.175 0.2425 0.07 0.0675
0 0.86 0.555 0.03125 0.09625
0 0.85375 0.685 0.04125 0.06125
0 0.1525 0.87625 0.03 0.085
0 0.17375 0.7775 0.04125 0.06
0 0.66 0.22375 0.04875 0.02375
0 0.65875 0.19625 0.05 0.02625
0 0.6025 0.18125 0.05875 0.03375
0 0.72 0.25375 0.05875 0.03
0 0.7175 0.225 0.05625 0.0225
0 0.71625 0.19625 0.05375 0.02625
0 0.7925 0.24875 0.0625 0.0425
0 0.1725 0.36 0.04125 0.07
0 0.215 0.35625 0.04 0.07125
0 0.3125 0.3475 0.0525 0.09125
0 0.35875 0.35875 0.035 0.06
0 0.4075 0.3425 0.055 0.1
0 0.45375 0.36125 0.035 0.06125
0 0.5 0.34125 0.05 0.0975
0 0.55 0.36125 0.04 0.0575
0 0.15125 0.1225 0.025 0.07
0 0.1825 0.1175 0.03125 0.07125
0 0.225 0.1175 0.03125 0.07125
0 0.26 0.1175 0.03375 0.07125
0 0.53875 0.13625 0.03875 0.03
0 0.50125 0.1425 0.03 0.01875
0 0.46875 0.08875 0.035 0.03125
0 0.3525 0.8825 0.0275 0.07125
0 0.3225 0.87 0.02875 0.08875
0 0.2875 0.875 0.03125 0.08875
0 0.2525 0.88 0.03 0.085
0 0.55 0.315 0.0375 0.02625
0 0.21875 0.87875 0.03 0.085
0 0.6 0.215 0.05875 0.02875
0 0.46375 0.1275 0.035 0.04625
0 0.425 0.11625 0.03625 0.07375
0 0.38875 0.13375 0.03125 0.035
0 0.35 0.06625 0.03625 0.0575
0 0.35125 0.12625 0.035 0.05375
0 0.30125 0.1175 0.03375 0.07125
0 0.185 0.875 0.03 0.085
0 0.13875 0.77875 0.0275 0.06375
0 0.59875 0.34 0.0525 0.095
0 0.645 0.3 0.035 0.0275
0 0.3675 0.45875 0.03875 0.07375
0 0.41625 0.45125 0.05375 0.085
0 0.46625 0.46 0.03875 0.06625
0 0.51125 0.45 0.0475 0.08625
0 0.5575 0.46375 0.03875 0.0625
0 0.5525 0.42 0.03125 0.02125
0 0.605 0.44875 0.0475 0.08875
0 0.25625 0.31375 0.03375 0.025
0 0.56375 0.56625 0.03875 0.07375
0 0.5125 0.5625 0.05625 0.085
0 0.46125 0.565 0.0425 0.08
0 0.38 0.77375 0.0325 0.055
0 0.3375 0.775 0.04375 0.05625
0 0.2975 0.77375 0.03125 0.05625
0 0.2175 0.7725 0.03125 0.055
0 0.2725 0.45375 0.08125 0.08625
0 0.20125 0.4525 0.0425 0.08375
0 0.79375 0.11375 0.03625 0.0325
0 0.79125 0.14 0.035 0.01375
0 0.6975 0.33625 0.05 0.1025
0 0.8625 0.345 0.025 0.08125
0 0.85625 0.455 0.0375 0.0675
0 0.7325 0.455 0.05375 0.07375
0 0.78125 0.45375 0.04 0.06875
0 0.68375 0.46 0.0225 0.04875
0 0.65875 0.42 0.04375 0.0225
0 0.64875 0.3525 0.04125 0.0725
0 0.1525 0.46 0.03875 0.06875
0 0.54 0.10875 0.0375 0.02125
0 0.5375 0.08125 0.03625 0.02875
0 0.58375 0.1125 0.04125 0.07
0 0.62 0.1175 0.02625 0.0625
0 0.66375 0.13625 0.05125 0.02
0 0.66125 0.11125 0.05125 0.0225
0 0.735 0.08375 0.07125 0.125
0 0.50125 0.11875 0.0325 0.02375
0 0.25375 0.7775 0.0375 0.05625