0 0.56 0.8475 0.0275 0.06625
0 0.33125 0.555 0.01625 0.015
0 0.2875 0.55875 0.015 0.0125
0 0.33 0.52125 0.01625 0.01375
0 0.345 0.5225 0.01375 0.01375
0 0.36 0.52125 0.01 0.0125
0 0.3125 0.55625 0.015 0.01375
0 0.3475 0.55625 0.015 0.015
0 0.36875 0.43375 0.0275 0.06875
0 0.5425 0.68125 0.01875 0.0375
0 0.38375 0.5575 0.01625 0.015
0 0.3675 0.5575 0.015 0.01375
0 0.27 0.56 0.0175 0.01375
0 0.25375 0.56 0.0125 0.015
0 0.69 0.63 0.0225 0.02875
0 0.27375 0.5425 0.01375 0.0175
0 0.7325 0.69875 0.025 0.04
0 0.7575 0.6975 0.0225 0.04125
0 0.78125 0.6975 0.0225 0.04
0 0.17625 0.825 0.01875 0.0325
0 0.19375 0.82625 0.01625 0.03125
0 0.2125 0.825 0.01625 0.03
0 0.22625 0.825 0.0125 0.02875
0 0.70625 0.6975 0.025 0.03625
0 0.2425 0.825 0.01625 0.02875
0 0.18125 0.87875 0.01625 0.02625
0 0.56375 0.68125 0.02125 0.035
0 0.5875 0.68 0.02 0.03375
0 0.61 0.68 0.0225 0.03375
0 0.63375 0.68 0.025 0.03375
0 0.19875 0.85625 0.01625 0.02125
0 0.19875 0.87875 0.015 0.0225
0 0.18 0.855 0.01875 0.01875
0 0.28875 0.54125 0.01375 0.01625
0 0.68125 0.695 0.02125 0.04125
0 0.13 0.7525 0.00875 0.02625
0 0.25875 0.5425 0.015 0.0175
0 0.17375 0.57875 0.045 0.025
0 0.14 0.54875 0.025 0.03125
0 0.86375 0.4425 0.02125 0.0575
0 0.8375 0.4425 0.03125 0.0575
0 0.7925 0.43875 0.0575 0.0575
0 0.7525 0.42125 0.0125 0.0875
0 0.755 0.63125 0.02 0.02875
0 0.74125 0.425 0.00875 0.09625
0 0.70125 0.4225 0.03625 0.09
0 0.6625 0.42375 0.04125 0.09
0 0.665 0.63 0.02375 0.03125
0 0.7125 0.63125 0.02 0.03
0 0.73375 0.63125 0.02 0.03
0 0.16125 0.75125 0.01375 0.02375
0 0.14375 0.7525 0.015 0.025
0 0.73 0.425 0.0125 0.09625
0 0.40625 0.53375 0.0125 0.01375
0 0.195 0.67375 0.02375 0.0225
0 0.375 0.52875 0.0125 0.015
0 0.58375 0.64125 0.02125 0.03875
0 0.55875 0.64 0.02375 0.03875
0 0.40125 0.5575 0.01375 0.0125
0 0.36125 0.5875 0.02 0.0175
0 0.38 0.58625 0.01625 0.01875
0 0.39625 0.5875 0.015 0.02
0 0.41625 0.58875 0.01875 0.02125
0 0.435 0.5875 0.015 0.02125
0 0.4525 0.5875 0.02 0.0225
0 0.4225 0.54375 0.01375 0.01625
0 0.4375 0.54375 0.01625 0.015
0 0.45375 0.54375 0.015 0.01375
0 0.42125 0.56 0.01625 0.015
0 0.4375 0.56 0.01375 0.01375
0 0.6075 0.64 0.02375 0.03875
0 0.45375 0.55875 0.015 0.0125
0 0.49 0.5575 0.015 0.01375
0 0.5075 0.55875 0.01625 0.015
0 0.5275 0.55875 0.0175 0.015
0 0.545 0.56 0.01625 0.01625
0 0.56125 0.56 0.015 0.015
0 0.4725 0.585 0.01625 0.02
0 0.535 0.6375 0.0225 0.035
0 0.5 0.64375 0.03 0.0225
0 0.51875 0.69 0.03 0.065
0 0.48875 0.58625 0.015 0.015
0 0.62375 0.56 0.0325 0.07875
0 0.59 0.57125 0.03125 0.055
0 0.565 0.59125 0.01125 0.01625
0 0.54875 0.58875 0.01625 0.01375
0 0.475 0.55625 0.0175 0.0175
0 0.39125 0.53 0.015 0.0125
0 0.6325 0.63875 0.025 0.03625
0 0.32375 0.58625 0.0175 0.01875
0 0.28 0.5875 0.01625 0.0175
0 0.2625 0.58625 0.01625 0.01625
0 0.31875 0.63875 0.01125 0.00875
0 0.34875 0.63 0.0125 0.01
0 0.33375 0.63 0.01375 0.01
0 0.31875 0.62875 0.015 0.00875
0 0.26125 0.71375 0.05375 0.01
0 0.26125 0.7 0.0525 0.0125
0 0.22 0.7 0.025 0.02375
0 0.19375 0.69875 0.02625 0.02125
0 0.2225 0.67375 0.025 0.02125
0 0.215 0.855 0.015 0.02125
0 0.225 0.6475 0.02375 0.02625
0 0.1975 0.64625 0.02375 0.02875
0 0.30625 0.58625 0.015 0.02
0 0.16625 0.7075 0.0225 0.015
0 0.16625 0.69 0.02375 0.0175
0 0.14 0.69125 0.0225 0.0175
0 0.16625 0.6725 0.01875 0.01875
0 0.13875 0.6725 0.025 0.0175
0 0.16375 0.65125 0.0225 0.0225
0 0.14 0.65125 0.025 0.02125
0 0.85 0.56125 0.04875 0.07125
0 0.785 0.56625 0.075 0.06375
0 0.73 0.56375 0.025 0.06625
0 0.70125 0.57625 0.02375 0.045
0 0.6775 0.5775 0.0225 0.045
0 0.65375 0.57375 0.0225 0.04875
0 0.24625 0.58625 0.01375 0.0175
0 0.34125 0.58625 0.01625 0.02125
0 0.1425 0.7075 0.01875 0.01375
0 0.215 0.87875 0.015 0.02125
0 0.50625 0.58625 0.01875 0.01625
0 0.23125 0.88 0.01375 0.02875
0 0.59 0.86 0.02375 0.04375
0 0.61625 0.86375 0.02625 0.04
0 0.64125 0.8625 0.02125 0.0425
0 0.66625 0.86375 0.025 0.03875
0 0.69125 0.865 0.02375 0.03875
0 0.72125 0.8375 0.0225 0.065
0 0.7475 0.84875 0.02625 0.065
0 0.36875 0.69125 0.0125 0.0075
0 0.37125 0.70125 0.015 0.01
0 0.3725 0.7125 0.015 0.01
0 0.38625 0.685 0.01625 0.00875
0 0.2325 0.8525 0.0125 0.02125
0 0.3875 0.6925 0.0125 0.00875
0 0.26 0.31875 0.03875 0.04375
0 0.2625 0.28 0.035 0.03125
0 0.3 0.31375 0.03125 0.04875
0 0.33625 0.31625 0.03 0.05125
0 0.36875 0.3175 0.02875 0.0475
0 0.39875 0.31875 0.025 0.05
0 0.4275 0.31625 0.03125 0.05
0 0.76375 0.14875 0.02375 0.0725
0 0.7275 0.11875 0.04375 0.135
0 0.6875 0.1175 0.03625 0.13875
0 0.49 0.31375 0.03625 0.055
0 0.525 0.315 0.03375 0.0525
0 0.695 0.815 0.02375 0.04375
0 0.5625 0.3025 0.03625 0.0825
0 0.67125 0.81625 0.0225 0.04625
0 0.1825 0.3175 0.0325 0.04875
0 0.35375 0.69 0.01375 0.01
0 0.35375 0.68 0.0125 0.01125
0 0.5975 0.4375 0.02 0.05
0 0.36875 0.68125 0.0125 0.0125
0 0.5725 0.43625 0.02625 0.0525
0 0.54125 0.42375 0.0375 0.0775
0 0.33375 0.71375 0.01375 0.01
0 0.3325 0.70125 0.01375 0.01375
0 0.31375 0.71375 0.01625 0.00875
0 0.315 0.7 0.015 0.015
0 0.29875 0.71125 0.01375 0.01375
0 0.29875 0.69875 0.01375 0.0125
0 0.34875 0.66 0.01 0.01
0 0.35 0.65 0.01375 0.00875
0 0.35 0.64 0.0125 0.00875
0 0.33375 0.66875 0.01375 0.01
0 0.3325 0.65875 0.01375 0.0075
0 0.3325 0.64875 0.01375 0.01
0 0.33375 0.64 0.01125 0.0075
0 0.3175 0.66875 0.0125 0.00875
0 0.3175 0.65875 0.0125 0.00875
0 0.3175 0.64875 0.0125 0.01
0 0.7925 0.155 0.0325 0.06
0 0.64625 0.81625 0.02375 0.04625
0 0.1475 0.31125 0.03625 0.0625
0 0.22125 0.3175 0.03875 0.0475
0 0.64625 0.1175 0.04375 0.13875
0 0.6075 0.1175 0.0325 0.14
0 0.56625 0.11625 0.04125 0.13625
0 0.50375 0.4375 0.03625 0.05625
0 0.4675 0.44 0.035 0.05125
0 0.4225 0.44 0.0475 0.05
0 0.77125 0.83875 0.01625 0.05625
0 0.79875 0.82875 0.0275 0.065
0 0.825 0.83 0.02375 0.05875
0 0.85625 0.8325 0.03125 0.06625
0 0.62 0.815 0.02625 0.0425
0 0.59375 0.81375 0.02375 0.0425
0 0.52875 0.59 0.01625 0.01375
0 0.53 0.8475 0.02875 0.065
0 0.50125 0.85125 0.0275 0.06125
0 0.4725 0.8525 0.02875 0.06625
0 0.4425 0.85375 0.02875 0.0625
0 0.38875 0.7125 0.015 0.01125
0 0.4225 0.685 0.03 0.07
0 0.4525 0.68375 0.0275 0.0675
0 0.485 0.69 0.02875 0.0625
0 0.4125 0.815 0.02375 0.0525
0 0.3875 0.8175 0.02375 0.0575
0 0.36125 0.81625 0.02625 0.06
0 0.33375 0.81875 0.02875 0.06
0 0.30375 0.81625 0.02875 0.06125
0 0.25 0.87875 0.0175 0.025
0 0.25125 0.85125 0.0175 0.02125
0 0.38875 0.70125 0.015 0.00875
0 0.355 0.7 0.01625 0.00875
0 0.35625 0.71 0.015 0.01
0 0.17125 0.42875 0.03125 0.05625
0 0.74375 0.31375 0.02375 0.0625
0 0.76875 0.3175 0.02625 0.05625
0 0.8475 0.2675 0.05375 0.105
0 0.83625 0.14875 0.03625 0.075
0 0.865 0.15125 0.01875 0.07375
0 0.6375 0.24 0.07625 0.01625
0 0.64 0.25375 0.06875 0.0125
0 0.14 0.4425 0.03 0.0325
0 0.59625 0.3025 0.03125 0.08125
0 0.21125 0.4325 0.03625 0.06375
0 0.7175 0.31125 0.02625 0.0575
0 0.255 0.43875 0.04375 0.045
0 0.33875 0.43375 0.03 0.0675
0 0.485 0.11875 0.04 0.1375
0 0.44625 0.11875 0.03625 0.135
0 0.40375 0.115 0.0375 0.13625
0 0.36125 0.115 0.0375 0.135
0 0.31375 0.11625 0.05 0.1275
0 0.26 0.12125 0.04875 0.11875
0 0.20125 0.115 0.03875 0.13
0 0.1575 0.115 0.0475 0.13125
0 0.5275 0.11625 0.03625 0.1375
0 0.3 0.43625 0.04 0.04375
0 0.66 0.3025 0.08125 0.07625