0 0.58 0.35625 0.0125 0.05625
0 0.5375 0.35 0.01625 0.0575
0 0.5125 0.35 0.02125 0.0575
0 0.49 0.35125 0.015 0.05625
0 0.46875 0.35125 0.02 0.055
0 0.44875 0.34875 0.01125 0.06375
0 0.43 0.34875 0.0175 0.05625
0 0.40875 0.35 0.02 0.06125
0 0.29625 0.6225 0.02625 0.03125
0 0.5975 0.36 0.0125 0.055
0 0.36375 0.33 0.055 0.01875
0 0.3025 0.34625 0.03625 0.04375
0 0.60875 0.69 0.0325 0.03625
0 0.5725 0.6825 0.02625 0.02625
0 0.53625 0.68625 0.03625 0.03875
0 0.25 0.35375 0.03125 0.0425
0 0.75875 0.41625 0.04375 0.015
0 0.36 0.36625 0.05125 0.01875
0 0.36 0.35 0.05375 0.0125
0 0.61875 0.365 0.025 0.03625
0 0.68 0.37125 0.03 0.03
0 0.3425 0.625 0.0475 0.03625
0 0.3875 0.625 0.0275 0.03625
0 0.415 0.63 0.02 0.045
0 0.44375 0.6325 0.0275 0.0375
0 0.4725 0.63125 0.02375 0.0375
0 0.51125 0.6225 0.0475 0.03625
0 0.56125 0.63125 0.0475 0.0425
0 0.60875 0.6275 0.04 0.02625
0 0.65 0.64 0.02875 0.03625
0 0.69 0.635 0.04125 0.03375
0 0.7375 0.68 0.05 0.07125
0 0.685 0.69375 0.03 0.035
0 0.235 0.6825 0.02875 0.035
0 0.28625 0.67375 0.02375 0.01875
0 0.31 0.6875 0.01875 0.02875
0 0.22875 0.43 0.0175 0.0325
0 0.76 0.3975 0.04 0.01375
0 0.645 0.36125 0.025 0.04625
0 0.7125 0.3725 0.0275 0.03375
0 0.7625 0.35625 0.03625 0.02125
0 0.76375 0.3325 0.0325 0.02125
0 0.25875 0.5675 0.0225 0.03125
0 0.23 0.55375 0.0225 0.02375
0 0.23 0.5275 0.02 0.0225
0 0.7 0.5025 0.025 0.04375
0 0.67375 0.50625 0.025 0.05
0 0.645 0.505 0.02625 0.045
0 0.61375 0.505 0.02875 0.04375
0 0.6325 0.15125 0.02875 0.0525
0 0.5925 0.15 0.0375 0.05125
0 0.5325 0.13875 0.03375 0.06875
0 0.49 0.1375 0.04125 0.06375
0 0.445 0.13625 0.04 0.06375
0 0.39875 0.14625 0.0275 0.07375
0 0.36625 0.14625 0.02375 0.08
0 0.335 0.145 0.03125 0.07375
0 0.305 0.14375 0.02625 0.0775
0 0.27375 0.14375 0.03125 0.07875
0 0.2425 0.14 0.02875 0.0775
0 0.335 0.68375 0.025 0.03
0 0.295 0.56625 0.02375 0.04
0 0.35875 0.56625 0.02125 0.04125
0 0.385 0.5675 0.02125 0.04
0 0.40875 0.5675 0.0225 0.04
0 0.76625 0.26 0.025 0.0375
0 0.74 0.27 0.025 0.0775
0 0.70875 0.27125 0.03 0.07625
0 0.65 0.26125 0.0175 0.0875
0 0.61875 0.26 0.0375 0.0875
0 0.54625 0.25875 0.03125 0.08625
0 0.51375 0.2575 0.025 0.08125
0 0.48375 0.255 0.02875 0.0825
0 0.4525 0.26875 0.025 0.05875
0 0.76125 0.38 0.0375 0.01875
0 0.425 0.27 0.02375 0.055
0 0.475 0.69 0.0325 0.03
0 0.44625 0.68875 0.015 0.04125
0 0.425 0.6875 0.015 0.03375
0 0.3625 0.26625 0.0375 0.0575
0 0.32875 0.25625 0.02875 0.06875
0 0.29875 0.2525 0.025 0.07
0 0.2425 0.25125 0.03375 0.0825
0 0.515 0.50125 0.025 0.05
0 0.54125 0.5025 0.0225 0.04875
0 0.50625 0.6875 0.02125 0.03625
0 0.6775 0.26375 0.0275 0.08375
0 0.60875 0.65125 0.045 0.02125
0 0.3625 0.68875 0.02125 0.0375
0 0.23375 0.6075 0.0175 0.0425
0 0.26625 0.61625 0.02875 0.03125
0 0.48625 0.50125 0.02375 0.04125
0 0.40625 0.68125 0.01375 0.03125
0 0.5325 0.43 0.01875 0.04625
0 0.56125 0.43375 0.02625 0.05
0 0.595 0.43125 0.0275 0.04625
0 0.62375 0.43 0.02 0.04875
0 0.64875 0.43 0.025 0.0525
0 0.67125 0.4275 0.01875 0.04375
0 0.6925 0.4275 0.01875 0.0475
0 0.7125 0.43 0.01375 0.04625
0 0.22875 0.48375 0.01625 0.03625
0 0.255 0.4925 0.0225 0.0475
0 0.28 0.495 0.025 0.05
0 0.305 0.49375 0.0225 0.04875
0 0.33 0.4925 0.02375 0.05
0 0.35875 0.4925 0.0275 0.0525
0 0.41375 0.5 0.02375 0.04625
0 0.73875 0.59625 0.0425 0.06625
0 0.43875 0.5 0.02 0.0475
0 0.50625 0.45 0.025 0.00875
0 0.4825 0.4375 0.02375 0.01125
0 0.6625 0.5675 0.02875 0.04875
0 0.6275 0.57375 0.03 0.0425
0 0.59375 0.575 0.02625 0.03375
0 0.565 0.57375 0.025 0.0425
0 0.5325 0.575 0.0225 0.04
0 0.4625 0.5675 0.02875 0.04
0 0.48125 0.44875 0.02375 0.0075
0 0.25125 0.42125 0.02125 0.04875
0 0.4325 0.56625 0.02375 0.04375
0 0.3025 0.42375 0.025 0.04875
0 0.36 0.425 0.02375 0.04875
0 0.38625 0.42875 0.02375 0.05
0 0.41625 0.4275 0.02375 0.0475
0 0.275 0.42125 0.0225 0.04875
0 0.4625 0.5 0.02125 0.04625