0 0.11625 0.79 0.055 0.07
0 0.17125 0.79375 0.045 0.055
0 0.24125 0.7975 0.065 0.08
0 0.31625 0.79375 0.0675 0.07875
0 0.42625 0.8 0.06875 0.06875
0 0.41875 0.71375 0.0575 0.04625
0 0.50375 0.8 0.07 0.06125
0 0.50375 0.73625 0.07 0.06625
0 0.6475 0.79875 0.0725 0.06375
0 0.57375 0.735 0.0675 0.07
0 0.63625 0.7125 0.05125 0.05875
0 0.72375 0.79625 0.07 0.0725
0 0.9425 0.62875 0.05 0.06125
0 0.84 0.625 0.05 0.06125
0 0.79 0.60625 0.0325 0.0625
0 0.75625 0.60625 0.03375 0.06125
0 0.7125 0.62875 0.0425 0.065
0 0.665 0.6275 0.0475 0.06375
0 0.62 0.62875 0.04125 0.06375
0 0.57375 0.79875 0.0675 0.05625
0 0.89 0.62625 0.05125 0.06375
0 0.06 0.79 0.05625 0.0725
0 0.44375 0.405 0.0475 0.07625
0 0.96125 0.78 0.07625 0.06875
0 0.875 0.78625 0.0625 0.06625
0 0.805 0.79 0.075 0.07375
0 0.70125 0.71125 0.06125 0.06
0 0.985 0.62625 0.02875 0.06125
0 0.44 0.6375 0.04875 0.07
0 0.1175 0.40875 0.045 0.0725
0 0.16375 0.41 0.04625 0.07125
0 0.21125 0.41 0.0425 0.06875
0 0.2525 0.41 0.04 0.06875
0 0.29125 0.39375 0.03625 0.10625
0 0.33875 0.4125 0.05 0.06625
0 0.39375 0.4025 0.04875 0.08375
0 0.49375 0.405 0.05 0.07875
0 0.54125 0.40875 0.0375 0.06875
0 0.60125 0.39625 0.055 0.09125
0 0.65375 0.39 0.05125 0.1025
0 0.07375 0.40125 0.03875 0.09
0 0.70375 0.40625 0.04625 0.07125
0 0.02875 0.4 0.04875 0.08875
0 0.9325 0.26125 0.06875 0.1175
0 0.12375 0.3075 0.04375 0.03125
0 0.16 0.30625 0.03 0.03125
0 0.13875 0.2675 0.07 0.035
0 0.19 0.29 0.02375 0.0625
0 0.24875 0.29625 0.08875 0.05625
0 0.3175 0.28625 0.0425 0.07625
0 0.36375 0.2825 0.045 0.08375
0 0.42375 0.26625 0.055 0.1125
0 0.4825 0.28125 0.04875 0.09
0 0.5275 0.285 0.03875 0.0775
0 0.58375 0.27625 0.05 0.09
0 0.635 0.27375 0.05125 0.09625
0 0.6775 0.27375 0.0275 0.0375
0 0.6775 0.31125 0.03 0.0225
0 0.74625 0.285 0.05 0.07
0 0.8075 0.2775 0.0475 0.08375
0 0.86625 0.26375 0.065 0.11375
0 0.98375 0.26 0.03 0.11875
0 0.07375 0.28625 0.03875 0.07125
0 0.75375 0.39875 0.045 0.0825
0 0.84875 0.39125 0.05 0.0975
0 0.39125 0.63625 0.04625 0.06875
0 0.8 0.40625 0.0425 0.0675
0 0.535 0.63375 0.04 0.06125
0 0.5775 0.63125 0.0425 0.065
0 0.98875 0.3925 0.02125 0.0875
0 0.02 0.53875 0.03875 0.0625
0 0.065 0.55625 0.05 0.03375
0 0.065 0.52375 0.0475 0.03
0 0.12125 0.5525 0.05 0.03375
0 0.17375 0.5525 0.0525 0.0325
0 0.2275 0.5525 0.05375 0.03375
0 0.28 0.54375 0.045 0.04375
0 0.16 0.515 0.05 0.0275
0 0.34375 0.51625 0.07625 0.10375
0 0.42375 0.515 0.04875 0.09125
0 0.32875 0.64 0.0725 0.0675
0 0.24 0.6425 0.07375 0.07375
0 0.9575 0.39375 0.04 0.09
0 0.1775 0.64 0.03 0.07625
0 0.9075 0.38875 0.06125 0.10125
0 0.4825 0.51 0.0575 0.1
0 0.53375 0.515 0.045 0.09
0 0.595 0.50875 0.0725 0.10125
0 0.48875 0.635 0.045 0.06125
0 0.72375 0.50875 0.07 0.1
0 0.785 0.51125 0.0475 0.09375
0 0.66375 0.51 0.05 0.09625
0 0.9125 0.5125 0.04 0.08875
0 0.0175 0.63625 0.0225 0.09
0 0.0475 0.64375 0.03625 0.07375
0 0.0825 0.64375 0.0325 0.0725
0 0.115 0.63375 0.0325 0.09125
0 0.14625 0.63375 0.02875 0.09
0 0.85625 0.5075 0.0725 0.0975
0 0.015 0.30375 0.02875 0.04875