0 0.6775 0.6325 0.01375 0.025
0 0.695 0.62375 0.0125 0.025
0 0.695 0.65375 0.01 0.02625
0 0.69375 0.58625 0.0125 0.04375
0 0.725 0.595 0.01875 0.03625
0 0.72625 0.6325 0.01625 0.035
0 0.67625 0.59625 0.01875 0.0375
0 0.21375 0.89375 0.06625 0.0425
0 0.2025 0.94375 0.04375 0.035
0 0.27625 0.92125 0.0525 0.0475
0 0.2775 0.86625 0.05625 0.04
0 0.33125 0.82875 0.035 0.035
0 0.33625 0.8825 0.04125 0.04625
0 0.71125 0.6375 0.01375 0.03
0 0.65625 0.67625 0.015 0.03625
0 0.79125 0.5625 0.01375 0.025
0 0.65625 0.605 0.02 0.03125
0 0.86375 0.27 0.0225 0.07625
0 0.14625 0.52375 0.04 0.14375
0 0.22375 0.5175 0.0625 0.14625
0 0.74625 0.55375 0.0175 0.025
0 0.7625 0.5475 0.01125 0.03375
0 0.7775 0.54 0.01625 0.02125
0 0.79375 0.5275 0.01125 0.03125
0 0.745 0.585 0.01625 0.02375
0 0.7625 0.58 0.01125 0.025
0 0.77625 0.56625 0.01125 0.02125
0 0.3675 0.7925 0.02875 0.04875
0 0.74625 0.6175 0.01375 0.025
0 0.76125 0.6125 0.01125 0.0275
0 0.77625 0.59625 0.00875 0.02125
0 0.78875 0.59125 0.015 0.02625
0 0.65375 0.64125 0.01625 0.02625
0 0.60625 0.70875 0.02375 0.0325
0 0.73125 0.48375 0.01125 0.065
0 0.37 0.8375 0.03375 0.045
0 0.485 0.685 0.03625 0.02875
0 0.45125 0.75375 0.035 0.02875
0 0.4875 0.7375 0.03125 0.0475
0 0.5225 0.72125 0.0275 0.03625
0 0.45125 0.79875 0.02875 0.03625
0 0.48625 0.785 0.0375 0.04625
0 0.44625 0.705 0.03 0.03875
0 0.5225 0.765 0.03125 0.0325
0 0.5525 0.70375 0.03 0.02875
0 0.5425 0.6575 0.03125 0.035
0 0.5775 0.68625 0.01875 0.035
0 0.575 0.72375 0.015 0.02625
0 0.6025 0.66625 0.03125 0.0325
0 0.62875 0.65 0.02125 0.0325
0 0.55375 0.7425 0.025 0.04375
0 0.41 0.82 0.03 0.0425
0 0.40875 0.7675 0.04125 0.025
0 0.4475 0.625 0.03625 0.0475
0 0.40625 0.725 0.03875 0.04
0 0.77375 0.4675 0.015 0.0525
0 0.75875 0.48 0.01 0.0625
0 0.745 0.48125 0.01 0.06
0 0.8225 0.2825 0.04625 0.0775
0 0.72125 0.48875 0.01 0.06
0 0.70875 0.49125 0.01375 0.06625
0 0.69 0.4975 0.015 0.05375
0 0.5775 0.575 0.02375 0.035
0 0.5475 0.585 0.02875 0.03875
0 0.55 0.54 0.03125 0.0325
0 0.51625 0.5525 0.03 0.04
0 0.52 0.6 0.02375 0.0475
0 0.48375 0.60875 0.03125 0.04
0 0.48375 0.56375 0.02875 0.0425
0 0.62875 0.69375 0.02 0.0425
0 0.775 0.28 0.03125 0.095
0 0.67125 0.29125 0.025 0.0875
0 0.70375 0.285 0.03375 0.0925
0 0.19875 0.09375 0.0475 0.18625
0 0.1475 0.095 0.04375 0.18625
0 0.3575 0.63875 0.0275 0.1075
0 0.8225 0.54 0.03875 0.07125
0 0.85875 0.43375 0.03125 0.04375
0 0.73875 0.285 0.035 0.09125
0 0.28375 0.50625 0.03875 0.15375
0 0.33625 0.5 0.05125 0.14375
0 0.3875 0.49 0.04625 0.15125
0 0.44875 0.44875 0.04 0.09375
0 0.48 0.4375 0.0175 0.08875
0 0.52125 0.43125 0.0375 0.09125
0 0.25625 0.105 0.055 0.18
0 0.55375 0.42375 0.0225 0.09
0 0.6425 0.4125 0.03875 0.1075
0 0.685 0.41125 0.035 0.09625
0 0.71875 0.39125 0.02625 0.0775
0 0.7575 0.38375 0.02875 0.08125
0 0.8175 0.3725 0.03875 0.06625
0 0.80875 0.45125 0.0475 0.0675
0 0.14875 0.7225 0.03125 0.12
0 0.18 0.70875 0.03125 0.11375
0 0.21125 0.7 0.02875 0.11
0 0.2425 0.67875 0.02875 0.12125
0 0.27125 0.67375 0.025 0.11375
0 0.32875 0.64625 0.02375 0.10625
0 0.59625 0.42 0.0375 0.0975
0 0.3175 0.1075 0.05375 0.16125
0 0.85625 0.54375 0.02125 0.04125
0 0.43625 0.12125 0.04375 0.1375
0 0.805 0.1625 0.02125 0.10375
0 0.8225 0.1625 0.01625 0.09375
0 0.8425 0.1675 0.015 0.09875
0 0.86375 0.1725 0.01625 0.08625
0 0.1675 0.33 0.07375 0.18
0 0.2325 0.33125 0.0525 0.17375
0 0.2825 0.3275 0.04375 0.16375
0 0.775 0.16 0.02 0.09875
0 0.325 0.32125 0.04 0.155
0 0.3925 0.3125 0.03625 0.13125
0 0.445 0.30875 0.05 0.1325
0 0.50125 0.305 0.0375 0.13
0 0.54125 0.3025 0.0325 0.1275
0 0.57125 0.3 0.025 0.1175
0 0.5975 0.3 0.02625 0.11625
0 0.63375 0.29375 0.0375 0.09875
0 0.36 0.31875 0.02625 0.14625
0 0.395 0.125 0.03375 0.13875
0 0.74875 0.15375 0.0275 0.09875
0 0.69625 0.1475 0.04 0.10625
0 0.4775 0.11875 0.03625 0.13375
0 0.51 0.12375 0.03125 0.13
0 0.54375 0.1375 0.03 0.15125
0 0.5725 0.13875 0.02625 0.12625
0 0.595 0.145 0.0225 0.13625
0 0.63125 0.14625 0.0375 0.1225
0 0.7275 0.14875 0.02 0.11
0 0.4475 0.58 0.03125 0.04125
0 0.66375 0.15 0.0275 0.12125