0 0.195 0.57875 0.05625 0.0225
0 0.145 0.58 0.03875 0.02625
0 0.2525 0.55625 0.0575 0.03875
0 0.70625 0.40875 0.07125 0.03875
0 0.54375 0.38875 0.09375 0.0275
0 0.865 0.41875 0.01875 0.09125
0 0.825 0.415 0.05125 0.10375
0 0.77125 0.4525 0.05 0.02625
0 0.7725 0.425 0.0525 0.02625
0 0.7725 0.3925 0.05125 0.0275
0 0.7075 0.45 0.07 0.04125
0 0.195 0.605 0.05625 0.025
0 0.64125 0.46 0.05 0.02875
0 0.38125 0.5975 0.05 0.02625
0 0.32125 0.59625 0.0625 0.03
0 0.38 0.56875 0.04625 0.0225
0 0.445 0.58875 0.07375 0.0375
0 0.525 0.585 0.07625 0.04375
0 0.64125 0.4275 0.05375 0.02875
0 0.64125 0.3975 0.0525 0.02875
0 0.58125 0.42875 0.05875 0.03125
0 0.51625 0.42875 0.0675 0.03125
0 0.5175 0.46375 0.06375 0.03375
0 0.46375 0.44375 0.035 0.0725
0 0.4 0.465 0.07 0.045
0 0.39875 0.425 0.07125 0.0325
0 0.31875 0.5625 0.065 0.02625
0 0.5825 0.46125 0.06375 0.03125
0 0.38375 0.71875 0.04625 0.0225
0 0.31875 0.4175 0.0825 0.04375
0 0.25 0.68875 0.0675 0.0275
0 0.1875 0.67375 0.05 0.02375
0 0.1925 0.70125 0.0475 0.02375
0 0.19375 0.725 0.04375 0.0225
0 0.1475 0.7275 0.04375 0.02125
0 0.14625 0.69875 0.0425 0.02375
0 0.86375 0.55 0.0225 0.085
0 0.83125 0.54875 0.0325 0.08875
0 0.7875 0.555 0.05 0.02875
0 0.78625 0.5825 0.05375 0.025
0 0.73125 0.585 0.05 0.0225
0 0.5975 0.8075 0.02875 0.06875
0 0.25125 0.72 0.06625 0.03125
0 0.6375 0.81 0.04375 0.06375
0 0.68375 0.8125 0.04125 0.06
0 0.73375 0.81375 0.05375 0.0575
0 0.79125 0.7975 0.05625 0.0275
0 0.79 0.825 0.055 0.02375
0 0.8475 0.79875 0.05125 0.025
0 0.8475 0.82625 0.055 0.0225
0 0.7325 0.55875 0.0525 0.025
0 0.7325 0.53375 0.0525 0.02375
0 0.6675 0.55 0.07375 0.03375
0 0.66875 0.5825 0.0725 0.0275
0 0.59625 0.58625 0.065 0.0325
0 0.5975 0.55125 0.0625 0.03125
0 0.63375 0.765 0.0375 0.0175
0 0.325 0.72 0.07125 0.0325
0 0.32375 0.6875 0.07125 0.02625
0 0.55 0.82 0.05625 0.05
0 0.44625 0.70875 0.07125 0.03375
0 0.4475 0.66625 0.06875 0.04375
0 0.5175 0.6775 0.06625 0.0275
0 0.5175 0.70875 0.06875 0.0325
0 0.58875 0.7075 0.06875 0.0325
0 0.5875 0.67375 0.06875 0.03125
0 0.65875 0.6725 0.065 0.02875
0 0.6575 0.705 0.06625 0.02875
0 0.7175 0.6775 0.04625 0.02625
0 0.76875 0.6775 0.05 0.0275
0 0.82125 0.67375 0.0475 0.02625
0 0.82 0.70375 0.05 0.025
0 0.76875 0.70375 0.04875 0.025
0 0.71875 0.70375 0.04875 0.025
0 0.1375 0.8175 0.025 0.08
0 0.185 0.8475 0.0525 0.025
0 0.18125 0.82125 0.05625 0.025
0 0.18 0.79375 0.055 0.02125
0 0.23875 0.82 0.05 0.02125
0 0.24 0.84625 0.04875 0.02625
0 0.2975 0.83625 0.05875 0.04
0 0.31 0.77875 0.06 0.0175
0 0.36875 0.775 0.04875 0.01125
0 0.245 0.77875 0.05625 0.01375
0 0.36375 0.8325 0.06 0.03625
0 0.42625 0.815 0.05375 0.06875
0 0.4875 0.81625 0.06125 0.05625
0 0.52375 0.54125 0.0775 0.04375
0 0.31875 0.465 0.0825 0.04375
0 0.215 0.04 0.0775 0.04125
0 0.3625 0.04 0.06125 0.0375
0 0.15125 0.27375 0.05125 0.03125
0 0.1525 0.3075 0.05375 0.02875
0 0.15375 0.33875 0.0525 0.0275
0 0.215 0.3075 0.06625 0.02625
0 0.21375 0.3375 0.065 0.0275
0 0.375 0.27875 0.0875 0.04375
0 0.38 0.32625 0.0775 0.045
0 0.51125 0.245 0.07 0.0325
0 0.51375 0.28375 0.06375 0.04125
0 0.515 0.32375 0.06125 0.03625
0 0.5825 0.31875 0.0675 0.03125
0 0.5825 0.2825 0.06625 0.03625
0 0.80125 0.1575 0.0625 0.035
0 0.64875 0.2825 0.0575 0.02875
0 0.71375 0.2825 0.0525 0.0275
0 0.71375 0.31375 0.05375 0.03
0 0.7725 0.2475 0.05625 0.03
0 0.76875 0.28125 0.05375 0.0325
0 0.76875 0.31375 0.0525 0.025
0 0.82375 0.31375 0.05125 0.025
0 0.82625 0.285 0.0475 0.02875
0 0.82625 0.255 0.04625 0.02625
0 0.1375 0.46375 0.025 0.06875
0 0.1675 0.4625 0.03125 0.07125
0 0.23 0.42125 0.0875 0.04125
0 0.23125 0.4675 0.08625 0.04375
0 0.65 0.31875 0.0575 0.03375
0 0.80125 0.1225 0.0625 0.03375
0 0.73375 0.16 0.06625 0.03375
0 0.73375 0.12375 0.06625 0.0325
0 0.15 0.04375 0.05 0.03125
0 0.41375 0.07375 0.015 0.1275
0 0.25625 0.59625 0.0625 0.035
0 0.43125 0.17625 0.01375 0.13
0 0.47 0.08625 0.0125 0.0675
0 0.4725 0.18875 0.01625 0.05875
0 0.4725 0.32625 0.01375 0.05375
0 0.45 0.27375 0.01625 0.1175
0 0.4825 0.025 0.035 0.03875
0 0.5425 0.02375 0.08125 0.03875
0 0.62125 0.0225 0.06875 0.03875
0 0.67625 0.01875 0.03625 0.03125
0 0.7375 0.02 0.07625 0.03125
0 0.79625 0.01875 0.03375 0.02875
0 0.83125 0.0175 0.03375 0.03
0 0.22125 0.13 0.1075 0.04375
0 0.38375 0.6925 0.045 0.0225
0 0.31375 0.14 0.07125 0.04
0 0.31375 0.18 0.0725 0.03625
0 0.37875 0.1375 0.0475 0.03375
0 0.38 0.1775 0.0475 0.03875
0 0.5175 0.155 0.03125 0.0625
0 0.55 0.155 0.03125 0.06375
0 0.5975 0.14 0.0525 0.02875
0 0.59625 0.17 0.0525 0.02875
0 0.66125 0.1275 0.0675 0.0325
0 0.6625 0.1625 0.06625 0.03625
0 0.2925 0.03875 0.07375 0.04375
0 0.22375 0.1775 0.10125 0.05
0 0.14625 0.6075 0.03875 0.02375