0 0.3025 0.50125 0.02875 0.04375
0 0.64 0.2175 0.04875 0.17
0 0.25875 0.635 0.02625 0.03125
0 0.2325 0.62375 0.01875 0.03
0 0.26125 0.595 0.0275 0.04
0 0.2375 0.585 0.0225 0.04125
0 0.19625 0.38625 0.04625 0.10125
0 0.66875 0.4225 0.04 0.14
0 0.5225 0.415 0.0375 0.15875
0 0.4775 0.41 0.04 0.14125
0 0.4425 0.4125 0.02875 0.13375
0 0.41125 0.41125 0.03375 0.12375
0 0.375 0.4075 0.035 0.13125
0 0.34375 0.4 0.02375 0.1175
0 0.3175 0.3975 0.02625 0.12125
0 0.27625 0.37875 0.05625 0.13
0 0.37875 0.24375 0.045 0.12375
0 0.33875 0.24375 0.0275 0.1175
0 0.30375 0.24125 0.03875 0.1225
0 0.255 0.2425 0.03625 0.11625
0 0.22375 0.25 0.02375 0.1175
0 0.2 0.2525 0.02375 0.11125
0 0.52375 0.84125 0.03875 0.04625
0 0.28875 0.6425 0.025 0.03875
0 0.23625 0.66 0.0225 0.0325
0 0.26125 0.6725 0.03 0.04
0 0.295 0.68625 0.02625 0.03875
0 0.24625 0.54 0.03125 0.0425
0 0.275 0.54625 0.02375 0.03375
0 0.30625 0.5475 0.02875 0.04375
0 0.2125 0.48375 0.025 0.04375
0 0.21375 0.53125 0.0325 0.045
0 0.52375 0.23125 0.05125 0.1575
0 0.2425 0.4925 0.03375 0.04875
0 0.29625 0.735 0.0275 0.04125
0 0.39 0.77625 0.0275 0.04625
0 0.35625 0.7625 0.03125 0.04375
0 0.48 0.82125 0.0425 0.05125
0 0.32625 0.7525 0.0275 0.04625
0 0.3575 0.71875 0.0275 0.03875
0 0.325 0.7075 0.0325 0.0375
0 0.39125 0.68125 0.03 0.04
0 0.35875 0.67375 0.035 0.04875
0 0.32375 0.66625 0.03 0.04
0 0.38625 0.6375 0.03 0.045
0 0.35625 0.62625 0.03375 0.04875
0 0.31875 0.61875 0.03125 0.04625
0 0.26875 0.71625 0.0275 0.035
0 0.24 0.70625 0.03 0.0325
0 0.3925 0.73125 0.0325 0.03625
0 0.435 0.80125 0.0375 0.04875
0 0.52125 0.78625 0.03875 0.045
0 0.47625 0.77 0.04625 0.04
0 0.57 0.8675 0.04875 0.04875
0 0.7575 0.76125 0.07125 0.0725
0 0.68875 0.7375 0.055 0.06875
0 0.6325 0.72 0.0475 0.07
0 0.575 0.7025 0.06 0.06125
0 0.78375 0.69 0.03125 0.06375
0 0.74875 0.6825 0.035 0.05
0 0.71375 0.67625 0.03125 0.0625
0 0.78375 0.62375 0.0325 0.055
0 0.74875 0.6175 0.035 0.06125
0 0.62375 0.895 0.0475 0.055
0 0.7125 0.61 0.02875 0.06375
0 0.5875 0.56 0.06125 0.0625
0 0.5325 0.54625 0.04625 0.05625
0 0.82125 0.44375 0.04375 0.18
0 0.7725 0.44 0.0525 0.18875
0 0.70875 0.43375 0.0425 0.1575
0 0.61875 0.425 0.04875 0.14875
0 0.57 0.42375 0.04875 0.145
0 0.8275 0.2 0.06375 0.19625
0 0.76 0.2075 0.065 0.18625
0 0.69625 0.21 0.06125 0.185
0 0.53625 0.615 0.05 0.06125
0 0.27375 0.49875 0.0275 0.03625
0 0.67875 0.92 0.04875 0.06375
0 0.81875 0.9425 0.04875 0.115
0 0.43125 0.7525 0.04375 0.04
0 0.5225 0.73625 0.0425 0.0475
0 0.4775 0.72375 0.0375 0.0425
0 0.43 0.71 0.045 0.03875
0 0.5175 0.68375 0.045 0.055
0 0.46625 0.66875 0.04 0.05625
0 0.4225 0.65625 0.03875 0.05625
0 0.33625 0.56125 0.03 0.04625
0 0.4525 0.59625 0.045 0.05375
0 0.4075 0.58625 0.04125 0.03625
0 0.73875 0.955 0.06 0.065
0 0.37 0.5775 0.0325 0.05625
0 0.33375 0.51125 0.03125 0.05
0 0.455 0.53625 0.0525 0.05125
0 0.7575 0.83 0.065 0.06125
0 0.69 0.8 0.05875 0.05625
0 0.63125 0.77875 0.04875 0.0375
0 0.575 0.7575 0.06375 0.045
0 0.75375 0.8925 0.06 0.06125
0 0.68875 0.865 0.0625 0.06875
0 0.625 0.835 0.05 0.06875
0 0.56875 0.80625 0.05125 0.05375
0 0.37 0.51875 0.0325 0.05125
0 0.475 0.23375 0.0425 0.15125
0 0.59625 0.63375 0.06125 0.06125