0 0.155 0.74125 0.05625 0.01625
0 0.16 0.7625 0.05875 0.02
0 0.2 0.7475 0.01875 0.0575
0 0.25625 0.7525 0.0125 0.04625
0 0.3325 0.7825 0.025 0.065
0 0.27625 0.75625 0.02 0.04125
0 0.1525 0.71625 0.04875 0.025
0 0.30625 0.77875 0.025 0.07
0 0.225 0.7525 0.02375 0.05125
0 0.285 0.68875 0.0175 0.03625
0 0.84 0.76125 0.0575 0.1075
0 0.2025 0.67625 0.0175 0.04
0 0.18625 0.67125 0.01125 0.03
0 0.17375 0.6675 0.00875 0.0375
0 0.16 0.66625 0.0175 0.03375
0 0.14 0.66375 0.01375 0.02875
0 0.79 0.75625 0.035 0.1075
0 0.7375 0.71875 0.05 0.05375
0 0.6825 0.70875 0.05125 0.04
0 0.3175 0.68625 0.02 0.025
0 0.62625 0.71625 0.04 0.06625
0 0.265 0.6875 0.0175 0.03875
0 0.37125 0.74 0.03 0.035
0 0.625 0.78875 0.035 0.02625
0 0.47375 0.76375 0.04125 0.03375
0 0.75625 0.2925 0.05375 0.10375
0 0.5725 0.845 0.04125 0.02375
0 0.68875 0.87 0.02625 0.03125
0 0.835 0.88875 0.0425 0.08625
0 0.78875 0.885 0.035 0.09125
0 0.74625 0.80625 0.035 0.035
0 0.705 0.7975 0.03625 0.02125
0 0.65875 0.79625 0.0275 0.03375
0 0.29 0.4125 0.04375 0.06375
0 0.585 0.77125 0.0225 0.02375
0 0.5425 0.77375 0.035 0.0425
0 0.51 0.7675 0.02875 0.02625
0 0.71875 0.42875 0.02625 0.05625
0 0.68625 0.435 0.02375 0.04875
0 0.6475 0.4275 0.02625 0.05875
0 0.5475 0.42625 0.0325 0.05125
0 0.49375 0.43375 0.03375 0.04625
0 0.455 0.41125 0.02625 0.07625
0 0.42125 0.43 0.0175 0.05
0 0.39875 0.42625 0.01875 0.04375
0 0.3775 0.42625 0.0175 0.04625
0 0.3575 0.42625 0.015 0.04625
0 0.33875 0.425 0.0175 0.0475
0 0.4225 0.7425 0.03875 0.03
0 0.82 0.315 0.05125 0.1075
0 0.57625 0.4975 0.0475 0.03125
0 0.775 0.43 0.0225 0.05375
0 0.32 0.58625 0.04 0.055
0 0.3625 0.5875 0.0375 0.04875
0 0.405 0.59125 0.0325 0.05625
0 0.44375 0.5925 0.0375 0.04875
0 0.48375 0.5975 0.03375 0.055
0 0.52625 0.605 0.03625 0.04
0 0.56625 0.61125 0.0325 0.05125
0 0.62375 0.6075 0.03375 0.04625
0 0.6725 0.63 0.03875 0.04875
0 0.74375 0.635 0.0775 0.05375
0 0.2775 0.53875 0.0175 0.04875
0 0.815 0.61 0.04875 0.095
0 0.175 0.6025 0.01625 0.04625
0 0.19625 0.60875 0.02125 0.06125
0 0.2275 0.6125 0.035 0.05625
0 0.26625 0.6225 0.02875 0.05125
0 0.3525 0.66 0.0325 0.055
0 0.415 0.66125 0.035 0.0425
0 0.4625 0.68625 0.04625 0.055
0 0.50875 0.69125 0.04125 0.05375
0 0.58 0.6925 0.03 0.02625
0 0.69875 0.29375 0.0475 0.09875
0 0.14625 0.60375 0.03125 0.04875
0 0.74875 0.43 0.02375 0.0525
0 0.26 0.535 0.01125 0.04625
0 0.2225 0.53375 0.01875 0.04
0 0.81875 0.46375 0.04 0.10125
0 0.13375 0.45125 0.015 0.04625
0 0.15375 0.4525 0.015 0.04625
0 0.17 0.455 0.015 0.04125
0 0.19 0.45625 0.01625 0.04875
0 0.21125 0.45625 0.0175 0.04625
0 0.2325 0.4575 0.02125 0.04875
0 0.32125 0.50375 0.04375 0.05875
0 0.3725 0.505 0.035 0.05625
0 0.58125 0.72125 0.03125 0.0175
0 0.2425 0.535 0.01875 0.045
0 0.4075 0.51125 0.03 0.0575
0 0.49125 0.52 0.02875 0.055
0 0.53125 0.5275 0.04625 0.04
0 0.57875 0.53125 0.045 0.0375
0 0.6225 0.51875 0.03125 0.04625
0 0.66125 0.53875 0.03375 0.0425
0 0.70625 0.53875 0.045 0.055
0 0.75625 0.54625 0.0475 0.0425
0 0.15 0.525 0.01875 0.04
0 0.175 0.53125 0.0225 0.04375
0 0.20125 0.53 0.02125 0.0475
0 0.44375 0.5175 0.035 0.0425
0 0.64375 0.295 0.05125 0.09875
0 0.28625 0.31 0.04625 0.0825
0 0.2275 0.34875 0.045 0.0875
0 0.375 0.16875 0.09125 0.12375
0 0.44375 0.175 0.035 0.10625
0 0.5775 0.13 0.0225 0.14
0 0.60375 0.1275 0.02625 0.14875
0 0.6375 0.11875 0.03875 0.18
0 0.6775 0.1175 0.0325 0.18
0 0.715 0.115 0.0325 0.1875
0 0.5975 0.29125 0.03375 0.08125
0 0.305 0.1775 0.0375 0.1175
0 0.54125 0.30375 0.03625 0.08375
0 0.4675 0.30375 0.03625 0.085
0 0.43125 0.30375 0.0275 0.08625
0 0.36875 0.3075 0.03375 0.085
0 0.33125 0.3075 0.03375 0.08125
0 0.755 0.11375 0.0375 0.18125
0 0.1775 0.3475 0.04625 0.09
0 0.16125 0.2825 0.0375 0.015
0 0.53125 0.1875 0.05625 0.04625
0 0.50625 0.30125 0.02625 0.09375
0 0.85625 0.1 0.03625 0.18875
0 0.2625 0.18 0.04 0.11625
0 0.18 0.17875 0.03625 0.13875
0 0.22 0.18375 0.0325 0.1175
0 0.8075 0.1 0.0525 0.195