0 0.31375 0.06 0.0625 0.11375
0 0.72 0.8275 0.02375 0.1
0 0.6925 0.82625 0.0275 0.10125
0 0.66125 0.8275 0.03375 0.10125
0 0.63 0.83 0.0275 0.09625
0 0.59375 0.83125 0.03625 0.09875
0 0.45875 0.84 0.03375 0.1025
0 0.52625 0.8375 0.03125 0.10125
0 0.49375 0.83875 0.03375 0.09875
0 0.74625 0.82625 0.0275 0.1
0 0.42375 0.84125 0.035 0.10125
0 0.28 0.26 0.0525 0.145
0 0.56 0.835 0.0325 0.095
0 0.38125 0.05875 0.065 0.11375
0 0.7725 0.82375 0.02375 0.09375
0 0.37 0.97 0.10875 0.02875
0 0.255 0.06 0.055 0.11375
0 0.1875 0.05625 0.07375 0.11125
0 0.83375 0.9375 0.08125 0.02375
0 0.71875 0.9125 0.085 0.01875
0 0.4475 0.06 0.05375 0.11875
0 0.505 0.05875 0.04375 0.115
0 0.55 0.0625 0.0375 0.12
0 0.6175 0.06 0.055 0.11875
0 0.67375 0.0625 0.05 0.11875
0 0.8 0.8225 0.03 0.09625
0 0.72375 0.0725 0.035 0.095
0 0.80125 0.075 0.03625 0.09375
0 0.8375 0.075 0.03375 0.095
0 0.13875 0.2525 0.02125 0.1425
0 0.17375 0.25375 0.0475 0.145
0 0.6775 0.97 0.09625 0.02875
0 0.58 0.975 0.09375 0.02875
0 0.21875 0.25875 0.0375 0.1375
0 0.57875 0.93625 0.10125 0.03125
0 0.4775 0.9825 0.0975 0.03
0 0.7625 0.075 0.04 0.0925
0 0.38125 0.84125 0.03375 0.09125
0 0.1425 0.8575 0.035 0.1
0 0.2925 0.85125 0.02875 0.1
0 0.585 0.5775 0.09125 0.03125
0 0.59 0.6125 0.0875 0.02875
0 0.68125 0.575 0.09125 0.03375
0 0.6825 0.61125 0.09375 0.02625
0 0.77375 0.575 0.0875 0.0275
0 0.3 0.72 0.035 0.11
0 0.255 0.7175 0.03375 0.105
0 0.495 0.61625 0.0925 0.03
0 0.21375 0.72375 0.03625 0.10875
0 0.14125 0.745 0.0325 0.075
0 0.40625 0.515 0.0475 0.055
0 0.7725 0.6075 0.085 0.03
0 0.46125 0.51875 0.0375 0.08375
0 0.50125 0.51625 0.03625 0.0825
0 0.54625 0.5075 0.04375 0.06
0 0.34125 0.2575 0.03625 0.14
0 0.17625 0.74375 0.035 0.075
0 0.49 0.58375 0.09375 0.02875
0 0.3925 0.625 0.11 0.02375
0 0.33375 0.71875 0.03 0.11125
0 0.2625 0.85125 0.02875 0.1
0 0.23125 0.8525 0.03125 0.10125
0 0.19875 0.8525 0.035 0.1025
0 0.7975 0.7 0.03875 0.10125
0 0.73625 0.7 0.02875 0.11
0 0.71125 0.7025 0.01875 0.11125
0 0.6875 0.70125 0.0275 0.11
0 0.65625 0.70375 0.02875 0.1075
0 0.62 0.705 0.02875 0.1075
0 0.57125 0.70875 0.03125 0.1075
0 0.53375 0.7075 0.0275 0.11125
0 0.49 0.72375 0.04 0.08
0 0.4475 0.71375 0.03 0.11375
0 0.42375 0.715 0.015 0.11
0 0.405 0.7175 0.02125 0.115
0 0.38 0.71875 0.0275 0.11375
0 0.3575 0.71875 0.01625 0.1125
0 0.345 0.8475 0.03125 0.09875
0 0.395 0.2675 0.03625 0.15625
0 0.765 0.25125 0.01 0.12125
0 0.835 0.96 0.07875 0.01625
0 0.4275 0.26375 0.02375 0.1425
0 0.595 0.40625 0.01125 0.13125
0 0.61 0.40875 0.0125 0.1275
0 0.625 0.40875 0.015 0.12625
0 0.69375 0.42 0.03 0.13625
0 0.7225 0.40125 0.01375 0.115
0 0.73375 0.40125 0.01125 0.1125
0 0.745 0.4025 0.01125 0.11625
0 0.7575 0.4025 0.01375 0.115
0 0.165 0.5725 0.0775 0.03375
0 0.165 0.60375 0.08 0.025
0 0.165 0.635 0.08 0.02625
0 0.22375 0.5825 0.03125 0.1175
0 0.25375 0.58 0.02875 0.12375
0 0.2875 0.58 0.02625 0.1175
0 0.31375 0.5775 0.02375 0.12
0 0.385 0.56625 0.11125 0.03
0 0.38625 0.5975 0.10875 0.02875
0 0.83125 0.4925 0.02 0.1175
0 0.56 0.40625 0.01875 0.12125
0 0.5425 0.40625 0.015 0.1225
0 0.4725 0.41125 0.025 0.12125
0 0.44125 0.40875 0.01625 0.12125
0 0.485 0.25625 0.01625 0.1275
0 0.515 0.25625 0.02375 0.12625
0 0.5525 0.2575 0.03375 0.1325
0 0.59375 0.2625 0.03875 0.12375
0 0.6425 0.2575 0.01875 0.125
0 0.66 0.2575 0.01375 0.12625
0 0.68625 0.255 0.01875 0.12375
0 0.7075 0.255 0.02375 0.12375
0 0.72875 0.255 0.01 0.12625
0 0.8325 0.38875 0.04 0.05625
0 0.745 0.255 0.02125 0.12625
0 0.1425 0.41625 0.02125 0.13875
0 0.175 0.42625 0.03375 0.145
0 0.21625 0.42625 0.03375 0.14375
0 0.2525 0.41375 0.01875 0.1325
0 0.27 0.41375 0.01625 0.13375
0 0.3 0.4175 0.035 0.14125
0 0.3425 0.4125 0.03125 0.14125
0 0.38875 0.41625 0.03875 0.13125
0 0.42375 0.40875 0.01625 0.12
0 0.78125 0.2525 0.02375 0.12125
0 0.84625 0.30625 0.04125 0.05875
0 0.5825 0.40625 0.01375 0.13125
0 0.85875 0.6525 0.03125 0.1
0 0.83125 0.65125 0.02125 0.10375
0 0.84625 0.7725 0.05125 0.11125
0 0.84625 0.88625 0.0575 0.04375
0 0.46375 0.25625 0.015 0.13125
0 0.4475 0.25625 0.01375 0.12875