0 0.28 0.865 0.0425 0.12125
0 0.49125 0.8725 0.025 0.08375
0 0.4525 0.8625 0.04125 0.1225
0 0.41 0.8625 0.0425 0.12125
0 0.52875 0.8575 0.04375 0.11125
0 0.325 0.86875 0.04 0.1175
0 0.2375 0.8675 0.03875 0.11875
0 0.36625 0.86375 0.04 0.125
0 0.5875 0.86125 0.045 0.1175
0 0.19875 0.21875 0.03625 0.08625
0 0.66375 0.865 0.03125 0.11
0 0.69625 0.86625 0.0325 0.11375
0 0.73875 0.86625 0.04875 0.1125
0 0.79 0.865 0.04875 0.11875
0 0.8325 0.8625 0.0325 0.10625
0 0.8625 0.86375 0.025 0.1075
0 0.23375 0.22125 0.03125 0.08125
0 0.19625 0.8675 0.0375 0.12125
0 0.6275 0.8825 0.03375 0.07375
0 0.15125 0.8675 0.05 0.11875
0 0.27 0.71625 0.04875 0.105
0 0.82 0.71625 0.05625 0.105
0 0.6625 0.11125 0.0325 0.0775
0 0.69875 0.11125 0.03875 0.07875
0 0.86125 0.71625 0.02625 0.105
0 0.7375 0.11 0.0375 0.07875
0 0.77125 0.11 0.03 0.07875
0 0.80625 0.11125 0.03625 0.08
0 0.84375 0.11125 0.035 0.08
0 0.1375 0.22 0.0225 0.085
0 0.165 0.21875 0.03 0.08625
0 0.86125 0.2225 0.025 0.0975
0 0.83125 0.2225 0.0325 0.0975
0 0.79625 0.225 0.035 0.09
0 0.6275 0.11125 0.0375 0.0775
0 0.7575 0.23125 0.0325 0.07875
0 0.695 0.23125 0.035 0.07875
0 0.655 0.23125 0.04125 0.07875
0 0.61 0.2325 0.03625 0.07625
0 0.57625 0.2325 0.03 0.075
0 0.5425 0.23 0.0325 0.0775
0 0.51 0.2275 0.0325 0.08
0 0.4775 0.22875 0.03375 0.0775
0 0.44125 0.2275 0.0325 0.07625
0 0.405 0.22875 0.03875 0.0775
0 0.3675 0.2225 0.0325 0.0875
0 0.335 0.2225 0.03 0.08625
0 0.3025 0.2225 0.0325 0.0825
0 0.7275 0.2325 0.02875 0.08
0 0.5875 0.1075 0.03125 0.075
0 0.5525 0.1075 0.035 0.07625
0 0.51375 0.10625 0.03125 0.07875
0 0.21 0.095 0.04 0.085
0 0.17375 0.095 0.03375 0.08375
0 0.14125 0.0925 0.02875 0.0875
0 0.15125 0.33625 0.04375 0.10375
0 0.19375 0.3375 0.04 0.1025
0 0.2375 0.3375 0.04625 0.105
0 0.28 0.3375 0.03875 0.10125
0 0.3225 0.34 0.03875 0.1075
0 0.36125 0.34125 0.04125 0.1025
0 0.405 0.345 0.03625 0.10375
0 0.445 0.345 0.04 0.10125
0 0.48875 0.34375 0.045 0.1
0 0.5325 0.345 0.04375 0.0975
0 0.57375 0.345 0.03625 0.0975
0 0.6175 0.34625 0.0375 0.0925
0 0.66125 0.3475 0.045 0.09375
0 0.70625 0.34875 0.0425 0.09375
0 0.74875 0.34875 0.0325 0.09625
0 0.78375 0.35125 0.0375 0.0925
0 0.8225 0.35125 0.03875 0.0925
0 0.85875 0.35125 0.0325 0.09125
0 0.1375 0.46125 0.02125 0.0975
0 0.32625 0.095 0.03625 0.09
0 0.36375 0.095 0.03375 0.085
0 0.405 0.10375 0.03375 0.07875
0 0.44125 0.105 0.03625 0.0775
0 0.4775 0.10625 0.03625 0.0775
0 0.26625 0.22125 0.03625 0.08375
0 0.25 0.09625 0.0375 0.08375
0 0.29 0.0975 0.03875 0.085
0 0.1725 0.585 0.05 0.10875
0 0.76125 0.46875 0.04375 0.1
0 0.805 0.4675 0.04125 0.0975
0 0.85125 0.47375 0.0475 0.08625
0 0.13625 0.585 0.02 0.1075
0 0.32 0.715 0.0475 0.1025
0 0.225 0.585 0.04625 0.105
0 0.27625 0.58375 0.0525 0.1075
0 0.325 0.58625 0.04375 0.11125
0 0.36875 0.5875 0.04375 0.10875
0 0.4175 0.58625 0.04625 0.10625
0 0.4625 0.5875 0.04125 0.1025
0 0.50875 0.5875 0.04875 0.10125
0 0.5575 0.58625 0.04625 0.10375
0 0.60625 0.5875 0.05 0.10375
0 0.65625 0.5875 0.05 0.1025
0 0.7075 0.58875 0.04625 0.105
0 0.755 0.58875 0.0475 0.1025
0 0.815 0.5875 0.05 0.10375
0 0.8575 0.59 0.03375 0.1
0 0.7175 0.46875 0.045 0.10125
0 0.6725 0.4675 0.04375 0.09625
0 0.63 0.46625 0.04125 0.0975
0 0.5875 0.4675 0.04125 0.1
0 0.76625 0.715 0.0475 0.105
0 0.72125 0.71375 0.04125 0.10625
0 0.6825 0.71375 0.03625 0.105
0 0.645 0.71375 0.03875 0.10375
0 0.6 0.715 0.05 0.105
0 0.5525 0.715 0.045 0.1025
0 0.505 0.715 0.04875 0.0975
0 0.4575 0.7125 0.045 0.1025
0 0.415 0.71625 0.03875 0.105
0 0.16625 0.7175 0.05375 0.1
0 0.37125 0.71625 0.0475 0.1025
0 0.20625 0.4625 0.0375 0.09875
0 0.2475 0.4625 0.04125 0.0975
0 0.28875 0.4625 0.03875 0.0975
0 0.32625 0.4625 0.03625 0.0975
0 0.36875 0.465 0.04 0.105
0 0.41 0.4675 0.0425 0.10125
0 0.4525 0.465 0.04 0.09625
0 0.49625 0.46625 0.0475 0.09375
0 0.545 0.4675 0.045 0.09875
0 0.1675 0.46125 0.03625 0.09875
0 0.2175 0.715 0.04875 0.10625