0 0.30625 0.305 0.0175 0.06375
0 0.25625 0.5725 0.03 0.05125
0 0.61125 0.3175 0.02875 0.0925
0 0.5775 0.31625 0.02875 0.08875
0 0.5475 0.315 0.025 0.08875
0 0.5225 0.3125 0.0225 0.0825
0 0.49875 0.3125 0.0175 0.08
0 0.47625 0.31125 0.02375 0.07875
0 0.64375 0.31625 0.03375 0.09375
0 0.4525 0.3125 0.015 0.07375
0 0.4175 0.31 0.01375 0.0675
0 0.40125 0.31125 0.0175 0.06875
0 0.38125 0.30875 0.0175 0.06875
0 0.3625 0.30875 0.01625 0.065
0 0.35 0.3075 0.0075 0.065
0 0.335 0.3075 0.015 0.06625
0 0.43625 0.31125 0.01625 0.07125
0 0.19125 0.18125 0.01625 0.07125
0 0.15 0.37 0.0125 0.05375
0 0.1725 0.37125 0.01 0.06
0 0.54 0.45125 0.01875 0.07125
0 0.51625 0.44875 0.0175 0.07
0 0.495 0.43875 0.02 0.0775
0 0.47375 0.435 0.015 0.0775
0 0.4525 0.43 0.01875 0.07625
0 0.43375 0.42875 0.01625 0.06875
0 0.16125 0.37125 0.0075 0.05
0 0.41625 0.425 0.01125 0.06875
0 0.38375 0.42125 0.0175 0.06875
0 0.3675 0.415 0.01375 0.0675
0 0.34875 0.41125 0.01875 0.075
0 0.32625 0.4075 0.02 0.07125
0 0.30125 0.39625 0.025 0.08125
0 0.18625 0.3725 0.01375 0.0625
0 0.40125 0.42125 0.0125 0.07125
0 0.2125 0.18125 0.0225 0.07
0 0.3275 0.1225 0.01875 0.06875
0 0.35125 0.11875 0.02375 0.075
0 0.47375 0.20625 0.025 0.08625
0 0.575 0.19375 0.03 0.09875
0 0.60625 0.19125 0.02875 0.09875
0 0.6425 0.18875 0.035 0.1
0 0.67625 0.185 0.02625 0.09375
0 0.71 0.1825 0.03375 0.10125
0 0.44875 0.2075 0.02 0.085
0 0.69875 0.295 0.03125 0.1
0 0.79625 0.24625 0.03375 0.14125
0 0.8475 0.24 0.055 0.155
0 0.1525 0.28 0.0225 0.07125
0 0.17625 0.2825 0.01875 0.0675
0 0.19625 0.285 0.01875 0.0725
0 0.28625 0.305 0.015 0.065
0 0.7675 0.27125 0.0175 0.11125
0 0.425 0.2075 0.01875 0.0775
0 0.4025 0.20875 0.02 0.0775
0 0.38 0.21 0.01875 0.0775
0 0.375 0.1125 0.0175 0.07125
0 0.3975 0.1125 0.02 0.07375
0 0.4275 0.1 0.03125 0.09
0 0.45875 0.09375 0.02125 0.08125
0 0.48125 0.0925 0.02 0.085
0 0.50625 0.0825 0.0225 0.08
0 0.53625 0.08 0.03125 0.08375
0 0.66625 0.05625 0.04375 0.09875
0 0.73125 0.05 0.04625 0.09875
0 0.80875 0.07125 0.0675 0.13375
0 0.3 0.21875 0.01375 0.06625
0 0.31625 0.2175 0.01625 0.06875
0 0.335 0.215 0.01375 0.06375
0 0.35 0.21375 0.01125 0.07125
0 0.36375 0.21125 0.01375 0.0725
0 0.5625 0.4525 0.02 0.07375
0 0.32125 0.3075 0.01125 0.0675
0 0.585 0.45875 0.02 0.07125
0 0.63125 0.46875 0.025 0.07125
0 0.79125 0.9225 0.03375 0.10625
0 0.735 0.89 0.0425 0.07875
0 0.695 0.86625 0.03125 0.09
0 0.645 0.83875 0.02625 0.08875
0 0.61625 0.83 0.025 0.08
0 0.59 0.81875 0.02125 0.09
0 0.83875 0.9425 0.0425 0.09375
0 0.5175 0.78125 0.02125 0.07
0 0.45625 0.74 0.02375 0.07
0 0.42875 0.73 0.02375 0.06
0 0.405 0.72125 0.0175 0.07
0 0.33875 0.67875 0.02625 0.05625
0 0.3025 0.66625 0.0175 0.0575
0 0.2825 0.6575 0.015 0.06125
0 0.49625 0.76375 0.01375 0.065
0 0.24125 0.75875 0.0475 0.06625
0 0.30625 0.80875 0.025 0.06125
0 0.37875 0.8 0.02875 0.05625
0 0.255 0.49625 0.03 0.045
0 0.24125 0.4325 0.06125 0.07375
0 0.24125 0.345 0.05875 0.07
0 0.25375 0.2425 0.03125 0.09125
0 0.60125 0.96875 0.03375 0.0525
0 0.56625 0.96375 0.02625 0.0725
0 0.345 0.7725 0.0275 0.0575
0 0.54 0.955 0.02 0.08625
0 0.495 0.92375 0.01625 0.0925
0 0.4725 0.91125 0.0225 0.07125
0 0.4475 0.8975 0.02125 0.0875
0 0.4 0.8725 0.0325 0.05375
0 0.37125 0.85875 0.02 0.04875
0 0.34125 0.83375 0.03 0.05375
0 0.51625 0.9425 0.02125 0.07625
0 0.24 0.685 0.0525 0.07125
0 0.17 0.70125 0.05625 0.0875
0 0.8475 0.7675 0.0525 0.09875
0 0.4875 0.5425 0.02875 0.08625
0 0.45125 0.5425 0.02875 0.08875
0 0.42625 0.535 0.01875 0.0875
0 0.405 0.5275 0.02 0.0825
0 0.38625 0.525 0.01375 0.085
0 0.36875 0.52125 0.015 0.07625
0 0.52 0.57 0.02375 0.085
0 0.3525 0.51375 0.0125 0.07875
0 0.29125 0.495 0.02625 0.07
0 0.17875 0.4575 0.025 0.07375
0 0.84875 0.4425 0.0525 0.14875
0 0.7925 0.435 0.05 0.13125
0 0.74 0.41125 0.035 0.11
0 0.65625 0.47125 0.0225 0.0775
0 0.33375 0.51125 0.0225 0.07125
0 0.5475 0.5775 0.025 0.08375
0 0.5775 0.5825 0.03125 0.0875
0 0.71875 0.5875 0.04625 0.13875
0 0.76 0.755 0.06125 0.115
0 0.69875 0.72875 0.04875 0.12375
0 0.63125 0.68 0.05375 0.15125
0 0.42375 0.635 0.0175 0.06625
0 0.40125 0.62625 0.02375 0.07125
0 0.3675 0.60875 0.02375 0.05625
0 0.34125 0.6 0.02125 0.065
0 0.3175 0.5875 0.02375 0.04875
0 0.29 0.57875 0.02375 0.05875
0 0.2575 0.62125 0.02875 0.04125
0 0.22125 0.59125 0.03125 0.0575
0 0.19125 0.5825 0.0225 0.055
0 0.16125 0.55375 0.03 0.07375
0 0.83625 0.60875 0.06875 0.14375
0 0.77 0.59875 0.05125 0.13
0 0.60625 0.4625 0.0175 0.0725
0 0.74375 0.2725 0.02 0.10875