0 0.49625 0.39875 0.05125 0.09625
0 0.35125 0.18125 0.035 0.04
0 0.3325 0.14125 0.02875 0.03125
0 0.385 0.16875 0.03125 0.075
0 0.42 0.17 0.0325 0.075
0 0.19875 0.73125 0.03625 0.05375
0 0.2425 0.73125 0.04625 0.05125
0 0.295 0.73125 0.055 0.05375
0 0.3975 0.71875 0.04625 0.04875
0 0.44625 0.72125 0.04875 0.05375
0 0.44 0.39875 0.0575 0.1
0 0.49625 0.7375 0.0375 0.0425
0 0.535 0.7375 0.0275 0.05
0 0.3175 0.18 0.0275 0.04375
0 0.56375 0.73375 0.02125 0.0475
0 0.58875 0.73625 0.02125 0.05
0 0.61375 0.7425 0.02375 0.04375
0 0.645 0.73375 0.0325 0.0525
0 0.68 0.7325 0.0275 0.0575
0 0.7125 0.73375 0.03375 0.05875
0 0.7575 0.73125 0.0475 0.0675
0 0.79625 0.7125 0.02625 0.0225
0 0.79625 0.7375 0.025 0.025
0 0.84 0.81875 0.025 0.07125
0 0.285 0.1625 0.03125 0.075
0 0.1975 0.1525 0.07125 0.095
0 0.83375 0.7325 0.04125 0.0275
0 0.5525 0.815 0.03 0.07125
0 0.68125 0.8175 0.03125 0.075
0 0.71875 0.8175 0.02875 0.07125
0 0.75 0.8175 0.02625 0.07
0 0.7975 0.8275 0.035 0.095
0 0.82625 0.65125 0.02625 0.05375
0 0.79875 0.65 0.02625 0.0575
0 0.75625 0.64375 0.04375 0.06875
0 0.7175 0.63625 0.0275 0.07875
0 0.645 0.6275 0.02375 0.07375
0 0.25125 0.16375 0.03125 0.07625
0 0.68625 0.64 0.0325 0.08
0 0.58375 0.63875 0.02625 0.08125
0 0.52875 0.6375 0.04 0.07875
0 0.4675 0.635 0.03125 0.07875
0 0.4375 0.635 0.02375 0.0775
0 0.4125 0.635 0.02125 0.07375
0 0.38625 0.63375 0.02375 0.07875
0 0.35875 0.6325 0.02625 0.08
0 0.33125 0.63 0.02125 0.0925
0 0.305 0.62875 0.02625 0.09375
0 0.27875 0.6275 0.025 0.0925
0 0.61375 0.6375 0.03125 0.085
0 0.51875 0.8275 0.03125 0.07875
0 0.14375 0.80875 0.03375 0.0625
0 0.2775 0.81 0.03875 0.0675
0 0.21875 0.51375 0.0425 0.0925
0 0.1775 0.5125 0.0375 0.08875
0 0.1375 0.5225 0.025 0.07125
0 0.85 0.41375 0.05 0.0825
0 0.80375 0.41875 0.03875 0.08
0 0.755 0.41625 0.05625 0.07875
0 0.7 0.415 0.04125 0.0775
0 0.64875 0.41125 0.05375 0.08375
0 0.54875 0.405 0.04375 0.085
0 0.37375 0.2775 0.0525 0.10875
0 0.4325 0.27875 0.0525 0.11125
0 0.26125 0.51125 0.03875 0.09375
0 0.48125 0.285 0.0425 0.10375
0 0.57375 0.28375 0.04875 0.11
0 0.62625 0.2825 0.05 0.11
0 0.67375 0.2975 0.03875 0.08375
0 0.71875 0.2975 0.04625 0.08
0 0.77375 0.28875 0.04875 0.1
0 0.82625 0.29125 0.0475 0.09875
0 0.13875 0.40125 0.02625 0.075
0 0.18 0.39 0.04875 0.09875
0 0.2375 0.39125 0.055 0.0975
0 0.2975 0.41 0.0475 0.06625
0 0.345 0.4075 0.0425 0.075
0 0.52375 0.28625 0.04125 0.10375
0 0.1875 0.8125 0.04 0.065
0 0.305 0.51125 0.04375 0.09375
0 0.41625 0.825 0.0275 0.07875
0 0.345 0.8375 0.03375 0.0775
0 0.4625 0.15875 0.0425 0.09875
0 0.51 0.1575 0.045 0.10875
0 0.5625 0.16 0.04875 0.10125
0 0.75 0.17125 0.04 0.1
0 0.82125 0.155 0.06125 0.13875
0 0.1625 0.2875 0.02875 0.07625
0 0.2 0.2725 0.04375 0.10875
0 0.25 0.29 0.04625 0.07625
0 0.30875 0.27625 0.06375 0.10875
0 0.25125 0.6275 0.025 0.09125
0 0.38375 0.815 0.02875 0.065
0 0.2275 0.64375 0.0175 0.04875
0 0.16875 0.64375 0.0225 0.05375
0 0.13625 0.645 0.0225 0.0525
0 0.855 0.5275 0.0375 0.09875
0 0.80625 0.5275 0.04375 0.0875
0 0.7375 0.515 0.04625 0.0825
0 0.69375 0.51875 0.0375 0.08625
0 0.63875 0.50875 0.0475 0.07625
0 0.57 0.515 0.0775 0.1
0 0.48875 0.52125 0.05 0.085
0 0.44 0.5225 0.045 0.08125
0 0.38375 0.51375 0.05875 0.0975
0 0.455 0.835 0.03375 0.0775
0 0.20125 0.6425 0.0225 0.05125
0 0.4875 0.81625 0.02375 0.07