0 0.1525 0.11875 0.02875 0.08125
0 0.15375 0.04375 0.03375 0.06125
0 0.19 0.1175 0.03125 0.08375
0 0.22875 0.12 0.03 0.08375
0 0.26375 0.12 0.02875 0.085
0 0.3075 0.4875 0.03875 0.0425
0 0.68125 0.81375 0.08375 0.12625
0 0.77375 0.29375 0.025 0.0375
0 0.80375 0.295 0.02 0.03625
0 0.82625 0.28625 0.0175 0.04125
0 0.62625 0.42 0.045 0.02125
0 0.6275 0.39 0.0575 0.02875
0 0.67875 0.39 0.035 0.02875
0 0.67875 0.4225 0.04625 0.025
0 0.7325 0.42625 0.04 0.02625
0 0.71625 0.3975 0.02875 0.03
0 0.775 0.4025 0.0275 0.04875
0 0.165 0.8275 0.0775 0.15625
0 0.275 0.83125 0.10375 0.13125
0 0.38875 0.8225 0.08375 0.13125
0 0.7425 0.27875 0.02375 0.05875
0 0.48625 0.81875 0.08125 0.14125
0 0.8625 0.78875 0.02375 0.05
0 0.8625 0.84375 0.025 0.04
0 0.8325 0.84125 0.02375 0.0575
0 0.77625 0.8175 0.0675 0.11125
0 0.75125 0.66375 0.05625 0.06125
0 0.69125 0.6525 0.03875 0.08125
0 0.625 0.6725 0.02 0.02125
0 0.65 0.67125 0.01875 0.02375
0 0.86 0.405 0.0275 0.05375
0 0.86125 0.52375 0.0275 0.08125
0 0.83125 0.5425 0.0275 0.045
0 0.7725 0.53375 0.04375 0.05125
0 0.72875 0.53875 0.0375 0.0525
0 0.5775 0.825 0.07875 0.12625
0 0.70875 0.28125 0.02625 0.0675
0 0.67625 0.2825 0.025 0.07
0 0.64625 0.285 0.02125 0.06625
0 0.16625 0.6575 0.05875 0.0825
0 0.36 0.36125 0.0375 0.03375
0 0.36625 0.4125 0.03875 0.0625
0 0.27875 0.42625 0.03625 0.03625
0 0.32 0.4125 0.03125 0.0625
0 0.27625 0.35625 0.02875 0.02375
0 0.2775 0.38875 0.0325 0.02875
0 0.2375 0.39 0.03625 0.03875
0 0.235 0.43 0.04 0.03875
0 0.19 0.42875 0.04 0.03875
0 0.14625 0.43625 0.04 0.04375
0 0.145 0.39375 0.04 0.03875
0 0.14125 0.2925 0.02875 0.06125
0 0.185 0.29125 0.05 0.05375
0 0.24625 0.28375 0.0525 0.08
0 0.3075 0.28375 0.04625 0.07375
0 0.36125 0.27625 0.03875 0.0875
0 0.405 0.2775 0.03625 0.08125
0 0.46125 0.27875 0.06375 0.085
0 0.51375 0.2875 0.03625 0.06625
0 0.5525 0.285 0.0275 0.0625
0 0.58875 0.29375 0.0275 0.045
0 0.40375 0.3725 0.02625 0.0325
0 0.40625 0.4225 0.0275 0.0375
0 0.4425 0.4225 0.03 0.04125
0 0.48 0.42125 0.03125 0.0425
0 0.52375 0.39875 0.03875 0.07875
0 0.575 0.41375 0.03375 0.055
0 0.62125 0.28 0.025 0.075
0 0.8525 0.29 0.025 0.04
0 0.85375 0.0975 0.035 0.11625
0 0.815 0.39875 0.02625 0.05
0 0.74875 0.1025 0.0325 0.1225
0 0.5975 0.6725 0.01375 0.01875
0 0.57125 0.675 0.0275 0.01875
0 0.595 0.69625 0.0225 0.01625
0 0.56875 0.69875 0.02 0.01625
0 0.805 0.1075 0.03625 0.115
0 0.505 0.65 0.0225 0.0225
0 0.5425 0.6975 0.01875 0.02625
0 0.515 0.7 0.0225 0.025
0 0.3675 0.71375 0.02125 0.0125
0 0.34125 0.71625 0.0225 0.01125
0 0.33875 0.70375 0.0225 0.00875
0 0.36375 0.70125 0.0225 0.01
0 0.36875 0.6875 0.01875 0.0125
0 0.34 0.69125 0.02 0.01125
0 0.555 0.63625 0.01875 0.01125
0 0.34125 0.67375 0.02 0.0125
0 0.39625 0.67125 0.02125 0.01375
0 0.39875 0.68375 0.02625 0.00625
0 0.39625 0.69625 0.0275 0.01375
0 0.39875 0.71125 0.02875 0.01125
0 0.4275 0.71 0.01875 0.01125
0 0.425 0.69875 0.01625 0.00875
0 0.425 0.68625 0.01875 0.01
0 0.42375 0.67 0.02375 0.015
0 0.44875 0.655 0.0175 0.01875
0 0.475 0.65125 0.02 0.02125
0 0.47375 0.67375 0.025 0.015
0 0.44875 0.67875 0.01375 0.01625
0 0.295 0.67125 0.045 0.10125
0 0.23375 0.655 0.0475 0.08
0 0.3725 0.6725 0.02125 0.015
0 0.58 0.6325 0.0175 0.015
0 0.5275 0.65125 0.01625 0.02
0 0.5525 0.6175 0.02 0.02
0 0.3025 0.1225 0.03125 0.0775
0 0.34 0.09875 0.03375 0.12875
0 0.40375 0.105 0.04125 0.11375
0 0.4575 0.105 0.0425 0.11625
0 0.50625 0.1075 0.03625 0.11625
0 0.5575 0.1125 0.0425 0.115
0 0.57875 0.615 0.02125 0.01875
0 0.57375 0.53125 0.045 0.095
0 0.5225 0.55 0.03375 0.05125
0 0.4775 0.55125 0.03625 0.05
0 0.46625 0.49375 0.04125 0.0475
0 0.64625 0.1075 0.04625 0.11375
0 0.4275 0.5475 0.03625 0.05125
0 0.6825 0.545 0.04625 0.05
0 0.3825 0.5575 0.03875 0.05
0 0.34125 0.56 0.03875 0.05625
0 0.3 0.55625 0.03875 0.0625
0 0.25625 0.5575 0.04125 0.06875
0 0.70625 0.10125 0.0425 0.12625
0 0.21 0.56125 0.04375 0.06625
0 0.1625 0.56625 0.0375 0.055
0 0.1425 0.4975 0.03 0.04625
0 0.1875 0.49375 0.03875 0.03875
0 0.2275 0.4875 0.02875 0.03875
0 0.26375 0.49125 0.0325 0.04
0 0.65 0.69375 0.025 0.015
0 0.625 0.69375 0.02 0.02125
0 0.3825 0.495 0.04 0.05375
0 0.62625 0.54625 0.04625 0.05625