0 0.17125 0.5975 0.0575 0.04125
0 0.6675 0.80125 0.04125 0.02375
0 0.7475 0.77625 0.035 0.0625
0 0.79 0.77625 0.04125 0.06
0 0.8325 0.7675 0.04 0.0475
0 0.7575 0.4775 0.0325 0.02375
0 0.76125 0.50375 0.04125 0.025
0 0.86375 0.76625 0.02125 0.0425
0 0.2675 0.68 0.04375 0.02625
0 0.2675 0.70625 0.04125 0.02625
0 0.3125 0.67875 0.0425 0.0275
0 0.71 0.79875 0.04125 0.02625
0 0.3125 0.7075 0.0425 0.02875
0 0.35625 0.67875 0.04125 0.0275
0 0.40125 0.67875 0.04375 0.03
0 0.76375 0.52875 0.04125 0.0225
0 0.72 0.52875 0.03875 0.02
0 0.72 0.505 0.04125 0.02375
0 0.71875 0.48 0.0425 0.025
0 0.6775 0.5325 0.0425 0.025
0 0.67625 0.50625 0.04125 0.025
0 0.6775 0.4825 0.04 0.0225
0 0.6075 0.475 0.06 0.02125
0 0.35625 0.70875 0.04375 0.03
0 0.7075 0.76375 0.03625 0.0375
0 0.6675 0.76625 0.04125 0.04125
0 0.5575 0.78 0.035 0.0625
0 0.3 0.44375 0.0425 0.02875
0 0.25375 0.4475 0.045 0.03125
0 0.2525 0.41375 0.04625 0.03125
0 0.80625 0.53 0.04125 0.0225
0 0.80375 0.50375 0.04 0.02625
0 0.8475 0.5275 0.03875 0.02375
0 0.84625 0.5025 0.04125 0.02375
0 0.86125 0.47375 0.0275 0.02375
0 0.82875 0.475 0.03375 0.02375
0 0.7925 0.4775 0.03625 0.0225
0 0.77 0.855 0.04 0.045
0 0.81625 0.855 0.04375 0.04875
0 0.855 0.855 0.035 0.0475
0 0.27375 0.765 0.03875 0.02625
0 0.3175 0.7625 0.04125 0.03125
0 0.36 0.765 0.04125 0.03125
0 0.40625 0.765 0.04625 0.02875
0 0.40375 0.795 0.0425 0.0275
0 0.44875 0.79625 0.0425 0.03
0 0.36125 0.795 0.0425 0.0275
0 0.31625 0.79375 0.04125 0.02875
0 0.275 0.79375 0.0375 0.025
0 0.52 0.78 0.035 0.05875
0 0.635 0.51625 0.03625 0.0575
0 0.345 0.44375 0.0425 0.0275
0 0.5975 0.51625 0.03625 0.06
0 0.51625 0.525 0.04 0.04625
0 0.30625 0.59125 0.04 0.0275
0 0.30625 0.62125 0.04 0.03
0 0.265 0.62125 0.04125 0.03
0 0.2625 0.59125 0.04375 0.02875
0 0.84 0.7125 0.03875 0.0275
0 0.79625 0.71125 0.04125 0.02375
0 0.75375 0.71125 0.03875 0.02625
0 0.84125 0.675 0.04 0.04625
0 0.7975 0.67625 0.0425 0.04375
0 0.755 0.67625 0.04125 0.0425
0 0.35 0.5925 0.045 0.02875
0 0.71125 0.675 0.04125 0.04125
0 0.67125 0.7125 0.03875 0.02625
0 0.66875 0.68375 0.04 0.02625
0 0.60125 0.69875 0.04 0.04875
0 0.56125 0.6975 0.03625 0.05
0 0.52625 0.69625 0.03125 0.04625
0 0.4875 0.71125 0.04 0.025
0 0.4875 0.6825 0.04125 0.02625
0 0.445 0.6825 0.04125 0.0275
0 0.445 0.71125 0.04125 0.025
0 0.40125 0.70875 0.04125 0.02625
0 0.7125 0.71125 0.04125 0.02625
0 0.39375 0.59125 0.04125 0.02875
0 0.39375 0.62 0.03875 0.02625
0 0.43625 0.62 0.03875 0.03
0 0.39625 0.53375 0.045 0.03
0 0.3525 0.5325 0.03875 0.02875
0 0.35 0.5025 0.0425 0.03
0 0.30375 0.50125 0.045 0.02875
0 0.3075 0.5325 0.045 0.0275
0 0.26 0.53375 0.04625 0.03
0 0.2575 0.50375 0.04375 0.0275
0 0.485 0.5975 0.02125 0.055
0 0.83875 0.62 0.03625 0.0225
0 0.84 0.59375 0.0375 0.02625
0 0.8 0.62125 0.04 0.025
0 0.79875 0.585 0.0425 0.04125
0 0.755 0.58625 0.04 0.0425
0 0.7575 0.6225 0.03875 0.02375
0 0.71375 0.6225 0.03875 0.0225
0 0.7125 0.58875 0.0425 0.0425
0 0.67125 0.62125 0.0425 0.025
0 0.67 0.5925 0.0375 0.03125
0 0.62875 0.60375 0.03625 0.06
0 0.59125 0.605 0.03625 0.06125
0 0.55375 0.60625 0.0375 0.0625
0 0.515 0.605 0.03875 0.06
0 0.35 0.6225 0.04375 0.02875
0 0.555 0.52375 0.0375 0.045
0 0.3425 0.4125 0.045 0.03
0 0.29875 0.4125 0.0425 0.03
0 0.39 0.44375 0.0425 0.02875
0 0.30625 0.35375 0.0425 0.0325
0 0.30125 0.3225 0.04875 0.03
0 0.35 0.3225 0.04125 0.02875
0 0.39625 0.32125 0.045 0.03
0 0.39625 0.3525 0.045 0.02875
0 0.35125 0.3525 0.04375 0.0275
0 0.44 0.32 0.04125 0.03
0 0.485 0.31875 0.04375 0.03
0 0.485 0.35125 0.04375 0.02875
0 0.43875 0.35375 0.0375 0.03
0 0.52875 0.34 0.01875 0.0475
0 0.5525 0.33875 0.02375 0.04375
0 0.5875 0.3375 0.03 0.04375
0 0.61125 0.3375 0.01625 0.04625
0 0.63375 0.3375 0.02625 0.045
0 0.6675 0.34625 0.04 0.0225
0 0.70875 0.345 0.03625 0.02375
0 0.1475 0.44375 0.045 0.035
0 0.18875 0.475 0.06125 0.03625
0 0.21375 0.5875 0.025 0.03
0 0.175 0.5525 0.05875 0.03625
0 0.17625 0.67 0.0525 0.04
0 0.17875 0.71 0.05875 0.03625
0 0.25875 0.35375 0.04625 0.0325
0 0.2225 0.76 0.0575 0.03375
0 0.155 0.81 0.05875 0.04375
0 0.14875 0.8975 0.045 0.0475
0 0.20625 0.89625 0.05125 0.0525
0 0.8375 0.31375 0.0325 0.05875
0 0.38875 0.41375 0.04375 0.03
0 0.7475 0.34375 0.03875 0.0225
0 0.2225 0.79625 0.06125 0.04
0 0.84625 0.4075 0.03375 0.0725
0 0.7975 0.31875 0.045 0.05
0 0.7675 0.435 0.0375 0.0225
0 0.80875 0.41375 0.04 0.05875
0 0.43375 0.4425 0.0425 0.0275
0 0.435 0.41 0.04375 0.03125
0 0.47875 0.44 0.045 0.03125
0 0.52 0.38875 0.04 0.02
0 0.55875 0.3875 0.03625 0.01875
0 0.5575 0.4125 0.0375 0.02875
0 0.55875 0.44125 0.03625 0.02625
0 0.52 0.44125 0.03625 0.02375
0 0.72625 0.85625 0.04125 0.05
0 0.6825 0.85375 0.04 0.04375
0 0.6475 0.85375 0.02625 0.0525
0 0.61625 0.85125 0.03625 0.04875
0 0.575 0.8675 0.035 0.045
0 0.53625 0.8675 0.03625 0.04125
0 0.51875 0.415 0.03625 0.0275
0 0.46125 0.86875 0.035 0.045
0 0.76625 0.40875 0.03875 0.025
0 0.49875 0.8675 0.03625 0.04375
0 0.72625 0.4375 0.04 0.025
0 0.725 0.41 0.04375 0.025
0 0.68125 0.4125 0.04125 0.02375
0 0.64 0.41125 0.03625 0.02875
0 0.59875 0.41125 0.04 0.02625
0 0.6825 0.43875 0.04125 0.02875
0 0.59875 0.44 0.0375 0.02625
0 0.28 0.8775 0.06375 0.0325
0 0.345 0.87875 0.0625 0.03375
0 0.41 0.8775 0.06625 0.03125
0 0.34 0.84375 0.06375 0.03375
0 0.4075 0.8425 0.0675 0.035
0 0.64 0.43875 0.03875 0.0275