0 0.43625 0.2875 0.07125 0.02
0 0.43375 0.26625 0.0725 0.01875
0 0.4325 0.2475 0.07375 0.01625
0 0.52 0.25625 0.0775 0.0125
0 0.35125 0.26875 0.08375 0.0175
0 0.35 0.24875 0.08375 0.02
0 0.26125 0.2675 0.07375 0.01375
0 0.26125 0.24875 0.07125 0.01875
0 0.52125 0.27125 0.07375 0.01375
0 0.5225 0.28875 0.07625 0.01375
0 0.6075 0.245 0.085 0.015
0 0.61 0.265 0.0825 0.02125
0 0.61 0.285 0.08 0.015
0 0.70625 0.20125 0.08125 0.01625
0 0.52125 0.23875 0.075 0.015
0 0.35375 0.2875 0.07875 0.0175
0 0.61625 0.20125 0.0825 0.015
0 0.705 0.16125 0.08125 0.02125
0 0.54875 0.86125 0.08 0.01625
0 0.5475 0.8825 0.0775 0.0225
0 0.2625 0.16375 0.06875 0.01875
0 0.35375 0.16375 0.0775 0.01875
0 0.44 0.16375 0.07375 0.0175
0 0.5275 0.15625 0.0725 0.01625
0 0.2625 0.185 0.06875 0.0175
0 0.35875 0.18375 0.0825 0.0175
0 0.445 0.1825 0.0725 0.01625
0 0.36125 0.20375 0.08375 0.01625
0 0.44625 0.20375 0.0725 0.01875
0 0.52875 0.1725 0.075 0.01375
0 0.53 0.1875 0.075 0.01375
0 0.52875 0.205 0.0725 0.015
0 0.61625 0.1625 0.08375 0.0175
0 0.615 0.1825 0.085 0.01875
0 0.69375 0.2425 0.0825 0.02125
0 0.44 0.41375 0.07375 0.0175
0 0.69625 0.2625 0.0825 0.015
0 0.69875 0.48125 0.08375 0.01875
0 0.2725 0.3325 0.07375 0.0175
0 0.37375 0.36875 0.0775 0.0225
0 0.45125 0.3325 0.07 0.01625
0 0.45125 0.35 0.0725 0.01625
0 0.45375 0.37 0.07375 0.01875
0 0.52875 0.33625 0.07 0.015
0 0.52875 0.3525 0.07 0.01125
0 0.535 0.3675 0.0775 0.01375
0 0.61875 0.32875 0.07625 0.01375
0 0.61875 0.34625 0.0775 0.0175
0 0.62 0.365 0.0775 0.01625
0 0.70625 0.32375 0.0825 0.015
0 0.70625 0.34375 0.0825 0.0175
0 0.71 0.3625 0.085 0.015
0 0.35125 0.4275 0.09375 0.01875
0 0.3525 0.45125 0.0925 0.0225
0 0.37375 0.34625 0.08 0.0175
0 0.44125 0.45125 0.075 0.015
0 0.6975 0.5 0.0825 0.01625
0 0.35375 0.53125 0.09 0.0175
0 0.27375 0.35375 0.07 0.02
0 0.5475 0.8425 0.08125 0.0175
0 0.6325 0.8375 0.07875 0.02125
0 0.63375 0.85875 0.07875 0.0175
0 0.63375 0.8775 0.0775 0.0175
0 0.71625 0.83875 0.0825 0.02
0 0.6075 0.52375 0.08375 0.015
0 0.69875 0.28125 0.08375 0.02
0 0.6075 0.505 0.08375 0.015
0 0.51875 0.52625 0.07 0.015
0 0.5175 0.50875 0.06875 0.01625
0 0.5175 0.49125 0.0725 0.01625
0 0.4425 0.53 0.07375 0.01625
0 0.44125 0.51125 0.07625 0.015
0 0.44 0.49375 0.075 0.01625
0 0.51125 0.405 0.0625 0.0125
0 0.6075 0.48625 0.08375 0.0175
0 0.3725 0.32625 0.08 0.015
0 0.705 0.1825 0.0825 0.01625
0 0.45875 0.875 0.085 0.01375
0 0.37125 0.6875 0.0925 0.01875
0 0.37125 0.71125 0.0925 0.01625
0 0.45375 0.655 0.06875 0.0175
0 0.51 0.41875 0.06 0.01375
0 0.51 0.435 0.0575 0.01375
0 0.51125 0.45125 0.0575 0.01375
0 0.59625 0.41 0.0775 0.01625
0 0.37125 0.6575 0.0875 0.0225
0 0.5975 0.4275 0.075 0.01875
0 0.69125 0.40125 0.08125 0.01875
0 0.69 0.42125 0.085 0.0175
0 0.69125 0.4425 0.08125 0.01875
0 0.355 0.50875 0.08625 0.0175
0 0.71875 0.875 0.08375 0.01625
0 0.71875 0.8575 0.08 0.01375
0 0.4575 0.67375 0.07375 0.01125
0 0.59875 0.44625 0.07625 0.015
0 0.4575 0.68875 0.07125 0.015
0 0.28 0.69875 0.08375 0.015
0 0.70375 0.595 0.075 0.0175
0 0.69625 0.52 0.08375 0.0175
0 0.265 0.58125 0.08 0.015
0 0.26625 0.59875 0.07875 0.0125
0 0.3475 0.5875 0.07625 0.02125
0 0.43125 0.58375 0.085 0.0175
0 0.3975 0.60875 0.005 0.00375
0 0.35 0.61125 0.07625 0.0175
0 0.46 0.89375 0.0825 0.0175
0 0.4325 0.605 0.0825 0.02125
0 0.52125 0.585 0.06875 0.015
0 0.52375 0.6025 0.06875 0.0175
0 0.60625 0.56125 0.08125 0.01875
0 0.60875 0.57875 0.08 0.01375
0 0.6125 0.5975 0.08375 0.0175
0 0.70125 0.55875 0.07375 0.02
0 0.705 0.5775 0.075 0.01375
0 0.52125 0.56625 0.07 0.01625
0 0.46 0.70625 0.07125 0.015
0 0.28 0.6775 0.0825 0.0175
0 0.53875 0.685 0.08 0.015
0 0.5475 0.77625 0.0725 0.015
0 0.54875 0.795 0.07375 0.0175
0 0.6325 0.73625 0.075 0.0175
0 0.635 0.755 0.075 0.015
0 0.635 0.77125 0.07375 0.0125
0 0.635 0.78875 0.07375 0.0175
0 0.72125 0.73375 0.07625 0.01625
0 0.71875 0.75125 0.07625 0.015
0 0.72 0.7675 0.075 0.01375
0 0.71875 0.785 0.07625 0.015
0 0.27875 0.8575 0.0775 0.0125
0 0.28 0.875 0.075 0.01375
0 0.28125 0.89 0.07625 0.0125
0 0.36625 0.85375 0.0875 0.01375
0 0.36625 0.87375 0.08375 0.02
0 0.365 0.8975 0.08375 0.01875
0 0.45875 0.855 0.08125 0.02125
0 0.53875 0.6675 0.0825 0.01125
0 0.55125 0.7575 0.075 0.01625
0 0.44 0.4325 0.07625 0.0175
0 0.4675 0.76375 0.0825 0.015
0 0.5525 0.74125 0.07375 0.015
0 0.4625 0.80125 0.0825 0.0175
0 0.46375 0.7825 0.085 0.01625
0 0.465 0.74625 0.085 0.015
0 0.37 0.80625 0.08625 0.02
0 0.37 0.78375 0.0875 0.01625
0 0.28375 0.815 0.07875 0.01375
0 0.28375 0.7975 0.08 0.01625
0 0.37 0.76375 0.09 0.01875
0 0.28 0.765 0.08 0.01375
0 0.7125 0.69125 0.0775 0.015
0 0.71625 0.67375 0.07375 0.015
0 0.715 0.6575 0.075 0.015
0 0.71625 0.63875 0.075 0.0175
0 0.62375 0.67 0.08125 0.0625
0 0.54 0.7025 0.08 0.0125
0 0.2825 0.78 0.08 0.0125