0 0.34125 0.34125 0.05 0.05875
0 0.22125 0.50375 0.0375 0.04625
0 0.80125 0.0625 0.04625 0.03625
0 0.8475 0.06125 0.04375 0.035
0 0.74125 0.07625 0.04375 0.0575
0 0.165 0.245 0.05375 0.06375
0 0.23625 0.2475 0.03625 0.065
0 0.29625 0.24875 0.08125 0.0625
0 0.365 0.25 0.0375 0.05875
0 0.41875 0.24875 0.06625 0.0575
0 0.47375 0.25125 0.0425 0.06375
0 0.52125 0.25125 0.05 0.0625
0 0.56625 0.25 0.03375 0.05875
0 0.6075 0.25 0.045 0.06125
0 0.63125 0.5775 0.0525 0.0425
0 0.54125 0.5775 0.04 0.0425
0 0.49625 0.57875 0.04375 0.0375
0 0.40875 0.5775 0.05 0.04
0 0.3525 0.57125 0.03125 0.045
0 0.31 0.575 0.05375 0.0375
0 0.2575 0.57125 0.04875 0.045
0 0.8 0.11375 0.05125 0.04625
0 0.6875 0.11625 0.05125 0.11
0 0.63875 0.12 0.04625 0.10625
0 0.59 0.11875 0.05375 0.1
0 0.15375 0.7225 0.02375 0.055
0 0.77375 0.69375 0.1475 0.13625
0 0.64875 0.6575 0.0425 0.03625
0 0.6075 0.65625 0.03875 0.03875
0 0.56625 0.655 0.04 0.035
0 0.52625 0.655 0.0375 0.03625
0 0.48625 0.6525 0.04 0.03625
0 0.445 0.65125 0.04125 0.03875
0 0.5475 0.34625 0.03375 0.05875
0 0.21625 0.575 0.03125 0.0375
0 0.37125 0.6525 0.025 0.0425
0 0.26125 0.65 0.04625 0.04125
0 0.21625 0.65 0.03875 0.04125
0 0.17625 0.66125 0.03875 0.01875
0 0.17125 0.64125 0.04125 0.01875
0 0.33375 0.11625 0.05375 0.1
0 0.3875 0.11 0.0525 0.11
0 0.43875 0.115 0.04875 0.11
0 0.48875 0.1175 0.05 0.10875
0 0.53875 0.11625 0.04875 0.10625
0 0.3 0.65 0.0275 0.04125
0 0.1775 0.72125 0.02 0.055
0 0.1775 0.5725 0.04375 0.04125
0 0.82625 0.56875 0.0275 0.07125
0 0.85625 0.24 0.0375 0.0725
0 0.1775 0.3375 0.05625 0.06375
0 0.2325 0.33875 0.05375 0.06
0 0.28875 0.34 0.055 0.06125
0 0.39125 0.3425 0.04875 0.0625
0 0.43625 0.345 0.0425 0.06
0 0.47625 0.345 0.035 0.06125
0 0.435 0.43875 0.04 0.04
0 0.39125 0.43625 0.04625 0.045
0 0.34375 0.43375 0.04375 0.04375
0 0.295 0.43375 0.05 0.04625
0 0.245 0.4275 0.04375 0.0475
0 0.1975 0.42875 0.04625 0.04625
0 0.15625 0.4275 0.03125 0.04875
0 0.80875 0.34375 0.0725 0.0675
0 0.75 0.34125 0.04375 0.075
0 0.66375 0.35125 0.0425 0.0525
0 0.6225 0.3575 0.04125 0.04
0 0.5825 0.3475 0.03375 0.0575
0 0.81875 0.24125 0.03375 0.07125
0 0.78625 0.24 0.03125 0.0725
0 0.74625 0.23625 0.05 0.08
0 0.68875 0.25125 0.04875 0.06
0 0.6475 0.25125 0.035 0.06375
0 0.6925 0.53 0.0675 0.08125
0 0.6125 0.5125 0.045 0.03375
0 0.56875 0.51 0.04125 0.04
0 0.52875 0.51125 0.0375 0.03375
0 0.4875 0.51125 0.04125 0.035
0 0.44375 0.51 0.045 0.03125
0 0.395 0.5075 0.05 0.03875
0 0.28125 0.50375 0.08125 0.04875
0 0.85625 0.57 0.03 0.07
0 0.1775 0.5075 0.0475 0.04
0 0.83375 0.4525 0.02625 0.08
0 0.7725 0.45125 0.02625 0.075
0 0.74375 0.45 0.0275 0.07375
0 0.6925 0.43 0.07125 0.08625
0 0.605 0.44 0.0525 0.03625
0 0.55625 0.4375 0.0375 0.04375
0 0.51625 0.41125 0.03875 0.02875
0 0.515 0.44375 0.04125 0.03625
0 0.475 0.435 0.0375 0.0525
0 0.86125 0.46 0.0275 0.0625
0 0.19625 0.72125 0.02 0.05125
0 0.405 0.6525 0.04125 0.04
0 0.24 0.72125 0.02 0.0525
0 0.21625 0.72 0.02125 0.05375
0 0.6825 0.73375 0.03 0.0475
0 0.65 0.73 0.03375 0.05
0 0.6175 0.73125 0.03125 0.05125
0 0.5875 0.72875 0.03125 0.0575
0 0.16875 0.10875 0.0575 0.11125
0 0.22625 0.11125 0.05625 0.10875
0 0.28125 0.11375 0.05 0.10625
0 0.555 0.725 0.02875 0.0525
0 0.52375 0.725 0.03 0.0525
0 0.5125 0.34625 0.035 0.05625
0 0.485 0.7275 0.01375 0.05125
0 0.2625 0.72 0.02375 0.05375
0 0.285 0.72125 0.02 0.05375
0 0.34 0.72375 0.02125 0.06125
0 0.36125 0.73125 0.02 0.045
0 0.5 0.72375 0.01625 0.05625
0 0.41 0.725 0.0225 0.05625
0 0.455 0.725 0.0175 0.055
0 0.47 0.725 0.01375 0.055
0 0.385 0.72375 0.02125 0.06125