0 0.24 0.30125 0.05625 0.03
0 0.28875 0.2725 0.03375 0.08625
0 0.605 0.1875 0.01625 0.0525
0 0.625 0.1875 0.01375 0.05125
0 0.64 0.19 0.01 0.05
0 0.67125 0.1875 0.01625 0.0425
0 0.6875 0.1875 0.0125 0.045
0 0.70375 0.18625 0.015 0.0425
0 0.72 0.1875 0.01375 0.0425
0 0.74125 0.18875 0.015 0.0475
0 0.36375 0.2725 0.02 0.0625
0 0.16 0.29125 0.0225 0.07125
0 0.33375 0.28125 0.02625 0.06375
0 0.18875 0.29125 0.025 0.06625
0 0.53125 0.16375 0.0175 0.05375
0 0.5825 0.19 0.01625 0.05125
0 0.46625 0.15 0.01875 0.07875
0 0.4875 0.15 0.01875 0.08125
0 0.65375 0.56375 0.01 0.05375
0 0.66625 0.55875 0.01 0.05125
0 0.67875 0.55 0.01 0.0525
0 0.69375 0.5425 0.015 0.04875
0 0.71625 0.5275 0.01375 0.05125
0 0.7325 0.52 0.01375 0.0525
0 0.74875 0.51625 0.01 0.0475
0 0.76125 0.5075 0.01125 0.04375
0 0.7725 0.5 0.00875 0.04625
0 0.79 0.49375 0.01 0.0375
0 0.51125 0.1675 0.01 0.0425
0 0.80125 0.48625 0.01 0.03375
0 0.38375 0.14375 0.01625 0.085
0 0.36 0.15625 0.025 0.06125
0 0.3275 0.15375 0.02625 0.0625
0 0.74625 0.36875 0.0075 0.03625
0 0.26125 0.14875 0.0275 0.0725
0 0.20875 0.1425 0.02625 0.08
0 0.4025 0.14375 0.015 0.085
0 0.42 0.1475 0.015 0.08625
0 0.43875 0.1475 0.0175 0.08375
0 0.38875 0.255 0.02375 0.03
0 0.815 0.4825 0.01125 0.03625
0 0.39125 0.2875 0.0225 0.0275
0 0.73 0.3725 0.0075 0.03625
0 0.4475 0.2575 0.01875 0.0775
0 0.5075 0.34875 0.01 0.06125
0 0.52375 0.3425 0.015 0.0625
0 0.545 0.3425 0.01625 0.06125
0 0.57 0.3375 0.015 0.05375
0 0.58875 0.335 0.0125 0.05125
0 0.61625 0.32875 0.01375 0.05125
0 0.63 0.32625 0.00875 0.04875
0 0.6425 0.32125 0.00875 0.0525
0 0.66 0.31875 0.015 0.05625
0 0.6775 0.32 0.0125 0.045
0 0.695 0.32 0.00875 0.03375
0 0.70625 0.31875 0.01 0.03375
0 0.49375 0.35 0.01 0.06
0 0.73 0.31125 0.0075 0.03625
0 0.45 0.45 0.0125 0.065
0 0.4325 0.455 0.01375 0.065
0 0.41375 0.45875 0.01625 0.06375
0 0.3825 0.4675 0.0275 0.0625
0 0.3525 0.47625 0.02625 0.06125
0 0.31625 0.48625 0.02375 0.06625
0 0.28875 0.49375 0.01875 0.0725
0 0.7525 0.30375 0.015 0.0425
0 0.7175 0.315 0.00875 0.03125
0 0.2 0.51375 0.02125 0.0775
0 0.2275 0.50625 0.02125 0.0775
0 0.26125 0.49875 0.0225 0.075
0 0.73875 0.31 0.005 0.035
0 0.425 0.25875 0.01875 0.08
0 0.48 0.35375 0.01375 0.06125
0 0.4375 0.3575 0.01625 0.06125
0 0.4725 0.255 0.01625 0.0775
0 0.49 0.255 0.01375 0.0775
0 0.51 0.2525 0.01875 0.0775
0 0.55125 0.2775 0.0225 0.015
0 0.5475 0.26 0.02 0.01375
0 0.53 0.28125 0.01375 0.01625
0 0.63625 0.57125 0.01375 0.05625
0 0.52875 0.2625 0.01125 0.0175
0 0.57875 0.28125 0.01375 0.0525
0 0.61875 0.27 0.02 0.055
0 0.64 0.265 0.01625 0.05375
0 0.66375 0.26875 0.02125 0.02375
0 0.4575 0.35875 0.0175 0.05875
0 0.685 0.2675 0.01125 0.05125
0 0.71875 0.265 0.01375 0.03375
0 0.73625 0.26125 0.015 0.035
0 0.75875 0.2525 0.02 0.04875
0 0.18625 0.40875 0.0225 0.06625
0 0.21875 0.40625 0.025 0.06625
0 0.24875 0.40625 0.0175 0.0525
0 0.27125 0.40125 0.01875 0.05
0 0.2975 0.41 0.02375 0.025
0 0.32625 0.4025 0.0225 0.02375
0 0.29375 0.38 0.02125 0.02625
0 0.32125 0.375 0.0225 0.025
0 0.36375 0.3725 0.04375 0.06375
0 0.7 0.2625 0.0125 0.04875
0 0.60625 0.5925 0.00875 0.0525
0 0.29375 0.1525 0.02625 0.06625
0 0.7025 0.4375 0.00875 0.04875
0 0.5925 0.4825 0.01375 0.04875
0 0.61125 0.4725 0.0125 0.05375
0 0.625 0.46625 0.01125 0.05
0 0.63875 0.4625 0.01125 0.05125
0 0.65625 0.45625 0.0125 0.04875
0 0.6775 0.445 0.01 0.04375
0 0.69125 0.44 0.00875 0.0475
0 0.7175 0.4325 0.00875 0.04375
0 0.735 0.43375 0.0075 0.03125
0 0.74625 0.4275 0.00625 0.035
0 0.75375 0.42375 0.00625 0.03375
0 0.76125 0.42125 0.00625 0.03375
0 0.22 0.62125 0.025 0.07625
0 0.25 0.61 0.02125 0.07125
0 0.2775 0.60125 0.0225 0.0725
0 0.3025 0.5925 0.02125 0.07125
0 0.32875 0.58125 0.02625 0.06375
0 0.3625 0.57125 0.0275 0.0625
0 0.3975 0.55625 0.01625 0.06375
0 0.4175 0.54625 0.015 0.0625
0 0.43625 0.54 0.015 0.06375
0 0.4575 0.53 0.0175 0.06125
0 0.48 0.5225 0.01625 0.05875
0 0.1875 0.79375 0.125 0.0875
0 0.15375 0.59 0.05625 0.0775
0 0.30375 0.755 0.02375 0.07625
0 0.33125 0.74 0.02125 0.07375
0 0.355 0.7275 0.02 0.07375
0 0.3775 0.715 0.01875 0.06875
0 0.405 0.69875 0.02375 0.06625
0 0.435 0.685 0.025 0.0625
0 0.62 0.58375 0.01375 0.05375
0 0.4825 0.655 0.01625 0.06125
0 0.7175 0.38 0.0075 0.03
0 0.7075 0.3825 0.00875 0.03125
0 0.69125 0.385 0.00875 0.04
0 0.67625 0.39 0.01 0.0425
0 0.6575 0.38875 0.01125 0.0575
0 0.4625 0.66375 0.0175 0.07375
0 0.6125 0.4025 0.01375 0.05125
0 0.5975 0.4075 0.01125 0.0525
0 0.585 0.41125 0.00875 0.05125
0 0.57125 0.41625 0.01125 0.055
0 0.5525 0.42 0.0125 0.05625
0 0.54 0.42375 0.01 0.05875
0 0.525 0.4275 0.0125 0.06125
0 0.5075 0.4325 0.0125 0.06125
0 0.4675 0.44625 0.01375 0.06375
0 0.64 0.395 0.01375 0.04875
0 0.555 0.61875 0.01125 0.055
0 0.5025 0.6475 0.01625 0.05875
0 0.52 0.63875 0.01625 0.05625
0 0.54125 0.62875 0.015 0.05375
0 0.57 0.6125 0.015 0.0525
0 0.5925 0.5975 0.0125 0.05125
0 0.5625 0.49125 0.0125 0.05625
0 0.57875 0.4875 0.01125 0.0525
0 0.5475 0.4975 0.01375 0.0575
0 0.53 0.50625 0.01375 0.0575
0 0.5125 0.51 0.01375 0.05625
0 0.765 0.36125 0.00625 0.035
0 0.75625 0.36625 0.0075 0.035