0 0.58375 0.26125 0.025 0.075
0 0.64875 0.2725 0.02625 0.075
0 0.36125 0.27375 0.03875 0.0425
0 0.61625 0.265 0.01875 0.06625
0 0.55875 0.265 0.02375 0.0725
0 0.24875 0.27875 0.025 0.07
0 0.30375 0.27875 0.04625 0.0325
0 0.305 0.23625 0.05125 0.03375
0 0.39875 0.26125 0.01875 0.0625
0 0.53 0.26625 0.0275 0.06625
0 0.4475 0.2675 0.01375 0.0625
0 0.47375 0.27 0.0275 0.0625
0 0.50125 0.265 0.02125 0.07
0 0.2525 0.3725 0.03125 0.06625
0 0.28375 0.3775 0.02125 0.05375
0 0.30875 0.375 0.02 0.0625
0 0.33125 0.37625 0.01375 0.06375
0 0.69625 0.27 0.0175 0.065
0 0.425 0.26125 0.01875 0.065
0 0.72 0.2675 0.02 0.065
0 0.415 0.175 0.01625 0.06875
0 0.7275 0.17375 0.02625 0.02125
0 0.35625 0.37375 0.02125 0.065
0 0.25125 0.18125 0.03125 0.07125
0 0.2975 0.18375 0.03125 0.04875
0 0.335 0.16875 0.0275 0.06625
0 0.36125 0.16875 0.02 0.06625
0 0.38625 0.17 0.02375 0.07125
0 0.44125 0.17 0.01875 0.06625
0 0.46375 0.17625 0.01875 0.0625
0 0.49 0.17375 0.02 0.06125
0 0.515 0.17375 0.02 0.06375
0 0.535 0.17625 0.015 0.0575
0 0.55125 0.1725 0.01625 0.07125
0 0.57625 0.17375 0.02125 0.065
0 0.60125 0.1775 0.02 0.0725
0 0.625 0.17375 0.01375 0.0675
0 0.64875 0.1875 0.0225 0.035
0 0.67875 0.1775 0.01625 0.05625
0 0.7 0.18125 0.015 0.05125
0 0.7275 0.2 0.02375 0.02
0 0.74875 0.26375 0.0225 0.05875
0 0.38125 0.37375 0.025 0.07
0 0.45375 0.77875 0.03875 0.095
0 0.42875 0.37625 0.01875 0.06125
0 0.49 0.6725 0.035 0.0225
0 0.43875 0.67375 0.0325 0.0275
0 0.44 0.63625 0.04125 0.0425
0 0.40125 0.63875 0.03625 0.04125
0 0.39875 0.67625 0.04125 0.025
0 0.34625 0.675 0.035 0.03125
0 0.3475 0.63625 0.0325 0.03375
0 0.48875 0.63125 0.0375 0.03375
0 0.31375 0.63 0.03625 0.02875
0 0.26625 0.67625 0.02875 0.0675
0 0.23375 0.6825 0.02625 0.05
0 0.55125 0.57 0.05125 0.03875
0 0.6075 0.5675 0.05625 0.0325
0 0.405 0.3775 0.01625 0.06875
0 0.7125 0.5675 0.04625 0.03125
0 0.70625 0.5275 0.04375 0.03125
0 0.30125 0.67 0.03625 0.035
0 0.53875 0.63375 0.04125 0.03375
0 0.53375 0.66875 0.03875 0.02625
0 0.58375 0.6725 0.04125 0.02875
0 0.25625 0.80125 0.03875 0.06
0 0.66 0.76625 0.03 0.09375
0 0.62375 0.775 0.0275 0.1
0 0.58375 0.77375 0.04 0.1025
0 0.5425 0.78125 0.0375 0.09625
0 0.5 0.7775 0.035 0.08875
0 0.39625 0.7775 0.06375 0.1175
0 0.32125 0.77125 0.06875 0.11625
0 0.6975 0.77 0.02375 0.10625
0 0.7275 0.76875 0.03 0.095
0 0.765 0.775 0.03125 0.095
0 0.76625 0.66 0.02625 0.0425
0 0.72375 0.6625 0.03625 0.045
0 0.6775 0.66375 0.045 0.0475
0 0.625 0.63 0.03125 0.02625
0 0.62125 0.6625 0.02875 0.02875
0 0.58 0.6375 0.03875 0.0325
0 0.6575 0.52875 0.04375 0.0425
0 0.6025 0.52625 0.04625 0.03625
0 0.66125 0.57 0.045 0.03125
0 0.49375 0.525 0.05 0.0375
0 0.72125 0.46625 0.05125 0.0375
0 0.665 0.465 0.04 0.035
0 0.615 0.46625 0.045 0.03875
0 0.56 0.46 0.04625 0.0425
0 0.5 0.46625 0.05625 0.035
0 0.43875 0.465 0.05125 0.03875
0 0.37625 0.465 0.06 0.03875
0 0.31375 0.4625 0.055 0.0425
0 0.2625 0.47 0.035 0.05625
0 0.25875 0.56875 0.02875 0.08
0 0.29875 0.56625 0.03375 0.04875
0 0.33875 0.56625 0.04 0.035
0 0.39375 0.57125 0.0425 0.02125
0 0.39375 0.52875 0.04 0.045
0 0.43625 0.53125 0.04125 0.0375
0 0.7025 0.39375 0.0275 0.02125
0 0.435 0.56875 0.0375 0.02625
0 0.70625 0.365 0.02875 0.02
0 0.6725 0.39375 0.0225 0.025
0 0.455 0.3775 0.02125 0.06375
0 0.48125 0.3675 0.02125 0.07625
0 0.50375 0.37 0.0175 0.075
0 0.52625 0.37 0.02375 0.07375
0 0.55375 0.38 0.01875 0.05875
0 0.57875 0.3975 0.02 0.0225
0 0.57875 0.3675 0.0225 0.0225
0 0.60375 0.37875 0.01375 0.05
0 0.62375 0.38125 0.01625 0.0525
0 0.6475 0.38125 0.02 0.0525
0 0.66875 0.34 0.02625 0.0225
0 0.7025 0.34 0.025 0.02125
0 0.73875 0.3375 0.03125 0.0225
0 0.54875 0.53 0.05 0.035
0 0.7325 0.3975 0.02875 0.02375
0 0.675 0.365 0.0225 0.02375
0 0.495 0.57 0.045 0.03375
0 0.73875 0.3675 0.025 0.02