0 0.6325 0.7325 0.02 0.0325
0 0.66 0.6825 0.01875 0.0375
0 0.76375 0.615 0.01375 0.0275
0 0.63375 0.69375 0.02 0.03125
0 0.7275 0.70875 0.01625 0.0275
0 0.74625 0.69375 0.0125 0.03125
0 0.74625 0.65875 0.015 0.0225
0 0.7275 0.67625 0.01625 0.03125
0 0.7625 0.68125 0.01375 0.02625
0 0.7625 0.64875 0.0125 0.02875
0 0.7475 0.6275 0.01125 0.03125
0 0.78 0.63625 0.01125 0.02625
0 0.795 0.66 0.01125 0.0325
0 0.78 0.66875 0.01125 0.0275
0 0.79375 0.62875 0.01 0.02375
0 0.82625 0.635 0.01 0.025
0 0.80875 0.58875 0.0125 0.0175
0 0.81 0.61625 0.0125 0.0275
0 0.81125 0.6475 0.0125 0.0225
0 0.78125 0.605 0.01 0.025
0 0.795 0.59875 0.01125 0.03
0 0.65875 0.71875 0.02 0.02625
0 0.7275 0.63875 0.0175 0.0275
0 0.6825 0.66125 0.0175 0.03
0 0.78125 0.57125 0.0125 0.03
0 0.70375 0.68875 0.01875 0.0275
0 0.75 0.53375 0.01625 0.02875
0 0.7675 0.48875 0.015 0.03125
0 0.785 0.48125 0.01375 0.03125
0 0.80125 0.47625 0.01125 0.03
0 0.825 0.46625 0.0175 0.0275
0 0.83 0.60625 0.01125 0.02625
0 0.76875 0.52625 0.015 0.03375
0 0.7875 0.51875 0.015 0.0375
0 0.80375 0.51 0.0125 0.02875
0 0.81875 0.50125 0.01 0.0275
0 0.70375 0.65125 0.015 0.02875
0 0.8325 0.4975 0.00875 0.03
0 0.18125 0.965 0.05125 0.0575
0 0.60875 0.79 0.02375 0.0325
0 0.58 0.81 0.02375 0.03125
0 0.605 0.7525 0.02375 0.0275
0 0.57875 0.77 0.025 0.03
0 0.66 0.7525 0.0175 0.0325
0 0.635 0.7725 0.02 0.02875
0 0.70625 0.72375 0.0175 0.0275
0 0.6825 0.73875 0.01875 0.02375
0 0.68125 0.7 0.015 0.0275
0 0.1675 0.9 0.06 0.05
0 0.82375 0.57875 0.0125 0.025
0 0.35 0.9275 0.03375 0.0475
0 0.84125 0.5975 0.0075 0.0225
0 0.40125 0.94375 0.03875 0.035
0 0.39625 0.88875 0.03875 0.03625
0 0.39875 0.84375 0.04375 0.04125
0 0.44125 0.81625 0.0375 0.04625
0 0.445 0.865 0.03875 0.03875
0 0.4475 0.91 0.03375 0.04125
0 0.48125 0.79 0.03125 0.04375
0 0.48625 0.83875 0.03625 0.035
0 0.485 0.8825 0.035 0.03875
0 0.51875 0.7675 0.03 0.0375
0 0.36 0.9775 0.0375 0.04
0 0.5225 0.81375 0.02375 0.0375
0 0.54875 0.8325 0.0225 0.04125
0 0.55 0.79125 0.02625 0.02875
0 0.55 0.74625 0.0275 0.035
0 0.575 0.6825 0.025 0.04
0 0.605 0.6675 0.02125 0.04625
0 0.5775 0.72625 0.02 0.03125
0 0.6025 0.7125 0.025 0.0375
0 0.63 0.65 0.02125 0.0325
0 0.6575 0.64 0.01875 0.04
0 0.67875 0.625 0.0175 0.0275
0 0.52 0.855 0.02125 0.03
0 0.84 0.57 0.0125 0.0225
0 0.3175 0.99125 0.04375 0.0175
0 0.35125 0.87125 0.03875 0.05625
0 0.84375 0.625 0.01 0.02125
0 0.855 0.615 0.0075 0.01875
0 0.855 0.58875 0.00875 0.02375
0 0.855 0.56125 0.01 0.02625
0 0.85875 0.53 0.01375 0.02625
0 0.84125 0.5375 0.0125 0.02375
0 0.8225 0.545 0.0125 0.03125
0 0.8 0.56375 0.01375 0.03
0 0.23125 0.86375 0.05375 0.055
0 0.765 0.58 0.01375 0.02875
0 0.73 0.54125 0.01625 0.035
0 0.7475 0.59125 0.0125 0.03
0 0.345 0.8125 0.0425 0.04875
0 0.39 0.785 0.0425 0.065
0 0.4375 0.765 0.04 0.045
0 0.47875 0.74 0.0325 0.04375
0 0.515 0.715 0.0325 0.04375
0 0.54625 0.69375 0.025 0.04
0 0.24 0.925 0.04875 0.0525
0 0.245 0.9825 0.05 0.035
0 0.30125 0.95 0.0425 0.04
0 0.3 0.8975 0.04625 0.0425
0 0.2875 0.8375 0.05375 0.04625
0 0.70625 0.5525 0.0175 0.03
0 0.27 0.69 0.05 0.0525
0 0.73 0.50375 0.01875 0.03125
0 0.82 0.305 0.015 0.08625
0 0.8025 0.305 0.01125 0.08875
0 0.165 0.38125 0.055 0.18125
0 0.2125 0.375 0.025 0.15625
0 0.26125 0.3725 0.0625 0.16
0 0.32 0.365 0.045 0.165
0 0.3675 0.355 0.0425 0.14875
0 0.40875 0.3525 0.03375 0.15
0 0.445 0.35 0.0325 0.1425
0 0.475 0.35125 0.02375 0.135
0 0.50625 0.34625 0.03375 0.1275
0 0.5425 0.3425 0.02875 0.125
0 0.565 0.34625 0.0125 0.0925
0 0.60125 0.335 0.0375 0.11125
0 0.6375 0.33125 0.02125 0.11125
0 0.66 0.32875 0.0175 0.10875
0 0.68125 0.32625 0.01875 0.10375
0 0.7025 0.3225 0.015 0.0925
0 0.7275 0.3225 0.0225 0.0325
0 0.73125 0.35125 0.02375 0.02
0 0.75 0.49625 0.0125 0.03125
0 0.86875 0.3025 0.01125 0.075
0 0.75375 0.3125 0.02 0.09
0 0.845 0.30375 0.02625 0.08
0 0.835 0.20625 0.00875 0.085
0 0.17 0.15875 0.05875 0.18875
0 0.2325 0.16125 0.06125 0.1775
0 0.29 0.16625 0.0475 0.17625
0 0.34375 0.1675 0.045 0.1625
0 0.39 0.17125 0.04625 0.15875
0 0.4375 0.1775 0.03875 0.15625
0 0.505 0.1775 0.04 0.13875
0 0.5425 0.18375 0.0275 0.1325
0 0.57375 0.18375 0.0275 0.125
0 0.60125 0.18625 0.02375 0.12125
0 0.62625 0.19 0.0225 0.11875
0 0.65125 0.19125 0.02 0.11875
0 0.67375 0.19625 0.02 0.1075
0 0.6975 0.195 0.01875 0.10875
0 0.71875 0.19375 0.01875 0.10375
0 0.73875 0.19625 0.01625 0.10375
0 0.75625 0.1975 0.01625 0.10125
0 0.775 0.20125 0.0125 0.09375
0 0.79125 0.2025 0.01375 0.095
0 0.80875 0.205 0.015 0.08375
0 0.8225 0.20375 0.01125 0.085
0 0.84625 0.20625 0.01 0.08125
0 0.77125 0.31625 0.01 0.085
0 0.7325 0.38125 0.0225 0.0275
0 0.15125 0.5875 0.05125 0.12375
0 0.78625 0.315 0.015 0.08625
0 0.38125 0.63875 0.04375 0.0525
0 0.42875 0.62375 0.045 0.0575
0 0.4725 0.6125 0.03125 0.04375
0 0.51 0.5975 0.03 0.0525
0 0.435 0.6825 0.03875 0.04
0 0.47625 0.66375 0.03125 0.05125
0 0.5125 0.6475 0.02875 0.0375
0 0.5425 0.57875 0.02875 0.04375
0 0.57375 0.5675 0.02875 0.04375
0 0.60375 0.55625 0.02875 0.04375
0 0.6325 0.54375 0.02375 0.04375
0 0.545 0.625 0.0275 0.03625
0 0.5775 0.61375 0.0275 0.03625
0 0.60875 0.6025 0.0275 0.03625
0 0.63625 0.58625 0.0225 0.035
0 0.65875 0.53625 0.02 0.03
0 0.68125 0.52375 0.02125 0.03375
0 0.66 0.57375 0.02 0.035
0 0.685 0.5675 0.0175 0.03875
0 0.70625 0.51375 0.0225 0.0325
0 0.33 0.73125 0.0375 0.045
0 0.3275 0.66875 0.045 0.06625
0 0.3875 0.70125 0.04625 0.055
0 0.27875 0.75625 0.05625 0.0625
0 0.2275 0.5675 0.07625 0.1475
0 0.3125 0.53625 0.07 0.10375
0 0.3825 0.515 0.06 0.11
0 0.45375 0.50625 0.07625 0.06875
0 0.52875 0.48375 0.06625 0.0625
0 0.59625 0.46625 0.05375 0.06
0 0.64875 0.4525 0.045 0.0675
0 0.70375 0.6125 0.02125 0.03625
0 0.745 0.43 0.03125 0.0425
0 0.7825 0.41875 0.04 0.04625
0 0.70125 0.44 0.04875 0.0475
0 0.84125 0.39875 0.0125 0.0375
0 0.865 0.3875 0.0175 0.045
0 0.8575 0.45 0.01625 0.02625
0 0.8625 0.4825 0.01125 0.02625
0 0.84625 0.49 0.01 0.0275
0 0.1475 0.7375 0.045 0.0725
0 0.2075 0.70875 0.06875 0.0625
0 0.15125 0.81125 0.0525 0.05125
0 0.215 0.78625 0.06 0.065
0 0.81875 0.40625 0.025 0.04875
0 0.7275 0.60125 0.02 0.03125