0 0.52625 0.3575 0.045 0.075
0 0.47375 0.3525 0.05625 0.08875
0 0.705 0.47625 0.01375 0.065
0 0.21875 0.59875 0.0375 0.09875
0 0.1775 0.59625 0.04125 0.105
0 0.14125 0.59875 0.03 0.10875
0 0.15125 0.78375 0.0475 0.10375
0 0.21125 0.7675 0.04625 0.09625
0 0.675 0.485 0.02 0.0575
0 0.63875 0.485 0.02375 0.07125
0 0.6075 0.4875 0.03 0.06125
0 0.58125 0.51125 0.025 0.03875
0 0.73375 0.48875 0.01625 0.0825
0 0.55375 0.49125 0.02625 0.07875
0 0.4825 0.49375 0.03125 0.0875
0 0.445 0.49 0.0325 0.08625
0 0.4125 0.48 0.0325 0.1025
0 0.37875 0.495 0.04125 0.0825
0 0.33125 0.51 0.04875 0.05125
0 0.13875 0.43875 0.02375 0.1025
0 0.28625 0.5025 0.0375 0.0725
0 0.26125 0.7775 0.05125 0.09
0 0.305 0.7775 0.0375 0.09875
0 0.52125 0.4925 0.035 0.08625
0 0.25625 0.59 0.02625 0.0925
0 0.29 0.63 0.04125 0.0775
0 0.16625 0.32125 0.0625 0.09625
0 0.8075 0.28375 0.0275 0.07375
0 0.7175 0.24125 0.03875 0.06625
0 0.685 0.25 0.0225 0.05875
0 0.655 0.24375 0.03375 0.0675
0 0.62125 0.25 0.03625 0.06375
0 0.5825 0.25375 0.03375 0.05125
0 0.5425 0.25125 0.04125 0.06
0 0.50375 0.2525 0.03625 0.0575
0 0.45625 0.60125 0.04125 0.09375
0 0.4125 0.6225 0.04375 0.08375
0 0.37 0.6275 0.03875 0.07875
0 0.33125 0.62625 0.03875 0.08
0 0.30625 0.25125 0.02375 0.06875
0 0.3325 0.2525 0.0275 0.06875
0 0.3575 0.2525 0.0225 0.07
0 0.46875 0.25 0.0275 0.07
0 0.4125 0.25125 0.025 0.06625
0 0.43875 0.24875 0.03 0.07125
0 0.27875 0.25125 0.0225 0.065
0 0.25125 0.2475 0.025 0.05875
0 0.23 0.3225 0.05625 0.08875
0 0.34125 0.7725 0.03625 0.10875
0 0.835 0.28125 0.02 0.06875
0 0.38125 0.77375 0.035 0.1025
0 0.46625 0.77375 0.02 0.0675
0 0.71125 0.35125 0.04125 0.06875
0 0.76125 0.35 0.04375 0.0775
0 0.8025 0.39 0.03125 0.065
0 0.8325 0.38625 0.03125 0.06625
0 0.8625 0.3875 0.025 0.0725
0 0.17125 0.4375 0.03625 0.09875
0 0.2075 0.4575 0.03125 0.1175
0 0.24625 0.465 0.04 0.11125
0 0.85 0.6575 0.01875 0.0375
0 0.67 0.35375 0.03 0.07375
0 0.8075 0.66 0.02625 0.04375
0 0.8525 0.76875 0.03 0.09375
0 0.81875 0.7675 0.0325 0.0925
0 0.78 0.76625 0.0275 0.08375
0 0.73 0.7425 0.02875 0.08125
0 0.69625 0.73375 0.0275 0.09
0 0.665 0.8 0.03375 0.04125
0 0.66125 0.74625 0.03625 0.0575
0 0.57 0.715 0.03 0.06875
0 0.5375 0.70375 0.0225 0.05375
0 0.77875 0.6575 0.025 0.03875
0 0.62625 0.355 0.05125 0.07375
0 0.57625 0.36 0.0475 0.07
0 0.1675 0.11125 0.03125 0.15
0 0.49875 0.77375 0.0475 0.10375
0 0.83375 0.1275 0.04625 0.1025
0 0.7925 0.1525 0.025 0.0525
0 0.7625 0.15625 0.03125 0.05125
0 0.73125 0.155 0.0325 0.05375
0 0.69625 0.155 0.03 0.04875
0 0.66625 0.155 0.02875 0.05625
0 0.635 0.16125 0.02625 0.05125
0 0.60625 0.15625 0.03 0.05625
0 0.575 0.15875 0.0275 0.055
0 0.545 0.15875 0.0275 0.05625
0 0.5175 0.16125 0.0275 0.0525
0 0.48125 0.1475 0.04 0.07625
0 0.44125 0.14625 0.04125 0.085
0 0.40125 0.1475 0.03625 0.08375
0 0.36125 0.14625 0.04125 0.085
0 0.32375 0.14625 0.0325 0.08
0 0.28375 0.14625 0.04125 0.08125
0 0.245 0.145 0.03625 0.0775
0 0.1375 0.11125 0.02 0.15
0 0.20375 0.12125 0.03625 0.135
0 0.42875 0.77 0.055 0.1125
0 0.865 0.28375 0.01875 0.07375
0 0.38625 0.24875 0.0225 0.07125
0 0.51875 0.61625 0.0375 0.0925
0 0.32 0.36 0.04375 0.075
0 0.37 0.3625 0.05 0.07375
0 0.42 0.3625 0.04625 0.07125
0 0.48875 0.61375 0.0225 0.09375
0 0.28125 0.3725 0.03125 0.05
0 0.55625 0.6025 0.03875 0.0975
0 0.595 0.61 0.035 0.0775
0 0.66125 0.62125 0.03375 0.0725
0 0.71 0.57625 0.03625 0.0375
0 0.70125 0.6225 0.04125 0.05625
0 0.85875 0.5725 0.03125 0.05625
0 0.79875 0.58375 0.065 0.045
0 0.8375 0.50125 0.04875 0.04875
0 0.7875 0.505 0.035 0.04375
0 0.75625 0.4925 0.01875 0.07875