0 0.67875 0.20125 0.04375 0.1025
0 0.41125 0.08625 0.03375 0.08375
0 0.4525 0.09125 0.03 0.0675
0 0.4825 0.07 0.02875 0.11
0 0.5175 0.07125 0.03375 0.09875
0 0.5525 0.07125 0.03125 0.0975
0 0.58875 0.06 0.04 0.10875
0 0.625 0.0625 0.02875 0.09375
0 0.84625 0.0475 0.05 0.09375
0 0.7125 0.05375 0.0425 0.105
0 0.755 0.0525 0.04 0.10375
0 0.79875 0.05 0.04375 0.09625
0 0.85125 0.18625 0.03875 0.11125
0 0.8 0.1925 0.0425 0.1
0 0.75875 0.1925 0.035 0.10375
0 0.72125 0.19625 0.0375 0.1075
0 0.33625 0.08 0.03 0.10625
0 0.665 0.055 0.0475 0.10875
0 0.29375 0.08 0.05125 0.115
0 0.75 0.8725 0.03625 0.0375
0 0.2025 0.095 0.02875 0.10125
0 0.63875 0.20375 0.035 0.10375
0 0.59375 0.87875 0.045 0.03125
0 0.63 0.87125 0.02 0.04375
0 0.655 0.8725 0.02875 0.0425
0 0.685 0.87375 0.02 0.045
0 0.71125 0.8725 0.02625 0.04625
0 0.6825 0.825 0.025 0.05
0 0.71125 0.825 0.025 0.0475
0 0.74875 0.83375 0.0375 0.03625
0 0.79 0.83375 0.04 0.03375
0 0.78875 0.8725 0.03875 0.03875
0 0.82875 0.83125 0.03375 0.03375
0 0.8275 0.8725 0.03625 0.04
0 0.5525 0.8425 0.02375 0.01
0 0.555 0.855 0.0225 0.00875
0 0.55375 0.8675 0.0225 0.01125
0 0.55625 0.88 0.0225 0.01125
0 0.555 0.89375 0.025 0.01125
0 0.16875 0.09375 0.03625 0.09875
0 0.2425 0.08375 0.04625 0.11
0 0.47 0.21375 0.04625 0.12
0 0.36875 0.075 0.0325 0.115
0 0.375 0.2175 0.04875 0.1125
0 0.41625 0.7325 0.0525 0.08625
0 0.47 0.72875 0.0525 0.08875
0 0.52625 0.72875 0.04875 0.08875
0 0.585 0.73125 0.06625 0.0775
0 0.65375 0.7275 0.065 0.0775
0 0.79875 0.7125 0.08375 0.0975
0 0.85875 0.71125 0.03125 0.1025
0 0.845 0.6025 0.06 0.0775
0 0.78 0.605 0.06375 0.08
0 0.715 0.61 0.065 0.07625
0 0.4225 0.215 0.04625 0.11125
0 0.36375 0.735 0.05125 0.08625
0 0.57 0.605 0.0775 0.0875
0 0.425 0.61125 0.07625 0.09
0 0.36 0.6175 0.0425 0.08875
0 0.31125 0.6175 0.05375 0.08625
0 0.17 0.63 0.08875 0.08625
0 0.14 0.50375 0.03 0.1
0 0.1775 0.5 0.04 0.1025
0 0.21875 0.49875 0.04 0.10125
0 0.25875 0.495 0.03625 0.11125
0 0.2975 0.4925 0.03875 0.10625
0 0.34125 0.48875 0.0475 0.11125
0 0.38375 0.48875 0.035 0.1075
0 0.4975 0.61125 0.065 0.09125
0 0.4225 0.485 0.04125 0.10875
0 0.3125 0.73625 0.05125 0.08375
0 0.1875 0.74125 0.06375 0.085
0 0.51375 0.8175 0.0475 0.04875
0 0.5175 0.87 0.04625 0.05
0 0.47 0.87125 0.04375 0.0525
0 0.43125 0.87375 0.03375 0.04875
0 0.43125 0.8225 0.0325 0.04625
0 0.39875 0.8475 0.02875 0.015
0 0.37 0.84875 0.02625 0.01625
0 0.3975 0.82875 0.02875 0.02
0 0.36875 0.8325 0.02625 0.01625
0 0.3975 0.87875 0.02375 0.04375
0 0.37 0.88125 0.03 0.0425
0 0.25375 0.73875 0.06625 0.08625
0 0.34125 0.87875 0.02375 0.045
0 0.34125 0.8475 0.02875 0.01625
0 0.31 0.84625 0.0275 0.01875
0 0.285 0.88 0.02875 0.04
0 0.2825 0.8475 0.0275 0.02125
0 0.2825 0.82625 0.03 0.0175
0 0.25 0.89625 0.04375 0.0125
0 0.24875 0.88125 0.0425 0.01625
0 0.2475 0.865 0.0425 0.0125
0 0.16125 0.89 0.0425 0.035
0 0.16 0.85625 0.04625 0.03125
0 0.14 0.75 0.03 0.0725
0 0.31375 0.87875 0.02625 0.045
0 0.47 0.4825 0.05375 0.1125
0 0.64625 0.60125 0.07125 0.09125
0 0.32875 0.22 0.04 0.1125
0 0.58375 0.34625 0.03625 0.10625
0 0.62125 0.34375 0.03625 0.10875
0 0.5425 0.35 0.04 0.10375
0 0.50125 0.35375 0.04 0.1025
0 0.46125 0.35375 0.03125 0.1075
0 0.4225 0.3575 0.045 0.10625
0 0.38125 0.35875 0.03625 0.10625
0 0.3375 0.36 0.04375 0.10625
0 0.2975 0.3625 0.03375 0.1075
0 0.25375 0.36 0.0475 0.11375
0 0.21125 0.36625 0.03375 0.11
0 0.79875 0.33375 0.04125 0.10625
0 0.16375 0.23125 0.04125 0.1075
0 0.5525 0.4775 0.0425 0.10875
0 0.59625 0.47625 0.04 0.11375
0 0.635 0.47375 0.03375 0.1125
0 0.67 0.47375 0.03625 0.105
0 0.84875 0.4675 0.03875 0.11
0 0.2075 0.2275 0.045 0.11
0 0.25 0.225 0.03625 0.10875
0 0.17125 0.36375 0.04625 0.115
0 0.28875 0.2225 0.03875 0.11
0 0.845 0.33125 0.0475 0.10625