0 0.79625 0.39875 0.02125 0.0625
0 0.4625 0.52375 0.01875 0.04
0 0.48125 0.52375 0.01875 0.04
0 0.49875 0.52375 0.01625 0.03875
0 0.5175 0.52375 0.01625 0.0425
0 0.53875 0.52 0.01875 0.04
0 0.555 0.51875 0.01625 0.0375
0 0.57125 0.5175 0.015 0.04
0 0.60375 0.505 0.045 0.06625
0 0.77 0.84375 0.0225 0.09125
0 0.755 0.84875 0.015 0.095
0 0.7325 0.85 0.025 0.105
0 0.65 0.49875 0.0475 0.07
0 0.6925 0.4975 0.04375 0.06625
0 0.73375 0.50375 0.03 0.05875
0 0.7925 0.83875 0.0175 0.09375
0 0.4275 0.525 0.01875 0.04125
0 0.4075 0.525 0.01875 0.04125
0 0.39125 0.52625 0.015 0.03875
0 0.77 0.38 0.02875 0.05
0 0.7475 0.40375 0.02125 0.05125
0 0.8525 0.39625 0.04375 0.05375
0 0.1675 0.62 0.05625 0.05875
0 0.24 0.5925 0.075 0.10875
0 0.295 0.5275 0.01875 0.04625
0 0.31375 0.5275 0.0175 0.04625
0 0.81625 0.4 0.01625 0.06
0 0.3325 0.525 0.02 0.0425
0 0.715 0.405 0.03125 0.05875
0 0.6825 0.4025 0.0325 0.065
0 0.6475 0.40375 0.035 0.06375
0 0.5975 0.40125 0.05875 0.06625
0 0.53875 0.405 0.05875 0.075
0 0.3725 0.52875 0.01875 0.0425
0 0.48625 0.41 0.045 0.06375
0 0.3525 0.52875 0.01875 0.03625
0 0.44125 0.41125 0.0425 0.065
0 0.255 0.4425 0.0525 0.1125
0 0.34875 0.4125 0.045 0.06
0 0.25125 0.2925 0.04625 0.1275
0 0.2075 0.29125 0.04125 0.12625
0 0.1575 0.31 0.05875 0.09
0 0.86 0.1675 0.02625 0.075
0 0.84125 0.15625 0.01125 0.09625
0 0.82625 0.1475 0.02125 0.1075
0 0.8 0.14875 0.02375 0.10125
0 0.755 0.13625 0.03875 0.10875
0 0.70875 0.14125 0.05 0.10375
0 0.65125 0.15125 0.03625 0.07875
0 0.61125 0.14 0.04625 0.115
0 0.565 0.13875 0.03625 0.09625
0 0.52375 0.1375 0.045 0.0975
0 0.47875 0.13375 0.0425 0.10375
0 0.4325 0.13875 0.0425 0.09875
0 0.38625 0.1325 0.04625 0.1075
0 0.34125 0.13375 0.04125 0.105
0 0.28875 0.1325 0.0525 0.1125
0 0.2425 0.1375 0.03125 0.10125
0 0.2025 0.12 0.03375 0.1275
0 0.16125 0.125 0.04375 0.125
0 0.29625 0.2975 0.03625 0.05125
0 0.33625 0.2975 0.04 0.05
0 0.37625 0.2975 0.04 0.0525
0 0.41625 0.29375 0.0375 0.065
0 0.305 0.41375 0.04375 0.06
0 0.76125 0.5 0.01875 0.05125
0 0.1975 0.445 0.04625 0.1175
0 0.14875 0.45 0.045 0.11
0 0.86 0.3025 0.0275 0.0575
0 0.83125 0.2975 0.02875 0.0525
0 0.79875 0.29375 0.0275 0.06125
0 0.80875 0.8375 0.01625 0.09
0 0.8275 0.82625 0.01625 0.08875
0 0.84625 0.82625 0.02 0.09375
0 0.3975 0.41375 0.04625 0.065
0 0.86375 0.825 0.01625 0.09
0 0.7475 0.29 0.02625 0.05625
0 0.72125 0.28875 0.0225 0.06375
0 0.69125 0.28875 0.0275 0.06
0 0.6575 0.29 0.035 0.0625
0 0.62625 0.29125 0.02875 0.06
0 0.5925 0.2875 0.0375 0.06125
0 0.5575 0.29 0.03 0.06375
0 0.525 0.29 0.0325 0.06
0 0.49125 0.2925 0.0325 0.06125
0 0.455 0.2925 0.03875 0.06625
0 0.77375 0.295 0.0225 0.06125
0 0.82125 0.47125 0.01625 0.02375
0 0.445 0.52375 0.01625 0.04
0 0.8425 0.5075 0.015 0.03375
0 0.70625 0.8675 0.0275 0.08875
0 0.64125 0.83875 0.07 0.1375
0 0.56625 0.85125 0.075 0.14875
0 0.475 0.83375 0.055 0.1
0 0.41625 0.8725 0.04875 0.11125
0 0.365 0.87375 0.0475 0.1125
0 0.31125 0.87875 0.0525 0.11125
0 0.2375 0.88125 0.0775 0.1275
0 0.16 0.8875 0.06875 0.12875
0 0.865 0.6925 0.02 0.0575
0 0.5175 0.725 0.0275 0.07625
0 0.54375 0.72375 0.025 0.07125
0 0.6275 0.7175 0.02 0.0725
0 0.6525 0.7175 0.025 0.06625
0 0.6825 0.71875 0.02875 0.075
0 0.72 0.71375 0.0275 0.06125
0 0.75 0.71375 0.0275 0.05875
0 0.775 0.71 0.0225 0.05875
0 0.80125 0.70375 0.02125 0.06125
0 0.8175 0.7025 0.015 0.05375
0 0.8275 0.51 0.01875 0.04125
0 0.8475 0.69375 0.02 0.055
0 0.59875 0.72 0.03375 0.07125
0 0.48875 0.72625 0.02875 0.07375
0 0.56875 0.7225 0.02125 0.07375
0 0.43375 0.71625 0.02375 0.11125
0 0.85875 0.50625 0.01625 0.03375
0 0.46125 0.7125 0.02625 0.1
0 0.30875 0.61375 0.0325 0.07125
0 0.345 0.60875 0.035 0.07
0 0.37875 0.6125 0.03375 0.07
0 0.4125 0.61125 0.03375 0.06625
0 0.4525 0.61 0.0425 0.0625
0 0.53375 0.61 0.03875 0.0625
0 0.56875 0.605 0.03 0.05875
0 0.60625 0.605 0.0375 0.07125
0 0.64375 0.60375 0.03375 0.0625
0 0.49625 0.60875 0.04 0.055
0 0.67875 0.6 0.02625 0.05875
0 0.40875 0.70875 0.0225 0.09375
0 0.38375 0.7125 0.025 0.1
0 0.3575 0.71875 0.0275 0.10375
0 0.335 0.7125 0.01875 0.08
0 0.25875 0.69875 0.08625 0.03
0 0.2775 0.7475 0.08 0.055
0 0.87 0.5025 0.00875 0.04
0 0.15 0.73625 0.04875 0.08875
0 0.78375 0.59 0.05375 0.06625
0 0.72 0.595 0.0375 0.0625
0 0.2025 0.75 0.05625 0.06125