0 0.385 0.58 0.02375 0.105
0 0.3625 0.57875 0.01625 0.09375
0 0.3425 0.57375 0.015 0.09625
0 0.44875 0.59 0.01875 0.09625
0 0.49125 0.59375 0.01625 0.10125
0 0.4075 0.57625 0.0175 0.09875
0 0.42875 0.5875 0.01625 0.0975
0 0.4375 0.36875 0.02375 0.075
0 0.46 0.3675 0.015 0.075
0 0.47 0.5925 0.0175 0.1
0 0.3525 0.375 0.01375 0.07375
0 0.3675 0.37 0.01375 0.07375
0 0.3875 0.37 0.02125 0.075
0 0.4125 0.3725 0.01875 0.06875
0 0.50875 0.59625 0.01625 0.1025
0 0.4825 0.36875 0.0225 0.075
0 0.53 0.6 0.02125 0.10125
0 0.76375 0.6575 0.03125 0.105
0 0.58 0.6025 0.01875 0.10375
0 0.38125 0.6925 0.02375 0.07625
0 0.40625 0.7 0.02125 0.08
0 0.42375 0.69875 0.0125 0.0825
0 0.44 0.7 0.01125 0.08875
0 0.455 0.70375 0.015 0.09125
0 0.3625 0.6875 0.00875 0.0825
0 0.34875 0.68375 0.00875 0.08
0 0.55625 0.6025 0.02125 0.10125
0 0.32 0.57125 0.0225 0.09375
0 0.86 0.665 0.0225 0.11125
0 0.82875 0.6675 0.0225 0.11
0 0.8 0.6625 0.03 0.10125
0 0.7325 0.655 0.02375 0.0975
0 0.69625 0.64625 0.03375 0.04875
0 0.65625 0.63875 0.0375 0.05
0 0.6125 0.60125 0.03625 0.125
0 0.33625 0.6825 0.01125 0.0775
0 0.29375 0.5725 0.02375 0.0925
0 0.27625 0.28875 0.01625 0.07
0 0.8175 0.51125 0.025 0.1175
0 0.36375 0.47125 0.01625 0.0775
0 0.345 0.4725 0.0125 0.0725
0 0.325 0.47125 0.0175 0.07625
0 0.3075 0.46875 0.01625 0.07375
0 0.29 0.4725 0.01625 0.0725
0 0.84375 0.3675 0.04 0.10625
0 0.80375 0.365 0.03125 0.10875
0 0.47125 0.7075 0.01375 0.095
0 0.76625 0.37125 0.03375 0.0975
0 0.72875 0.3725 0.03 0.1
0 0.62375 0.415 0.02125 0.05375
0 0.65 0.4075 0.01875 0.0425
0 0.68125 0.38375 0.0425 0.02125
0 0.68375 0.3525 0.0425 0.02625
0 0.58 0.37 0.0175 0.06875
0 0.38375 0.475 0.01625 0.07
0 0.4025 0.475 0.01625 0.07625
0 0.42625 0.47375 0.0225 0.07625
0 0.44875 0.47375 0.0175 0.0775
0 0.79 0.50875 0.025 0.12125
0 0.7575 0.50875 0.025 0.11
0 0.72375 0.5075 0.025 0.11625
0 0.69625 0.49 0.0175 0.06875
0 0.675 0.48375 0.015 0.07375
0 0.65875 0.4825 0.0125 0.07875
0 0.63875 0.4875 0.0175 0.0675
0 0.8575 0.51 0.03375 0.115
0 0.61875 0.48875 0.015 0.06125
0 0.58 0.47625 0.01375 0.08375
0 0.56375 0.48 0.01375 0.07875
0 0.545 0.47375 0.015 0.0875
0 0.52625 0.4775 0.02 0.0825
0 0.50625 0.4775 0.01375 0.07875
0 0.4875 0.47875 0.0175 0.0725
0 0.46875 0.47625 0.01375 0.07375
0 0.59875 0.49 0.01375 0.06125
0 0.4875 0.71 0.01625 0.0975
0 0.53375 0.3625 0.025 0.085
0 0.5275 0.7175 0.01875 0.1
0 0.7425 0.785 0.02625 0.1075
0 0.7025 0.74875 0.0225 0.11125
0 0.2675 0.17375 0.01875 0.07125
0 0.2925 0.165 0.025 0.09125
0 0.315 0.16625 0.0125 0.07625
0 0.33125 0.14875 0.01375 0.10125
0 0.355 0.13375 0.01875 0.1125
0 0.3825 0.12875 0.0275 0.11875
0 0.40875 0.12375 0.015 0.1125
0 0.7775 0.79375 0.03625 0.105
0 0.4325 0.115 0.02875 0.125
0 0.49125 0.10125 0.02 0.12625
0 0.51 0.1175 0.01375 0.08875
0 0.53 0.11125 0.01875 0.08375
0 0.5525 0.105 0.02125 0.09375
0 0.5075 0.7125 0.0175 0.0975
0 0.59875 0.0875 0.01625 0.105
0 0.62375 0.0925 0.02875 0.08125
0 0.65875 0.0725 0.0275 0.11375
0 0.6875 0.0675 0.02375 0.10375
0 0.4625 0.10375 0.02375 0.13125
0 0.81875 0.8025 0.0325 0.115
0 0.855 0.80875 0.03375 0.11875
0 0.3025 0.79625 0.01 0.08125
0 0.8375 0.9475 0.035 0.105
0 0.80125 0.94625 0.03 0.10625
0 0.7625 0.94 0.03625 0.115
0 0.72375 0.92875 0.03375 0.1075
0 0.68125 0.9 0.025 0.125
0 0.645 0.89375 0.035 0.1325
0 0.61625 0.8825 0.0175 0.1175
0 0.59375 0.88 0.02375 0.11375
0 0.56625 0.8625 0.0225 0.1175
0 0.53875 0.8575 0.0275 0.12125
0 0.515 0.85125 0.01625 0.1125
0 0.495 0.845 0.0175 0.1175
0 0.45875 0.83 0.02 0.1125
0 0.43375 0.82875 0.02 0.1125
0 0.4125 0.8225 0.0125 0.1075
0 0.39375 0.82 0.015 0.1075
0 0.3775 0.815 0.0125 0.10125
0 0.3625 0.8075 0.01375 0.10875
0 0.3475 0.80375 0.0125 0.10125
0 0.3325 0.805 0.01375 0.09375
0 0.315 0.7975 0.01125 0.0975
0 0.7275 0.0575 0.0375 0.1125
0 0.7725 0.0525 0.03625 0.105
0 0.5775 0.09375 0.02 0.1
0 0.85875 0.04375 0.03125 0.08625
0 0.645 0.35 0.0175 0.0325
0 0.61625 0.28375 0.015 0.0425
0 0.62 0.3425 0.025 0.05
0 0.81875 0.04875 0.04125 0.095
0 0.73125 0.20625 0.025 0.12375
0 0.76 0.20125 0.0225 0.13625
0 0.79125 0.21875 0.02875 0.1
0 0.8275 0.215 0.0325 0.1
0 0.86125 0.1825 0.0275 0.155
0 0.6425 0.29875 0.02375 0.04
0 0.2775 0.37875 0.01875 0.065
0 0.31625 0.37625 0.0175 0.07
0 0.335 0.37375 0.01625 0.07375
0 0.6775 0.75375 0.0175 0.095
0 0.655 0.74 0.02125 0.11
0 0.6325 0.7375 0.02125 0.10875
0 0.61 0.73375 0.01875 0.105
0 0.58875 0.72875 0.01875 0.1025
0 0.56875 0.72375 0.0175 0.1025
0 0.54875 0.7225 0.0175 0.10125
0 0.29625 0.375 0.015 0.0725
0 0.6925 0.27 0.035 0.015
0 0.615 0.23 0.0125 0.03875
0 0.69 0.22625 0.03625 0.0175
0 0.5575 0.36 0.01875 0.0875
0 0.2975 0.2775 0.01875 0.08625
0 0.32 0.275 0.02125 0.08125
0 0.34375 0.2725 0.0175 0.09125
0 0.69125 0.24875 0.03125 0.01875
0 0.38625 0.26125 0.0175 0.09
0 0.4075 0.2575 0.02375 0.1025
0 0.43375 0.25375 0.0225 0.10125
0 0.46 0.2525 0.025 0.10125
0 0.48375 0.29 0.01625 0.0225
0 0.365 0.27 0.01625 0.08625
0 0.50875 0.29125 0.02 0.0125
0 0.535 0.265 0.02 0.01625
0 0.535 0.2875 0.0225 0.0175
0 0.5625 0.23125 0.025 0.01375
0 0.5625 0.24875 0.02125 0.01125
0 0.56 0.265 0.0175 0.015
0 0.56 0.28375 0.02 0.01125
0 0.59 0.27625 0.02375 0.01375
0 0.6425 0.2325 0.0275 0.06375
0 0.64875 0.175 0.03625 0.03125
0 0.5075 0.27125 0.01875 0.0125