0 0.7225 0.07875 0.11125 0.065
0 0.2325 0.38 0.02625 0.0175
0 0.66125 0.8375 0.02875 0.07875
0 0.23125 0.4775 0.0225 0.09
0 0.27625 0.45375 0.03875 0.03875
0 0.3075 0.44125 0.015 0.0575
0 0.33875 0.44125 0.035 0.04875
0 0.235 0.36 0.02875 0.015
0 0.37625 0.44125 0.03875 0.0475
0 0.4525 0.44 0.04 0.0575
0 0.4875 0.4425 0.02375 0.05125
0 0.52 0.45 0.03875 0.0325
0 0.63125 0.63375 0.0375 0.08375
0 0.2275 0.84 0.0125 0.03
0 0.72125 0.83375 0.03 0.07625
0 0.41375 0.4425 0.0325 0.04875
0 0.3225 0.34875 0.035 0.0475
0 0.4875 0.3525 0.05625 0.03875
0 0.3925 0.35 0.03375 0.04375
0 0.25 0.56625 0.0125 0.05875
0 0.3575 0.35 0.035 0.04625
0 0.69125 0.83625 0.02875 0.0725
0 0.7575 0.85625 0.035 0.0375
0 0.72 0.74 0.035 0.0825
0 0.76625 0.76875 0.03125 0.03625
0 0.42875 0.3525 0.0325 0.045
0 0.56125 0.4425 0.0275 0.05
0 0.645 0.10125 0.04375 0.02625
0 0.235 0.2425 0.025 0.10125
0 0.39125 0.64625 0.02875 0.08
0 0.36 0.64625 0.0275 0.0775
0 0.63375 0.285 0.025 0.06
0 0.5575 0.63125 0.04 0.07875
0 0.595 0.445 0.0275 0.0475
0 0.32875 0.6475 0.0275 0.07375
0 0.60875 0.28375 0.025 0.0625
0 0.6475 0.44375 0.01875 0.0475
0 0.57625 0.0775 0.02875 0.06875
0 0.6075 0.07875 0.0275 0.06875
0 0.57 0.83625 0.0275 0.075
0 0.285 0.7475 0.03625 0.01625
0 0.2925 0.76625 0.03125 0.01875
0 0.29 0.785 0.0375 0.01625
0 0.5975 0.83125 0.02375 0.065
0 0.62875 0.8375 0.03125 0.0775
0 0.2375 0.62 0.03625 0.0175
0 0.24 0.64 0.03625 0.0125
0 0.5425 0.0775 0.03375 0.07
0 0.23875 0.66125 0.0375 0.02
0 0.24 0.7125 0.0425 0.01375
0 0.24375 0.7275 0.04375 0.0125
0 0.62375 0.44375 0.02625 0.04875
0 0.24375 0.78125 0.04625 0.01375
0 0.24375 0.7975 0.0475 0.01125
0 0.3275 0.7425 0.025 0.07125
0 0.36125 0.73375 0.02375 0.07
0 0.3875 0.735 0.02375 0.07125
0 0.4625 0.84 0.03 0.07625
0 0.42875 0.84 0.0325 0.07625
0 0.24 0.6925 0.03875 0.015
0 0.49125 0.07875 0.03625 0.065
0 0.27875 0.0725 0.065 0.06875
0 0.22875 0.05625 0.01875 0.08625
0 0.58125 0.28375 0.025 0.0575
0 0.54625 0.27625 0.03375 0.07625
0 0.5125 0.28 0.03 0.0725
0 0.4775 0.27375 0.03875 0.08375
0 0.44125 0.27375 0.03375 0.08375
0 0.38875 0.2675 0.06875 0.02125
0 0.29125 0.725 0.04125 0.02
0 0.66 0.2875 0.025 0.0575
0 0.5725 0.35 0.05625 0.0125
0 0.5775 0.365 0.05125 0.01375
0 0.63375 0.36625 0.055 0.0125
0 0.6325 0.35125 0.055 0.01625
0 0.6925 0.36875 0.055 0.01375
0 0.68625 0.35125 0.04875 0.015
0 0.68375 0.3375 0.05375 0.01
0 0.73125 0.3525 0.03375 0.0125
0 0.74625 0.3675 0.05125 0.01375
0 0.68375 0.27375 0.01375 0.06125
0 0.7 0.275 0.0125 0.065
0 0.7125 0.27375 0.01 0.06375
0 0.745 0.27875 0.0125 0.0725
0 0.75875 0.27875 0.0125 0.0775
0 0.77125 0.2775 0.00875 0.07625
0 0.39625 0.83 0.0275 0.06
0 0.49875 0.8375 0.0375 0.0775
0 0.245 0.76625 0.05 0.015
0 0.3675 0.82875 0.025 0.0525
0 0.62 0.52875 0.02125 0.09125
0 0.28125 0.68125 0.04125 0.01875
0 0.55375 0.53375 0.0325 0.09125
0 0.5175 0.53375 0.03125 0.09125
0 0.58125 0.73875 0.02375 0.0775
0 0.68125 0.73625 0.035 0.07875
0 0.4825 0.53375 0.035 0.095
0 0.44625 0.53375 0.035 0.09625
0 0.4125 0.52875 0.03 0.09375
0 0.3725 0.52875 0.03625 0.09
0 0.28 0.57625 0.0425 0.04625
0 0.5375 0.84125 0.03375 0.08
0 0.27875 0.6125 0.035 0.02
0 0.28125 0.63375 0.03875 0.01875
0 0.29 0.65875 0.04125 0.02
0 0.65625 0.52875 0.04 0.0875
0 0.7 0.53 0.04375 0.09375
0 0.59 0.53125 0.035 0.09
0 0.67125 0.44375 0.02375 0.0475
0 0.31625 0.85125 0.0175 0.065
0 0.33875 0.8325 0.02375 0.06125
0 0.28 0.84125 0.02875 0.04125
0 0.2525 0.84875 0.02375 0.0525
0 0.70375 0.445 0.02625 0.03875
0 0.38875 0.285 0.06625 0.015
0 0.3875 0.3025 0.07 0.0175
0 0.22875 0.87125 0.01875 0.02875
0 0.41625 0.7425 0.02875 0.085
0 0.45125 0.74125 0.035 0.08125
0 0.48875 0.735 0.03125 0.07375
0 0.52375 0.73375 0.03 0.07375
0 0.555 0.74625 0.025 0.06875
0 0.2875 0.3475 0.0325 0.0475
0 0.2825 0.7025 0.04 0.01875