0 0.72375 0.31125 0.08875 0.0425
0 0.20875 0.12875 0.07625 0.05125
0 0.2075 0.18375 0.075 0.055
0 0.2275 0.26625 0.0725 0.04875
0 0.2225 0.32 0.07375 0.05125
0 0.3025 0.275 0.07375 0.05
0 0.3 0.3275 0.0725 0.05
0 0.37875 0.28125 0.0675 0.04625
0 0.37375 0.33375 0.06875 0.0525
0 0.44875 0.2875 0.06875 0.04875
0 0.445 0.34 0.0675 0.05
0 0.51625 0.345 0.0675 0.05125
0 0.5225 0.29375 0.07 0.0425
0 0.59 0.2975 0.05875 0.045
0 0.58375 0.3525 0.05875 0.055
0 0.71625 0.3625 0.085 0.05375
0 0.79875 0.3175 0.05375 0.05
0 0.7925 0.365 0.055 0.0425
0 0.8525 0.3425 0.04375 0.08125
0 0.84625 0.5 0.055 0.04125
0 0.845 0.4525 0.055 0.04875
0 0.78125 0.48375 0.05875 0.04875
0 0.715 0.48375 0.0625 0.045
0 0.72125 0.43875 0.07 0.03875
0 0.65625 0.44 0.02 0.1075
0 0.5825 0.4225 0.065 0.045
0 0.57875 0.47125 0.06625 0.04625
0 0.28875 0.1375 0.075 0.0525
0 0.51125 0.46875 0.06375 0.0475
0 0.29 0.19125 0.07125 0.05125
0 0.37 0.14125 0.07625 0.0525
0 0.17125 0.0375 0.07625 0.06125
0 0.25375 0.04625 0.0825 0.0625
0 0.33375 0.05625 0.075 0.05875
0 0.415 0.0675 0.0725 0.05875
0 0.49375 0.02375 0.0725 0.04375
0 0.49375 0.0775 0.07 0.055
0 0.5725 0.02875 0.07375 0.0525
0 0.56875 0.08625 0.07 0.05625
0 0.64375 0.0975 0.065 0.0475
0 0.64875 0.04125 0.06875 0.05625
0 0.71875 0.045 0.065 0.0525
0 0.71625 0.1025 0.0625 0.05625
0 0.78375 0.10875 0.06875 0.0425
0 0.79 0.05625 0.06875 0.04125
0 0.85 0.06375 0.0475 0.0525
0 0.8475 0.11375 0.0525 0.04875
0 0.73 0.235 0.06625 0.05125
0 0.80125 0.1875 0.06875 0.04375
0 0.79875 0.23875 0.06125 0.0525
0 0.73125 0.18125 0.0675 0.05375
0 0.6625 0.1775 0.055 0.0525
0 0.59625 0.165 0.06875 0.04875
0 0.59375 0.22125 0.06625 0.05375
0 0.52 0.15875 0.07125 0.04625
0 0.51875 0.21125 0.07625 0.055
0 0.445 0.205 0.07 0.05125
0 0.44625 0.15125 0.07 0.05125
0 0.3675 0.1975 0.075 0.0525
0 0.51375 0.41875 0.06625 0.05
0 0.44 0.4625 0.0725 0.0425
0 0.44125 0.41375 0.0725 0.04625
0 0.50375 0.7425 0.0475 0.045
0 0.43375 0.73875 0.07 0.045
0 0.43625 0.69375 0.0675 0.04375
0 0.36375 0.73625 0.0625 0.0425
0 0.365 0.6925 0.0675 0.03875
0 0.295 0.73375 0.0675 0.0425
0 0.29625 0.68875 0.06375 0.0425
0 0.22625 0.73125 0.0675 0.04375
0 0.2275 0.685 0.06625 0.04375
0 0.1575 0.72875 0.065 0.04375
0 0.1575 0.6825 0.065 0.04375
0 0.5525 0.665 0.0475 0.0375
0 0.75375 0.5825 0.06625 0.055
0 0.65 0.60625 0.13375 0.06375
0 0.545 0.6075 0.06375 0.0475
0 0.54875 0.56 0.065 0.03875
0 0.47875 0.6025 0.06625 0.0375
0 0.2975 0.40125 0.0725 0.0475
0 0.22125 0.39625 0.075 0.045
0 0.21875 0.445 0.07375 0.05
0 0.15125 0.42875 0.0525 0.075
0 0.1975 0.54375 0.07375 0.04625
0 0.19625 0.59125 0.07125 0.0425
0 0.26875 0.5925 0.06875 0.05
0 0.3425 0.55 0.06625 0.04125
0 0.34 0.59625 0.06875 0.04625
0 0.41 0.6 0.06625 0.03875
0 0.56 0.73875 0.06375 0.0375
0 0.63 0.7025 0.07 0.03875
0 0.6275 0.7425 0.06 0.03875
0 0.695 0.74375 0.06625 0.0375
0 0.37 0.41125 0.065 0.05
0 0.36625 0.4575 0.07 0.035
0 0.295 0.45125 0.07125 0.04625
0 0.85375 0.8525 0.0425 0.06375
0 0.17375 0.8425 0.0675 0.0675
0 0.2325 0.84625 0.0425 0.06
0 0.2775 0.84875 0.04125 0.06
0 0.335 0.86 0.065 0.035
0 0.335 0.82125 0.065 0.04
0 0.4025 0.8225 0.0675 0.04125
0 0.4025 0.86375 0.06875 0.035
0 0.47125 0.86625 0.06625 0.0325
0 0.4725 0.82625 0.06375 0.03875
0 0.15 0.3 0.0475 0.0775
0 0.545 0.8225 0.0675 0.04
0 0.60875 0.8675 0.06 0.045
0 0.61 0.82375 0.05875 0.04
0 0.6725 0.8275 0.0625 0.0375
0 0.67 0.86875 0.05875 0.04
0 0.73375 0.86875 0.06 0.0375
0 0.735 0.82875 0.0575 0.03625
0 0.79625 0.8325 0.06 0.0375
0 0.795 0.87 0.06 0.03125
0 0.8575 0.72875 0.03375 0.07625
0 0.81625 0.725 0.04875 0.08
0 0.75875 0.7475 0.05875 0.0425
0 0.7625 0.705 0.05625 0.04125
0 0.69875 0.69875 0.0625 0.0375
0 0.5425 0.865 0.065 0.03875
0 0.4125 0.555 0.06875 0.03875
0 0.4825 0.55875 0.06375 0.04375