0 0.56625 0.43125 0.06 0.015
0 0.775 0.38 0.00875 0.08
0 0.5 0.45375 0.06875 0.01125
0 0.42875 0.4375 0.065 0.0125
0 0.43 0.4525 0.06625 0.01
0 0.36 0.435 0.0675 0.0125
0 0.36 0.45 0.065 0.0125
0 0.76125 0.38 0.01125 0.07875
0 0.5 0.43875 0.06875 0.0125
0 0.74625 0.38125 0.01 0.0775
0 0.42625 0.6025 0.06125 0.01375
0 0.70125 0.38375 0.0125 0.07875
0 0.345 0.36875 0.01625 0.065
0 0.36125 0.37125 0.0125 0.06375
0 0.375 0.37 0.01125 0.0625
0 0.39 0.3775 0.01 0.05
0 0.4025 0.37875 0.0125 0.05
0 0.41625 0.38 0.015 0.05125
0 0.42875 0.38 0.00875 0.05
0 0.46625 0.36375 0.06 0.015
0 0.46625 0.3775 0.06 0.0125
0 0.73125 0.38 0.0125 0.0775
0 0.52625 0.35875 0.05375 0.01625
0 0.5875 0.36 0.06375 0.015
0 0.48875 0.605 0.05625 0.01125
0 0.42375 0.6425 0.06 0.01125
0 0.425 0.62875 0.06125 0.01375
0 0.425 0.615 0.06125 0.01375
0 0.35875 0.635 0.05625 0.01375
0 0.36 0.61875 0.055 0.01125
0 0.585 0.3775 0.06 0.015
0 0.71625 0.38125 0.01125 0.07375
0 0.525 0.3775 0.0525 0.01375
0 0.77125 0.29125 0.01625 0.0525
0 0.36625 0.5175 0.06 0.01375
0 0.71875 0.48625 0.0075 0.065
0 0.6625 0.65375 0.0275 0.00875
0 0.66875 0.63625 0.03 0.01875
0 0.67625 0.59375 0.03 0.0175
0 0.67875 0.5725 0.03375 0.0175
0 0.68125 0.55 0.03375 0.02125
0 0.685 0.52625 0.0375 0.01625
0 0.6075 0.53875 0.065 0.0125
0 0.24375 0.6425 0.045 0.105
0 0.6075 0.52625 0.0675 0.01125
0 0.56375 0.53 0.015 0.0575
0 0.54625 0.5275 0.0125 0.05625
0 0.52875 0.53 0.015 0.05375
0 0.49125 0.535 0.06 0.0125
0 0.77125 0.7925 0.0175 0.07625
0 0.75 0.7925 0.0225 0.0775
0 0.71875 0.79 0.03 0.07375
0 0.60625 0.5125 0.065 0.01375
0 0.36125 0.6025 0.05625 0.01375
0 0.3375 0.27625 0.01625 0.06375
0 0.355 0.275 0.01625 0.06375
0 0.75 0.2775 0.01 0.065
0 0.73625 0.27875 0.0125 0.0675
0 0.72 0.28 0.01125 0.0675
0 0.7075 0.28 0.00875 0.0675
0 0.695 0.2775 0.01375 0.0675
0 0.68 0.28125 0.01125 0.06625
0 0.66875 0.28 0.01 0.06875
0 0.65625 0.27875 0.0125 0.065
0 0.63125 0.27625 0.02875 0.0775
0 0.59875 0.275 0.03 0.07375
0 0.56625 0.27625 0.0275 0.075
0 0.53375 0.28375 0.01875 0.055
0 0.5125 0.28625 0.0225 0.05375
0 0.415 0.285 0.0625 0.0175
0 0.415 0.2675 0.06125 0.01625
0 0.415 0.24875 0.06125 0.02
0 0.3725 0.275 0.01625 0.06375
0 0.6875 0.7925 0.025 0.07
0 0.63125 0.8175 0.05625 0.01375
0 0.6325 0.805 0.05625 0.01
0 0.63125 0.7875 0.0575 0.015
0 0.5875 0.62875 0.015 0.0575
0 0.55 0.63375 0.05875 0.0125
0 0.55 0.61875 0.055 0.0125
0 0.54875 0.60375 0.0575 0.0125
0 0.485 0.63375 0.05625 0.01125
0 0.4875 0.6175 0.05625 0.01125
0 0.49125 0.5175 0.05625 0.01625
0 0.4275 0.53375 0.055 0.01125
0 0.42625 0.5175 0.05625 0.01125
0 0.43 0.50125 0.05875 0.0125
0 0.3675 0.53375 0.05875 0.0125
0 0.565 0.44875 0.06125 0.015
0 0.36875 0.5 0.06 0.01625
0 0.775 0.4925 0.01 0.07375
0 0.76375 0.485 0.00625 0.055
0 0.75625 0.48375 0.00875 0.0625
0 0.7325 0.48875 0.0125 0.0675
0 0.60375 0.63 0.01625 0.05625
0 0.705 0.485 0.01375 0.0575
0 0.425 0.695 0.05375 0.015
0 0.42625 0.72875 0.05375 0.01375
0 0.43 0.8225 0.055 0.01375
0 0.43125 0.80625 0.055 0.01
0 0.43 0.7925 0.055 0.01
0 0.3675 0.82625 0.06625 0.01625
0 0.3675 0.80875 0.06375 0.01
0 0.36875 0.79625 0.065 0.0125
0 0.36625 0.78125 0.06125 0.01125
0 0.76375 0.59125 0.0225 0.075
0 0.6875 0.615 0.02375 0.02
0 0.71625 0.58875 0.0275 0.07125
0 0.75875 0.6875 0.03 0.0725
0 0.7275 0.68875 0.0275 0.07125
0 0.695 0.68625 0.02375 0.0775
0 0.60375 0.73125 0.06125 0.01375
0 0.545 0.73 0.05125 0.0125
0 0.60375 0.71375 0.06125 0.015
0 0.54625 0.7125 0.05125 0.01625
0 0.425 0.7125 0.04875 0.015
0 0.6875 0.48125 0.0075 0.0625