0 0.30625 0.1075 0.0275 0.11875
0 0.84875 0.89875 0.0475 0.0675
0 0.16625 0.11625 0.05 0.1125
0 0.21 0.11125 0.0375 0.125
0 0.245 0.11 0.0275 0.1225
0 0.275 0.11 0.03125 0.1225
0 0.33625 0.1075 0.0325 0.12375
0 0.7 0.05875 0.03 0.055
0 0.40125 0.1075 0.02875 0.125
0 0.43 0.105 0.03 0.12
0 0.4625 0.10375 0.03125 0.125
0 0.52375 0.10375 0.03625 0.11875
0 0.56875 0.135 0.0525 0.055
0 0.56875 0.075 0.05125 0.06125
0 0.61125 0.0575 0.035 0.0575
0 0.6425 0.05625 0.02625 0.06125
0 0.67 0.06 0.02875 0.0525
0 0.73625 0.05 0.0375 0.065
0 0.37 0.1075 0.03125 0.125
0 0.80375 0.895 0.0425 0.07375
0 0.5125 0.88 0.0525 0.10875
0 0.64625 0.885 0.06625 0.09625
0 0.20875 0.24375 0.0225 0.07375
0 0.1775 0.245 0.03625 0.0725
0 0.82875 0.09875 0.04875 0.08375
0 0.715 0.88625 0.06875 0.09375
0 0.75875 0.1225 0.0325 0.075
0 0.715 0.125 0.035 0.07625
0 0.6825 0.125 0.03125 0.075
0 0.65125 0.125 0.02875 0.075
0 0.62 0.125 0.03125 0.0725
0 0.77375 0.04625 0.035 0.0725
0 0.38375 0.59125 0.035 0.0575
0 0.34625 0.59 0.03875 0.06
0 0.30875 0.59125 0.035 0.0625
0 0.25 0.58875 0.07375 0.05375
0 0.8575 0.5175 0.035 0.05625
0 0.82125 0.5175 0.03625 0.05625
0 0.825 0.43 0.04125 0.06
0 0.7725 0.4825 0.05875 0.0775
0 0.7075 0.4825 0.07 0.07625
0 0.235 0.2425 0.02875 0.07125
0 0.6 0.4825 0.0325 0.08125
0 0.26 0.24375 0.02125 0.07125
0 0.315 0.23625 0.02375 0.085
0 0.4275 0.675 0.05375 0.06875
0 0.3725 0.67125 0.05625 0.0675
0 0.3125 0.67375 0.0525 0.0625
0 0.2475 0.675 0.0475 0.06375
0 0.205 0.73625 0.05 0.0525
0 0.19625 0.68 0.04625 0.05625
0 0.85625 0.6 0.03625 0.05125
0 0.81875 0.60125 0.03875 0.05375
0 0.76875 0.58 0.03875 0.06875
0 0.73 0.5775 0.03125 0.06625
0 0.6975 0.58 0.03625 0.06125
0 0.655 0.5875 0.045 0.0525
0 0.61375 0.58375 0.0375 0.05625
0 0.57625 0.585 0.03125 0.05375
0 0.52625 0.58125 0.0625 0.07375
0 0.46625 0.58125 0.05875 0.0725
0 0.41875 0.59125 0.035 0.05125
0 0.38 0.2325 0.03 0.08375
0 0.34625 0.235 0.0375 0.0825
0 0.28625 0.2425 0.03 0.07125
0 0.57 0.4825 0.02625 0.08125
0 0.54 0.48125 0.0325 0.0825
0 0.505 0.48 0.03375 0.0825
0 0.3175 0.3575 0.03 0.0975
0 0.2875 0.35625 0.0275 0.09375
0 0.25375 0.3575 0.03375 0.09875
0 0.22125 0.3575 0.02875 0.095
0 0.17375 0.3425 0.0475 0.0675
0 0.85 0.23 0.03125 0.075
0 0.8225 0.23125 0.02125 0.0725
0 0.7875 0.22625 0.035 0.08625
0 0.7525 0.22625 0.03125 0.08625
0 0.7175 0.2275 0.03375 0.0875
0 0.68375 0.23125 0.03125 0.07875
0 0.65375 0.24 0.03 0.05625
0 0.62375 0.23875 0.02625 0.05875
0 0.5925 0.2275 0.02875 0.0925
0 0.5625 0.23125 0.03375 0.08625
0 0.52875 0.23 0.03 0.08375
0 0.4975 0.23 0.03375 0.08375
0 0.465 0.23 0.02875 0.085
0 0.43125 0.23375 0.0375 0.08
0 0.34875 0.3575 0.03 0.09375
0 0.3825 0.355 0.03375 0.0975
0 0.415 0.355 0.03125 0.0975
0 0.44625 0.35375 0.0275 0.09625
0 0.4725 0.4825 0.02875 0.0775
0 0.44125 0.47625 0.02875 0.09375
0 0.41 0.4775 0.0325 0.0925
0 0.38 0.4725 0.02875 0.095
0 0.35 0.48 0.03125 0.09125
0 0.3225 0.4775 0.02125 0.09
0 0.2925 0.48 0.03 0.0875
0 0.2625 0.47875 0.0275 0.0925
0 0.23 0.4775 0.035 0.0925
0 0.48375 0.67375 0.05125 0.07125
0 0.81875 0.3425 0.055 0.08
0 0.7425 0.3575 0.035 0.0675
0 0.70875 0.36 0.0275 0.07125
0 0.675 0.36 0.03125 0.07625
0 0.63875 0.3525 0.02875 0.1025
0 0.6075 0.3525 0.0325 0.10375
0 0.575 0.35125 0.0325 0.1025
0 0.54125 0.35375 0.0325 0.09875
0 0.51 0.3525 0.03125 0.09875
0 0.4775 0.355 0.03375 0.09625
0 0.775 0.3575 0.03 0.07125
0 0.53875 0.6725 0.05625 0.06625
0 0.78875 0.12125 0.0275 0.0775
0 0.32125 0.76875 0.03375 0.0875
0 0.80375 0.78125 0.0375 0.08
0 0.76625 0.7675 0.03625 0.0875
0 0.7275 0.76875 0.04 0.08375
0 0.71875 0.675 0.05875 0.065
0 0.815 0.69125 0.04 0.0625
0 0.59625 0.67375 0.05375 0.06625
0 0.6875 0.77 0.03625 0.08625
0 0.36 0.76625 0.0325 0.08875
0 0.39375 0.765 0.03625 0.08625
0 0.4725 0.765 0.04375 0.0875
0 0.51 0.7625 0.03125 0.08125
0 0.54625 0.77 0.03 0.0825
0 0.57875 0.76875 0.035 0.07875
0 0.615 0.7675 0.03375 0.08125
0 0.65125 0.77125 0.0375 0.08375
0 0.84125 0.78375 0.0375 0.06875
0 0.195 0.83 0.0675 0.0625
0 0.77 0.68875 0.045 0.06375
0 0.275 0.875 0.0625 0.06875
0 0.20375 0.9025 0.07 0.0675
0 0.855 0.69125 0.03875 0.06125
0 0.2875 0.76625 0.02625 0.08625
0 0.57625 0.885 0.07375 0.09875
0 0.2525 0.7675 0.0425 0.085
0 0.46125 0.8825 0.04875 0.11375
0 0.41375 0.8825 0.04625 0.1
0 0.37 0.88 0.03875 0.105
0 0.33 0.88125 0.03875 0.10625
0 0.6625 0.675 0.0525 0.07125