0 0.53125 0.77375 0.03375 0.0475
0 0.4975 0.77375 0.02875 0.0475
0 0.4925 0.84375 0.0325 0.08375
0 0.4525 0.82625 0.0375 0.1025
0 0.41375 0.8275 0.03125 0.09
0 0.27625 0.81875 0.03625 0.08625
0 0.31 0.815 0.0175 0.09375
0 0.24 0.81875 0.03125 0.0775
0 0.52 0.2875 0.0425 0.08375
0 0.55875 0.29 0.02625 0.0775
0 0.52875 0.84375 0.035 0.085
0 0.34 0.8275 0.035 0.08375
0 0.57125 0.845 0.035 0.0725
0 0.84875 0.7025 0.04875 0.10625
0 0.58125 0.77375 0.0275 0.05625
0 0.62875 0.8525 0.03125 0.08375
0 0.67125 0.85375 0.0425 0.0875
0 0.71125 0.88 0.03125 0.05125
0 0.80875 0.82375 0.13125 0.10125
0 0.5925 0.28375 0.03125 0.09375
0 0.4775 0.3 0.02375 0.0575
0 0.76375 0.705 0.01875 0.0675
0 0.73875 0.705 0.01875 0.07625
0 0.7125 0.71375 0.025 0.05625
0 0.6875 0.70375 0.01625 0.05375
0 0.6625 0.70125 0.02125 0.07125
0 0.605 0.8 0.015 0.08875
0 0.63125 0.31125 0.03625 0.03125
0 0.78 0.27875 0.02625 0.09625
0 0.67625 0.27375 0.02875 0.025
0 0.24625 0.14125 0.045 0.1025
0 0.28625 0.13875 0.03125 0.1125
0 0.3125 0.14375 0.01375 0.1025
0 0.34 0.13125 0.03125 0.125
0 0.375 0.13 0.0325 0.12625
0 0.40625 0.14875 0.02375 0.08625
0 0.44 0.15125 0.02375 0.08875
0 0.48375 0.14875 0.02875 0.07875
0 0.51 0.14875 0.02125 0.0775
0 0.5425 0.14875 0.03625 0.08125
0 0.5775 0.1325 0.02875 0.1075
0 0.61 0.13125 0.0275 0.10375
0 0.63625 0.13125 0.0225 0.10125
0 0.63625 0.27625 0.02875 0.0275
0 0.67 0.12625 0.03125 0.11125
0 0.74125 0.1325 0.035 0.09625
0 0.77875 0.12875 0.025 0.095
0 0.81125 0.13375 0.025 0.08125
0 0.845 0.12875 0.02875 0.085
0 0.87 0.13 0.00875 0.085
0 0.86625 0.285 0.01625 0.08125
0 0.84 0.275 0.0275 0.09125
0 0.80875 0.27875 0.02125 0.08625
0 0.63375 0.7 0.02125 0.0725
0 0.74875 0.22 0.03125 0.02375
0 0.75 0.28375 0.02875 0.08875
0 0.7175 0.28 0.025 0.09625
0 0.67125 0.3075 0.03625 0.04125
0 0.705 0.1375 0.0325 0.09125
0 0.6075 0.7075 0.02 0.055
0 0.42 0.68 0.02375 0.09125
0 0.55625 0.70375 0.0225 0.06
0 0.8275 0.41875 0.015 0.09125
0 0.80625 0.425 0.01875 0.0825
0 0.7775 0.4175 0.02375 0.1025
0 0.75 0.4175 0.02375 0.1
0 0.44875 0.27625 0.0225 0.10125
0 0.42 0.2775 0.0275 0.10125
0 0.39125 0.2875 0.0275 0.0875
0 0.36 0.2875 0.025 0.08625
0 0.3275 0.305 0.0325 0.05125
0 0.29125 0.3025 0.0375 0.05125
0 0.24625 0.28375 0.04625 0.09875
0 0.2575 0.4225 0.04 0.07
0 0.30875 0.4175 0.0225 0.0675
0 0.34375 0.425 0.04 0.07
0 0.38375 0.4175 0.03375 0.0875
0 0.42 0.4175 0.03 0.08625
0 0.46625 0.40375 0.02375 0.02625
0 0.45375 0.445 0.025 0.0275
0 0.48875 0.4425 0.03125 0.035
0 0.5175 0.4225 0.0225 0.08125
0 0.54875 0.41625 0.03 0.09
0 0.58875 0.425 0.04 0.07875
0 0.625 0.43 0.0225 0.07375
0 0.65 0.43 0.01875 0.06875
0 0.6725 0.43 0.02125 0.07125
0 0.695 0.4275 0.01625 0.07
0 0.72125 0.4225 0.02375 0.08625
0 0.8575 0.37625 0.03375 0.02125
0 0.58375 0.70625 0.02125 0.05625
0 0.85625 0.4 0.03625 0.01875
0 0.86 0.445 0.03125 0.01875
0 0.53125 0.70125 0.02375 0.0575
0 0.5075 0.69875 0.02 0.0575
0 0.48 0.69125 0.025 0.07375
0 0.45 0.67875 0.03125 0.09125
0 0.39 0.6875 0.03 0.07
0 0.35625 0.68 0.03125 0.0775
0 0.3225 0.67375 0.0275 0.06375
0 0.2975 0.685 0.025 0.06375
0 0.2675 0.70625 0.03625 0.00875
0 0.26625 0.6975 0.0325 0.00875
0 0.26625 0.6875 0.03625 0.01
0 0.2675 0.67 0.0375 0.02125
0 0.25625 0.54375 0.0375 0.07125
0 0.2975 0.54625 0.03625 0.06625
0 0.3375 0.5475 0.03875 0.07
0 0.38 0.55 0.04125 0.07
0 0.42625 0.545 0.03875 0.06875
0 0.47125 0.54125 0.04625 0.09125
0 0.5125 0.54625 0.0275 0.09
0 0.54875 0.5675 0.03625 0.05125
0 0.5875 0.5675 0.03625 0.0475
0 0.63 0.55625 0.03625 0.0725
0 0.67625 0.56125 0.04125 0.07
0 0.72125 0.5475 0.0425 0.1025
0 0.7675 0.5475 0.0425 0.1025
0 0.85 0.55625 0.02125 0.08875
0 0.87 0.5575 0.00875 0.0925
0 0.8575 0.42 0.03375 0.01625
0 0.7975 0.6975 0.045 0.08875