0 0.46375 0.55 0.03375 0.0725
0 0.4275 0.545 0.035 0.08875
0 0.145 0.06875 0.03375 0.08
0 0.3925 0.765 0.035 0.08625
0 0.42875 0.76 0.03375 0.09
0 0.46125 0.77375 0.035 0.06375
0 0.49625 0.7625 0.03 0.085
0 0.52875 0.76375 0.03125 0.08875
0 0.56 0.76375 0.02875 0.08875
0 0.59125 0.77375 0.03625 0.0675
0 0.6275 0.76625 0.0325 0.08
0 0.66 0.76375 0.03375 0.08375
0 0.69125 0.76625 0.03 0.08875
0 0.72375 0.76625 0.03125 0.08875
0 0.76 0.75625 0.04 0.08875
0 0.80625 0.76 0.05625 0.09875
0 0.85625 0.7725 0.0375 0.0775
0 0.38875 0.55875 0.035 0.08625
0 0.3475 0.55875 0.0475 0.0875
0 0.3 0.5575 0.0475 0.08625
0 0.25 0.55625 0.055 0.09125
0 0.1975 0.55625 0.0475 0.09125
0 0.15125 0.5575 0.04625 0.08875
0 0.39375 0.47375 0.02625 0.06875
0 0.3675 0.4725 0.02625 0.0675
0 0.34 0.47125 0.0275 0.075
0 0.31125 0.47 0.0275 0.07125
0 0.28375 0.47 0.02875 0.07
0 0.25625 0.46875 0.025 0.0675
0 0.2275 0.47 0.03 0.06625
0 0.19875 0.47 0.02625 0.06625
0 0.17125 0.47375 0.02875 0.0625
0 0.355 0.7625 0.0375 0.09125
0 0.31375 0.765 0.04375 0.09625
0 0.27625 0.76375 0.03125 0.08875
0 0.235 0.7625 0.0475 0.0875
0 0.4925 0.54375 0.02125 0.08375
0 0.53875 0.54875 0.0225 0.0725
0 0.56375 0.5475 0.02875 0.07625
0 0.5975 0.54375 0.03625 0.0875
0 0.63375 0.5425 0.03625 0.08875
0 0.67375 0.575 0.03625 0.02375
0 0.72125 0.55 0.03625 0.0775
0 0.75375 0.55375 0.02625 0.07
0 0.77875 0.56875 0.0175 0.03625
0 0.805 0.55125 0.03125 0.06625
0 0.835 0.555 0.0275 0.06
0 0.14625 0.65625 0.03875 0.09
0 0.18875 0.6575 0.04625 0.0875
0 0.235 0.65625 0.045 0.08625
0 0.14 0.47125 0.02875 0.06125
0 0.27875 0.65625 0.04125 0.0875
0 0.3875 0.6575 0.0525 0.085
0 0.4325 0.65375 0.035 0.09375
0 0.46625 0.65625 0.02875 0.07
0 0.49875 0.65 0.03375 0.08125
0 0.53125 0.6525 0.03125 0.08625
0 0.585 0.66125 0.07625 0.0725
0 0.64625 0.665 0.0475 0.06375
0 0.6875 0.66 0.03375 0.075
0 0.7225 0.66 0.01875 0.0775
0 0.74125 0.66 0.01875 0.08125
0 0.76875 0.64375 0.03125 0.08875
0 0.8175 0.65125 0.0475 0.09875
0 0.85875 0.67625 0.03125 0.07
0 0.18625 0.76125 0.04875 0.08125
0 0.32 0.655 0.0425 0.08625
0 0.85 0.47375 0.0325 0.03125
0 0.51375 0.54125 0.02 0.085
0 0.84125 0.41 0.025 0.035
0 0.805 0.2075 0.04625 0.085
0 0.75125 0.22 0.05375 0.0675
0 0.69875 0.22 0.04875 0.06625
0 0.66125 0.20875 0.0225 0.08625
0 0.6375 0.20625 0.02375 0.09
0 0.60875 0.20125 0.02875 0.095
0 0.58125 0.19625 0.025 0.10375
0 0.55375 0.19875 0.02625 0.10125
0 0.525 0.215 0.03 0.06875
0 0.4825 0.21 0.04625 0.075
0 0.435 0.2 0.04875 0.0975
0 0.3825 0.175 0.0425 0.1025
0 0.85625 0.44 0.025 0.02375
0 0.30125 0.18125 0.04125 0.09375
0 0.26375 0.18 0.0325 0.09125
0 0.2275 0.185 0.04125 0.08
0 0.19375 0.18375 0.02625 0.08
0 0.16 0.185 0.03625 0.07875
0 0.64375 0.0625 0.03625 0.09625
0 0.61625 0.065 0.0175 0.09
0 0.5975 0.06375 0.02 0.09
0 0.57 0.06 0.0325 0.09875
0 0.53375 0.06875 0.0375 0.08375
0 0.49375 0.0575 0.04125 0.105
0 0.455 0.07125 0.035 0.0775
0 0.42125 0.0775 0.02875 0.0625
0 0.25875 0.075 0.03625 0.06375
0 0.22 0.06875 0.0375 0.0775
0 0.18125 0.06 0.0375 0.1
0 0.8525 0.23375 0.045 0.02625
0 0.1575 0.285 0.03875 0.07625
0 0.34125 0.1825 0.0375 0.09125
0 0.225 0.28875 0.03625 0.08
0 0.77375 0.43875 0.045 0.085
0 0.19125 0.28625 0.02875 0.075
0 0.68125 0.43125 0.05 0.10375
0 0.63375 0.43 0.04375 0.1025
0 0.59375 0.43625 0.03375 0.09
0 0.55125 0.43875 0.045 0.06125
0 0.50125 0.445 0.0525 0.0725
0 0.44375 0.4325 0.0625 0.09875
0 0.395 0.39 0.02875 0.0675
0 0.33375 0.39 0.02875 0.0625
0 0.29 0.38875 0.03125 0.06875
0 0.2625 0.3875 0.025 0.06625
0 0.235 0.385 0.02875 0.07125
0 0.205 0.385 0.02875 0.0725
0 0.175 0.38875 0.03 0.06375
0 0.36375 0.38875 0.03125 0.06375
0 0.8375 0.31875 0.0725 0.08875
0 0.25875 0.28875 0.0325 0.08
0 0.1425 0.38375 0.0325 0.07375
0 0.325 0.29 0.03125 0.08125
0 0.36125 0.29 0.04125 0.08125
0 0.4375 0.31625 0.06625 0.1
0 0.49 0.32125 0.03625 0.09
0 0.525 0.31875 0.03625 0.09875
0 0.2925 0.28875 0.03125 0.0825
0 0.59875 0.3175 0.06 0.10125
0 0.645 0.32 0.03125 0.09375
0 0.67875 0.32 0.03625 0.0925
0 0.72125 0.32 0.045 0.09375
0 0.5575 0.325 0.02375 0.08625
0 0.78 0.3175 0.04375 0.09125