0 0.4875 0.73 0.04625 0.0175
0 0.69125 0.80875 0.03 0.02
0 0.385 0.79375 0.03875 0.0475
0 0.38875 0.83125 0.045 0.02375
0 0.4325 0.79625 0.03625 0.04625
0 0.435 0.83375 0.04125 0.02625
0 0.4725 0.8125 0.02625 0.0675
0 0.505 0.7925 0.03625 0.06125
0 0.55 0.79625 0.035 0.0675
0 0.59125 0.81625 0.045 0.08375
0 0.64375 0.80125 0.0425 0.07
0 0.495 0.625 0.02875 0.03
0 0.5275 0.61875 0.02875 0.05
0 0.56 0.6225 0.03375 0.04125
0 0.61875 0.60875 0.0825 0.0075
0 0.61625 0.6325 0.0825 0.02875
0 0.67 0.6175 0.0225 0.05375
0 0.3325 0.53875 0.01125 0.055
0 0.345 0.54 0.01125 0.055
0 0.35875 0.54 0.015 0.05375
0 0.375 0.54125 0.0125 0.0525
0 0.40125 0.55 0.02625 0.0375
0 0.43625 0.55625 0.03 0.015
0 0.46125 0.555 0.02 0.03375
0 0.48375 0.5525 0.02125 0.0325
0 0.3475 0.815 0.0325 0.055
0 0.31 0.805 0.0275 0.03375
0 0.31125 0.83625 0.02875 0.025
0 0.47125 0.61375 0.015 0.0525
0 0.73875 0.8325 0.04625 0.0375
0 0.30125 0.70375 0.0325 0.0575
0 0.3325 0.7025 0.0225 0.06
0 0.36625 0.71 0.03 0.05625
0 0.3975 0.71 0.0325 0.0575
0 0.4375 0.70125 0.0375 0.0225
0 0.44125 0.72875 0.03375 0.01625
0 0.47875 0.70125 0.0425 0.02625
0 0.5325 0.68 0.03875 0.0225
0 0.53125 0.71625 0.0375 0.035
0 0.5675 0.68625 0.025 0.0325
0 0.69375 0.83875 0.03375 0.02875
0 0.56875 0.7225 0.03 0.035
0 0.60125 0.69 0.03375 0.03625
0 0.64375 0.6875 0.0425 0.0225
0 0.64875 0.725 0.0425 0.0325
0 0.68625 0.70625 0.02875 0.0675
0 0.71375 0.69875 0.02125 0.08375
0 0.73875 0.7 0.0225 0.08375
0 0.76 0.69875 0.02375 0.08625
0 0.31625 0.62375 0.02875 0.0425
0 0.35 0.62125 0.0325 0.0475
0 0.3875 0.61875 0.035 0.0425
0 0.42375 0.6125 0.02875 0.04375
0 0.605 0.725 0.03875 0.0275
0 0.3125 0.5375 0.02 0.06
0 0.58125 0.2975 0.0325 0.0425
0 0.73625 0.195 0.07375 0.05125
0 0.50375 0.5425 0.01375 0.055
0 0.5275 0.5425 0.02625 0.04875
0 0.5625 0.5425 0.04 0.05125
0 0.605 0.55875 0.0375 0.02
0 0.66625 0.51875 0.02375 0.01125
0 0.63875 0.54125 0.025 0.03875
0 0.6675 0.5475 0.0275 0.03625
0 0.71375 0.6125 0.03875 0.03375
0 0.715 0.57375 0.0425 0.0325
0 0.75375 0.5675 0.02 0.015
0 0.75625 0.585 0.025 0.0175
0 0.755 0.60375 0.0275 0.02
0 0.75625 0.62 0.03125 0.0075
0 0.28125 0.4475 0.035 0.035
0 0.28125 0.485 0.0225 0.01375
0 0.6775 0.30375 0.05 0.02625
0 0.2825 0.47125 0.02375 0.01125
0 0.74125 0.29625 0.07125 0.0225
0 0.27 0.18 0.03 0.0275
0 0.6275 0.27125 0.0525 0.0275
0 0.66 0.19875 0.07125 0.045
0 0.60375 0.17875 0.03 0.0225
0 0.6175 0.20875 0.00625 0.0275
0 0.60875 0.21 0.01 0.02875
0 0.59625 0.20875 0.0075 0.03
0 0.565 0.21625 0.05125 0.02
0 0.51125 0.21125 0.0425 0.0275
0 0.50875 0.18875 0.05125 0.015
0 0.4625 0.2125 0.04875 0.02125
0 0.41125 0.2075 0.04625 0.035
0 0.3775 0.21375 0.02 0.0225
0 0.3525 0.21125 0.03 0.02875
0 0.30125 0.205 0.03125 0.04625
0 0.26875 0.2125 0.03125 0.03125
0 0.7425 0.325 0.07125 0.0325
0 0.32 0.465 0.04125 0.04625
0 0.62625 0.305 0.05125 0.02625
0 0.405 0.47 0.04375 0.03
0 0.50125 0.38375 0.02375 0.045
0 0.54 0.385 0.0375 0.04625
0 0.58125 0.3825 0.04375 0.0525
0 0.6225 0.3775 0.02625 0.05625
0 0.64875 0.37625 0.025 0.06
0 0.70625 0.40875 0.02 0.0575
0 0.73375 0.42125 0.03 0.05875
0 0.47125 0.38375 0.03625 0.04375
0 0.76625 0.42 0.025 0.05
0 0.30875 0.2925 0.045 0.05
0 0.34375 0.30375 0.02625 0.02625
0 0.38125 0.3 0.045 0.0325
0 0.42625 0.2975 0.04 0.03625
0 0.48125 0.29875 0.05125 0.03625
0 0.36 0.4725 0.03875 0.03125
0 0.5375 0.3 0.05 0.035
0 0.26375 0.29125 0.0375 0.05125
0 0.43375 0.38 0.03 0.04125
0 0.68125 0.375 0.0225 0.0625
0 0.48625 0.4775 0.03 0.0275
0 0.44625 0.47125 0.035 0.02625
0 0.3975 0.385 0.03875 0.03125
0 0.485 0.44375 0.0375 0.02625
0 0.515 0.4725 0.01625 0.035
0 0.53125 0.46375 0.01375 0.0525
0 0.54875 0.4725 0.01625 0.0375
0 0.585 0.47375 0.02125 0.03875
0 0.60875 0.4625 0.01375 0.0475
0 0.565 0.46875 0.01375 0.04125
0 0.6775 0.47125 0.02125 0.03875
0 0.7175 0.505 0.04375 0.03375
0 0.76 0.51625 0.02375 0.02625
0 0.27625 0.385 0.03625 0.045
0 0.3175 0.39 0.04 0.03375
0 0.355 0.39 0.0325 0.035
0 0.6425 0.475 0.045 0.03125