0 0.54625 0.39 0.05375 0.04375
0 0.115 0.49 0.02875 0.04375
0 0.15875 0.48375 0.0575 0.07125
0 0.21 0.48875 0.0425 0.0625
0 0.29125 0.345 0.05125 0.03625
0 0.2425 0.34375 0.045 0.03375
0 0.1975 0.35 0.04375 0.02
0 0.6875 0.295 0.0575 0.0375
0 0.63125 0.295 0.055 0.04125
0 0.57375 0.2975 0.05625 0.045
0 0.51625 0.30125 0.05375 0.03625
0 0.46125 0.30125 0.05625 0.03625
0 0.40625 0.3025 0.05125 0.0375
0 0.355 0.30375 0.045 0.0375
0 0.3075 0.30625 0.04875 0.035
0 0.92375 0.3775 0.01875 0.0175
0 0.905 0.37875 0.01875 0.01625
0 0.9175 0.39625 0.02 0.01
0 0.89875 0.39875 0.01625 0.00625
0 0.86875 0.33625 0.015 0.0125
0 0.86875 0.35125 0.01625 0.01625
0 0.87 0.3675 0.015 0.01375
0 0.85125 0.355 0.015 0.0175
0 0.835 0.35625 0.01375 0.015
0 0.82 0.35625 0.01375 0.01625
0 0.85125 0.335 0.01125 0.01375
0 0.84 0.335 0.00875 0.015
0 0.82625 0.33375 0.01375 0.01375
0 0.8 0.31875 0.02 0.0125
0 0.78375 0.31875 0.01375 0.01125
0 0.08375 0.49 0.0325 0.045
0 0.76875 0.31875 0.01375 0.01
0 0.06 0.4775 0.0175 0.05625
0 0.02375 0.47875 0.0175 0.05
0 0.51 0.34375 0.0525 0.03875
0 0.5675 0.34375 0.05875 0.04125
0 0.62875 0.34 0.0575 0.04125
0 0.68625 0.34 0.05625 0.04125
0 0.1375 0.395 0.02375 0.03375
0 0.21125 0.3825 0.05375 0.03625
0 0.26375 0.38375 0.05 0.03375
0 0.315 0.38625 0.05125 0.03875
0 0.36875 0.3875 0.05375 0.03625
0 0.425 0.38875 0.0525 0.04
0 0.4825 0.39125 0.05625 0.04
0 0.3425 0.345 0.04875 0.03625
0 0.61 0.38875 0.05875 0.0475
0 0.67 0.39 0.0575 0.04375
0 0.10125 0.44125 0.03 0.04125
0 0.13625 0.43125 0.0275 0.02625
0 0.1775 0.42625 0.0475 0.03625
0 0.23375 0.42625 0.0575 0.04875
0 0.28875 0.42875 0.05125 0.0425
0 0.72875 0.3525 0.02125 0.0425
0 0.75375 0.35625 0.025 0.03375
0 0.8925 0.28875 0.03375 0.0475
0 0.92625 0.28875 0.03125 0.0475
0 0.95875 0.2875 0.03375 0.05125
0 0.715 0.3975 0.02625 0.0425
0 0.74375 0.40125 0.025 0.04875
0 0.7725 0.40125 0.0325 0.04625
0 0.80125 0.4075 0.0225 0.05625
0 0.8425 0.405 0.0525 0.055
0 0.0425 0.48 0.01875 0.0525
0 0.45375 0.34375 0.0575 0.0375
0 0.39625 0.34375 0.05 0.03625
0 0.5325 0.2575 0.0475 0.03125
0 0.95625 0.4675 0.02625 0.05
0 0.4275 0.2625 0.05 0.035
0 0.47875 0.26125 0.05 0.0375
0 0.3225 0.49625 0.05625 0.06625
0 0.585 0.255 0.05375 0.03375
0 0.62875 0.25375 0.02625 0.0375
0 0.82625 0.29625 0.0225 0.0275
0 0.65625 0.25375 0.02375 0.0375
0 0.79 0.2975 0.0475 0.0275
0 0.59625 0.4425 0.0575 0.0475
0 0.53125 0.44 0.0625 0.04125
0 0.4675 0.4375 0.06375 0.045
0 0.40625 0.435 0.05625 0.04
0 0.34625 0.43375 0.06125 0.04125
0 0.6925 0.25375 0.0175 0.03875
0 0.075 0.43 0.02125 0.035
0 0.26375 0.4925 0.06 0.0725
0 0.65625 0.4425 0.05875 0.05125
0 0.71625 0.52875 0.06 0.07625
0 0.78 0.53625 0.065 0.09125
0 0.0525 0.42625 0.02125 0.03625
0 0.845 0.53875 0.065 0.0875
0 0.91375 0.54125 0.07 0.095
0 0.9725 0.54125 0.0475 0.09625
0 0.65125 0.5225 0.06875 0.09125
0 0.5825 0.5175 0.06625 0.08375
0 0.44625 0.50875 0.06875 0.0725
0 0.38375 0.505 0.05625 0.0775
0 0.9225 0.47 0.02625 0.04
0 0.8925 0.46625 0.02375 0.05125
0 0.84625 0.465 0.06625 0.0525
0 0.78125 0.46125 0.0575 0.05
0 0.72625 0.46 0.0425 0.05375
0 0.51625 0.51625 0.065 0.0875