0 0.89 0.66625 0.02875 0.0775
0 0.365 0.57875 0.0175 0.06375
0 0.19 0.45875 0.015 0.055
0 0.0775 0.52 0.01875 0.05625
0 0.095 0.5225 0.01375 0.05
0 0.11375 0.5225 0.01625 0.05375
0 0.13 0.52625 0.01625 0.04875
0 0.15 0.5275 0.02 0.05375
0 0.1675 0.5325 0.015 0.05
0 0.1875 0.53375 0.01875 0.05
0 0.16875 0.455 0.02 0.05875
0 0.26875 0.49 0.02125 0.0675
0 0.31125 0.495 0.0175 0.0625
0 0.32875 0.4975 0.01375 0.05875
0 0.35 0.50125 0.02 0.065
0 0.37 0.50375 0.015 0.06125
0 0.39375 0.50375 0.02875 0.0625
0 0.4775 0.4875 0.01625 0.05375
0 0.4975 0.4925 0.0175 0.045
0 0.51875 0.495 0.02125 0.05125
0 0.29125 0.49375 0.0175 0.05875
0 0.5425 0.49625 0.02125 0.05125
0 0.09625 0.245 0.01375 0.02875
0 0.13 0.24625 0.015 0.0325
0 0.3975 0.42125 0.01875 0.06875
0 0.41375 0.4225 0.01375 0.07
0 0.49125 0.41875 0.015 0.05375
0 0.51125 0.41875 0.01875 0.05125
0 0.52875 0.42 0.015 0.0475
0 0.5475 0.42375 0.015 0.055
0 0.5675 0.42625 0.01875 0.05
0 0.5925 0.42875 0.01875 0.055
0 0.1125 0.245 0.01625 0.0325
0 0.61375 0.42625 0.02 0.05875
0 0.65625 0.43 0.02125 0.06125
0 0.07875 0.4525 0.0175 0.0475
0 0.095 0.45625 0.015 0.04375
0 0.13125 0.45 0.02 0.05875
0 0.15 0.455 0.015 0.05625
0 0.195 0.24625 0.00875 0.0325
0 0.17875 0.24625 0.0175 0.0325
0 0.14875 0.245 0.0175 0.0325
0 0.635 0.4275 0.01875 0.0575
0 0.37625 0.41875 0.0175 0.06375
0 0.56625 0.49375 0.01625 0.0525
0 0.605 0.50375 0.0225 0.045
0 0.0825 0.2425 0.015 0.0325
0 0.30625 0.57 0.01625 0.065
0 0.3275 0.575 0.0175 0.05625
0 0.34625 0.5775 0.015 0.06125
0 0.08375 0.305 0.015 0.0425
0 0.38625 0.58 0.015 0.06375
0 0.40375 0.5825 0.01875 0.05875
0 0.4725 0.56 0.01875 0.05625
0 0.58125 0.7925 0.0275 0.04125
0 0.49375 0.5625 0.02 0.05125
0 0.85375 0.665 0.035 0.085
0 0.58125 0.57 0.01625 0.05875
0 0.60125 0.57375 0.02125 0.05125
0 0.62375 0.57875 0.02 0.06125
0 0.6475 0.5775 0.02125 0.05625
0 0.71125 0.56875 0.02125 0.0575
0 0.7325 0.57125 0.02 0.05125
0 0.7575 0.57375 0.02625 0.0575
0 0.5525 0.565 0.035 0.04625
0 0.585 0.5025 0.0175 0.05
0 0.6075 0.7975 0.01875 0.05
0 0.71125 0.81125 0.0325 0.0625
0 0.63125 0.50625 0.0225 0.0525
0 0.66 0.5025 0.0225 0.04875
0 0.77125 0.49125 0.01625 0.05625
0 0.7925 0.495 0.02625 0.04875
0 0.82125 0.4975 0.02625 0.055
0 0.8475 0.50125 0.02125 0.05375
0 0.87625 0.50375 0.0275 0.055
0 0.90375 0.50625 0.02375 0.0475
0 0.63125 0.80125 0.02125 0.04
0 0.93 0.50625 0.02625 0.05375
0 0.265 0.56125 0.015 0.0625
0 0.28625 0.56625 0.0225 0.05625
0 0.9125 0.84625 0.04 0.055
0 0.87125 0.84375 0.0375 0.045
0 0.83625 0.8375 0.0275 0.0575
0 0.805 0.8325 0.03375 0.04625
0 0.7725 0.82625 0.03 0.06
0 0.7425 0.82 0.02875 0.04625
0 0.965 0.505 0.0325 0.0475
0 0.81 0.5825 0.025 0.05875
0 0.35625 0.41875 0.02 0.065
0 0.31 0.41625 0.02 0.07
0 0.5175 0.22125 0.01625 0.04
0 0.49875 0.22125 0.0175 0.0375
0 0.42375 0.24875 0.01625 0.08125
0 0.40625 0.24875 0.015 0.0825
0 0.38625 0.24875 0.01875 0.08125
0 0.3675 0.2475 0.01625 0.08
0 0.16375 0.3125 0.0125 0.04
0 0.18125 0.3125 0.01375 0.0425
0 0.5425 0.22375 0.015 0.03625
0 0.19625 0.3125 0.0125 0.0425
0 0.2875 0.3425 0.015 0.0475
0 0.3175 0.34375 0.02 0.0525
0 0.34375 0.34625 0.0175 0.05375
0 0.3675 0.3475 0.02375 0.05125
0 0.39875 0.345 0.02 0.04625
0 0.41625 0.3475 0.0125 0.0475
0 0.49 0.2825 0.02 0.0525
0 0.51125 0.28 0.0175 0.05375
0 0.26875 0.34125 0.0175 0.0525
0 0.53125 0.28125 0.02 0.0575
0 0.56 0.22375 0.0175 0.03625
0 0.59875 0.22375 0.0175 0.03375
0 0.10125 0.30625 0.01375 0.04375
0 0.11625 0.3075 0.015 0.04625
0 0.1325 0.30875 0.01375 0.04375
0 0.1475 0.31 0.015 0.04375
0 0.97125 0.245 0.02375 0.0575
0 0.9425 0.245 0.03 0.055
0 0.91375 0.2425 0.02 0.05875
0 0.885 0.2425 0.0275 0.0575
0 0.57875 0.2225 0.015 0.03625
0 0.85125 0.24375 0.02375 0.055
0 0.7975 0.24375 0.0225 0.055
0 0.7725 0.24375 0.025 0.05375
0 0.7475 0.24125 0.0225 0.05625
0 0.6925 0.225 0.01625 0.03625
0 0.6775 0.22375 0.01375 0.0375
0 0.65875 0.22375 0.02 0.03375
0 0.64 0.225 0.01625 0.03625
0 0.61875 0.225 0.0175 0.03625
0 0.825 0.24375 0.0275 0.05375
0 0.33125 0.41875 0.02125 0.06625
0 0.55125 0.28125 0.0175 0.05625
0 0.5925 0.28375 0.01875 0.055
0 0.27 0.2475 0.02375 0.065
0 0.62125 0.365 0.02 0.05625
0 0.6425 0.36625 0.0225 0.05375
0 0.66375 0.365 0.01875 0.0525
0 0.72875 0.41125 0.01625 0.0575
0 0.75 0.41125 0.02125 0.055
0 0.77625 0.41375 0.025 0.06
0 0.80125 0.415 0.0225 0.05375
0 0.32875 0.2475 0.01625 0.08125
0 0.83 0.4175 0.0225 0.05625
0 0.88625 0.41875 0.02375 0.05625
0 0.9125 0.4225 0.02375 0.05625
0 0.9425 0.4225 0.03125 0.055
0 0.9725 0.42375 0.02625 0.06
0 0.07375 0.37125 0.0225 0.05875
0 0.13125 0.36375 0.07875 0.05625
0 0.27 0.4125 0.015 0.0675
0 0.28875 0.41375 0.0175 0.065
0 0.8575 0.4175 0.0275 0.055
0 0.57125 0.28375 0.01875 0.055
0 0.34875 0.24875 0.0175 0.08
0 0.58 0.35375 0.02 0.065
0 0.6125 0.28375 0.01875 0.05625
0 0.63375 0.285 0.02125 0.0525
0 0.65375 0.28875 0.01625 0.05875
0 0.675 0.2875 0.0225 0.05625
0 0.7375 0.3275 0.01875 0.05875
0 0.76125 0.3275 0.02375 0.06
0 0.7875 0.32625 0.025 0.0575
0 0.81375 0.3275 0.0225 0.0575
0 0.6 0.3625 0.01625 0.05
0 0.84125 0.32875 0.03 0.055
0 0.9 0.3325 0.02375 0.05875
0 0.92625 0.33125 0.0225 0.0575
0 0.955 0.33625 0.03125 0.055
0 0.98625 0.33625 0.02375 0.06
0 0.4925 0.35125 0.01875 0.0575
0 0.51375 0.3525 0.01875 0.05625
0 0.53375 0.355 0.02125 0.06
0 0.5575 0.3525 0.0225 0.0625
0 0.87125 0.33125 0.0275 0.06125
0 0.83625 0.5825 0.02375 0.055
0 0.9925 0.24375 0.01375 0.05875
0 0.89 0.58625 0.0275 0.05375
0 0.74375 0.65125 0.03 0.0625
0 0.7325 0.74125 0.0375 0.06
0 0.71 0.64625 0.0275 0.07375
0 0.6375 0.6525 0.02875 0.0525
0 0.60125 0.63625 0.02375 0.05125
0 0.575 0.635 0.01625 0.04875
0 0.7 0.7325 0.02625 0.07125
0 0.555 0.63375 0.0175 0.0525
0 0.61 0.71875 0.02375 0.05
0 0.77 0.745 0.035 0.0725
0 0.5875 0.71625 0.01625 0.05625
0 0.545 0.71 0.0225 0.0475
0 0.51625 0.69 0.015 0.045
0 0.4975 0.68 0.01375 0.0325
0 0.4825 0.67875 0.0175 0.0325
0 0.40125 0.66375 0.0175 0.05375
0 0.3825 0.65625 0.01875 0.0675
0 0.36125 0.655 0.0175 0.065
0 0.34125 0.65 0.015 0.06375
0 0.3225 0.64875 0.015 0.06125
0 0.56625 0.7125 0.02125 0.045
0 0.30375 0.64375 0.02125 0.065
0 0.80625 0.75 0.03125 0.06125
0 0.8775 0.76125 0.03375 0.06875
0 0.8625 0.585 0.02375 0.06
0 0.56 0.78375 0.0125 0.04625
0 0.54125 0.7825 0.025 0.04125
0 0.52 0.77875 0.0175 0.0475
0 0.49875 0.77125 0.0175 0.035
0 0.47625 0.7575 0.025 0.0575
0 0.395 0.735 0.02375 0.05625
0 0.36875 0.73 0.0225 0.06
0 0.345 0.7275 0.02125 0.05875
0 0.84125 0.75875 0.03375 0.0775
0 0.325 0.7225 0.01875 0.065
0 0.27375 0.715 0.0275 0.06375
0 0.18375 0.68375 0.0175 0.0575
0 0.1675 0.6825 0.01 0.055
0 0.1525 0.68 0.015 0.06125
0 0.1325 0.67625 0.0175 0.0575
0 0.115 0.67 0.01625 0.06125
0 0.09625 0.66625 0.01625 0.05375
0 0.0775 0.66375 0.02 0.05625
0 0.9125 0.765 0.03 0.07375
0 0.29875 0.71875 0.025 0.05875
0 0.81625 0.6575 0.035 0.06875
0 0.77875 0.6575 0.03125 0.065
0 0.2625 0.63625 0.01875 0.05875
0 0.18875 0.61125 0.015 0.055
0 0.1725 0.61 0.0125 0.05
0 0.15375 0.605 0.02 0.0575
0 0.13875 0.60625 0.00875 0.06125
0 0.28125 0.64 0.015 0.06
0 0.10125 0.5975 0.0075 0.05125
0 0.08625 0.595 0.01625 0.0575
0 0.12125 0.60375 0.02125 0.06625
0 0.535 0.63 0.01875 0.04625
0 0.51625 0.62375 0.015 0.05375
0 0.5 0.625 0.0125 0.05375
0 0.47625 0.6225 0.02 0.05875
0 0.94375 0.58625 0.035 0.06125
0 0.9175 0.58625 0.01625 0.06
0 0.92875 0.67625 0.04125 0.07625