0 0.855 0.24 0.03875 0.0825
0 0.32 0.94125 0.0425 0.1125
0 0.7275 0.235 0.06375 0.09375
0 0.8475 0.8125 0.025 0.09375
0 0.8175 0.8175 0.02125 0.1025
0 0.79 0.81625 0.03125 0.09875
0 0.7925 0.23625 0.06125 0.09625
0 0.6075 0.67 0.1175 0.0425
0 0.215 0.92625 0.15625 0.12625
0 0.4775 0.24875 0.06375 0.07875
0 0.59375 0.2325 0.065 0.0975
0 0.53625 0.235 0.04125 0.0975
0 0.42125 0.2475 0.03875 0.08125
0 0.38625 0.2475 0.02125 0.08625
0 0.35875 0.24625 0.02625 0.09125
0 0.3275 0.24375 0.03 0.09375
0 0.29625 0.23375 0.02875 0.12125
0 0.2625 0.3125 0.0325 0.13125
0 0.66 0.23125 0.06375 0.1
0 0.22375 0.32125 0.04 0.12125
0 0.365 0.07375 0.0475 0.13375
0 0.15625 0.32125 0.02625 0.12
0 0.61875 0.42125 0.0275 0.12875
0 0.655 0.41875 0.03125 0.125
0 0.69375 0.4225 0.0425 0.1325
0 0.73125 0.41875 0.02125 0.12875
0 0.76375 0.42 0.0325 0.12875
0 0.80375 0.42 0.04375 0.1275
0 0.85 0.41875 0.04375 0.12625
0 0.17875 0.6525 0.02625 0.0875
0 0.205 0.6525 0.02125 0.0875
0 0.225 0.64875 0.01625 0.08
0 0.25125 0.64375 0.025 0.09125
0 0.365 0.94125 0.04625 0.10625
0 0.41625 0.945 0.05125 0.11
0 0.46875 0.94 0.045 0.10625
0 0.51875 0.94375 0.0475 0.1125
0 0.56625 0.945 0.0375 0.09625
0 0.62 0.94625 0.0525 0.10625
0 0.67625 0.93875 0.05375 0.0975
0 0.7325 0.94375 0.0475 0.105
0 0.785 0.94125 0.04625 0.10625
0 0.8325 0.945 0.04125 0.10625
0 0.58625 0.41875 0.0325 0.1275
0 0.5525 0.4225 0.0325 0.11875
0 0.49625 0.42125 0.0275 0.12375
0 0.465 0.41875 0.0325 0.12
0 0.13375 0.32125 0.0125 0.11875
0 0.84875 0.06875 0.0475 0.125
0 0.78125 0.0675 0.04625 0.135
0 0.71875 0.0725 0.05 0.13125
0 0.6575 0.0675 0.06 0.135
0 0.59625 0.07375 0.0525 0.11875
0 0.5425 0.08875 0.045 0.1
0 0.4975 0.0875 0.04 0.09875
0 0.4625 0.08125 0.02875 0.11125
0 0.42 0.0725 0.0475 0.145
0 0.1875 0.32 0.0275 0.12625
0 0.3 0.065 0.05125 0.13
0 0.175 0.48625 0.03 0.12125
0 0.2075 0.48625 0.0275 0.12625
0 0.24125 0.48375 0.0375 0.12
0 0.275 0.485 0.02375 0.1225
0 0.305 0.4875 0.0325 0.1275
0 0.3425 0.4125 0.035 0.115
0 0.38 0.41875 0.015 0.12125
0 0.39875 0.41875 0.0225 0.11875
0 0.4175 0.41875 0.0125 0.11125
0 0.43625 0.42125 0.02 0.11375
0 0.145 0.48125 0.0175 0.1075
0 0.52375 0.42125 0.0225 0.11625
0 0.6075 0.815 0.02 0.1
0 0.27625 0.645 0.02 0.09625
0 0.49 0.565 0.025 0.11875
0 0.5225 0.56625 0.03125 0.12
0 0.55125 0.56375 0.02625 0.11
0 0.59125 0.56625 0.03375 0.10875
0 0.65875 0.57625 0.03125 0.1225
0 0.6975 0.57125 0.04 0.125
0 0.735 0.56875 0.03125 0.12125
0 0.77125 0.5675 0.035 0.1125
0 0.17375 0.79375 0.0425 0.1125
0 0.755 0.82 0.03 0.10125
0 0.72125 0.815 0.03125 0.09375
0 0.68625 0.815 0.02625 0.09375
0 0.4625 0.56125 0.02 0.115
0 0.635 0.81625 0.0325 0.0975
0 0.5825 0.8125 0.02375 0.095
0 0.555 0.81375 0.0275 0.1025
0 0.52875 0.81 0.025 0.09875
0 0.50375 0.81375 0.01875 0.09625
0 0.27875 0.7975 0.0325 0.07
0 0.31125 0.8175 0.02375 0.0875
0 0.3375 0.81375 0.0225 0.0925
0 0.36625 0.81625 0.02875 0.095
0 0.39875 0.815 0.0325 0.09625
0 0.4375 0.81125 0.03125 0.08875
0 0.14375 0.065 0.035 0.11875
0 0.2 0.06375 0.04 0.1225
0 0.24125 0.79 0.0125 0.075
0 0.4375 0.55625 0.02625 0.105
0 0.47625 0.81125 0.02625 0.0925
0 0.37375 0.57 0.02875 0.115
0 0.405 0.565 0.0275 0.1075
0 0.31 0.69875 0.03 0.08
0 0.34125 0.69625 0.03125 0.08375
0 0.37875 0.69 0.02875 0.085
0 0.40625 0.67875 0.02375 0.1
0 0.43375 0.6875 0.02125 0.115
0 0.4625 0.69 0.03125 0.0975
0 0.53125 0.68125 0.02875 0.10625
0 0.60375 0.71875 0.08875 0.0275
0 0.7075 0.7225 0.0975 0.03125
0 0.7675 0.68875 0.0225 0.105
0 0.7975 0.6875 0.02125 0.0975
0 0.49625 0.69 0.0325 0.09875
0 0.34 0.57125 0.0325 0.10125
0 0.85 0.6825 0.02125 0.09875
0 0.8225 0.68625 0.0275 0.09625
0 0.85625 0.56875 0.0225 0.1125
0 0.82375 0.57 0.03875 0.1075
0 0.24125 0.0625 0.03375 0.125