0 0.82875 0.79125 0.025 0.04625
0 0.69625 0.7875 0.025 0.0475
0 0.86 0.78375 0.02625 0.0625
0 0.76875 0.78 0.01875 0.03875
0 0.7475 0.78875 0.015 0.04625
0 0.725 0.79125 0.0225 0.0475
0 0.6675 0.78125 0.025 0.05
0 0.255 0.795 0.0525 0.05625
0 0.615 0.78625 0.0275 0.0525
0 0.58375 0.78375 0.02875 0.05375
0 0.5475 0.78375 0.025 0.055
0 0.21 0.77625 0.01875 0.035
0 0.15 0.79125 0.0425 0.0475
0 0.8 0.79 0.0275 0.0475
0 0.64375 0.7725 0.01375 0.03625
0 0.84625 0.71125 0.05 0.0475
0 0.58375 0.64375 0.04625 0.04875
0 0.74125 0.7125 0.0475 0.05125
0 0.4725 0.645 0.0475 0.05
0 0.3 0.78875 0.03 0.06
0 0.5325 0.64375 0.0525 0.0475
0 0.63375 0.6425 0.0475 0.045
0 0.6875 0.64125 0.05 0.0475
0 0.74125 0.6425 0.0475 0.0475
0 0.7925 0.71125 0.04875 0.04875
0 0.14625 0.715 0.04125 0.05125
0 0.25125 0.72125 0.05125 0.05125
0 0.415 0.71625 0.05 0.0575
0 0.47125 0.71375 0.05375 0.05125
0 0.58625 0.71375 0.04875 0.05125
0 0.6375 0.7125 0.0475 0.04625
0 0.68875 0.71125 0.04625 0.0475
0 0.195 0.72 0.05125 0.05
0 0.33625 0.78875 0.03 0.06
0 0.2425 0.19875 0.02875 0.04875
0 0.40625 0.785 0.03 0.06
0 0.79875 0.87625 0.02625 0.06
0 0.83125 0.87375 0.02875 0.0675
0 0.86125 0.875 0.02625 0.0675
0 0.5075 0.1775 0.04625 0.105
0 0.4525 0.17875 0.06 0.0925
0 0.4025 0.2025 0.02625 0.0525
0 0.77125 0.87625 0.02625 0.06
0 0.36375 0.19875 0.0325 0.0525
0 0.3275 0.2 0.0325 0.05125
0 0.28625 0.2 0.035 0.05125
0 0.245 0.1425 0.035 0.05625
0 0.2075 0.13875 0.03125 0.0525
0 0.2075 0.195 0.03125 0.05
0 0.41875 0.64625 0.04875 0.055
0 0.325 0.14125 0.0325 0.05375
0 0.37375 0.78625 0.03 0.06
0 0.73625 0.8675 0.0275 0.07125
0 0.6725 0.8725 0.02125 0.06375
0 0.445 0.79 0.03 0.06
0 0.47625 0.79125 0.03 0.06
0 0.51375 0.79 0.03 0.06
0 0.17125 0.8975 0.04875 0.03625
0 0.22875 0.885 0.0475 0.04875
0 0.14375 0.8475 0.0375 0.035
0 0.70375 0.86875 0.02625 0.06875
0 0.285 0.8825 0.0575 0.055
0 0.45625 0.89875 0.06125 0.03625
0 0.45625 0.85875 0.0625 0.03625
0 0.505 0.87 0.02625 0.0725
0 0.54125 0.8725 0.0325 0.0775
0 0.60375 0.87125 0.03 0.0675
0 0.64 0.8725 0.0275 0.06375
0 0.3975 0.8825 0.04375 0.0525
0 0.795 0.64375 0.05125 0.04875
0 0.45875 0.3375 0.05125 0.03375
0 0.685 0.5725 0.05 0.0475
0 0.6325 0.335 0.05 0.03375
0 0.62875 0.29875 0.0475 0.02875
0 0.6325 0.2725 0.0425 0.01375
0 0.70375 0.3225 0.08375 0.0525
0 0.77625 0.33875 0.0525 0.0325
0 0.765 0.3025 0.0325 0.03
0 0.5825 0.26625 0.05 0.0175
0 0.8375 0.32125 0.06625 0.0675
0 0.765 0.41375 0.05625 0.0675
0 0.68 0.41375 0.10875 0.07
0 0.5875 0.43125 0.04625 0.03125
0 0.5875 0.39875 0.04 0.02625
0 0.14375 0.4125 0.03625 0.06
0 0.20375 0.41375 0.05375 0.055
0 0.8425 0.40875 0.06 0.07375
0 0.27875 0.42 0.05125 0.0475
0 0.575 0.29625 0.05375 0.03125
0 0.515 0.33625 0.0525 0.03375
0 0.8225 0.20625 0.02625 0.055
0 0.85875 0.20875 0.03125 0.05375
0 0.14125 0.2825 0.02625 0.03375
0 0.225 0.27125 0.05375 0.04375
0 0.20125 0.3225 0.0425 0.04625
0 0.25625 0.32125 0.05125 0.05
0 0.57375 0.3375 0.05625 0.04
0 0.315 0.3225 0.05625 0.0525
0 0.3875 0.31875 0.08 0.065
0 0.16375 0.1875 0.04625 0.0725
0 0.46 0.30375 0.045 0.02
0 0.45375 0.27125 0.0525 0.02125
0 0.51625 0.3 0.05375 0.03125
0 0.51375 0.27 0.05 0.01875
0 0.32875 0.26375 0.04625 0.0275
0 0.36125 0.40875 0.09375 0.06875
0 0.44375 0.40875 0.055 0.06875
0 0.50875 0.40875 0.06625 0.07125
0 0.345 0.64 0.05625 0.04875
0 0.41625 0.57625 0.045 0.045
0 0.745 0.19625 0.05125 0.07
0 0.69 0.195 0.0475 0.07
0 0.7475 0.1225 0.05 0.06875
0 0.6925 0.1225 0.04875 0.0675
0 0.255 0.64375 0.05125 0.05
0 0.64 0.1175 0.05125 0.0775
0 0.5925 0.17625 0.03125 0.10875
0 0.555 0.175 0.03125 0.1125
0 0.4675 0.575 0.05 0.05
0 0.5225 0.57375 0.05 0.05375
0 0.57875 0.57125 0.05 0.055
0 0.63 0.5725 0.04625 0.05125
0 0.63625 0.195 0.05 0.06875
0 0.2 0.645 0.04875 0.045
0 0.3225 0.57375 0.05375 0.04875
0 0.26625 0.5725 0.04875 0.0475
0 0.1525 0.5 0.05375 0.04875
0 0.20875 0.50375 0.05 0.04875
0 0.2825 0.49625 0.08125 0.0625
0 0.355 0.5125 0.05125 0.02875
0 0.355 0.47375 0.05375 0.03375
0 0.44375 0.495 0.1075 0.0625
0 0.5375 0.49 0.06125 0.05875
0 0.6025 0.505 0.0625 0.03375
0 0.685 0.51 0.05125 0.03625
0 0.74375 0.5 0.055 0.0575
0 0.835 0.495 0.07625 0.06625
0 0.85125 0.57125 0.04625 0.05375
0 0.85 0.645 0.0475 0.05
0 0.155 0.57375 0.0475 0.0525
0 0.21125 0.57375 0.05125 0.05375
0 0.74 0.5725 0.04875 0.0475
0 0.79125 0.15125 0.03125 0.05625
0 0.7875 0.2075 0.02625 0.05