0 0.55 0.675 0.03875 0.0725
0 0.41375 0.66875 0.03625 0.05
0 0.5075 0.6775 0.035 0.0775
0 0.46 0.67375 0.0425 0.06875
0 0.37375 0.6675 0.03875 0.04875
0 0.60875 0.13 0.0425 0.08875
0 0.295 0.67125 0.03125 0.055
0 0.16625 0.4025 0.05875 0.0825
0 0.21875 0.39625 0.03375 0.08875
0 0.2575 0.33375 0.03625 0.07375
0 0.31125 0.33875 0.03875 0.08375
0 0.3925 0.34 0.04375 0.0825
0 0.4325 0.33625 0.0325 0.08625
0 0.475 0.35125 0.03375 0.06375
0 0.51625 0.35 0.0325 0.0675
0 0.55625 0.34875 0.04 0.0725
0 0.60375 0.35125 0.0425 0.07375
0 0.5525 0.24875 0.03875 0.0625
0 0.65125 0.34875 0.04875 0.0775
0 0.72875 0.1375 0.035 0.09
0 0.78 0.1525 0.04875 0.06375
0 0.845 0.1575 0.05875 0.07125
0 0.83125 0.36875 0.02125 0.0475
0 0.81 0.3675 0.01875 0.04625
0 0.74 0.325 0.0325 0.0125
0 0.775 0.32625 0.03 0.01125
0 0.775 0.3425 0.0325 0.00625
0 0.74 0.3425 0.035 0.01
0 0.74 0.355 0.03375 0.00875
0 0.6675 0.145 0.04375 0.0825
0 0.77875 0.355 0.03375 0.01125
0 0.51375 0.2375 0.035 0.07
0 0.445 0.23125 0.03125 0.095
0 0.8625 0.26375 0.025 0.05125
0 0.82125 0.26625 0.0375 0.06
0 0.78 0.26125 0.02625 0.0575
0 0.74875 0.2625 0.0325 0.06
0 0.695 0.24875 0.04625 0.0775
0 0.64375 0.24875 0.0425 0.06375
0 0.59875 0.2475 0.04375 0.0625
0 0.195 0.22625 0.07 0.12125
0 0.15375 0.115 0.02875 0.06625
0 0.2175 0.11125 0.035 0.0675
0 0.47875 0.2425 0.025 0.065
0 0.25 0.12 0.02125 0.06125
0 0.3375 0.11875 0.04625 0.0775
0 0.3825 0.13 0.03375 0.06625
0 0.4325 0.12625 0.04875 0.0675
0 0.52125 0.125 0.03875 0.08875
0 0.5625 0.125 0.03375 0.0875
0 0.2525 0.22875 0.0275 0.0725
0 0.285 0.22625 0.03 0.08625
0 0.32125 0.22 0.03125 0.0925
0 0.3625 0.2275 0.03625 0.085
0 0.40625 0.23125 0.03875 0.08625
0 0.28625 0.11625 0.0325 0.0725
0 0.73875 0.36875 0.03625 0.01
0 0.7775 0.36875 0.03125 0.01125
0 0.73875 0.38125 0.03 0.01125
0 0.855 0.59625 0.03375 0.02375
0 0.7725 0.56875 0.01875 0.01
0 0.73875 0.56625 0.0375 0.01875
0 0.73625 0.6 0.0375 0.02875
0 0.7725 0.6375 0.0325 0.0225
0 0.80875 0.64 0.0375 0.02375
0 0.81 0.66625 0.02875 0.02125
0 0.78125 0.6775 0.025 0.025
0 0.865 0.685 0.02 0.05
0 0.73875 0.67125 0.02375 0.075
0 0.85375 0.56625 0.0325 0.02
0 0.70625 0.6775 0.03625 0.07375
0 0.62 0.57375 0.04 0.07
0 0.57 0.58625 0.0375 0.065
0 0.5375 0.5675 0.02125 0.06125
0 0.50375 0.58375 0.0425 0.0625
0 0.45875 0.57375 0.02375 0.08125
0 0.42625 0.585 0.03375 0.07875
0 0.395 0.57125 0.0175 0.07
0 0.3625 0.5725 0.03875 0.08125
0 0.31875 0.5625 0.03625 0.075
0 0.27375 0.5775 0.035 0.085
0 0.6725 0.57375 0.04625 0.085
0 0.79375 0.58625 0.0275 0.025
0 0.79125 0.5525 0.03375 0.02
0 0.735 0.53375 0.035 0.025
0 0.775 0.3825 0.0325 0.00875
0 0.8525 0.42375 0.04 0.0225
0 0.855 0.445 0.035 0.01375
0 0.8575 0.47375 0.02375 0.01875
0 0.78625 0.43375 0.03875 0.01375
0 0.8125 0.45125 0.03625 0.01125
0 0.82625 0.46875 0.03625 0.00875
0 0.83125 0.48125 0.03125 0.0125
0 0.79875 0.4825 0.03375 0.01125
0 0.795 0.49875 0.04 0.01125
0 0.74625 0.48125 0.03875 0.01625
0 0.74875 0.49625 0.04125 0.01
0 0.68125 0.45625 0.03625 0.085
0 0.64 0.46 0.03875 0.08125
0 0.5975 0.46375 0.04625 0.0725
0 0.5525 0.46125 0.0325 0.07375
0 0.51375 0.4575 0.03375 0.0775
0 0.475 0.465 0.0375 0.07875
0 0.43375 0.4625 0.04375 0.07375
0 0.3675 0.465 0.035 0.07
0 0.40125 0.46375 0.01875 0.0675
0 0.335 0.465 0.02125 0.0675
0 0.3 0.4575 0.04 0.0875
0 0.33375 0.67125 0.035 0.05125
0 0.5975 0.6825 0.03875 0.0875
0 0.35 0.335 0.02875 0.0875
0 0.62625 0.665 0.01375 0.06125
0 0.3325 0.77625 0.03125 0.02625
0 0.36 0.7725 0.01625 0.03125
0 0.34625 0.82 0.0275 0.0375
0 0.675 0.76875 0.03375 0.0525
0 0.63125 0.7675 0.035 0.065
0 0.595 0.76625 0.02625 0.0525
0 0.56125 0.77375 0.035 0.05875
0 0.525 0.76875 0.02625 0.05125
0 0.49875 0.79375 0.02125 0.065
0 0.42 0.76625 0.03625 0.01625
0 0.445 0.78875 0.0175 0.025
0 0.4675 0.815 0.02125 0.03875
0 0.42375 0.82 0.035 0.03375
0 0.39125 0.775 0.02125 0.04125
0 0.3825 0.82125 0.02875 0.02875
0 0.30125 0.79125 0.025 0.03375
0 0.28875 0.84 0.03125 0.0475
0 0.655 0.68125 0.0375 0.08
0 0.2225 0.80375 0.025 0.0625
0 0.7525 0.98 0.13125 0.04
0 0.77625 0.79 0.03625 0.04
0 0.85875 0.80625 0.03 0.02625
0 0.24875 0.6625 0.0325 0.06375
0 0.21125 0.66375 0.03125 0.06375
0 0.1675 0.68 0.03375 0.08125
0 0.14 0.6775 0.01625 0.0825
0 0.14875 0.5525 0.03875 0.1075
0 0.255 0.85 0.0275 0.0825
0 0.19125 0.56125 0.04 0.08125
0 0.23375 0.55 0.0325 0.10375
0 0.74375 0.89125 0.125 0.1275
0 0.61625 0.965 0.1025 0.07
0 0.1925 0.8025 0.025 0.0625
0 0.15875 0.805 0.035 0.06375
0 0.32875 0.96 0.1525 0.08
0 0.47125 0.94375 0.0725 0.11