0 0.53625 0.62375 0.01875 0.05875
0 0.70375 0.5325 0.03 0.06875
0 0.55875 0.62125 0.01875 0.06
0 0.6775 0.205 0.025 0.03375
0 0.64875 0.20375 0.02625 0.03125
0 0.6175 0.20375 0.025 0.035
0 0.58625 0.2 0.03 0.045
0 0.55 0.21 0.035 0.02625
0 0.4975 0.625 0.015 0.05875
0 0.48625 0.2 0.025 0.0475
0 0.455 0.1975 0.02875 0.045
0 0.42625 0.2075 0.0225 0.02875
0 0.3875 0.2125 0.0375 0.01375
0 0.38875 0.1925 0.04125 0.0225
0 0.34625 0.21375 0.03625 0.01375
0 0.3025 0.20875 0.0375 0.0175
0 0.2575 0.20875 0.04125 0.02375
0 0.3 0.18 0.0375 0.035
0 0.47875 0.62625 0.01625 0.0525
0 0.46 0.63125 0.01375 0.05
0 0.44125 0.62875 0.01625 0.0475
0 0.4125 0.6325 0.025 0.04375
0 0.38625 0.63375 0.0225 0.04625
0 0.3575 0.625 0.03125 0.05875
0 0.30375 0.62375 0.06375 0.0575
0 0.24875 0.64 0.02125 0.04
0 0.22625 0.64 0.0125 0.04
0 0.77125 0.54625 0.01875 0.03625
0 0.745 0.5475 0.02625 0.03875
0 0.515 0.62625 0.01375 0.05625
0 0.51625 0.19875 0.02625 0.04625
0 0.70875 0.2025 0.02875 0.035
0 0.6025 0.61875 0.0425 0.05875
0 0.29875 0.3975 0.05125 0.01625
0 0.2975 0.37375 0.045 0.0225
0 0.35 0.37125 0.04875 0.02375
0 0.35125 0.39625 0.0475 0.01625
0 0.38875 0.395 0.01875 0.01875
0 0.41125 0.395 0.01375 0.0175
0 0.4325 0.34875 0.04875 0.02125
0 0.445 0.3725 0.0425 0.0225
0 0.44375 0.395 0.0425 0.01625
0 0.49375 0.37375 0.045 0.0225
0 0.49375 0.395 0.045 0.0175
0 0.3325 0.2975 0.0225 0.02125
0 0.54125 0.39625 0.04375 0.0175
0 0.24625 0.4 0.04875 0.01375
0 0.61875 0.35 0.03625 0.035
0 0.665 0.36 0.045 0.02875
0 0.6625 0.38875 0.045 0.02375
0 0.71875 0.36 0.04875 0.02625
0 0.71625 0.3875 0.0525 0.02375
0 0.7575 0.375 0.02375 0.045
0 0.23625 0.46125 0.0325 0.0275
0 0.23625 0.48875 0.03375 0.02125
0 0.26875 0.4625 0.02 0.04625
0 0.2925 0.46 0.02375 0.0475
0 0.31875 0.46 0.02125 0.04875
0 0.3425 0.46 0.0175 0.0525
0 0.3675 0.455 0.02375 0.05375
0 0.395 0.455 0.0225 0.06
0 0.61875 0.3875 0.03625 0.03125
0 0.245 0.3825 0.0475 0.01375
0 0.24625 0.3625 0.0475 0.0175
0 0.765 0.30625 0.03 0.01375
0 0.3675 0.27 0.0425 0.03
0 0.3675 0.2975 0.0425 0.02
0 0.41625 0.2975 0.0425 0.02125
0 0.4625 0.27 0.0425 0.03
0 0.465 0.29875 0.04375 0.0175
0 0.55 0.295 0.0325 0.02875
0 0.5825 0.295 0.02625 0.02625
0 0.6225 0.275 0.045 0.025
0 0.67875 0.2725 0.04375 0.025
0 0.725 0.2825 0.03875 0.02
0 0.3325 0.27875 0.0225 0.01
0 0.30875 0.27625 0.01875 0.01125
0 0.3325 0.26625 0.02 0.01125
0 0.2325 0.30125 0.025 0.04125
0 0.76625 0.1925 0.02875 0.06375
0 0.7725 0.825 0.0175 0.065
0 0.7475 0.8225 0.0275 0.0575
0 0.70375 0.815 0.03375 0.0725
0 0.67 0.8425 0.03125 0.02125
0 0.66875 0.8125 0.0325 0.03125
0 0.62625 0.8325 0.04375 0.045
0 0.5825 0.825 0.0375 0.0625
0 0.54375 0.83375 0.02875 0.05
0 0.62875 0.29875 0.04875 0.01875
0 0.6775 0.29875 0.0425 0.01875
0 0.7225 0.30125 0.03875 0.0125
0 0.76375 0.275 0.0325 0.01125
0 0.765 0.29125 0.02875 0.01125
0 0.25625 0.1775 0.04375 0.035
0 0.4275 0.4575 0.03875 0.05375
0 0.46625 0.45625 0.035 0.05375
0 0.545 0.37125 0.0475 0.02375
0 0.56 0.455 0.03 0.05625
0 0.42625 0.8425 0.01375 0.04375
0 0.4075 0.84375 0.015 0.04875
0 0.51125 0.4575 0.03625 0.05125
0 0.37125 0.8375 0.01375 0.0625
0 0.3525 0.83625 0.0175 0.05625
0 0.33375 0.83625 0.01625 0.0625
0 0.31375 0.8275 0.0175 0.07
0 0.28375 0.83875 0.03 0.0625
0 0.735 0.20625 0.02125 0.0275
0 0.24125 0.8325 0.04125 0.07875
0 0.77125 0.71875 0.01875 0.05
0 0.74125 0.7075 0.035 0.065
0 0.7025 0.70375 0.035 0.0525
0 0.44125 0.8375 0.015 0.05375
0 0.665 0.70375 0.03375 0.05375
0 0.59375 0.7025 0.03125 0.055
0 0.5575 0.70375 0.03 0.05625
0 0.52125 0.7075 0.03375 0.05625
0 0.4525 0.70625 0.03 0.055
0 0.41625 0.7075 0.035 0.05875
0 0.3775 0.70875 0.0375 0.05625
0 0.335 0.7075 0.035 0.05625
0 0.29625 0.71125 0.035 0.06
0 0.2525 0.71375 0.04375 0.06125
0 0.7725 0.62375 0.015 0.04875
0 0.75 0.62625 0.02 0.045
0 0.69375 0.61875 0.0375 0.05875
0 0.65 0.61875 0.04375 0.05875
0 0.63 0.7025 0.03 0.05625
0 0.4575 0.83625 0.01375 0.05375
0 0.38875 0.83625 0.01375 0.0625
0 0.51375 0.82625 0.0275 0.07
0 0.3975 0.5425 0.0225 0.05625
0 0.37125 0.5425 0.025 0.05375
0 0.34375 0.54375 0.02375 0.05625
0 0.30125 0.56 0.04625 0.0275
0 0.4825 0.83625 0.02875 0.05375
0 0.3075 0.52625 0.0425 0.03
0 0.24625 0.57625 0.03625 0.02375
0 0.245 0.5425 0.04625 0.02875
0 0.74375 0.4525 0.06 0.055
0 0.42375 0.54125 0.025 0.055
0 0.70125 0.46625 0.0125 0.025
0 0.6575 0.4675 0.02125 0.02625
0 0.6375 0.46875 0.0175 0.025
0 0.68125 0.4425 0.02125 0.0175
0 0.6575 0.4425 0.01875 0.0225
0 0.635 0.4425 0.0175 0.01875
0 0.60375 0.4725 0.0325 0.01875
0 0.60625 0.4575 0.03625 0.0075
0 0.60625 0.4475 0.03625 0.0075
0 0.605 0.43625 0.0375 0.01
0 0.68125 0.46875 0.0175 0.025
0 0.45 0.54 0.02375 0.055
0 0.30875 0.29625 0.0175 0.0225
0 0.50625 0.53875 0.03 0.0625
0 0.54125 0.535 0.03 0.0675
0 0.5775 0.53375 0.0325 0.06375
0 0.6125 0.535 0.02625 0.065
0 0.4775 0.54125 0.0225 0.05625
0 0.6425 0.535 0.0275 0.0675
0 0.6725 0.53375 0.025 0.0675