0 0.2025 0.7 0.0275 0.055
0 0.1725 0.7 0.03 0.05625
0 0.23125 0.7 0.03125 0.05625
0 0.26375 0.69875 0.0325 0.0525
0 0.2925 0.7 0.02375 0.05
0 0.3225 0.69875 0.03125 0.04625
0 0.455 0.7025 0.03125 0.04
0 0.38625 0.7 0.02875 0.045
0 0.42 0.7025 0.03625 0.04
0 0.59 0.7025 0.0325 0.03875
0 0.4875 0.70125 0.03375 0.04375
0 0.5225 0.70125 0.035 0.04375
0 0.1425 0.7025 0.02875 0.05125
0 0.55625 0.7025 0.03125 0.04
0 0.355 0.70125 0.0325 0.045
0 0.11375 0.70375 0.02875 0.05375
0 0.44375 0.6025 0.03125 0.0475
0 0.0475 0.69625 0.0375 0.065
0 0.62375 0.7025 0.03125 0.04
0 0.3175 0.59375 0.03375 0.0625
0 0.3525 0.5925 0.0325 0.07375
0 0.39 0.60125 0.02375 0.05
0 0.41375 0.60625 0.02125 0.0375
0 0.4775 0.59125 0.035 0.06875
0 0.51125 0.59 0.03375 0.06625
0 0.0825 0.70625 0.03125 0.0475
0 0.545 0.6025 0.03125 0.04375
0 0.60625 0.60125 0.02625 0.0525
0 0.6325 0.60375 0.0275 0.04875
0 0.69 0.6025 0.03 0.04625
0 0.72125 0.60125 0.03125 0.04375
0 0.75125 0.59875 0.0275 0.05
0 0.78625 0.5925 0.03625 0.07125
0 0.01375 0.70125 0.0275 0.055
0 0.575 0.5975 0.03 0.05125
0 0.6575 0.70125 0.03625 0.04125
0 0.87625 0.78875 0.05 0.0675
0 0.72 0.6975 0.02125 0.0475
0 0.5625 0.7975 0.0325 0.0625
0 0.5925 0.805 0.02875 0.05
0 0.6225 0.80375 0.02875 0.0525
0 0.65125 0.805 0.03 0.05
0 0.67875 0.80375 0.02375 0.04875
0 0.70625 0.805 0.025 0.045
0 0.74 0.79625 0.04 0.06375
0 0.53125 0.8 0.03 0.06375
0 0.77625 0.79625 0.035 0.06375
0 0.93 0.79 0.05625 0.065
0 0.97875 0.79 0.04125 0.07
0 0.03625 0.155 0.0225 0.0425
0 0.05875 0.1575 0.02375 0.05
0 0.095 0.15875 0.04375 0.0625
0 0.13875 0.16125 0.0425 0.05375
0 0.28375 0.60375 0.02375 0.05
0 0.8225 0.79125 0.05625 0.0725
0 0.69125 0.68875 0.03375 0.06625
0 0.5 0.805 0.03125 0.05125
0 0.44625 0.8075 0.025 0.04
0 0.74875 0.7 0.03375 0.05
0 0.7825 0.69875 0.03375 0.0475
0 0.85 0.6925 0.0925 0.01625
0 0.85 0.71125 0.09125 0.01875
0 0.9425 0.69125 0.08625 0.0225
0 0.9425 0.71125 0.09 0.0175
0 0.01 0.8 0.02 0.06125
0 0.47 0.8025 0.0225 0.05
0 0.0425 0.8 0.04375 0.05875
0 0.1475 0.79625 0.05125 0.06875
0 0.20125 0.7975 0.04125 0.06625
0 0.26125 0.80625 0.05375 0.04125
0 0.3225 0.80125 0.05875 0.05625
0 0.3675 0.79875 0.02875 0.0625
0 0.3975 0.8075 0.0275 0.04375
0 0.4225 0.80875 0.0225 0.04
0 0.09625 0.7975 0.04875 0.05875
0 0.25625 0.6 0.0275 0.055
0 0.66125 0.60125 0.02625 0.04625
0 0.18875 0.59875 0.03125 0.0625
0 0.8825 0.4175 0.0975 0.025
0 0.9675 0.39125 0.06375 0.025
0 0.9675 0.41625 0.065 0.025
0 0.9525 0.35875 0.09 0.0225
0 0.87125 0.495 0.11 0.04625
0 0.96375 0.5025 0.0725 0.02875
0 0.96375 0.47375 0.07125 0.0275
0 0.02625 0.3625 0.045 0.0675
0 0.8825 0.39125 0.0975 0.025
0 0.06625 0.37375 0.02875 0.04875
0 0.13375 0.36625 0.0325 0.06375
0 0.17375 0.36375 0.04 0.0675
0 0.2075 0.37 0.02625 0.05625
0 0.27875 0.3725 0.03 0.04625
0 0.3125 0.3725 0.0325 0.04625
0 0.3425 0.365 0.02875 0.05875
0 0.3775 0.37625 0.0325 0.04375
0 0.40875 0.3725 0.025 0.04875
0 0.09875 0.37125 0.0325 0.05875
0 0.9 0.29875 0.1125 0.0475
0 0.82875 0.23875 0.02375 0.0575
0 0.8 0.2375 0.0325 0.05875
0 0.2225 0.5975 0.035 0.05875
0 0.02375 0.22625 0.04625 0.095
0 0.07 0.235 0.04375 0.0775
0 0.11625 0.23375 0.0475 0.07375
0 0.1625 0.23 0.04375 0.0825
0 0.21375 0.235 0.04625 0.07625
0 0.26 0.22625 0.0425 0.09375
0 0.31 0.23375 0.0425 0.0675
0 0.35625 0.2225 0.045 0.09
0 0.40875 0.215 0.05 0.1025
0 0.45625 0.23625 0.0425 0.06375
0 0.415 0.14375 0.0675 0.0375
0 0.505 0.22 0.0475 0.09375
0 0.55 0.22875 0.04 0.0725
0 0.59 0.2375 0.0375 0.05625
0 0.63125 0.2325 0.0425 0.06625
0 0.6775 0.22625 0.04375 0.07875
0 0.7275 0.2225 0.04875 0.0925
0 0.7675 0.24125 0.02625 0.05125
0 0.4375 0.37375 0.02875 0.04125
0 0.4675 0.36875 0.03 0.05
0 0.24625 0.3725 0.035 0.04875
0 0.535 0.37375 0.02875 0.04
0 0.5225 0.47875 0.045 0.07625
0 0.56 0.4975 0.025 0.045
0 0.585 0.4975 0.02125 0.03875
0 0.6125 0.4925 0.02625 0.05875
0 0.64 0.4925 0.02875 0.05625
0 0.6725 0.49125 0.035 0.05375
0 0.71 0.49 0.03 0.05375
0 0.74 0.49 0.03 0.05375
0 0.77 0.49 0.02875 0.0525
0 0.79875 0.49 0.02625 0.0525
0 0.865 0.55625 0.10625 0.02625
0 0.865 0.58375 0.105 0.02375
0 0.95875 0.58375 0.08125 0.02125
0 0.025 0.605 0.0325 0.05625
0 0.05875 0.6025 0.03375 0.06125
0 0.09375 0.6025 0.0275 0.05625
0 0.1225 0.6 0.02875 0.0625
0 0.1575 0.60375 0.03125 0.0525
0 0.5 0.37375 0.0275 0.03875
0 0.48125 0.49125 0.03625 0.05375
0 0.4475 0.49125 0.03 0.055
0 0.96 0.555 0.07875 0.03
0 0.37 0.49125 0.035 0.06
0 0.5675 0.36375 0.03625 0.0625
0 0.41 0.485 0.0375 0.06625
0 0.645 0.3625 0.03625 0.05375
0 0.68125 0.36625 0.03 0.055
0 0.71375 0.3675 0.03375 0.05125
0 0.60625 0.36 0.04 0.05875
0 0.78125 0.35875 0.035 0.06125
0 0.81625 0.36 0.035 0.06375
0 0.01 0.495 0.02 0.06625
0 0.7475 0.36375 0.03 0.0525
0 0.06875 0.49625 0.03125 0.05625
0 0.1 0.5 0.03 0.04875
0 0.135 0.495 0.035 0.05625
0 0.16875 0.49625 0.0325 0.05625
0 0.20875 0.48875 0.04375 0.06625
0 0.24625 0.49375 0.03125 0.05625
0 0.28 0.49625 0.0275 0.0525
0 0.0375 0.49875 0.03 0.06
0 0.30625 0.49875 0.02625 0.04625
0 0.33625 0.49875 0.03 0.04625