0 0.57125 0.60125 0.0225 0.065
0 0.50875 0.2175 0.0325 0.05
0 0.42125 0.31875 0.0275 0.065
0 0.36875 0.3225 0.07375 0.05
0 0.29375 0.32125 0.0625 0.0525
0 0.235 0.30125 0.0325 0.09
0 0.74875 0.22875 0.03 0.0325
0 0.71375 0.22875 0.0375 0.03625
0 0.68125 0.205 0.025 0.07875
0 0.6525 0.215 0.0275 0.05875
0 0.62125 0.21375 0.0275 0.05625
0 0.59375 0.2125 0.02125 0.05875
0 0.57 0.20625 0.0225 0.075
0 0.54125 0.21875 0.0275 0.0525
0 0.4725 0.215 0.02875 0.055
0 0.44 0.21375 0.03 0.04375
0 0.40125 0.19375 0.02375 0.0925
0 0.3775 0.19375 0.0225 0.08875
0 0.3475 0.1925 0.03375 0.09125
0 0.45375 0.32 0.03375 0.05875
0 0.3025 0.1825 0.04875 0.1075
0 0.4875 0.3175 0.02 0.075
0 0.56 0.28625 0.05125 0.0425
0 0.44125 0.42625 0.0625 0.05125
0 0.77 0.645 0.015 0.03375
0 0.5125 0.4125 0.0275 0.08
0 0.5425 0.4225 0.0225 0.0625
0 0.60375 0.44 0.03375 0.03
0 0.60375 0.40625 0.0325 0.03375
0 0.6375 0.415 0.02625 0.08125
0 0.665 0.415 0.02625 0.0825
0 0.69375 0.425 0.02125 0.06625
0 0.73375 0.45625 0.05625 0.05625
0 0.74375 0.39 0.05125 0.06875
0 0.735 0.31875 0.02875 0.07
0 0.7025 0.31375 0.03125 0.08125
0 0.66875 0.3175 0.03375 0.075
0 0.63875 0.31875 0.02125 0.06875
0 0.61 0.32 0.03375 0.0675
0 0.56 0.33125 0.05625 0.04375
0 0.515 0.33125 0.02875 0.0425
0 0.2975 0.4275 0.06625 0.05
0 0.2625 0.20125 0.02625 0.06875
0 0.6075 0.69875 0.02375 0.03125
0 0.49625 0.78625 0.02125 0.03
0 0.52625 0.7825 0.0275 0.0275
0 0.56125 0.77625 0.0375 0.05
0 0.6 0.77625 0.02875 0.04875
0 0.64625 0.77125 0.03125 0.04625
0 0.68125 0.7725 0.03125 0.0525
0 0.4225 0.8475 0.035 0.025
0 0.42625 0.8675 0.03 0.00875
0 0.4575 0.8475 0.02625 0.0225
0 0.4575 0.86875 0.02625 0.01125
0 0.4925 0.85 0.035 0.035
0 0.545 0.84875 0.02375 0.02875
0 0.56875 0.85 0.01625 0.0325
0 0.59 0.85 0.02125 0.02875
0 0.6125 0.85125 0.01875 0.03125
0 0.6375 0.8475 0.025 0.02
0 0.66625 0.85125 0.02875 0.02
0 0.46875 0.7875 0.0275 0.03
0 0.58 0.69625 0.025 0.035
0 0.44 0.78625 0.02875 0.03
0 0.38375 0.78875 0.0175 0.03625
0 0.635 0.6975 0.02625 0.0325
0 0.66375 0.69625 0.02375 0.03125
0 0.765 0.74125 0.0325 0.02875
0 0.76375 0.71125 0.03375 0.025
0 0.73375 0.71375 0.0175 0.03
0 0.77625 0.67375 0.00875 0.015
0 0.6925 0.695 0.0275 0.035
0 0.2525 0.725 0.065 0.04125
0 0.26375 0.75875 0.08375 0.02
0 0.24 0.8225 0.03125 0.0575
0 0.27625 0.865 0.02875 0.04
0 0.30875 0.86 0.03125 0.03375
0 0.34625 0.855 0.035 0.03875
0 0.3825 0.84875 0.02625 0.03375
0 0.3 0.795 0.03125 0.0325
0 0.33 0.79625 0.02375 0.03125
0 0.3575 0.795 0.025 0.03125
0 0.41125 0.79 0.025 0.0325
0 0.37 0.4275 0.07 0.05
0 0.48625 0.42 0.02125 0.07
0 0.28625 0.5175 0.0225 0.0675
0 0.39 0.5025 0.03375 0.03125
0 0.355 0.5325 0.03125 0.03125
0 0.3275 0.51625 0.02 0.0625
0 0.30875 0.5175 0.015 0.06625
0 0.62625 0.6 0.02875 0.06625
0 0.6575 0.60125 0.03 0.06375
0 0.23375 0.65 0.02875 0.06375
0 0.39 0.53375 0.03375 0.02875
0 0.26625 0.6525 0.03125 0.05875
0 0.32625 0.69625 0.01625 0.05
0 0.3475 0.68875 0.01875 0.0575
0 0.38125 0.6925 0.045 0.04375
0 0.4225 0.68375 0.03125 0.0575
0 0.45375 0.68625 0.02625 0.0575
0 0.47875 0.6875 0.0225 0.055
0 0.505 0.685 0.02625 0.06
0 0.3 0.70375 0.02875 0.04
0 0.5525 0.68875 0.02125 0.0525
0 0.42375 0.5325 0.03 0.03125
0 0.49 0.535 0.0325 0.03
0 0.54625 0.6025 0.025 0.06375
0 0.52 0.6 0.0225 0.06
0 0.49375 0.6025 0.0225 0.065
0 0.46875 0.6025 0.02375 0.065
0 0.4275 0.6075 0.05375 0.05375
0 0.36375 0.61 0.06625 0.05
0 0.715 0.6625 0.05 0.025
0 0.4525 0.51875 0.0225 0.0575
0 0.71625 0.63625 0.04625 0.0225
0 0.72125 0.5825 0.05375 0.025
0 0.72375 0.555 0.055 0.0225
0 0.725 0.52375 0.05625 0.03375
0 0.67625 0.53125 0.03375 0.03125
0 0.63 0.53125 0.05625 0.0325
0 0.59 0.51625 0.0175 0.0625
0 0.5225 0.53375 0.02875 0.03125
0 0.71375 0.60875 0.055 0.025
0 0.24 0.41875 0.03875 0.09625
0 0.76125 0.67125 0.01375 0.015
0 0.5975 0.60125 0.02625 0.065