0 0.82625 0.83 0.0425 0.06125
0 0.24 0.725 0.0225 0.06125
0 0.215 0.72375 0.0275 0.0625
0 0.18125 0.72125 0.045 0.07125
0 0.78125 0.835 0.03875 0.0625
0 0.64375 0.7025 0.0325 0.0975
0 0.7 0.82875 0.02875 0.11
0 0.6475 0.46375 0.02375 0.105
0 0.2825 0.6875 0.0425 0.05375
0 0.57625 0.46375 0.035 0.1175
0 0.73125 0.82125 0.03 0.10125
0 0.615 0.4675 0.0375 0.11
0 0.50125 0.7025 0.03125 0.09625
0 0.31875 0.70875 0.0275 0.09
0 0.365 0.7175 0.05 0.06125
0 0.41625 0.72 0.05125 0.05625
0 0.46875 0.705 0.03 0.09625
0 0.5325 0.4625 0.0375 0.11375
0 0.53625 0.705 0.03 0.1025
0 0.57 0.70125 0.0425 0.1025
0 0.455 0.46375 0.04125 0.10375
0 0.41375 0.47875 0.025 0.06375
0 0.39125 0.4775 0.01875 0.065
0 0.68 0.46375 0.04 0.105
0 0.28 0.7325 0.0475 0.03875
0 0.49625 0.46625 0.03625 0.105
0 0.7675 0.595 0.0325 0.08875
0 0.835 0.595 0.035 0.0825
0 0.6075 0.8275 0.03125 0.1075
0 0.58125 0.82625 0.0225 0.09875
0 0.54125 0.82625 0.055 0.1
0 0.495 0.83125 0.035 0.1
0 0.45625 0.82875 0.0275 0.0975
0 0.42125 0.83 0.03125 0.11875
0 0.38 0.81875 0.035 0.1125
0 0.345 0.81125 0.02625 0.07125
0 0.30375 0.83125 0.04875 0.0775
0 0.24625 0.845 0.06125 0.08
0 0.2 0.8225 0.025 0.08875
0 0.865 0.5925 0.01875 0.0875
0 0.16875 0.82125 0.03625 0.0925
0 0.70375 0.59375 0.03 0.10375
0 0.6775 0.595 0.02 0.1025
0 0.85375 0.70375 0.035 0.1
0 0.8225 0.70375 0.0225 0.1
0 0.79625 0.7025 0.0275 0.1025
0 0.76625 0.69625 0.03 0.09875
0 0.7125 0.4625 0.02125 0.10625
0 0.7375 0.70125 0.02625 0.09375
0 0.635 0.82625 0.0225 0.09375
0 0.67125 0.8325 0.03375 0.0975
0 0.8 0.59375 0.0325 0.085
0 0.73375 0.5925 0.03 0.10125
0 0.7425 0.45875 0.03625 0.1125
0 0.77375 0.46125 0.03 0.11125
0 0.805 0.46 0.03125 0.09625
0 0.39375 0.34375 0.0275 0.07625
0 0.42125 0.3425 0.025 0.07625
0 0.44875 0.33875 0.03875 0.08
0 0.4875 0.3325 0.035 0.1075
0 0.52125 0.34125 0.0325 0.085
0 0.565 0.3375 0.0425 0.11
0 0.6025 0.33375 0.0275 0.10625
0 0.6375 0.33 0.0425 0.115
0 0.15125 0.60875 0.03875 0.06625
0 0.19125 0.60875 0.0375 0.065
0 0.245 0.605 0.0675 0.06375
0 0.31625 0.6125 0.07 0.0575
0 0.3675 0.615 0.02875 0.05375
0 0.4025 0.60875 0.04 0.06625
0 0.3625 0.34125 0.03375 0.08
0 0.44 0.59 0.03 0.1025
0 0.54125 0.59125 0.02875 0.10375
0 0.36625 0.4825 0.02125 0.06625
0 0.34625 0.485 0.015 0.06125
0 0.3175 0.44625 0.03875 0.09375
0 0.28 0.4925 0.0275 0.05
0 0.255 0.4975 0.0225 0.04
0 0.2025 0.50125 0.025 0.02125
0 0.2325 0.475 0.0225 0.0675
0 0.20625 0.47125 0.025 0.03125
0 0.16625 0.47375 0.04 0.07625
0 0.64375 0.59125 0.035 0.1
0 0.61 0.59 0.02625 0.10125
0 0.575 0.59375 0.03625 0.1
0 0.6075 0.7 0.03125 0.10125
0 0.47375 0.5925 0.03375 0.0975
0 0.6775 0.7075 0.0275 0.10625
0 0.3325 0.3425 0.02625 0.08125
0 0.2775 0.34 0.03 0.08625
0 0.8475 0.47 0.03625 0.10375
0 0.71875 0.3325 0.02625 0.10375
0 0.76375 0.34375 0.03375 0.08875
0 0.82375 0.34125 0.03 0.08625
0 0.85625 0.33875 0.0375 0.1
0 0.6625 0.21625 0.01625 0.08
0 0.68 0.21625 0.01625 0.08
0 0.70125 0.21375 0.01875 0.0825
0 0.7275 0.23625 0.02375 0.0425
0 0.70875 0.7025 0.03 0.0975
0 0.7975 0.20875 0.035 0.09375
0 0.84375 0.23625 0.04625 0.05375
0 0.1525 0.19375 0.03375 0.11375
0 0.18125 0.19 0.02125 0.115
0 0.30625 0.3375 0.025 0.09125
0 0.2075 0.215 0.0275 0.07125
0 0.27 0.19125 0.04125 0.1125
0 0.31 0.1975 0.03 0.10875
0 0.3825 0.2 0.02875 0.10625
0 0.41 0.2 0.0225 0.10875
0 0.43125 0.2 0.01875 0.11
0 0.47375 0.21125 0.05625 0.07
0 0.51375 0.20625 0.025 0.08125
0 0.53875 0.22125 0.01875 0.08375
0 0.565 0.2325 0.03125 0.06125
0 0.6 0.2125 0.03 0.09375
0 0.6325 0.21125 0.03375 0.09625
0 0.15625 0.34375 0.03375 0.065
0 0.18875 0.3375 0.02875 0.0775
0 0.2475 0.34375 0.02625 0.08
0 0.23875 0.2 0.0225 0.09625
0 0.76 0.21125 0.04 0.09375
0 0.3475 0.20125 0.035 0.10625