0 0.51625 0.58375 0.03625 0.10125
0 0.5625 0.58125 0.04625 0.1075
0 0.60625 0.58125 0.04 0.1125
0 0.65 0.585 0.03375 0.09125
0 0.8425 0.55375 0.04875 0.085
0 0.74125 0.55625 0.02875 0.06875
0 0.76875 0.55 0.0225 0.0875
0 0.69125 0.5475 0.02625 0.08875
0 0.65375 0.52625 0.03 0.0225
0 0.79875 0.55 0.02625 0.09375
0 0.715 0.5475 0.01875 0.0725
0 0.1725 0.68875 0.04125 0.10875
0 0.64375 0.855 0.03375 0.08125
0 0.24875 0.6975 0.03875 0.09625
0 0.77375 0.78625 0.02625 0.08
0 0.74375 0.79125 0.025 0.065
0 0.71625 0.7875 0.02375 0.06625
0 0.68625 0.78625 0.0275 0.065
0 0.25875 0.28375 0.01875 0.09125
0 0.60875 0.835 0.03125 0.09
0 0.57125 0.8325 0.03625 0.09625
0 0.7425 0.66625 0.025 0.06875
0 0.77125 0.67125 0.0225 0.05875
0 0.79625 0.67125 0.02125 0.065
0 0.8 0.7875 0.02375 0.0725
0 0.825 0.66875 0.02375 0.07
0 0.87 0.67875 0.00875 0.05125
0 0.1425 0.82 0.03375 0.0975
0 0.1775 0.82125 0.02875 0.0875
0 0.21125 0.82375 0.03375 0.0875
0 0.24125 0.82625 0.025 0.08875
0 0.28 0.82875 0.04125 0.08875
0 0.32625 0.82875 0.04125 0.09375
0 0.36875 0.82625 0.04375 0.1
0 0.41375 0.8325 0.0375 0.095
0 0.4525 0.835 0.0375 0.09125
0 0.85 0.6725 0.0225 0.0625
0 0.21 0.6925 0.025 0.09625
0 0.8275 0.79 0.0225 0.07
0 0.71625 0.66625 0.0225 0.06375
0 0.29375 0.69875 0.04 0.09875
0 0.33625 0.6975 0.03375 0.09625
0 0.3775 0.7025 0.0375 0.1025
0 0.42 0.7025 0.04 0.10375
0 0.46 0.70625 0.03875 0.09875
0 0.49625 0.70875 0.02875 0.095
0 0.53625 0.68625 0.0275 0.06875
0 0.5675 0.715 0.02875 0.09375
0 0.60625 0.7175 0.035 0.09875
0 0.645 0.71625 0.03375 0.0925
0 0.86 0.79375 0.02875 0.065
0 0.685 0.6625 0.02375 0.065
0 0.21 0.275 0.02375 0.11375
0 0.185 0.27625 0.02375 0.11
0 0.155 0.27625 0.0325 0.11
0 0.13125 0.27625 0.0125 0.1125
0 0.86375 0.8875 0.0225 0.04375
0 0.8325 0.88375 0.02375 0.045
0 0.8 0.88375 0.0275 0.04
0 0.76875 0.8825 0.02875 0.04125
0 0.73375 0.88 0.02625 0.0425
0 0.705 0.8775 0.0275 0.03875
0 0.235 0.27625 0.02125 0.11125
0 0.2825 0.285 0.0175 0.0925
0 0.675 0.87625 0.0225 0.045
0 0.34125 0.27625 0.02375 0.1125
0 0.55875 0.13375 0.0275 0.07375
0 0.605 0.11875 0.04 0.105
0 0.645 0.1175 0.0325 0.10625
0 0.6825 0.125 0.03875 0.095
0 0.75 0.04625 0.02 0.07375
0 0.785 0.04125 0.035 0.075
0 0.82375 0.0575 0.03375 0.08375
0 0.73 0.14875 0.025 0.0875
0 0.76625 0.15 0.0275 0.0825
0 0.8025 0.155 0.03 0.08375
0 0.8425 0.1525 0.0275 0.08
0 0.72625 0.25125 0.0375 0.0825
0 0.76125 0.255 0.02625 0.09
0 0.80875 0.2525 0.03625 0.09
0 0.51875 0.13125 0.05 0.07875
0 0.84 0.25125 0.0225 0.08375
0 0.58 0.4375 0.035 0.1025
0 0.6225 0.44 0.0375 0.1025
0 0.66875 0.4575 0.04625 0.05125
0 0.68875 0.39625 0.04 0.0675
0 0.70125 0.33 0.04125 0.05375
0 0.75375 0.4475 0.0675 0.09375
0 0.83625 0.42 0.045 0.07875
0 0.77875 0.3475 0.04375 0.07375
0 0.1325 0.105 0.015 0.1375
0 0.1625 0.1 0.03875 0.1375
0 0.19625 0.1175 0.025 0.10125
0 0.22125 0.11625 0.0225 0.1125
0 0.2475 0.11 0.0225 0.12625
0 0.27125 0.11125 0.0225 0.12
0 0.8675 0.25 0.01375 0.0825
0 0.455 0.12875 0.0675 0.07625
0 0.3775 0.12 0.0725 0.09125
0 0.30875 0.11875 0.045 0.0975
0 0.3875 0.28875 0.02875 0.09
0 0.4175 0.28375 0.0225 0.10125
0 0.445 0.29125 0.025 0.09125
0 0.475 0.2875 0.02875 0.09875
0 0.50375 0.2925 0.025 0.0925
0 0.55625 0.29875 0.07125 0.08125
0 0.6275 0.29625 0.05875 0.0825
0 0.47875 0.5775 0.03625 0.10375
0 0.4375 0.57625 0.03625 0.09875
0 0.39625 0.57375 0.03875 0.1075
0 0.35375 0.57375 0.0375 0.10375
0 0.315 0.6175 0.035 0.0175
0 0.28 0.615 0.03 0.02
0 0.24625 0.6125 0.03125 0.02375
0 0.20875 0.57875 0.03125 0.025
0 0.21 0.60625 0.0325 0.02375
0 0.17875 0.575 0.0225 0.0825
0 0.54 0.43625 0.03875 0.105
0 0.4975 0.43375 0.04 0.10875
0 0.385 0.44 0.0325 0.09125
0 0.42125 0.4425 0.03 0.08375
0 0.45625 0.44125 0.03125 0.08625
0 0.14125 0.4275 0.0325 0.105
0 0.30875 0.27 0.02875 0.125
0 0.1775 0.43 0.03125 0.1075
0 0.2375 0.44625 0.0275 0.06875
0 0.26875 0.42125 0.02375 0.12625
0 0.29375 0.4425 0.02375 0.0875
0 0.32375 0.44 0.02625 0.08625
0 0.49375 0.83625 0.03875 0.09625
0 0.15125 0.57375 0.0225 0.07375
0 0.20875 0.425 0.025 0.11875
0 0.5325 0.8375 0.03 0.09125