0 0.68 0.4225 0.0325 0.09
0 0.53875 0.52875 0.02125 0.07875
0 0.6275 0.42125 0.03625 0.0875
0 0.59125 0.4225 0.02875 0.08375
0 0.5575 0.425 0.03 0.085
0 0.5225 0.42625 0.02875 0.085
0 0.4875 0.4275 0.0275 0.08375
0 0.4575 0.4275 0.0225 0.08125
0 0.75125 0.41875 0.03625 0.08625
0 0.4325 0.425 0.01625 0.07875
0 0.4075 0.425 0.01875 0.08
0 0.3725 0.425 0.03625 0.0825
0 0.32625 0.425 0.03125 0.0975
0 0.29125 0.42625 0.0225 0.09375
0 0.26125 0.425 0.025 0.09125
0 0.78875 0.41875 0.03125 0.085
0 0.14875 0.5375 0.02625 0.0775
0 0.17875 0.5375 0.02375 0.07875
0 0.20625 0.53875 0.02875 0.07375
0 0.235 0.53875 0.025 0.07
0 0.29 0.5375 0.02375 0.07125
0 0.31625 0.53625 0.02375 0.0675
0 0.34375 0.53875 0.02125 0.06625
0 0.3675 0.53625 0.02 0.07375
0 0.39625 0.535 0.02625 0.0825
0 0.4225 0.53375 0.0225 0.08
0 0.4525 0.5325 0.025 0.07875
0 0.48 0.53 0.0225 0.08
0 0.50875 0.52875 0.0275 0.075
0 0.715 0.42125 0.03125 0.08875
0 0.2625 0.5375 0.0225 0.07125
0 0.73375 0.16375 0.03625 0.09375
0 0.1925 0.42875 0.0275 0.09375
0 0.17875 0.17875 0.03875 0.0925
0 0.14 0.1825 0.03 0.09875
0 0.81 0.0425 0.03125 0.0775
0 0.7725 0.045 0.0325 0.0825
0 0.73375 0.04625 0.03125 0.08875
0 0.6925 0.04625 0.03375 0.08375
0 0.65625 0.04625 0.03125 0.085
0 0.61375 0.0475 0.03375 0.08875
0 0.57625 0.04875 0.03 0.0875
0 0.54 0.04875 0.03 0.0925
0 0.5025 0.04875 0.03125 0.0925
0 0.4675 0.05125 0.02875 0.095
0 0.4275 0.05 0.035 0.0925
0 0.38875 0.05125 0.03 0.0925
0 0.35375 0.0525 0.03 0.09125
0 0.31625 0.05125 0.035 0.1025
0 0.27625 0.055 0.035 0.09375
0 0.24 0.0575 0.03125 0.095
0 0.205 0.06125 0.02625 0.09375
0 0.18125 0.07125 0.015 0.06375
0 0.15375 0.075 0.0325 0.0775
0 0.215 0.17875 0.03125 0.095
0 0.25125 0.1825 0.04 0.10125
0 0.29 0.17875 0.02875 0.0925
0 0.32625 0.17875 0.03125 0.09
0 0.15875 0.43 0.02875 0.09125
0 0.13375 0.42875 0.01375 0.0925
0 0.80375 0.275 0.06625 0.0875
0 0.72625 0.28125 0.06875 0.08625
0 0.65125 0.28375 0.07 0.09125
0 0.57625 0.28875 0.06625 0.0875
0 0.50375 0.29125 0.0725 0.0875
0 0.43 0.29125 0.0725 0.08875
0 0.1375 0.3 0.025 0.09
0 0.81 0.15875 0.0325 0.09375
0 0.22875 0.42875 0.03125 0.09375
0 0.77125 0.15875 0.0325 0.095
0 0.695 0.165 0.0325 0.09
0 0.6575 0.1675 0.03 0.09125
0 0.62 0.1675 0.0325 0.09125
0 0.5775 0.16875 0.0375 0.09875
0 0.54125 0.17125 0.03 0.09625
0 0.505 0.17125 0.035 0.09625
0 0.4675 0.17125 0.0325 0.09375
0 0.43375 0.1725 0.03375 0.095
0 0.3975 0.1775 0.03 0.09375
0 0.36 0.17875 0.02625 0.0875
0 0.56625 0.52875 0.02625 0.0775
0 0.595 0.52875 0.02125 0.0775
0 0.74125 0.62875 0.0275 0.08125
0 0.64875 0.5325 0.02125 0.07125
0 0.23125 0.735 0.05125 0.0625
0 0.2875 0.73125 0.05125 0.05875
0 0.345 0.73 0.05 0.065
0 0.39875 0.73125 0.05 0.0675
0 0.45125 0.7325 0.0475 0.0625
0 0.50375 0.72875 0.05 0.0625
0 0.5575 0.7275 0.05 0.06375
0 0.61 0.7275 0.05125 0.06625
0 0.66375 0.72875 0.04875 0.0675
0 0.71875 0.72625 0.04875 0.06625
0 0.77375 0.72625 0.0525 0.0625
0 0.25375 0.815 0.1575 0.04
0 0.25375 0.86375 0.1525 0.03875
0 0.25875 0.9075 0.14875 0.035
0 0.4075 0.80875 0.145 0.045
0 0.4075 0.85875 0.14375 0.04
0 0.40875 0.90875 0.14 0.045
0 0.5675 0.81375 0.15125 0.04625
0 0.565 0.865 0.1475 0.03875
0 0.56 0.9125 0.145 0.0425
0 0.72625 0.81375 0.15375 0.04375
0 0.72 0.86375 0.15125 0.04
0 0.62375 0.53125 0.0225 0.0725
0 0.1775 0.735 0.05 0.06125
0 0.77375 0.62375 0.02875 0.07625
0 0.71 0.9125 0.1425 0.03875
0 0.68375 0.625 0.01875 0.075
0 0.67625 0.53 0.0225 0.07125
0 0.70375 0.53 0.0225 0.0725
0 0.73 0.53 0.0225 0.07125
0 0.75875 0.53125 0.02375 0.0675
0 0.78625 0.52875 0.02125 0.075
0 0.1425 0.63375 0.01875 0.0725
0 0.17 0.63375 0.01875 0.07875
0 0.71 0.62375 0.0275 0.0775
0 0.2275 0.63625 0.0225 0.07875
0 0.25375 0.635 0.0275 0.0775
0 0.28375 0.635 0.03 0.0825
0 0.315 0.6325 0.02625 0.0775
0 0.19875 0.6375 0.02875 0.08125
0 0.3725 0.62875 0.0225 0.07375
0 0.4 0.63 0.025 0.06875
0 0.4275 0.62875 0.02375 0.0725
0 0.455 0.62625 0.02125 0.06875
0 0.48375 0.6275 0.025 0.06625
0 0.51125 0.625 0.02375 0.0725
0 0.54 0.63 0.02625 0.075
0 0.57 0.62875 0.025 0.07375
0 0.6 0.62625 0.02625 0.07375
0 0.62875 0.62875 0.02375 0.07375
0 0.345 0.63125 0.0225 0.075
0 0.65875 0.62625 0.0275 0.075