0 0.56875 0.80375 0.02125 0.0775
0 0.59375 0.79625 0.0225 0.0725
0 0.615 0.77125 0.015 0.1
0 0.63375 0.76 0.01625 0.09375
0 0.66 0.75375 0.0325 0.09125
0 0.22375 0.36125 0.04625 0.09625
0 0.17875 0.3675 0.0375 0.1025
0 0.14 0.3675 0.03 0.1075
0 0.78625 0.22 0.0275 0.0775
0 0.75375 0.21625 0.02 0.08
0 0.72875 0.21 0.0275 0.0925
0 0.68125 0.20625 0.05875 0.095
0 0.53625 0.21 0.01875 0.0775
0 0.7325 0.09625 0.02125 0.0525
0 0.75875 0.6275 0.01875 0.0375
0 0.71375 0.64625 0.02375 0.035
0 0.6625 0.65125 0.0275 0.055
0 0.6175 0.6675 0.02625 0.05875
0 0.59125 0.66 0.02 0.04
0 0.695 0.75 0.03375 0.0925
0 0.7525 0.72125 0.04 0.10375
0 0.31 0.74875 0.04125 0.0525
0 0.3675 0.74 0.0525 0.06
0 0.42625 0.73125 0.04875 0.06
0 0.50625 0.695 0.04875 0.05
0 0.61875 0.20375 0.04875 0.095
0 0.73375 0.635 0.01375 0.0425
0 0.5475 0.34375 0.0625 0.0825
0 0.3175 0.36 0.0375 0.09625
0 0.57125 0.5075 0.04 0.07
0 0.62125 0.49375 0.03875 0.0775
0 0.6575 0.49125 0.02625 0.075
0 0.6975 0.485 0.03125 0.07375
0 0.72125 0.47875 0.015 0.04125
0 0.76 0.46875 0.04125 0.04375
0 0.48875 0.51875 0.03125 0.0775
0 0.43625 0.5125 0.02375 0.075
0 0.4125 0.525 0.0225 0.08
0 0.34625 0.4625 0.03375 0.035
0 0.385 0.535 0.02625 0.0825
0 0.35125 0.545 0.035 0.08625
0 0.27375 0.36125 0.04875 0.09375
0 0.32 0.52125 0.02 0.0775
0 0.1875 0.5425 0.02125 0.03875
0 0.1575 0.58875 0.02375 0.045
0 0.185 0.5925 0.0225 0.03875
0 0.135 0.57125 0.01875 0.09
0 0.79875 0.33125 0.0525 0.07125
0 0.7475 0.33125 0.025 0.0725
0 0.65625 0.3375 0.03125 0.08375
0 0.5425 0.79625 0.0275 0.105
0 0.4875 0.35125 0.035 0.08875
0 0.43875 0.355 0.035 0.095
0 0.39875 0.35625 0.0375 0.09625
0 0.35875 0.35875 0.0375 0.09625
0 0.2775 0.51625 0.05625 0.12875
0 0.50125 0.79125 0.01375 0.06375
0 0.76875 0.5525 0.015 0.03625
0 0.45125 0.83125 0.02375 0.1025
0 0.575 0.20875 0.0325 0.08375
0 0.5075 0.205 0.035 0.08625
0 0.46875 0.20375 0.03625 0.0925
0 0.48 0.82875 0.02625 0.1025
0 0.3775 0.1975 0.0425 0.09875
0 0.32375 0.1975 0.04625 0.1
0 0.26 0.1975 0.05375 0.0975
0 0.1975 0.1925 0.065 0.105
0 0.14375 0.195 0.03625 0.10125
0 0.79375 0.10125 0.0225 0.05875
0 0.76125 0.1 0.03 0.0575
0 0.68875 0.07875 0.03 0.08125
0 0.65 0.0775 0.015 0.0675
0 0.6225 0.0675 0.035 0.08375
0 0.57625 0.07 0.03125 0.06625
0 0.5325 0.0675 0.02625 0.05625
0 0.5025 0.06 0.03125 0.065
0 0.46375 0.06375 0.02375 0.05125
0 0.4275 0.0425 0.0475 0.085
0 0.36 0.0375 0.04625 0.07375
0 0.31125 0.03625 0.04625 0.07
0 0.25125 0.03 0.06625 0.06
0 0.18125 0.025 0.0725 0.05
0 0.14625 0.7625 0.0425 0.16
0 0.19875 0.74375 0.05375 0.17375
0 0.43 0.2 0.0325 0.09875
0 0.34125 0.65625 0.02125 0.05375
0 0.42 0.80875 0.02 0.045
0 0.395 0.83625 0.0175 0.09
0 0.3725 0.845 0.0175 0.09
0 0.335 0.8925 0.03 0.10875
0 0.3025 0.9025 0.02875 0.11125
0 0.2325 0.9275 0.09875 0.10125
0 0.2575 0.735 0.05625 0.16625
0 0.525 0.51625 0.03625 0.08
0 0.73375 0.55875 0.01375 0.03375
0 0.71375 0.5625 0.01375 0.03625
0 0.69125 0.555 0.01 0.0225
0 0.67875 0.57375 0.01125 0.03875
0 0.1525 0.9575 0.05375 0.085
0 0.64625 0.57375 0.015 0.03125
0 0.665 0.57625 0.01125 0.0375
0 0.36625 0.65125 0.02125 0.05375
0 0.40125 0.63875 0.02 0.0475
0 0.435 0.63 0.02125 0.04875
0 0.4625 0.61375 0.0175 0.035
0 0.4625 0.5125 0.0175 0.075
0 0.50125 0.60375 0.015 0.03375
0 0.52625 0.60625 0.02 0.045
0 0.5575 0.60375 0.01375 0.04625
0 0.58125 0.5875 0.01625 0.03625
0 0.61375 0.57125 0.01375 0.02375
0 0.48125 0.61 0.0175 0.035