0 0.63625 0.24 0.02125 0.0675
0 0.86 0.33875 0.03 0.07375
0 0.7625 0.52125 0.02625 0.08
0 0.73375 0.52125 0.025 0.08375
0 0.70875 0.52375 0.02125 0.07875
0 0.68625 0.52125 0.02 0.08125
0 0.66 0.52125 0.03 0.08125
0 0.63125 0.5225 0.02125 0.08125
0 0.60625 0.52 0.0225 0.07625
0 0.86125 0.4275 0.02625 0.065
0 0.83875 0.43125 0.01375 0.07625
0 0.77125 0.425 0.0225 0.0875
0 0.74625 0.42625 0.025 0.08625
0 0.72125 0.425 0.02 0.0875
0 0.6975 0.425 0.0225 0.08625
0 0.67125 0.42625 0.025 0.0875
0 0.6475 0.42625 0.02 0.08375
0 0.84875 0.52875 0.02125 0.06
0 0.8275 0.53 0.01625 0.06
0 0.595 0.60875 0.02875 0.0725
0 0.62375 0.605 0.02625 0.075
0 0.515 0.3425 0.02625 0.0825
0 0.31125 0.44125 0.0225 0.0875
0 0.3375 0.44375 0.025 0.08125
0 0.365 0.4425 0.025 0.08875
0 0.41375 0.44375 0.02375 0.08125
0 0.44125 0.44375 0.02375 0.08625
0 0.4675 0.4425 0.0225 0.08375
0 0.50625 0.54125 0.03125 0.09375
0 0.49125 0.4425 0.02125 0.0875
0 0.31625 0.545 0.03625 0.09125
0 0.355 0.545 0.02875 0.09375
0 0.385 0.5425 0.0275 0.095
0 0.4475 0.54375 0.03125 0.09125
0 0.70125 0.605 0.02875 0.07625
0 0.67375 0.60375 0.02375 0.07375
0 0.64875 0.605 0.01875 0.0775
0 0.515 0.4425 0.02 0.08375
0 0.3175 0.645 0.02875 0.07125
0 0.34875 0.645 0.02625 0.0725
0 0.37625 0.64125 0.02625 0.075
0 0.51125 0.8125 0.01875 0.05
0 0.61 0.24125 0.02375 0.06625
0 0.65875 0.24 0.0175 0.0675
0 0.68375 0.23875 0.0275 0.07
0 0.86375 0.24625 0.02125 0.06625
0 0.71125 0.24 0.02125 0.07
0 0.7375 0.24 0.025 0.07
0 0.49125 0.8125 0.0175 0.0475
0 0.76375 0.24375 0.02125 0.0675
0 0.605 0.32875 0.03 0.0775
0 0.63625 0.32875 0.025 0.0775
0 0.66375 0.33125 0.0275 0.0775
0 0.69 0.33 0.02 0.075
0 0.715 0.33125 0.02625 0.07875
0 0.73875 0.33 0.0175 0.075
0 0.76875 0.33 0.03125 0.08
0 0.7875 0.2425 0.02625 0.0675
0 0.48625 0.34375 0.02625 0.08375
0 0.46875 0.81625 0.02 0.0475
0 0.425 0.8175 0.02125 0.05
0 0.405 0.64375 0.025 0.0725
0 0.4325 0.6425 0.0225 0.07375
0 0.4575 0.64125 0.02375 0.0725
0 0.48375 0.64 0.025 0.07375
0 0.51 0.64 0.025 0.07625
0 0.33375 0.73625 0.0575 0.09375
0 0.3875 0.72 0.04625 0.06375
0 0.44625 0.8175 0.02 0.04625
0 0.4325 0.7325 0.0375 0.09125
0 0.5075 0.7325 0.03125 0.0875
0 0.3275 0.82375 0.03125 0.05125
0 0.40125 0.82 0.02 0.04875
0 0.625 0.42625 0.02 0.08125
0 0.59625 0.42625 0.0325 0.08125
0 0.355 0.82125 0.01875 0.0475
0 0.3775 0.82125 0.02375 0.04625
0 0.4725 0.7325 0.0375 0.0925
0 0.4225 0.3325 0.02875 0.06375
0 0.39 0.44375 0.0225 0.08625
0 0.515 0.26125 0.025 0.05625
0 0.62625 0.69625 0.02625 0.0775
0 0.59625 0.7 0.0275 0.07625
0 0.75 0.605 0.02375 0.0775
0 0.72625 0.605 0.02 0.0775
0 0.1325 0.2075 0.015 0.05875
0 0.15625 0.20875 0.02875 0.0625
0 0.18375 0.20875 0.0225 0.0575
0 0.65125 0.6975 0.0175 0.0775
0 0.21 0.20875 0.025 0.06125
0 0.14125 0.29125 0.01875 0.07625
0 0.1675 0.29375 0.025 0.07875
0 0.19375 0.2925 0.02625 0.07875
0 0.45625 0.34375 0.03125 0.08125
0 0.245 0.29375 0.02 0.07125
0 0.1425 0.38 0.02125 0.05625
0 0.16625 0.38 0.01875 0.05625
0 0.235 0.20875 0.02 0.06125
0 0.1875 0.38 0.02 0.0525
0 0.67375 0.7 0.02125 0.0725
0 0.7225 0.69875 0.0175 0.07
0 0.86375 0.6175 0.02125 0.07125
0 0.83875 0.61625 0.02125 0.06875
0 0.82 0.61375 0.01375 0.07625
0 0.86 0.69875 0.0275 0.0675
0 0.83625 0.7 0.0175 0.0675
0 0.81375 0.7025 0.02375 0.07
0 0.86 0.7875 0.0225 0.08375
0 0.6975 0.7 0.0225 0.07125
0 0.83125 0.785 0.03 0.07625
0 0.7375 0.7925 0.03875 0.06875
0 0.70375 0.79125 0.0275 0.06625
0 0.67375 0.79625 0.025 0.07
0 0.645 0.79 0.0275 0.08125
0 0.61625 0.79 0.02625 0.0775
0 0.58875 0.7925 0.02375 0.08
0 0.745 0.69875 0.02125 0.06875
0 0.8025 0.7875 0.02125 0.075
0 0.21 0.38 0.02 0.05125
0 0.22 0.295 0.0225 0.075
0 0.2575 0.38 0.0175 0.05375
0 0.48 0.25875 0.0375 0.055
0 0.4275 0.25375 0.0275 0.06
0 0.39875 0.25625 0.025 0.06125
0 0.3675 0.255 0.02875 0.0625
0 0.33375 0.2525 0.03125 0.0575
0 0.30375 0.25125 0.02625 0.05875
0 0.25375 0.8275 0.02625 0.06
0 0.22375 0.83 0.025 0.0525
0 0.195 0.8325 0.02625 0.04375
0 0.1675 0.83125 0.02625 0.0525
0 0.235 0.38 0.025 0.05375
0 0.2675 0.74125 0.01875 0.09125
0 0.2375 0.7425 0.0325 0.0875
0 0.20125 0.74625 0.03375 0.09125
0 0.14 0.83375 0.025 0.05
0 0.13625 0.7475 0.02125 0.09
0 0.14125 0.45875 0.03 0.08375
0 0.17375 0.4575 0.0275 0.08625
0 0.20625 0.45625 0.02875 0.085
0 0.24 0.45625 0.0325 0.0825
0 0.1525 0.55375 0.03 0.08125
0 0.18375 0.555 0.0275 0.08125
0 0.2125 0.555 0.02625 0.08625
0 0.24125 0.55125 0.0275 0.09125
0 0.165 0.745 0.0325 0.0875
0 0.135 0.65 0.02 0.0775
0 0.19 0.6475 0.0275 0.08
0 0.2175 0.64625 0.02375 0.07875
0 0.2475 0.64625 0.03125 0.07875
0 0.16 0.65 0.025 0.08125