0 0.18875 0.2275 0.02875 0.1275
0 0.275 0.22625 0.05125 0.12375
0 0.25125 0.51 0.03625 0.07375
0 0.3275 0.2375 0.0425 0.09
0 0.37625 0.2275 0.0475 0.11625
0 0.42875 0.22375 0.04875 0.12125
0 0.485 0.20375 0.0525 0.1575
0 0.54625 0.2 0.05875 0.16875
0 0.605 0.205 0.055 0.16
0 0.6675 0.19625 0.06 0.17625
0 0.7275 0.19375 0.05 0.17125
0 0.78125 0.19125 0.04875 0.16875
0 0.14875 0.385 0.0325 0.08375
0 0.18125 0.3875 0.03 0.08125
0 0.225 0.3875 0.04125 0.06875
0 0.2275 0.21875 0.03625 0.14375
0 0.27125 0.38875 0.045 0.07375
0 0.41375 0.38875 0.0425 0.08625
0 0.4575 0.38125 0.035 0.10125
0 0.4925 0.38 0.0275 0.0975
0 0.53375 0.375 0.04125 0.0975
0 0.58 0.37375 0.045 0.09875
0 0.62625 0.38375 0.04625 0.08
0 0.68125 0.375 0.05375 0.0975
0 0.73875 0.37875 0.055 0.10125
0 0.8 0.3775 0.06 0.10125
0 0.1475 0.5125 0.02625 0.05875
0 0.17625 0.51875 0.025 0.06375
0 0.21375 0.51625 0.03375 0.06125
0 0.345 0.375 0.085 0.10875
0 0.29 0.5075 0.03 0.07625
0 0.71625 0.6875 0.02125 0.045
0 0.42125 0.7 0.01625 0.06375
0 0.33125 0.705 0.03875 0.06125
0 0.3625 0.7 0.01875 0.07
0 0.38375 0.6975 0.01375 0.06375
0 0.4 0.7025 0.01625 0.0675
0 0.33 0.5225 0.04 0.07
0 0.445 0.70375 0.02125 0.05875
0 0.6575 0.7975 0.06125 0.0875
0 0.59875 0.8025 0.04875 0.09125
0 0.51375 0.80125 0.04625 0.0875
0 0.46375 0.8025 0.045 0.0875
0 0.41625 0.80375 0.0425 0.08875
0 0.63625 0.5 0.0275 0.0875
0 0.3625 0.80875 0.06125 0.09
0 0.31375 0.85 0.02625 0.05875
0 0.285 0.8275 0.02375 0.0625
0 0.25125 0.83 0.0325 0.095
0 0.2025 0.835 0.035 0.08375
0 0.605 0.505 0.03125 0.08625
0 0.57125 0.51625 0.03125 0.06875
0 0.5375 0.5025 0.02 0.0725
0 0.51375 0.51375 0.02 0.0725
0 0.49125 0.51125 0.02 0.075
0 0.46875 0.51125 0.01625 0.08
0 0.445 0.51625 0.025 0.07
0 0.39125 0.5125 0.06125 0.0975
0 0.75375 0.70125 0.025 0.06125
0 0.1625 0.8175 0.02625 0.0825
0 0.29625 0.705 0.025 0.06
0 0.78125 0.69875 0.02125 0.0675
0 0.76375 0.78875 0.04 0.07875
0 0.68375 0.5025 0.05125 0.09
0 0.2225 0.7075 0.01375 0.0625
0 0.18625 0.705 0.03875 0.0625
0 0.15125 0.7025 0.02375 0.05875
0 0.79 0.60375 0.02625 0.0725
0 0.7625 0.61 0.02125 0.065
0 0.735 0.60125 0.015 0.0575
0 0.71625 0.6075 0.02375 0.06125
0 0.68 0.5975 0.025 0.05125
0 0.64375 0.60875 0.02875 0.05375
0 0.6125 0.6075 0.02125 0.065
0 0.58 0.6 0.02625 0.05625
0 0.55375 0.60625 0.02 0.06375
0 0.5275 0.60625 0.025 0.0675
0 0.495 0.605 0.02375 0.06625
0 0.4675 0.6075 0.02375 0.0675
0 0.44375 0.6 0.0175 0.05125
0 0.4225 0.59375 0.0175 0.045
0 0.39875 0.59625 0.01625 0.045
0 0.37625 0.59875 0.02375 0.04875
0 0.34875 0.6075 0.02125 0.065
0 0.325 0.6075 0.02 0.0625
0 0.2975 0.61125 0.02125 0.0675
0 0.27125 0.61125 0.02875 0.0675
0 0.1975 0.63375 0.04125 0.0375
0 0.15375 0.61875 0.0375 0.0675
0 0.7925 0.50375 0.0525 0.08375
0 0.7375 0.505 0.05 0.08625
0 0.715 0.79625 0.0475 0.08375
0 0.24625 0.705 0.03 0.06
0 0.27125 0.705 0.01625 0.0625
0 0.52375 0.7125 0.03625 0.04125
0 0.5525 0.70125 0.01125 0.06875
0 0.48875 0.70125 0.0175 0.065
0 0.5725 0.705 0.02 0.0575
0 0.4675 0.705 0.01875 0.05875
0 0.6475 0.69875 0.03125 0.065
0 0.68625 0.6875 0.03625 0.04875
0 0.6075 0.7 0.0425 0.0675