0 0.69375 0.7625 0.03625 0.0275
0 0.77 0.725 0.05 0.08125
0 0.82375 0.72 0.01375 0.0275
0 0.69375 0.73125 0.035 0.0275
0 0.83875 0.72 0.0125 0.02875
0 0.73 0.75375 0.0275 0.03875
0 0.6125 0.61875 0.0475 0.0825
0 0.85625 0.72 0.01625 0.0275
0 0.81875 0.75125 0.0125 0.025
0 0.83375 0.75125 0.01375 0.02625
0 0.85125 0.75125 0.015 0.02625
0 0.81375 0.7825 0.01375 0.02625
0 0.83 0.7825 0.015 0.025
0 0.84875 0.7825 0.01625 0.025
0 0.1375 0.81125 0.025 0.0725
0 0.16 0.8125 0.0175 0.07125
0 0.1775 0.815 0.01125 0.02
0 0.19125 0.815 0.01125 0.02
0 0.20375 0.815 0.01125 0.02
0 0.6625 0.7775 0.0175 0.025
0 0.64375 0.7775 0.015 0.025
0 0.63125 0.74875 0.01625 0.02625
0 0.665 0.75 0.0175 0.02375
0 0.66375 0.62 0.05125 0.08875
0 0.71125 0.645 0.03625 0.04875
0 0.75 0.645 0.03625 0.0475
0 0.79125 0.64625 0.04125 0.04375
0 0.83375 0.6475 0.03875 0.0425
0 0.1525 0.71625 0.055 0.08125
0 0.22 0.70125 0.0525 0.065
0 0.3275 0.74625 0.03875 0.03375
0 0.51125 0.61875 0.04625 0.08625
0 0.46125 0.61375 0.0475 0.0875
0 0.41125 0.615 0.04875 0.085
0 0.62875 0.77625 0.0125 0.025
0 0.365 0.6025 0.04 0.08375
0 0.37125 0.7525 0.04 0.0275
0 0.37125 0.72 0.03875 0.02875
0 0.425 0.72625 0.06 0.08125
0 0.48875 0.725 0.065 0.08375
0 0.5475 0.71125 0.0425 0.07
0 0.595 0.71875 0.04625 0.08125
0 0.6325 0.7175 0.01625 0.02875
0 0.6475 0.71875 0.0125 0.03
0 0.665 0.71875 0.01875 0.03125
0 0.56125 0.61875 0.05 0.08
0 0.6475 0.74875 0.0125 0.025
0 0.21625 0.815 0.01125 0.02
0 0.23 0.81375 0.01125 0.02
0 0.19625 0.875 0.01125 0.01875
0 0.2575 0.825 0.01125 0.02
0 0.2975 0.85875 0.01125 0.01625
0 0.24625 0.87625 0.01 0.01875
0 0.25875 0.8775 0.01 0.01875
0 0.27 0.8775 0.01 0.01875
0 0.2825 0.87875 0.01 0.01875
0 0.2975 0.88 0.01 0.01875
0 0.3475 0.8625 0.0475 0.04625
0 0.3975 0.83875 0.03875 0.025
0 0.3975 0.865 0.03875 0.02625
0 0.43875 0.83875 0.0375 0.02875
0 0.4375 0.86625 0.03875 0.02375
0 0.48 0.84 0.04 0.02625
0 0.48 0.86875 0.04125 0.025
0 0.5275 0.845 0.045 0.0775
0 0.575 0.845 0.04625 0.0775
0 0.62375 0.8475 0.045 0.08125
0 0.675 0.8475 0.05 0.07875
0 0.735 0.84875 0.06375 0.0825
0 0.8125 0.8425 0.07 0.025
0 0.81125 0.86875 0.06875 0.02375
0 0.80875 0.895 0.06625 0.0225
0 0.28375 0.8575 0.01125 0.01625
0 0.27125 0.8575 0.01125 0.015
0 0.2575 0.85875 0.01125 0.015
0 0.245 0.85875 0.01125 0.015
0 0.27125 0.825 0.01125 0.02
0 0.28625 0.825 0.01125 0.02
0 0.3 0.82375 0.01125 0.02
0 0.17875 0.83625 0.01125 0.01875
0 0.20375 0.83625 0.01125 0.01875
0 0.19125 0.83625 0.01125 0.01875
0 0.2175 0.83625 0.01125 0.0175
0 0.23 0.83625 0.01125 0.01875
0 0.18 0.855 0.01125 0.0175
0 0.1925 0.855 0.01125 0.0175
0 0.245 0.825 0.01125 0.02
0 0.205 0.85625 0.01125 0.01875
0 0.23 0.85625 0.01125 0.0175
0 0.1825 0.875 0.01125 0.0175
0 0.29875 0.61625 0.06875 0.08625
0 0.20875 0.8775 0.01125 0.01875
0 0.2225 0.87625 0.01125 0.0175
0 0.235 0.87625 0.01125 0.0175
0 0.2575 0.8425 0.01125 0.01125
0 0.27 0.8425 0.01125 0.0125
0 0.285 0.8425 0.01125 0.0125
0 0.29875 0.84125 0.01125 0.01125
0 0.21625 0.855 0.01125 0.01875
0 0.23 0.615 0.06625 0.08375
0 0.245 0.84125 0.01125 0.0125
0 0.1775 0.61 0.0375 0.0275
0 0.45875 0.25125 0.03875 0.0825
0 0.50125 0.25125 0.04 0.0825
0 0.545 0.25125 0.0425 0.08125
0 0.5925 0.25125 0.045 0.08
0 0.66875 0.255 0.04 0.07625
0 0.70375 0.2525 0.02625 0.0825
0 0.41875 0.25375 0.035 0.075
0 0.74 0.25125 0.04375 0.08
0 0.84375 0.24625 0.04375 0.1
0 0.145 0.37375 0.035 0.09625
0 0.18125 0.37125 0.02625 0.09
0 0.21 0.3725 0.025 0.09625
0 0.24125 0.37375 0.0325 0.095
0 0.275 0.37125 0.02875 0.1
0 0.79625 0.24625 0.04875 0.0975
0 0.30625 0.37 0.0275 0.09375
0 0.3825 0.25375 0.0325 0.075
0 0.31625 0.255 0.0375 0.07125
0 0.17625 0.64125 0.0375 0.03
0 0.19 0.0875 0.0625 0.13375
0 0.2625 0.0875 0.07 0.13375
0 0.335 0.08875 0.065 0.12375
0 0.40625 0.09 0.07125 0.13
0 0.48 0.09125 0.06875 0.12875
0 0.35125 0.25625 0.02375 0.07
0 0.55125 0.0875 0.07 0.13
0 0.6975 0.08875 0.0675 0.13625
0 0.7725 0.0875 0.07625 0.1375
0 0.1375 0.245 0.025 0.08875
0 0.1675 0.2475 0.0325 0.08375
0 0.20625 0.24875 0.04375 0.0875
0 0.255 0.25 0.0475 0.08125
0 0.62375 0.0875 0.0675 0.1325
0 0.3375 0.37625 0.03125 0.09
0 0.845 0.085 0.05875 0.13875
0 0.40375 0.37375 0.03 0.09625
0 0.33125 0.49875 0.04875 0.09375
0 0.385 0.4975 0.055 0.09375
0 0.4575 0.52 0.0275 0.055
0 0.48875 0.51875 0.03125 0.0525
0 0.52125 0.5175 0.03125 0.05375
0 0.56875 0.49 0.05 0.03125
0 0.56 0.52375 0.0425 0.03
0 0.64375 0.49125 0.0475 0.02875
0 0.68625 0.475 0.03375 0.02625
0 0.66 0.53125 0.05 0.03125
0 0.71125 0.5325 0.04875 0.03375
0 0.7525 0.52875 0.03 0.0275
0 0.79625 0.5325 0.05 0.03
0 0.7875 0.49125 0.05 0.03125
0 0.8525 0.51625 0.04375 0.06875
0 0.14 0.61 0.03 0.0275
0 0.37125 0.37625 0.03 0.08875
0 0.27875 0.5 0.05 0.0925
0 0.2275 0.49875 0.0475 0.0925
0 0.60625 0.52375 0.04375 0.0275
0 0.775 0.375 0.0425 0.1
0 0.43375 0.37375 0.02625 0.09625
0 0.14 0.63875 0.03 0.02625
0 0.465 0.375 0.03125 0.1
0 0.4975 0.37375 0.02875 0.09875
0 0.53125 0.375 0.0325 0.09875
0 0.56875 0.3775 0.0375 0.0975
0 0.1775 0.4975 0.05 0.09125
0 0.81625 0.37375 0.03375 0.10125
0 0.61 0.375 0.04125 0.0975
0 0.65375 0.375 0.0425 0.095
0 0.695 0.375 0.03625 0.09625
0 0.73375 0.375 0.0375 0.09875