0 0.665 0.3 0.025 0.05375
0 0.20375 0.27375 0.06 0.025
0 0.6375 0.3 0.025 0.05375
0 0.56 0.2425 0.0275 0.0575
0 0.5575 0.3 0.025 0.05375
0 0.33875 0.2925 0.06625 0.06375
0 0.2 0.24375 0.055 0.02875
0 0.4125 0.29375 0.07125 0.06625
0 0.64 0.24125 0.02375 0.05375
0 0.265 0.24875 0.0525 0.02625
0 0.51625 0.29375 0.055 0.0625
0 0.7 0.3 0.03875 0.06375
0 0.2375 0.3975 0.045 0.06625
0 0.79125 0.29875 0.03875 0.06375
0 0.825 0.2925 0.01875 0.075
0 0.855 0.2875 0.03875 0.08375
0 0.1775 0.375 0.0575 0.0525
0 0.1425 0.43 0.03375 0.05125
0 0.1875 0.42875 0.05125 0.05125
0 0.27625 0.40375 0.02 0.05125
0 0.31125 0.38375 0.045 0.09
0 0.20625 0.305 0.06375 0.035
0 0.39125 0.405 0.035 0.055
0 0.43375 0.38625 0.045 0.09375
0 0.74625 0.29 0.04875 0.0825
0 0.61125 0.31125 0.02375 0.0325
0 0.46375 0.1775 0.02625 0.035
0 0.26875 0.27625 0.05125 0.02
0 0.175 0.16875 0.02625 0.045
0 0.21125 0.16875 0.02625 0.0475
0 0.4825 0.38625 0.045 0.095
0 0.2575 0.16375 0.045 0.06125
0 0.31 0.1625 0.05 0.0625
0 0.25625 0.10125 0.05 0.06
0 0.31 0.0975 0.05 0.06
0 0.355 0.15875 0.035 0.07125
0 0.38375 0.17125 0.02 0.04625
0 0.42375 0.15375 0.0525 0.0825
0 0.495 0.14875 0.02875 0.09125
0 0.52625 0.15125 0.02875 0.09125
0 0.58375 0.3125 0.025 0.03125
0 0.5575 0.1525 0.02875 0.09125
0 0.5875 0.15 0.02625 0.03
0 0.62375 0.16 0.0375 0.07375
0 0.66375 0.15875 0.0375 0.07375
0 0.7025 0.1675 0.03375 0.06
0 0.73875 0.16875 0.0325 0.0575
0 0.7675 0.16 0.02375 0.075
0 0.7975 0.16625 0.02875 0.06625
0 0.8275 0.16625 0.025 0.06625
0 0.8575 0.1625 0.0325 0.0775
0 0.14375 0.2925 0.0375 0.05875
0 0.15625 0.2425 0.02625 0.03625
0 0.27 0.305 0.05375 0.03375
0 0.58625 0.18375 0.02625 0.03
0 0.525 0.39625 0.03375 0.07625
0 0.785 0.405 0.0325 0.06375
0 0.6075 0.405 0.02625 0.0575
0 0.61 0.58375 0.05 0.08
0 0.7575 0.58625 0.04125 0.07375
0 0.7975 0.585 0.03625 0.07375
0 0.8575 0.40375 0.035 0.0675
0 0.82 0.405 0.0325 0.06375
0 0.75 0.40125 0.0325 0.0725
0 0.83375 0.58375 0.03 0.06875
0 0.86375 0.58875 0.02125 0.0675
0 0.14625 0.74875 0.0425 0.0525
0 0.19625 0.75 0.05625 0.055
0 0.14875 0.6925 0.0475 0.0525
0 0.205 0.67875 0.03625 0.04375
0 0.2525 0.66625 0.045 0.06125
0 0.30125 0.6675 0.04875 0.06
0 0.4025 0.6675 0.03375 0.05625
0 0.44 0.6725 0.03375 0.05625
0 0.47875 0.67125 0.03375 0.05625
0 0.55125 0.67875 0.03125 0.045
0 0.59125 0.67625 0.03875 0.04875
0 0.6325 0.6775 0.03875 0.04875
0 0.6725 0.68 0.03625 0.0475
0 0.56375 0.58875 0.0375 0.06625
0 0.5175 0.58 0.04875 0.07875
0 0.47125 0.58 0.035 0.0775
0 0.4225 0.58 0.05375 0.07625
0 0.56875 0.38875 0.04625 0.09375
0 0.2425 0.48875 0.03625 0.07125
0 0.28 0.49125 0.03625 0.07125
0 0.315 0.4925 0.0275 0.0575
0 0.35 0.49625 0.0325 0.0575
0 0.38375 0.49875 0.0325 0.0575
0 0.475 0.49875 0.03625 0.05625
0 0.51625 0.4975 0.03625 0.06
0 0.55375 0.4975 0.03375 0.0625
0 0.58875 0.4925 0.0325 0.07125
0 0.7125 0.68125 0.03625 0.0475
0 0.625 0.49125 0.0325 0.07125
0 0.755 0.49 0.03 0.075
0 0.79 0.49625 0.035 0.065
0 0.84125 0.49625 0.03875 0.07
0 0.1425 0.53125 0.035 0.07625
0 0.1925 0.53125 0.05875 0.0775
0 0.1425 0.60875 0.035 0.07125
0 0.19375 0.60875 0.06125 0.07125
0 0.25625 0.57875 0.05875 0.07875
0 0.31875 0.57875 0.05125 0.07625
0 0.3675 0.58 0.0375 0.075
0 0.7225 0.49125 0.03375 0.07625
0 0.74875 0.68625 0.03125 0.03625
0 0.5175 0.6775 0.03125 0.045
0 0.82375 0.69375 0.03625 0.02625
0 0.2575 0.8525 0.045 0.09125
0 0.30875 0.855 0.05 0.08875
0 0.365 0.84125 0.02625 0.0625
0 0.40125 0.85625 0.0425 0.085
0 0.445 0.85 0.03625 0.07875
0 0.77875 0.6775 0.02625 0.035
0 0.5375 0.84 0.045 0.055
0 0.58375 0.8425 0.0425 0.0575
0 0.6775 0.8425 0.02625 0.05625
0 0.70625 0.85125 0.02875 0.06875
0 0.20875 0.85125 0.045 0.09125
0 0.74125 0.86125 0.02875 0.08125
0 0.80375 0.865 0.0275 0.07875
0 0.83875 0.85375 0.03 0.065
0 0.865 0.8525 0.01875 0.0625
0 0.6925 0.4775 0.025 0.03625
0 0.69125 0.52 0.02375 0.0425
0 0.66 0.53375 0.03125 0.04625
0 0.69 0.57875 0.04875 0.0375
0 0.65125 0.59875 0.025 0.04875
0 0.7075 0.395 0.0475 0.0825
0 0.64 0.39125 0.03125 0.0775
0 0.7725 0.86375 0.02875 0.08125
0 0.1625 0.86875 0.04125 0.05
0 0.49125 0.84125 0.04125 0.06
0 0.78875 0.77 0.02625 0.06875
0 0.86 0.6975 0.02875 0.02125
0 0.8625 0.67125 0.02375 0.02625
0 0.23875 0.7575 0.01875 0.0775
0 0.82 0.76375 0.02875 0.07625
0 0.285 0.75625 0.02 0.07625
0 0.31 0.7625 0.0225 0.06375
0 0.3325 0.76 0.02 0.06875
0 0.35625 0.75875 0.02125 0.06
0 0.38 0.7575 0.02125 0.06
0 0.4025 0.75875 0.01875 0.06
0 0.26 0.7575 0.02 0.07625
0 0.52125 0.77125 0.07 0.04875
0 0.4475 0.7325 0.06875 0.025
0 0.57625 0.76 0.04 0.0475
0 0.62 0.775 0.04125 0.0525
0 0.665 0.77625 0.04125 0.0525
0 0.76 0.76625 0.0275 0.06875
0 0.73 0.7625 0.025 0.07875
0 0.7025 0.75875 0.025 0.07875
0 0.44875 0.77375 0.07 0.04875