0 0.2 0.675 0.015 0.09
0 0.1825 0.6725 0.01375 0.09
0 0.1675 0.6725 0.0125 0.0925
0 0.155 0.68375 0.00625 0.11
0 0.14125 0.6825 0.01625 0.11125
0 0.13 0.68375 0.01 0.11375
0 0.6725 0.725 0.055 0.085
0 0.23875 0.72375 0.05125 0.04375
0 0.5575 0.72375 0.0575 0.08625
0 0.5 0.72375 0.055 0.085
0 0.445 0.7225 0.0475 0.09125
0 0.39125 0.72125 0.05 0.09375
0 0.165 0.84875 0.02625 0.05125
0 0.35375 0.685 0.00875 0.11375
0 0.3425 0.68375 0.00875 0.1125
0 0.3325 0.68375 0.00875 0.1125
0 0.32 0.6825 0.01 0.11125
0 0.29125 0.68375 0.04375 0.115
0 0.19375 0.84875 0.025 0.04875
0 0.68875 0.415 0.01125 0.03625
0 0.24875 0.84625 0.02375 0.05625
0 0.805 0.4175 0.01375 0.035
0 0.16875 0.08125 0.08375 0.09125
0 0.23875 0.09625 0.035 0.085
0 0.27875 0.0925 0.0425 0.0975
0 0.325 0.09125 0.04375 0.09375
0 0.3675 0.07875 0.0375 0.125
0 0.41375 0.07125 0.0375 0.1375
0 0.46 0.07375 0.04375 0.14125
0 0.50375 0.0775 0.03625 0.14625
0 0.545 0.07625 0.04 0.14125
0 0.59 0.0775 0.04375 0.14875
0 0.63375 0.08 0.035 0.14375
0 0.67625 0.08 0.03625 0.15
0 0.71875 0.08125 0.03875 0.1475
0 0.75875 0.08375 0.025 0.14375
0 0.8025 0.085 0.04 0.1475
0 0.855 0.0825 0.04 0.15375
0 0.8225 0.41875 0.015 0.03625
0 0.845 0.415 0.02125 0.04
0 0.86625 0.4175 0.01375 0.04
0 0.8475 0.52 0.04 0.045
0 0.43375 0.595 0.03875 0.0425
0 0.39 0.61125 0.04125 0.085
0 0.43375 0.5175 0.03625 0.04375
0 0.22125 0.845 0.02625 0.055
0 0.43875 0.47125 0.04125 0.04125
0 0.46625 0.52375 0.025 0.03
0 0.5425 0.52125 0.03625 0.04
0 0.5025 0.52 0.04125 0.0375
0 0.3875 0.2775 0.02875 0.1725
0 0.50125 0.47375 0.0425 0.0475
0 0.57375 0.525 0.01875 0.03125
0 0.60625 0.49625 0.04 0.08625
0 0.6475 0.51875 0.03875 0.04625
0 0.6775 0.52375 0.01625 0.035
0 0.70875 0.49625 0.03875 0.0825
0 0.775 0.5275 0.0175 0.02875
0 0.7475 0.51625 0.035 0.04625
0 0.80625 0.52 0.0375 0.04375
0 0.54375 0.47625 0.04125 0.04375
0 0.4325 0.6375 0.0325 0.04125
0 0.42125 0.2825 0.0175 0.15125
0 0.4825 0.285 0.02625 0.15375
0 0.4225 0.405 0.01 0.0475
0 0.44 0.4075 0.015 0.045
0 0.4575 0.41 0.015 0.04875
0 0.47125 0.4075 0.01 0.04375
0 0.4875 0.40625 0.015 0.04375
0 0.5025 0.41 0.01 0.04
0 0.51875 0.40875 0.015 0.0375
0 0.53375 0.41 0.01125 0.0375
0 0.55 0.41125 0.01375 0.04
0 0.56375 0.40875 0.01125 0.04125
0 0.58 0.41125 0.01 0.04
0 0.595 0.41125 0.01375 0.0375
0 0.61 0.4125 0.0125 0.0375
0 0.62625 0.41125 0.015 0.03875
0 0.6425 0.4125 0.01 0.03875
0 0.65625 0.41375 0.0125 0.03875
0 0.6725 0.41375 0.015 0.03875
0 0.40875 0.405 0.01 0.04625
0 0.39125 0.405 0.015 0.0475
0 0.37375 0.40625 0.01125 0.0475
0 0.84 0.29375 0.025 0.14625
0 0.51 0.28625 0.02625 0.1425
0 0.53625 0.2925 0.0175 0.14625
0 0.5625 0.28625 0.0275 0.13
0 0.59375 0.29 0.0275 0.14375
0 0.62125 0.28875 0.02 0.14625
0 0.64625 0.28875 0.025 0.1425
0 0.79125 0.4175 0.0125 0.035
0 0.77625 0.41625 0.01375 0.0375
0 0.45125 0.28125 0.03 0.14625
0 0.76375 0.415 0.01 0.03375
0 0.73125 0.41625 0.0125 0.0375
0 0.71625 0.41625 0.01 0.03875
0 0.67125 0.29 0.02875 0.14125
0 0.70375 0.2925 0.03125 0.14375
0 0.73 0.295 0.01375 0.14375
0 0.75625 0.29 0.02625 0.145
0 0.78375 0.295 0.025 0.14375
0 0.8125 0.29375 0.0225 0.145
0 0.7475 0.415 0.015 0.03625
0 0.46 0.64375 0.02 0.03
0 0.39375 0.4925 0.04375 0.085
0 0.53625 0.5975 0.0375 0.0475
0 0.31375 0.97375 0.03625 0.05125
0 0.35125 0.975 0.0325 0.0475
0 0.27125 0.96625 0.0375 0.06625
0 0.235 0.96625 0.03375 0.06375
0 0.2 0.96625 0.0325 0.065
0 0.16625 0.965 0.03 0.06875
0 0.13875 0.96625 0.02625 0.06375
0 0.135 0.86 0.0175 0.06625
0 0.17375 0.21875 0.0675 0.07
0 0.42875 0.97875 0.05875 0.04125
0 0.22875 0.235 0.0325 0.045
0 0.29625 0.235 0.02375 0.05
0 0.325 0.23375 0.02625 0.055
0 0.3575 0.235 0.0275 0.0625
0 0.16125 0.34375 0.065 0.085
0 0.2275 0.3325 0.055 0.10625
0 0.27875 0.34 0.03625 0.095
0 0.33125 0.355 0.06375 0.07375
0 0.15125 0.4575 0.03625 0.09125
0 0.18875 0.48 0.03 0.05375
0 0.265 0.235 0.03625 0.05125
0 0.385 0.97875 0.03 0.04125
0 0.51125 0.9875 0.015 0.02
0 0.49375 0.9875 0.0175 0.0175
0 0.27375 0.8475 0.0225 0.05375
0 0.3 0.85625 0.02625 0.04875
0 0.33 0.85875 0.0275 0.055
0 0.36 0.8575 0.02875 0.0575
0 0.4075 0.8275 0.05875 0.08375
0 0.46375 0.82875 0.05 0.0775
0 0.52125 0.83125 0.05625 0.085
0 0.58125 0.8325 0.05625 0.08125
0 0.64125 0.83375 0.0575 0.0875
0 0.7 0.83375 0.0525 0.09
0 0.755 0.8325 0.0525 0.08125
0 0.80875 0.82625 0.04375 0.075
0 0.85625 0.84875 0.0375 0.055
0 0.75625 0.95125 0.0375 0.03875
0 0.75875 0.9875 0.04 0.025
0 0.71 0.9725 0.05125 0.04875
0 0.6625 0.97375 0.03875 0.04875
0 0.5475 0.97375 0.0525 0.05125
0 0.47875 0.9675 0.0125 0.02
0 0.5 0.9675 0.02125 0.01625
0 0.4725 0.98875 0.02125 0.02125
0 0.2275 0.46875 0.035 0.07
0 0.495 0.6175 0.03875 0.08375
0 0.14375 0.59 0.03375 0.035
0 0.24 0.58875 0.03875 0.03
0 0.535 0.6425 0.035 0.04
0 0.56625 0.62125 0.01875 0.0275
0 0.5625 0.64875 0.02 0.025
0 0.59625 0.62 0.04 0.0775
0 0.63625 0.6375 0.0325 0.04125
0 0.66375 0.64625 0.01875 0.02625
0 0.695 0.61875 0.03625 0.07875
0 0.73625 0.59625 0.0375 0.0375
0 0.73375 0.63875 0.03375 0.04375
0 0.765 0.64375 0.02 0.03
0 0.79 0.605 0.03375 0.04
0 0.83125 0.63 0.0375 0.065
0 0.79375 0.64125 0.02875 0.0275
0 0.19125 0.59 0.05 0.0325
0 0.615 0.72375 0.0575 0.08875
0 0.2875 0.5875 0.04625 0.0325
0 0.34 0.585 0.05125 0.04
0 0.7175 0.7375 0.03 0.06625
0 0.765 0.73625 0.06 0.0675
0 0.81375 0.73875 0.0325 0.05875
0 0.855 0.74375 0.035 0.04
0 0.85375 0.7025 0.04125 0.04
0 0.865 0.6275 0.01875 0.0625
0 0.7025 0.415 0.0125 0.035