0 0.42125 0.1425 0.02 0.0625
0 0.44625 0.13875 0.02375 0.06
0 0.41625 0.605 0.04375 0.0375
0 0.3175 0.75625 0.035 0.05625
0 0.37 0.6575 0.0425 0.0425
0 0.3575 0.74125 0.03875 0.025
0 0.43625 0.68 0.0325 0.0625
0 0.3025 0.63875 0.03125 0.04875
0 0.4825 0.6975 0.05625 0.07375
0 0.39875 0.14875 0.02375 0.0525
0 0.3525 0.71625 0.04375 0.02375
0 0.375 0.155 0.02 0.06
0 0.5275 0.51375 0.05125 0.0325
0 0.3325 0.16375 0.01875 0.05375
0 0.3125 0.1675 0.01875 0.05
0 0.29125 0.175 0.01375 0.05
0 0.275 0.1625 0.0175 0.07125
0 0.47125 0.625 0.035 0.04
0 0.58375 0.51375 0.06 0.04375
0 0.645 0.525 0.0625 0.06125
0 0.71 0.54125 0.065 0.03
0 0.775 0.555 0.06625 0.05125
0 0.8425 0.56125 0.065 0.0375
0 0.32625 0.42375 0.03125 0.03125
0 0.3975 0.43 0.03875 0.03125
0 0.35375 0.16 0.0225 0.05125
0 0.3325 0.64875 0.03 0.06
0 0.4375 0.435 0.03875 0.04
0 0.47875 0.505 0.04375 0.03
0 0.47125 0.37125 0.04125 0.03625
0 0.515 0.37125 0.045 0.0375
0 0.5675 0.37375 0.055 0.04125
0 0.6725 0.37375 0.0725 0.0425
0 0.74375 0.37625 0.06875 0.0475
0 0.81875 0.37375 0.0775 0.05125
0 0.42875 0.37125 0.04125 0.035
0 0.82375 0.28125 0.0775 0.055
0 0.6825 0.28875 0.0625 0.04875
0 0.55875 0.29625 0.05 0.04
0 0.51 0.2975 0.04375 0.0425
0 0.46625 0.30125 0.04 0.03375
0 0.4275 0.30375 0.0375 0.03625
0 0.3875 0.30625 0.04 0.0325
0 0.74875 0.2875 0.0675 0.045
0 0.39 0.36875 0.035 0.03125
0 0.3525 0.3675 0.03625 0.0325
0 0.315 0.36625 0.03375 0.0325
0 0.3275 0.5375 0.03 0.0525
0 0.36125 0.545 0.03625 0.04375
0 0.39875 0.55125 0.0325 0.05625
0 0.44 0.5575 0.045 0.0525
0 0.4725 0.5675 0.01875 0.06625
0 0.5025 0.57375 0.04125 0.0575
0 0.5475 0.58 0.03125 0.05
0 0.57625 0.59 0.02375 0.06875
0 0.48 0.4375 0.0425 0.03625
0 0.5225 0.44125 0.04375 0.04375
0 0.57 0.445 0.05 0.03875
0 0.6175 0.45125 0.0425 0.045
0 0.675 0.45375 0.0725 0.0375
0 0.74375 0.4625 0.06375 0.05375
0 0.8175 0.46625 0.08125 0.045
0 0.35 0.305 0.035 0.03375
0 0.3175 0.31 0.03 0.03125
0 0.28875 0.31 0.02625 0.0325
0 0.28125 0.2425 0.01875 0.0525
0 0.795 0.06375 0.0425 0.08125
0 0.7475 0.07375 0.04625 0.0875
0 0.675 0.0925 0.04875 0.07625
0 0.63125 0.1 0.03375 0.08125
0 0.5975 0.1075 0.0325 0.065
0 0.5625 0.115 0.03125 0.07375
0 0.5325 0.12125 0.0275 0.07125
0 0.50375 0.1275 0.0275 0.05625
0 0.47375 0.13375 0.03125 0.06875
0 0.29625 0.53375 0.02875 0.045
0 0.2975 0.47875 0.03 0.03
0 0.32875 0.4825 0.03 0.0375
0 0.3625 0.49 0.03625 0.0325
0 0.3975 0.49125 0.03375 0.02875
0 0.435 0.49875 0.0425 0.04125
0 0.8425 0.05375 0.04875 0.09625
0 0.53125 0.7175 0.0375 0.04375
0 0.84625 0.17 0.04875 0.08625
0 0.7475 0.18125 0.0475 0.08625
0 0.29875 0.24125 0.01875 0.05
0 0.31875 0.2375 0.02125 0.05625
0 0.3425 0.2375 0.025 0.055
0 0.3625 0.235 0.01125 0.05625
0 0.38125 0.22875 0.0275 0.05625
0 0.40625 0.2275 0.02125 0.0575
0 0.42875 0.22125 0.0225 0.0575
0 0.45125 0.21875 0.0225 0.06375
0 0.47625 0.21875 0.0275 0.06125
0 0.505 0.215 0.0275 0.06875
0 0.53375 0.21125 0.02875 0.06
0 0.565 0.20625 0.03125 0.07
0 0.5925 0.20375 0.02375 0.06625
0 0.6675 0.19125 0.04 0.07875
0 0.70625 0.1875 0.035 0.0725
0 0.79625 0.17625 0.04875 0.075
0 0.585 0.67875 0.0675 0.03
0 0.36 0.4275 0.03375 0.03625
0 0.64875 0.75625 0.055 0.05375
0 0.47375 0.8375 0.06375 0.06625
0 0.41625 0.80125 0.05375 0.07
0 0.365 0.78125 0.04625 0.055
0 0.5975 0.8875 0.0575 0.07875
0 0.64875 0.90625 0.0425 0.08125
0 0.70375 0.9475 0.06875 0.05125
0 0.7875 0.96875 0.09375 0.05125
0 0.84375 0.64625 0.04875 0.06875
0 0.7925 0.6375 0.045 0.0725
0 0.7475 0.62875 0.0425 0.07
0 0.705 0.61625 0.0375 0.07
0 0.53375 0.7975 0.0575 0.04125
0 0.6725 0.61 0.0275 0.075
0 0.5375 0.85875 0.05625 0.08125
0 0.65375 0.69375 0.05875 0.07
0 0.70875 0.775 0.0575 0.0825
0 0.775 0.79625 0.06625 0.0875
0 0.8425 0.8025 0.065 0.09
0 0.58625 0.735 0.06625 0.08
0 0.60375 0.59375 0.0325 0.0625
0 0.64 0.60125 0.035 0.06625