0 0.1425 0.725 0.01875 0.05375
0 0.0375 0.36625 0.07375 0.105
0 0.3975 0.45125 0.04875 0.08875
0 0.22625 0.60625 0.0375 0.0825
0 0.2825 0.5725 0.04625 0.07625
0 0.33125 0.57375 0.0475 0.07625
0 0.38625 0.5825 0.03875 0.05625
0 0.4375 0.57 0.03375 0.05125
0 0.48 0.5875 0.04375 0.05
0 0.525 0.58625 0.04125 0.04625
0 0.57375 0.5825 0.045 0.055
0 0.83 0.21375 0.02875 0.11625
0 0.88625 0.225 0.0625 0.09875
0 0.95 0.21625 0.06125 0.1225
0 0.9425 0.345 0.0675 0.10625
0 0.82625 0.34375 0.08375 0.1025
0 0.88375 0.34375 0.0275 0.10125
0 0.76625 0.3375 0.0325 0.08875
0 0.16125 0.62625 0.07625 0.0975
0 0.7175 0.34875 0.06 0.09375
0 0.0975 0.61 0.04625 0.075
0 0.79 0.2225 0.04625 0.10375
0 0.65875 0.67 0.03125 0.07375
0 0.6225 0.67 0.02875 0.07875
0 0.59125 0.65875 0.02875 0.0575
0 0.5225 0.66125 0.02875 0.06125
0 0.4925 0.66375 0.02875 0.0675
0 0.4625 0.66 0.02875 0.06125
0 0.42 0.65875 0.03 0.05875
0 0.39375 0.65875 0.01625 0.06125
0 0.3675 0.6675 0.0325 0.075
0 0.325 0.6725 0.04625 0.07125
0 0.275 0.67125 0.05125 0.07375
0 0.505 0.22125 0.03375 0.08875
0 0.59375 0.21375 0.08625 0.10375
0 0.66125 0.2175 0.04625 0.10625
0 0.725 0.21 0.0775 0.125
0 0.04 0.61125 0.06375 0.07625
0 0.6625 0.3425 0.0475 0.09875
0 0.615 0.34125 0.04125 0.0975
0 0.565 0.34375 0.0525 0.09875
0 0.9175 0.4625 0.0425 0.09375
0 0.97125 0.46375 0.0575 0.09375
0 0.975 0.58625 0.04875 0.06
0 0.93625 0.5825 0.0225 0.055
0 0.895 0.60375 0.04125 0.025
0 0.9 0.575 0.0475 0.02625
0 0.895 0.53875 0.04625 0.02875
0 0.8475 0.565 0.0475 0.02625
0 0.845 0.59375 0.04875 0.03
0 0.8 0.5925 0.0275 0.0275
0 0.8 0.5625 0.04625 0.02625
0 0.79625 0.53125 0.04 0.02
0 0.76125 0.59875 0.04375 0.03125
0 0.71375 0.58625 0.045 0.0575
0 0.66625 0.585 0.04625 0.05625
0 0.85625 0.46 0.075 0.0925
0 0.795 0.45625 0.035 0.08875
0 0.7475 0.45875 0.05125 0.0925
0 0.68125 0.455 0.0425 0.065
0 0.49125 0.33625 0.085 0.105
0 0.43125 0.34 0.0325 0.0875
0 0.38875 0.34375 0.045 0.095
0 0.34375 0.34125 0.045 0.0925
0 0.29625 0.34125 0.04625 0.09125
0 0.24875 0.33875 0.04625 0.09375
0 0.0375 0.4675 0.06125 0.09625
0 0.695 0.67 0.03375 0.075
0 0.11375 0.4775 0.08375 0.1075
0 0.24875 0.45125 0.05 0.0925
0 0.29875 0.45125 0.04625 0.09125
0 0.3475 0.4525 0.045 0.0925
0 0.47625 0.4625 0.0525 0.06875
0 0.53375 0.46375 0.055 0.07125
0 0.59125 0.4775 0.04625 0.045
0 0.64 0.44875 0.03625 0.07875
0 0.19125 0.47875 0.06125 0.0925
0 0.73 0.67625 0.03375 0.0725
0 0.53625 0.22125 0.02375 0.09125
0 0.7975 0.6725 0.0375 0.07875
0 0.76125 0.6675 0.0275 0.0675
0 0.1725 0.1875 0.09 0.0775
0 0.09125 0.185 0.07 0.07375
0 0.61875 0.5825 0.04375 0.0575
0 0.25125 0.20875 0.055 0.105
0 0.17875 0.26375 0.0825 0.07125
0 0.0975 0.26125 0.07375 0.06875
0 0.0325 0.26 0.05 0.06875
0 0.02875 0.18625 0.05125 0.075
0 0.39125 0.21 0.0425 0.1075
0 0.4225 0.21375 0.0175 0.1025
0 0.46125 0.21875 0.05 0.10125
0 0.0275 0.74625 0.02 0.06
0 0.06 0.7475 0.0375 0.06625
0 0.1075 0.7475 0.0475 0.0625
0 0.3225 0.205 0.0825 0.115
0 0.4175 0.7625 0.0475 0.07875
0 0.855 0.6725 0.0325 0.075
0 0.87875 0.66875 0.01125 0.05
0 0.3775 0.75125 0.0275 0.04875
0 0.92375 0.6925 0.03875 0.04
0 0.8275 0.67125 0.0175 0.07625
0 0.9725 0.685 0.0525 0.05875
0 0.85 0.75375 0.0375 0.055
0 0.97875 0.7625 0.04125 0.07125
0 0.6575 0.7625 0.04375 0.07375
0 0.6175 0.75125 0.03375 0.0525
0 0.5775 0.75125 0.0425 0.0575
0 0.54 0.74125 0.03125 0.0375
0 0.49625 0.745 0.04625 0.0375
0 0.77375 0.765 0.04625 0.07625