0 0.59625 0.69875 0.035 0.00875
0 0.39375 0.65 0.04125 0.06875
0 0.86375 0.655 0.02125 0.0475
0 0.78125 0.71875 0.0275 0.055
0 0.55625 0.66625 0.03125 0.11125
0 0.4425 0.67375 0.0375 0.07125
0 0.6325 0.68125 0.02875 0.06625
0 0.7175 0.71875 0.035 0.015
0 0.71875 0.7075 0.035 0.0075
0 0.81125 0.72 0.02625 0.0525
0 0.83625 0.7175 0.02125 0.05125
0 0.86125 0.72 0.02375 0.05125
0 0.79375 0.45125 0.01 0.065
0 0.81125 0.45125 0.0175 0.065
0 0.48875 0.65875 0.0375 0.1125
0 0.3425 0.66875 0.03375 0.065
0 0.2275 0.61625 0.04875 0.05
0 0.84125 0.65375 0.02125 0.0475
0 0.59625 0.7125 0.03625 0.01125
0 0.7875 0.6525 0.025 0.05
0 0.815 0.6525 0.02375 0.04625
0 0.7175 0.6675 0.04 0.01125
0 0.6725 0.66125 0.0325 0.11125
0 0.42125 0.4425 0.03 0.0525
0 0.4575 0.44375 0.02875 0.055
0 0.4925 0.43875 0.02875 0.04375
0 0.51875 0.6975 0.02375 0.00875
0 0.52125 0.68625 0.02625 0.0125
0 0.52 0.67375 0.02375 0.00875
0 0.52125 0.66375 0.0225 0.00875
0 0.52 0.6525 0.025 0.0125
0 0.27 0.6375 0.03 0.055
0 0.83 0.45375 0.015 0.0625
0 0.59375 0.68375 0.035 0.0125
0 0.155 0.61 0.04625 0.05
0 0.30125 0.66375 0.0325 0.06875
0 0.84875 0.455 0.01875 0.0675
0 0.705 0.45 0.03 0.0575
0 0.855 0.55875 0.04 0.0325
0 0.17 0.42 0.025 0.0575
0 0.2 0.415 0.0325 0.07
0 0.22875 0.415 0.02375 0.06625
0 0.25 0.42625 0.0175 0.04625
0 0.30625 0.41875 0.0225 0.05875
0 0.2775 0.42 0.0275 0.0575
0 0.33 0.41625 0.02125 0.06125
0 0.3525 0.43125 0.01375 0.03125
0 0.39 0.365 0.035 0.05125
0 0.42875 0.365 0.03125 0.05625
0 0.46375 0.36625 0.0325 0.0575
0 0.5 0.3675 0.03 0.05375
0 0.53625 0.36625 0.03125 0.05375
0 0.57125 0.3625 0.03125 0.04375
0 0.605 0.36625 0.0325 0.04625
0 0.63625 0.36375 0.0225 0.0525
0 0.7025 0.2925 0.03 0.06125
0 0.66625 0.365 0.02625 0.04375
0 0.69625 0.3675 0.0275 0.0475
0 0.73 0.36625 0.03375 0.0475
0 0.73625 0.29625 0.02875 0.0575
0 0.2475 0.5225 0.0275 0.0625
0 0.14625 0.52125 0.0425 0.06625
0 0.28125 0.51875 0.02875 0.07625
0 0.31625 0.515 0.03375 0.0825
0 0.83125 0.23 0.0325 0.0325
0 0.86375 0.23 0.0225 0.03125
0 0.8225 0.265 0.02875 0.03625
0 0.8525 0.265 0.0275 0.0375
0 0.83875 0.34875 0.07125 0.0775
0 0.14125 0.4125 0.02375 0.07375
0 0.525 0.44 0.02875 0.045
0 0.55625 0.4425 0.0325 0.05125
0 0.59125 0.44 0.02875 0.04125
0 0.62375 0.44 0.025 0.03875
0 0.8675 0.45375 0.01375 0.06625
0 0.6525 0.44 0.0275 0.03625
0 0.6925 0.53875 0.025 0.09375
0 0.6575 0.53375 0.02125 0.08
0 0.6275 0.53875 0.0225 0.08625
0 0.59375 0.54625 0.02375 0.10375
0 0.56125 0.54 0.0325 0.095
0 0.52125 0.5475 0.035 0.11
0 0.48125 0.54125 0.03625 0.10125
0 0.435 0.5525 0.03875 0.12
0 0.3925 0.54 0.0375 0.10125
0 0.35625 0.5375 0.0325 0.04375
0 0.7325 0.4375 0.02 0.03375
0 0.7275 0.53375 0.0225 0.0775
0 0.71875 0.68125 0.035 0.01125
0 0.58875 0.28875 0.0325 0.05125
0 0.49625 0.12375 0.02 0.0575
0 0.52125 0.12625 0.01625 0.0575
0 0.5475 0.125 0.01625 0.05875
0 0.575 0.1375 0.0375 0.0375
0 0.60375 0.125 0.015 0.06
0 0.625 0.125 0.02125 0.06125
0 0.645 0.12625 0.0175 0.055
0 0.66625 0.125 0.01875 0.05875
0 0.68875 0.12375 0.0225 0.0625
0 0.71 0.12375 0.01625 0.06125
0 0.72875 0.12375 0.0175 0.06
0 0.75 0.12125 0.02125 0.065
0 0.47625 0.125 0.01375 0.0575
0 0.8175 0.17875 0.01625 0.04
0 0.85 0.1775 0.015 0.0375
0 0.8675 0.18 0.015 0.03875
0 0.75625 0.2025 0.015 0.0675
0 0.7325 0.2025 0.01375 0.065
0 0.71375 0.20125 0.01875 0.07
0 0.695 0.20375 0.0125 0.06125
0 0.66875 0.19375 0.03 0.03625
0 0.67125 0.22625 0.02875 0.02375
0 0.6425 0.2075 0.02 0.05625
0 0.62 0.2025 0.01875 0.06375
0 0.6 0.20625 0.01625 0.0575
0 0.57875 0.20875 0.01875 0.05375
0 0.83375 0.17875 0.01375 0.0375
0 0.46 0.12375 0.0175 0.06125
0 0.44125 0.125 0.01625 0.0575
0 0.42 0.125 0.01375 0.0525
0 0.30125 0.12 0.0225 0.05375
0 0.27625 0.12 0.0225 0.05375
0 0.25 0.1325 0.025 0.0275
0 0.22375 0.1325 0.0275 0.02875
0 0.195 0.13125 0.025 0.0275
0 0.15625 0.10375 0.045 0.08125
0 0.14125 0.21 0.0325 0.08
0 0.155 0.3125 0.0225 0.08125
0 0.17625 0.31375 0.015 0.0775
0 0.195 0.31625 0.01625 0.0725
0 0.6675 0.2975 0.035 0.06125
0 0.625 0.29 0.0325 0.0525
0 0.39875 0.12125 0.0175 0.05875
0 0.55125 0.2875 0.02875 0.05125
0 0.52 0.2875 0.0275 0.05125
0 0.4875 0.2925 0.03125 0.06375
0 0.455 0.29125 0.02625 0.05875
0 0.42125 0.28625 0.035 0.04375
0 0.38375 0.29125 0.03625 0.06
0 0.34375 0.33 0.015 0.04375
0 0.32625 0.32625 0.01625 0.05
0 0.30625 0.32625 0.02 0.04625
0 0.285 0.31625 0.01875 0.06625
0 0.265 0.31625 0.0175 0.0675
0 0.24875 0.31875 0.015 0.06625
0 0.23125 0.315 0.0175 0.07125
0 0.2125 0.31375 0.0175 0.07375
0 0.5625 0.21 0.01125 0.0475
0 0.3425 0.1125 0.025 0.065
0 0.54875 0.2175 0.0125 0.03625
0 0.5125 0.205 0.02 0.06375
0 0.71875 0.6975 0.035 0.01
0 0.5325 0.21 0.01875 0.055
0 0.46625 0.2075 0.02125 0.06
0 0.445 0.20625 0.01625 0.05125
0 0.4275 0.21 0.015 0.04375
0 0.41 0.205 0.01625 0.06
0 0.37375 0.11875 0.0225 0.0675
0 0.34875 0.21875 0.0325 0.06
0 0.31375 0.21875 0.0325 0.0625
0 0.2775 0.2175 0.03625 0.06
0 0.23125 0.21 0.0525 0.07625
0 0.385 0.2025 0.02875 0.06375
0 0.18 0.21 0.04 0.0775
0 0.49 0.21 0.02 0.05625