0 0.425 0.415 0.04 0.07125
0 0.56125 0.1 0.0375 0.06375
0 0.6025 0.1 0.0425 0.065
0 0.6375 0.10875 0.03 0.0575
0 0.66875 0.11 0.02875 0.06
0 0.69875 0.11625 0.03375 0.06125
0 0.44 0.07625 0.03875 0.07375
0 0.52375 0.0875 0.0375 0.07
0 0.395 0.07125 0.0475 0.07375
0 0.29375 0.06125 0.05375 0.0825
0 0.24125 0.04875 0.0525 0.08625
0 0.32625 0.89125 0.0625 0.06
0 0.66375 0.795 0.0425 0.06375
0 0.70875 0.78 0.04875 0.0575
0 0.7075 0.705 0.0475 0.08375
0 0.3475 0.06375 0.04875 0.08125
0 0.6625 0.72 0.0375 0.0825
0 0.48125 0.0825 0.04125 0.06625
0 0.25125 0.13375 0.05875 0.0825
0 0.79875 0.81875 0.0175 0.07
0 0.78 0.8125 0.01875 0.06
0 0.15125 0.64875 0.05125 0.09
0 0.605 0.16375 0.0325 0.06375
0 0.6375 0.16875 0.03125 0.06125
0 0.66875 0.1725 0.02875 0.05125
0 0.1875 0.13125 0.06375 0.07875
0 0.69875 0.17375 0.03 0.055
0 0.525 0.1525 0.04125 0.0675
0 0.485 0.1525 0.0375 0.065
0 0.445 0.1475 0.0425 0.075
0 0.40375 0.14625 0.03875 0.06875
0 0.38 0.42 0.05 0.075
0 0.30375 0.13875 0.04125 0.0725
0 0.5675 0.16375 0.04125 0.0625
0 0.62125 0.73875 0.04375 0.08875
0 0.57375 0.7825 0.05 0.08375
0 0.51875 0.79125 0.05375 0.09
0 0.24375 0.325 0.05375 0.08125
0 0.29375 0.3275 0.04625 0.07625
0 0.34 0.32375 0.04625 0.07
0 0.385 0.32375 0.0425 0.06625
0 0.4325 0.32125 0.04875 0.0625
0 0.47875 0.32 0.045 0.065
0 0.18875 0.32625 0.055 0.08375
0 0.51875 0.32 0.03375 0.0625
0 0.595 0.31875 0.0325 0.05875
0 0.62625 0.31625 0.03 0.055
0 0.65875 0.31625 0.03125 0.05625
0 0.69 0.315 0.02875 0.055
0 0.72125 0.25625 0.0275 0.06
0 0.71875 0.315 0.02875 0.055
0 0.5575 0.32 0.04 0.0575
0 0.145 0.32625 0.0375 0.08375
0 0.14 0.24 0.03 0.08125
0 0.69125 0.255 0.03125 0.06375
0 0.45375 0.77375 0.06875 0.085
0 0.3875 0.79 0.0625 0.08875
0 0.3225 0.81375 0.06375 0.0975
0 0.24375 0.8425 0.0875 0.09125
0 0.25125 0.92375 0.08375 0.0625
0 0.25625 0.9775 0.085 0.04375
0 0.165 0.94875 0.07625 0.06125
0 0.1625 0.86375 0.07125 0.10375
0 0.18125 0.04875 0.065 0.0875
0 0.475 0.2525 0.04625 0.07375
0 0.51625 0.2525 0.035 0.06875
0 0.55625 0.25375 0.0425 0.07125
0 0.595 0.25375 0.0325 0.0725
0 0.6275 0.2525 0.0325 0.07
0 0.66 0.25375 0.03 0.06625
0 0.82 0.83 0.01875 0.06375
0 0.8025 0.73625 0.01875 0.07125
0 0.3525 0.14375 0.05875 0.0725
0 0.80875 0.6475 0.02875 0.07375
0 0.68125 0.3925 0.02875 0.05875
0 0.78375 0.73125 0.01875 0.06375
0 0.65 0.39625 0.03125 0.0625
0 0.615 0.39875 0.0375 0.06375
0 0.57875 0.4025 0.0325 0.06375
0 0.54375 0.40625 0.035 0.06875
0 0.71375 0.38875 0.0325 0.06
0 0.505 0.41 0.0375 0.07
0 0.38375 0.2525 0.04625 0.08
0 0.42875 0.2525 0.045 0.075
0 0.33125 0.4225 0.04375 0.0775
0 0.28375 0.425 0.0475 0.07875
0 0.23375 0.43125 0.05125 0.0825
0 0.17375 0.4375 0.0675 0.0825
0 0.335 0.25 0.045 0.0775
0 0.7175 0.595 0.05 0.045
0 0.1825 0.51625 0.065 0.075
0 0.29125 0.24875 0.04125 0.08
0 0.23875 0.24375 0.05625 0.085
0 0.18375 0.24125 0.055 0.085
0 0.7125 0.44625 0.03375 0.055
0 0.68125 0.45 0.03 0.055
0 0.64625 0.45625 0.0325 0.0525
0 0.615 0.46 0.03125 0.0575
0 0.24 0.51125 0.0475 0.075
0 0.5825 0.465 0.0325 0.0575
0 0.5075 0.475 0.0375 0.06
0 0.4675 0.47875 0.04 0.0625
0 0.42625 0.48625 0.0375 0.0675
0 0.38375 0.49125 0.045 0.06625
0 0.33875 0.4975 0.04375 0.07125
0 0.29 0.5025 0.0475 0.075
0 0.5475 0.47125 0.03625 0.06
0 0.67 0.605 0.04625 0.04625
0 0.6175 0.615 0.05375 0.0525
0 0.57625 0.85 0.04875 0.04875
0 0.52375 0.87 0.055 0.0625
0 0.4625 0.9 0.0625 0.05625
0 0.45875 0.84375 0.0675 0.05125
0 0.39125 0.865 0.06375 0.0575
0 0.4 0.9225 0.05875 0.055
0 0.335 0.95375 0.06875 0.065
0 0.56375 0.62875 0.05 0.05125
0 0.84125 0.23375 0.03125 0.0875
0 0.8375 0.345 0.02375 0.08375
0 0.81 0.345 0.03125 0.08375
0 0.84 0.4525 0.02375 0.085
0 0.81375 0.44875 0.02625 0.08125
0 0.84125 0.5575 0.01625 0.08125
0 0.8225 0.54875 0.01625 0.08
0 0.80875 0.23625 0.0275 0.0875
0 0.8 0.545 0.02875 0.07375
0 0.62125 0.81875 0.04125 0.06625
0 0.2275 0.71625 0.0825 0.07125
0 0.51375 0.64125 0.04875 0.05125
0 0.45 0.66 0.0725 0.05625
0 0.37625 0.67625 0.0675 0.0625
0 0.30625 0.69625 0.07125 0.0675
0 0.715 0.54 0.05125 0.0625
0 0.6625 0.55125 0.0475 0.05875
0 0.15625 0.73625 0.05875 0.08125
0 0.61125 0.55625 0.055 0.0625
0 0.50625 0.57875 0.04875 0.07125
0 0.44375 0.5925 0.0725 0.07375
0 0.375 0.605 0.065 0.08125
0 0.465 0.41125 0.04125 0.07
0 0.30125 0.6225 0.0775 0.0825
0 0.22 0.63625 0.0825 0.0875
0 0.5575 0.5675 0.0525 0.06875
0 0.8325 0.65625 0.01375 0.0825