0 0.6675 0.0875 0.03875 0.0375
0 0.72125 0.445 0.065 0.08875
0 0.78375 0.44375 0.06 0.08375
0 0.19625 0.125 0.05125 0.07125
0 0.30375 0.10375 0.05375 0.11875
0 0.245 0.05125 0.05 0.07375
0 0.1925 0.05 0.05 0.07
0 0.26625 0.585 0.05125 0.08125
0 0.7075 0.09 0.03625 0.04
0 0.21375 0.58875 0.04625 0.0875
0 0.74375 0.09375 0.0325 0.03125
0 0.78375 0.0925 0.03875 0.035
0 0.51625 0.34875 0.045 0.07625
0 0.6575 0.4475 0.06125 0.08625
0 0.47125 0.35125 0.045 0.08
0 0.42125 0.35 0.05 0.075
0 0.3725 0.3525 0.0475 0.07875
0 0.31375 0.58125 0.0425 0.0875
0 0.375 0.55 0.07375 0.03625
0 0.44875 0.545 0.06875 0.03875
0 0.5175 0.545 0.0625 0.04125
0 0.375 0.5925 0.0775 0.04625
0 0.45 0.5875 0.07125 0.03875
0 0.52 0.585 0.06625 0.03875
0 0.8475 0.14 0.0475 0.08875
0 0.5925 0.45 0.06375 0.08625
0 0.52625 0.45375 0.0625 0.095
0 0.455 0.45875 0.0725 0.09
0 0.66875 0.1425 0.0375 0.06875
0 0.70625 0.145 0.035 0.06875
0 0.74625 0.145 0.0375 0.07
0 0.78375 0.1475 0.03875 0.0675
0 0.5825 0.08375 0.04375 0.0375
0 0.6275 0.14125 0.04125 0.0725
0 0.58375 0.13875 0.04375 0.07125
0 0.58375 0.53375 0.065 0.04
0 0.5175 0.13 0.05 0.08625
0 0.14625 0.11875 0.04 0.07875
0 0.41625 0.11 0.05625 0.12125
0 0.36 0.1075 0.055 0.11875
0 0.24875 0.12625 0.05125 0.0725
0 0.5625 0.34875 0.0425 0.075
0 0.6075 0.34875 0.0425 0.075
0 0.65 0.34875 0.0375 0.07125
0 0.69125 0.35 0.0425 0.07125
0 0.75625 0.34625 0.04375 0.06875
0 0.7975 0.34625 0.035 0.0675
0 0.845 0.34375 0.05875 0.075
0 0.165 0.47375 0.05125 0.085
0 0.3175 0.4675 0.04875 0.0825
0 0.38 0.4625 0.0725 0.095
0 0.62625 0.08375 0.03875 0.04
0 0.76 0.865 0.065 0.02875
0 0.17125 0.74375 0.08125 0.04125
0 0.76625 0.95625 0.06125 0.05
0 0.16875 0.69875 0.08125 0.0425
0 0.2525 0.6875 0.08 0.045
0 0.54625 0.82375 0.1075 0.0425
0 0.54375 0.78125 0.11 0.03375
0 0.43 0.8375 0.11375 0.0375
0 0.42875 0.79625 0.1125 0.03125
0 0.3225 0.84875 0.09625 0.05375
0 0.3225 0.8 0.09375 0.03875
0 0.195 0.8725 0.13 0.0475
0 0.19625 0.82125 0.13625 0.05
0 0.85125 0.6725 0.0475 0.04
0 0.795 0.68125 0.0575 0.04375
0 0.735 0.68125 0.0575 0.04375
0 0.85125 0.63125 0.04625 0.03375
0 0.79625 0.63875 0.05875 0.03375
0 0.73375 0.63875 0.06125 0.03625
0 0.67125 0.6775 0.0625 0.065
0 0.60625 0.6975 0.0575 0.04375
0 0.60625 0.65375 0.0625 0.0375
0 0.54125 0.695 0.06375 0.06125
0 0.4725 0.7125 0.06875 0.04875
0 0.47375 0.66625 0.07 0.03875
0 0.4 0.72 0.0725 0.045
0 0.84875 0.56 0.05125 0.0425
0 0.78875 0.56375 0.06125 0.0425
0 0.71875 0.57125 0.06375 0.0425
0 0.6525 0.5725 0.0625 0.04
0 0.83625 0.875 0.0775 0.0575
0 0.7625 0.905 0.06375 0.045
0 0.6775 0.965 0.07625 0.06875
0 0.5925 0.96625 0.08125 0.0675
0 0.5 0.97125 0.09 0.0575
0 0.68125 0.89 0.07 0.06875
0 0.64875 0.53 0.0625 0.03625
0 0.7175 0.5275 0.06375 0.0375
0 0.595 0.8925 0.09625 0.0675
0 0.7875 0.52 0.065 0.04125
0 0.8475 0.51875 0.05375 0.03625
0 0.83625 0.94125 0.075 0.06125
0 0.5875 0.5775 0.065 0.04375
0 0.245 0.3925 0.0525 0.155
0 0.255 0.735 0.0825 0.04625
0 0.495 0.9025 0.0925 0.065
0 0.39625 0.93875 0.10125 0.04875
0 0.8525 0.77 0.04125 0.0475
0 0.81 0.77375 0.04 0.0475
0 0.75375 0.795 0.06375 0.03125
0 0.75125 0.76 0.06375 0.03375
0 0.68125 0.79375 0.0725 0.05875
0 0.61875 0.80875 0.03125 0.0375
0 0.62 0.76875 0.03375 0.04125
0 0.32 0.35125 0.05 0.08
0 0.39875 0.6725 0.075 0.04875
0 0.845 0.44375 0.06 0.08375
0 0.3475 0.23 0.05375 0.08375
0 0.5975 0.23875 0.04625 0.075
0 0.5525 0.23875 0.0425 0.07375
0 0.50375 0.235 0.05125 0.0825
0 0.44875 0.2325 0.04875 0.08125
0 0.3975 0.23125 0.0475 0.0825
0 0.295 0.23125 0.045 0.08375
0 0.24375 0.22875 0.05125 0.08625
0 0.14375 0.22625 0.0375 0.0875
0 0.63875 0.24 0.0375 0.0725
0 0.6775 0.24125 0.03375 0.07375
0 0.71375 0.24125 0.0375 0.07125
0 0.7525 0.24125 0.035 0.07
0 0.78875 0.2425 0.03625 0.07
0 0.84125 0.24125 0.06625 0.0725
0 0.16375 0.59125 0.0525 0.08375
0 0.1525 0.35625 0.045 0.085