0 0.555 0.4025 0.01375 0.03375
0 0.5375 0.40125 0.01625 0.035
0 0.485 0.4025 0.015 0.0325
0 0.52125 0.4025 0.01375 0.03
0 0.50375 0.4025 0.015 0.03125
0 0.41625 0.65125 0.04 0.0425
0 0.07 0.825 0.055 0.03375
0 0.46 0.7175 0.035 0.04
0 0.4175 0.72625 0.03875 0.04
0 0.375 0.7325 0.03875 0.03125
0 0.37375 0.6925 0.0375 0.02875
0 0.41875 0.6875 0.04 0.02875
0 0.46 0.68125 0.03875 0.0275
0 0.50125 0.675 0.03125 0.03375
0 0.46125 0.64125 0.04125 0.03125
0 0.4675 0.4025 0.0175 0.0325
0 0.37375 0.65375 0.04125 0.035
0 0.3025 0.6825 0.08875 0.075
0 0.305 0.76625 0.085 0.0825
0 0.21875 0.77875 0.06375 0.09375
0 0.215 0.6925 0.075 0.07625
0 0.1175 0.72875 0.04125 0.0425
0 0.12125 0.7725 0.05125 0.04
0 0.1225 0.8175 0.04625 0.04375
0 0.0625 0.7775 0.06125 0.03125
0 0.84125 0.36375 0.0375 0.01625
0 0.62125 0.365 0.0125 0.03
0 0.75875 0.36125 0.0425 0.0175
0 0.33375 0.41375 0.02375 0.0675
0 0.35625 0.41625 0.02 0.065
0 0.3875 0.36625 0.02 0.03
0 0.4075 0.36375 0.0175 0.035
0 0.4275 0.36625 0.01875 0.03875
0 0.44625 0.36625 0.01375 0.0375
0 0.39125 0.4025 0.01625 0.03375
0 0.41125 0.40375 0.02 0.035
0 0.43 0.4025 0.015 0.035
0 0.4475 0.4025 0.01625 0.03375
0 0.395 0.44125 0.0175 0.03
0 0.4125 0.43875 0.01625 0.0325
0 0.3125 0.415 0.0175 0.07625
0 0.43125 0.43875 0.01625 0.0325
0 0.4675 0.36875 0.01875 0.03125
0 0.4875 0.36875 0.0175 0.035
0 0.01 0.42375 0.02 0.07875
0 0.98625 0.26125 0.02625 0.085
0 0.96125 0.26125 0.0225 0.08375
0 0.93875 0.25875 0.01875 0.085
0 0.9175 0.24125 0.01875 0.0575
0 0.86125 0.255 0.03 0.09125
0 0.8325 0.2525 0.02625 0.095
0 0.805 0.25125 0.0275 0.0925
0 0.7775 0.25 0.025 0.09625
0 0.0775 0.4225 0.0275 0.08625
0 0.44875 0.43875 0.01625 0.035
0 0.80125 0.36125 0.0375 0.01875
0 0.29625 0.41375 0.0125 0.0675
0 0.25125 0.41875 0.03 0.085
0 0.71125 0.3625 0.0475 0.01625
0 0.86125 0.40625 0.015 0.04875
0 0.845 0.4075 0.01625 0.05125
0 0.82875 0.40875 0.01375 0.05
0 0.81375 0.41 0.015 0.05
0 0.7975 0.41 0.0125 0.05125
0 0.7825 0.41 0.01375 0.0525
0 0.76375 0.41125 0.0175 0.0525
0 0.74375 0.4125 0.01875 0.055
0 0.725 0.41375 0.015 0.05125
0 0.7075 0.415 0.01875 0.0525
0 0.69 0.415 0.01375 0.05
0 0.2775 0.42 0.0225 0.085
0 0.67 0.41625 0.02375 0.0525
0 0.5 0.7125 0.0375 0.0375
0 0.60625 0.36625 0.01625 0.0325
0 0.59 0.36625 0.015 0.03125
0 0.5725 0.3675 0.01625 0.03125
0 0.555 0.3675 0.01375 0.03125
0 0.53625 0.3675 0.02125 0.0325
0 0.51875 0.36875 0.01625 0.035
0 0.5025 0.3675 0.0125 0.0325
0 0.1075 0.42375 0.0275 0.0875
0 0.1625 0.4225 0.0325 0.08875
0 0.19375 0.4225 0.02625 0.09
0 0.22125 0.41875 0.025 0.08375
0 0.6375 0.39875 0.01625 0.0825
0 0.37625 0.76875 0.0375 0.04
0 0.71125 0.69875 0.06875 0.065
0 0.46125 0.7575 0.03375 0.0325
0 0.1575 0.35125 0.0125 0.04
0 0.18125 0.35375 0.02625 0.04
0 0.2075 0.35375 0.02375 0.04125
0 0.23625 0.355 0.025 0.0375
0 0.26125 0.355 0.0225 0.03625
0 0.28625 0.355 0.02125 0.04125
0 0.31 0.35625 0.02125 0.03875
0 0.3325 0.35875 0.0175 0.04125
0 0.355 0.35875 0.02125 0.04125
0 0.08125 0.22 0.04625 0.1175
0 0.1675 0.2275 0.05 0.12125
0 0.21625 0.22625 0.0425 0.1175
0 0.2625 0.23 0.04125 0.1175
0 0.30625 0.23 0.04125 0.11375
0 0.08625 0.355 0.0275 0.04
0 0.3475 0.23375 0.03625 0.1075
0 0.43125 0.2375 0.03625 0.10875
0 0.46875 0.24 0.03875 0.11125
0 0.51 0.24 0.0375 0.10875
0 0.54625 0.2425 0.0325 0.11
0 0.58 0.245 0.03375 0.105
0 0.615 0.245 0.0325 0.105
0 0.65125 0.24625 0.0325 0.1
0 0.6825 0.2475 0.02875 0.09875
0 0.7125 0.24875 0.0275 0.0975
0 0.745 0.24875 0.0375 0.09625
0 0.62125 0.4325 0.01375 0.025
0 0.60625 0.4325 0.015 0.0275
0 0.58875 0.43375 0.01625 0.0275
0 0.5725 0.435 0.015 0.0275
0 0.38875 0.235 0.04375 0.1125
0 0.05875 0.35625 0.025 0.035
0 0.02875 0.355 0.02375 0.045
0 0.03875 0.42375 0.03 0.0775
0 0.3425 0.57875 0.045 0.035
0 0.39 0.575 0.04125 0.0425
0 0.38875 0.5325 0.04375 0.04
0 0.43375 0.52875 0.04125 0.035
0 0.4325 0.56625 0.03875 0.03875
0 0.47625 0.565 0.0425 0.0375
0 0.47625 0.52625 0.0375 0.035
0 0.515 0.52375 0.0425 0.03125
0 0.51875 0.55875 0.03625 0.0375
0 0.5575 0.56 0.035 0.035
0 0.55875 0.52125 0.0325 0.04
0 0.5975 0.51875 0.03375 0.03375
0 0.635 0.515 0.03125 0.035
0 0.5975 0.55625 0.03125 0.03125
0 0.635 0.555 0.03125 0.03
0 0.67 0.51125 0.0375 0.035
0 0.71 0.51 0.03625 0.0375
0 0.0425 0.5575 0.05875 0.04
0 0.10125 0.5525 0.05375 0.04875
0 0.10375 0.5975 0.05625 0.03625
0 0.04375 0.6025 0.0575 0.03625
0 0.19 0.54625 0.05 0.03875
0 0.24125 0.5425 0.04875 0.04375
0 0.555 0.435 0.015 0.02875
0 0.24875 0.58625 0.04875 0.0375
0 0.29375 0.53875 0.04625 0.04
0 0.34125 0.535 0.04375 0.04625
0 0.2975 0.58125 0.0425 0.04
0 0.80875 0.50125 0.03125 0.03125
0 0.77625 0.505 0.02875 0.03875
0 0.745 0.50625 0.03 0.03375
0 0.1925 0.58625 0.06 0.035
0 0.5375 0.435 0.01625 0.02875
0 0.52125 0.435 0.01375 0.03
0 0.505 0.435 0.015 0.03125
0 0.9 0.55625 0.0325 0.0075
0 0.89625 0.54 0.03 0.01
0 0.89375 0.52875 0.02625 0.0075
0 0.8675 0.5375 0.02125 0.03125
0 0.92 0.43125 0.01375 0.02625
0 0.90625 0.42375 0.01125 0.03125
0 0.89125 0.39875 0.015 0.0375
0 0.9125 0.3675 0.0125 0.02625
0 0.91 0.32125 0.0125 0.04875
0 0.92625 0.58625 0.0275 0.025
0 0.95625 0.58125 0.02375 0.0275
0 0.98 0.58125 0.0225 0.0275
0 0.97 0.61375 0.0225 0.03
0 0.945 0.6175 0.0225 0.025
0 0.92125 0.62125 0.0225 0.025
0 0.88875 0.65625 0.025 0.03125
0 0.91625 0.64875 0.02 0.02875
0 0.5 0.75125 0.03625 0.03125
0 0.56375 0.6475 0.07125 0.06125
0 0.5625 0.7225 0.0775 0.075
0 0.6375 0.63625 0.065 0.05875
0 0.6375 0.70875 0.0675 0.0775
0 0.71375 0.62875 0.06125 0.06375
0 0.89625 0.56875 0.02875 0.00625
0 0.7575 0.66625 0.01375 0.0575
0 0.8275 0.6175 0.035 0.07
0 0.8875 0.685 0.02625 0.02375
0 0.91875 0.67875 0.03 0.0325
0 0.94375 0.675 0.01875 0.0275
0 0.96875 0.6725 0.02625 0.0275
0 0.94375 0.645 0.02625 0.0225
0 0.8275 0.67875 0.05 0.04875
0 0.42 0.7675 0.045 0.03375
0 0.8925 0.58875 0.0275 0.0225
0 0.8925 0.62 0.02625 0.01
0 0.48875 0.43625 0.01625 0.03375
0 0.46875 0.43625 0.0175 0.03125
0 0.62125 0.4 0.0125 0.0325
0 0.605 0.4025 0.01375 0.0325
0 0.59 0.4025 0.01375 0.0325
0 0.57375 0.4025 0.0175 0.03375
0 0.6675 0.55125 0.0325 0.0275
0 0.70375 0.5475 0.035 0.03125
0 0.74 0.5425 0.03625 0.02375
0 0.77125 0.54 0.025 0.0275
0 0.8025 0.5375 0.03125 0.02375
0 0.83375 0.535 0.0275 0.0275
0 0.995 0.40375 0.0075 0.04
0 0.98375 0.40625 0.01375 0.04
0 0.97 0.405 0.01125 0.045
0 0.9575 0.40625 0.01 0.045
0 0.945 0.40875 0.01375 0.04625
0 0.865 0.6125 0.02 0.00625
0 0.865 0.5975 0.0175 0.0125
0 0.8675 0.58375 0.02 0.01125
0 0.8675 0.5675 0.02 0.015
0 0.94 0.4925 0.025 0.03
0 0.935 0.52375 0.02 0.03125
0 0.8925 0.60875 0.02375 0.01
0 0.96 0.52375 0.02625 0.03125
0 0.98875 0.52 0.02125 0.02625
0 0.8425 0.5 0.0275 0.035
0 0.8775 0.48375 0.02375 0.045
0 0.9525 0.36 0.0325 0.015
0 0.985 0.36 0.03 0.01375
0 0.93125 0.41 0.00875 0.03875
0 0.99125 0.48375 0.015 0.0325
0 0.97125 0.64375 0.0225 0.0275
0 0.06125 0.73625 0.0675 0.03125
0 0.0525 0.695 0.06875 0.04