0 0.30625 0.855 0.0125 0.0775
0 0.5575 0.86375 0.01 0.08125
0 0.5425 0.86 0.01 0.0775
0 0.52625 0.8575 0.0075 0.08
0 0.51 0.8525 0.0125 0.0775
0 0.495 0.835 0.01 0.08375
0 0.5775 0.84 0.00875 0.07875
0 0.48125 0.84125 0.0125 0.0775
0 0.4675 0.84125 0.01375 0.0725
0 0.45125 0.84625 0.0125 0.075
0 0.80875 0.60375 0.00875 0.08375
0 0.4175 0.84125 0.0175 0.1
0 0.3875 0.82 0.00875 0.075
0 0.805 0.51375 0.00875 0.08875
0 0.79375 0.515 0.01125 0.08875
0 0.8125 0.515 0.0075 0.09
0 0.78875 0.60375 0.00875 0.0825
0 0.79875 0.60375 0.01 0.08375
0 0.3675 0.84 0.02625 0.04375
0 0.1375 0.8425 0.025 0.0925
0 0.39875 0.82 0.01 0.06875
0 0.165 0.86125 0.015 0.0775
0 0.2325 0.855 0.0075 0.08125
0 0.24875 0.855 0.0175 0.08
0 0.265 0.855 0.01375 0.08
0 0.29125 0.86 0.01125 0.0775
0 0.3225 0.85375 0.0125 0.07875
0 0.18 0.85875 0.015 0.07375
0 0.81 0.2425 0.01 0.09
0 0.16 0.12875 0.02875 0.08625
0 0.44875 0.18875 0.00875 0.08875
0 0.46625 0.19625 0.015 0.08125
0 0.5025 0.19625 0.04 0.11375
0 0.555 0.2 0.015 0.0925
0 0.59625 0.18375 0.0175 0.08625
0 0.62375 0.18125 0.01375 0.0925
0 0.65875 0.19125 0.015 0.09375
0 0.68625 0.19375 0.01625 0.10125
0 0.72125 0.185 0.015 0.1075
0 0.74375 0.19125 0.015 0.09125
0 0.75625 0.19 0.01125 0.09375
0 0.78125 0.18125 0.01625 0.09625
0 0.81375 0.1425 0.00875 0.10125
0 0.82625 0.1425 0.00875 0.10125
0 0.83625 0.1425 0.00875 0.10125
0 0.43875 0.18625 0.0075 0.0875
0 0.82 0.2425 0.01 0.08875
0 0.83125 0.2425 0.00875 0.0925
0 0.815 0.33375 0.00875 0.08375
0 0.17875 0.22875 0.02875 0.1025
0 0.1875 0.365 0.0325 0.0975
0 0.1925 0.46125 0.03 0.08125
0 0.1875 0.57 0.025 0.0975
0 0.20875 0.725 0.03125 0.1025
0 0.22 0.17875 0.02625 0.10625
0 0.2575 0.18625 0.01625 0.0975
0 0.285 0.185 0.01875 0.0975
0 0.3175 0.18125 0.015 0.09375
0 0.34375 0.1825 0.0175 0.09625
0 0.37375 0.1925 0.0075 0.095
0 0.385 0.1925 0.01 0.095
0 0.405 0.17625 0.015 0.1025
0 0.8 0.425 0.01 0.08625
0 0.82625 0.33625 0.01 0.0875
0 0.805 0.33375 0.01125 0.0825
0 0.58625 0.8425 0.0075 0.075
0 0.70375 0.85375 0.00875 0.08
0 0.6075 0.83625 0.00875 0.0725
0 0.68875 0.3175 0.03 0.07625
0 0.7125 0.33875 0.0075 0.08375
0 0.7225 0.34 0.00625 0.08625
0 0.7375 0.33625 0.01125 0.09
0 0.76125 0.32375 0.0075 0.08625
0 0.77125 0.32625 0.01 0.08375
0 0.83875 0.3275 0.00875 0.09375
0 0.6575 0.33125 0.01375 0.09375
0 0.13375 0.45 0.0075 0.0825
0 0.1625 0.44875 0.0075 0.0825
0 0.22125 0.44875 0.01125 0.085
0 0.2325 0.44875 0.0125 0.08625
0 0.26125 0.45375 0.0175 0.08625
0 0.2775 0.4625 0.01 0.09
0 0.2975 0.465 0.0125 0.0925
0 0.31 0.4525 0.01 0.085
0 0.145 0.45 0.00875 0.08125
0 0.62625 0.32875 0.0075 0.08375
0 0.61625 0.32875 0.00875 0.09
0 0.59 0.34625 0.02 0.06125
0 0.24125 0.31125 0.00875 0.09
0 0.255 0.315 0.0125 0.08875
0 0.2825 0.32125 0.00875 0.0875
0 0.29375 0.32125 0.01 0.08625
0 0.31125 0.33125 0.0075 0.08625
0 0.32 0.33 0.00875 0.0875
0 0.34625 0.3325 0.01625 0.085
0 0.59375 0.84375 0.00875 0.075
0 0.37375 0.33 0.015 0.085
0 0.4 0.325 0.015 0.08625
0 0.43375 0.32875 0.01375 0.08375
0 0.45625 0.33 0.0125 0.08
0 0.4775 0.3325 0.01375 0.08125
0 0.50375 0.2975 0.02875 0.06625
0 0.53125 0.33625 0.02125 0.0625
0 0.5575 0.345 0.02125 0.05625
0 0.58875 0.285 0.02625 0.05625
0 0.32125 0.4525 0.0125 0.08375
0 0.34125 0.4625 0.0075 0.07875
0 0.35125 0.4625 0.01125 0.08125
0 0.4025 0.45625 0.0075 0.0925
0 0.83875 0.4625 0.01125 0.08375
0 0.82875 0.46125 0.0075 0.085
0 0.76625 0.455 0.01 0.08375
0 0.755 0.45375 0.00875 0.08
0 0.73375 0.45875 0.01125 0.08375
0 0.725 0.45875 0.00625 0.08375
0 0.70125 0.45 0.00875 0.08375
0 0.67375 0.4575 0.01 0.08625
0 0.66375 0.46 0.0075 0.0825
0 0.64125 0.4575 0.01125 0.0825
0 0.63125 0.4575 0.00875 0.08125
0 0.61 0.45375 0.00625 0.0825
0 0.60125 0.45375 0.00875 0.08375
0 0.57875 0.43625 0.0225 0.08375
0 0.54875 0.45875 0.01375 0.09
0 0.52 0.4575 0.015 0.08125
0 0.49375 0.4575 0.01375 0.085
0 0.865 0.4625 0.0075 0.085
0 0.15125 0.30375 0.02375 0.0925
0 0.8725 0.4625 0.005 0.08375
0 0.16625 0.57375 0.015 0.09125
0 0.42375 0.44875 0.015 0.0875
0 0.44875 0.45375 0.0125 0.0825
0 0.46875 0.45875 0.01125 0.08875
0 0.42125 0.575 0.01375 0.08
0 0.39625 0.56875 0.01125 0.07875
0 0.37375 0.58 0.00875 0.07875
0 0.365 0.58 0.00625 0.0775
0 0.34625 0.57625 0.01 0.0825
0 0.3375 0.57625 0.00875 0.08375
0 0.32375 0.57125 0.00625 0.08125
0 0.31625 0.57 0.00875 0.08375
0 0.2925 0.58375 0.00875 0.0775
0 0.28375 0.5825 0.0075 0.08125
0 0.2625 0.5725 0.00875 0.085
0 0.25 0.57125 0.01 0.085
0 0.22875 0.5825 0.01 0.08
0 0.22125 0.58375 0.00625 0.09125
0 0.14 0.60125 0.02875 0.105
0 0.13125 0.32625 0.0125 0.095
0 0.81 0.425 0.0075 0.0875
0 0.7875 0.835 0.0075 0.06
0 0.7525 0.56875 0.0075 0.075
0 0.765 0.56875 0.00875 0.0825
0 0.8275 0.5725 0.01125 0.08625
0 0.8475 0.58 0.01 0.07875
0 0.81875 0.425 0.01 0.0875
0 0.86125 0.585 0.00625 0.08125
0 0.86875 0.58625 0.00875 0.07875
0 0.74375 0.57 0.00625 0.07875
0 0.14 0.71625 0.03 0.10875
0 0.29375 0.7125 0.00875 0.08125
0 0.31 0.71 0.0125 0.08
0 0.32375 0.71125 0.01 0.08
0 0.39875 0.6975 0.0075 0.08
0 0.41125 0.7 0.01125 0.07625
0 0.4325 0.7275 0.01375 0.095
0 0.4525 0.73 0.0125 0.08375
0 0.2575 0.71 0.02875 0.1075
0 0.72625 0.58125 0.01375 0.08
0 0.715 0.5825 0.00875 0.0775
0 0.69625 0.5725 0.01 0.07625
0 0.795 0.835 0.00625 0.06
0 0.49625 0.565 0.01125 0.06375
0 0.47875 0.58875 0.00625 0.0825
0 0.47125 0.59 0.00875 0.08
0 0.4525 0.58125 0.00875 0.08125
0 0.52125 0.585 0.01125 0.085
0 0.5375 0.5875 0.01 0.08625
0 0.58125 0.5475 0.015 0.065
0 0.60125 0.57 0.01 0.08125
0 0.6125 0.57 0.01125 0.08125
0 0.62625 0.57875 0.0075 0.08
0 0.63375 0.5825 0.0075 0.07125
0 0.64125 0.57625 0.00625 0.0825
0 0.65875 0.57875 0.0075 0.08
0 0.67 0.5775 0.01125 0.0825
0 0.44375 0.58125 0.0075 0.0825
0 0.6875 0.57125 0.0075 0.0775
0 0.48125 0.72375 0.01125 0.085
0 0.49625 0.72625 0.01375 0.07875
0 0.8375 0.5775 0.00625 0.07375
0 0.53875 0.7225 0.01375 0.0825
0 0.72625 0.85875 0.00875 0.0775
0 0.71375 0.8525 0.01125 0.08625
0 0.69125 0.83375 0.0075 0.07125
0 0.6775 0.83375 0.00625 0.0675
0 0.65875 0.8475 0.00625 0.07375
0 0.6425 0.84875 0.00875 0.07125
0 0.65125 0.8475 0.00625 0.0725
0 0.6225 0.83375 0.00875 0.07
0 0.615 0.835 0.00625 0.07
0 0.7875 0.685 0.00875 0.0775
0 0.7975 0.68625 0.00875 0.075
0 0.515 0.7275 0.0125 0.08375
0 0.7775 0.83625 0.01 0.06125
0 0.80625 0.68625 0.00875 0.0725
0 0.7825 0.765 0.01 0.08
0 0.79125 0.76625 0.0075 0.0775
0 0.8 0.765 0.0075 0.0775
0 0.74125 0.8625 0.0125 0.0875
0 0.8675 0.8325 0.00625 0.07375
0 0.68375 0.83375 0.00625 0.07
0 0.84625 0.83125 0.00625 0.07625
0 0.55625 0.72 0.015 0.07875
0 0.57875 0.70375 0.02625 0.0875
0 0.6 0.72625 0.00875 0.0625
0 0.60875 0.71625 0.0075 0.07375
0 0.61625 0.715 0.00625 0.0775
0 0.85875 0.8325 0.0075 0.0725
0 0.63 0.72625 0.00875 0.06625
0 0.6375 0.7175 0.0075 0.07625
0 0.6675 0.7125 0.01 0.0775
0 0.6475 0.71625 0.00875 0.07625
0 0.7025 0.69 0.02125 0.0925
0 0.71875 0.72625 0.0075 0.07625
0 0.73125 0.725 0.01625 0.075
0 0.7475 0.72875 0.015 0.08125
0 0.86875 0.7025 0.0125 0.08375
0 0.8275 0.83125 0.01 0.07625
0 0.8375 0.83125 0.0075 0.07625
0 0.68 0.71 0.00875 0.08125