0 0.60125 0.56375 0.01875 0.06875
0 0.53 0.56875 0.015 0.06875
0 0.54625 0.56625 0.01375 0.0675
0 0.56375 0.56375 0.01875 0.065
0 0.58375 0.56625 0.01875 0.06875
0 0.6225 0.565 0.0175 0.0675
0 0.73375 0.56875 0.01625 0.07375
0 0.66 0.5675 0.0175 0.06625
0 0.67875 0.565 0.015 0.07
0 0.69625 0.565 0.01875 0.06875
0 0.7175 0.56875 0.01375 0.0725
0 0.51125 0.5675 0.01875 0.0675
0 0.7525 0.56875 0.0125 0.06625
0 0.6425 0.565 0.0175 0.065
0 0.49375 0.56625 0.015 0.07125
0 0.37125 0.565 0.01625 0.065
0 0.4475 0.56375 0.01375 0.06875
0 0.32875 0.475 0.01375 0.0675
0 0.3475 0.47375 0.01625 0.07
0 0.38125 0.47625 0.01625 0.0675
0 0.4 0.4775 0.015 0.06125
0 0.42 0.48 0.01625 0.0625
0 0.43875 0.47625 0.015 0.0675
0 0.27625 0.5675 0.0175 0.06625
0 0.2975 0.56375 0.01625 0.06375
0 0.31375 0.56375 0.015 0.0675
0 0.33375 0.56625 0.01625 0.065
0 0.3525 0.565 0.01625 0.06875
0 0.7425 0.49 0.01625 0.05
0 0.39 0.56875 0.02 0.05875
0 0.41 0.57 0.01625 0.05875
0 0.42875 0.5625 0.01875 0.06875
0 0.465 0.565 0.0175 0.07125
0 0.72375 0.47875 0.0125 0.07625
0 0.5975 0.4775 0.01375 0.065
0 0.68875 0.4775 0.015 0.0675
0 0.37 0.385 0.015 0.065
0 0.35 0.385 0.01625 0.0625
0 0.33125 0.38375 0.0175 0.065
0 0.3125 0.38375 0.015 0.0675
0 0.295 0.385 0.01375 0.0625
0 0.27375 0.38375 0.01875 0.0675
0 0.25375 0.3825 0.01625 0.06875
0 0.2325 0.3825 0.01625 0.065
0 0.235 0.47375 0.01375 0.07
0 0.25375 0.475 0.01625 0.0675
0 0.2725 0.475 0.0175 0.07125
0 0.29125 0.4725 0.01625 0.06875
0 0.31 0.47375 0.015 0.07
0 0.49125 0.47625 0.01375 0.06875
0 0.50875 0.475 0.01375 0.06625
0 0.38875 0.385 0.01625 0.0675
0 0.70625 0.485 0.01375 0.06125
0 0.40625 0.38875 0.015 0.05875
0 0.4725 0.4775 0.01625 0.0675
0 0.6725 0.48125 0.0175 0.06625
0 0.65 0.47625 0.01625 0.06875
0 0.6175 0.48 0.01625 0.065
0 0.58125 0.4775 0.01625 0.065
0 0.5625 0.4775 0.015 0.06
0 0.54375 0.47625 0.015 0.0625
0 0.5275 0.4775 0.0125 0.06375
0 0.455 0.475 0.0125 0.06875
0 0.5825 0.385 0.01375 0.0675
0 0.565 0.38625 0.01375 0.06625
0 0.54625 0.3875 0.01375 0.0675
0 0.53 0.38875 0.01375 0.06375
0 0.5125 0.38625 0.01375 0.065
0 0.48875 0.3925 0.02 0.05375
0 0.46625 0.38625 0.01625 0.065
0 0.425 0.3825 0.0175 0.06875
0 0.445 0.38375 0.01625 0.07
0 0.695 0.68 0.0175 0.05875
0 0.83375 0.63875 0.01375 0.06
0 0.38375 0.29 0.015 0.06375
0 0.3625 0.29 0.01875 0.06375
0 0.34375 0.29 0.01625 0.065
0 0.325 0.29 0.015 0.065
0 0.30625 0.28875 0.01625 0.06625
0 0.28875 0.29 0.015 0.06625
0 0.79125 0.44625 0.06125 0.23
0 0.25 0.2875 0.01625 0.06625
0 0.23125 0.28875 0.01625 0.065
0 0.21125 0.2875 0.015 0.0675
0 0.73125 0.3875 0.01875 0.0625
0 0.71125 0.3925 0.0175 0.05375
0 0.69125 0.38625 0.01625 0.06625
0 0.6725 0.3875 0.01375 0.06375
0 0.65375 0.38625 0.015 0.065
0 0.40125 0.2925 0.015 0.06375
0 0.4225 0.29375 0.0175 0.06
0 0.44375 0.2975 0.0175 0.05625
0 0.4625 0.2975 0.0175 0.05625
0 0.18 0.4925 0.08 0.25875
0 0.7575 0.29375 0.01875 0.0675
0 0.73625 0.295 0.0175 0.06125
0 0.71625 0.2925 0.015 0.06375
0 0.7 0.2925 0.015 0.065
0 0.68 0.29375 0.01375 0.06375
0 0.66125 0.29375 0.0175 0.06375
0 0.61875 0.385 0.0175 0.06875
0 0.64125 0.29875 0.01875 0.05625
0 0.60375 0.2975 0.01375 0.0575
0 0.585 0.2975 0.01875 0.05625
0 0.565 0.29875 0.01625 0.05625
0 0.54625 0.2975 0.01625 0.05625
0 0.525 0.2975 0.02125 0.0525
0 0.5 0.2975 0.0175 0.06
0 0.48125 0.29875 0.01375 0.055
0 0.61875 0.3 0.01375 0.0525
0 0.6025 0.38375 0.01375 0.0675
0 0.27 0.28875 0.01875 0.06625
0 0.62 0.6725 0.015 0.06375
0 0.4125 0.67875 0.01625 0.05625
0 0.45125 0.6725 0.01875 0.065
0 0.475 0.6725 0.01875 0.06375
0 0.49125 0.6675 0.0125 0.07125
0 0.5075 0.66875 0.01625 0.07375
0 0.52625 0.67 0.0175 0.07125
0 0.54375 0.67375 0.015 0.0675
0 0.565 0.67 0.01875 0.065
0 0.58125 0.6725 0.015 0.065
0 0.60125 0.6725 0.01625 0.06375
0 0.6375 0.675 0.015 0.06
0 0.65875 0.67375 0.01875 0.065
0 0.67625 0.67625 0.01625 0.06
0 0.715 0.67875 0.01875 0.065
0 0.735 0.6725 0.015 0.07
0 0.75375 0.67375 0.0175 0.0775
0 0.775 0.6725 0.02125 0.07125
0 0.395 0.67125 0.01375 0.06625
0 0.37625 0.6775 0.01625 0.0525
0 0.43125 0.67875 0.01625 0.055
0 0.33875 0.67375 0.01875 0.0625
0 0.3575 0.675 0.01625 0.06
0 0.25875 0.565 0.015 0.0725
0 0.2225 0.67375 0.015 0.06375
0 0.24125 0.67125 0.01375 0.0675
0 0.2375 0.565 0.0225 0.0675
0 0.28375 0.6725 0.01625 0.0625
0 0.29875 0.67375 0.015 0.06125
0 0.3175 0.67375 0.015 0.0625
0 0.26125 0.6725 0.0225 0.06625