0 0.45125 0.58125 0.02375 0.0575
0 0.485 0.72125 0.0325 0.06
0 0.42375 0.56125 0.02625 0.06125
0 0.37875 0.53875 0.0575 0.065
0 0.36875 0.625 0.0175 0.055
0 0.3975 0.6475 0.02375 0.04625
0 0.42625 0.67125 0.01625 0.04125
0 0.45625 0.69375 0.0225 0.0525
0 0.5225 0.7425 0.0375 0.065
0 0.37125 0.77125 0.0475 0.105
0 0.61125 0.81 0.035 0.07
0 0.72375 0.90375 0.05125 0.0825
0 0.8 0.94125 0.07375 0.08
0 0.45 0.8425 0.02125 0.08
0 0.4925 0.8975 0.02375 0.08375
0 0.52 0.9125 0.015 0.09125
0 0.53875 0.9225 0.0125 0.06375
0 0.485 0.6025 0.03 0.05625
0 0.56625 0.77875 0.03375 0.07125
0 0.5225 0.62125 0.035 0.075
0 0.66125 0.85125 0.04375 0.07125
0 0.57375 0.60625 0.0425 0.0425
0 0.79375 0.16625 0.08875 0.12625
0 0.5675 0.66375 0.04375 0.04375
0 0.725 0.16625 0.03 0.0975
0 0.5825 0.1625 0.0575 0.09625
0 0.51 0.16125 0.0575 0.085
0 0.45875 0.17125 0.02625 0.09
0 0.38625 0.155 0.0425 0.07
0 0.43 0.155 0.02125 0.0825
0 0.8475 0.39 0.0425 0.13125
0 0.35 0.29 0.0225 0.06
0 0.3775 0.305 0.025 0.05625
0 0.40625 0.3125 0.0225 0.0475
0 0.4475 0.32375 0.03875 0.055
0 0.51 0.3325 0.03125 0.0725
0 0.66625 0.16625 0.0625 0.1
0 0.61 0.36375 0.065 0.0675
0 0.69125 0.70625 0.0525 0.115
0 0.5525 0.33875 0.03375 0.08375
0 0.76125 0.755 0.0675 0.1375
0 0.8375 0.8 0.0675 0.13
0 0.63 0.67875 0.06 0.11875
0 0.4175 0.445 0.02375 0.04375
0 0.38375 0.42625 0.01625 0.04125
0 0.455 0.4575 0.03375 0.0475
0 0.72 0.5725 0.06625 0.075
0 0.845 0.63125 0.06 0.10875
0 0.77375 0.4 0.085 0.09125
0 0.68375 0.37375 0.075 0.06375
0 0.35875 0.4175 0.01125 0.04125