0 0.71875 0.7175 0.025 0.055
0 0.81875 0.72 0.03125 0.05375
0 0.91875 0.715 0.04625 0.06625
0 0.96375 0.405 0.07125 0.115
0 0.96125 0.525 0.07 0.12
0 0.71125 0.61875 0.035 0.06
0 0.7425 0.62125 0.02625 0.05625
0 0.77125 0.6225 0.0275 0.05375
0 0.80125 0.62125 0.03 0.05375
0 0.83125 0.62 0.02875 0.05625
0 0.78375 0.71125 0.03625 0.06875
0 0.84 0.51375 0.0375 0.0575
0 0.75625 0.51375 0.03875 0.05875
0 0.94875 0.63375 0.08 0.09375
0 0.97375 0.7175 0.05 0.06
0 0.9775 0.79 0.0425 0.04375
0 0.9175 0.7925 0.055 0.04375
0 0.8 0.81625 0.0375 0.06625
0 0.7625 0.81125 0.0375 0.075
0 0.7225 0.82 0.04 0.06125
0 0.71625 0.51375 0.03875 0.05625
0 0.7975 0.5125 0.04125 0.06
0 0.67625 0.5125 0.03875 0.0575
0 0.74875 0.71625 0.03125 0.05875
0 0.65875 0.715 0.03 0.0575
0 0.245 0.8175 0.0275 0.04875
0 0.2775 0.8175 0.0325 0.0475
0 0.30875 0.81875 0.02875 0.05
0 0.3425 0.82125 0.035 0.04875
0 0.36875 0.82125 0.01875 0.0475
0 0.38875 0.8225 0.02 0.04625
0 0.5375 0.62375 0.02375 0.0425
0 0.56375 0.62 0.025 0.05375
0 0.59125 0.61875 0.02875 0.055
0 0.69125 0.7175 0.02625 0.05625
0 0.62125 0.61875 0.0275 0.05375
0 0.6775 0.62125 0.0275 0.055
0 0.4625 0.715 0.025 0.055
0 0.49 0.71375 0.02625 0.055
0 0.51875 0.71375 0.02375 0.055
0 0.5425 0.71875 0.025 0.045
0 0.57 0.72 0.025 0.0475
0 0.5975 0.71875 0.025 0.05
0 0.6275 0.715 0.03 0.06
0 0.41375 0.8225 0.025 0.04375
0 0.65 0.62 0.02625 0.0525
0 0.63375 0.51625 0.0275 0.05375
0 0.605 0.5175 0.0275 0.0525
0 0.57125 0.51375 0.03375 0.05875
0 0.32125 0.4075 0.03625 0.0525
0 0.35875 0.40125 0.03625 0.0625
0 0.39625 0.4025 0.03375 0.065
0 0.4275 0.41 0.025 0.0475
0 0.45125 0.41 0.02 0.0475
0 0.47375 0.41 0.02125 0.0475
0 0.49875 0.41125 0.025 0.04625
0 0.67875 0.81875 0.045 0.06
0 0.63375 0.81625 0.0425 0.06375
0 0.2875 0.41 0.02625 0.04875
0 0.5875 0.81625 0.04625 0.0625
0 0.4975 0.81625 0.03 0.0575
0 0.46875 0.82125 0.02625 0.045
0 0.44125 0.825 0.025 0.04
0 0.7525 0.39625 0.04625 0.07375
0 0.70875 0.39875 0.0375 0.07125
0 0.66625 0.39875 0.0425 0.07125
0 0.6225 0.3975 0.04375 0.07375
0 0.57125 0.4025 0.04125 0.06375
0 0.52875 0.4 0.03125 0.07
0 0.53375 0.81625 0.03875 0.06125
0 0.2625 0.40875 0.02375 0.05
0 0.2375 0.40875 0.02375 0.05125
0 0.20625 0.41125 0.03125 0.04625
0 0.53625 0.515 0.03125 0.0575
0 0.50375 0.515 0.03125 0.055
0 0.47125 0.51375 0.03125 0.0575
0 0.4375 0.51375 0.03375 0.06
0 0.3125 0.51625 0.01125 0.05375
0 0.28875 0.515 0.03125 0.055
0 0.255 0.51625 0.03125 0.055
0 0.2225 0.515 0.03125 0.0525
0 0.1875 0.51375 0.03375 0.05875
0 0.1525 0.51375 0.03375 0.06
0 0.11875 0.51375 0.03 0.05625
0 0.085 0.51 0.035 0.065
0 0.05125 0.52 0.03 0.045
0 0.02375 0.52 0.0225 0.045
0 0.3675 0.56625 0.09625 0.2575
0 0.0125 0.41 0.02375 0.04375
0 0.0375 0.41 0.02375 0.04625
0 0.09375 0.41125 0.025 0.0425
0 0.12125 0.405 0.02625 0.055
0 0.15125 0.40625 0.03 0.055
0 0.17875 0.4075 0.02125 0.055
0 0.215 0.8125 0.03 0.05125
0 0.1525 0.815 0.0325 0.0475
0 0.18375 0.815 0.02875 0.04875
0 0.1 0.81375 0.02375 0.04875
0 0.67875 0.285 0.0525 0.06
0 0.715 0.22125 0.045 0.05875
0 0.5975 0.28625 0.10875 0.06
0 0.5225 0.2575 0.03625 0.11875
0 0.4825 0.26 0.04 0.11625
0 0.44375 0.26125 0.035 0.1125
0 0.4175 0.29 0.0175 0.05125
0 0.3975 0.29125 0.0175 0.05125
0 0.37875 0.29125 0.0175 0.05
0 0.35375 0.29125 0.02875 0.05125
0 0.3225 0.28875 0.0325 0.0575
0 0.29 0.29 0.0275 0.055
0 0.2625 0.295 0.025 0.045
0 0.235 0.29625 0.02625 0.045
0 0.20625 0.29625 0.02625 0.04375
0 0.12375 0.81375 0.0225 0.04875
0 0.07 0.205 0.035 0.05125
0 0.03125 0.20625 0.03875 0.04875
0 0.45375 0.61625 0.025 0.055
0 0.42875 0.61875 0.02 0.05
0 0.3075 0.61875 0.02 0.04375
0 0.1675 0.26875 0.04875 0.09875
0 0.115 0.26875 0.0525 0.0975
0 0.065 0.275 0.045 0.08625
0 0.02125 0.2825 0.03875 0.07
0 0.27 0.61125 0.03625 0.0675
0 0.235 0.62 0.03 0.04875
0 0.02 0.805 0.03375 0.06
0 0.73625 0.28375 0.0575 0.0625
0 0.05 0.8125 0.02125 0.04875
0 0.8475 0.2825 0.05625 0.0625
0 0.075 0.81375 0.0225 0.0475
0 0.435 0.71375 0.02625 0.05375
0 0.4075 0.71875 0.0225 0.04375
0 0.37625 0.7175 0.0325 0.04125
0 0.3425 0.7175 0.0325 0.04125
0 0.31 0.7175 0.0275 0.04375
0 0.2775 0.715 0.0325 0.05
0 0.24625 0.71875 0.02625 0.0425
0 0.215 0.71375 0.02875 0.0475
0 0.185 0.71375 0.02875 0.04875
0 0.1525 0.7125 0.03125 0.04875
0 0.7925 0.2825 0.05 0.06125
0 0.08875 0.71125 0.02 0.055
0 0.065 0.7125 0.025 0.0475
0 0.11875 0.70625 0.0325 0.06125
0 0.01125 0.70625 0.02125 0.05875
0 0.84375 0.3975 0.045 0.0725
0 0.2075 0.6175 0.02375 0.05125
0 0.03625 0.71375 0.0275 0.0475
0 0.79875 0.39625 0.04375 0.0725
0 0.15 0.61875 0.02375 0.05125
0 0.1775 0.61875 0.03 0.0525
0 0.09625 0.6175 0.0275 0.05125
0 0.06875 0.6175 0.02625 0.0525
0 0.0375 0.60625 0.03375 0.06875
0 0.48125 0.6175 0.02625 0.05625
0 0.51 0.61625 0.02625 0.0575
0 0.125 0.6175 0.025 0.05125