0 0.19875 0.67625 0.02375 0.04875
0 0.63 0.59125 0.01875 0.05125
0 0.61 0.5925 0.02 0.0475
0 0.58875 0.59375 0.01875 0.0475
0 0.56 0.59 0.02125 0.05
0 0.51875 0.585 0.05875 0.065
0 0.17375 0.58125 0.02625 0.04875
0 0.415 0.5775 0.02875 0.05375
0 0.1325 0.5825 0.015 0.05125
0 0.1725 0.675 0.0225 0.04375
0 0.6525 0.56375 0.01 0.015
0 0.45875 0.58375 0.05625 0.07
0 0.66875 0.56375 0.02125 0.01625
0 0.79125 0.59625 0.02 0.055
0 0.65375 0.54875 0.015 0.01125
0 0.6725 0.5475 0.02125 0.01125
0 0.69625 0.5475 0.0225 0.0125
0 0.6775 0.605 0.02625 0.02375
0 0.71 0.61 0.02375 0.02
0 0.73625 0.61125 0.025 0.0175
0 0.75875 0.61 0.02 0.02
0 0.72375 0.585 0.02875 0.02625
0 0.815 0.59625 0.0175 0.05875
0 0.835 0.5975 0.02125 0.0575
0 0.85875 0.5975 0.0225 0.055
0 0.2225 0.67375 0.02375 0.05625
0 0.69125 0.565 0.01875 0.01625
0 0.24875 0.6825 0.02125 0.045
0 0.3225 0.6025 0.03 0.01875
0 0.295 0.68 0.01875 0.04375
0 0.23875 0.58875 0.02375 0.045
0 0.8625 0.49875 0.015 0.05
0 0.3825 0.585 0.02875 0.01625
0 0.38375 0.605 0.03 0.01625
0 0.3375 0.57875 0.0325 0.015
0 0.3525 0.60375 0.03 0.0175
0 0.3 0.57625 0.01875 0.04125
0 0.27125 0.58875 0.02125 0.0425
0 0.8625 0.68 0.01875 0.05375
0 0.84125 0.68125 0.02 0.0525
0 0.82125 0.68125 0.01875 0.05375
0 0.8 0.67875 0.01875 0.05125
0 0.275 0.6825 0.02125 0.04875
0 0.77625 0.68 0.01875 0.04875
0 0.73 0.6825 0.0225 0.04625
0 0.69625 0.6825 0.03 0.04125
0 0.66125 0.685 0.02875 0.04625
0 0.6075 0.6875 0.01875 0.045
0 0.585 0.6875 0.02 0.04125
0 0.56375 0.6875 0.01875 0.0425
0 0.5425 0.6875 0.02125 0.0425
0 0.5225 0.6875 0.0175 0.0375
0 0.4975 0.68625 0.0225 0.04625
0 0.40625 0.67375 0.06125 0.06875
0 0.3375 0.67875 0.0175 0.04625
0 0.31375 0.68 0.01625 0.0475
0 0.75375 0.6875 0.02125 0.04375
0 0.84125 0.49625 0.02375 0.05
0 0.2075 0.5825 0.02625 0.05375
0 0.78875 0.495 0.0225 0.05
0 0.85125 0.4075 0.02875 0.06125
0 0.815 0.4025 0.02125 0.05875
0 0.78625 0.40125 0.0175 0.06125
0 0.75375 0.39625 0.01875 0.055
0 0.73125 0.3925 0.01875 0.06
0 0.6875 0.38875 0.02375 0.055
0 0.645 0.38625 0.02125 0.07125
0 0.6075 0.38375 0.02375 0.07125
0 0.58375 0.38375 0.015 0.065
0 0.56125 0.385 0.02125 0.06875
0 0.5325 0.38375 0.0225 0.06125
0 0.5 0.3825 0.0275 0.0625
0 0.4625 0.385 0.02625 0.055
0 0.4225 0.38375 0.0225 0.05875
0 0.39125 0.38 0.03125 0.0575
0 0.83 0.29125 0.035 0.05875
0 0.46 0.2725 0.025 0.05875
0 0.7975 0.3025 0.01875 0.04875
0 0.7525 0.29375 0.0225 0.04875
0 0.49375 0.27625 0.0275 0.055
0 0.5225 0.27875 0.02 0.055
0 0.5475 0.27875 0.0275 0.0575
0 0.585 0.28125 0.0275 0.05
0 0.61125 0.2825 0.025 0.05625
0 0.40875 0.26875 0.02 0.0575
0 0.38375 0.265 0.02625 0.0575
0 0.3525 0.26375 0.025 0.06
0 0.32375 0.2625 0.025 0.05875
0 0.2825 0.25875 0.035 0.06
0 0.2325 0.2525 0.03375 0.05375
0 0.1825 0.24875 0.035 0.0625
0 0.64 0.285 0.025 0.05375
0 0.6975 0.2925 0.025 0.055
0 0.72875 0.29375 0.02375 0.0525
0 0.77625 0.30125 0.0175 0.05
0 0.81625 0.49625 0.02375 0.0525
0 0.4325 0.2725 0.025 0.06125
0 0.33875 0.37875 0.0175 0.05625
0 0.275 0.375 0.03 0.05875
0 0.23375 0.36875 0.0275 0.05375
0 0.20125 0.3675 0.0225 0.05125
0 0.1725 0.3675 0.02375 0.0575
0 0.21375 0.47875 0.0525 0.05875
0 0.1775 0.4725 0.02125 0.06375
0 0.25875 0.47625 0.03 0.0625
0 0.2975 0.48 0.04875 0.0625
0 0.3625 0.37625 0.025 0.06
0 0.36375 0.485 0.055 0.0525
0 0.3175 0.38125 0.02125 0.05375
0 0.45875 0.4825 0.04625 0.055
0 0.7675 0.4925 0.015 0.05375
0 0.7475 0.49125 0.02125 0.04875
0 0.72375 0.49875 0.02 0.05
0 0.7025 0.49625 0.01625 0.05375
0 0.6225 0.49375 0.02125 0.05375
0 0.6 0.48875 0.0225 0.06375
0 0.5 0.48375 0.03 0.05625
0 0.57125 0.48875 0.0275 0.0625
0 0.545 0.48875 0.02 0.0625
0 0.40625 0.48625 0.0275 0.0575