0 0.69 0.84125 0.01625 0.01375
0 0.6875 0.855 0.01875 0.01375
0 0.67 0.85625 0.015 0.0125
0 0.67 0.84125 0.01375 0.015
0 0.66875 0.82625 0.015 0.0125
0 0.66875 0.8125 0.01375 0.015
0 0.655 0.615 0.01625 0.01625
0 0.5525 0.66 0.0225 0.01875
0 0.55375 0.6375 0.0225 0.0225
0 0.72375 0.84375 0.01625 0.01125
0 0.72125 0.8275 0.015 0.0125
0 0.72125 0.81375 0.0175 0.01375
0 0.72125 0.79875 0.01625 0.01375
0 0.70625 0.85625 0.015 0.01125
0 0.70625 0.8425 0.01375 0.01375
0 0.70375 0.82625 0.015 0.0125
0 0.70375 0.8125 0.01375 0.01125
0 0.52125 0.655 0.02375 0.0275
0 0.7025 0.8 0.01375 0.01375
0 0.68625 0.8125 0.015 0.01625
0 0.68625 0.8275 0.015 0.0125
0 0.68375 0.595 0.0225 0.0225
0 0.6575 0.595 0.0225 0.02375
0 0.705 0.5625 0.04375 0.01
0 0.57875 0.66 0.0275 0.01625
0 0.73 0.595 0.02625 0.02125
0 0.57875 0.63875 0.02375 0.02125
0 0.7075 0.595 0.02 0.02125
0 0.68625 0.7975 0.01375 0.01125
0 0.70125 0.61625 0.0225 0.01625
0 0.49875 0.65375 0.0225 0.0275
0 0.65 0.8125 0.01375 0.0125
0 0.65 0.825 0.01375 0.0125
0 0.65125 0.84 0.01625 0.015
0 0.65125 0.85375 0.015 0.01375
0 0.63625 0.855 0.015 0.01375
0 0.63375 0.84 0.0125 0.015
0 0.63375 0.82625 0.015 0.01375
0 0.6325 0.81125 0.01375 0.0125
0 0.6325 0.7975 0.01375 0.015
0 0.61625 0.7975 0.0175 0.01375
0 0.65 0.79875 0.01375 0.01375
0 0.615 0.8125 0.015 0.0125
0 0.6175 0.84 0.0175 0.01375
0 0.6175 0.855 0.01625 0.01375
0 0.60125 0.855 0.015 0.01375
0 0.6 0.84 0.015 0.0125
0 0.5975 0.82625 0.01625 0.01125
0 0.5975 0.81125 0.015 0.015
0 0.59625 0.7975 0.01375 0.0125
0 0.58125 0.85375 0.01625 0.0125
0 0.58125 0.83875 0.01625 0.01375
0 0.58 0.825 0.01875 0.0125
0 0.61625 0.82625 0.01375 0.015
0 0.55 0.70125 0.01375 0.015
0 0.53375 0.70125 0.01625 0.01625
0 0.5175 0.70125 0.01625 0.01625
0 0.7275 0.61625 0.02375 0.01875
0 0.60875 0.63625 0.0225 0.0225
0 0.635 0.63625 0.0275 0.02125
0 0.6075 0.65875 0.025 0.02125
0 0.7225 0.85625 0.015 0.01375
0 0.63375 0.66 0.0225 0.0225
0 0.66375 0.65625 0.0225 0.0225
0 0.68875 0.65625 0.02625 0.02125
0 0.7175 0.6575 0.02625 0.025
0 0.7425 0.65875 0.0225 0.02375
0 0.77625 0.62125 0.0525 0.01375
0 0.78875 0.65 0.05875 0.01375
0 0.78875 0.665 0.06 0.01125
0 0.85 0.64125 0.05 0.015
0 0.84875 0.655 0.0525 0.01
0 0.84875 0.66625 0.0525 0.01125
0 0.17125 0.59875 0.02 0.04875
0 0.17625 0.65 0.02 0.05
0 0.14375 0.64375 0.03375 0.06875
0 0.14375 0.7925 0.03375 0.13375
0 0.175 0.80375 0.02875 0.10875
0 0.485 0.7 0.01375 0.01625
0 0.50125 0.7 0.015 0.01625
0 0.675 0.615 0.02 0.015
0 0.46875 0.6525 0.02875 0.0225
0 0.305 0.39875 0.0225 0.03125
0 0.52125 0.6125 0.01875 0.02125
0 0.7825 0.51125 0.0175 0.0125
0 0.75 0.51 0.015 0.015
0 0.78875 0.49375 0.015 0.01625
0 0.77125 0.49375 0.02 0.01625
0 0.75125 0.49375 0.01625 0.0175
0 0.84 0.50625 0.06875 0.06625
0 0.84 0.45625 0.0675 0.0175
0 0.7775 0.4775 0.015 0.01375
0 0.75875 0.4775 0.0175 0.01375
0 0.74125 0.4775 0.01625 0.01125
0 0.7475 0.5275 0.01375 0.015
0 0.77875 0.46125 0.0175 0.01625
0 0.745 0.4625 0.01375 0.015
0 0.7025 0.5225 0.01375 0.015
0 0.755 0.2325 0.03125 0.12875
0 0.79125 0.2325 0.04125 0.13125
0 0.13375 0.3825 0.01625 0.09375
0 0.165 0.38875 0.03625 0.0875
0 0.21625 0.35875 0.04375 0.03375
0 0.2175 0.39625 0.04 0.03625
0 0.265 0.3575 0.04875 0.105
0 0.30375 0.35875 0.0275 0.0375
0 0.76125 0.46125 0.01625 0.01625
0 0.66875 0.79625 0.0125 0.015
0 0.7375 0.78375 0.015 0.01375
0 0.71875 0.785 0.0175 0.0125
0 0.28875 0.245 0.04125 0.0825
0 0.33125 0.2475 0.03875 0.09
0 0.3775 0.255 0.04875 0.075
0 0.42625 0.25375 0.0475 0.0725
0 0.475 0.2625 0.04125 0.055
0 0.5175 0.265 0.045 0.05875
0 0.56125 0.265 0.04 0.05875
0 0.56 0.205 0.0425 0.06
0 0.64125 0.23375 0.0375 0.03625
0 0.64 0.275 0.04 0.04
0 0.6 0.27125 0.03375 0.0375
0 0.67875 0.27375 0.0325 0.0375
0 0.7175 0.23 0.0425 0.12375
0 0.31 0.59875 0.0125 0.0175
0 0.29375 0.5975 0.0175 0.0175
0 0.27625 0.5975 0.015 0.015
0 0.24375 0.6325 0.0175 0.055
0 0.2225 0.6325 0.0225 0.055
0 0.78125 0.52875 0.01625 0.01625
0 0.765 0.52875 0.015 0.0175
0 0.6675 0.78125 0.015 0.015
0 0.685 0.7825 0.0175 0.0125
0 0.70125 0.7825 0.015 0.015
0 0.6875 0.5225 0.0125 0.015
0 0.72125 0.5175 0.0175 0.01375
0 0.72375 0.5025 0.015 0.01375
0 0.6875 0.5075 0.015 0.015
0 0.30875 0.505 0.03125 0.03875
0 0.345 0.455 0.0425 0.045
0 0.3075 0.46 0.03 0.0475
0 0.27125 0.4975 0.0375 0.03125
0 0.23125 0.4975 0.0325 0.03125
0 0.2375 0.44875 0.035 0.0325
0 0.16875 0.5025 0.02 0.0775
0 0.1425 0.50375 0.03125 0.08375
0 0.8325 0.395 0.0675 0.04875
0 0.77875 0.40125 0.02375 0.03375
0 0.75125 0.3825 0.03 0.07125
0 0.7225 0.38375 0.02375 0.07375
0 0.695 0.38375 0.03125 0.07375
0 0.66375 0.38125 0.03 0.06875
0 0.63125 0.38375 0.035 0.06375
0 0.59625 0.385 0.0325 0.065
0 0.56 0.395 0.0375 0.04375
0 0.515 0.38875 0.03875 0.065
0 0.46875 0.38625 0.035 0.0575
0 0.47375 0.33 0.0425 0.0375
0 0.4225 0.3925 0.0425 0.035
0 0.38125 0.395 0.03875 0.03
0 0.33875 0.3975 0.04375 0.0325
0 0.3475 0.50625 0.03375 0.05125
0 0.22625 0.24125 0.07125 0.07875
0 0.39125 0.50625 0.03875 0.055
0 0.4 0.45125 0.04 0.0425
0 0.71875 0.485 0.02 0.0125
0 0.7 0.48875 0.015 0.01875
0 0.685 0.48875 0.01125 0.01625
0 0.67 0.5275 0.015 0.0175
0 0.65 0.5275 0.02125 0.01625
0 0.63 0.5275 0.01625 0.0175
0 0.67 0.51 0.01625 0.015
0 0.63375 0.51 0.015 0.015
0 0.67125 0.4925 0.0125 0.02
0 0.655 0.49125 0.02 0.02
0 0.63375 0.4925 0.01875 0.01875
0 0.61375 0.52625 0.01625 0.0175
0 0.59375 0.525 0.02125 0.01625
0 0.575 0.525 0.015 0.0175
0 0.6125 0.50875 0.01875 0.01375
0 0.59125 0.50875 0.01875 0.01125
0 0.575 0.5075 0.0125 0.015
0 0.6125 0.4925 0.015 0.0175
0 0.595 0.49125 0.0175 0.01625
0 0.575 0.49 0.02 0.015
0 0.5375 0.50375 0.04375 0.06125
0 0.485 0.51625 0.04875 0.03875
0 0.4575 0.45 0.03125 0.03375
0 0.435 0.5075 0.04625 0.0525
0 0.15 0.245 0.0475 0.08
0 0.82375 0.07 0.04 0.135
0 0.7825 0.0725 0.035 0.13375
0 0.77625 0.83 0.0175 0.015
0 0.7775 0.815 0.01625 0.0125
0 0.7775 0.80125 0.0175 0.01375
0 0.795 0.80125 0.01625 0.0125
0 0.795 0.815 0.015 0.01375
0 0.795 0.83 0.01625 0.01375
0 0.79625 0.84375 0.0175 0.015
0 0.795 0.85875 0.01625 0.0125
0 0.81125 0.86 0.01375 0.0125
0 0.81125 0.845 0.0125 0.01375
0 0.8125 0.83125 0.015 0.01375
0 0.81375 0.8175 0.015 0.0125
0 0.81375 0.80375 0.01625 0.01375
0 0.82875 0.7875 0.01375 0.01375
0 0.83375 0.8025 0.015 0.01375
0 0.83125 0.8175 0.01375 0.01375
0 0.83 0.83125 0.01375 0.01125
0 0.83 0.845 0.01625 0.015
0 0.8275 0.86 0.0125 0.0125
0 0.21375 0.815 0.01875 0.0325
0 0.23125 0.81625 0.01625 0.03125
0 0.24875 0.815 0.01625 0.03
0 0.26625 0.81625 0.0175 0.02625
0 0.77625 0.84375 0.0175 0.0125
0 0.285 0.8175 0.01375 0.0275
0 0.7775 0.8575 0.01625 0.01375
0 0.75875 0.8425 0.0175 0.01625
0 0.49875 0.61125 0.0225 0.0225
0 0.4725 0.60875 0.02625 0.02375
0 0.4475 0.61 0.01875 0.02125
0 0.41375 0.65 0.02625 0.02125
0 0.38625 0.65125 0.02375 0.02
0 0.415 0.625 0.02875 0.0225
0 0.385 0.62625 0.02375 0.02
0 0.41375 0.5975 0.025 0.02125
0 0.3875 0.6 0.025 0.025
0 0.35875 0.6525 0.02375 0.0225
0 0.33 0.64875 0.0225 0.02375
0 0.36125 0.625 0.02 0.02
0 0.74 0.81375 0.01125 0.015
0 0.74 0.8275 0.01375 0.01375
0 0.74125 0.8425 0.01375 0.01375
0 0.74 0.85625 0.01375 0.0125
0 0.7575 0.7825 0.015 0.0175
0 0.775 0.785 0.01625 0.015
0 0.79375 0.785 0.02 0.015
0 0.8125 0.78625 0.01625 0.015
0 0.76125 0.79875 0.01375 0.015
0 0.75875 0.81375 0.01375 0.0125
0 0.7575 0.8275 0.015 0.0125
0 0.75875 0.85875 0.0175 0.0125
0 0.44125 0.65125 0.025 0.0225
0 0.215 0.84625 0.01625 0.025
0 0.25 0.845 0.0175 0.02125
0 0.415 0.5625 0.02125 0.02125
0 0.39 0.5625 0.0225 0.02125
0 0.3575 0.59875 0.02375 0.02625
0 0.33 0.59875 0.02625 0.02625
0 0.3125 0.61625 0.01375 0.015
0 0.295 0.61625 0.015 0.01375
0 0.27625 0.615 0.01625 0.015
0 0.1375 0.09375 0.0225 0.06875
0 0.16 0.0925 0.02125 0.07
0 0.19875 0.06875 0.03875 0.13
0 0.23625 0.06875 0.035 0.12875
0 0.31125 0.07125 0.04 0.12625
0 0.34875 0.0925 0.03125 0.0825
0 0.38125 0.09375 0.03375 0.08375
0 0.4175 0.095 0.03625 0.08125
0 0.4525 0.095 0.035 0.08125
0 0.4875 0.09375 0.03 0.0825
0 0.41625 0.0125 0.03375 0.02
0 0.41625 0.0375 0.035 0.02875
0 0.52625 0.08375 0.04125 0.11
0 0.5725 0.075 0.05 0.12625
0 0.62625 0.07375 0.045 0.12625
0 0.67375 0.07125 0.04875 0.1325
0 0.27625 0.62875 0.01625 0.01125
0 0.2325 0.84625 0.015 0.02375
0 0.31 0.63125 0.0125 0.01125
0 0.29125 0.6475 0.01625 0.01625
0 0.26875 0.84375 0.015 0.02375
0 0.285 0.84375 0.01625 0.0225
0 0.305 0.84 0.01625 0.03125
0 0.3225 0.84125 0.015 0.03
0 0.33875 0.84125 0.01625 0.03125
0 0.3575 0.84375 0.01875 0.02625
0 0.375 0.845 0.01625 0.02875
0 0.4 0.8125 0.01375 0.03
0 0.4175 0.81375 0.01375 0.0275
0 0.435 0.81625 0.01375 0.0275
0 0.4525 0.81625 0.015 0.03
0 0.46875 0.8175 0.01375 0.03125
0 0.4 0.84125 0.015 0.0275
0 0.4175 0.8425 0.01625 0.02375
0 0.435 0.8425 0.015 0.02125
0 0.4525 0.8425 0.015 0.02
0 0.47 0.84375 0.015 0.01875
0 0.82375 0.71125 0.04375 0.01875
0 0.83125 0.735 0.0375 0.025
0 0.84625 0.2775 0.0575 0.03625
0 0.83875 0.24375 0.045 0.02625
0 0.34125 0.3625 0.04625 0.03125
0 0.30875 0.6475 0.01625 0.01875
0 0.275 0.6475 0.0125 0.01625
0 0.3275 0.625 0.0175 0.02
0 0.73875 0.79875 0.01125 0.01375
0 0.52875 0.8525 0.015 0.0125
0 0.51 0.8125 0.01375 0.015
0 0.50875 0.7975 0.01375 0.01375
0 0.49375 0.8525 0.015 0.01375
0 0.4925 0.8375 0.0175 0.01375
0 0.4925 0.825 0.01625 0.01375
0 0.49125 0.81125 0.01625 0.01375
0 0.6475 0.78375 0.01375 0.01375
0 0.63125 0.7825 0.015 0.01375
0 0.615 0.78375 0.0125 0.01375
0 0.5975 0.7825 0.01625 0.01375
0 0.5775 0.7825 0.015 0.0125
0 0.56 0.7825 0.01625 0.01125
0 0.5425 0.785 0.01625 0.01125
0 0.52625 0.7825 0.015 0.01
0 0.70375 0.73375 0.0175 0.01375
0 0.51 0.825 0.015 0.01125
0 0.51125 0.83875 0.0125 0.015
0 0.51125 0.8525 0.01375 0.0125
0 0.525 0.7975 0.01375 0.0125
0 0.72 0.73375 0.0125 0.015
0 0.475 0.7475 0.015 0.01875
0 0.545 0.82625 0.01625 0.0125
0 0.54625 0.83875 0.01375 0.01
0 0.545 0.8525 0.01375 0.01375
0 0.56125 0.79625 0.01375 0.01375
0 0.56125 0.81125 0.0125 0.015
0 0.6875 0.73375 0.0125 0.015
0 0.5625 0.82625 0.015 0.01
0 0.56375 0.8525 0.01625 0.0125
0 0.5775 0.79625 0.015 0.015
0 0.54375 0.8125 0.015 0.015
0 0.54375 0.7975 0.01375 0.01375
0 0.5275 0.83875 0.015 0.0125
0 0.5275 0.82625 0.015 0.01125
0 0.52625 0.81125 0.01125 0.015
0 0.5625 0.83875 0.015 0.01125
0 0.6725 0.7325 0.015 0.0125
0 0.49125 0.79625 0.015 0.01375
0 0.78 0.7 0.01375 0.015
0 0.51 0.75 0.01375 0.0175
0 0.52625 0.75125 0.015 0.01625
0 0.54625 0.75125 0.015 0.015
0 0.56375 0.75125 0.01625 0.01625
0 0.58375 0.75125 0.015 0.01625
0 0.6 0.75125 0.015 0.0175
0 0.61875 0.755 0.015 0.01375
0 0.4925 0.74875 0.0175 0.015
0 0.63375 0.755 0.015 0.015
0 0.5025 0.76875 0.01625 0.015
0 0.52 0.76625 0.01625 0.01375
0 0.53875 0.76875 0.0125 0.015
0 0.55625 0.76625 0.01875 0.01375
0 0.57375 0.7675 0.015 0.01
0 0.59 0.76875 0.015 0.01375
0 0.60875 0.76875 0.015 0.01125
0 0.65625 0.73125 0.0125 0.0125
0 0.5775 0.81125 0.01375 0.01375
0 0.485 0.7675 0.015 0.015
0 0.645 0.77 0.015 0.01125
0 0.765 0.70125 0.01125 0.01875
0 0.75 0.69875 0.01375 0.01375
0 0.625 0.77 0.01625 0.0125
0 0.73625 0.6975 0.01375 0.01625
0 0.7175 0.7175 0.015 0.01375
0 0.685 0.7175 0.01375 0.01625
0 0.66875 0.71625 0.01625 0.01375
0 0.6525 0.71375 0.0125 0.01375
0 0.7 0.7175 0.01625 0.01375
0 0.6225 0.7025 0.015 0.01625
0 0.60375 0.7025 0.0175 0.01625
0 0.5875 0.70125 0.01375 0.01625
0 0.49125 0.78375 0.01375 0.0125
0 0.50875 0.7825 0.015 0.0125
0 0.6375 0.70125 0.01125 0.01625
0 0.57125 0.70125 0.0175 0.01625