0 0.83125 0.70625 0.05625 0.06
0 0.735 0.71375 0.02375 0.04125
0 0.76125 0.71375 0.025 0.045
0 0.78875 0.715 0.025 0.0425
0 0.4375 0.27125 0.06125 0.02625
0 0.89125 0.70375 0.055 0.06125
0 0.9475 0.69875 0.05375 0.07125
0 0.03625 0.79125 0.03625 0.05625
0 0.71125 0.71875 0.01875 0.03625
0 0.075 0.79125 0.03375 0.05625
0 0.14875 0.7925 0.0375 0.0575
0 0.19125 0.78875 0.0325 0.0525
0 0.22875 0.79 0.03375 0.0575
0 0.265 0.7925 0.0325 0.05625
0 0.30875 0.8075 0.05 0.03125
0 0.36375 0.81 0.0525 0.0275
0 0.4075 0.80375 0.02625 0.03625
0 0.1125 0.795 0.02875 0.0525
0 0.68375 0.71125 0.02625 0.04625
0 0.6525 0.71 0.0325 0.04875
0 0.62 0.71125 0.0325 0.04625
0 0.83875 0.60625 0.0325 0.05625
0 0.88375 0.6025 0.04875 0.06875
0 0.93875 0.6 0.0525 0.0675
0 0.985 0.6075 0.03 0.0525
0 0.00875 0.69875 0.0175 0.07
0 0.03875 0.69875 0.03375 0.07
0 0.0775 0.70375 0.03375 0.0625
0 0.11125 0.7075 0.02625 0.0525
0 0.155 0.715 0.0525 0.03875
0 0.21375 0.72 0.05625 0.03
0 0.25875 0.705 0.03125 0.0575
0 0.30875 0.72 0.05625 0.03375
0 0.36875 0.72 0.0575 0.0275
0 0.4275 0.7225 0.05625 0.02625
0 0.48375 0.7175 0.05125 0.03125
0 0.54125 0.71 0.0575 0.0275
0 0.5875 0.71375 0.02875 0.0425
0 0.31625 0.7725 0.04375 0.02125
0 0.365 0.775 0.05125 0.0175
0 0.44 0.80125 0.03125 0.04375
0 0.47375 0.80125 0.0325 0.04125
0 0.68 0.15625 0.045 0.0625
0 0.6275 0.15625 0.04875 0.0625
0 0.575 0.15625 0.0525 0.0625
0 0.5275 0.1575 0.03875 0.06375
0 0.48625 0.1575 0.035 0.06375
0 0.43125 0.17875 0.06625 0.025
0 0.43375 0.1525 0.06625 0.0225
0 0.36625 0.1425 0.065 0.035
0 0.36375 0.1775 0.06375 0.0275
0 0.2825 0.1575 0.09 0.065
0 0.22625 0.1675 0.01875 0.04625
0 0.2025 0.16125 0.0225 0.06125
0 0.17875 0.16 0.0175 0.05375
0 0.16 0.15875 0.0175 0.05375
0 0.13875 0.15875 0.0175 0.05375
0 0.11875 0.16 0.0175 0.055
0 0.1 0.16 0.015 0.05625
0 0.7375 0.15625 0.0575 0.0625
0 0.805 0.60375 0.03 0.06375
0 0.79375 0.15625 0.0475 0.0625
0 0.91625 0.1575 0.05625 0.06375
0 0.5125 0.8 0.0375 0.045
0 0.55 0.8 0.03625 0.0475
0 0.58875 0.8 0.0375 0.0475
0 0.62875 0.8 0.03625 0.04875
0 0.66375 0.80125 0.0275 0.045
0 0.69375 0.8025 0.0275 0.045
0 0.72875 0.7975 0.035 0.0525
0 0.765 0.79875 0.03 0.05625
0 0.79625 0.8025 0.0275 0.04875
0 0.82375 0.8025 0.0225 0.05125
0 0.855 0.80125 0.03 0.04625
0 0.89 0.80125 0.03125 0.04375
0 0.93125 0.8025 0.0425 0.04875
0 0.9775 0.80625 0.04375 0.0425
0 0.0825 0.28375 0.04375 0.0825
0 0.0325 0.2825 0.04375 0.0775
0 0.97375 0.1575 0.0525 0.06375
0 0.85375 0.1575 0.06375 0.06375
0 0.08 0.16 0.01875 0.05625
0 0.77 0.60375 0.035 0.05875
0 0.7 0.60625 0.03125 0.0575
0 0.125 0.2925 0.03125 0.0625
0 0.0725 0.39625 0.035 0.07375
0 0.1275 0.40375 0.06 0.06
0 0.19125 0.40375 0.06 0.0575
0 0.2575 0.4 0.05375 0.065
0 0.31875 0.3925 0.0625 0.08125
0 0.38125 0.4025 0.05625 0.0575
0 0.0325 0.39625 0.03875 0.0775
0 0.43 0.40375 0.03125 0.0575
0 0.53125 0.40125 0.025 0.0625
0 0.5625 0.40625 0.03 0.05375
0 0.59375 0.40625 0.02875 0.0575
0 0.64125 0.39375 0.0425 0.075
0 0.68875 0.39375 0.0425 0.07375
0 0.7325 0.39375 0.04125 0.0725
0 0.7725 0.39625 0.035 0.0675
0 0.48125 0.405 0.06125 0.05625
0 0.97125 0.2825 0.0425 0.05875
0 0.925 0.28375 0.04 0.05875
0 0.87625 0.2825 0.0475 0.0575
0 0.43625 0.3025 0.06375 0.03
0 0.385 0.29 0.03375 0.06875
0 0.34875 0.29 0.03125 0.06875
0 0.31375 0.29125 0.0325 0.06875
0 0.275 0.29125 0.03875 0.0675
0 0.2375 0.29125 0.03125 0.065
0 0.2025 0.2925 0.03375 0.06625
0 0.1625 0.29 0.0325 0.06875
0 0.505 0.27375 0.065 0.02125
0 0.5625 0.27625 0.0425 0.08125
0 0.61125 0.275 0.04625 0.08125
0 0.665 0.28125 0.0575 0.06875
0 0.72625 0.28 0.05375 0.06875
0 0.72125 0.23375 0.04875 0.02
0 0.77625 0.28625 0.035 0.055
0 0.78375 0.24 0.0625 0.02875
0 0.83125 0.28 0.02875 0.07
0 0.81625 0.40375 0.04375 0.05125
0 0.865 0.39125 0.04375 0.07625
0 0.9075 0.3925 0.035 0.075
0 0.95125 0.39 0.04625 0.08125
0 0.97125 0.5 0.03375 0.07
0 0.02875 0.6 0.035 0.07125
0 0.07 0.6 0.0375 0.07
0 0.10875 0.6 0.03125 0.07
0 0.14125 0.60125 0.03 0.065
0 0.1725 0.6025 0.02625 0.06625
0 0.20875 0.6 0.04 0.065
0 0.26375 0.61 0.05 0.02875
0 0.32125 0.61875 0.05875 0.02875
0 0.37375 0.6 0.03375 0.06875
0 0.425 0.6225 0.05875 0.02375
0 0.48875 0.61 0.06 0.03125
0 0.53375 0.6025 0.03 0.05875
0 0.5675 0.6025 0.03125 0.06
0 0.6 0.60625 0.0275 0.0525
0 0.63 0.5925 0.0275 0.05625
0 0.66625 0.6075 0.03 0.05375
0 0.93125 0.50125 0.04 0.0675
0 0.73375 0.60625 0.0325 0.06
0 0.88875 0.49875 0.04 0.07625
0 0.81 0.5025 0.035 0.06875
0 0.01875 0.50375 0.03625 0.06875
0 0.06125 0.50125 0.0375 0.07
0 0.1 0.50375 0.03375 0.0675
0 0.14375 0.5025 0.0375 0.07375
0 0.185 0.5025 0.0375 0.07
0 0.2225 0.5125 0.03125 0.05125
0 0.2575 0.5125 0.03125 0.05
0 0.3075 0.51 0.05875 0.0525
0 0.35875 0.50375 0.04 0.06875
0 0.4125 0.505 0.05625 0.06375
0 0.475 0.50375 0.06 0.065
0 0.5375 0.50875 0.05625 0.055
0 0.59875 0.50375 0.06 0.06375
0 0.65 0.505 0.04 0.06
0 0.6925 0.50625 0.04 0.06
0 0.73125 0.505 0.035 0.06125
0 0.77375 0.50375 0.03375 0.06875
0 0.8475 0.5025 0.035 0.0675
0 0.04125 0.16125 0.05 0.07125
0 0.505 0.3025 0.065 0.02875