0 0.2975 0.555 0.0425 0.1
0 0.25625 0.5575 0.03625 0.0975
0 0.17375 0.72375 0.04625 0.0975
0 0.48 0.66625 0.065 0.08
0 0.165 0.60375 0.055 0.105
0 0.33375 0.555 0.0325 0.10125
0 0.215 0.55375 0.0425 0.09375
0 0.36875 0.5575 0.03625 0.1025
0 0.445 0.55375 0.0325 0.0975
0 0.5475 0.6675 0.06625 0.0825
0 0.425 0.67125 0.04375 0.07125
0 0.61375 0.66 0.05875 0.07125
0 0.37625 0.6725 0.04875 0.0725
0 0.31375 0.6725 0.07625 0.075
0 0.235 0.675 0.07875 0.07625
0 0.84875 0.555 0.04125 0.10125
0 0.805 0.5625 0.04125 0.0875
0 0.73875 0.58375 0.02625 0.0225
0 0.69375 0.555 0.04 0.0975
0 0.65625 0.55375 0.03 0.1
0 0.62375 0.55625 0.0325 0.10125
0 0.5875 0.5575 0.035 0.09875
0 0.5525 0.55375 0.0325 0.09875
0 0.5175 0.55375 0.03375 0.09625
0 0.48 0.55625 0.03875 0.09625
0 0.40625 0.5575 0.03625 0.10625
0 0.77 0.55625 0.02 0.0975
0 0.1625 0.16875 0.03875 0.1
0 0.245 0.16375 0.0325 0.10875
0 0.72625 0.29375 0.05125 0.12125
0 0.6825 0.30125 0.03375 0.10375
0 0.64875 0.3025 0.03375 0.10625
0 0.6075 0.29875 0.045 0.115
0 0.55875 0.29625 0.04875 0.12125
0 0.515 0.30375 0.03625 0.10625
0 0.81375 0.305 0.04375 0.09375
0 0.47625 0.30375 0.04125 0.1075
0 0.3975 0.29875 0.0275 0.1175
0 0.3625 0.30375 0.04 0.10375
0 0.27375 0.3 0.05875 0.12
0 0.22125 0.30625 0.04125 0.1075
0 0.17375 0.30625 0.0475 0.10875
0 0.68375 0.15875 0.03625 0.105
0 0.43375 0.30125 0.04125 0.115
0 0.7775 0.37875 0.0275 0.0575
0 0.75625 0.445 0.04125 0.07375
0 0.84625 0.43 0.04125 0.10625
0 0.16 0.4975 0.0375 0.06875
0 0.15 0.39875 0.0425 0.06375
0 0.20375 0.43625 0.04 0.095
0 0.2675 0.43625 0.035 0.0975
0 0.305 0.4325 0.0375 0.10625
0 0.3425 0.43625 0.03125 0.0975
0 0.3825 0.4325 0.0425 0.10625
0 0.4275 0.4275 0.0325 0.0875
0 0.46 0.43 0.03125 0.105
0 0.495 0.43125 0.035 0.10625
0 0.52875 0.435 0.0275 0.09375
0 0.565 0.4325 0.03875 0.10625
0 0.61125 0.43 0.0475 0.11
0 0.6525 0.435 0.03375 0.09875
0 0.715 0.43375 0.03375 0.1
0 0.64375 0.1525 0.04375 0.12
0 0.2825 0.16125 0.0425 0.1125
0 0.6 0.15375 0.03875 0.12
0 0.46 0.15375 0.04125 0.12375
0 0.185 0.84375 0.04625 0.09
0 0.8125 0.76875 0.0675 0.0775
0 0.745 0.7675 0.0625 0.0775
0 0.66375 0.76 0.06 0.0625
0 0.60125 0.76625 0.06375 0.0775
0 0.535 0.76625 0.06375 0.0775
0 0.23375 0.86125 0.04625 0.065
0 0.46875 0.765 0.06375 0.07625
0 0.36625 0.76875 0.04 0.06875
0 0.32125 0.76875 0.04625 0.07
0 0.2775 0.765 0.03875 0.07
0 0.23375 0.765 0.0475 0.0675
0 0.835 0.6675 0.07375 0.0825
0 0.205 0.16625 0.04625 0.10375
0 0.41125 0.76625 0.05 0.07375
0 0.27875 0.86125 0.04125 0.06625
0 0.31625 0.8775 0.0275 0.03125
0 0.34875 0.86 0.02625 0.03125
0 0.41375 0.1525 0.05 0.1275
0 0.36625 0.1575 0.04125 0.11875
0 0.32375 0.16 0.0375 0.115
0 0.145 0.835 0.03 0.08
0 0.82125 0.85 0.035 0.03
0 0.7775 0.87875 0.04875 0.04
0 0.72875 0.87875 0.04625 0.035
0 0.6325 0.8475 0.0275 0.02875
0 0.6625 0.86 0.03125 0.03
0 0.5725 0.885 0.035 0.0225
0 0.5225 0.85875 0.045 0.0375
0 0.47625 0.86375 0.0425 0.05625
0 0.435 0.85625 0.0325 0.04
0 0.40125 0.8775 0.03 0.035
0 0.375 0.85875 0.0225 0.03375
0 0.5525 0.14875 0.0525 0.13
0 0.3225 0.305 0.035 0.1025
0 0.75125 0.65375 0.06125 0.05875
0 0.67625 0.65375 0.0625 0.06