0 0.76 0.41375 0.0375 0.07625
0 0.755 0.48875 0.05125 0.0725
0 0.8275 0.48875 0.09375 0.075
0 0.56625 0.5 0.1075 0.0775
0 0.6725 0.495 0.105 0.085
0 0.4425 0.50875 0.1175 0.085
0 0.3375 0.51375 0.08125 0.08875
0 0.1625 0.52625 0.075 0.0925
0 0.195 0.38125 0.025 0.14375
0 0.21625 0.4625 0.02375 0.12875
0 0.245 0.51875 0.02375 0.13625
0 0.24625 0.24875 0.04125 0.11375
0 0.25875 0.36125 0.03875 0.0625
0 0.2425 0.79125 0.07625 0.05875
0 0.315 0.785 0.0675 0.0675
0 0.44875 0.76 0.0625 0.0675
0 0.51125 0.74875 0.0575 0.0575
0 0.61625 0.72875 0.05625 0.0475
0 0.675 0.72125 0.055 0.05625
0 0.7275 0.71625 0.04875 0.0475
0 0.77625 0.7075 0.04875 0.055
0 0.82375 0.70125 0.04375 0.04375
0 0.86125 0.6925 0.0275 0.055
0 0.615 0.78125 0.05 0.045
0 0.6725 0.77625 0.05875 0.055
0 0.725 0.76875 0.04125 0.0475
0 0.7725 0.75625 0.04625 0.04625
0 0.83 0.4075 0.08875 0.0825
0 0.68375 0.41 0.09875 0.085
0 0.57375 0.41125 0.11 0.07875
0 0.44875 0.415 0.12375 0.08875
0 0.19875 0.05375 0.06375 0.10375
0 0.26875 0.05625 0.0625 0.1125
0 0.33125 0.06 0.0575 0.1175
0 0.39125 0.0625 0.05 0.115
0 0.44875 0.07375 0.0575 0.1375
0 0.51 0.0725 0.0625 0.13375
0 0.56875 0.08125 0.05375 0.15125
0 0.62125 0.0775 0.04375 0.14375
0 0.6725 0.08125 0.0575 0.15375
0 0.7325 0.09125 0.055 0.1425
0 0.7875 0.095 0.04375 0.15375
0 0.83625 0.10125 0.0475 0.14375
0 0.8225 0.74875 0.03375 0.04375
0 0.1475 0.2325 0.04375 0.195
0 0.36 0.2575 0.055 0.15875
0 0.41625 0.255 0.0525 0.16375
0 0.4725 0.2625 0.055 0.1525
0 0.52375 0.26125 0.04375 0.165
0 0.57 0.27 0.0475 0.15125
0 0.62 0.2625 0.05 0.1425
0 0.67375 0.26375 0.05375 0.1425
0 0.72375 0.2675 0.045 0.1475
0 0.76625 0.2725 0.04125 0.1375
0 0.80875 0.27 0.04625 0.14125
0 0.8525 0.27125 0.03875 0.14125
0 0.32625 0.41625 0.08875 0.0925
0 0.30375 0.2475 0.055 0.17625
0 0.85875 0.74 0.0325 0.0475
0 0.38375 0.76875 0.06125 0.05125
0 0.67375 0.8275 0.0475 0.045
0 0.44125 0.935 0.05125 0.05125
0 0.505 0.92125 0.05625 0.04875
0 0.50125 0.97375 0.055 0.05125
0 0.55875 0.96 0.05125 0.0475
0 0.4425 0.98125 0.0625 0.03625
0 0.1525 0.6325 0.05375 0.06375
0 0.22375 0.62625 0.0775 0.0575
0 0.3025 0.625 0.07375 0.0625
0 0.3775 0.61625 0.0725 0.0575
0 0.44375 0.6075 0.0625 0.0675
0 0.50625 0.6 0.06 0.05625
0 0.615 0.83625 0.05375 0.045
0 0.68 0.58375 0.05125 0.055
0 0.38125 0.95 0.0575 0.04625
0 0.73375 0.57625 0.05375 0.04625
0 0.83375 0.57 0.05625 0.0475
0 0.57 0.6475 0.055 0.05
0 0.625 0.6425 0.055 0.06
0 0.67875 0.63625 0.05125 0.04625
0 0.73125 0.6325 0.05375 0.05875
0 0.78125 0.6275 0.04375 0.05375
0 0.82875 0.625 0.05 0.05625
0 0.15375 0.70625 0.05625 0.07375
0 0.22375 0.6975 0.0675 0.0625
0 0.29875 0.69 0.075 0.0625
0 0.3775 0.67875 0.08125 0.06625
0 0.44625 0.67125 0.0625 0.05625
0 0.50875 0.66375 0.0575 0.06875
0 0.7825 0.5725 0.04125 0.05125
0 0.3125 0.97125 0.07 0.0575
0 0.625 0.5875 0.055 0.05125
0 0.24125 0.975 0.07625 0.05
0 0.725 0.81875 0.04875 0.055
0 0.77375 0.8075 0.04625 0.045
0 0.81625 0.7975 0.0375 0.04875
0 0.85625 0.7925 0.03625 0.04375
0 0.6175 0.88875 0.05375 0.0425
0 0.6725 0.875 0.04875 0.0425
0 0.72 0.87125 0.04375 0.04875
0 0.7675 0.8575 0.04375 0.04625
0 0.855 0.83625 0.04 0.03125
0 0.61625 0.9425 0.0575 0.04625
0 0.6675 0.93125 0.05125 0.0425
0 0.7175 0.92125 0.04375 0.04625
0 0.76375 0.9025 0.04125 0.03625
0 0.8125 0.8475 0.04375 0.04875
0 0.31375 0.90625 0.07125 0.04625
0 0.85375 0.88125 0.035 0.0425
0 0.23875 0.86 0.075 0.055
0 0.3125 0.85 0.06625 0.0625
0 0.38125 0.83 0.06125 0.045
0 0.4475 0.8175 0.06875 0.0575
0 0.51 0.81125 0.0575 0.05
0 0.23625 0.92125 0.06875 0.055
0 0.55875 0.90875 0.045 0.04875
0 0.385 0.89125 0.065 0.0525
0 0.44625 0.8725 0.0525 0.04625
0 0.5075 0.86375 0.05125 0.0475
0 0.8075 0.89375 0.04375 0.03625