0 0.38875 0.19875 0.02 0.075
0 0.41375 0.19375 0.03 0.07625
0 0.4475 0.1875 0.035 0.09
0 0.36625 0.19625 0.01875 0.0675
0 0.4825 0.19125 0.035 0.075
0 0.52 0.19375 0.02875 0.085
0 0.545 0.205 0.02 0.05
0 0.56625 0.205 0.01875 0.05
0 0.5925 0.1875 0.03125 0.085
0 0.63125 0.1925 0.04 0.07875
0 0.67375 0.205 0.03125 0.05125
0 0.725 0.2025 0.0475 0.055
0 0.78875 0.18375 0.07375 0.10125
0 0.2225 0.32375 0.03 0.0875
0 0.78125 0.31625 0.09 0.1075
0 0.65875 0.3325 0.0275 0.07625
0 0.69125 0.335 0.03375 0.07125
0 0.5775 0.3325 0.03 0.07625
0 0.605 0.33375 0.02375 0.075
0 0.62875 0.33375 0.025 0.075
0 0.65625 0.84375 0.0475 0.01625
0 0.165 0.325 0.0325 0.08875
0 0.195 0.32375 0.025 0.08625
0 0.25125 0.325 0.025 0.085
0 0.30875 0.32625 0.03 0.085
0 0.35125 0.34625 0.03875 0.05125
0 0.34625 0.1975 0.025 0.06375
0 0.8475 0.2225 0.03875 0.035
0 0.31625 0.19375 0.0275 0.0725
0 0.3725 0.595 0.02375 0.0675
0 0.25375 0.19125 0.0275 0.0725
0 0.65875 0.69875 0.03375 0.0575
0 0.7 0.71 0.0375 0.05375
0 0.7425 0.70875 0.0375 0.04625
0 0.7825 0.7 0.0375 0.05125
0 0.82375 0.6975 0.035 0.06
0 0.3525 0.84375 0.05125 0.0775
0 0.44875 0.58125 0.02625 0.09
0 0.4225 0.585 0.0225 0.0825
0 0.39875 0.58 0.025 0.0925
0 0.54875 0.59375 0.02 0.0525
0 0.34375 0.585 0.03 0.085
0 0.3175 0.58125 0.0225 0.0975
0 0.29125 0.575 0.02625 0.1025
0 0.4725 0.5775 0.02125 0.08625
0 0.50125 0.57375 0.03125 0.09125
0 0.52625 0.575 0.02 0.0925
0 0.3625 0.785 0.04875 0.02125
0 0.61625 0.695 0.0425 0.07375
0 0.435 0.82875 0.05 0.015
0 0.41875 0.845 0.045 0.01
0 0.41375 0.8575 0.05 0.0175
0 0.49 0.85625 0.055 0.0125
0 0.54375 0.81125 0.04875 0.105
0 0.66 0.83125 0.045 0.015
0 0.13125 0.1825 0.0125 0.0875
0 0.15375 0.1825 0.0275 0.085
0 0.17875 0.185 0.0175 0.08875
0 0.19875 0.1825 0.01875 0.0925
0 0.22375 0.19125 0.02875 0.0725
0 0.28375 0.19375 0.03125 0.0775
0 0.3925 0.34625 0.0425 0.05125
0 0.2775 0.325 0.02875 0.08625
0 0.48375 0.33 0.03 0.08125
0 0.42625 0.6675 0.0275 0.03875
0 0.65125 0.78875 0.0375 0.06125
0 0.49 0.80625 0.04625 0.07625
0 0.43375 0.78875 0.045 0.045
0 0.8625 0.69625 0.025 0.0625
0 0.54 0.7025 0.03375 0.06875
0 0.50125 0.65625 0.0325 0.02375
0 0.5 0.7025 0.03125 0.06875
0 0.4675 0.70125 0.035 0.09125
0 0.4275 0.7225 0.0325 0.045
0 0.42625 0.32875 0.025 0.07625
0 0.39375 0.685 0.0275 0.07625
0 0.365 0.695 0.02375 0.095
0 0.3375 0.695 0.025 0.10625
0 0.3125 0.7025 0.02375 0.095
0 0.2875 0.7 0.02625 0.0875
0 0.26375 0.69625 0.02125 0.095
0 0.23875 0.695 0.02375 0.09125
0 0.21 0.6975 0.02625 0.09
0 0.18625 0.70125 0.0225 0.09375
0 0.15625 0.7 0.03125 0.0925
0 0.85875 0.57875 0.03125 0.07375
0 0.82375 0.58125 0.03375 0.065
0 0.78125 0.58125 0.04375 0.06
0 0.7375 0.57875 0.03875 0.065
0 0.69125 0.59375 0.03875 0.04875
0 0.65375 0.57875 0.03875 0.0775
0 0.615 0.57875 0.0375 0.07875
0 0.575 0.57125 0.03125 0.08125
0 0.84875 0.7925 0.04875 0.0775
0 0.78375 0.80875 0.08 0.08375
0 0.5775 0.69875 0.03125 0.07625
0 0.69875 0.79125 0.05125 0.07
0 0.7125 0.8425 0.04875 0.0275
0 0.63375 0.4575 0.02625 0.0775
0 0.56875 0.45875 0.025 0.08375
0 0.5375 0.465 0.0275 0.0775
0 0.51 0.45625 0.025 0.0975
0 0.47875 0.4525 0.02 0.075
0 0.46 0.46125 0.02125 0.08125
0 0.43875 0.46375 0.02125 0.0775
0 0.40875 0.46125 0.0275 0.08125
0 0.37875 0.4625 0.03125 0.0825
0 0.34875 0.465 0.02875 0.0775
0 0.665 0.46 0.03375 0.07125
0 0.60125 0.46375 0.03875 0.0675
0 0.25 0.46125 0.03 0.07625
0 0.315 0.465 0.03875 0.07625
0 0.7325 0.4575 0.03875 0.07375
0 0.25875 0.575 0.03125 0.0875
0 0.22625 0.57875 0.02375 0.09125
0 0.2 0.57625 0.0225 0.1
0 0.16875 0.59625 0.035 0.07
0 0.69875 0.46 0.0275 0.07
0 0.53625 0.33375 0.02375 0.08125
0 0.145 0.46375 0.0375 0.08375
0 0.17875 0.46125 0.02875 0.085
0 0.21875 0.465 0.0325 0.07375
0 0.51125 0.33 0.025 0.075
0 0.825 0.45625 0.03875 0.095
0 0.78625 0.46375 0.03125 0.06375
0 0.76125 0.46125 0.01625 0.06625
0 0.86 0.47625 0.03125 0.0425