0 0.3825 0.60125 0.04375 0.0825
0 0.4275 0.60125 0.045 0.0825
0 0.47125 0.60125 0.04125 0.08375
0 0.5125 0.60125 0.03875 0.08375
0 0.55625 0.60125 0.04125 0.08125
0 0.6 0.59875 0.04375 0.08125
0 0.64625 0.5925 0.045 0.0825
0 0.71 0.59625 0.04875 0.08625
0 0.76125 0.59625 0.04875 0.08625
0 0.81625 0.59625 0.0425 0.07625
0 0.85625 0.5975 0.03625 0.0775
0 0.8425 0.7075 0.03625 0.06375
0 0.14 0.04 0.02875 0.0775
0 0.1725 0.03875 0.03375 0.0775
0 0.21125 0.03875 0.03625 0.075
0 0.24375 0.03875 0.02625 0.07625
0 0.27125 0.03875 0.02625 0.0775
0 0.3025 0.03875 0.0325 0.075
0 0.33875 0.0425 0.0325 0.0775
0 0.3725 0.0475 0.03 0.06
0 0.40125 0.0475 0.02625 0.05875
0 0.43125 0.04625 0.03375 0.06
0 0.46625 0.04 0.0325 0.07375
0 0.34125 0.62625 0.03625 0.06375
0 0.3025 0.6275 0.03625 0.06125
0 0.2 0.62875 0.055 0.06625
0 0.50625 0.03875 0.0375 0.0775
0 0.80125 0.705 0.03875 0.07
0 0.75375 0.69875 0.035 0.08125
0 0.71125 0.7 0.04625 0.0875
0 0.67125 0.69875 0.035 0.08875
0 0.63125 0.7025 0.04625 0.08375
0 0.58125 0.705 0.04875 0.0875
0 0.5325 0.705 0.04625 0.085
0 0.4325 0.7025 0.04625 0.08125
0 0.385 0.70375 0.04625 0.0825
0 0.34875 0.72875 0.025 0.0325
0 0.32375 0.73 0.025 0.0325
0 0.25625 0.6275 0.05375 0.06875
0 0.3225 0.69625 0.02375 0.0325
0 0.225 0.7175 0.0475 0.06375
0 0.17 0.715 0.06 0.07
0 0.8425 0.2425 0.06375 0.08
0 0.83625 0.15375 0.0775 0.08875
0 0.85875 0.03875 0.03 0.075
0 0.43125 0.495 0.04375 0.07
0 0.385 0.49875 0.0475 0.08
0 0.29625 0.54375 0.04 0.065
0 0.25625 0.54625 0.04125 0.06625
0 0.215 0.5475 0.04 0.065
0 0.16 0.54875 0.06875 0.0575
0 0.27875 0.71625 0.05625 0.065
0 0.54875 0.03875 0.045 0.0775
0 0.2425 0.3575 0.035 0.08
0 0.615 0.04125 0.0225 0.0725
0 0.27 0.4525 0.03 0.075
0 0.7575 0.49375 0.04625 0.08375
0 0.7125 0.49625 0.04375 0.0825
0 0.66125 0.4925 0.045 0.08
0 0.61625 0.495 0.045 0.0825
0 0.56125 0.49625 0.0475 0.085
0 0.5175 0.4975 0.04125 0.08375
0 0.475 0.4975 0.03875 0.08375
0 0.24 0.45375 0.02875 0.08
0 0.2075 0.45375 0.03375 0.0775
0 0.3875 0.15 0.0225 0.06875
0 0.36375 0.14625 0.0225 0.0725
0 0.32625 0.1425 0.025 0.08125
0 0.3 0.14125 0.025 0.08
0 0.25875 0.1375 0.0325 0.08875
0 0.2225 0.13375 0.0375 0.09625
0 0.18125 0.13375 0.0425 0.0925
0 0.59 0.1575 0.02375 0.05
0 0.16 0.25125 0.035 0.085
0 0.30125 0.45375 0.0275 0.0775
0 0.19625 0.2525 0.03375 0.0825
0 0.34 0.45125 0.03625 0.0875
0 0.435 0.41375 0.035 0.0575
0 0.56875 0.1575 0.0175 0.0475
0 0.54625 0.165 0.0225 0.03125
0 0.5225 0.1575 0.02 0.05125
0 0.58875 0.04125 0.02875 0.07125
0 0.81125 0.50375 0.04 0.06875
0 0.8525 0.505 0.04 0.0675
0 0.84 0.375 0.035 0.05625
0 0.77625 0.4075 0.025 0.06
0 0.7475 0.4075 0.03125 0.06125
0 0.7175 0.4075 0.02875 0.06125
0 0.69 0.40875 0.025 0.06125
0 0.47625 0.1425 0.02875 0.08125
0 0.445 0.1425 0.0275 0.07875
0 0.66125 0.4075 0.03 0.06125
0 0.58125 0.40875 0.02 0.06125
0 0.555 0.415 0.03125 0.0525
0 0.52375 0.41375 0.03 0.0575
0 0.49375 0.415 0.0275 0.05625
0 0.465 0.41375 0.02625 0.055
0 0.375 0.41625 0.03125 0.05375
0 0.26875 0.25375 0.0325 0.0775
0 0.14125 0.13625 0.0325 0.09
0 0.33125 0.24375 0.04125 0.09625
0 0.3725 0.32625 0.03375 0.06875
0 0.2975 0.25 0.02375 0.085
0 0.33125 0.35625 0.02 0.07875
0 0.30375 0.3575 0.03625 0.07875
0 0.17 0.45875 0.025 0.08125
0 0.1425 0.4575 0.02875 0.085
0 0.18 0.35875 0.03125 0.08
0 0.21 0.35375 0.0275 0.08625
0 0.665 0.14 0.0325 0.08375
0 0.70125 0.13625 0.03875 0.09125
0 0.74125 0.13625 0.03875 0.09
0 0.83 0.0475 0.025 0.055
0 0.8025 0.045 0.03 0.06375
0 0.7775 0.045 0.01875 0.06125
0 0.7525 0.045 0.02875 0.06625
0 0.72375 0.04375 0.025 0.06625
0 0.69375 0.04375 0.02875 0.06625
0 0.665 0.045 0.025 0.06375
0 0.64 0.045 0.0225 0.065
0 0.44875 0.325 0.03 0.06875
0 0.48 0.32625 0.03 0.07
0 0.3475 0.3575 0.0125 0.0775
0 0.545 0.325 0.0325 0.06875
0 0.37125 0.2375 0.0325 0.07375
0 0.405 0.24 0.0325 0.06875
0 0.435 0.24 0.0275 0.06625
0 0.46875 0.2375 0.03625 0.07125
0 0.50125 0.2375 0.025 0.07125
0 0.53 0.2375 0.03 0.0675
0 0.5625 0.23625 0.03375 0.07125
0 0.6225 0.23625 0.03 0.07375
0 0.64875 0.24 0.02 0.0625
0 0.67875 0.23875 0.03125 0.065
0 0.6175 0.155 0.03 0.0575
0 0.71625 0.23625 0.035 0.07125
0 0.7825 0.2375 0.03 0.0675
0 0.75625 0.325 0.0275 0.0625
0 0.7275 0.32625 0.02625 0.06375
0 0.70125 0.32625 0.0275 0.06375
0 0.675 0.32625 0.0225 0.06375
0 0.6475 0.32625 0.03 0.06625
0 0.61375 0.325 0.03625 0.06625
0 0.5125 0.32375 0.03125 0.07