0 0.28875 0.6375 0.025 0.09
0 0.31875 0.63875 0.02625 0.09
0 0.345 0.63625 0.02375 0.08625
0 0.3725 0.63625 0.0225 0.08375
0 0.40125 0.6375 0.02375 0.085
0 0.43 0.635 0.02375 0.08625
0 0.21875 0.5775 0.02625 0.0775
0 0.18375 0.68125 0.02125 0.0825
0 0.4775 0.6375 0.02 0.08125
0 0.505 0.6375 0.02 0.07625
0 0.5675 0.56875 0.0175 0.06875
0 0.58875 0.57125 0.0175 0.06375
0 0.61375 0.57 0.02 0.065
0 0.6375 0.57375 0.02 0.0625
0 0.455 0.635 0.02 0.0825
0 0.19125 0.57875 0.02125 0.08
0 0.1625 0.57875 0.025 0.0825
0 0.135 0.5825 0.02 0.0875
0 0.775 0.485 0.02625 0.0625
0 0.74625 0.485 0.0225 0.06375
0 0.72 0.48375 0.02375 0.06625
0 0.6925 0.4825 0.02 0.06875
0 0.67 0.48375 0.025 0.07
0 0.6425 0.48375 0.025 0.07125
0 0.61625 0.4825 0.0225 0.06875
0 0.59 0.48375 0.02 0.06625
0 0.5675 0.48375 0.0175 0.0625
0 0.5175 0.51 0.03375 0.0875
0 0.48375 0.50875 0.01875 0.08125
0 0.46 0.50625 0.02125 0.09
0 0.4325 0.50875 0.02375 0.08875
0 0.665 0.57125 0.02125 0.06625
0 0.69 0.57375 0.02125 0.065
0 0.715 0.57375 0.02125 0.0675
0 0.7375 0.575 0.01625 0.065
0 0.44625 0.7425 0.0225 0.08125
0 0.4175 0.745 0.02875 0.08125
0 0.64 0.2925 0.02625 0.0775
0 0.38625 0.74375 0.0225 0.0825
0 0.35625 0.74125 0.02375 0.085
0 0.3275 0.73625 0.02875 0.08875
0 0.29375 0.74625 0.03375 0.08125
0 0.21 0.7625 0.025 0.04875
0 0.18375 0.76375 0.0175 0.05
0 0.1575 0.76625 0.025 0.05
0 0.1325 0.76625 0.015 0.0525
0 0.21 0.68125 0.02375 0.08125
0 0.155 0.67875 0.025 0.0825
0 0.13125 0.67625 0.0125 0.07875
0 0.405 0.51125 0.0225 0.08375
0 0.76 0.6675 0.02375 0.07125
0 0.71125 0.66625 0.0175 0.065
0 0.69125 0.6675 0.01625 0.0675
0 0.66875 0.665 0.02125 0.07625
0 0.64375 0.665 0.02125 0.07125
0 0.62 0.6725 0.01625 0.05375
0 0.6 0.67 0.0175 0.055
0 0.575 0.66 0.02625 0.07375
0 0.85875 0.695 0.03125 0.065
0 0.83 0.69875 0.02125 0.06875
0 0.8625 0.6075 0.02375 0.0675
0 0.83375 0.60625 0.03 0.07125
0 0.87 0.49 0.0075 0.065
0 0.85 0.48625 0.025 0.07125
0 0.76875 0.5725 0.035 0.06375
0 0.73375 0.67125 0.0175 0.0675
0 0.47625 0.73875 0.02375 0.08125
0 0.3775 0.50875 0.01875 0.0875
0 0.32375 0.51 0.02125 0.09
0 0.32875 0.22375 0.01875 0.0625
0 0.355 0.2175 0.02125 0.06
0 0.3825 0.21125 0.02875 0.0775
0 0.41625 0.2125 0.025 0.075
0 0.445 0.20875 0.02 0.0875
0 0.47125 0.21625 0.0225 0.0775
0 0.49375 0.2125 0.02 0.08
0 0.525 0.2125 0.03375 0.0875
0 0.5775 0.19375 0.01625 0.07625
0 0.605 0.195 0.0275 0.07625
0 0.63375 0.195 0.025 0.08
0 0.66125 0.195 0.02125 0.07625
0 0.685 0.2 0.02 0.075
0 0.71625 0.1975 0.0275 0.07125
0 0.29625 0.22 0.03125 0.06
0 0.7425 0.2 0.01875 0.07375
0 0.7975 0.2025 0.03 0.0775
0 0.14 0.25875 0.03 0.08625
0 0.17 0.26125 0.025 0.08625
0 0.205 0.26375 0.03375 0.08375
0 0.28375 0.315 0.03 0.07375
0 0.3175 0.31125 0.02375 0.075
0 0.34625 0.31625 0.02375 0.07375
0 0.37375 0.315 0.02625 0.075
0 0.405 0.31375 0.02375 0.07125
0 0.43375 0.3175 0.02375 0.07375
0 0.46125 0.3175 0.02125 0.0725
0 0.4875 0.31875 0.02 0.07
0 0.5175 0.32 0.025 0.07125
0 0.575 0.29125 0.02625 0.07625
0 0.76625 0.2025 0.02625 0.0775
0 0.21375 0.1725 0.02875 0.0575
0 0.185 0.16875 0.0275 0.06875
0 0.155 0.16625 0.025 0.0725
0 0.29375 0.50625 0.03125 0.09375
0 0.21 0.46625 0.0325 0.0975
0 0.17125 0.46875 0.03375 0.0925
0 0.13875 0.46875 0.02625 0.09125
0 0.21875 0.36375 0.02625 0.08
0 0.18875 0.36375 0.02 0.08375
0 0.16 0.36125 0.0275 0.085
0 0.135 0.365 0.015 0.0825
0 0.29 0.41 0.02625 0.0725
0 0.32 0.41375 0.025 0.065
0 0.345 0.4125 0.02125 0.07375
0 0.3725 0.41125 0.0225 0.0775
0 0.4 0.40875 0.02375 0.07
0 0.43125 0.41375 0.0225 0.075
0 0.45875 0.41125 0.02375 0.07625
0 0.48625 0.4125 0.02625 0.07375
0 0.515 0.41 0.025 0.075
0 0.1325 0.16125 0.015 0.06875
0 0.67875 0.29375 0.03375 0.07375
0 0.71125 0.295 0.02625 0.0775
0 0.7425 0.29625 0.02625 0.07875
0 0.77875 0.29875 0.0375 0.07375
0 0.865 0.3075 0.02 0.07
0 0.3525 0.5075 0.025 0.095
0 0.86 0.39625 0.02875 0.0725
0 0.7375 0.3925 0.03375 0.07375
0 0.7025 0.3925 0.03125 0.07375
0 0.66625 0.38875 0.0325 0.0775
0 0.63 0.38875 0.0325 0.0775
0 0.59875 0.38625 0.0275 0.085
0 0.57 0.38375 0.02125 0.07375
0 0.775 0.39375 0.035 0.07125
0 0.505 0.74 0.02875 0.075
0 0.60875 0.295 0.03125 0.07875
0 0.60625 0.74625 0.01875 0.0575
0 0.855 0.75875 0.03625 0.04125
0 0.81875 0.76125 0.02375 0.035
0 0.7425 0.76 0.02375 0.04
0 0.57875 0.7525 0.03 0.04625
0 0.6875 0.75375 0.025 0.0475
0 0.66 0.75 0.02375 0.05
0 0.63 0.74875 0.02 0.06125
0 0.71375 0.7575 0.02 0.04