0 0.22625 0.59625 0.025 0.04375
0 0.135 0.5725 0.01875 0.0375
0 0.255 0.605 0.0225 0.03375
0 0.19875 0.59 0.0225 0.03125
0 0.175 0.57625 0.0175 0.03625
0 0.15625 0.57625 0.0175 0.03375
0 0.2925 0.7 0.02625 0.04625
0 0.3875 0.69 0.03125 0.035
0 0.32125 0.7075 0.0275 0.045
0 0.32125 0.665 0.0225 0.03625
0 0.36 0.72875 0.03 0.0425
0 0.39 0.73625 0.02875 0.035
0 0.26 0.64375 0.02 0.03625
0 0.35375 0.67875 0.03 0.04875
0 0.28875 0.6525 0.03125 0.04375
0 0.235 0.6425 0.0275 0.0375
0 0.2 0.35125 0.01 0.0275
0 0.1825 0.62375 0.02125 0.0375
0 0.3525 0.6325 0.0325 0.03375
0 0.15125 0.40875 0.01875 0.0525
0 0.1325 0.41 0.015 0.05375
0 0.18375 0.35125 0.01375 0.02625
0 0.2675 0.35625 0.01125 0.02875
0 0.28125 0.35625 0.015 0.0275
0 0.7925 0.44625 0.02375 0.08625
0 0.2625 0.69125 0.0225 0.03125
0 0.24 0.6825 0.02 0.0325
0 0.21 0.67125 0.0175 0.02875
0 0.1875 0.66125 0.02375 0.035
0 0.16625 0.655 0.0125 0.0225
0 0.14625 0.645 0.0225 0.03125
0 0.14 0.61 0.01875 0.03125
0 0.16125 0.6125 0.01625 0.025
0 0.20375 0.62875 0.015 0.03125
0 0.5125 0.78375 0.04125 0.05375
0 0.39 0.645 0.03875 0.04625
0 0.49375 0.21625 0.0275 0.07125
0 0.25875 0.2575 0.02 0.11875
0 0.285 0.25625 0.025 0.12
0 0.31875 0.25125 0.035 0.1275
0 0.74875 0.35875 0.0275 0.09
0 0.7475 0.4525 0.0275 0.08875
0 0.715 0.455 0.03125 0.085
0 0.71625 0.36125 0.03 0.08875
0 0.68625 0.35875 0.03125 0.085
0 0.6825 0.44875 0.02375 0.0925
0 0.655 0.4475 0.0275 0.08375
0 0.62625 0.3625 0.025 0.055
0 0.62625 0.415 0.0225 0.0475
0 0.6275 0.465 0.02375 0.04875
0 0.6025 0.465 0.0225 0.0475
0 0.60125 0.41625 0.0225 0.04625
0 0.60375 0.36625 0.01875 0.05375
0 0.575 0.42875 0.0225 0.10875
0 0.55125 0.43 0.02375 0.1075
0 0.52625 0.42625 0.0225 0.095
0 0.5025 0.425 0.02125 0.1
0 0.48125 0.4225 0.01875 0.09625
0 0.46125 0.4225 0.02 0.09625
0 0.43125 0.36125 0.02375 0.06625
0 0.43375 0.43375 0.02 0.0725
0 0.4125 0.4375 0.02 0.065
0 0.41125 0.365 0.015 0.06875
0 0.3925 0.35875 0.0175 0.0475
0 0.24 0.25875 0.01625 0.11375
0 0.37375 0.3625 0.01625 0.04375
0 0.21625 0.2625 0.02625 0.1175
0 0.175 0.26625 0.015 0.10875
0 0.4675 0.7675 0.04125 0.05625
0 0.59125 0.0525 0.04625 0.0975
0 0.54 0.055 0.05125 0.09625
0 0.49625 0.06125 0.0275 0.115
0 0.45625 0.065 0.04875 0.12
0 0.41375 0.075 0.02875 0.1375
0 0.375 0.085 0.045 0.1225
0 0.33875 0.09 0.025 0.13375
0 0.30875 0.1 0.02875 0.11875
0 0.28125 0.105 0.025 0.11625
0 0.25125 0.11375 0.02625 0.10375
0 0.22875 0.12125 0.01875 0.11875
0 0.20625 0.13 0.02625 0.10125
0 0.1825 0.1325 0.01875 0.10625
0 0.155 0.13875 0.03125 0.0975
0 0.81875 0.19375 0.04625 0.20375
0 0.7625 0.20375 0.0625 0.185
0 0.70375 0.20375 0.05375 0.18375
0 0.65125 0.21875 0.0475 0.17375
0 0.60375 0.22 0.04 0.1725
0 0.56 0.22875 0.04 0.16375
0 0.52125 0.21 0.02375 0.07375
0 0.46875 0.21625 0.02125 0.0725
0 0.4425 0.21875 0.0225 0.0725
0 0.43375 0.285 0.04625 0.0375
0 0.4925 0.2825 0.0625 0.04
0 0.14375 0.265 0.025 0.1075
0 0.1925 0.2675 0.015 0.11
0 0.375 0.40375 0.015 0.03875
0 0.65375 0.3625 0.025 0.0825
0 0.39125 0.44375 0.015 0.04125
0 0.3925 0.57125 0.02625 0.04375
0 0.36 0.5175 0.02875 0.0425
0 0.35875 0.565 0.0275 0.04375
0 0.32375 0.51375 0.035 0.04375
0 0.32625 0.5575 0.03 0.04
0 0.295 0.5025 0.0175 0.04
0 0.2725 0.4975 0.03 0.04
0 0.29125 0.545 0.02 0.03625
0 0.26875 0.53625 0.0175 0.0325
0 0.24125 0.53375 0.02625 0.03125
0 0.215 0.5275 0.02375 0.0375
0 0.1625 0.4825 0.02 0.03875
0 0.18625 0.485 0.02125 0.0375
0 0.16625 0.5225 0.0225 0.03375
0 0.19 0.525 0.02 0.04
0 0.39 0.40375 0.015 0.04125
0 0.1425 0.515 0.02 0.03625
0 0.795 0.76625 0.0525 0.0625
0 0.79625 0.8275 0.05 0.0525
0 0.795 0.88875 0.05375 0.0625
0 0.735 0.8025 0.06375 0.05125
0 0.73375 0.865 0.06 0.07
0 0.67125 0.845 0.0575 0.04125
0 0.61375 0.825 0.0525 0.075
0 0.5625 0.8025 0.04875 0.04125
0 0.42625 0.70375 0.03875 0.05
0 0.42625 0.7525 0.0375 0.04625
0 0.3925 0.52375 0.03 0.04625
0 0.42625 0.5775 0.02875 0.04375
0 0.1425 0.4775 0.01875 0.03125
0 0.4775 0.58875 0.03875 0.05125
0 0.42625 0.53 0.0375 0.04625
0 0.375 0.44625 0.015 0.03625
0 0.355 0.41625 0.015 0.08625
0 0.33625 0.41625 0.01625 0.09
0 0.32 0.415 0.015 0.09
0 0.3025 0.41875 0.0175 0.08375
0 0.2875 0.41375 0.01125 0.08375
0 0.26125 0.4225 0.00875 0.065
0 0.24875 0.42375 0.015 0.0625
0 0.235 0.42 0.01 0.06
0 0.22375 0.42125 0.01 0.0575
0 0.2125 0.3975 0.0075 0.04
0 0.2 0.39625 0.0125 0.0375
0 0.2025 0.43125 0.0125 0.03125
0 0.27625 0.415 0.0125 0.07875
0 0.815 0.59375 0.0725 0.06125
0 0.46625 0.53375 0.04125 0.05125
0 0.2125 0.4325 0.0075 0.0275
0 0.5175 0.59625 0.035 0.055
0 0.5125 0.53875 0.04375 0.045
0 0.56875 0.605 0.0475 0.05625
0 0.6225 0.61625 0.05 0.0475
0 0.56 0.54625 0.045 0.05125
0 0.6775 0.62625 0.055 0.0625
0 0.67625 0.56 0.0575 0.065
0 0.73875 0.6425 0.06375 0.0725
0 0.745 0.57375 0.0775 0.06125
0 0.8075 0.65875 0.06625 0.0625