0 0.23 0.6675 0.03375 0.04
0 0.80875 0.13125 0.03875 0.05125
0 0.81125 0.84375 0.03 0.0225
0 0.83375 0.81 0.03125 0.025
0 0.86375 0.755 0.0225 0.02
0 0.83375 0.755 0.02375 0.02
0 0.8025 0.755 0.0275 0.02
0 0.83625 0.73 0.0275 0.02375
0 0.82625 0.56375 0.02375 0.025
0 0.795 0.57375 0.02875 0.02875
0 0.76125 0.57875 0.03375 0.04625
0 0.72375 0.58375 0.0325 0.045
0 0.6875 0.56 0.0225 0.03625
0 0.665 0.5825 0.00875 0.035
0 0.65125 0.585 0.01 0.0325
0 0.64125 0.585 0.00875 0.03375
0 0.6275 0.58125 0.015 0.035
0 0.5525 0.58875 0.0375 0.03125
0 0.52 0.59375 0.01625 0.01375
0 0.4975 0.59125 0.02125 0.01625
0 0.475 0.59 0.015 0.01875
0 0.455 0.5925 0.0175 0.0175
0 0.4325 0.59125 0.01875 0.02
0 0.58125 0.37 0.02125 0.0775
0 0.5575 0.33375 0.02 0.0125
0 0.55625 0.36625 0.0225 0.04625
0 0.53125 0.365 0.0225 0.045
0 0.50625 0.37625 0.01625 0.06125
0 0.44125 0.39875 0.03875 0.025
0 0.8425 0.8425 0.0275 0.02375
0 0.81125 0.8675 0.03125 0.02
0 0.84125 0.87 0.02375 0.02125
0 0.8675 0.8675 0.015 0.025
0 0.825 0.4925 0.0325 0.01375
0 0.83625 0.5075 0.035 0.01375
0 0.8475 0.44625 0.055 0.01875
0 0.84625 0.42 0.05 0.02125
0 0.85375 0.34875 0.04125 0.0275
0 0.8525 0.3175 0.04375 0.0275
0 0.78125 0.365 0.02 0.055
0 0.7525 0.365 0.0175 0.05125
0 0.56125 0.48 0.045 0.075
0 0.71 0.65875 0.05 0.04625
0 0.7675 0.665 0.05375 0.04375
0 0.8175 0.64125 0.03125 0.04
0 0.85125 0.64 0.02875 0.03875
0 0.3925 0.5875 0.02125 0.0175
0 0.86 0.56375 0.03 0.02375
0 0.4125 0.8275 0.01875 0.07875
0 0.43 0.8275 0.01125 0.06375
0 0.4475 0.83875 0.015 0.0625
0 0.47375 0.825 0.02375 0.07125
0 0.50375 0.85125 0.01625 0.04875
0 0.53375 0.83625 0.03375 0.065
0 0.57125 0.82625 0.025 0.07125
0 0.60125 0.8225 0.03 0.0675
0 0.64125 0.84625 0.03125 0.02875
0 0.6775 0.845 0.0275 0.0325
0 0.70875 0.82 0.02375 0.07375
0 0.75 0.82375 0.04375 0.06625
0 0.865 0.815 0.02 0.02375
0 0.39125 0.8225 0.01875 0.07
0 0.6125 0.65375 0.025 0.0375
0 0.365 0.58875 0.02375 0.02
0 0.28625 0.5775 0.03625 0.05
0 0.5325 0.2425 0.055 0.0875
0 0.59875 0.235 0.0625 0.10375
0 0.665 0.23375 0.065 0.1025
0 0.8025 0.23125 0.065 0.08125
0 0.8575 0.245 0.035 0.03625
0 0.8575 0.14 0.03375 0.04125
0 0.76875 0.13375 0.03 0.05125
0 0.7375 0.1225 0.01875 0.0275
0 0.71625 0.125 0.0175 0.03125
0 0.69375 0.125 0.02125 0.0325
0 0.6625 0.13125 0.02375 0.05
0 0.635 0.13125 0.02625 0.045
0 0.60125 0.11625 0.0325 0.075
0 0.55125 0.12875 0.04625 0.05
0 0.50125 0.1325 0.04 0.0425
0 0.4525 0.13 0.045 0.0525
0 0.40125 0.1475 0.05125 0.01375
0 0.4 0.13125 0.05 0.01375
0 0.33875 0.14625 0.05625 0.015
0 0.33625 0.12875 0.05625 0.0125
0 0.33125 0.115 0.05 0.01375
0 0.33125 0.0975 0.05375 0.015
0 0.2725 0.1225 0.0375 0.0575
0 0.225 0.11875 0.035 0.06625
0 0.19375 0.12375 0.01875 0.06125
0 0.48625 0.4825 0.02875 0.0725
0 0.52 0.48375 0.035 0.0725
0 0.47 0.245 0.06125 0.085
0 0.46625 0.19125 0.06125 0.015
0 0.40375 0.2475 0.06 0.07875
0 0.34125 0.24375 0.05875 0.0775
0 0.245 0.5775 0.0375 0.04625
0 0.195 0.65 0.02 0.02
0 0.165 0.64125 0.02875 0.045
0 0.13625 0.63 0.02125 0.065
0 0.16625 0.53 0.01875 0.06375
0 0.1375 0.53 0.02375 0.065
0 0.20375 0.61875 0.01125 0.0225
0 0.20375 0.58875 0.0175 0.03375
0 0.19375 0.52875 0.00625 0.07
0 0.20625 0.46375 0.02125 0.05625
0 0.17625 0.44 0.01375 0.07
0 0.15875 0.425 0.0175 0.0325
0 0.38625 0.49625 0.03875 0.0425
0 0.32625 0.57625 0.03625 0.045
0 0.34375 0.49875 0.03625 0.04875
0 0.26125 0.4975 0.0325 0.04375
0 0.43625 0.4875 0.04 0.04125
0 0.405 0.39875 0.02625 0.0125
0 0.3675 0.35875 0.01875 0.05625
0 0.34 0.36 0.02375 0.0525
0 0.3125 0.37375 0.02 0.06875
0 0.29 0.37375 0.02375 0.07
0 0.2625 0.3725 0.02 0.07125
0 0.24 0.3675 0.0175 0.0775
0 0.20375 0.3725 0.02125 0.07375
0 0.16625 0.35 0.0225 0.10125
0 0.2075 0.245 0.06 0.0775
0 0.275 0.24625 0.055 0.0775
0 0.30125 0.4975 0.0325 0.04125
0 0.5775 0.6525 0.02625 0.05
0 0.86375 0.73 0.02125 0.02
0 0.4725 0.66375 0.02625 0.0425
0 0.35125 0.6375 0.025 0.0075
0 0.325 0.65625 0.0225 0.0425
0 0.2975 0.6475 0.02 0.04
0 0.26875 0.65125 0.0325 0.04125
0 0.23 0.63875 0.03 0.0125
0 0.16125 0.725 0.03125 0.07125
0 0.19625 0.72375 0.035 0.0725
0 0.26 0.74125 0.03125 0.04625
0 0.295 0.73 0.03125 0.045
0 0.3775 0.73375 0.03875 0.0475
0 0.42125 0.73125 0.04 0.04
0 0.45875 0.7375 0.02875 0.03375
0 0.4925 0.74 0.03375 0.03625
0 0.56375 0.735 0.03375 0.03625
0 0.6 0.73625 0.0325 0.03125
0 0.64 0.73375 0.03125 0.03375
0 0.6775 0.7275 0.03625 0.02
0 0.7175 0.73875 0.03 0.03875
0 0.75625 0.735 0.0325 0.0475
0 0.805 0.73 0.0275 0.025
0 0.13625 0.83625 0.02125 0.07
0 0.17625 0.82625 0.04375 0.02375
0 0.175 0.855 0.0475 0.015
0 0.24 0.85625 0.03 0.03625
0 0.2775 0.845 0.02375 0.04
0 0.3075 0.8275 0.02125 0.07
0 0.3425 0.84 0.0175 0.06625
0 0.36625 0.82625 0.015 0.05875
0 0.50375 0.65875 0.0275 0.04375
0 0.35125 0.665 0.025 0.04
0 0.38125 0.665 0.02625 0.04125
0 0.33125 0.7325 0.03375 0.03125
0 0.41125 0.66375 0.02625 0.04
0 0.605 0.3675 0.0175 0.0825
0 0.3825 0.6375 0.02875 0.01125
0 0.64 0.3675 0.0375 0.04625
0 0.67875 0.36375 0.025 0.05375
0 0.705 0.36625 0.02125 0.0575
0 0.6075 0.48375 0.04625 0.07375
0 0.64875 0.4825 0.03375 0.07375
0 0.73375 0.495 0.045 0.0475
0 0.78 0.4975 0.04375 0.04875
0 0.73125 0.36875 0.02375 0.0825
0 0.68875 0.50875 0.04 0.01625
0 0.14875 0.12125 0.01625 0.065
0 0.44375 0.66125 0.02375 0.03625
0 0.44125 0.635 0.02625 0.01125