0 0.43125 0.62625 0.03125 0.04375
0 0.38 0.635 0.01875 0.0475
0 0.4975 0.62625 0.025 0.04375
0 0.50625 0.59125 0.01875 0.01375
0 0.525 0.60875 0.01625 0.01875
0 0.55 0.63625 0.02375 0.0575
0 0.4675 0.61125 0.03125 0.05875
0 0.2775 0.63 0.025 0.0525
0 0.3525 0.63125 0.0225 0.01625
0 0.5475 0.6925 0.0225 0.00875
0 0.54625 0.7025 0.02125 0.0075
0 0.54375 0.7275 0.02125 0.03
0 0.56625 0.7275 0.01875 0.025
0 0.6375 0.6375 0.015 0.0425
0 0.715 0.20375 0.0275 0.03625
0 0.74375 0.2075 0.02375 0.03125
0 0.58125 0.71625 0.00625 0.02625
0 0.5025 0.70375 0.0325 0.05
0 0.44375 0.705 0.0275 0.05375
0 0.41875 0.7075 0.0175 0.055
0 0.38 0.715 0.0175 0.0425
0 0.36125 0.7175 0.0125 0.04125
0 0.33375 0.71 0.0325 0.05375
0 0.24125 0.7125 0.045 0.06
0 0.23125 0.62625 0.02375 0.0575
0 0.2525 0.64 0.0175 0.0375
0 0.6825 0.205 0.02375 0.03375
0 0.3025 0.635 0.02125 0.04375
0 0.33 0.64 0.01875 0.03625
0 0.35375 0.64875 0.0225 0.0125
0 0.355 0.6075 0.02625 0.01875
0 0.6525 0.20375 0.0275 0.03375
0 0.525 0.5325 0.01375 0.05
0 0.71375 0.17375 0.025 0.01375
0 0.38375 0.5375 0.01875 0.04375
0 0.35125 0.54625 0.03875 0.02625
0 0.30875 0.54625 0.03875 0.03
0 0.275 0.53625 0.02 0.05
0 0.255 0.16625 0.0225 0.075
0 0.27875 0.16875 0.0175 0.06875
0 0.40625 0.53875 0.01875 0.04625
0 0.4275 0.53625 0.0175 0.05125
0 0.45 0.53625 0.015 0.05
0 0.46875 0.535 0.0175 0.05
0 0.3025 0.165 0.01875 0.07625
0 0.4975 0.5375 0.03375 0.05
0 0.6425 0.725 0.01875 0.03125
0 0.61 0.55625 0.03625 0.0275
0 0.34375 0.165 0.05375 0.08125
0 0.39875 0.165 0.05625 0.09625
0 0.4375 0.1825 0.01125 0.06375
0 0.67875 0.1725 0.0275 0.02
0 0.59375 0.2 0.0275 0.0375
0 0.5425 0.18125 0.0225 0.07625
0 0.51625 0.1775 0.02125 0.07875
0 0.6575 0.63875 0.02125 0.0475
0 0.77375 0.56 0.01375 0.02625
0 0.74 0.175 0.01375 0.02375
0 0.7475 0.55375 0.0375 0.03125
0 0.71 0.5375 0.03125 0.0075
0 0.6775 0.55875 0.03 0.025
0 0.64875 0.55375 0.02 0.03375
0 0.49375 0.17625 0.0175 0.08
0 0.4725 0.17625 0.01875 0.08375
0 0.45375 0.185 0.01375 0.06375
0 0.71 0.5575 0.02875 0.02375
0 0.65875 0.72625 0.0125 0.025
0 0.765 0.7225 0.03125 0.0275
0 0.7275 0.7025 0.03625 0.02375
0 0.75625 0.28625 0.02125 0.045
0 0.7225 0.2875 0.01875 0.05
0 0.7025 0.285 0.0125 0.05375
0 0.68375 0.28375 0.01375 0.04875
0 0.66625 0.28875 0.01375 0.0375
0 0.65125 0.285 0.01125 0.045
0 0.63625 0.2825 0.015 0.05
0 0.61 0.2875 0.02625 0.03625
0 0.6875 0.725 0.03125 0.0325
0 0.26375 0.40875 0.02125 0.02625
0 0.5275 0.27 0.04125 0.0175
0 0.2925 0.41375 0.03125 0.02625
0 0.32875 0.41375 0.03 0.0275
0 0.36 0.415 0.02875 0.03125
0 0.39125 0.41625 0.02875 0.0275
0 0.42125 0.41625 0.02875 0.02375
0 0.4675 0.41625 0.03375 0.02875
0 0.51625 0.415 0.0375 0.03375
0 0.55 0.44875 0.01625 0.025
0 0.5825 0.465 0.0125 0.0275
0 0.4775 0.2625 0.045 0.02875
0 0.23 0.41 0.02125 0.025
0 0.7675 0.36875 0.02375 0.04875
0 0.74 0.3675 0.0275 0.04875
0 0.775 0.29 0.01125 0.04375
0 0.22625 0.33 0.01375 0.0325
0 0.22875 0.30375 0.02 0.0075
0 0.25875 0.30625 0.025 0.0075
0 0.25625 0.295 0.03 0.0075
0 0.2525 0.33 0.025 0.03625
0 0.2825 0.33 0.02625 0.0375
0 0.3125 0.33125 0.025 0.04125
0 0.345 0.33125 0.0325 0.04625
0 0.38 0.33 0.03125 0.04625
0 0.435 0.32875 0.03 0.05
0 0.4675 0.32125 0.02 0.02125
0 0.46625 0.34625 0.02375 0.02125
0 0.49 0.335 0.02125 0.045
0 0.51375 0.335 0.02125 0.04375
0 0.5375 0.3375 0.02125 0.04125
0 0.5775 0.3625 0.03375 0.04375
0 0.6125 0.365 0.0275 0.04875
0 0.64375 0.36375 0.03125 0.0425
0 0.67625 0.3625 0.0275 0.04625
0 0.70875 0.365 0.03 0.0425
0 0.6 0.4575 0.01625 0.05
0 0.6225 0.45875 0.0175 0.055
0 0.565 0.29375 0.01875 0.02625
0 0.67625 0.455 0.02375 0.05875
0 0.3775 0.2625 0.0425 0.0175
0 0.22625 0.5425 0.015 0.035
0 0.2425 0.82375 0.035 0.04875
0 0.27875 0.825 0.03125 0.04375
0 0.33625 0.8225 0.0275 0.04
0 0.39625 0.77625 0.02625 0.02875
0 0.39375 0.81875 0.03 0.0475
0 0.44125 0.805 0.05 0.06125
0 0.4825 0.805 0.0275 0.05375
0 0.72625 0.72875 0.035 0.02375
0 0.64875 0.45875 0.02125 0.04875
0 0.5875 0.61875 0.01125 0.05
0 0.76625 0.6925 0.02875 0.015
0 0.765 0.8075 0.03125 0.03375
0 0.7375 0.8025 0.0175 0.045
0 0.6925 0.81 0.02875 0.035
0 0.6625 0.81125 0.0225 0.0325
0 0.6375 0.815 0.02125 0.03125
0 0.63875 0.79 0.02125 0.0075
0 0.63875 0.7775 0.02125 0.00875
0 0.5625 0.81375 0.0325 0.0375
0 0.77 0.21125 0.0225 0.0375
0 0.27 0.25125 0.0525 0.02625
0 0.3275 0.26 0.04625 0.01875
0 0.75625 0.76125 0.03625 0.01625
0 0.22875 0.16125 0.01875 0.07375
0 0.60375 0.62375 0.015 0.03625
0 0.57 0.58125 0.01125 0.04375
0 0.70375 0.45375 0.02375 0.07
0 0.73 0.45625 0.02 0.0625
0 0.75625 0.45625 0.025 0.06375
0 0.7775 0.45625 0.0075 0.06375
0 0.2475 0.47375 0.03125 0.02875
0 0.28 0.46125 0.0175 0.01875
0 0.305 0.47375 0.02625 0.02625
0 0.33625 0.47625 0.02625 0.0275
0 0.36625 0.47875 0.03 0.02125
0 0.405 0.475 0.0325 0.025
0 0.57125 0.615 0.015 0.0175
0 0.25 0.53625 0.02125 0.05
0 0.54875 0.59 0.0125 0.01
0 0.54625 0.56625 0.01625 0.02125
0 0.55 0.5275 0.01875 0.03375
0 0.5525 0.485 0.0175 0.035
0 0.5175 0.47625 0.0325 0.0225
0 0.47875 0.4775 0.03 0.0225
0 0.4425 0.475 0.0325 0.02625