0 0.7175 0.2075 0.03375 0.06375
0 0.685 0.075 0.03375 0.0875
0 0.72 0.075 0.03125 0.0875
0 0.665 0.22 0.0625 0.03625
0 0.6125 0.20125 0.035 0.075
0 0.575 0.215 0.02875 0.05
0 0.545 0.215 0.02625 0.05
0 0.65 0.0775 0.03 0.0875
0 0.515 0.215 0.0275 0.05
0 0.3 0.2025 0.035 0.065
0 0.36875 0.175 0.03 0.02875
0 0.40625 0.20875 0.03625 0.05625
0 0.3675 0.215 0.03125 0.0475
0 0.64 0.3025 0.06 0.02625
0 0.64 0.32875 0.05875 0.0225
0 0.4825 0.20625 0.035 0.07125
0 0.70125 0.3 0.0575 0.0275
0 0.615 0.07875 0.03375 0.08625
0 0.54625 0.0775 0.03125 0.08875
0 0.545 0.48875 0.05375 0.03125
0 0.4975 0.525 0.035 0.0175
0 0.4975 0.505 0.035 0.01875
0 0.4975 0.48375 0.03625 0.02125
0 0.4525 0.52375 0.05 0.02
0 0.40375 0.52375 0.04375 0.02
0 0.58 0.0775 0.03125 0.0875
0 0.28875 0.08 0.0275 0.08875
0 0.35125 0.07875 0.03 0.0875
0 0.38375 0.07875 0.0275 0.08625
0 0.415 0.07875 0.02875 0.08625
0 0.4475 0.0775 0.02875 0.0875
0 0.48 0.0775 0.0325 0.085
0 0.51375 0.07875 0.0275 0.08625
0 0.32 0.0825 0.0275 0.08125
0 0.545 0.5225 0.0525 0.03125
0 0.70125 0.32875 0.05625 0.025
0 0.59375 0.31125 0.03 0.05875
0 0.50875 0.40375 0.0525 0.02125
0 0.51 0.42875 0.05 0.0225
0 0.56125 0.40375 0.045 0.02375
0 0.56 0.43 0.04375 0.02125
0 0.60875 0.40375 0.04625 0.02375
0 0.65625 0.40625 0.04625 0.02125
0 0.46 0.42875 0.04375 0.02
0 0.7025 0.40375 0.0425 0.02375
0 0.65625 0.43 0.0475 0.02
0 0.6075 0.43 0.04625 0.02
0 0.32125 0.5025 0.035 0.065
0 0.36 0.50375 0.0375 0.02
0 0.36 0.525 0.0375 0.0175
0 0.4025 0.50125 0.04125 0.01875
0 0.7025 0.42875 0.04 0.02125
0 0.55875 0.31 0.03125 0.06375
0 0.46125 0.40625 0.04125 0.02
0 0.41625 0.4275 0.04125 0.02125
0 0.30875 0.29625 0.05125 0.02375
0 0.30375 0.32625 0.05375 0.0275
0 0.38375 0.30125 0.04875 0.02625
0 0.38625 0.32875 0.05 0.02125
0 0.435 0.2875 0.0475 0.02
0 0.435 0.30875 0.04875 0.0175
0 0.37 0.4275 0.04625 0.02
0 0.43625 0.33 0.0475 0.02
0 0.48375 0.33 0.0425 0.02375
0 0.52375 0.31 0.03125 0.0625
0 0.32 0.40125 0.04875 0.02125
0 0.32125 0.4275 0.0475 0.02125
0 0.37 0.4025 0.045 0.0225
0 0.415 0.4025 0.0425 0.02375
0 0.4825 0.30625 0.04375 0.0225
0 0.59 0.50875 0.02625 0.0575
0 0.4525 0.49875 0.04875 0.025
0 0.68875 0.49875 0.05625 0.02375
0 0.81875 0.64375 0.04625 0.0475
0 0.77625 0.69375 0.045 0.0475
0 0.3075 0.6875 0.03625 0.01625
0 0.34375 0.685 0.03375 0.02125
0 0.3075 0.705 0.04 0.01625
0 0.345 0.70625 0.03375 0.0175
0 0.7725 0.63375 0.04 0.04625
0 0.3825 0.66625 0.0325 0.01875
0 0.3825 0.68625 0.03375 0.01625
0 0.42625 0.68125 0.0475 0.0225
0 0.42625 0.705 0.045 0.0225
0 0.3825 0.7075 0.03375 0.01875
0 0.52 0.685 0.04875 0.02125
0 0.5725 0.68625 0.05 0.02125
0 0.35 0.65875 0.0275 0.0125
0 0.68375 0.71375 0.03375 0.0175
0 0.645 0.7125 0.03625 0.02125
0 0.685 0.6925 0.03625 0.02
0 0.63125 0.5 0.0525 0.02125
0 0.61875 0.5975 0.0325 0.02125
0 0.61875 0.62 0.03375 0.01875
0 0.6575 0.62125 0.035 0.02
0 0.585 0.605 0.02375 0.05
0 0.5425 0.61625 0.05125 0.025
0 0.48875 0.615 0.05 0.02625
0 0.445 0.60125 0.03125 0.05125
0 0.4125 0.6 0.0275 0.05625
0 0.305 0.59375 0.03375 0.02
0 0.3425 0.595 0.03625 0.01875
0 0.38 0.61625 0.03125 0.02125
0 0.305 0.6175 0.035 0.01875
0 0.34125 0.6175 0.03375 0.0175
0 0.6125 0.69875 0.02375 0.0475
0 0.5725 0.71 0.05125 0.0225
0 0.52 0.70875 0.04875 0.0225
0 0.64625 0.69125 0.035 0.01875
0 0.4725 0.70875 0.04 0.02
0 0.655 0.5925 0.03125 0.02
0 0.78 0.4975 0.0325 0.0475
0 0.85 0.4275 0.0325 0.0625
0 0.81 0.4275 0.0275 0.05875
0 0.47125 0.905 0.0375 0.05
0 0.43 0.9025 0.035 0.04875
0 0.51375 0.90625 0.0375 0.05
0 0.55625 0.905 0.03625 0.05375
0 0.59875 0.91125 0.03875 0.0475
0 0.6875 0.5275 0.05375 0.02375
0 0.4725 0.685 0.03875 0.02125
0 0.695 0.62125 0.0325 0.02125
0 0.66625 0.9125 0.03875 0.04875
0 0.6325 0.9 0.02125 0.0725
0 0.35125 0.90125 0.04 0.045
0 0.695 0.5975 0.035 0.02125
0 0.48625 0.80125 0.03375 0.0325
0 0.31 0.89375 0.03875 0.05875
0 0.3225 0.7975 0.03625 0.03
0 0.6325 0.52625 0.05125 0.0225
0 0.57 0.81 0.03375 0.02
0 0.57125 0.78375 0.035 0.0225
0 0.5275 0.80875 0.04375 0.01875
0 0.61 0.80375 0.03875 0.0325
0 0.3675 0.7975 0.04625 0.03375
0 0.65125 0.795 0.04 0.055
0 0.41125 0.79875 0.0325 0.03375
0 0.44875 0.79875 0.03375 0.035
0 0.69125 0.79625 0.03125 0.05375
0 0.52875 0.78375 0.0425 0.025