0 0.725 0.1625 0.0425 0.12625
0 0.67125 0.19625 0.04875 0.05375
0 0.6175 0.19375 0.055 0.0475
0 0.55875 0.19375 0.0575 0.0475
0 0.6125 0.07625 0.055 0.05625
0 0.6725 0.14 0.0525 0.05
0 0.6175 0.13625 0.0525 0.04875
0 0.55875 0.13375 0.05875 0.05625
0 0.4975 0.18875 0.05 0.04875
0 0.44375 0.18875 0.0525 0.05125
0 0.43875 0.1325 0.055 0.0525
0 0.38 0.13 0.05125 0.05375
0 0.38375 0.0725 0.05125 0.05375
0 0.3825 0.185 0.055 0.05375
0 0.32625 0.18375 0.055 0.0525
0 0.3075 0.0675 0.0525 0.05625
0 0.3225 0.1275 0.0575 0.05375
0 0.76875 0.1575 0.04 0.1275
0 0.49875 0.13375 0.04875 0.04875
0 0.81125 0.1625 0.04375 0.1275
0 0.38625 0.37625 0.05 0.04875
0 0.21 0.26 0.05875 0.05625
0 0.55875 0.32875 0.05375 0.04625
0 0.6725 0.275 0.0475 0.05
0 0.61625 0.27375 0.055 0.0525
0 0.55875 0.27625 0.05375 0.0525
0 0.5025 0.27 0.05125 0.05375
0 0.5025 0.3275 0.05 0.05125
0 0.50375 0.38 0.05375 0.045
0 0.445 0.3775 0.0525 0.05
0 0.855 0.16375 0.04 0.1325
0 0.44375 0.325 0.0525 0.0475
0 0.32375 0.3775 0.055 0.05375
0 0.26625 0.3725 0.05625 0.0475
0 0.2075 0.36875 0.05375 0.04625
0 0.32375 0.3225 0.05125 0.05125
0 0.26875 0.32 0.0525 0.0525
0 0.20875 0.3175 0.05625 0.045
0 0.32625 0.26625 0.05375 0.04875
0 0.27 0.2625 0.05125 0.05
0 0.26375 0.125 0.05 0.04625
0 0.265 0.1825 0.05625 0.05125
0 0.44375 0.7925 0.05 0.04625
0 0.2025 0.11875 0.055 0.05125
0 0.4325 0.6775 0.04625 0.03875
0 0.375 0.67625 0.05 0.04375
0 0.64875 0.7275 0.04625 0.04625
0 0.595 0.73 0.04625 0.0475
0 0.59375 0.68 0.04625 0.04625
0 0.6525 0.67625 0.04625 0.04625
0 0.5975 0.63 0.04625 0.04625
0 0.54125 0.62875 0.04625 0.0475
0 0.4875 0.63125 0.04625 0.0475
0 0.4325 0.63 0.04625 0.0475
0 0.38125 0.625 0.04625 0.04625
0 0.3225 0.7275 0.05125 0.04875
0 0.265 0.72875 0.04875 0.045
0 0.21125 0.72875 0.04625 0.045
0 0.205 0.68 0.0475 0.04625
0 0.2625 0.67875 0.0475 0.04625
0 0.32 0.67375 0.0475 0.04625
0 0.31875 0.625 0.0475 0.04625
0 0.26 0.62875 0.0475 0.04625
0 0.485 0.6775 0.045 0.03875
0 0.53625 0.6775 0.04625 0.03875
0 0.54125 0.7275 0.045 0.03875
0 0.48875 0.72375 0.05125 0.04375
0 0.14875 0.24625 0.04625 0.04125
0 0.14625 0.19625 0.0425 0.0475
0 0.15 0.1475 0.04375 0.04625
0 0.145 0.06125 0.04 0.11125
0 0.54625 0.79 0.04625 0.0475
0 0.545 0.84375 0.04875 0.045
0 0.49 0.8425 0.04625 0.0475
0 0.49375 0.7925 0.04875 0.0425
0 0.61625 0.33 0.05 0.04875
0 0.2025 0.17875 0.05625 0.05
0 0.4375 0.84375 0.04375 0.03875
0 0.38875 0.7925 0.05125 0.05375
0 0.3325 0.84875 0.0475 0.04125
0 0.3325 0.8025 0.0475 0.04875
0 0.265 0.84625 0.04875 0.04625
0 0.20875 0.845 0.05 0.045
0 0.26375 0.7975 0.05125 0.04375
0 0.21 0.795 0.05 0.04375
0 0.38125 0.72625 0.05 0.04375
0 0.435 0.725 0.045 0.0475
0 0.38625 0.84375 0.04625 0.045
0 0.67375 0.33 0.05375 0.04625
0 0.85875 0.27875 0.025 0.0475
0 0.6175 0.3825 0.0575 0.04625
0 0.84375 0.69 0.0175 0.0425
0 0.865 0.69125 0.0175 0.045
0 0.865 0.645 0.01875 0.0425
0 0.70375 0.575 0.02125 0.04375
0 0.73 0.5775 0.02 0.0425
0 0.7575 0.5775 0.02875 0.0425
0 0.785 0.57625 0.0225 0.045
0 0.8125 0.57625 0.02125 0.0475
0 0.8375 0.5775 0.02375 0.0425
0 0.845 0.64125 0.0125 0.04
0 0.86375 0.575 0.0225 0.0425
0 0.83875 0.52875 0.02375 0.04875
0 0.81375 0.5275 0.02125 0.0475
0 0.78625 0.52625 0.02375 0.05125
0 0.76125 0.52625 0.02125 0.0525
0 0.73375 0.52625 0.0225 0.04875
0 0.705 0.525 0.02625 0.05
0 0.71625 0.4525 0.025 0.04875
0 0.74375 0.45375 0.02375 0.0475
0 0.77 0.455 0.0225 0.05
0 0.86375 0.52625 0.02125 0.04625
0 0.7975 0.4575 0.02375 0.05
0 0.82125 0.645 0.02125 0.04125
0 0.7925 0.6925 0.02375 0.04125
0 0.69 0.64 0.01875 0.0475
0 0.71375 0.64375 0.02375 0.03875
0 0.73875 0.645 0.02 0.0475
0 0.2025 0.62625 0.0475 0.04625
0 0.84875 0.795 0.03375 0.12125
0 0.81375 0.79125 0.03125 0.12375
0 0.77625 0.7975 0.03625 0.12625
0 0.73875 0.80125 0.0325 0.12625
0 0.76875 0.80625 0.00875 0.01375
0 0.82 0.6925 0.02 0.045
0 0.7 0.7975 0.0375 0.1225
0 0.6475 0.84 0.04875 0.04
0 0.59625 0.83625 0.04375 0.04375
0 0.6 0.78875 0.04875 0.0425
0 0.6875 0.69125 0.02 0.04375
0 0.71125 0.69125 0.02125 0.04625
0 0.74 0.69375 0.02 0.03875
0 0.76625 0.69375 0.0225 0.04625
0 0.76875 0.64375 0.02375 0.04125
0 0.7975 0.64625 0.02375 0.045
0 0.65375 0.79125 0.0525 0.045
0 0.56125 0.38 0.05 0.05
0 0.82 0.455 0.02125 0.045
0 0.8675 0.46 0.01375 0.04125
0 0.38125 0.45375 0.04625 0.04875
0 0.335 0.555 0.05125 0.04625
0 0.215 0.55375 0.0575 0.04625
0 0.32875 0.5025 0.0475 0.045
0 0.2725 0.5025 0.06 0.04625
0 0.21125 0.5025 0.05 0.0475
0 0.2625 0.45125 0.05875 0.05125
0 0.20125 0.44875 0.05625 0.05
0 0.7175 0.3275 0.02 0.05
0 0.44375 0.45375 0.05375 0.045
0 0.74375 0.32875 0.01875 0.04375
0 0.79625 0.3275 0.02125 0.04625
0 0.82375 0.32875 0.0225 0.0475
0 0.85375 0.33125 0.0225 0.045
0 0.82875 0.2775 0.02625 0.05
0 0.80125 0.27375 0.0175 0.05
0 0.7725 0.275 0.02875 0.04875
0 0.745 0.275 0.02125 0.05125
0 0.71875 0.275 0.02375 0.0525
0 0.675 0.38125 0.05125 0.0425
0 0.77 0.3275 0.0225 0.04375
0 0.845 0.45875 0.025 0.04
0 0.4975 0.455 0.045 0.04875
0 0.54875 0.5075 0.0475 0.0425
0 0.86875 0.4075 0.01125 0.04625
0 0.84875 0.4075 0.02125 0.04625
0 0.8225 0.40625 0.02 0.0475
0 0.80125 0.4025 0.0175 0.05
0 0.7775 0.40375 0.025 0.045
0 0.7475 0.4025 0.01875 0.05
0 0.71875 0.4 0.0275 0.04875
0 0.66125 0.55875 0.055 0.045
0 0.60625 0.5575 0.0475 0.0475
0 0.55 0.4575 0.05125 0.05
0 0.65875 0.50625 0.05 0.0475
0 0.6625 0.4575 0.05 0.045
0 0.60625 0.45625 0.05125 0.0475
0 0.38375 0.505 0.0575 0.0525
0 0.3875 0.555 0.04625 0.0425
0 0.44125 0.555 0.05125 0.04875
0 0.44 0.50625 0.0525 0.04625
0 0.4975 0.55375 0.05 0.045
0 0.49625 0.5075 0.05 0.04625
0 0.5525 0.55625 0.05 0.04125
0 0.60625 0.5075 0.04875 0.04625
0 0.2775 0.55375 0.0575 0.04625