0 0.755 0.115 0.02 0.06375
0 0.78125 0.11375 0.02 0.065
0 0.2275 0.3675 0.0475 0.03375
0 0.84875 0.0925 0.0325 0.10375
0 0.7175 0.10375 0.05375 0.08125
0 0.8175 0.09125 0.02875 0.105
0 0.65875 0.1275 0.04625 0.03875
0 0.42875 0.1125 0.035 0.065
0 0.5825 0.11875 0.02625 0.05
0 0.54875 0.11875 0.02875 0.0525
0 0.51375 0.115 0.03625 0.065
0 0.47 0.11125 0.04 0.07
0 0.85125 0.245 0.0375 0.075
0 0.3775 0.10125 0.0625 0.09125
0 0.61875 0.12 0.0325 0.04625
0 0.8175 0.24 0.0175 0.085
0 0.64 0.26125 0.05375 0.03875
0 0.69875 0.22375 0.05125 0.0425
0 0.69875 0.265 0.05625 0.03125
0 0.63 0.19625 0.05125 0.08125
0 0.31 0.09875 0.0625 0.0925
0 0.58625 0.24875 0.03125 0.06125
0 0.545 0.23875 0.05 0.07625
0 0.49375 0.23875 0.0475 0.08125
0 0.44625 0.235 0.045 0.0875
0 0.4025 0.2475 0.0375 0.06125
0 0.36375 0.24875 0.0375 0.05875
0 0.3125 0.23375 0.0575 0.0875
0 0.255 0.22 0.03125 0.07125
0 0.21625 0.2175 0.0425 0.07375
0 0.17625 0.22 0.03375 0.07
0 0.75875 0.235 0.0625 0.09875
0 0.23 0.1075 0.05 0.07875
0 0.63375 0.73125 0.0275 0.0475
0 0.145 0.11 0.03375 0.0675
0 0.86625 0.88 0.0175 0.08875
0 0.81375 0.86375 0.08125 0.12
0 0.73875 0.885 0.02375 0.0725
0 0.6975 0.88125 0.05625 0.08375
0 0.64 0.88375 0.05 0.07125
0 0.57875 0.875 0.06375 0.08375
0 0.51875 0.87625 0.05375 0.085
0 0.45375 0.8775 0.06625 0.06875
0 0.39 0.87125 0.05625 0.08
0 0.32875 0.83875 0.05875 0.13625
0 0.2625 0.85375 0.05125 0.10125
0 0.215 0.8425 0.03625 0.13375
0 0.17125 0.84875 0.04625 0.1175
0 0.13625 0.85125 0.01875 0.10875
0 0.185 0.11125 0.04 0.0675
0 0.13625 0.6925 0.02125 0.0675
0 0.21 0.6975 0.0325 0.06375
0 0.24 0.6975 0.02375 0.06375
0 0.26875 0.69625 0.03125 0.06375
0 0.3225 0.71875 0.0375 0.06125
0 0.34875 0.725 0.01125 0.04625
0 0.38125 0.69 0.05 0.07875
0 0.4425 0.71875 0.03625 0.05875
0 0.485 0.72375 0.04 0.06
0 0.525 0.72375 0.03125 0.06
0 0.57875 0.70875 0.065 0.10375
0 0.66375 0.7325 0.02625 0.04375
0 0.1425 0.22 0.03 0.0725
0 0.72 0.70375 0.06 0.10375
0 0.22625 0.3275 0.04625 0.0425
0 0.17 0.69 0.03875 0.07375
0 0.1375 0.3425 0.02125 0.085
0 0.515 0.47 0.02 0.0725
0 0.48125 0.48375 0.03125 0.04625
0 0.82375 0.59125 0.03375 0.07625
0 0.7925 0.59125 0.02 0.0725
0 0.505 0.59125 0.03375 0.06625
0 0.71375 0.60625 0.02875 0.04375
0 0.685 0.60625 0.02625 0.04125
0 0.79875 0.475 0.01875 0.08125
0 0.83125 0.4725 0.03625 0.0825
0 0.86375 0.48 0.01875 0.06625
0 0.3175 0.575 0.0425 0.09125
0 0.35875 0.5875 0.0325 0.065
0 0.395 0.5875 0.03625 0.06625
0 0.43375 0.59 0.03375 0.06625
0 0.47 0.595 0.03125 0.06125
0 0.86 0.585 0.02875 0.08375
0 0.61125 0.34625 0.035 0.0775
0 0.5275 0.355 0.04 0.05875
0 0.6525 0.59375 0.03375 0.06625
0 0.615 0.59375 0.0325 0.06625
0 0.57875 0.60875 0.0325 0.03875
0 0.57625 0.565 0.02875 0.04125
0 0.5425 0.59125 0.0325 0.065
0 0.49125 0.36 0.03125 0.04875
0 0.45625 0.35625 0.03125 0.05625
0 0.4175 0.35625 0.04 0.05875
0 0.375 0.3675 0.03875 0.0325
0 0.3375 0.35875 0.03375 0.05375
0 0.3025 0.36 0.0275 0.05125
0 0.26375 0.34875 0.02125 0.0625
0 0.57 0.35875 0.03625 0.05625
0 0.87 0.72875 0.01 0.0675
0 0.74875 0.6075 0.03125 0.04625
0 0.78875 0.72625 0.01625 0.06875
0 0.6425 0.3525 0.02 0.06875
0 0.66625 0.3525 0.0225 0.0725
0 0.69625 0.35 0.02875 0.0775
0 0.7275 0.3525 0.03125 0.07125
0 0.7575 0.35 0.025 0.07625
0 0.81375 0.35 0.01875 0.08125
0 0.84125 0.7125 0.03375 0.0925
0 0.1725 0.47125 0.04375 0.06375
0 0.26125 0.47 0.02375 0.06625
0 0.3225 0.46125 0.0575 0.08625
0 0.38375 0.465 0.0575 0.0825
0 0.1375 0.465 0.02125 0.07625
0 0.81125 0.72375 0.01875 0.06875
0 0.43875 0.4675 0.04375 0.07625
0 0.75125 0.47 0.03625 0.0825
0 0.70875 0.47625 0.03625 0.065
0 0.66875 0.4775 0.03625 0.06375
0 0.615 0.47 0.02375 0.08125
0 0.56375 0.46375 0.02125 0.095
0 0.59 0.47125 0.02125 0.07625
0 0.17625 0.34375 0.04875 0.0775
0 0.54 0.465 0.02375 0.085