0 0.19875 0.74125 0.03375 0.02375
0 0.855 0.48375 0.03125 0.0175
0 0.19625 0.48875 0.0225 0.05125
0 0.21875 0.49875 0.01375 0.03125
0 0.23875 0.48125 0.02375 0.02375
0 0.2925 0.48375 0.02625 0.0225
0 0.32375 0.48625 0.0275 0.02125
0 0.23875 0.50625 0.02125 0.02375
0 0.2625 0.50625 0.02375 0.02125
0 0.2925 0.5075 0.02875 0.02125
0 0.3225 0.50875 0.0275 0.02
0 0.35375 0.4675 0.0275 0.0325
0 0.38375 0.46875 0.0275 0.035
0 0.35375 0.5025 0.0275 0.035
0 0.385 0.50375 0.0275 0.03125
0 0.415 0.49125 0.02875 0.06
0 0.44625 0.49125 0.02875 0.0575
0 0.475 0.50375 0.02625 0.0325
0 0.50375 0.505 0.025 0.0325
0 0.47625 0.4775 0.025 0.01875
0 0.50375 0.47875 0.02625 0.02
0 0.53 0.47875 0.02375 0.0175
0 0.53 0.505 0.02375 0.03
0 0.5625 0.47875 0.03125 0.02125
0 0.59625 0.47875 0.03125 0.02125
0 0.6275 0.47875 0.03375 0.02125
0 0.66 0.47875 0.03 0.02125
0 0.1725 0.48125 0.01875 0.06625
0 0.14625 0.48125 0.02125 0.065
0 0.8425 0.7025 0.0325 0.01875
0 0.80875 0.70125 0.03125 0.02125
0 0.74375 0.59625 0.03125 0.035
0 0.77625 0.56125 0.03125 0.03125
0 0.81 0.56375 0.03125 0.035
0 0.845 0.56375 0.03125 0.03375
0 0.84375 0.59875 0.03125 0.03375
0 0.81125 0.59875 0.0275 0.03
0 0.77625 0.5975 0.03125 0.035
0 0.48625 0.65625 0.03 0.03375
0 0.51875 0.65625 0.02875 0.0325
0 0.56625 0.6875 0.06375 0.04125
0 0.51875 0.69125 0.02875 0.035
0 0.61625 0.68 0.03 0.04625
0 0.56125 0.50625 0.03125 0.03375
0 0.6475 0.67625 0.02625 0.06125
0 0.70875 0.67625 0.025 0.06375
0 0.7425 0.6425 0.03 0.01625
0 0.775 0.645 0.03375 0.015
0 0.8025 0.6475 0.015 0.0175
0 0.74125 0.66125 0.03125 0.0175
0 0.74 0.68 0.03 0.01875
0 0.77375 0.68 0.03 0.0175
0 0.775 0.66125 0.03125 0.01625
0 0.8075 0.68 0.03 0.02
0 0.84125 0.68125 0.03375 0.02
0 0.74 0.70125 0.03375 0.01875
0 0.775 0.70125 0.03125 0.02
0 0.67875 0.68125 0.03 0.05125
0 0.7425 0.56 0.025 0.0325
0 0.59375 0.5075 0.02875 0.03125
0 0.65875 0.5075 0.03125 0.03125
0 0.85875 0.39375 0.0325 0.02
0 0.14125 0.40875 0.015 0.0475
0 0.15875 0.41 0.01375 0.05
0 0.18375 0.405 0.03125 0.05375
0 0.22 0.4075 0.02625 0.055
0 0.2425 0.40875 0.01875 0.05125
0 0.2675 0.41 0.02875 0.05375
0 0.30375 0.42625 0.03375 0.02
0 0.34 0.4275 0.0325 0.02
0 0.30625 0.40375 0.03 0.01875
0 0.34 0.40625 0.0325 0.0175
0 0.375 0.38375 0.03 0.01875
0 0.37375 0.40625 0.02875 0.01875
0 0.37375 0.42875 0.03 0.02125
0 0.405 0.42875 0.0275 0.02
0 0.40375 0.4075 0.02875 0.0175
0 0.43375 0.40875 0.025 0.0175
0 0.435 0.43 0.02625 0.01875
0 0.46375 0.40875 0.0275 0.02
0 0.4925 0.40875 0.02875 0.0175
0 0.52375 0.41 0.02625 0.02
0 0.5225 0.43 0.02875 0.01875
0 0.49375 0.43 0.025 0.02
0 0.465 0.43125 0.02875 0.02
0 0.15625 0.7575 0.03625 0.08375
0 0.825 0.3925 0.03125 0.02
0 0.7925 0.3925 0.03125 0.0175
0 0.75875 0.39125 0.03125 0.01875
0 0.72625 0.39125 0.03 0.02
0 0.69125 0.5075 0.03 0.03125
0 0.6925 0.47875 0.02875 0.02
0 0.72375 0.48 0.03125 0.01875
0 0.725 0.5075 0.03125 0.0325
0 0.7575 0.5075 0.02875 0.0325
0 0.7575 0.48 0.03 0.02125
0 0.78875 0.4825 0.02875 0.02125
0 0.82375 0.47875 0.03125 0.0275
0 0.79 0.51125 0.03 0.03125
0 0.8225 0.51125 0.03125 0.03125
0 0.85625 0.51125 0.03125 0.035
0 0.56125 0.41625 0.03125 0.03375
0 0.625 0.5075 0.03 0.03125
0 0.595 0.4175 0.0325 0.035
0 0.595 0.38875 0.03125 0.0175
0 0.62875 0.39 0.03125 0.01875
0 0.66125 0.39 0.03 0.01875
0 0.62875 0.41875 0.03 0.035
0 0.66125 0.42 0.03125 0.0375
0 0.69375 0.41875 0.03 0.03625
0 0.725 0.42 0.03125 0.0375
0 0.7575 0.42125 0.03125 0.0375
0 0.79 0.425 0.02875 0.045
0 0.82375 0.425 0.0325 0.045
0 0.85625 0.42625 0.02875 0.04375
0 0.695 0.39 0.02875 0.02
0 0.56125 0.3875 0.0325 0.01875
0 0.71 0.56125 0.03125 0.03375
0 0.265 0.4825 0.0225 0.025
0 0.645 0.55875 0.03 0.035
0 0.5825 0.79875 0.03125 0.01875
0 0.6175 0.80125 0.03125 0.02125
0 0.58125 0.75875 0.0325 0.01875
0 0.61875 0.75875 0.0325 0.02
0 0.5825 0.77875 0.03125 0.0175
0 0.61625 0.78 0.03 0.0175
0 0.65 0.7825 0.02875 0.01875
0 0.65125 0.76125 0.03125 0.02125
0 0.685 0.76125 0.02875 0.0175
0 0.68125 0.78125 0.03125 0.0175
0 0.64875 0.8025 0.03 0.0175
0 0.68125 0.8025 0.0275 0.0175
0 0.51625 0.79875 0.03 0.01875
0 0.7125 0.805 0.03125 0.01875
0 0.7175 0.7625 0.02875 0.02
0 0.75125 0.76375 0.02875 0.02
0 0.71625 0.78375 0.03125 0.02125
0 0.75 0.785 0.0325 0.0175
0 0.78125 0.80875 0.03125 0.0175
0 0.785 0.78875 0.03125 0.02
0 0.78375 0.76875 0.03 0.01875
0 0.81875 0.77 0.03 0.01625
0 0.8175 0.79 0.02875 0.01875
0 0.81375 0.81 0.0325 0.0175
0 0.85 0.80875 0.02875 0.02
0 0.85 0.7875 0.03 0.0175
0 0.74625 0.805 0.03125 0.02
0 0.85 0.765 0.0275 0.02375
0 0.48375 0.79875 0.03 0.01875
0 0.55 0.77625 0.03 0.01875
0 0.1975 0.76625 0.035 0.02
0 0.195 0.79125 0.035 0.025
0 0.23625 0.775 0.0275 0.04875
0 0.2725 0.745 0.03375 0.015
0 0.275 0.79375 0.03375 0.015
0 0.27375 0.7775 0.03375 0.01375
0 0.27375 0.7625 0.035 0.01125
0 0.31125 0.74625 0.03375 0.015
0 0.31125 0.76375 0.03375 0.01125
0 0.3125 0.77875 0.0325 0.0125
0 0.3125 0.795 0.0325 0.01375
0 0.35 0.79 0.03375 0.0325
0 0.55 0.7975 0.03 0.01875
0 0.35 0.75375 0.0375 0.03375
0 0.38625 0.7875 0.0275 0.035
0 0.4175 0.79625 0.02875 0.01875
0 0.45125 0.7975 0.03125 0.02
0 0.41875 0.77625 0.03 0.0175
0 0.41875 0.75625 0.02875 0.01875
0 0.45 0.75375 0.02875 0.0175
0 0.45 0.775 0.02875 0.015
0 0.48125 0.755 0.02875 0.01875
0 0.51625 0.75625 0.03 0.01875
0 0.6775 0.56 0.03125 0.03375
0 0.4825 0.7775 0.03125 0.02125
0 0.51625 0.77875 0.03 0.02
0 0.3875 0.745 0.02875 0.045
0 0.13625 0.65625 0.0225 0.08625
0 0.55 0.7525 0.03 0.0225
0 0.19875 0.65875 0.0225 0.0225
0 0.2325 0.59375 0.02875 0.01875
0 0.3 0.57625 0.02875 0.0175
0 0.3 0.59625 0.0275 0.01875
0 0.3325 0.5975 0.03 0.01875
0 0.33125 0.575 0.03 0.01875
0 0.33625 0.5525 0.02625 0.02
0 0.33375 0.53375 0.0275 0.00625
0 0.30875 0.535 0.025 0.0075
0 0.3625 0.5575 0.02625 0.03375
0 0.39375 0.55625 0.0275 0.0325
0 0.425 0.5575 0.02875 0.035
0 0.425 0.5925 0.02875 0.0325
0 0.2675 0.58875 0.0325 0.03125
0 0.39375 0.59125 0.0275 0.0325
0 0.485 0.58 0.02875 0.05875
0 0.51625 0.58 0.02875 0.06
0 0.5475 0.56 0.03125 0.03375
0 0.58 0.55875 0.03125 0.035
0 0.54875 0.59375 0.0325 0.0325
0 0.58125 0.59375 0.02875 0.03125
0 0.6125 0.55875 0.02875 0.035
0 0.61375 0.59375 0.03 0.0325
0 0.645 0.595 0.03 0.035
0 0.67875 0.595 0.0325 0.035
0 0.16625 0.655 0.035 0.085
0 0.71125 0.59625 0.02875 0.035
0 0.455 0.58 0.02875 0.0575
0 0.23375 0.57375 0.03 0.0175
0 0.36375 0.59125 0.0275 0.03125
0 0.26875 0.56125 0.03125 0.0175
0 0.2275 0.69 0.03 0.02
0 0.30125 0.55375 0.02875 0.02
0 0.26125 0.69 0.03125 0.01875
0 0.26 0.66875 0.03125 0.02
0 0.22875 0.6675 0.03 0.01875
0 0.21375 0.6325 0.03625 0.0275
0 0.2925 0.64375 0.02875 0.0225
0 0.32625 0.64375 0.03 0.02125
0 0.32375 0.6825 0.0275 0.0475
0 0.35625 0.68625 0.02875 0.0325
0 0.38875 0.68625 0.02875 0.03375
0 0.1975 0.685 0.02125 0.02375
0 0.42125 0.68875 0.02875 0.035
0 0.2925 0.68 0.025 0.04375
0 0.2 0.5675 0.03125 0.02
0 0.1325 0.5675 0.0125 0.0675
0 0.35625 0.6525 0.0275 0.035
0 0.17875 0.57 0.00625 0.06375
0 0.2 0.5925 0.03125 0.02
0 0.1575 0.56625 0.03125 0.07
0 0.23375 0.5525 0.02875 0.02
0 0.45125 0.69 0.0275 0.03375
0 0.45375 0.655 0.02875 0.03375
0 0.42 0.65375 0.0275 0.0325
0 0.3875 0.65125 0.02875 0.0325
0 0.48625 0.6925 0.0325 0.0325