0 0.655 0.16375 0.04 0.00875
0 0.655 0.185 0.03 0.0075
0 0.4825 0.3425 0.03625 0.0075
0 0.48125 0.35 0.035 0.005
0 0.48125 0.33 0.03375 0.01
0 0.6525 0.17375 0.035 0.01
0 0.35375 0.33 0.01625 0.0475
0 0.65375 0.20875 0.035 0.0075
0 0.65375 0.15375 0.04125 0.01
0 0.5175 0.3325 0.03375 0.04125
0 0.55 0.32375 0.02125 0.05375
0 0.575 0.31625 0.0275 0.0725
0 0.60375 0.32125 0.025 0.0625
0 0.44375 0.28625 0.03375 0.01125
0 0.445 0.2725 0.03625 0.00875
0 0.44875 0.26125 0.035 0.0125
0 0.40875 0.31875 0.02625 0.0725
0 0.37875 0.315 0.03 0.0625
0 0.32875 0.315 0.02625 0.05625
0 0.29125 0.3175 0.0275 0.065
0 0.26875 0.31625 0.015 0.065
0 0.25 0.3175 0.01875 0.06375
0 0.7475 0.18 0.01625 0.065
0 0.72125 0.1675 0.03125 0.07875
0 0.68875 0.18625 0.0225 0.05875
0 0.65375 0.19875 0.03625 0.01125
0 0.655 0.1425 0.04125 0.0075
0 0.61 0.69875 0.04375 0.03625
0 0.60875 0.0925 0.02875 0.0525
0 0.71375 0.70625 0.0525 0.035
0 0.48125 0.29 0.03375 0.00875
0 0.445 0.34875 0.03625 0.00875
0 0.44375 0.33625 0.035 0.01125
0 0.44375 0.32375 0.03375 0.00875
0 0.36625 0.69125 0.0175 0.04375
0 0.38875 0.6875 0.015 0.05
0 0.40625 0.6875 0.02 0.05375
0 0.42875 0.69 0.0175 0.055
0 0.4525 0.68375 0.01875 0.055
0 0.46875 0.6925 0.01 0.04
0 0.48375 0.68125 0.01875 0.06875
0 0.51125 0.6775 0.02375 0.02625
0 0.50875 0.70875 0.02375 0.025
0 0.53125 0.70125 0.015 0.0375
0 0.55625 0.68875 0.0225 0.05625
0 0.5775 0.6925 0.015 0.05875
0 0.28125 0.2 0.03 0.01875
0 0.3175 0.18375 0.0375 0.05
0 0.345 0.1825 0.015 0.055
0 0.36875 0.175 0.03 0.07
0 0.615 0.16875 0.0325 0.08625
0 0.35 0.68875 0.01375 0.0475
0 0.62625 0.32 0.01625 0.06125
0 0.31375 0.81 0.04875 0.0375
0 0.32625 0.75375 0.055 0.03125
0 0.76125 0.70875 0.03875 0.0325
0 0.64625 0.31 0.01625 0.08875
0 0.66875 0.30625 0.0225 0.0875
0 0.65875 0.13 0.03375 0.01125
0 0.69125 0.3125 0.01875 0.08375
0 0.585 0.18 0.025 0.07
0 0.555 0.1825 0.02625 0.055
0 0.52625 0.1725 0.0275 0.07875
0 0.4925 0.16625 0.035 0.09125
0 0.65875 0.7025 0.05375 0.04125
0 0.4375 0.14 0.02625 0.025
0 0.425 0.185 0.0225 0.0625
0 0.3975 0.1775 0.025 0.0725
0 0.48125 0.30125 0.03375 0.00875
0 0.45375 0.18375 0.02875 0.05875
0 0.72875 0.77375 0.025 0.01375
0 0.42 0.81125 0.0425 0.03375
0 0.765 0.56625 0.0325 0.09875
0 0.73375 0.55375 0.0275 0.0775
0 0.70375 0.56375 0.025 0.0825
0 0.6725 0.555 0.0275 0.0775
0 0.635 0.56375 0.02625 0.08125
0 0.60625 0.55875 0.02375 0.0775
0 0.58 0.57125 0.02375 0.06
0 0.5525 0.565 0.02875 0.075
0 0.525 0.58875 0.02375 0.02375
0 0.49 0.55125 0.03 0.09125
0 0.4625 0.56625 0.0225 0.06
0 0.43625 0.56375 0.01875 0.05625
0 0.40625 0.56375 0.02375 0.0675
0 0.375 0.56375 0.0275 0.06625
0 0.34875 0.565 0.025 0.06125
0 0.30125 0.67875 0.0275 0.06125
0 0.3 0.56375 0.03625 0.06625
0 0.32875 0.685 0.02 0.05375
0 0.74875 0.805 0.01125 0.065
0 0.48 0.3125 0.0325 0.00625
0 0.36625 0.80875 0.04625 0.035
0 0.44375 0.3125 0.03125 0.01125
0 0.44125 0.29875 0.03125 0.0125
0 0.7575 0.89625 0.02625 0.06
0 0.75375 0.94875 0.03125 0.03875
0 0.72125 0.935 0.025 0.07
0 0.66125 0.92 0.06 0.07
0 0.60875 0.93625 0.035 0.0525
0 0.5675 0.935 0.04 0.055
0 0.54 0.9325 0.01625 0.05
0 0.505 0.94125 0.05 0.0325
0 0.76375 0.835 0.01625 0.0125
0 0.76375 0.82125 0.015 0.0075
0 0.76375 0.8075 0.015 0.015
0 0.72625 0.82625 0.025 0.01375
0 0.26875 0.565 0.02 0.06625
0 0.48 0.32 0.035 0.00875
0 0.75125 0.4625 0.03 0.045
0 0.3825 0.43625 0.0275 0.07625
0 0.3475 0.45125 0.0325 0.04375
0 0.3425 0.405 0.04375 0.04625
0 0.3075 0.45375 0.03375 0.03875
0 0.26625 0.4525 0.02875 0.045
0 0.27125 0.4 0.04625 0.05125
0 0.76625 0.335 0.03 0.0225
0 0.735 0.3025 0.0225 0.09
0 0.71375 0.30625 0.02125 0.08375
0 0.5975 0.8075 0.0275 0.05375
0 0.52875 0.81875 0.045 0.02125
0 0.5275 0.78875 0.04875 0.03125
0 0.56875 0.81 0.025 0.0475
0 0.47625 0.8075 0.04875 0.04125
0 0.77375 0.45875 0.01375 0.05
0 0.41625 0.4625 0.0325 0.03125
0 0.42375 0.42625 0.02125 0.035
0 0.31125 0.4 0.015 0.0525
0 0.54875 0.455 0.0275 0.04375
0 0.715 0.4575 0.03875 0.0575
0 0.68 0.445 0.02625 0.075
0 0.72625 0.81 0.025 0.01375
0 0.72875 0.79125 0.025 0.01375
0 0.45125 0.455 0.0175 0.0475
0 0.7025 0.79625 0.0225 0.0175
0 0.70125 0.815 0.0225 0.01125
0 0.7 0.83375 0.0275 0.0175
0 0.73 0.7575 0.02125 0.0175
0 0.64625 0.8025 0.025 0.0625
0 0.51125 0.45625 0.03375 0.04625
0 0.67125 0.8025 0.02375 0.07875
0 0.58 0.45125 0.0225 0.05625
0 0.6075 0.44375 0.0275 0.0725
0 0.4775 0.45625 0.03125 0.04125
0 0.645 0.45875 0.03125 0.04875
0 0.62125 0.81125 0.0175 0.0525