0 0.69 0.6525 0.02375 0.06125
0 0.645 0.54125 0.03125 0.01875
0 0.64 0.52625 0.01875 0.00875
0 0.71 0.5725 0.05 0.0275
0 0.65375 0.64125 0.0275 0.0575
0 0.7325 0.66875 0.03 0.06375
0 0.4425 0.34125 0.025 0.06625
0 0.76625 0.7675 0.025 0.03875
0 0.685 0.74 0.01875 0.04125
0 0.6625 0.72125 0.01375 0.03125
0 0.64625 0.7125 0.01625 0.02375
0 0.59375 0.7075 0.02 0.04375
0 0.5625 0.70125 0.01875 0.035
0 0.2425 0.55375 0.0125 0.02625
0 0.3325 0.57 0.01125 0.04375
0 0.5875 0.63 0.02 0.05625
0 0.61375 0.63375 0.02875 0.065
0 0.76625 0.67625 0.02875 0.055
0 0.70875 0.7475 0.0175 0.04
0 0.77 0.465 0.0225 0.0275
0 0.76875 0.4925 0.02375 0.01875
0 0.28875 0.47 0.03125 0.02125
0 0.60875 0.56 0.0225 0.04125
0 0.32125 0.505 0.01125 0.0375
0 0.48875 0.43875 0.0325 0.04375
0 0.44875 0.435 0.03625 0.0425
0 0.3975 0.45 0.00875 0.00875
0 0.39625 0.435 0.01 0.01
0 0.41875 0.43125 0.0225 0.045
0 0.39375 0.42125 0.02 0.0075
0 0.37875 0.43375 0.01875 0.01125
0 0.3825 0.44875 0.0175 0.01
0 0.35375 0.445 0.025 0.0125
0 0.325 0.4175 0.02875 0.0525
0 0.55125 0.45 0.0375 0.0475
0 0.58875 0.45125 0.02875 0.0475
0 0.61375 0.455 0.01375 0.045
0 0.63875 0.46125 0.02375 0.04875
0 0.68875 0.45375 0.01875 0.02375
0 0.68625 0.47875 0.0175 0.0175
0 0.715 0.46625 0.02125 0.04375
0 0.74 0.46875 0.025 0.0525
0 0.37875 0.5725 0.015 0.03375
0 0.3475 0.57625 0.01375 0.03875
0 0.4 0.58625 0.01625 0.0375
0 0.42125 0.58875 0.01 0.04375
0 0.60875 0.0875 0.065 0.10375
0 0.685 0.075 0.07 0.10875
0 0.75375 0.08125 0.0325 0.07375
0 0.75375 0.21375 0.05125 0.10125
0 0.6975 0.2175 0.05 0.10125
0 0.6425 0.2225 0.04875 0.1
0 0.60625 0.22875 0.01875 0.07125
0 0.55625 0.21875 0.0575 0.09625
0 0.2825 0.5075 0.02375 0.0325
0 0.2725 0.235 0.01625 0.03875
0 0.29 0.23375 0.01 0.04625
0 0.57 0.355 0.0275 0.0625
0 0.3125 0.24875 0.01 0.05125
0 0.3775 0.2375 0.01375 0.0725
0 0.39125 0.24 0.01 0.06375
0 0.41375 0.2375 0.0125 0.06625
0 0.4325 0.235 0.01875 0.06875
0 0.47 0.23375 0.03125 0.0675
0 0.28625 0.31 0.02875 0.03375
0 0.28625 0.36625 0.01375 0.0375
0 0.345 0.34125 0.02 0.055
0 0.52375 0.3375 0.03875 0.03375
0 0.51625 0.37625 0.04 0.02
0 0.475 0.35875 0.035 0.04375
0 0.33125 0.24375 0.01625 0.05875
0 0.49 0.09875 0.0425 0.085
0 0.4525 0.1025 0.02625 0.08375
0 0.4125 0.10125 0.02625 0.10125
0 0.44125 0.5925 0.01625 0.05375
0 0.465 0.60125 0.01125 0.03625
0 0.48125 0.60375 0.0175 0.04
0 0.50125 0.615 0.01 0.0375
0 0.51375 0.6175 0.015 0.035
0 0.5325 0.6225 0.015 0.03875
0 0.55875 0.62375 0.0275 0.0425
0 0.27875 0.555 0.015 0.03625
0 0.77125 0.36 0.02 0.075
0 0.74125 0.36 0.01875 0.0725
0 0.7075 0.365 0.03625 0.0625
0 0.6625 0.3625 0.04 0.05875
0 0.6225 0.3575 0.0325 0.05875
0 0.225 0.59875 0.01125 0.01875
0 0.24125 0.59875 0.0125 0.02375
0 0.26125 0.6075 0.01375 0.03375
0 0.29625 0.61875 0.01375 0.03375
0 0.3325 0.625 0.0175 0.02875
0 0.36625 0.645 0.0075 0.03
0 0.375 0.65125 0.0075 0.0225
0 0.3825 0.65375 0.00625 0.0275
0 0.39125 0.6575 0.0075 0.03
0 0.40375 0.6625 0.01 0.0325
0 0.325 0.12875 0.03625 0.07125
0 0.3675 0.10625 0.0325 0.1075
0 0.36875 0.345 0.02 0.06
0 0.33375 0.50625 0.01 0.04125
0 0.5975 0.35 0.015 0.06375
0 0.3675 0.51375 0.01375 0.03
0 0.445 0.7375 0.015 0.0625
0 0.41875 0.7325 0.0175 0.05125
0 0.585 0.555 0.02125 0.04375
0 0.545 0.55875 0.03875 0.02
0 0.50875 0.5375 0.02 0.04625
0 0.49 0.535 0.0125 0.0475
0 0.4675 0.53125 0.01625 0.04375
0 0.4375 0.53 0.0125 0.0325
0 0.35125 0.5075 0.01125 0.0375
0 0.41625 0.66375 0.01 0.03
0 0.4425 0.65875 0.01125 0.02875
0 0.53625 0.6775 0.02625 0.02
0 0.2525 0.685 0.0175 0.015
0 0.3175 0.69625 0.03625 0.03375
0 0.36 0.70375 0.0325 0.025
0 0.3875 0.7225 0.015 0.0475
0 0.40375 0.7275 0.00875 0.04625
0 0.4675 0.745 0.01875 0.05125
0 0.49375 0.76 0.0225 0.04625
0 0.64 0.57125 0.03625 0.02625
0 0.5575 0.77125 0.015 0.0425
0 0.5275 0.76875 0.0275 0.03875
0 0.42 0.525 0.01125 0.03875
0 0.40375 0.5225 0.01125 0.0375
0 0.755 0.85125 0.025 0.07375
0 0.6925 0.8325 0.02 0.05375
0 0.66 0.81625 0.0375 0.045
0 0.6175 0.7975 0.03125 0.055
0 0.7275 0.83625 0.02375 0.0625