0 0.1775 0.1025 0.025 0.02875
0 0.6975 0.75125 0.0425 0.0325
0 0.455 0.98125 0.02125 0.035
0 0.48 0.98125 0.01875 0.0375
0 0.50625 0.97875 0.02 0.0425
0 0.53875 0.865 0.0225 0.07
0 0.5625 0.86375 0.0225 0.065
0 0.58875 0.8675 0.01875 0.06875
0 0.61375 0.8675 0.02375 0.06625
0 0.64 0.86875 0.02375 0.06875
0 0.66875 0.87125 0.02125 0.065
0 0.69375 0.8725 0.02875 0.06875
0 0.72375 0.8725 0.025 0.065
0 0.7525 0.875 0.02125 0.0675
0 0.77875 0.875 0.02375 0.0675
0 0.805 0.8775 0.025 0.07375
0 0.8325 0.87875 0.02625 0.06375
0 0.86375 0.8725 0.0225 0.06375
0 0.53625 0.9375 0.01875 0.06125
0 0.56 0.935 0.025 0.06
0 0.58625 0.935 0.02625 0.0625
0 0.61125 0.9375 0.0225 0.05875
0 0.64125 0.94125 0.02875 0.0675
0 0.66875 0.94 0.0225 0.06625
0 0.69875 0.9425 0.02125 0.0625
0 0.725 0.94 0.02875 0.05875
0 0.755 0.9425 0.02875 0.06125
0 0.78125 0.94125 0.0225 0.06125
0 0.80625 0.95 0.02 0.05875
0 0.83125 0.94625 0.02125 0.05625
0 0.86375 0.945 0.0225 0.05375
0 0.43125 0.97875 0.015 0.035
0 0.64875 0.75 0.035 0.035
0 0.41 0.97875 0.01875 0.04125
0 0.50375 0.92375 0.02125 0.045
0 0.7 0.79 0.04125 0.0325
0 0.745 0.7525 0.04 0.03625
0 0.7475 0.79375 0.04375 0.03375
0 0.6025 0.78875 0.13375 0.03625
0 0.46625 0.7825 0.0375 0.03375
0 0.5125 0.7825 0.04125 0.0325
0 0.22875 0.91375 0.01625 0.065
0 0.275 0.91 0.0175 0.065
0 0.3 0.91125 0.0225 0.07625
0 0.32 0.9125 0.02 0.07
0 0.34625 0.91125 0.025 0.05875
0 0.15 0.9725 0.0175 0.03875
0 0.16875 0.97 0.0175 0.04375
0 0.19875 0.97375 0.0275 0.04625
0 0.22875 0.97 0.0175 0.045
0 0.24875 0.9675 0.0175 0.04375
0 0.2725 0.97125 0.025 0.04625
0 0.29625 0.97625 0.01875 0.04625
0 0.32625 0.9725 0.01875 0.05
0 0.34875 0.97125 0.0225 0.05625
0 0.38 0.9175 0.0225 0.06625
0 0.405 0.915 0.02375 0.065
0 0.43125 0.8675 0.0225 0.0725
0 0.45625 0.865 0.02375 0.07
0 0.48125 0.86625 0.0175 0.07125
0 0.50625 0.86125 0.0275 0.07
0 0.43 0.925 0.01875 0.0425
0 0.45375 0.92125 0.02 0.03625
0 0.47875 0.92375 0.02375 0.03875
0 0.38375 0.97875 0.015 0.0425
0 0.25125 0.90875 0.025 0.05875
0 0.55875 0.74375 0.0425 0.03875
0 0.22875 0.5475 0.0225 0.02125
0 0.155 0.36375 0.02875 0.02375
0 0.185 0.33 0.02375 0.0325
0 0.15625 0.3325 0.0275 0.02875
0 0.525 0.28625 0.0325 0.025
0 0.56125 0.28625 0.03125 0.02875
0 0.5975 0.2825 0.02625 0.03
0 0.59625 0.245 0.03125 0.02875
0 0.635 0.245 0.03125 0.03125
0 0.66875 0.24375 0.03375 0.03125
0 0.185 0.36375 0.0275 0.025
0 0.5625 0.3175 0.03375 0.025
0 0.6325 0.28125 0.0325 0.0275
0 0.66875 0.27875 0.0325 0.03
0 0.63375 0.31375 0.035 0.025
0 0.67 0.31125 0.035 0.0275
0 0.5625 0.35 0.03 0.0275
0 0.60125 0.35125 0.03375 0.02875
0 0.635 0.34875 0.03 0.02375
0 0.71125 0.23875 0.03625 0.03375
0 0.75 0.23625 0.03375 0.02625
0 0.5975 0.3175 0.03 0.025
0 0.7075 0.27375 0.0325 0.0275
0 0.1575 0.39375 0.02625 0.02
0 0.1575 0.42625 0.025 0.0225
0 0.255 0.42125 0.02625 0.02625
0 0.255 0.4525 0.0325 0.02375
0 0.22125 0.45375 0.025 0.02625
0 0.19125 0.45625 0.0325 0.025
0 0.24875 0.35625 0.02875 0.0175
0 0.25625 0.3875 0.03 0.02625
0 0.22375 0.4225 0.02875 0.0275
0 0.1875 0.42375 0.02625 0.02375
0 0.21875 0.39125 0.03 0.0275
0 0.18875 0.39125 0.02625 0.025
0 0.21625 0.36 0.02875 0.0275
0 0.195 0.51625 0.0225 0.02375
0 0.19875 0.54875 0.02875 0.02375
0 0.16625 0.54875 0.03125 0.025
0 0.1375 0.5775 0.02125 0.02625
0 0.13625 0.5125 0.0225 0.0275
0 0.1375 0.545 0.0225 0.03125
0 0.16625 0.5175 0.03 0.02375
0 0.1625 0.48625 0.025 0.025
0 0.15875 0.45625 0.02625 0.02625
0 0.215 0.32625 0.0275 0.02875
0 0.74875 0.27125 0.03875 0.03
0 0.7125 0.30625 0.03875 0.03
0 0.75125 0.3075 0.02875 0.0275
0 0.675 0.4125 0.03125 0.03
0 0.75375 0.37625 0.03625 0.02375
0 0.79125 0.375 0.03375 0.03375
0 0.83125 0.375 0.035 0.02875
0 0.28875 0.45 0.02875 0.0275
0 0.3225 0.45375 0.03 0.0275
0 0.35625 0.4525 0.0275 0.03125
0 0.19125 0.4875 0.0325 0.025
0 0.22875 0.48625 0.02625 0.02875
0 0.67375 0.3775 0.0325 0.02875
0 0.26 0.4875 0.03 0.02625
0 0.26 0.5175 0.03125 0.0275
0 0.29375 0.51375 0.03 0.02125
0 0.2925 0.485 0.0275 0.025
0 0.32625 0.48375 0.03125 0.02625
0 0.35875 0.485 0.03 0.02625
0 0.395 0.485 0.035 0.025
0 0.39375 0.45375 0.0325 0.02625
0 0.4275 0.45125 0.0325 0.0275
0 0.46375 0.4525 0.0325 0.03
0 0.225 0.51875 0.02875 0.02375
0 0.6375 0.41375 0.035 0.03
0 0.63875 0.38125 0.03375 0.0275
0 0.6 0.415 0.03375 0.02875
0 0.67375 0.34625 0.035 0.03125
0 0.7125 0.34375 0.035 0.0325
0 0.755 0.3425 0.035 0.03125
0 0.7925 0.34 0.03125 0.03
0 0.8325 0.34125 0.03625 0.03125
0 0.2875 0.4225 0.02875 0.0275
0 0.3225 0.42125 0.02875 0.0275
0 0.35625 0.4175 0.03 0.02625
0 0.39 0.41875 0.02875 0.02375
0 0.38875 0.38625 0.03125 0.03
0 0.42 0.38625 0.03 0.0275
0 0.46125 0.3875 0.0325 0.0275
0 0.49375 0.385 0.02625 0.02375
0 0.52625 0.38625 0.03 0.0225
0 0.56375 0.3825 0.035 0.02375
0 0.4225 0.41875 0.03 0.0225
0 0.45875 0.4175 0.02625 0.0225
0 0.49375 0.41875 0.03375 0.02375
0 0.53 0.4175 0.035 0.03
0 0.56625 0.415 0.02625 0.03
0 0.6025 0.38375 0.0325 0.025
0 0.49 0.28625 0.03 0.025
0 0.455 0.28875 0.02875 0.02375
0 0.41875 0.3525 0.02875 0.0275
0 0.3875 0.355 0.03125 0.02625
0 0.32 0.38875 0.03125 0.02875
0 0.2875 0.39125 0.02875 0.025
0 0.31875 0.35625 0.0325 0.0275
0 0.285 0.35875 0.02875 0.03
0 0.28125 0.325 0.03125 0.03125
0 0.27875 0.29 0.02625 0.025
0 0.27875 0.2575 0.03125 0.02625
0 0.27625 0.22375 0.0275 0.02875
0 0.2775 0.18875 0.03 0.02625
0 0.355 0.39 0.035 0.02375
0 0.30875 0.15375 0.03375 0.03
0 0.24125 0.1575 0.025 0.03
0 0.245 0.1925 0.02875 0.02375
0 0.2475 0.22375 0.02625 0.0325
0 0.24375 0.2575 0.02875 0.03
0 0.24625 0.2925 0.02625 0.02875
0 0.24875 0.3275 0.03125 0.02375
0 0.26375 0.58 0.025 0.0275
0 0.26 0.54875 0.0275 0.02625
0 0.23625 0.5775 0.02375 0.0275
0 0.2725 0.155 0.03375 0.02625
0 0.34875 0.15625 0.03375 0.02875
0 0.38375 0.1575 0.03 0.02625
0 0.41875 0.15625 0.0375 0.02375
0 0.80625 0.0675 0.0625 0.0325
0 0.755 0.16125 0.03875 0.03125
0 0.7125 0.165 0.03125 0.02125
0 0.755 0.12875 0.03375 0.025
0 0.7175 0.13125 0.03625 0.03125
0 0.67375 0.13625 0.03625 0.02875
0 0.71125 0.09625 0.035 0.02875
0 0.67625 0.09875 0.03 0.035
0 0.635 0.1025 0.03375 0.0325
0 0.59875 0.1075 0.0325 0.03625
0 0.56125 0.10875 0.03 0.0325
0 0.4525 0.35375 0.035 0.03625
0 0.48875 0.35375 0.03625 0.03625
0 0.525 0.3525 0.035 0.04125
0 0.49 0.3175 0.1075 0.02875
0 0.635 0.14 0.03375 0.02625
0 0.6 0.14375 0.03375 0.03125
0 0.56 0.1475 0.03125 0.02375
0 0.52375 0.14875 0.03125 0.025
0 0.4875 0.15 0.02875 0.01875
0 0.4525 0.15375 0.02875 0.02625
0 0.20375 0.57625 0.02875 0.02625
0 0.495 0.45125 0.03 0.03375
0 0.17 0.5775 0.02875 0.0225
0 0.8025 0.14375 0.0525 0.02875
0 0.4875 0.21875 0.03375 0.0275
0 0.48875 0.25375 0.03 0.03125
0 0.525 0.25 0.0325 0.035
0 0.52375 0.21625 0.03125 0.03
0 0.56 0.215 0.03125 0.03
0 0.56125 0.25 0.03 0.03125
0 0.5975 0.21125 0.03125 0.02375
0 0.63625 0.21 0.04125 0.02875
0 0.6725 0.20875 0.02625 0.02875
0 0.45125 0.25375 0.03125 0.03125
0 0.71375 0.2025 0.03 0.03125
0 0.31875 0.295 0.0325 0.02375
0 0.3525 0.29375 0.0325 0.02625
0 0.38875 0.29125 0.03 0.025
0 0.42125 0.29125 0.0325 0.02625
0 0.3225 0.32625 0.04 0.025
0 0.3575 0.32375 0.0275 0.02625
0 0.3925 0.32375 0.02875 0.02375
0 0.42 0.32375 0.02125 0.025
0 0.355 0.35625 0.02875 0.0225
0 0.75 0.2 0.03875 0.035
0 0.41625 0.25625 0.02875 0.0275
0 0.38375 0.26 0.03125 0.02875
0 0.3525 0.25875 0.0275 0.025
0 0.80375 0.1825 0.055 0.03
0 0.8 0.21875 0.05125 0.03125
0 0.80375 0.25875 0.06125 0.03125
0 0.8025 0.2975 0.05625 0.035
0 0.31625 0.195 0.0325 0.0275
0 0.3475 0.195 0.02875 0.0325
0 0.38375 0.19 0.03125 0.02625
0 0.41625 0.1875 0.02875 0.0275
0 0.4525 0.1875 0.0325 0.02875
0 0.49 0.18625 0.03125 0.03
0 0.52375 0.18375 0.03125 0.0275
0 0.5575 0.18375 0.03375 0.03
0 0.59375 0.18 0.035 0.02875
0 0.6325 0.17875 0.03125 0.02625
0 0.67125 0.175 0.03625 0.02875
0 0.31625 0.22875 0.0325 0.025
0 0.34875 0.225 0.03125 0.02875
0 0.3825 0.22125 0.02875 0.0325
0 0.4175 0.22 0.03125 0.02875
0 0.45125 0.22125 0.03125 0.03
0 0.31875 0.26 0.02875 0.025
0 0.805 0.10625 0.05625 0.025
0 0.5325 0.4525 0.02875 0.03
0 0.7125 0.3775 0.03125 0.03
0 0.6 0.4475 0.0325 0.02625
0 0.55875 0.70125 0.0375 0.04375
0 0.46875 0.74125 0.0375 0.02875
0 0.5125 0.74 0.04375 0.03125
0 0.21 0.10125 0.03 0.0275
0 0.60625 0.74625 0.04 0.0375
0 0.60375 0.70625 0.045 0.03625
0 0.64875 0.70875 0.04125 0.04
0 0.69625 0.71 0.04125 0.04125
0 0.2125 0.29375 0.03 0.0225
0 0.51375 0.69875 0.04625 0.04
0 0.18375 0.29625 0.02375 0.02875
0 0.215 0.2625 0.025 0.02875
0 0.18125 0.265 0.03625 0.0275
0 0.14875 0.26625 0.0275 0.02375
0 0.21625 0.2325 0.02375 0.0275
0 0.18375 0.235 0.0325 0.02875
0 0.1475 0.235 0.03375 0.0275
0 0.21375 0.1975 0.0275 0.03
0 0.18125 0.20125 0.03125 0.02875
0 0.1475 0.205 0.03125 0.0225
0 0.15 0.29875 0.03125 0.02375
0 0.4675 0.70125 0.03875 0.03875
0 0.3875 0.82 0.03375 0.03625
0 0.3475 0.8175 0.03625 0.035
0 0.1775 0.775 0.09625 0.03375
0 0.25 0.69625 0.04125 0.03875
0 0.29625 0.7 0.03625 0.03
0 0.3375 0.7 0.04 0.0375
0 0.37875 0.7 0.03875 0.03875
0 0.42125 0.70125 0.04 0.04
0 0.25375 0.7375 0.04125 0.03375
0 0.2925 0.73875 0.03375 0.0325
0 0.33375 0.73875 0.035 0.0325
0 0.38375 0.74125 0.0425 0.03375
0 0.42625 0.7425 0.04 0.03125
0 0.25375 0.77875 0.03625 0.03625
0 0.29875 0.77875 0.0375 0.035
0 0.34 0.78 0.04 0.03625
0 0.38375 0.77875 0.0375 0.03625
0 0.425 0.78 0.03875 0.0375
0 0.15 0.8725 0.0225 0.10125
0 0.1725 0.8675 0.02125 0.09625
0 0.565 0.44875 0.03 0.02625
0 0.25625 0.815 0.03875 0.03125
0 0.3025 0.81375 0.0475 0.0275
0 0.21375 0.165 0.0275 0.02875
0 0.205 0.73875 0.035 0.02875
0 0.18 0.1675 0.0325 0.0325
0 0.75 0.09375 0.0325 0.02875
0 0.3075 0.08625 0.02625 0.0225
0 0.24125 0.12875 0.025 0.02
0 0.21125 0.13 0.02875 0.02125
0 0.17875 0.13375 0.0275 0.02875
0 0.1425 0.135 0.03125 0.02625
0 0.27375 0.09125 0.0275 0.02125
0 0.24125 0.09875 0.025 0.0325
0 0.14375 0.02375 0.03625 0.03875
0 0.19375 0.02375 0.04125 0.04
0 0.34375 0.085 0.03375 0.02625
0 0.2375 0.02375 0.035 0.02875
0 0.31125 0.0225 0.03 0.03
0 0.34625 0.01625 0.03 0.03
0 0.3775 0.015 0.0275 0.0225
0 0.14375 0.07 0.0325 0.02625
0 0.17625 0.06625 0.025 0.03125
0 0.20625 0.065 0.03125 0.02375
0 0.2775 0.05625 0.1 0.03
0 0.38125 0.04875 0.1025 0.0225
0 0.1425 0.1025 0.0275 0.02875
0 0.275 0.0225 0.03625 0.0275
0 0.38 0.0825 0.03375 0.03
0 0.4125 0.08375 0.03125 0.02875
0 0.45375 0.08125 0.02875 0.03
0 0.7475 0.06 0.035 0.0275
0 0.71125 0.0625 0.03125 0.025
0 0.675 0.0625 0.035 0.03
0 0.6325 0.06375 0.03625 0.02875
0 0.595 0.07 0.03625 0.0275
0 0.56 0.07125 0.035 0.03
0 0.52125 0.07375 0.03125 0.02375
0 0.52375 0.11125 0.02875 0.03125
0 0.48625 0.115 0.035 0.03
0 0.45375 0.11625 0.02625 0.03125
0 0.4175 0.1175 0.0325 0.03125
0 0.3825 0.11875 0.03375 0.03375
0 0.3425 0.12125 0.02875 0.03125
0 0.31125 0.1175 0.0325 0.02875
0 0.275 0.12125 0.03125 0.02125
0 0.75125 0.02375 0.0325 0.035
0 0.71375 0.025 0.03375 0.0325
0 0.67375 0.02625 0.0325 0.025
0 0.5975 0.03375 0.105 0.0225
0 0.485 0.0425 0.10125 0.02625
0 0.485 0.0775 0.0275 0.02875
0 0.14875 0.16875 0.03 0.03
0 0.16625 0.74 0.03375 0.0325
0 0.1975 0.87 0.01875 0.09875
0 0.165 0.6975 0.03375 0.04375
0 0.35875 0.51375 0.02625 0.03125
0 0.20375 0.6975 0.04125 0.04
0 0.425 0.515 0.03 0.025
0 0.3925 0.54875 0.02875 0.02625
0 0.42875 0.545 0.03625 0.03125
0 0.465 0.5125 0.03125 0.02875
0 0.49875 0.51125 0.03375 0.03
0 0.53125 0.5125 0.03 0.03
0 0.39375 0.58 0.02875 0.02625
0 0.36 0.5475 0.03125 0.02125
0 0.43 0.58 0.02625 0.02375
0 0.465 0.54875 0.0275 0.0325
0 0.5025 0.54875 0.03125 0.02875
0 0.53375 0.54625 0.02875 0.02625
0 0.5675 0.515 0.0325 0.03
0 0.6025 0.515 0.035 0.02625
0 0.64 0.51375 0.03 0.02625
0 0.56625 0.54875 0.03125 0.02625
0 0.60125 0.54875 0.03375 0.025
0 0.6375 0.54625 0.02625 0.0275
0 0.46375 0.58 0.03125 0.02375
0 0.675 0.47875 0.02875 0.0225
0 0.3625 0.57875 0.02625 0.0275
0 0.32625 0.5475 0.0325 0.02875
0 0.43 0.4825 0.02875 0.02125
0 0.4625 0.48125 0.03125 0.02375
0 0.49625 0.4825 0.03 0.02625
0 0.5325 0.48125 0.0375 0.02625
0 0.5675 0.4825 0.0325 0.0275
0 0.60125 0.485 0.03125 0.025
0 0.63375 0.4825 0.0325 0.02625
0 0.635 0.44875 0.02875 0.03
0 0.675 0.4475 0.0325 0.02625
0 0.3275 0.58125 0.0275 0.0275
0 0.7125 0.44625 0.03125 0.02875
0 0.75125 0.4125 0.03625 0.0325
0 0.79 0.41125 0.0325 0.03
0 0.8275 0.41 0.035 0.03
0 0.75 0.44625 0.0325 0.03
0 0.79125 0.44625 0.03625 0.02875
0 0.83125 0.44625 0.0425 0.03125
0 0.29375 0.5475 0.03125 0.02625
0 0.2925 0.58 0.0275 0.025
0 0.32625 0.515 0.03125 0.02625
0 0.71125 0.41125 0.03125 0.025
0 0.7125 0.48 0.04125 0.01875
0 0.39375 0.515 0.03125 0.02875
0 0.78625 0.48125 0.0375 0.03375
0 0.18875 0.625 0.03125 0.03375
0 0.22125 0.625 0.0275 0.03625
0 0.2625 0.62625 0.03125 0.03125
0 0.29375 0.62625 0.025 0.0325
0 0.3325 0.66 0.0375 0.0375
0 0.3725 0.65625 0.035 0.03875
0 0.415 0.65875 0.035 0.04
0 0.4875 0.63125 0.03 0.03375
0 0.545 0.63 0.05625 0.03125
0 0.15125 0.62375 0.03375 0.03375
0 0.75 0.48375 0.03125 0.0325
0 0.69125 0.66 0.04375 0.04125
0 0.74125 0.705 0.04125 0.04125
0 0.77375 0.67 0.0325 0.045
0 0.7975 0.75125 0.03625 0.0375
0 0.835 0.67125 0.0375 0.0475
0 0.84625 0.7125 0.0475 0.035
0 0.84375 0.7575 0.04625 0.04
0 0.84625 0.795 0.045 0.03125
0 0.795 0.79375 0.04 0.03875
0 0.64375 0.665 0.03125 0.03625
0 0.85875 0.5775 0.03125 0.0225
0 0.6025 0.66375 0.04125 0.04
0 0.78875 0.575 0.0325 0.025
0 0.82375 0.58 0.02625 0.02625
0 0.8225 0.47375 0.03375 0.0225
0 0.86125 0.4775 0.02625 0.02125
0 0.67375 0.51375 0.03125 0.0275
0 0.71125 0.515 0.0375 0.025
0 0.75 0.51625 0.03375 0.0325
0 0.78875 0.515 0.035 0.035
0 0.8275 0.51375 0.03375 0.03125
0 0.67625 0.54625 0.035 0.03125
0 0.7125 0.54875 0.03 0.0275
0 0.78875 0.55 0.035 0.02125
0 0.82625 0.54625 0.03 0.02875
0 0.75 0.54875 0.03375 0.0275
0 0.67875 0.5825 0.03625 0.03375
0 0.63625 0.58 0.035 0.03125
0 0.59875 0.58 0.02875 0.02625
0 0.57 0.58 0.02625 0.02375
0 0.535 0.57875 0.0375 0.025
0 0.4975 0.58 0.02875 0.0225
0 0.74875 0.58 0.03375 0.02875
0 0.85875 0.54625 0.03125 0.0225
0 0.715 0.58125 0.02875 0.0275