0 0.47125 0.22125 0.04625 0.03625
0 0.2825 0.2625 0.04625 0.03625
0 0.365 0.845 0.04125 0.02625
0 0.56625 0.86625 0.04875 0.105
0 0.3725 0.72375 0.04125 0.025
0 0.33 0.77625 0.04125 0.0275
0 0.32875 0.74875 0.04375 0.02625
0 0.28625 0.7775 0.04375 0.02625
0 0.2925 0.36875 0.0325 0.02875
0 0.28375 0.75 0.04375 0.02625
0 0.2925 0.70875 0.03125 0.025
0 0.45875 0.655 0.04625 0.02625
0 0.46125 0.6275 0.04375 0.02625
0 0.41375 0.65375 0.04125 0.0275
0 0.41625 0.62625 0.0425 0.02375
0 0.46 0.6 0.045 0.025
0 0.41375 0.5975 0.0425 0.02625
0 0.37 0.65375 0.0425 0.02625
0 0.37 0.625 0.04375 0.025
0 0.2375 0.1875 0.0275 0.03875
0 0.24 0.225 0.0275 0.03625
0 0.24375 0.2625 0.0275 0.03625
0 0.27625 0.19125 0.045 0.03
0 0.32375 0.18875 0.045 0.03
0 0.37125 0.18875 0.045 0.03
0 0.42 0.1875 0.0475 0.03125
0 0.47 0.185 0.04875 0.03125
0 0.28 0.225 0.04375 0.03375
0 0.32625 0.22375 0.045 0.03625
0 0.37375 0.22375 0.04375 0.03625
0 0.42125 0.2225 0.04625 0.03625
0 0.37375 0.75 0.04125 0.025
0 0.415 0.725 0.04125 0.025
0 0.415 0.7525 0.04125 0.025
0 0.3725 0.7775 0.04125 0.02625
0 0.46125 0.7825 0.04375 0.02625
0 0.51125 0.7425 0.04875 0.11
0 0.56 0.7425 0.045 0.11
0 0.605 0.74125 0.045 0.10625
0 0.65375 0.74375 0.04625 0.1075
0 0.70125 0.745 0.04625 0.1075
0 0.7375 0.74 0.0225 0.095
0 0.73125 0.8675 0.03625 0.10125
0 0.68125 0.8675 0.04375 0.1
0 0.62375 0.86625 0.0475 0.0975
0 0.51 0.865 0.0475 0.10375
0 0.27625 0.84125 0.04 0.0275
0 0.31875 0.84375 0.0425 0.0275
0 0.37 0.5975 0.0425 0.0275
0 0.4075 0.845 0.04125 0.02625
0 0.325 0.87125 0.0425 0.0225
0 0.3675 0.87125 0.04125 0.02375
0 0.41125 0.8725 0.04 0.025
0 0.28375 0.895 0.0425 0.0225
0 0.3275 0.89625 0.04125 0.02375
0 0.37 0.8975 0.04125 0.025
0 0.4125 0.89875 0.04125 0.025
0 0.45625 0.90125 0.0425 0.025
0 0.455 0.87375 0.045 0.02375
0 0.45375 0.8475 0.0475 0.02375
0 0.245 0.40125 0.03 0.02875
0 0.46125 0.75375 0.0425 0.02625
0 0.4175 0.78 0.04375 0.02625
0 0.27875 0.87125 0.04375 0.02375
0 0.32625 0.65375 0.0425 0.0275
0 0.46125 0.72625 0.04625 0.02625
0 0.32375 0.59625 0.04125 0.025
0 0.425 0.40125 0.04375 0.0275
0 0.38 0.4 0.04375 0.0275
0 0.4725 0.3675 0.04625 0.02875
0 0.425 0.37 0.04625 0.02875
0 0.38 0.37 0.0425 0.0275
0 0.475 0.33875 0.045 0.03
0 0.42625 0.3375 0.04875 0.03
0 0.37875 0.34 0.0425 0.03125
0 0.33375 0.34 0.045 0.02625
0 0.33375 0.40125 0.04625 0.03
0 0.33375 0.37 0.04625 0.03
0 0.285 0.40125 0.0475 0.03
0 0.25875 0.37 0.03 0.02625
0 0.47375 0.39875 0.04625 0.03
0 0.325 0.62375 0.04375 0.0275
0 0.5725 0.355 0.04875 0.11625
0 0.6225 0.3575 0.04625 0.11625
0 0.67375 0.355 0.0525 0.1175
0 0.72875 0.35625 0.05375 0.11875
0 0.73 0.21 0.055 0.12125
0 0.675 0.21 0.04875 0.12125
0 0.625 0.21375 0.04875 0.12
0 0.5725 0.21625 0.05125 0.11625
0 0.52125 0.21625 0.04625 0.12
0 0.4725 0.25875 0.04875 0.03625
0 0.42375 0.26 0.04625 0.035
0 0.37625 0.26125 0.045 0.035
0 0.33 0.26125 0.045 0.035
0 0.5225 0.35625 0.04625 0.11625
0 0.2625 0.4675 0.01875 0.02625
0 0.26 0.3425 0.02875 0.02625
0 0.265 0.495 0.01875 0.0275
0 0.39 0.47125 0.0425 0.02875
0 0.43625 0.47125 0.04625 0.0275
0 0.4825 0.47125 0.04625 0.02875
0 0.3425 0.50125 0.04375 0.0275
0 0.435 0.50125 0.04375 0.0275
0 0.48125 0.5025 0.04625 0.0275
0 0.53 0.49 0.0475 0.10875
0 0.57875 0.49 0.04625 0.10875
0 0.6275 0.48875 0.0475 0.11
0 0.67625 0.49 0.04875 0.1125
0 0.7275 0.49 0.05125 0.11625
0 0.72 0.61875 0.05375 0.1075
0 0.66125 0.61875 0.05 0.11
0 0.61 0.61625 0.05125 0.11
0 0.56 0.61875 0.045 0.10875
0 0.5125 0.61625 0.04625 0.10875
0 0.275 0.59625 0.0425 0.0275
0 0.27625 0.625 0.0475 0.02625
0 0.27875 0.6525 0.04375 0.02625
0 0.34375 0.47 0.04375 0.03
0 0.29875 0.50125 0.04125 0.03
0 0.3875 0.5 0.04375 0.0275
0 0.48 0.53125 0.04625 0.02875
0 0.43375 0.53 0.045 0.02875
0 0.38625 0.53 0.045 0.02875
0 0.3425 0.53125 0.0425 0.02625
0 0.2975 0.53 0.04375 0.0275
0 0.2575 0.53 0.0325 0.02875
0 0.29625 0.47125 0.03875 0.02625