0 0.74 0.30625 0.02875 0.05125
0 0.4775 0.4025 0.02125 0.07
0 0.44875 0.40625 0.02125 0.0575
0 0.41625 0.40375 0.02625 0.06
0 0.3875 0.40375 0.02125 0.06
0 0.3025 0.39625 0.02625 0.06
0 0.3325 0.39625 0.0275 0.06625
0 0.2725 0.395 0.025 0.05625
0 0.70875 0.31 0.0325 0.0575
0 0.50625 0.4 0.025 0.07375
0 0.3625 0.3975 0.0225 0.0675
0 0.53625 0.40625 0.0275 0.0625
0 0.26625 0.4975 0.025 0.055
0 0.60125 0.4075 0.025 0.0575
0 0.6325 0.40875 0.0275 0.06
0 0.6625 0.40625 0.0225 0.05625
0 0.6925 0.40625 0.0275 0.05875
0 0.72 0.40375 0.02 0.0675
0 0.7425 0.4025 0.02375 0.065
0 0.295 0.49375 0.02 0.06
0 0.32 0.5 0.02375 0.055
0 0.34625 0.4975 0.0225 0.06
0 0.41375 0.50125 0.0225 0.05875
0 0.66875 0.3075 0.03125 0.0575
0 0.38375 0.50125 0.025 0.0575
0 0.56875 0.40625 0.03125 0.06125
0 0.63375 0.3075 0.03125 0.05625
0 0.58375 0.22125 0.04 0.06625
0 0.56625 0.3075 0.02875 0.05
0 0.445 0.5025 0.0225 0.055
0 0.32875 0.2175 0.03 0.045
0 0.36125 0.2175 0.02875 0.04375
0 0.39375 0.2175 0.02875 0.05125
0 0.42375 0.21875 0.02625 0.04875
0 0.455 0.21875 0.0325 0.05125
0 0.485 0.22 0.02625 0.0475
0 0.5375 0.21625 0.03375 0.0625
0 0.65375 0.22 0.0275 0.0475
0 0.68625 0.225 0.03 0.04375
0 0.71625 0.2275 0.0325 0.05
0 0.7075 0.185 0.02625 0.0275
0 0.5975 0.30875 0.0275 0.05625
0 0.265 0.29125 0.02125 0.025
0 0.3 0.3175 0.02125 0.01875
0 0.32375 0.31375 0.0225 0.0275
0 0.34625 0.31375 0.01875 0.0225
0 0.375 0.3025 0.015 0.01375
0 0.37 0.32 0.01625 0.0175
0 0.395 0.30125 0.0175 0.01125
0 0.39375 0.32125 0.025 0.0225
0 0.43 0.29 0.02375 0.0275
0 0.42625 0.31875 0.0325 0.02375
0 0.46125 0.3075 0.03 0.045
0 0.49875 0.31125 0.0325 0.0475
0 0.5325 0.3075 0.0275 0.05125
0 0.26875 0.31875 0.03 0.02625
0 0.47625 0.5025 0.025 0.055
0 0.66625 0.60875 0.0225 0.0575
0 0.43625 0.45375 0.02125 0.01125
0 0.39625 0.77375 0.02375 0.08125
0 0.32 0.76875 0.02 0.07
0 0.29625 0.76625 0.0175 0.07
0 0.27375 0.77375 0.02125 0.07125
0 0.755 0.7025 0.0525 0.0325
0 0.7575 0.67 0.04625 0.03
0 0.42 0.77 0.01875 0.07875
0 0.71625 0.6875 0.00875 0.04
0 0.6675 0.69625 0.0275 0.03875
0 0.63875 0.68375 0.0225 0.0475
0 0.61125 0.665 0.015 0.0275
0 0.59125 0.68375 0.01625 0.055
0 0.57125 0.6775 0.01875 0.0425
0 0.5525 0.69 0.01375 0.04125
0 0.70625 0.68875 0.00875 0.04375
0 0.52375 0.68375 0.02 0.05625
0 0.4425 0.77125 0.01875 0.08125
0 0.53 0.7525 0.0225 0.04
0 0.77 0.3075 0.02125 0.05375
0 0.77 0.39625 0.02125 0.055
0 0.76375 0.49625 0.03375 0.05625
0 0.7725 0.56875 0.01875 0.04875
0 0.75125 0.5925 0.01875 0.055
0 0.76125 0.78125 0.02375 0.05625
0 0.5625 0.80625 0.03375 0.0675
0 0.7325 0.78875 0.02625 0.06375
0 0.63875 0.785 0.02125 0.09
0 0.67375 0.7925 0.02125 0.08375
0 0.61125 0.79 0.0325 0.075
0 0.33375 0.45125 0.03 0.01375
0 0.56875 0.7525 0.01625 0.035
0 0.5525 0.75125 0.0175 0.035
0 0.70375 0.7875 0.015 0.08875
0 0.4975 0.68375 0.02375 0.05625
0 0.58 0.50375 0.02125 0.07125
0 0.4425 0.68 0.0175 0.05375
0 0.3675 0.59875 0.0125 0.0575
0 0.345 0.59625 0.0225 0.055
0 0.48625 0.4575 0.025 0.015
0 0.51875 0.4975 0.0225 0.06875
0 0.54625 0.49875 0.02625 0.0675
0 0.6075 0.505 0.01875 0.06
0 0.3925 0.5925 0.02375 0.0575
0 0.635 0.50375 0.0275 0.065
0 0.32 0.59625 0.02125 0.055
0 0.72875 0.50875 0.03125 0.05875
0 0.2725 0.5925 0.01875 0.06
0 0.295 0.59375 0.02125 0.05625
0 0.47125 0.6775 0.0275 0.05375
0 0.4575 0.45625 0.015 0.01125
0 0.6675 0.50875 0.025 0.0525
0 0.42375 0.5975 0.0225 0.0575
0 0.69625 0.51125 0.03 0.05625
0 0.47875 0.60125 0.02125 0.05375
0 0.455 0.6025 0.02375 0.05125
0 0.4125 0.68 0.02 0.0475
0 0.4275 0.67375 0.00875 0.05125
0 0.3625 0.67375 0.01875 0.06125
0 0.3375 0.6725 0.0275 0.0625
0 0.29625 0.66875 0.02125 0.0525
0 0.27 0.6675 0.025 0.06
0 0.3875 0.67375 0.0225 0.0525
0 0.6875 0.6125 0.01375 0.0575
0 0.6375 0.60625 0.02125 0.05875
0 0.61625 0.60625 0.01375 0.06125
0 0.58375 0.615 0.04125 0.0375
0 0.58 0.57125 0.04 0.04
0 0.5075 0.6025 0.025 0.05375
0 0.7075 0.5925 0.0225 0.0425