0 0.73875 0.545 0.02375 0.02625
0 0.71 0.55125 0.0275 0.035
0 0.68125 0.55 0.02375 0.03875
0 0.71375 0.51375 0.02875 0.03375
0 0.68 0.51625 0.0375 0.02875
0 0.65375 0.555 0.0225 0.0525
0 0.6325 0.5625 0.01875 0.03625
0 0.6 0.55 0.04625 0.08375
0 0.56 0.55375 0.03625 0.0775
0 0.49125 0.58625 0.035 0.025
0 0.4925 0.55875 0.03125 0.03
0 0.4725 0.5225 0.04125 0.01875
0 0.45625 0.56375 0.03375 0.02125
0 0.4575 0.59375 0.0325 0.04
0 0.415 0.56875 0.05125 0.09
0 0.36375 0.5775 0.0475 0.1075
0 0.7675 0.52125 0.03375 0.07375
0 0.8025 0.52625 0.01625 0.04375
0 0.81875 0.5275 0.01375 0.04125
0 0.8175 0.48625 0.015 0.04125
0 0.44375 0.6525 0.03 0.02125
0 0.515 0.66375 0.03125 0.01625
0 0.48125 0.67125 0.03375 0.03125
0 0.44875 0.6775 0.02875 0.0175
0 0.515 0.6925 0.035 0.035
0 0.48125 0.70125 0.03 0.0175
0 0.44625 0.71125 0.0375 0.0375
0 0.40375 0.71875 0.04 0.02375
0 0.40625 0.68875 0.0425 0.0225
0 0.40625 0.665 0.04 0.0225
0 0.365 0.70625 0.03875 0.09125
0 0.31875 0.70625 0.055 0.08875
0 0.2625 0.75375 0.045 0.04375
0 0.22 0.76125 0.03875 0.02875
0 0.17625 0.765 0.02875 0.085
0 0.14375 0.76875 0.0325 0.0775
0 0.84375 0.51 0.02625 0.06625
0 0.31875 0.615 0.04125 0.0325
0 0.2675 0.62875 0.04875 0.0425
0 0.8625 0.77 0.01875 0.0875
0 0.26125 0.585 0.05 0.045
0 0.45375 0.41625 0.055 0.12
0 0.3525 0.42125 0.04 0.1275
0 0.31 0.4225 0.045 0.125
0 0.26125 0.425 0.04125 0.13
0 0.21375 0.42375 0.05 0.13125
0 0.835 0.195 0.01125 0.08375
0 0.85125 0.2 0.01875 0.07375
0 0.86875 0.20875 0.0125 0.08
0 0.145 0.235 0.0325 0.1125
0 0.1375 0.38875 0.015 0.09375
0 0.16125 0.39125 0.02875 0.0925
0 0.2 0.26625 0.04375 0.12
0 0.26125 0.2725 0.0275 0.13375
0 0.2975 0.2725 0.04375 0.135
0 0.34 0.27625 0.04125 0.12875
0 0.37625 0.2725 0.025 0.1225
0 0.41 0.275 0.03125 0.125
0 0.4975 0.41875 0.03125 0.115
0 0.5275 0.41625 0.0275 0.10875
0 0.555 0.41625 0.02625 0.10875
0 0.58375 0.4125 0.02875 0.10375
0 0.21375 0.59375 0.04125 0.0275
0 0.2425 0.54125 0.065 0.035
0 0.17 0.635 0.0225 0.08375
0 0.14375 0.63875 0.025 0.09375
0 0.16125 0.51875 0.0325 0.08625
0 0.13625 0.51875 0.015 0.08625
0 0.865 0.40375 0.01875 0.06875
0 0.8425 0.40875 0.0275 0.07875
0 0.47875 0.64 0.0325 0.02375
0 0.815 0.40625 0.025 0.08125
0 0.77625 0.40625 0.01375 0.09
0 0.75625 0.40375 0.02375 0.0975
0 0.7375 0.405 0.01375 0.095
0 0.71875 0.40625 0.02375 0.09875
0 0.69375 0.41 0.025 0.0925
0 0.665 0.4175 0.03125 0.0875
0 0.63875 0.41125 0.01875 0.09875
0 0.61375 0.41375 0.03375 0.105
0 0.7925 0.41125 0.02 0.08375
0 0.22125 0.63 0.045 0.04
0 0.5575 0.66 0.03 0.07125
0 0.59 0.65125 0.0325 0.08625
0 0.62125 0.76625 0.05125 0.02875
0 0.65875 0.735 0.03375 0.05625
0 0.63 0.73 0.02375 0.0375
0 0.6075 0.73125 0.02125 0.035
0 0.575 0.7575 0.0425 0.085
0 0.5425 0.775 0.0375 0.06
0 0.51375 0.795 0.01875 0.05375
0 0.48375 0.81 0.0175 0.0375
0 0.48375 0.77 0.01875 0.04
0 0.4525 0.79625 0.04125 0.09125
0 0.40375 0.81 0.04375 0.06375
0 0.3575 0.82875 0.04625 0.1
0 0.30875 0.84 0.05625 0.08
0 0.26625 0.87125 0.02625 0.06125
0 0.23375 0.8825 0.03625 0.05
0 0.18125 0.8875 0.02375 0.08
0 0.15125 0.88625 0.0375 0.0775
0 0.69625 0.73125 0.04 0.03625
0 0.85125 0.585 0.0275 0.0725
0 0.69625 0.69375 0.035 0.02875
0 0.75125 0.7125 0.04125 0.045
0 0.8325 0.77875 0.04 0.0725
0 0.78375 0.83125 0.03 0.0475
0 0.75 0.82375 0.04125 0.07
0 0.7075 0.8325 0.0425 0.0875
0 0.66625 0.85625 0.035 0.07
0 0.62625 0.9025 0.03 0.05
0 0.62125 0.85125 0.04 0.05
0 0.5825 0.91 0.03125 0.09125
0 0.5375 0.92125 0.0625 0.08
0 0.47875 0.93125 0.05375 0.1
0 0.42375 0.97625 0.0375 0.04625
0 0.37 0.96875 0.0675 0.0625
0 0.305 0.97375 0.035 0.0475
0 0.865 0.67 0.0125 0.055
0 0.8475 0.66875 0.02125 0.05625
0 0.815 0.68125 0.03125 0.08375
0 0.78375 0.7 0.02875 0.04375
0 0.725 0.72125 0.01875 0.03
0 0.515 0.63625 0.04 0.03125
0 0.81875 0.5925 0.0325 0.085
0 0.54875 0.28875 0.02625 0.1075
0 0.3325 0.10875 0.04 0.12875
0 0.375 0.1125 0.04375 0.1375
0 0.44 0.12625 0.05875 0.1225
0 0.49 0.1325 0.04 0.135
0 0.5225 0.1425 0.015 0.11625
0 0.53625 0.14375 0.01125 0.1175
0 0.55875 0.1425 0.0325 0.11875
0 0.59375 0.1475 0.0325 0.1175
0 0.67375 0.1625 0.035 0.10625
0 0.795 0.18875 0.0175 0.085
0 0.815 0.19125 0.0225 0.07875
0 0.74 0.5925 0.025 0.01875
0 0.7175 0.59375 0.01875 0.0225
0 0.695 0.5975 0.02625 0.01625
0 0.6725 0.6475 0.01875 0.0375
0 0.44375 0.27625 0.03625 0.125
0 0.64375 0.64375 0.02625 0.0775
0 0.28375 0.1 0.05625 0.13875
0 0.79375 0.62 0.0225 0.03875
0 0.1875 0.08125 0.04125 0.14375
0 0.69875 0.625 0.02625 0.0275
0 0.57625 0.29125 0.025 0.09875
0 0.6 0.29 0.0225 0.09625
0 0.65125 0.29375 0.02375 0.1
0 0.6775 0.3 0.025 0.09625
0 0.7275 0.295 0.0325 0.0875
0 0.75375 0.2975 0.01 0.09375
0 0.7725 0.3 0.025 0.09
0 0.7975 0.3 0.015 0.09
0 0.8125 0.305 0.01625 0.08125
0 0.835 0.305 0.02 0.08125
0 0.86 0.3075 0.02875 0.07625
0 0.765 0.6225 0.0325 0.04375
0 0.73875 0.64 0.0175 0.01875
0 0.71625 0.645 0.02375 0.02625
0 0.69875 0.6475 0.01375 0.0225
0 0.7425 0.61375 0.0175 0.0125
0 0.72375 0.6175 0.02125 0.01875
0 0.14625 0.1 0.04 0.105
0 0.62125 0.66125 0.00875 0.035
0 0.5225 0.28375 0.03125 0.1125