0 0.4075 0.39625 0.02625 0.0325
0 0.38 0.39625 0.0275 0.03375
0 0.31875 0.3925 0.025 0.03625
0 0.34875 0.39375 0.02375 0.03375
0 0.4375 0.3775 0.01375 0.0275
0 0.3825 0.3625 0.035 0.03125
0 0.435 0.40375 0.0225 0.0225
0 0.76625 0.35625 0.0125 0.0525
0 0.46 0.4075 0.02 0.0175
0 0.265 0.5025 0.06125 0.07625
0 0.7725 0.4375 0.01625 0.065
0 0.7525 0.4375 0.01625 0.06375
0 0.73125 0.43625 0.02125 0.065
0 0.71 0.43625 0.01875 0.065
0 0.68625 0.40625 0.02375 0.0375
0 0.6575 0.4125 0.01875 0.0225
0 0.65875 0.3875 0.02 0.025
0 0.6175 0.395 0.01875 0.0525
0 0.25875 0.40125 0.07625 0.08125
0 0.59875 0.40375 0.01375 0.0375
0 0.58125 0.3925 0.01875 0.05375
0 0.5475 0.405 0.0275 0.02875
0 0.52 0.40375 0.025 0.03
0 0.48875 0.41 0.03125 0.015
0 0.4975 0.375 0.01625 0.04125
0 0.48 0.3775 0.015 0.04375
0 0.45875 0.38375 0.01875 0.02625
0 0.75125 0.355 0.01125 0.055
0 0.65 0.32 0.01125 0.01625
0 0.7175 0.34625 0.0225 0.06
0 0.7575 0.7575 0.02 0.0625
0 0.735 0.75875 0.01875 0.06625
0 0.71125 0.76125 0.02 0.06375
0 0.65875 0.76375 0.03625 0.085
0 0.6025 0.75125 0.0625 0.1075
0 0.53625 0.76375 0.055 0.0975
0 0.41375 0.78125 0.03375 0.09125
0 0.38 0.785 0.0275 0.08625
0 0.34625 0.7875 0.03125 0.0875
0 0.6625 0.33875 0.0125 0.0175
0 0.6475 0.33875 0.01 0.01625
0 0.63375 0.3375 0.01375 0.0175
0 0.315 0.49125 0.015 0.03375
0 0.6325 0.3175 0.0125 0.01625
0 0.61125 0.3325 0.01875 0.02
0 0.54375 0.32375 0.01375 0.02875
0 0.5275 0.325 0.01125 0.03125
0 0.51 0.31375 0.01375 0.05
0 0.49 0.30875 0.02 0.0625
0 0.4625 0.3025 0.025 0.06375
0 0.43375 0.3 0.0225 0.05875
0 0.40125 0.3025 0.0275 0.05625
0 0.37 0.29375 0.02375 0.065
0 0.3425 0.2875 0.0175 0.0775
0 0.31375 0.28375 0.0275 0.08
0 0.2575 0.28375 0.075 0.075
0 0.6775 0.3375 0.01375 0.02125
0 0.7375 0.355 0.01125 0.05375
0 0.35875 0.49 0.0175 0.04
0 0.6125 0.47875 0.02125 0.01875
0 0.39875 0.48875 0.0175 0.0425
0 0.51625 0.675 0.0275 0.02875
0 0.54375 0.675 0.02375 0.02625
0 0.5675 0.6725 0.01875 0.02625
0 0.59 0.67 0.02375 0.02125
0 0.615 0.66875 0.01875 0.025
0 0.63625 0.66375 0.02 0.02375
0 0.66125 0.66375 0.025 0.02875
0 0.4825 0.675 0.0275 0.02875
0 0.48 0.6425 0.02625 0.03375
0 0.54125 0.64625 0.025 0.025
0 0.56875 0.645 0.02125 0.0275
0 0.59125 0.64375 0.01875 0.02375
0 0.32125 0.5725 0.025 0.06875
0 0.69 0.68 0.01625 0.05
0 0.70625 0.68 0.0125 0.04875
0 0.72375 0.68 0.0125 0.045
0 0.5125 0.64625 0.0275 0.02375
0 0.4475 0.675 0.0325 0.03375
0 0.41375 0.66125 0.025 0.065
0 0.38125 0.66375 0.03 0.06875
0 0.2625 0.62 0.0675 0.045
0 0.2675 0.58 0.055 0.02125
0 0.6775 0.48 0.02875 0.05625
0 0.645 0.48 0.03 0.06125
0 0.60875 0.5 0.02 0.01875
0 0.37625 0.5725 0.02125 0.06875
0 0.3775 0.4875 0.015 0.0375
0 0.40375 0.56875 0.02875 0.07375
0 0.51125 0.57625 0.09375 0.04625
0 0.61125 0.5775 0.09375 0.04
0 0.60375 0.53625 0.0825 0.02125
0 0.70375 0.5275 0.015 0.05375
0 0.72125 0.5275 0.01625 0.0525
0 0.74125 0.525 0.02 0.05875
0 0.7675 0.52375 0.02125 0.06
0 0.3175 0.66875 0.02875 0.07
0 0.34875 0.66375 0.03 0.07
0 0.73375 0.67375 0.0075 0.045
0 0.74625 0.67375 0.0125 0.04875
0 0.615 0.64 0.02125 0.02625
0 0.69625 0.59375 0.02125 0.0575
0 0.4025 0.45625 0.01875 0.0175
0 0.41875 0.48875 0.01375 0.04
0 0.435 0.48875 0.015 0.04
0 0.46 0.50125 0.0325 0.0175
0 0.495 0.4975 0.03375 0.025
0 0.525 0.4775 0.01375 0.06625
0 0.54125 0.4975 0.0175 0.02375
0 0.56125 0.49875 0.01625 0.025
0 0.58375 0.4775 0.0175 0.0225
0 0.585 0.5 0.02 0.0175
0 0.77 0.67625 0.02125 0.04375
0 0.35 0.57125 0.025 0.0675
0 0.31125 0.7875 0.03375 0.09375
0 0.71875 0.59625 0.02 0.0575
0 0.74375 0.595 0.01875 0.055
0 0.765 0.5925 0.02125 0.05125