0 0.66 0.515 0.02375 0.07
0 0.685 0.51875 0.02375 0.065
0 0.71125 0.5175 0.0225 0.0675
0 0.73625 0.5175 0.0275 0.06875
0 0.7675 0.51 0.025 0.075
0 0.7975 0.5075 0.0325 0.08
0 0.14 0.63125 0.03 0.09
0 0.86125 0.5075 0.0275 0.0875
0 0.62625 0.5375 0.03875 0.0275
0 0.1775 0.62625 0.04375 0.1
0 0.2175 0.625 0.03375 0.09875
0 0.25875 0.63 0.04375 0.09
0 0.83 0.50875 0.03 0.08375
0 0.62625 0.50875 0.0375 0.02875
0 0.5525 0.5325 0.02375 0.04125
0 0.585 0.50625 0.0375 0.03375
0 0.305 0.625 0.04375 0.09375
0 0.5225 0.5425 0.02625 0.02125
0 0.5225 0.51375 0.02875 0.0275
0 0.4825 0.50875 0.04 0.0825
0 0.43875 0.515 0.0375 0.08
0 0.40625 0.52625 0.02125 0.05625
0 0.37 0.53 0.04 0.04625
0 0.37125 0.485 0.0425 0.04375
0 0.32625 0.53625 0.04 0.035
0 0.32625 0.4975 0.0425 0.03625
0 0.2825 0.53125 0.0425 0.045
0 0.28 0.48375 0.0425 0.045
0 0.5875 0.53875 0.035 0.0225
0 0.34875 0.6275 0.03375 0.09125
0 0.42375 0.625 0.03375 0.0925
0 0.245 0.51625 0.02375 0.0825
0 0.295 0.74875 0.03 0.10125
0 0.32625 0.75 0.03 0.09625
0 0.3575 0.75125 0.03125 0.09125
0 0.385 0.74625 0.02 0.09875
0 0.41125 0.755 0.02875 0.07875
0 0.4425 0.7475 0.0325 0.09375
0 0.4725 0.7475 0.025 0.0925
0 0.49875 0.745 0.025 0.09625
0 0.53 0.74375 0.0325 0.095
0 0.2225 0.74625 0.04625 0.1075
0 0.1775 0.74625 0.04125 0.1075
0 0.13875 0.74875 0.0275 0.11
0 0.84875 0.6175 0.02375 0.1025
0 0.825 0.6225 0.02125 0.09375
0 0.3875 0.62375 0.03875 0.09375
0 0.8025 0.62125 0.0225 0.09375
0 0.755 0.62375 0.01875 0.08875
0 0.73 0.62875 0.0275 0.08
0 0.7 0.64125 0.02875 0.05625
0 0.66375 0.64375 0.03875 0.0525
0 0.66 0.59 0.03375 0.03875
0 0.62625 0.655 0.0325 0.02375
0 0.62625 0.63125 0.03125 0.02125
0 0.625 0.6025 0.03125 0.02875
0 0.59125 0.6175 0.0325 0.1
0 0.5625 0.63 0.0225 0.07625
0 0.535 0.6325 0.025 0.07125
0 0.51 0.63375 0.0225 0.06625
0 0.48375 0.63 0.0225 0.07875
0 0.45625 0.6225 0.02875 0.0925
0 0.7775 0.62375 0.0225 0.08875
0 0.21625 0.51875 0.03 0.07625
0 0.86 0.3775 0.02875 0.12375
0 0.155 0.52125 0.03875 0.0775
0 0.265 0.24375 0.03625 0.0975
0 0.1675 0.24375 0.03125 0.10125
0 0.1375 0.24 0.025 0.1075
0 0.8475 0.08125 0.0375 0.09375
0 0.81125 0.08375 0.03375 0.09625
0 0.77625 0.07625 0.0375 0.10875
0 0.72625 0.06875 0.04 0.12625
0 0.6875 0.07625 0.03625 0.10875
0 0.5625 0.74375 0.03125 0.095
0 0.65 0.0775 0.03 0.0375
0 0.6175 0.07875 0.03125 0.10625
0 0.59 0.0875 0.02125 0.08625
0 0.56625 0.1 0.025 0.0625
0 0.5375 0.0775 0.03125 0.10375
0 0.51 0.07875 0.025 0.10625
0 0.47875 0.07875 0.035 0.10375
0 0.44625 0.0775 0.02875 0.1025
0 0.40625 0.07 0.0475 0.11875
0 0.36 0.07125 0.04375 0.12
0 0.3175 0.07125 0.04125 0.11875
0 0.2775 0.07125 0.0375 0.12
0 0.235 0.07125 0.04125 0.1225
0 0.1925 0.07 0.04125 0.1225
0 0.1525 0.07 0.03875 0.125
0 0.595 0.745 0.03 0.09625
0 0.62375 0.74375 0.02625 0.09625
0 0.65125 0.745 0.025 0.095
0 0.6775 0.745 0.025 0.09375
0 0.705 0.755 0.025 0.0775
0 0.305 0.2325 0.03875 0.12
0 0.18875 0.52 0.02625 0.07875
0 0.3475 0.23125 0.04 0.12
0 0.42625 0.22875 0.03875 0.12625
0 0.82625 0.3775 0.03875 0.125
0 0.785 0.38 0.03875 0.12625
0 0.69625 0.42 0.045 0.045
0 0.69625 0.37125 0.0475 0.045
0 0.64875 0.37125 0.04375 0.0425
0 0.64875 0.42 0.04125 0.0475
0 0.605 0.3775 0.0375 0.13125
0 0.5625 0.3775 0.04125 0.13125
0 0.5225 0.3825 0.0375 0.13
0 0.48 0.385 0.04375 0.11875
0 0.43875 0.38625 0.035 0.1225
0 0.4 0.3875 0.0375 0.12375
0 0.36 0.38625 0.04 0.12
0 0.31875 0.38 0.0425 0.1325
0 0.2775 0.38 0.04 0.1325
0 0.235 0.39 0.04 0.11
0 0.195 0.3975 0.0325 0.1
0 0.1525 0.38625 0.05 0.12125
0 0.8575 0.22625 0.035 0.125
0 0.81875 0.22625 0.03875 0.12375
0 0.77625 0.23 0.04 0.11875
0 0.74125 0.23375 0.02875 0.11125
0 0.70875 0.23375 0.03625 0.1125
0 0.67125 0.2275 0.0375 0.12375
0 0.62875 0.22625 0.0375 0.125
0 0.59 0.22875 0.035 0.1275
0 0.54875 0.23 0.04375 0.12375
0 0.50875 0.23 0.03375 0.12375
0 0.46875 0.22875 0.045 0.125
0 0.3875 0.23125 0.03625 0.1225
0 0.7425 0.38125 0.03875 0.12625
0 0.6525 0.1125 0.0325 0.0325
0 0.34375 0.8675 0.035 0.1125
0 0.26875 0.8675 0.0275 0.11375
0 0.22625 0.87125 0.05125 0.10875
0 0.18125 0.87375 0.035 0.1075
0 0.1425 0.88 0.035 0.09375
0 0.84625 0.74125 0.0275 0.0925
0 0.305 0.8675 0.0375 0.1125
0 0.2625 0.7475 0.03 0.1
0 0.38125 0.86625 0.03625 0.1125
0 0.42125 0.8675 0.035 0.11
0 0.45875 0.865 0.035 0.1125
0 0.49875 0.865 0.0375 0.1125
0 0.57875 0.86375 0.0375 0.11375
0 0.66 0.875 0.02625 0.08625
0 0.69125 0.87125 0.02625 0.09125
0 0.62125 0.86125 0.0425 0.1125
0 0.75625 0.7475 0.025 0.08875
0 0.785 0.745 0.03125 0.09375
0 0.72875 0.74625 0.0225 0.09375
0 0.81625 0.74375 0.03 0.08875
0 0.75125 0.875 0.02625 0.08375
0 0.78 0.875 0.03 0.08625
0 0.80875 0.87375 0.025 0.09
0 0.7225 0.87375 0.0275 0.08625
0 0.8575 0.87375 0.03375 0.0875