0 0.61875 0.72 0.0325 0.10125
0 0.3725 0.59625 0.02 0.09875
0 0.3425 0.60125 0.0225 0.0975
0 0.315 0.6025 0.02375 0.0875
0 0.2825 0.6075 0.02375 0.09375
0 0.24125 0.61 0.04375 0.1025
0 0.23125 0.45625 0.02375 0.1025
0 0.25875 0.44875 0.02125 0.08625
0 0.28375 0.45 0.02125 0.09375
0 0.31125 0.4525 0.01625 0.09875
0 0.34 0.4525 0.0225 0.10375
0 0.375 0.46125 0.03875 0.1
0 0.4075 0.455 0.02 0.09375
0 0.42625 0.595 0.0225 0.0925
0 0.4525 0.605 0.02625 0.09875
0 0.5075 0.59875 0.0325 0.0975
0 0.4325 0.455 0.02375 0.10625
0 0.54125 0.59 0.025 0.0925
0 0.5775 0.59875 0.02625 0.09125
0 0.60625 0.5925 0.0225 0.0975
0 0.63375 0.60125 0.02375 0.09625
0 0.65625 0.59375 0.0175 0.0875
0 0.69375 0.59875 0.02875 0.0825
0 0.72125 0.59875 0.01875 0.09
0 0.75125 0.60875 0.02125 0.09
0 0.7725 0.5975 0.015 0.08625
0 0.76125 0.71625 0.03875 0.085
0 0.675 0.745 0.0775 0.1025
0 0.575 0.71125 0.045 0.09875
0 0.5225 0.72125 0.035 0.095
0 0.47875 0.59625 0.01875 0.1
0 0.46375 0.45125 0.02875 0.11125
0 0.4025 0.5975 0.02 0.095
0 0.53 0.45125 0.0275 0.09875
0 0.26375 0.715 0.0275 0.09875
0 0.29875 0.7175 0.02625 0.08625
0 0.33875 0.7125 0.025 0.09
0 0.375 0.715 0.03875 0.09875
0 0.425 0.7125 0.03875 0.1
0 0.48 0.7075 0.0425 0.0925
0 0.23375 0.74 0.02875 0.12625
0 0.4575 0.325 0.025 0.1025
0 0.39625 0.3275 0.01875 0.09625
0 0.36375 0.32625 0.0225 0.09125
0 0.49875 0.45375 0.02625 0.1
0 0.305 0.32625 0.02125 0.09125
0 0.27375 0.3325 0.02875 0.09125
0 0.245 0.33125 0.02375 0.09125
0 0.42 0.33125 0.0275 0.09375
0 0.48375 0.33 0.02375 0.09375
0 0.335 0.32625 0.0275 0.09625
0 0.5425 0.3275 0.02875 0.105
0 0.51 0.32625 0.025 0.09625
0 0.55875 0.45 0.02875 0.09375
0 0.58625 0.46 0.02125 0.095
0 0.6525 0.45125 0.03125 0.09375
0 0.685 0.45125 0.0275 0.09625
0 0.72 0.4575 0.035 0.09125
0 0.76 0.4625 0.035 0.0925
0 0.61625 0.455 0.0325 0.10125
0 0.74 0.335 0.02 0.0925
0 0.765 0.33625 0.02375 0.09125
0 0.685 0.3275 0.025 0.09375
0 0.65 0.32375 0.035 0.10375
0 0.6075 0.33625 0.0325 0.1
0 0.7175 0.33875 0.0225 0.0825
0 0.575 0.33125 0.025 0.105