0 0.565 0.14375 0.0425 0.04
0 0.565 0.1 0.05 0.04
0 0.50375 0.1025 0.06875 0.0375
0 0.43125 0.1 0.0725 0.02875
0 0.52125 0.145 0.03875 0.0425
0 0.4825 0.1475 0.03375 0.04375
0 0.42375 0.19625 0.07 0.045
0 0.35125 0.1975 0.0675 0.04875
0 0.29625 0.6925 0.03625 0.0325
0 0.4275 0.14375 0.06875 0.055
0 0.355 0.145 0.07125 0.04625
0 0.32375 0.11125 0.09625 0.0175
0 0.29125 0.19875 0.04625 0.045
0 0.24375 0.2 0.0425 0.04625
0 0.29375 0.1475 0.04625 0.05
0 0.35125 0.05 0.06375 0.04375
0 0.28125 0.05125 0.07125 0.04625
0 0.42625 0.04625 0.0725 0.045
0 0.67375 0.15625 0.03375 0.03625
0 0.6175 0.0425 0.05 0.0525
0 0.675 0.0375 0.05375 0.04875
0 0.60125 0.18875 0.0425 0.0425
0 0.5575 0.19125 0.04125 0.04625
0 0.51625 0.19375 0.03875 0.0475
0 0.73375 0.035 0.05375 0.04375
0 0.4775 0.195 0.035 0.04375
0 0.60625 0.14375 0.0375 0.0425
0 0.24625 0.15 0.04875 0.05
0 0.56625 0.0425 0.05125 0.05625
0 0.25375 0.7275 0.04125 0.03125
0 0.4425 0.41625 0.0525 0.04
0 0.23125 0.315 0.02375 0.04375
0 0.22875 0.265 0.01875 0.05125
0 0.36625 0.47625 0.05125 0.04
0 0.3125 0.48125 0.05375 0.03625
0 0.2575 0.48 0.0525 0.0375
0 0.25875 0.51625 0.055 0.03
0 0.2675 0.31625 0.04625 0.04375
0 0.26375 0.26625 0.05 0.05
0 0.3175 0.31375 0.04625 0.0425
0 0.3125 0.26625 0.04375 0.05
0 0.37125 0.31375 0.05625 0.0425
0 0.36625 0.2675 0.05875 0.04625
0 0.42875 0.31375 0.0575 0.04375
0 0.42875 0.265 0.06125 0.04375
0 0.4975 0.3075 0.0725 0.055
0 0.4975 0.25125 0.075 0.0525
0 0.5725 0.30375 0.07 0.05125
0 0.57625 0.25125 0.07625 0.05
0 0.64125 0.31125 0.06125 0.0375
0 0.6425 0.27125 0.05125 0.03625
0 0.7025 0.31125 0.05875 0.03625
0 0.70125 0.27375 0.06125 0.0325
0 0.75625 0.3075 0.04625 0.04
0 0.7575 0.265 0.04375 0.0375
0 0.70875 0.195 0.0325 0.0375
0 0.74125 0.19375 0.03 0.0375
0 0.7475 0.15375 0.0375 0.035
0 0.71 0.15625 0.035 0.0325
0 0.70375 0.42 0.05625 0.03625
0 0.4225 0.47625 0.0575 0.04
0 0.64 0.19375 0.03 0.03875
0 0.49375 0.51 0.0675 0.04375
0 0.625 0.485 0.0675 0.0325
0 0.70125 0.38125 0.06 0.03625
0 0.6425 0.42 0.06375 0.0325
0 0.63625 0.3825 0.065 0.03625
0 0.51 0.41375 0.07375 0.04625
0 0.75875 0.41375 0.0425 0.03875
0 0.44375 0.3725 0.05375 0.04125
0 0.38375 0.4175 0.0575 0.04125
0 0.38625 0.37375 0.0625 0.04125
0 0.33875 0.4175 0.03125 0.04375
0 0.3375 0.37125 0.02875 0.04375
0 0.29125 0.41625 0.055 0.04125
0 0.23875 0.4175 0.04 0.04125
0 0.29 0.36875 0.05625 0.05
0 0.24 0.37125 0.03875 0.05
0 0.295 0.72625 0.0375 0.02875
0 0.33625 0.6875 0.0325 0.04
0 0.33125 0.72875 0.03375 0.0325
0 0.385 0.6675 0.04375 0.0475
0 0.4325 0.67 0.03875 0.03125
0 0.37875 0.7225 0.0425 0.0475
0 0.43375 0.71875 0.0625 0.0475
0 0.51625 0.7125 0.09375 0.0525
0 0.2325 0.05375 0.02625 0.04625
0 0.25 0.64125 0.06125 0.0375
0 0.74375 0.12125 0.04125 0.02625
0 0.7525 0.4725 0.045 0.04
0 0.75375 0.515 0.05125 0.03875
0 0.695 0.485 0.06375 0.035
0 0.69 0.51875 0.06875 0.02875
0 0.61875 0.5175 0.06375 0.03
0 0.315 0.51625 0.0525 0.03
0 0.67375 0.195 0.03 0.0375
0 0.42625 0.51625 0.0575 0.03375
0 0.34 0.60375 0.0425 0.03125
0 0.38625 0.56 0.05125 0.04375
0 0.39125 0.60375 0.05125 0.04
0 0.44 0.56125 0.0525 0.0425
0 0.44375 0.6075 0.04625 0.0375
0 0.51625 0.595 0.0875 0.05
0 0.6525 0.55375 0.045 0.0275
0 0.7025 0.5575 0.0475 0.02625
0 0.6425 0.595 0.05 0.0525
0 0.69625 0.6 0.05 0.05375
0 0.75 0.5675 0.045 0.04125
0 0.7525 0.60625 0.0475 0.03375
0 0.75625 0.6925 0.0475 0.04625
0 0.755 0.73375 0.04875 0.0325
0 0.7075 0.67625 0.045 0.04125
0 0.65875 0.68 0.0425 0.03375
0 0.70625 0.72375 0.0425 0.05375
0 0.65875 0.7275 0.045 0.055
0 0.25625 0.69125 0.04125 0.03625
0 0.3375 0.56625 0.035 0.0375
0 0.36875 0.51625 0.0525 0.035
0 0.755 0.3725 0.04875 0.035
0 0.2475 0.57125 0.045 0.0375
0 0.25125 0.60625 0.04125 0.03125
0 0.29625 0.56875 0.045 0.035
0 0.2975 0.60625 0.04125 0.03125