0 0.305 0.19 0.04875 0.04625
0 0.35625 0.23875 0.05125 0.04125
0 0.41 0.19125 0.0525 0.05375
0 0.41125 0.24 0.0525 0.04125
0 0.465 0.2425 0.05125 0.03875
0 0.46375 0.195 0.05125 0.05
0 0.525 0.2375 0.065 0.05625
0 0.52625 0.19 0.0675 0.02875
0 0.595 0.23625 0.065 0.06
0 0.59875 0.18375 0.06625 0.0325
0 0.66125 0.23375 0.0625 0.06
0 0.66125 0.1875 0.05375 0.02875
0 0.715 0.22 0.03125 0.08375
0 0.7525 0.2125 0.04 0.1
0 0.7625 0.09625 0.035 0.07125
0 0.68125 0.0975 0.03875 0.07125
0 0.7225 0.09625 0.035 0.07125
0 0.72625 0.03625 0.04 0.04375
0 0.34875 0.0125 0.05125 0.025
0 0.3475 0.0425 0.05125 0.03
0 0.3475 0.095 0.05125 0.07
0 0.40875 0.10375 0.06 0.0525
0 0.40375 0.05125 0.0575 0.04625
0 0.40625 0.01375 0.06125 0.025
0 0.735 0.7775 0.0525 0.13375
0 0.46375 0.04375 0.0475 0.05625
0 0.52375 0.06625 0.055 0.03
0 0.52 0.10875 0.05625 0.04875
0 0.58375 0.08625 0.04125 0.0825
0 0.625 0.09 0.0225 0.08
0 0.64625 0.09 0.02 0.0825
0 0.685 0.0375 0.0375 0.0425
0 0.465 0.1025 0.04375 0.05625
0 0.2925 0.09375 0.0525 0.0675
0 0.30375 0.23625 0.045 0.0425
0 0.2575 0.2375 0.04125 0.04125
0 0.53875 0.4625 0.0375 0.04
0 0.54 0.41625 0.0425 0.04125
0 0.58375 0.4625 0.04125 0.04375
0 0.585 0.41875 0.04 0.04
0 0.6275 0.46375 0.04125 0.0425
0 0.62875 0.4175 0.04125 0.04
0 0.67625 0.415 0.0475 0.035
0 0.67875 0.4625 0.04875 0.05125
0 0.7325 0.4625 0.05125 0.0475
0 0.72875 0.41625 0.05 0.04
0 0.24375 0.35875 0.0475 0.02375
0 0.2475 0.33125 0.04625 0.0275
0 0.3 0.36 0.0525 0.02
0 0.3 0.33125 0.0525 0.0275
0 0.36 0.36 0.05375 0.0275
0 0.35875 0.3275 0.0575 0.03125
0 0.42375 0.36 0.0625 0.02625
0 0.70875 0.3025 0.04875 0.02375
0 0.725 0.34375 0.06625 0.0525
0 0.65625 0.34625 0.065 0.05625
0 0.6525 0.305 0.055 0.0225
0 0.5925 0.31375 0.0575 0.025
0 0.59125 0.34 0.05625 0.02625
0 0.255 0.19125 0.0425 0.04875
0 0.58875 0.365 0.05875 0.02125
0 0.53 0.33625 0.05125 0.02625
0 0.5325 0.36375 0.05 0.025
0 0.48625 0.31375 0.04 0.01
0 0.4825 0.33625 0.04 0.02625
0 0.4825 0.36375 0.04 0.02375
0 0.42375 0.32875 0.0625 0.03
0 0.53375 0.30875 0.05125 0.02375
0 0.495 0.4625 0.0375 0.0425
0 0.24125 0.09375 0.04375 0.06375
0 0.29375 0.02875 0.0525 0.05625
0 0.55625 0.63125 0.02625 0.04375
0 0.525 0.64875 0.0325 0.0425
0 0.48875 0.62125 0.0325 0.02
0 0.48625 0.6625 0.04125 0.04625
0 0.4525 0.62 0.035 0.015
0 0.45 0.65 0.02875 0.04
0 0.41125 0.65375 0.03875 0.04
0 0.4125 0.6225 0.04 0.02
0 0.36625 0.6675 0.04375 0.0375
0 0.3625 0.63 0.0475 0.03125
0 0.32125 0.66625 0.04 0.03375
0 0.26125 0.625 0.05125 0.0375
0 0.2775 0.6675 0.0425 0.035
0 0.2375 0.665 0.03625 0.03875
0 0.30625 0.74 0.02875 0.04875
0 0.295 0.81125 0.0375 0.0575
0 0.2525 0.77125 0.04125 0.04375
0 0.665 0.80125 0.075 0.0975
0 0.66375 0.73125 0.08375 0.04
0 0.595 0.8225 0.0525 0.04125
0 0.595 0.7775 0.05375 0.045
0 0.53875 0.8125 0.05375 0.0525
0 0.485 0.81375 0.0475 0.05625
0 0.5975 0.66375 0.04125 0.04375
0 0.485 0.75375 0.04625 0.04375
0 0.43 0.77625 0.0425 0.04625
0 0.34125 0.8175 0.04375 0.04
0 0.385 0.81625 0.03875 0.0375
0 0.38375 0.775 0.03875 0.04
0 0.3425 0.775 0.035 0.04
0 0.2525 0.81625 0.03875 0.0375
0 0.43125 0.82125 0.045 0.035
0 0.24 0.03 0.0425 0.05625
0 0.64 0.66375 0.0375 0.0475
0 0.71875 0.65375 0.035 0.06625
0 0.76125 0.65625 0.03875 0.1025
0 0.42375 0.41375 0.05625 0.04625
0 0.45 0.46 0.04375 0.0425
0 0.4025 0.46125 0.0425 0.0425
0 0.3525 0.41375 0.05125 0.0425
0 0.35375 0.46 0.0475 0.04125
0 0.3 0.46 0.04875 0.05
0 0.30375 0.415 0.03875 0.0325
0 0.24375 0.425 0.04875 0.02375
0 0.245 0.46125 0.05 0.0425
0 0.23625 0.53 0.035 0.04375
0 0.2375 0.57375 0.03625 0.04
0 0.32375 0.53 0.04375 0.04125
0 0.27875 0.53125 0.0425 0.04125
0 0.3225 0.57125 0.045 0.03625
0 0.2775 0.57375 0.03875 0.03875
0 0.37 0.53 0.03875 0.045
0 0.64375 0.57625 0.0525 0.03625
0 0.69875 0.58 0.055 0.03
0 0.74375 0.57625 0.02125 0.04625
0 0.705 0.53375 0.05375 0.03875
0 0.65 0.5325 0.0525 0.045
0 0.59125 0.58 0.0425 0.035
0 0.68 0.65375 0.035 0.06875
0 0.54 0.57625 0.04375 0.02875
0 0.59125 0.54375 0.04375 0.02875
0 0.57125 0.51125 0.07875 0.03125
0 0.4725 0.54375 0.0825 0.1
0 0.37125 0.57 0.04125 0.0325
0 0.4125 0.5625 0.035 0.0375
0 0.40875 0.52375 0.03625 0.0375
0 0.54125 0.545 0.04375 0.03
0 0.495 0.4175 0.0425 0.04125