0 0.155 0.6025 0.025 0.07375
0 0.13375 0.59625 0.01625 0.065
0 0.16 0.78 0.06875 0.1025
0 0.2425 0.7675 0.08375 0.09125
0 0.325 0.7675 0.06625 0.08875
0 0.39125 0.77375 0.065 0.10125
0 0.67125 0.2 0.0175 0.0975
0 0.8525 0.21625 0.02 0.0975
0 0.80375 0.21 0.0125 0.0975
0 0.77875 0.20125 0.0275 0.09
0 0.74625 0.195 0.02875 0.1
0 0.715 0.20125 0.01625 0.10375
0 0.69125 0.2025 0.02 0.0975
0 0.6425 0.20375 0.02625 0.10125
0 0.18 0.6025 0.02375 0.0775
0 0.61125 0.2025 0.0225 0.10375
0 0.21125 0.60625 0.02625 0.0775
0 0.7675 0.485 0.01375 0.08625
0 0.30625 0.6225 0.0475 0.09875
0 0.5875 0.1975 0.015 0.1
0 0.75 0.48375 0.01625 0.0875
0 0.7875 0.485 0.01625 0.0825
0 0.80375 0.48625 0.01125 0.0825
0 0.83125 0.485 0.03125 0.085
0 0.85625 0.4825 0.015 0.08
0 0.8525 0.63125 0.0325 0.08625
0 0.78875 0.6375 0.01625 0.08625
0 0.80625 0.6375 0.0175 0.08625
0 0.25375 0.62 0.0475 0.095
0 0.82625 0.6375 0.01375 0.085
0 0.74625 0.655 0.01625 0.0825
0 0.72625 0.65375 0.0225 0.08375
0 0.69375 0.63875 0.0425 0.08
0 0.64125 0.6375 0.0475 0.10625
0 0.58875 0.635 0.04625 0.0975
0 0.53125 0.63625 0.0625 0.09625
0 0.47125 0.63625 0.05 0.0975
0 0.415 0.63 0.055 0.10875
0 0.36125 0.625 0.04625 0.09125
0 0.76375 0.65625 0.01625 0.0825
0 0.56375 0.19875 0.02125 0.095
0 0.73125 0.4825 0.015 0.08375
0 0.5075 0.19875 0.02 0.105
0 0.20875 0.32625 0.0325 0.08625
0 0.2375 0.3325 0.01625 0.09625
0 0.26 0.335 0.02125 0.1
0 0.53375 0.1925 0.0225 0.09
0 0.31625 0.3325 0.03125 0.085
0 0.34875 0.3325 0.02125 0.095
0 0.37625 0.3375 0.02125 0.09625
0 0.40375 0.33625 0.01625 0.0975
0 0.43125 0.33875 0.01875 0.09375
0 0.1825 0.32875 0.01375 0.08875
0 0.4575 0.34 0.015 0.0975
0 0.505 0.34375 0.02375 0.09625
0 0.53375 0.3375 0.025 0.095
0 0.56 0.34125 0.0175 0.08375
0 0.58875 0.34375 0.0175 0.09125
0 0.61875 0.3475 0.02 0.1
0 0.65125 0.3425 0.01625 0.08875
0 0.67375 0.34125 0.015 0.0875
0 0.6975 0.34625 0.01875 0.09
0 0.72125 0.345 0.01875 0.0975
0 0.4775 0.3425 0.01625 0.09625
0 0.7475 0.34375 0.0175 0.09125
0 0.15875 0.33125 0.025 0.0975
0 0.1425 0.4725 0.025 0.09625
0 0.71125 0.49125 0.015 0.09375
0 0.69125 0.4925 0.02 0.0925
0 0.66 0.48875 0.03 0.0875
0 0.625 0.4975 0.02375 0.085
0 0.59375 0.48125 0.02625 0.07375
0 0.56375 0.47875 0.03 0.07875
0 0.52875 0.47875 0.03 0.07625
0 0.50125 0.4775 0.015 0.07875
0 0.4825 0.48 0.01875 0.09125
0 0.13375 0.33 0.0175 0.09875
0 0.45875 0.47625 0.02125 0.0775
0 0.405 0.475 0.0225 0.08
0 0.3775 0.47625 0.03 0.08625
0 0.3425 0.4725 0.035 0.08125
0 0.30625 0.47 0.03125 0.0775
0 0.2725 0.4675 0.0325 0.08375
0 0.2425 0.47 0.02125 0.09
0 0.21875 0.475 0.0175 0.09125
0 0.19875 0.4725 0.0175 0.08875
0 0.17375 0.465 0.0225 0.08625
0 0.4325 0.47625 0.02375 0.08625
0 0.77125 0.3425 0.01875 0.09
0 0.285 0.3375 0.025 0.09375
0 0.82 0.3525 0.01875 0.09375
0 0.19375 0.195 0.03 0.1
0 0.165 0.1925 0.02 0.105
0 0.13625 0.17625 0.0175 0.10125
0 0.275 0.1925 0.015 0.1
0 0.3025 0.19 0.0225 0.1075
0 0.3325 0.18625 0.02625 0.11125
0 0.3625 0.195 0.02625 0.1075
0 0.385 0.2025 0.02 0.1075
0 0.40375 0.18125 0.0125 0.09375
0 0.79625 0.3475 0.015 0.09375
0 0.42 0.1975 0.01625 0.1075
0 0.44375 0.1975 0.02125 0.1075
0 0.4775 0.20125 0.0225 0.11
0 0.225 0.19125 0.025 0.105
0 0.25125 0.19 0.02 0.10625
0 0.61125 0.77875 0.05 0.09125
0 0.845 0.35 0.02 0.0875
0 0.8675 0.3575 0.0125 0.0925
0 0.44375 0.7725 0.03375 0.095
0 0.49375 0.7825 0.055 0.1075
0 0.835 0.7825 0.05 0.105
0 0.555 0.775 0.045 0.09
0 0.78375 0.77875 0.05125 0.0975
0 0.67375 0.785 0.055 0.1025
0 0.73 0.7825 0.04625 0.0875