0 0.27375 0.7775 0.01625 0.04
0 0.255 0.77625 0.0175 0.03875
0 0.29125 0.7775 0.01625 0.03875
0 0.62875 0.6725 0.025 0.02125
0 0.17625 0.8325 0.0275 0.1125
0 0.1475 0.8275 0.02875 0.11875
0 0.8525 0.6575 0.035 0.06875
0 0.82 0.66875 0.02875 0.04875
0 0.77625 0.6625 0.0425 0.055
0 0.7275 0.67125 0.05 0.05125
0 0.60625 0.67375 0.02 0.02
0 0.62875 0.65125 0.02375 0.0175
0 0.605 0.65375 0.01875 0.01875
0 0.6275 0.63125 0.0225 0.0225
0 0.605 0.63125 0.02 0.0225
0 0.20375 0.8325 0.0275 0.11375
0 0.255 0.81 0.0175 0.02625
0 0.32375 0.54875 0.04375 0.055
0 0.2925 0.81125 0.0175 0.02625
0 0.4725 0.6325 0.02625 0.02875
0 0.445 0.635 0.02375 0.025
0 0.4175 0.6975 0.025 0.0125
0 0.39 0.6975 0.02625 0.01
0 0.4175 0.685 0.02625 0.00875
0 0.39 0.68625 0.02375 0.00875
0 0.41625 0.675 0.02875 0.00875
0 0.39 0.67375 0.025 0.0125
0 0.415 0.66 0.025 0.01875
0 0.39 0.6575 0.025 0.01875
0 0.3475 0.66 0.05875 0.0925
0 0.29 0.665 0.05125 0.07
0 0.20375 0.68625 0.02 0.0475
0 0.5825 0.68125 0.025 0.02375
0 0.1825 0.6875 0.02 0.04625
0 0.1625 0.6875 0.0175 0.04625
0 0.1425 0.68875 0.02125 0.04625
0 0.27375 0.81125 0.0175 0.02625
0 0.555 0.68 0.025 0.02375
0 0.815 0.30125 0.04375 0.02375
0 0.555 0.655 0.025 0.02375
0 0.6725 0.5225 0.05875 0.02375
0 0.6175 0.51625 0.045 0.0225
0 0.61875 0.54875 0.04625 0.03875
0 0.61625 0.39375 0.07875 0.08625
0 0.66875 0.39875 0.02375 0.08875
0 0.69375 0.395 0.0325 0.08375
0 0.72375 0.395 0.02875 0.08
0 0.7525 0.39625 0.0325 0.08
0 0.78625 0.39 0.035 0.08875
0 0.85125 0.40875 0.04375 0.055
0 0.57125 0.49 0.04125 0.0425
0 0.57375 0.545 0.04125 0.0625
0 0.53 0.54375 0.0425 0.0675
0 0.49125 0.545 0.04 0.06375
0 0.45 0.545 0.0425 0.07125
0 0.4075 0.54375 0.04 0.06625
0 0.24375 0.49875 0.05 0.04375
0 0.3675 0.49 0.04375 0.04625
0 0.24125 0.55 0.04375 0.0575
0 0.2825 0.55125 0.0375 0.05625
0 0.32125 0.495 0.045 0.05125
0 0.785 0.84125 0.01625 0.01375
0 0.5825 0.65375 0.025 0.02375
0 0.55625 0.405 0.04 0.0675
0 0.47375 0.40125 0.03375 0.065
0 0.84625 0.53625 0.05625 0.055
0 0.7875 0.54 0.05 0.055
0 0.73375 0.53875 0.05875 0.06125
0 0.57375 0.2825 0.04375 0.06125
0 0.61875 0.28125 0.04625 0.06125
0 0.6625 0.29125 0.0375 0.0475
0 0.70125 0.2925 0.03875 0.0475
0 0.74 0.29 0.0375 0.04375
0 0.77625 0.29 0.03375 0.04375
0 0.8175 0.27875 0.04375 0.02375
0 0.3675 0.54625 0.04125 0.065
0 0.145 0.32 0.03875 0.08375
0 0.18125 0.3175 0.03375 0.07875
0 0.18 0.42125 0.05 0.08
0 0.2275 0.42 0.045 0.0425
0 0.27125 0.41875 0.03875 0.04125
0 0.31 0.42 0.03875 0.04125
0 0.34875 0.42 0.03625 0.04
0 0.32 0.37625 0.04 0.04
0 0.38875 0.41875 0.045 0.04
0 0.43375 0.4175 0.04375 0.03875
0 0.51375 0.4025 0.04375 0.065
0 0.7675 0.84 0.01625 0.01375
0 0.7325 0.765 0.01875 0.02
0 0.7325 0.83875 0.01625 0.01375
0 0.4875 0.2825 0.04625 0.06625
0 0.44 0.27625 0.05 0.085
0 0.39 0.27625 0.05125 0.085
0 0.34375 0.275 0.0425 0.08625
0 0.2975 0.27375 0.04875 0.08875
0 0.23625 0.27 0.075 0.09375
0 0.1675 0.20625 0.04375 0.1075
0 0.83875 0.0925 0.04375 0.1325
0 0.79125 0.105 0.04875 0.1125
0 0.525 0.2225 0.03 0.06
0 0.7425 0.09125 0.0475 0.145
0 0.64875 0.09625 0.04875 0.145
0 0.60625 0.11875 0.035 0.09625
0 0.57125 0.11875 0.035 0.09625
0 0.53625 0.11875 0.035 0.09625
0 0.5025 0.1175 0.0325 0.09375
0 0.46875 0.1175 0.035 0.095
0 0.43375 0.11875 0.03375 0.09375
0 0.4 0.11875 0.03375 0.095
0 0.36375 0.09875 0.03875 0.13875
0 0.69625 0.09375 0.04375 0.14375
0 0.53125 0.285 0.04 0.06375
0 0.445 0.66375 0.02625 0.02625
0 0.4725 0.6625 0.02625 0.02625
0 0.25625 0.8375 0.0175 0.02875
0 0.27375 0.84 0.0175 0.02875
0 0.2925 0.83875 0.0175 0.02875
0 0.355 0.83625 0.0175 0.03625
0 0.37375 0.83625 0.015 0.04125
0 0.39 0.83625 0.01625 0.04125
0 0.4525 0.805 0.01625 0.04125
0 0.46875 0.80375 0.01625 0.04125
0 0.4875 0.80375 0.01625 0.04125
0 0.4525 0.84375 0.0175 0.03375
0 0.58125 0.62625 0.025 0.02875
0 0.555 0.62625 0.025 0.02875
0 0.5275 0.6875 0.02625 0.025
0 0.5 0.68625 0.02625 0.025
0 0.5275 0.66125 0.02625 0.025
0 0.6725 0.5425 0.05875 0.015
0 0.5 0.66 0.02625 0.025
0 0.52875 0.63375 0.02625 0.0275
0 0.50125 0.63375 0.025 0.02625
0 0.4725 0.69 0.02625 0.02625
0 0.44625 0.68875 0.02625 0.0225
0 0.32375 0.0975 0.035 0.14
0 0.75 0.84125 0.01625 0.01375
0 0.67375 0.56 0.05875 0.015
0 0.56125 0.805 0.015 0.02625
0 0.65875 0.81625 0.01625 0.01375
0 0.25 0.09375 0.04 0.13625
0 0.21 0.09375 0.04125 0.1325
0 0.17125 0.085 0.03625 0.0625
0 0.13875 0.08 0.0275 0.0625
0 0.47125 0.84375 0.0175 0.03375
0 0.48875 0.8425 0.0175 0.035
0 0.545 0.7725 0.015 0.035
0 0.56 0.7725 0.015 0.03625
0 0.67625 0.8175 0.01625 0.01375
0 0.57875 0.77375 0.0175 0.0375
0 0.54375 0.805 0.015 0.02625
0 0.64125 0.81625 0.01375 0.0125
0 0.57875 0.80625 0.01625 0.02375
0 0.59625 0.80375 0.01625 0.02375
0 0.54375 0.8325 0.0175 0.02875
0 0.5625 0.8325 0.0175 0.02875
0 0.58125 0.83375 0.0175 0.02875
0 0.5975 0.83375 0.01375 0.02875
0 0.6425 0.7975 0.015 0.02125
0 0.5975 0.77125 0.0175 0.0375
0 0.66 0.79875 0.015 0.0225
0 0.64125 0.83125 0.01625 0.01375
0 0.67625 0.83125 0.01625 0.01375
0 0.785 0.825 0.01625 0.01375
0 0.76625 0.825 0.01625 0.01375
0 0.74875 0.82625 0.01625 0.01375
0 0.7325 0.825 0.01625 0.01375
0 0.785 0.81125 0.0175 0.01125
0 0.76625 0.81125 0.01625 0.01125
0 0.75 0.81125 0.015 0.0125
0 0.7325 0.81125 0.0175 0.0125
0 0.78625 0.79875 0.0175 0.00875
0 0.6575 0.83125 0.01625 0.01375
0 0.76625 0.8 0.0175 0.01
0 0.28875 0.095 0.0375 0.1375
0 0.73375 0.7975 0.01625 0.01
0 0.7875 0.785 0.0175 0.01625
0 0.77 0.78625 0.01625 0.015
0 0.7525 0.785 0.0175 0.01625
0 0.73375 0.78375 0.0175 0.01625
0 0.785 0.76375 0.0175 0.02125
0 0.7675 0.76625 0.01625 0.02125
0 0.75 0.765 0.01875 0.02
0 0.74875 0.79875 0.01625 0.01
0 0.6775 0.79875 0.015 0.02125