0 0.8275 0.22125 0.045 0.09875
0 0.48125 0.82625 0.0325 0.075
0 0.6275 0.36625 0.0225 0.08
0 0.6575 0.365 0.03375 0.0825
0 0.7325 0.36375 0.03375 0.0775
0 0.76875 0.3625 0.035 0.0825
0 0.80625 0.3675 0.03625 0.0775
0 0.84 0.32625 0.025 0.1025
0 0.24625 0.24375 0.03625 0.0775
0 0.865 0.31875 0.02 0.11
0 0.77 0.2425 0.02875 0.075
0 0.73625 0.24 0.035 0.0725
0 0.665 0.2375 0.03 0.08125
0 0.63 0.24 0.03625 0.08
0 0.695 0.36625 0.03625 0.075
0 0.28625 0.24375 0.04 0.08125
0 0.3275 0.2425 0.03625 0.0825
0 0.36625 0.24375 0.03625 0.0875
0 0.405 0.24375 0.03625 0.08375
0 0.44375 0.245 0.0375 0.08625
0 0.4825 0.24375 0.03625 0.0875
0 0.51875 0.2425 0.03375 0.08
0 0.845 0.715 0.05 0.0875
0 0.55625 0.2425 0.03375 0.07875
0 0.5925 0.2425 0.03625 0.08
0 0.7 0.23875 0.03375 0.07625
0 0.835 0.965 0.0375 0.06875
0 0.46375 0.97625 0.02625 0.04625
0 0.7725 0.96375 0.0275 0.07
0 0.4475 0.3675 0.03625 0.08125
0 0.48125 0.37125 0.02375 0.08
0 0.50875 0.36875 0.02875 0.07875
0 0.54 0.36625 0.03 0.07125
0 0.57 0.3675 0.02625 0.0725
0 0.5975 0.36625 0.02625 0.08
0 0.145 0.81 0.03875 0.11875
0 0.18375 0.81 0.035 0.1125
0 0.16 0.95875 0.0325 0.0825
0 0.19375 0.95625 0.02875 0.08625
0 0.23125 0.95625 0.03375 0.08625
0 0.20375 0.24375 0.03625 0.0825
0 0.2825 0.95875 0.0625 0.08125
0 0.33 0.9525 0.02875 0.095
0 0.36125 0.9525 0.0275 0.095
0 0.395 0.97375 0.0325 0.05125
0 0.43 0.97625 0.03 0.0475
0 0.49125 0.975 0.0225 0.05
0 0.515 0.95625 0.02125 0.08625
0 0.54625 0.96625 0.03375 0.0675
0 0.58125 0.96625 0.0325 0.06625
0 0.6125 0.9675 0.025 0.065
0 0.64625 0.9675 0.0325 0.065
0 0.705 0.95875 0.03125 0.08125
0 0.74 0.9625 0.03125 0.075
0 0.7975 0.9625 0.01875 0.0725
0 0.15375 0.17 0.04125 0.10875
0 0.51625 0.8275 0.02875 0.075
0 0.23875 0.13 0.0375 0.08375
0 0.47625 0.485 0.03625 0.0825
0 0.515 0.48125 0.035 0.0875
0 0.55125 0.4825 0.035 0.08625
0 0.5875 0.4825 0.0325 0.085
0 0.62375 0.48125 0.035 0.0825
0 0.65875 0.48125 0.03125 0.085
0 0.69375 0.48125 0.0325 0.08
0 0.43875 0.485 0.03375 0.08
0 0.7275 0.48375 0.0325 0.07875
0 0.8 0.47875 0.0325 0.075
0 0.83375 0.46 0.03 0.1
0 0.86375 0.4575 0.02125 0.10375
0 0.8475 0.5875 0.05375 0.09875
0 0.79875 0.595 0.0325 0.08625
0 0.765 0.595 0.0325 0.08875
0 0.72875 0.59625 0.0325 0.0875
0 0.76375 0.47875 0.03625 0.08125
0 0.4025 0.485 0.035 0.08
0 0.365 0.4825 0.03375 0.08375
0 0.3275 0.485 0.035 0.08125
0 0.32875 0.36875 0.0325 0.09
0 0.29 0.37125 0.03875 0.09125
0 0.24875 0.3725 0.0375 0.0925
0 0.21 0.3725 0.0375 0.08875
0 0.22625 0.83125 0.03375 0.07875
0 0.26125 0.8325 0.0325 0.07875
0 0.29875 0.83 0.03375 0.08
0 0.33375 0.83 0.035 0.085
0 0.37 0.82875 0.035 0.085
0 0.40875 0.82875 0.0375 0.08125
0 0.4475 0.83625 0.03 0.065
0 0.19625 0.12875 0.03875 0.08125
0 0.1625 0.3325 0.04125 0.125
0 0.175 0.4975 0.0375 0.10375
0 0.13875 0.495 0.0275 0.11625
0 0.215 0.49 0.0375 0.08125
0 0.25375 0.4875 0.0375 0.08125
0 0.695 0.6 0.0325 0.07875
0 0.36875 0.36875 0.03875 0.085
0 0.66 0.59875 0.03375 0.08375
0 0.585 0.5975 0.03125 0.08875
0 0.6225 0.70875 0.0325 0.07875
0 0.65875 0.7075 0.035 0.0825
0 0.6925 0.7075 0.03125 0.08125
0 0.7275 0.7075 0.0325 0.08375
0 0.7625 0.705 0.0325 0.08125
0 0.79875 0.70875 0.035 0.06625
0 0.7975 0.815 0.035 0.07625
0 0.5875 0.7125 0.0325 0.085
0 0.83375 0.835 0.03375 0.09125
0 0.76125 0.81875 0.0325 0.0775
0 0.72625 0.81875 0.0325 0.08125
0 0.69 0.82 0.0325 0.07875
0 0.65625 0.82 0.03125 0.08125
0 0.62125 0.82 0.0325 0.085
0 0.58625 0.8225 0.0325 0.08125
0 0.55 0.83 0.03375 0.0675
0 0.86375 0.8375 0.02125 0.07875
0 0.555 0.7125 0.03 0.07875
0 0.52125 0.715 0.03375 0.075
0 0.485 0.715 0.03625 0.07375
0 0.5475 0.59875 0.035 0.0825
0 0.51 0.6 0.03375 0.0825
0 0.475 0.59875 0.0325 0.0825
0 0.4375 0.60125 0.0375 0.08125
0 0.32875 0.61375 0.0375 0.0625
0 0.29 0.605 0.03625 0.07875
0 0.25375 0.6075 0.03375 0.07875
0 0.21625 0.6075 0.03625 0.08
0 0.14 0.6525 0.03 0.11375
0 0.1775 0.65 0.03875 0.11375
0 0.22375 0.7175 0.03875 0.085
0 0.2625 0.7175 0.035 0.08375
0 0.3 0.7175 0.03375 0.0875
0 0.335 0.71875 0.0325 0.09
0 0.37 0.725 0.035 0.0725
0 0.4075 0.72 0.03375 0.08
0 0.44375 0.7175 0.03375 0.08
0 0.62125 0.59875 0.035 0.08125
0 0.40875 0.36625 0.03625 0.08125
0 0.3025 0.115 0.025 0.1
0 0.78375 0.105 0.02125 0.095
0 0.81 0.1075 0.025 0.09
0 0.76 0.10625 0.02125 0.09875
0 0.73 0.11625 0.03625 0.07625
0 0.69 0.1175 0.0375 0.0725
0 0.65 0.1175 0.03625 0.07375
0 0.5725 0.11 0.0275 0.095
0 0.54375 0.10875 0.025 0.1025
0 0.61 0.115 0.04125 0.0825
0 0.47625 0.11125 0.02625 0.10125
0 0.44875 0.1125 0.02375 0.1025
0 0.4175 0.1125 0.0275 0.09625
0 0.39 0.1125 0.02375 0.0975
0 0.365 0.1125 0.02625 0.10375
0 0.3325 0.11125 0.0275 0.1
0 0.275 0.12375 0.02875 0.0875
0 0.5075 0.11125 0.0275 0.09875