0 0.3375 0.0775 0.03 0.09
0 0.375 0.0775 0.0375 0.09125
0 0.16375 0.19125 0.03625 0.09
0 0.62625 0.54 0.02375 0.07
0 0.6 0.5425 0.02125 0.07125
0 0.575 0.54 0.02125 0.07
0 0.55 0.5425 0.025 0.07
0 0.52375 0.53625 0.02375 0.08
0 0.49625 0.53875 0.025 0.07875
0 0.46875 0.53875 0.02625 0.0775
0 0.44 0.53875 0.025 0.0775
0 0.415 0.5375 0.02375 0.075
0 0.3875 0.53625 0.02875 0.08
0 0.3575 0.53875 0.025 0.0775
0 0.33 0.53625 0.02375 0.07875
0 0.6525 0.54 0.02375 0.07
0 0.4125 0.08 0.03375 0.09125
0 0.21625 0.54 0.06625 0.08125
0 0.2725 0.5375 0.0275 0.0875
0 0.3025 0.5375 0.02875 0.08
0 0.15375 0.64 0.0525 0.07875
0 0.2175 0.6375 0.0675 0.07625
0 0.27375 0.62625 0.02375 0.06
0 0.30125 0.62625 0.025 0.06
0 0.3275 0.625 0.025 0.0575
0 0.36625 0.6275 0.03125 0.0625
0 0.39875 0.63125 0.025 0.07625
0 0.42625 0.6325 0.02625 0.07625
0 0.45375 0.63125 0.025 0.0725
0 0.1525 0.53875 0.0525 0.08375
0 0.67625 0.54125 0.0225 0.07375
0 0.7025 0.54125 0.025 0.07375
0 0.73125 0.5375 0.025 0.07375
0 0.1525 0.43625 0.0325 0.08625
0 0.185 0.4375 0.03125 0.09
0 0.2225 0.4375 0.03125 0.0875
0 0.2575 0.4275 0.03125 0.105
0 0.29 0.42875 0.0275 0.11125
0 0.32375 0.43 0.0325 0.10125
0 0.35625 0.4325 0.0325 0.1
0 0.39125 0.43125 0.0325 0.0975
0 0.42125 0.43375 0.025 0.095
0 0.45 0.43375 0.025 0.095
0 0.48125 0.43625 0.0275 0.09
0 0.51375 0.43625 0.0275 0.09
0 0.5475 0.43375 0.0275 0.09
0 0.575 0.4325 0.0275 0.09
0 0.60625 0.4325 0.0275 0.09
0 0.63625 0.43625 0.0275 0.09
0 0.66625 0.4325 0.0275 0.09
0 0.7 0.435 0.0275 0.09
0 0.74625 0.43125 0.0275 0.08375
0 0.8275 0.4375 0.03125 0.08375
0 0.86125 0.4375 0.0275 0.08375
0 0.7925 0.435 0.03125 0.08375
0 0.86625 0.53625 0.0175 0.0775
0 0.8425 0.53625 0.02625 0.0725
0 0.8125 0.53875 0.02625 0.0725
0 0.78375 0.5375 0.02625 0.0725
0 0.7575 0.53875 0.025 0.07375
0 0.47875 0.6325 0.0225 0.07625
0 0.49625 0.3075 0.03 0.09375
0 0.50625 0.63125 0.02625 0.07625
0 0.56 0.6325 0.025 0.07375
0 0.34625 0.83375 0.05875 0.07
0 0.57 0.80875 0.14625 0.0425
0 0.57 0.85875 0.14625 0.0425
0 0.5675 0.905 0.14 0.04375
0 0.7175 0.805 0.14375 0.0425
0 0.83875 0.81375 0.07125 0.04
0 0.835 0.86 0.08 0.03875
0 0.83 0.9025 0.0875 0.04125
0 0.715 0.85125 0.13875 0.04125
0 0.7125 0.89875 0.13625 0.03875
0 0.4475 0.0875 0.03 0.0775
0 0.48375 0.08875 0.035 0.0775
0 0.40375 0.83125 0.05375 0.06875
0 0.515 0.0925 0.02625 0.0775
0 0.5925 0.08 0.03125 0.09875
0 0.63 0.0775 0.035 0.0925
0 0.6675 0.08 0.0325 0.0925
0 0.70375 0.07875 0.035 0.09
0 0.73875 0.08 0.03125 0.08875
0 0.77375 0.07875 0.03125 0.09375
0 0.80875 0.08125 0.03 0.095
0 0.84375 0.07875 0.03375 0.09625
0 0.26875 0.07625 0.0325 0.095
0 0.2325 0.0775 0.0375 0.09375
0 0.1925 0.07375 0.03125 0.1
0 0.155 0.075 0.0375 0.0975
0 0.5475 0.09 0.0275 0.0675
0 0.4625 0.83125 0.05875 0.06375
0 0.4675 0.9025 0.0575 0.06875
0 0.41 0.90625 0.05125 0.06625
0 0.30625 0.075 0.03 0.09
0 0.61625 0.63125 0.025 0.0775
0 0.64375 0.63375 0.02625 0.0775
0 0.67 0.63375 0.02375 0.075
0 0.6975 0.63125 0.025 0.07375
0 0.72625 0.63125 0.02375 0.0725
0 0.7525 0.62875 0.02125 0.06625
0 0.77625 0.6275 0.02125 0.0675
0 0.8 0.63 0.025 0.0725
0 0.83125 0.6275 0.0275 0.07
0 0.86125 0.63 0.02625 0.0725
0 0.86125 0.72625 0.02625 0.065
0 0.8225 0.72625 0.04625 0.06125
0 0.77125 0.7275 0.05125 0.06875
0 0.71875 0.7275 0.0525 0.05625
0 0.665 0.7225 0.05 0.06875
0 0.61 0.72625 0.05 0.06625
0 0.55875 0.72875 0.0475 0.0675
0 0.50875 0.73 0.05 0.06625
0 0.4575 0.72875 0.0475 0.065
0 0.40625 0.73125 0.04625 0.06875
0 0.35125 0.73125 0.05375 0.065
0 0.16 0.73375 0.0575 0.0775
0 0.2275 0.72875 0.07125 0.0725
0 0.1475 0.9 0.035 0.07125
0 0.245 0.90375 0.15375 0.06625
0 0.35125 0.90875 0.05375 0.0625
0 0.53375 0.63375 0.025 0.07625
0 0.46 0.30625 0.03 0.09375
0 0.58875 0.6325 0.0225 0.0775
0 0.395 0.305 0.03125 0.09375
0 0.79875 0.19125 0.0325 0.09
0 0.765 0.19625 0.03125 0.08625
0 0.70125 0.19875 0.03875 0.08875
0 0.66125 0.1975 0.03 0.08375
0 0.6275 0.1975 0.0325 0.09
0 0.59375 0.20125 0.0325 0.09
0 0.55625 0.2 0.0325 0.09
0 0.4875 0.2 0.03125 0.09
0 0.45375 0.19625 0.03125 0.09
0 0.4175 0.19875 0.03125 0.09
0 0.3825 0.19625 0.03 0.09
0 0.35 0.19375 0.03 0.09
0 0.31875 0.195 0.03 0.09
0 0.28375 0.195 0.03625 0.09
0 0.52125 0.2 0.03125 0.09
0 0.2025 0.1925 0.03625 0.09
0 0.2125 0.3075 0.03875 0.0975
0 0.24125 0.19375 0.03625 0.09
0 0.2525 0.30875 0.03375 0.0975
0 0.28875 0.30875 0.03375 0.09375
0 0.32625 0.30625 0.03375 0.09375
0 0.36125 0.3075 0.03125 0.09375
0 0.14125 0.29 0.03 0.06375
0 0.175 0.29125 0.03125 0.0625
0 0.85 0.30625 0.04875 0.08875
0 0.785 0.3075 0.07125 0.09
0 0.86375 0.1925 0.0225 0.0975
0 0.83375 0.1925 0.03 0.09125
0 0.4275 0.30625 0.03 0.09375