0 0.24375 0.805 0.06625 0.06875
0 0.73375 0.23125 0.0475 0.0325
0 0.73125 0.26375 0.04625 0.03125
0 0.78125 0.2325 0.04625 0.03125
0 0.78125 0.26625 0.04625 0.03125
0 0.82875 0.235 0.0475 0.0325
0 0.8275 0.2675 0.04625 0.03125
0 0.1725 0.38125 0.03625 0.06875
0 0.13875 0.38 0.0275 0.07
0 0.22875 0.32125 0.0475 0.06625
0 0.23 0.38625 0.04875 0.06125
0 0.28125 0.3875 0.05125 0.0625
0 0.28125 0.3225 0.05 0.06375
0 0.33 0.3225 0.0425 0.065
0 0.32875 0.3875 0.04375 0.0625
0 0.375 0.3225 0.0425 0.0625
0 0.42 0.3225 0.0425 0.0625
0 0.4675 0.325 0.0425 0.0625
0 0.5125 0.32625 0.0425 0.06625
0 0.5575 0.32625 0.04125 0.06625
0 0.375 0.38875 0.04375 0.06375
0 0.4225 0.38875 0.0425 0.065
0 0.4675 0.39125 0.0425 0.065
0 0.51125 0.3925 0.04 0.06125
0 0.55375 0.3925 0.04 0.06125
0 0.6 0.395 0.04375 0.06
0 0.60375 0.33 0.04625 0.06375
0 0.65 0.38375 0.04375 0.0875
0 0.69625 0.3875 0.04375 0.085
0 0.74375 0.38625 0.04625 0.0875
0 0.6825 0.2625 0.04625 0.0325
0 0.68375 0.23 0.04625 0.0325
0 0.6325 0.26125 0.04625 0.0325
0 0.63375 0.2275 0.0475 0.0325
0 0.15125 0.145 0.0525 0.04875
0 0.15125 0.09 0.05125 0.05
0 0.24 0.1 0.07375 0.05125
0 0.3175 0.1 0.0725 0.05125
0 0.24125 0.15 0.0725 0.0475
0 0.3175 0.1525 0.07375 0.05
0 0.39625 0.155 0.07375 0.05375
0 0.475 0.16 0.07 0.05
0 0.47625 0.10875 0.07 0.04875
0 0.53875 0.15 0.0475 0.075
0 0.5375 0.09 0.045 0.03875
0 0.58 0.15875 0.02875 0.06125
0 0.62 0.165 0.04625 0.05625
0 0.67 0.16375 0.04625 0.05875
0 0.79125 0.38625 0.0425 0.09125
0 0.72 0.16625 0.045 0.06
0 0.1525 0.22 0.05375 0.05125
0 0.1525 0.27125 0.05625 0.04625
0 0.2275 0.22375 0.0475 0.075
0 0.2775 0.22625 0.0475 0.0725
0 0.33 0.23125 0.05 0.07
0 0.38125 0.23125 0.0475 0.07
0 0.43 0.2525 0.0475 0.0325
0 0.43125 0.21875 0.04625 0.03125
0 0.48 0.255 0.04625 0.0325
0 0.48125 0.22125 0.04625 0.0325
0 0.53125 0.22 0.04625 0.0325
0 0.52875 0.255 0.04625 0.0325
0 0.5825 0.25875 0.0475 0.0325
0 0.58375 0.22625 0.0475 0.0325
0 0.72 0.1075 0.0425 0.05375
0 0.15375 0.4625 0.05625 0.0475
0 0.3125 0.80125 0.0625 0.0675
0 0.2425 0.49125 0.06875 0.0625
0 0.5775 0.71875 0.06125 0.05375
0 0.63875 0.64375 0.05125 0.06625
0 0.69125 0.6425 0.05 0.06875
0 0.74375 0.6425 0.04625 0.06875
0 0.63625 0.71375 0.05 0.06875
0 0.69 0.71375 0.05 0.06875
0 0.7425 0.71125 0.04375 0.065
0 0.8175 0.6375 0.05125 0.0525
0 0.81625 0.695 0.04625 0.06125
0 0.14625 0.865 0.0275 0.0825
0 0.1875 0.86125 0.0225 0.08125
0 0.845 0.865 0.05625 0.0575
0 0.78125 0.865 0.06 0.055
0 0.71125 0.87125 0.0625 0.0575
0 0.64625 0.8675 0.06125 0.05875
0 0.8475 0.7975 0.0525 0.06625
0 0.785 0.80125 0.06375 0.06875
0 0.7125 0.80375 0.065 0.075
0 0.64625 0.80375 0.0625 0.06875
0 0.51375 0.87125 0.06375 0.05125
0 0.44625 0.8725 0.0625 0.0525
0 0.37875 0.8725 0.0625 0.05375
0 0.31 0.87 0.065 0.06
0 0.24375 0.87 0.06125 0.06
0 0.57875 0.8075 0.0575 0.0725
0 0.515 0.80875 0.06625 0.07375
0 0.44375 0.805 0.0625 0.0775
0 0.37875 0.805 0.05875 0.0775
0 0.15375 0.50875 0.0575 0.045
0 0.5125 0.71875 0.06375 0.0525
0 0.445 0.7175 0.06125 0.05625
0 0.57875 0.8725 0.06125 0.0525
0 0.57625 0.655 0.06375 0.0675
0 0.32125 0.48875 0.06875 0.0625
0 0.37875 0.71875 0.06375 0.05625
0 0.24375 0.555 0.06875 0.06125
0 0.315 0.5525 0.06875 0.0625
0 0.385 0.5525 0.06875 0.0625
0 0.455 0.5575 0.06375 0.06125
0 0.52125 0.56 0.06375 0.06125
0 0.655 0.565 0.06375 0.0575
0 0.39125 0.4875 0.05875 0.06125
0 0.455 0.49625 0.0625 0.06
0 0.5225 0.49625 0.06125 0.0625
0 0.58875 0.49625 0.065 0.0625
0 0.65625 0.50125 0.065 0.065
0 0.72125 0.50125 0.06125 0.06625
0 0.7875 0.49875 0.06375 0.07
0 0.5875 0.56125 0.06375 0.06125
0 0.72125 0.56375 0.0625 0.05
0 0.44375 0.65375 0.0625 0.0675
0 0.51 0.65375 0.06375 0.06875
0 0.84875 0.49375 0.05125 0.0725
0 0.3775 0.65375 0.06375 0.0675
0 0.165 0.7425 0.0675 0.03875
0 0.31 0.7225 0.0625 0.06
0 0.2425 0.72125 0.06375 0.05625
0 0.165 0.7 0.065 0.04125
0 0.30875 0.65875 0.06625 0.0625
0 0.24125 0.66 0.06375 0.06
0 0.16375 0.62 0.065 0.04125
0 0.16375 0.57625 0.065 0.04125
0 0.8475 0.56375 0.055 0.0575
0 0.7875 0.565 0.06125 0.055