0 0.59875 0.62625 0.1 0.09375
0 0.85375 0.875 0.03125 0.045
0 0.80125 0.82375 0.05125 0.04
0 0.8075 0.8725 0.05625 0.05
0 0.7475 0.83375 0.05625 0.0425
0 0.6225 0.8225 0.04875 0.03625
0 0.68375 0.88125 0.05875 0.04
0 0.685 0.83375 0.0625 0.05
0 0.1775 0.755 0.09375 0.06
0 0.74875 0.8775 0.05125 0.04375
0 0.69375 0.74 0.07875 0.08875
0 0.4225 0.75125 0.0875 0.06375
0 0.71 0.625 0.075 0.0925
0 0.62375 0.87625 0.05375 0.04875
0 0.4925 0.6325 0.06125 0.08375
0 0.4275 0.63375 0.06125 0.0825
0 0.37 0.63625 0.05375 0.0775
0 0.3175 0.63875 0.04625 0.07375
0 0.31625 0.75 0.09375 0.05875
0 0.27375 0.655 0.04 0.03875
0 0.185 0.65625 0.03625 0.03625
0 0.16625 0.5975 0.06125 0.03125
0 0.1475 0.6525 0.03375 0.055
0 0.76125 0.7375 0.0525 0.0825
0 0.61375 0.73875 0.08125 0.0875
0 0.52625 0.73875 0.0925 0.09125
0 0.2275 0.65625 0.04625 0.04
0 0.5575 0.86375 0.07375 0.07125
0 0.73 0.22125 0.08125 0.04625
0 0.395 0.87 0.05625 0.055
0 0.84375 0.10875 0.035 0.05875
0 0.795 0.1075 0.06 0.05875
0 0.49125 0.11 0.0575 0.075
0 0.35125 0.12125 0.06625 0.05
0 0.4225 0.1225 0.07125 0.05
0 0.42125 0.06875 0.0725 0.05125
0 0.35 0.07 0.0675 0.0475
0 0.28375 0.0775 0.06125 0.03
0 0.2825 0.1225 0.06375 0.0525
0 0.21375 0.1175 0.06625 0.06
0 0.1575 0.13 0.045 0.04125
0 0.565 0.2325 0.06375 0.03125
0 0.84125 0.26875 0.0325 0.0475
0 0.80625 0.27 0.0325 0.0525
0 0.735 0.27 0.07625 0.04875
0 0.535 0.61875 0.0225 0.07625
0 0.6425 0.2225 0.0875 0.04625
0 0.655 0.27125 0.07875 0.0475
0 0.73375 0.11375 0.0575 0.05625
0 0.675 0.115 0.0525 0.05625
0 0.61875 0.11625 0.06 0.05625
0 0.55375 0.1075 0.06375 0.0725
0 0.16625 0.86875 0.0475 0.04125
0 0.2275 0.83125 0.0775 0.04875
0 0.235 0.8775 0.08 0.04
0 0.3175 0.87875 0.07625 0.04125
0 0.33 0.83125 0.065 0.04875
0 0.4675 0.86875 0.0775 0.06125
0 0.66 0.62125 0.02 0.08125
0 0.8275 0.73625 0.075 0.0825
0 0.18625 0.48 0.0775 0.035
0 0.32625 0.4175 0.0675 0.04375
0 0.39875 0.4175 0.07 0.0475
0 0.4725 0.415 0.07125 0.04875
0 0.54375 0.41375 0.06625 0.05125
0 0.61125 0.4125 0.06625 0.04875
0 0.67875 0.4125 0.065 0.0475
0 0.7375 0.4075 0.05 0.06125
0 0.85125 0.40625 0.03625 0.05625
0 0.805 0.40875 0.0475 0.05875
0 0.14625 0.22375 0.03125 0.05125
0 0.3925 0.3625 0.07125 0.05625
0 0.1575 0.27625 0.04125 0.05
0 0.30625 0.2025 0.06875 0.025
0 0.2425 0.23875 0.065 0.04625
0 0.31125 0.23625 0.06875 0.03875
0 0.24375 0.28125 0.05875 0.03375
0 0.3025 0.2775 0.0525 0.04125
0 0.3625 0.27875 0.0625 0.0425
0 0.435 0.27625 0.075 0.05
0 0.5075 0.27375 0.06875 0.04875
0 0.4 0.2275 0.085 0.04375
0 0.57875 0.27375 0.07 0.0475
0 0.8025 0.62625 0.105 0.095
0 0.32 0.36375 0.06875 0.06125
0 0.24 0.2025 0.0625 0.0225
0 0.26 0.42 0.0625 0.0475
0 0.2325 0.54125 0.0475 0.04125
0 0.27375 0.53625 0.02875 0.03625
0 0.32375 0.52875 0.07 0.0575
0 0.28625 0.47875 0.03875 0.02875
0 0.4 0.47875 0.0725 0.03875
0 0.26 0.3625 0.04625 0.0575
0 0.47625 0.4775 0.075 0.0375
0 0.39625 0.53 0.06875 0.05875
0 0.47125 0.53 0.0725 0.06125
0 0.57625 0.49875 0.065 0.05
0 0.18875 0.54875 0.03875 0.0275
0 0.16375 0.51625 0.04625 0.03375
0 0.2075 0.40125 0.0375 0.0825
0 0.1725 0.40125 0.03125 0.08125
0 0.7975 0.52625 0.1025 0.065
0 0.80625 0.4725 0.1125 0.03625
0 0.52875 0.495 0.02875 0.0475
0 0.66125 0.53875 0.06 0.0425
0 0.71625 0.52875 0.045 0.0475
0 0.5375 0.54375 0.05375 0.03375
0 0.64875 0.4875 0.06875 0.04375
0 0.7075 0.4775 0.04625 0.04375
0 0.5975 0.54375 0.06 0.035