0 0.50625 0.3025 0.0275 0.07
0 0.5375 0.3 0.0275 0.065
0 0.57125 0.30375 0.03 0.07
0 0.60375 0.3025 0.02625 0.0675
0 0.63375 0.3025 0.0275 0.0675
0 0.66375 0.30375 0.0275 0.07
0 0.69375 0.305 0.02875 0.0675
0 0.7275 0.305 0.03375 0.065
0 0.765 0.30375 0.035 0.0675
0 0.8375 0.305 0.035 0.06
0 0.4575 0.28875 0.06625 0.1025
0 0.15 0.4225 0.03125 0.08875
0 0.1825 0.42375 0.0275 0.08625
0 0.2125 0.42625 0.02875 0.09125
0 0.245 0.42 0.03125 0.0925
0 0.27125 0.4225 0.01625 0.06625
0 0.3025 0.40125 0.0325 0.0775
0 0.37 0.40625 0.03 0.06625
0 0.4025 0.40625 0.03 0.06625
0 0.8025 0.3025 0.03125 0.06375
0 0.38375 0.2875 0.06875 0.0975
0 0.20625 0.2775 0.03625 0.11375
0 0.2525 0.275 0.04875 0.1275
0 0.21375 0.11375 0.025 0.1175
0 0.24375 0.11125 0.03125 0.12375
0 0.285 0.11125 0.04375 0.12625
0 0.335 0.115 0.05 0.1225
0 0.38875 0.1175 0.05375 0.1225
0 0.445 0.11875 0.05125 0.1225
0 0.49375 0.1175 0.0375 0.12
0 0.53875 0.11875 0.045 0.125
0 0.58625 0.12 0.03875 0.11875
0 0.31 0.29625 0.05875 0.08375
0 0.6675 0.5175 0.0275 0.0675
0 0.68 0.12375 0.02375 0.115
0 0.715 0.12125 0.04 0.12375
0 0.75125 0.14125 0.02375 0.085
0 0.78 0.14 0.025 0.0875
0 0.81 0.125 0.02625 0.11625
0 0.84 0.1275 0.0275 0.1125
0 0.14125 0.2925 0.0325 0.08875
0 0.1725 0.28625 0.025 0.1025
0 0.43375 0.40875 0.03 0.06875
0 0.65125 0.1225 0.02625 0.11375
0 0.4675 0.4075 0.0325 0.0675
0 0.5825 0.41875 0.01625 0.04
0 0.5475 0.405 0.04 0.075
0 0.5025 0.5325 0.015 0.04
0 0.52125 0.53375 0.015 0.04
0 0.5125 0.485 0.015 0.02
0 0.555 0.51375 0.04 0.06375
0 0.6025 0.5125 0.045 0.07
0 0.50625 0.61 0.04625 0.0675
0 0.4625 0.60875 0.0325 0.07
0 0.4275 0.61 0.035 0.0675
0 0.35375 0.61125 0.04375 0.065
0 0.485 0.53125 0.015 0.03625
0 0.31 0.61375 0.03625 0.05875
0 0.2425 0.61375 0.0325 0.0575
0 0.20875 0.615 0.03 0.06
0 0.1775 0.615 0.025 0.05875
0 0.15 0.60625 0.0275 0.07625
0 0.86 0.51875 0.02875 0.06125
0 0.825 0.52 0.0375 0.05875
0 0.78375 0.51875 0.03625 0.06375
0 0.74 0.52125 0.03125 0.06375
0 0.70125 0.5225 0.035 0.06125
0 0.275 0.615 0.02875 0.05875
0 0.50375 0.4075 0.035 0.0675
0 0.46625 0.53125 0.01625 0.0375
0 0.42875 0.5325 0.01625 0.0375
0 0.185 0.11625 0.02375 0.12375
0 0.6025 0.42125 0.01625 0.04125
0 0.62125 0.42125 0.015 0.04
0 0.645 0.40875 0.0275 0.065
0 0.68 0.4075 0.0225 0.06125
0 0.7075 0.40875 0.02625 0.06
0 0.73625 0.4075 0.02625 0.06875
0 0.77375 0.40375 0.04125 0.06875
0 0.82125 0.395 0.045 0.0925
0 0.4475 0.53125 0.015 0.04125
0 0.86 0.41125 0.02875 0.0625
0 0.235 0.5225 0.1125 0.02625
0 0.31625 0.53125 0.01625 0.03875
0 0.335 0.53125 0.01625 0.03875
0 0.355 0.53125 0.01625 0.03875
0 0.375 0.53375 0.015 0.03875
0 0.39375 0.535 0.015 0.0425
0 0.3825 0.48 0.0125 0.015
0 0.4 0.48375 0.015 0.015
0 0.41125 0.53375 0.01375 0.0425
0 0.2375 0.495 0.11625 0.02125
0 0.15375 0.1425 0.03375 0.06875
0 0.6225 0.1225 0.025 0.11375
0 0.32875 0.855 0.02375 0.0725
0 0.82625 0.70375 0.0625 0.08125
0 0.14 0.83875 0.02875 0.1
0 0.1725 0.84125 0.03 0.10125
0 0.2175 0.8525 0.0575 0.08375
0 0.28 0.8525 0.0625 0.0825
0 0.3575 0.855 0.02625 0.0675
0 0.38625 0.84375 0.0225 0.095
0 0.41375 0.85375 0.025 0.065
0 0.44125 0.85375 0.0225 0.065
0 0.46625 0.8525 0.02125 0.06625
0 0.72 0.72 0.025 0.05375
0 0.49 0.84 0.0175 0.09375
0 0.535 0.84375 0.01875 0.08875
0 0.55625 0.84375 0.01625 0.0875
0 0.5775 0.84375 0.02125 0.08875
0 0.6 0.845 0.01875 0.09125
0 0.62125 0.8425 0.0175 0.08875
0 0.64125 0.8425 0.0175 0.0875
0 0.66375 0.83625 0.015 0.0925
0 0.6875 0.84125 0.025 0.08875
0 0.71125 0.83625 0.0175 0.0925
0 0.7325 0.8375 0.02125 0.085
0 0.5125 0.84375 0.02125 0.0925
0 0.68875 0.71875 0.03 0.06
0 0.65125 0.71875 0.03875 0.0625
0 0.6175 0.71625 0.02625 0.06625
0 0.5575 0.60375 0.05 0.0725
0 0.6075 0.61 0.04125 0.0625
0 0.6475 0.60875 0.03125 0.0675
0 0.68375 0.60875 0.03125 0.06375
0 0.72375 0.61 0.0425 0.0675
0 0.76375 0.61125 0.02875 0.06375
0 0.795 0.61125 0.0275 0.0575
0 0.825 0.6125 0.025 0.0575
0 0.85 0.61 0.025 0.06125
0 0.195 0.68 0.0575 0.04375
0 0.19375 0.7275 0.05625 0.045
0 0.25125 0.71125 0.03875 0.07875
0 0.2925 0.71 0.04 0.08
0 0.33625 0.66875 0.02875 0.02625
0 0.3325 0.73 0.03125 0.03875
0 0.36625 0.72875 0.0325 0.0425
0 0.405 0.7275 0.03875 0.0475
0 0.4475 0.725 0.03625 0.045
0 0.44625 0.675 0.03375 0.03
0 0.48875 0.7175 0.03375 0.06125
0 0.52 0.7175 0.02625 0.065
0 0.55375 0.7175 0.03125 0.06875
0 0.58625 0.7175 0.03 0.0675
0 0.77375 0.845 0.0525 0.0675
0 0.8275 0.8425 0.0525 0.07375
0 0.64 0.515 0.02125 0.06125