0 0.62125 0.635 0.05375 0.0425
0 0.67875 0.59125 0.0575 0.0425
0 0.73125 0.59375 0.045 0.04875
0 0.72625 0.64 0.05625 0.04
0 0.52625 0.58375 0.045 0.045
0 0.675 0.6375 0.0475 0.04125
0 0.78125 0.3775 0.04875 0.12125
0 0.83125 0.64625 0.045 0.045
0 0.47625 0.58625 0.055 0.0475
0 0.425 0.5025 0.025 0.06875
0 0.3975 0.50375 0.025 0.0675
0 0.37 0.4925 0.03125 0.085
0 0.3425 0.49125 0.02125 0.085
0 0.3175 0.49 0.025 0.09375
0 0.29125 0.49125 0.02625 0.09125
0 0.2625 0.48625 0.02625 0.085
0 0.23875 0.485 0.02125 0.08875
0 0.2125 0.48375 0.0275 0.09
0 0.18625 0.48375 0.025 0.0875
0 0.15875 0.48375 0.02625 0.08875
0 0.135 0.49125 0.01875 0.0725
0 0.83875 0.59875 0.0475 0.0475
0 0.785 0.5975 0.05625 0.04625
0 0.78125 0.64375 0.05125 0.04
0 0.42 0.58625 0.04875 0.04625
0 0.62125 0.75375 0.04875 0.04375
0 0.31375 0.5825 0.04875 0.04625
0 0.77125 0.8025 0.045 0.04
0 0.82625 0.80625 0.05375 0.03875
0 0.44875 0.50375 0.02125 0.07
0 0.67125 0.755 0.05125 0.04375
0 0.725 0.7575 0.05 0.03875
0 0.7775 0.75875 0.05125 0.04125
0 0.83125 0.76375 0.0525 0.03625
0 0.83625 0.71875 0.04875 0.04375
0 0.62375 0.70875 0.05375 0.045
0 0.67625 0.70875 0.05125 0.04625
0 0.73 0.7125 0.05375 0.04
0 0.3675 0.585 0.05625 0.04375
0 0.78125 0.71375 0.04875 0.045
0 0.20125 0.62375 0.05 0.04
0 0.2025 0.57875 0.04875 0.0475
0 0.14875 0.5775 0.0475 0.04375
0 0.2625 0.625 0.05 0.0375
0 0.31375 0.6275 0.0475 0.03875
0 0.36875 0.62875 0.0525 0.04
0 0.42 0.63 0.045 0.0425
0 0.47 0.6325 0.05375 0.03875
0 0.5225 0.635 0.045 0.0425
0 0.57 0.63375 0.04875 0.0425
0 0.26 0.58125 0.05125 0.045
0 0.15 0.62375 0.05 0.04125
0 0.475 0.50375 0.02875 0.06875
0 0.20375 0.2075 0.0475 0.135
0 0.525 0.50375 0.025 0.07375
0 0.5175 0.75125 0.05 0.03375
0 0.31 0.7025 0.05125 0.04625
0 0.36125 0.7025 0.05125 0.0475
0 0.41375 0.705 0.05125 0.04375
0 0.46625 0.70625 0.05125 0.04625
0 0.5175 0.7075 0.05 0.045
0 0.56875 0.795 0.04625 0.03875
0 0.56875 0.7525 0.0425 0.035
0 0.5675 0.705 0.04625 0.045
0 0.6175 0.84125 0.05 0.0425
0 0.66625 0.84375 0.04625 0.04
0 0.7175 0.84375 0.05375 0.04
0 0.77 0.8475 0.05 0.045
0 0.82125 0.84875 0.05 0.04125
0 0.62 0.79875 0.0475 0.04125
0 0.67 0.8 0.04875 0.045
0 0.7225 0.80125 0.05 0.04125
0 0.465 0.75 0.0525 0.0375
0 0.84625 0.23 0.03875 0.13
0 0.41125 0.74875 0.05 0.03625
0 0.3075 0.7475 0.04875 0.04125
0 0.15 0.83125 0.0475 0.04
0 0.14875 0.7875 0.04625 0.03875
0 0.1475 0.74375 0.0425 0.04
0 0.1475 0.7 0.04125 0.04625
0 0.23125 0.81375 0.10125 0.08
0 0.2275 0.72375 0.10625 0.0975
0 0.31 0.835 0.04875 0.0425
0 0.36 0.83625 0.04875 0.045
0 0.4125 0.8375 0.05375 0.04125
0 0.46375 0.83875 0.04875 0.04375
0 0.51625 0.83875 0.05375 0.0425
0 0.56625 0.83875 0.04625 0.04125
0 0.31125 0.79 0.05125 0.0425
0 0.3625 0.79125 0.04625 0.045
0 0.41375 0.7925 0.05375 0.0425
0 0.465 0.79375 0.0475 0.04375
0 0.515 0.79375 0.05375 0.04375
0 0.36 0.74875 0.0475 0.0375
0 0.795 0.22875 0.05625 0.13
0 0.745 0.2275 0.0425 0.1325
0 0.69625 0.22875 0.0525 0.13625
0 0.30625 0.36375 0.04625 0.125
0 0.2575 0.3625 0.04875 0.12625
0 0.20375 0.36 0.0425 0.12375
0 0.15625 0.3575 0.04875 0.12375
0 0.8625 0.50625 0.025 0.0925
0 0.835 0.50625 0.02375 0.09125
0 0.8075 0.50375 0.0275 0.09
0 0.7825 0.505 0.0225 0.0875
0 0.755 0.505 0.03125 0.09
0 0.72875 0.50375 0.02 0.09375
0 0.70375 0.50125 0.02875 0.0875
0 0.6775 0.5 0.025 0.09125
0 0.64875 0.49875 0.0275 0.08875
0 0.62375 0.49875 0.02125 0.08875
0 0.6 0.49625 0.025 0.09
0 0.5725 0.50875 0.02375 0.06625
0 0.54875 0.505 0.0225 0.07
0 0.35375 0.36375 0.045 0.12625
0 0.39875 0.365 0.045 0.12375
0 0.4475 0.3675 0.04625 0.1225
0 0.495 0.37 0.0475 0.12
0 0.645 0.22625 0.04625 0.14125
0 0.59625 0.22375 0.0475 0.1375
0 0.55 0.225 0.045 0.13375
0 0.49875 0.225 0.05125 0.12625
0 0.45 0.22125 0.045 0.13375
0 0.4025 0.22 0.0475 0.13
0 0.35125 0.21875 0.05125 0.13375
0 0.30125 0.2175 0.04875 0.12625
0 0.50125 0.505 0.0225 0.07125
0 0.2525 0.2075 0.0475 0.14
0 0.1525 0.2025 0.05375 0.145
0 0.83 0.37875 0.04875 0.125
0 0.7325 0.375 0.045 0.12875
0 0.6875 0.375 0.04375 0.1275
0 0.64 0.37625 0.05 0.125
0 0.5875 0.3725 0.05 0.12375
0 0.54 0.36875 0.04125 0.1225