0 0.37875 0.2775 0.0475 0.025
0 0.74 0.32375 0.0325 0.05375
0 0.32875 0.27875 0.0425 0.02375
0 0.3725 0.2475 0.04375 0.02875
0 0.3225 0.24625 0.04 0.0325
0 0.26625 0.45625 0.0225 0.03125
0 0.505 0.33375 0.025 0.045
0 0.23625 0.455 0.02375 0.02625
0 0.34375 0.3825 0.0425 0.02
0 0.4325 0.34875 0.0475 0.0225
0 0.38375 0.34875 0.0425 0.01875
0 0.3375 0.35 0.0425 0.02125
0 0.43125 0.31375 0.0475 0.02125
0 0.385 0.3125 0.04375 0.02
0 0.33625 0.3125 0.045 0.02125
0 0.4275 0.27875 0.04 0.01875
0 0.74625 0.25625 0.0375 0.05
0 0.3925 0.38125 0.045 0.02125
0 0.2625 0.42 0.02625 0.03125
0 0.23125 0.42 0.0225 0.03625
0 0.26 0.38125 0.02625 0.0325
0 0.4325 0.41625 0.0425 0.0225
0 0.33375 0.45125 0.045 0.0225
0 0.38125 0.4525 0.04125 0.02125
0 0.42875 0.45125 0.04125 0.02
0 0.50375 0.28125 0.02125 0.0475
0 0.53375 0.28 0.02625 0.04875
0 0.38625 0.41625 0.04125 0.01875
0 0.5625 0.2775 0.02875 0.04625
0 0.62625 0.2775 0.02875 0.04625
0 0.66 0.33125 0.03375 0.04375
0 0.625 0.33125 0.02625 0.045
0 0.59375 0.3325 0.02625 0.045
0 0.56375 0.33375 0.02625 0.045
0 0.535 0.33625 0.025 0.045
0 0.59375 0.27875 0.0275 0.04625
0 0.665 0.2775 0.03375 0.0475
0 0.50625 0.39 0.025 0.04625
0 0.56625 0.38875 0.0225 0.04375
0 0.2325 0.38125 0.01875 0.03625
0 0.25375 0.34375 0.02375 0.02875
0 0.23 0.3425 0.0175 0.03125
0 0.2275 0.30625 0.015 0.0325
0 0.25375 0.305 0.02625 0.03125
0 0.65625 0.44125 0.0275 0.045
0 0.5375 0.3875 0.02625 0.04375
0 0.62375 0.4425 0.02375 0.0425
0 0.56625 0.44125 0.02625 0.04125
0 0.5375 0.4425 0.025 0.04125
0 0.50875 0.4425 0.02625 0.04375
0 0.65875 0.38625 0.03125 0.0425
0 0.62625 0.38625 0.02625 0.045
0 0.595 0.38625 0.02375 0.04125
0 0.595 0.44 0.025 0.0425
0 0.77125 0.32625 0.02 0.055
0 0.41125 0.83125 0.0225 0.0275
0 0.76875 0.3825 0.02375 0.055
0 0.31875 0.86375 0.025 0.02625
0 0.2925 0.8625 0.02125 0.0275
0 0.26375 0.865 0.02375 0.025
0 0.3475 0.8325 0.0275 0.02625
0 0.3175 0.83375 0.0225 0.0275
0 0.2875 0.83125 0.02375 0.02625
0 0.26125 0.83375 0.0225 0.02625
0 0.345 0.8 0.02625 0.02875
0 0.31625 0.8 0.02625 0.02875
0 0.2875 0.8 0.02375 0.03125
0 0.47125 0.7975 0.0275 0.02875
0 0.44125 0.7975 0.02375 0.03
0 0.41125 0.7975 0.02375 0.02875
0 0.38375 0.79875 0.0175 0.03375
0 0.35 0.86375 0.02375 0.0225
0 0.25875 0.80125 0.02 0.0275
0 0.44 0.76375 0.02375 0.03125
0 0.41 0.76375 0.02375 0.0275
0 0.38125 0.76375 0.02625 0.02875
0 0.34125 0.7675 0.025 0.025
0 0.3125 0.76625 0.02375 0.02875
0 0.285 0.76625 0.02625 0.02875
0 0.255 0.76625 0.025 0.03
0 0.41 0.6325 0.01625 0.00875
0 0.3875 0.6325 0.0175 0.0075
0 0.365 0.63375 0.02125 0.0125
0 0.34 0.63375 0.01875 0.01
0 0.32 0.635 0.0175 0.01
0 0.30125 0.635 0.01 0.00875
0 0.4075 0.6175 0.015 0.00875
0 0.47 0.76375 0.02375 0.03
0 0.385 0.61875 0.01875 0.01125
0 0.385 0.8325 0.02 0.02375
0 0.46875 0.83 0.0275 0.02625
0 0.33625 0.41875 0.04625 0.02
0 0.75125 0.85625 0.0375 0.015
0 0.70625 0.8575 0.03625 0.0175
0 0.655 0.85875 0.04 0.01875
0 0.6125 0.85875 0.0375 0.01625
0 0.5725 0.86 0.0275 0.01875
0 0.75125 0.83375 0.0375 0.02125
0 0.7075 0.83625 0.03875 0.02125
0 0.655 0.835 0.03875 0.0225
0 0.61 0.835 0.035 0.01875
0 0.56625 0.83625 0.03375 0.02
0 0.75125 0.8075 0.04 0.02
0 0.7075 0.81 0.035 0.02
0 0.65875 0.81125 0.04375 0.02
0 0.44 0.83125 0.0225 0.0275
0 0.6125 0.81125 0.04 0.02
0 0.7525 0.78375 0.04125 0.01875
0 0.7075 0.7825 0.035 0.02
0 0.6625 0.78625 0.03625 0.02125
0 0.615 0.785 0.03625 0.01875
0 0.56625 0.78875 0.0375 0.02125
0 0.755 0.75625 0.04375 0.01875
0 0.71125 0.7575 0.03625 0.01875
0 0.66875 0.76 0.04125 0.02375
0 0.61625 0.75875 0.04125 0.02125
0 0.57 0.76 0.0375 0.02125
0 0.47 0.85875 0.02375 0.02
0 0.44 0.85875 0.02125 0.0175
0 0.4125 0.86 0.0225 0.01875
0 0.3875 0.86125 0.01875 0.02125
0 0.57 0.81375 0.03125 0.0175
0 0.365 0.62 0.015 0.01125
0 0.3425 0.62125 0.01875 0.01125
0 0.32 0.62 0.01625 0.0125
0 0.31375 0.5425 0.02125 0.015
0 0.29 0.54375 0.01875 0.01625
0 0.5625 0.64125 0.04375 0.02375
0 0.5125 0.64375 0.04375 0.02375
0 0.465 0.6425 0.04375 0.02
0 0.55875 0.61625 0.04375 0.01625
0 0.51375 0.61875 0.0425 0.02125
0 0.465 0.61875 0.04375 0.01875
0 0.46 0.59375 0.045 0.01625
0 0.51 0.5925 0.04 0.01875
0 0.55625 0.59 0.04125 0.025
0 0.55 0.565 0.0425 0.01875
0 0.46125 0.57 0.04875 0.0225
0 0.71375 0.64375 0.035 0.02
0 0.3375 0.5425 0.0175 0.015
0 0.665 0.64375 0.03875 0.01875
0 0.7125 0.5925 0.0375 0.0175
0 0.665 0.5925 0.04 0.015
0 0.6175 0.59125 0.04 0.015
0 0.7625 0.61625 0.03125 0.0175
0 0.7175 0.61875 0.04 0.02375
0 0.66875 0.6175 0.0475 0.02125
0 0.6175 0.615 0.0425 0.01875
0 0.765 0.58625 0.0325 0.02625
0 0.765 0.5625 0.0325 0.01875
0 0.71125 0.57 0.04625 0.02125
0 0.665 0.57 0.0425 0.02625
0 0.61625 0.56875 0.04125 0.02375
0 0.77125 0.4425 0.02 0.04875
0 0.74 0.4425 0.03 0.04875
0 0.61875 0.64 0.0375 0.01875
0 0.36125 0.54125 0.02125 0.0125
0 0.385 0.54 0.01625 0.015
0 0.40625 0.5375 0.01875 0.0125
0 0.29875 0.62 0.01375 0.01125
0 0.32 0.605 0.0175 0.00875
0 0.29625 0.6075 0.01625 0.00875
0 0.3425 0.60375 0.01625 0.0125
0 0.4075 0.6025 0.01625 0.01
0 0.385 0.60125 0.01625 0.01125
0 0.36375 0.6025 0.01625 0.0125
0 0.3625 0.5875 0.02 0.01125
0 0.34125 0.58875 0.01625 0.00875
0 0.31625 0.59125 0.015 0.0125
0 0.2975 0.59125 0.0125 0.01125
0 0.40875 0.5875 0.0175 0.00875
0 0.38625 0.58875 0.015 0.00875
0 0.41 0.57375 0.0175 0.01375
0 0.38625 0.57375 0.01625 0.015
0 0.365 0.57125 0.01625 0.01375
0 0.34 0.57375 0.0175 0.01125
0 0.38625 0.55375 0.015 0.01
0 0.4075 0.5525 0.02 0.01
0 0.34 0.5575 0.01625 0.01
0 0.3625 0.555 0.02125 0.01
0 0.2925 0.56125 0.02125 0.01125
0 0.31625 0.55875 0.01875 0.00875
0 0.735 0.385 0.03125 0.055
0 0.2525 0.60625 0.0275 0.03
0 0.23 0.63875 0.01625 0.0275
0 0.25375 0.64 0.0225 0.03375
0 0.2325 0.5425 0.02125 0.02
0 0.22875 0.56875 0.0175 0.02
0 0.29375 0.575 0.01875 0.01375
0 0.31625 0.57375 0.02 0.0125
0 0.2275 0.605 0.0175 0.035
0 0.44125 0.38375 0.0425 0.01875