0 0.7925 0.545 0.05375 0.04125
0 0.84875 0.545 0.0525 0.04125
0 0.175 0.72 0.07125 0.0525
0 0.35125 0.72125 0.05125 0.04625
0 0.17125 0.665 0.0675 0.05
0 0.24 0.71625 0.05875 0.06125
0 0.29625 0.71375 0.05 0.05125
0 0.235 0.66375 0.0525 0.035
0 0.2925 0.66 0.05 0.04625
0 0.34875 0.6675 0.0525 0.05375
0 0.505 0.57125 0.05 0.06125
0 0.6575 0.51 0.05625 0.03
0 0.85125 0.3675 0.04625 0.03875
0 0.4075 0.71625 0.0475 0.0575
0 0.1525 0.585 0.055 0.05375
0 0.15125 0.52625 0.0525 0.055
0 0.22 0.59625 0.06125 0.03
0 0.21375 0.55875 0.05875 0.0325
0 0.28 0.59625 0.05375 0.02875
0 0.275 0.56125 0.05625 0.03
0 0.2725 0.52625 0.0575 0.03
0 0.735 0.5475 0.0525 0.04
0 0.33625 0.58625 0.05375 0.0525
0 0.44875 0.5775 0.05125 0.05625
0 0.3325 0.53 0.055 0.05625
0 0.3925 0.52375 0.05625 0.055
0 0.56375 0.57 0.05625 0.08125
0 0.62 0.56875 0.05 0.07875
0 0.67625 0.56625 0.0525 0.07875
0 0.73375 0.5875 0.0525 0.035
0 0.79125 0.58875 0.05375 0.035
0 0.8475 0.585 0.055 0.03
0 0.3925 0.58375 0.0525 0.0525
0 0.40625 0.655 0.04875 0.04625
0 0.7225 0.8275 0.04125 0.06
0 0.5075 0.65625 0.05125 0.05125
0 0.36125 0.84125 0.0475 0.06125
0 0.41375 0.8375 0.04625 0.06875
0 0.46625 0.83625 0.05 0.06625
0 0.51875 0.83375 0.0425 0.06875
0 0.625 0.845 0.04625 0.0625
0 0.675 0.84125 0.0425 0.06
0 0.305 0.805 0.05625 0.04625
0 0.78125 0.84 0.05125 0.07
0 0.785 0.78875 0.0575 0.02375
0 0.66875 0.79375 0.0575 0.02875
0 0.59875 0.79 0.0775 0.02625
0 0.52125 0.7825 0.0525 0.025
0 0.44625 0.79125 0.05875 0.015
0 0.79375 0.36625 0.05625 0.0425
0 0.8375 0.84125 0.04125 0.06875
0 0.3075 0.85625 0.05125 0.05125
0 0.2425 0.80875 0.06125 0.045
0 0.2475 0.86 0.06 0.04875
0 0.46125 0.71375 0.05125 0.055
0 0.51625 0.71625 0.0525 0.0525
0 0.56875 0.70875 0.04625 0.06
0 0.5675 0.66 0.0475 0.0375
0 0.62 0.65625 0.0525 0.03125
0 0.62125 0.70875 0.05125 0.065
0 0.67625 0.70375 0.04875 0.075
0 0.73125 0.7125 0.05125 0.0475
0 0.78375 0.71125 0.05375 0.04375
0 0.83625 0.70625 0.0425 0.0525
0 0.73 0.66 0.04625 0.0475
0 0.78125 0.66 0.05125 0.05
0 0.8325 0.64625 0.04125 0.0475
0 0.18375 0.86125 0.06 0.04125
0 0.17875 0.81125 0.05125 0.055
0 0.4575 0.655 0.0425 0.04625
0 0.85 0.41 0.05 0.04
0 0.57375 0.84125 0.05375 0.06875
0 0.84875 0.4525 0.05125 0.03625
0 0.81625 0.12 0.06 0.03875
0 0.855 0.08125 0.04 0.03375
0 0.19 0.3075 0.0675 0.0375
0 0.1875 0.26625 0.07125 0.0425
0 0.185 0.22125 0.07 0.04125
0 0.25625 0.22375 0.065 0.04125
0 0.26 0.2675 0.07125 0.03875
0 0.25875 0.30875 0.06375 0.04
0 0.325 0.31125 0.06 0.03875
0 0.3875 0.31125 0.06125 0.03625
0 0.45 0.30875 0.05625 0.035
0 0.5125 0.30875 0.06125 0.0375
0 0.575 0.30875 0.06 0.03625
0 0.8 0.08 0.05875 0.03375
0 0.635 0.30875 0.0575 0.0375
0 0.75625 0.30625 0.055 0.02875
0 0.815 0.30625 0.055 0.0325
0 0.45375 0.2725 0.06125 0.01875
0 0.57 0.27 0.06125 0.03625
0 0.635 0.26875 0.05625 0.0325
0 0.695 0.27 0.05625 0.0375
0 0.755 0.26875 0.05875 0.03625
0 0.79125 0.41 0.0575 0.03875
0 0.815 0.26875 0.05 0.03625
0 0.575 0.2375 0.06125 0.02
0 0.51125 0.26375 0.045 0.03
0 0.63375 0.23125 0.055 0.0375
0 0.69375 0.23125 0.05625 0.03625
0 0.69625 0.3075 0.05625 0.03375
0 0.75625 0.22875 0.05375 0.0375
0 0.74375 0.085 0.04625 0.03375
0 0.68875 0.08125 0.055 0.045
0 0.17875 0.15625 0.06875 0.04125
0 0.17375 0.11125 0.07 0.04375
0 0.17 0.065 0.07 0.045
0 0.24125 0.06625 0.06625 0.0425
0 0.24625 0.1125 0.06875 0.0425
0 0.25 0.1575 0.0675 0.0425
0 0.31875 0.16 0.0625 0.03875
0 0.31375 0.11625 0.06125 0.045
0 0.31125 0.07125 0.06 0.04
0 0.375 0.07125 0.065 0.04
0 0.38 0.12 0.0625 0.04125
0 0.3825 0.16125 0.05875 0.0375
0 0.445 0.16 0.06 0.0375
0 0.7525 0.12125 0.05875 0.03375
0 0.50625 0.15875 0.05875 0.035
0 0.6325 0.15875 0.05875 0.0375
0 0.69375 0.15875 0.055 0.03625
0 0.755 0.15875 0.05875 0.035
0 0.815 0.15875 0.055 0.03625
0 0.4425 0.07375 0.06375 0.0375
0 0.44375 0.1175 0.06 0.04
0 0.5075 0.11875 0.06 0.03875
0 0.50625 0.07625 0.05375 0.03625
0 0.505 0.045 0.06 0.0225
0 0.57375 0.075 0.06375 0.03875
0 0.57125 0.1175 0.06125 0.04125
0 0.6275 0.1225 0.0475 0.0325
0 0.68875 0.1225 0.06 0.0325
0 0.57 0.15875 0.06125 0.0375
0 0.81375 0.23 0.05625 0.0375
0 0.25125 0.46125 0.06125 0.03625
0 0.39 0.27125 0.055 0.03875
0 0.3725 0.425 0.05625 0.03625
0 0.31375 0.42625 0.055 0.0325
0 0.37375 0.46 0.05625 0.03
0 0.315 0.46125 0.0575 0.03375
0 0.25125 0.42375 0.06125 0.03375
0 0.25875 0.3825 0.06375 0.0425
0 0.18 0.38375 0.0675 0.0375
0 0.3275 0.27 0.06125 0.04125
0 0.49125 0.44625 0.05625 0.06125
0 0.55125 0.44625 0.05875 0.06125
0 0.6125 0.44375 0.05875 0.06125
0 0.6725 0.44625 0.05625 0.06
0 0.43125 0.44625 0.05125 0.06
0 0.725 0.4025 0.04375 0.04125
0 0.72875 0.44875 0.04625 0.0425
0 0.6075 0.3775 0.04125 0.06125
0 0.18625 0.46125 0.06625 0.035
0 0.45125 0.2525 0.05625 0.0125
0 0.39 0.23125 0.05625 0.0375
0 0.185 0.4225 0.0675 0.035
0 0.54875 0.38 0.05375 0.06375
0 0.32875 0.23 0.05625 0.0375
0 0.4825 0.38125 0.05875 0.06125
0 0.4275 0.38125 0.0475 0.0625
0 0.6725 0.39125 0.0525 0.0425
0 0.79 0.4525 0.06 0.04125