0 0.28875 0.7925 0.0375 0.0425
0 0.2825 0.83875 0.03625 0.0425
0 0.31625 0.8375 0.03 0.0425
0 0.3575 0.81625 0.04875 0.085
0 0.42375 0.815 0.0775 0.08375
0 0.48875 0.84375 0.04375 0.02625
0 0.48625 0.81375 0.0425 0.02875
0 0.48625 0.785 0.0425 0.02875
0 0.53375 0.81375 0.04875 0.085
0 0.58625 0.84 0.05 0.0325
0 0.59 0.8 0.0475 0.04375
0 0.6775 0.78625 0.05 0.02875
0 0.67875 0.8125 0.05 0.02375
0 0.6775 0.84125 0.0475 0.025
0 0.7275 0.84 0.04375 0.02625
0 0.7275 0.765 0.05 0.015
0 0.7275 0.81125 0.04375 0.0225
0 0.77 0.79875 0.03875 0.03375
0 0.81375 0.84125 0.0425 0.0275
0 0.77 0.83625 0.03875 0.0375
0 0.72625 0.7875 0.0425 0.02125
0 0.2275 0.835 0.0275 0.0375
0 0.19 0.8075 0.02375 0.055
0 0.2325 0.64375 0.04625 0.055
0 0.1375 0.81375 0.01625 0.0625
0 0.2925 0.91 0.03375 0.04375
0 0.29375 0.9525 0.03625 0.03875
0 0.33375 0.93 0.0425 0.085
0 0.81375 0.8125 0.04625 0.02625
0 0.3975 0.93625 0.0825 0.08375
0 0.46 0.91125 0.03125 0.04375
0 0.46 0.955 0.03125 0.04125
0 0.5025 0.9275 0.045 0.09
0 0.5525 0.93125 0.04875 0.0875
0 0.595 0.9125 0.0325 0.045
0 0.59625 0.95625 0.03625 0.0375
0 0.65125 0.925 0.07 0.09375
0 0.70625 0.95875 0.04 0.025
0 0.70875 0.93125 0.04375 0.02375
0 0.7075 0.90375 0.04 0.03
0 0.75125 0.905 0.04625 0.0275
0 0.75375 0.93375 0.04625 0.02375
0 0.75375 0.96 0.0475 0.025
0 0.80375 0.96125 0.04625 0.02375
0 0.8025 0.935 0.0475 0.02625
0 0.795 0.88625 0.04 0.03125
0 0.16125 0.81 0.025 0.065
0 0.81375 0.7825 0.0425 0.03125
0 0.14375 0.725 0.03625 0.0275
0 0.85625 0.835 0.03625 0.05
0 0.37125 0.15 0.0225 0.1075
0 0.335 0.145 0.045 0.1175
0 0.2875 0.14625 0.04375 0.11875
0 0.235 0.14375 0.0575 0.125
0 0.83 0.2675 0.03625 0.1225
0 0.7875 0.2675 0.0425 0.11625
0 0.74375 0.27 0.04 0.115
0 0.69625 0.27 0.04875 0.11875
0 0.4 0.14875 0.02875 0.10375
0 0.64375 0.2725 0.0475 0.11625
0 0.53375 0.27375 0.0475 0.12375
0 0.49 0.27375 0.03625 0.1275
0 0.4425 0.2775 0.04375 0.12375
0 0.4 0.28125 0.04 0.1225
0 0.34625 0.28125 0.06125 0.12125
0 0.29375 0.28375 0.04 0.1225
0 0.2475 0.285 0.04875 0.12375
0 0.8075 0.4125 0.04375 0.11625
0 0.59 0.2725 0.0575 0.1275
0 0.43125 0.1475 0.02625 0.10625
0 0.8525 0.7775 0.0275 0.045
0 0.495 0.1425 0.04375 0.11625
0 0.18625 0.7175 0.03375 0.025
0 0.15375 0.9325 0.03375 0.05625
0 0.15375 0.6625 0.03375 0.02875
0 0.23125 0.5625 0.03125 0.0375
0 0.1825 0.54375 0.03125 0.045
0 0.21125 0.46125 0.04875 0.0575
0 0.17125 0.4575 0.025 0.0525
0 0.13875 0.4625 0.02625 0.05875
0 0.15875 0.29125 0.04375 0.07375
0 0.195 0.1725 0.0175 0.06875
0 0.1725 0.175 0.0225 0.06375
0 0.14625 0.1775 0.025 0.06125
0 0.8425 0.1175 0.05625 0.13
0 0.785 0.11625 0.0525 0.13
0 0.73125 0.12125 0.04875 0.13375
0 0.6825 0.12375 0.045 0.13
0 0.63375 0.125 0.05 0.13125
0 0.585 0.13625 0.04375 0.11625
0 0.54 0.13625 0.0425 0.11375
0 0.76375 0.41375 0.0425 0.11375
0 0.71875 0.415 0.04375 0.10625
0 0.45875 0.14625 0.02625 0.10625
0 0.6275 0.415 0.04375 0.11375
0 0.41375 0.68875 0.0475 0.09
0 0.6275 0.54625 0.04125 0.1125
0 0.585 0.5475 0.045 0.11625
0 0.5375 0.54625 0.04375 0.1125
0 0.4625 0.55 0.04375 0.115
0 0.42125 0.55125 0.0375 0.11625
0 0.37 0.5525 0.05625 0.115
0 0.31875 0.5525 0.04375 0.11625
0 0.83625 0.6825 0.0475 0.09125
0 0.785 0.71625 0.0475 0.03125
0 0.78625 0.6825 0.045 0.02875
0 0.7875 0.65 0.0475 0.0325
0 0.735 0.6825 0.055 0.095
0 0.67625 0.6825 0.05375 0.0975
0 0.6225 0.685 0.05 0.1
0 0.56625 0.68375 0.055 0.1
0 0.51375 0.64375 0.04625 0.03875
0 0.515 0.68 0.0475 0.03
0 0.51625 0.715 0.04875 0.03625
0 0.46375 0.69 0.04875 0.09125
0 0.67125 0.415 0.04375 0.1125
0 0.67125 0.545 0.04375 0.11625
0 0.715 0.5425 0.04125 0.1175
0 0.27125 0.55375 0.045 0.11625
0 0.8 0.5425 0.0425 0.1175
0 0.75625 0.54375 0.03875 0.1175
0 0.1925 0.6525 0.025 0.05
0 0.23125 0.72375 0.0425 0.025
0 0.28125 0.715 0.0375 0.0425
0 0.28 0.67 0.035 0.04375
0 0.585 0.41625 0.03875 0.11875
0 0.37 0.72125 0.0425 0.03125
0 0.54 0.41875 0.04625 0.11375
0 0.49625 0.41875 0.0375 0.115
0 0.45375 0.41625 0.04375 0.1175
0 0.3225 0.68375 0.0475 0.0875
0 0.3575 0.42 0.0575 0.1175
0 0.30375 0.4225 0.04375 0.12125
0 0.26 0.42125 0.04125 0.1225
0 0.3675 0.68875 0.04125 0.03125
0 0.84375 0.54125 0.0375 0.12125
0 0.41 0.41875 0.04375 0.11875