0 0.25125 0.37 0.05625 0.01125
0 0.325 0.3625 0.02125 0.0425
0 0.25625 0.74875 0.04375 0.0175
0 0.23125 0.38875 0.0225 0.0175
0 0.30125 0.36125 0.015 0.04125
0 0.2375 0.41375 0.035 0.02625
0 0.7325 0.66375 0.02125 0.0525
0 0.425 0.37375 0.03 0.02125
0 0.58625 0.45875 0.02625 0.045
0 0.62125 0.46 0.02625 0.0375
0 0.69 0.42125 0.035 0.03375
0 0.68875 0.4625 0.03125 0.03875
0 0.7625 0.44875 0.0175 0.08375
0 0.23875 0.585 0.0375 0.035
0 0.38875 0.375 0.03125 0.02125
0 0.295 0.565 0.02125 0.045
0 0.23625 0.5025 0.0325 0.02125
0 0.37375 0.56625 0.01625 0.045
0 0.7625 0.86 0.01875 0.08
0 0.735 0.87875 0.02 0.04125
0 0.70875 0.8725 0.0225 0.05125
0 0.66375 0.85625 0.0225 0.0525
0 0.635 0.85625 0.0225 0.05625
0 0.6 0.86375 0.0225 0.055
0 0.55875 0.86875 0.02 0.05625
0 0.5375 0.86625 0.01875 0.05125
0 0.325 0.73875 0.03875 0.0325
0 0.53875 0.46 0.02625 0.03625
0 0.25375 0.7675 0.04125 0.01375
0 0.25625 0.78625 0.0375 0.01875
0 0.50375 0.4625 0.025 0.03875
0 0.765 0.7325 0.0175 0.075
0 0.74875 0.73375 0.0125 0.0725
0 0.72125 0.76625 0.01875 0.0575
0 0.68375 0.76125 0.05125 0.0675
0 0.64625 0.7625 0.0175 0.07
0 0.62875 0.76125 0.01375 0.0675
0 0.61375 0.7575 0.0125 0.06625
0 0.585 0.76 0.0175 0.06875
0 0.5575 0.7625 0.0275 0.06625
0 0.5275 0.775 0.0175 0.04375
0 0.50875 0.7725 0.015 0.04125
0 0.485 0.76375 0.0175 0.06
0 0.4575 0.765 0.0275 0.05875
0 0.43375 0.76125 0.0125 0.05875
0 0.4175 0.76125 0.01375 0.05875
0 0.4 0.76125 0.015 0.0575
0 0.3625 0.76875 0.02625 0.05875
0 0.30875 0.77875 0.05 0.025
0 0.515 0.85625 0.015 0.065
0 0.49375 0.855 0.02 0.05375
0 0.4725 0.83875 0.01875 0.0425
0 0.4675 0.8825 0.01125 0.04
0 0.76375 0.535 0.0175 0.0525
0 0.755 0.63125 0.0125 0.07375
0 0.77125 0.63 0.01375 0.07375
0 0.28125 0.66375 0.02125 0.05
0 0.30375 0.665 0.02125 0.05
0 0.32875 0.66375 0.01625 0.05
0 0.3475 0.6625 0.01625 0.0525
0 0.3725 0.65875 0.01875 0.0625
0 0.39375 0.6575 0.01875 0.06375
0 0.42125 0.6575 0.0175 0.07
0 0.44625 0.6575 0.02125 0.0725
0 0.52375 0.66 0.01875 0.06375
0 0.545 0.66 0.01875 0.065
0 0.565 0.65875 0.01875 0.065
0 0.605 0.65875 0.02625 0.05
0 0.6475 0.66375 0.02 0.0575
0 0.67125 0.66625 0.01875 0.05375
0 0.69125 0.6575 0.01625 0.06375
0 0.71 0.6625 0.01625 0.05625
0 0.67 0.5725 0.02625 0.0325
0 0.47375 0.46 0.025 0.0425
0 0.64125 0.57125 0.025 0.03375
0 0.55375 0.565 0.0175 0.045
0 0.45375 0.855 0.01 0.04375
0 0.4375 0.865 0.01375 0.05125
0 0.37625 0.865 0.015 0.05375
0 0.3575 0.86625 0.01375 0.055
0 0.34 0.8675 0.01625 0.04625
0 0.31875 0.87 0.0175 0.04625
0 0.28875 0.88125 0.0325 0.025
0 0.2925 0.85625 0.025 0.0175
0 0.2975 0.83375 0.0325 0.01625
0 0.25625 0.86 0.025 0.04
0 0.2275 0.84625 0.01375 0.03
0 0.39125 0.56625 0.015 0.04375
0 0.40875 0.565 0.0175 0.04375
0 0.42875 0.5675 0.015 0.04375
0 0.4475 0.56625 0.01625 0.04125
0 0.46625 0.56625 0.015 0.045
0 0.485 0.565 0.01875 0.045
0 0.51375 0.5675 0.0275 0.0375
0 0.53625 0.5625 0.01 0.0425
0 0.64375 0.53 0.0325 0.0375
0 0.445 0.46125 0.02875 0.0425
0 0.27375 0.56375 0.01875 0.0475
0 0.5575 0.34 0.02625 0.08875
0 0.39 0.46 0.03 0.0425
0 0.35875 0.45125 0.02375 0.06375
0 0.32875 0.45 0.02125 0.0575
0 0.76625 0.3025 0.0225 0.10625
0 0.7225 0.3475 0.03 0.07125
0 0.6825 0.34 0.0275 0.08875
0 0.655 0.34 0.02 0.08625
0 0.62125 0.34125 0.02625 0.08875
0 0.28625 0.44625 0.02375 0.0625
0 0.52875 0.33875 0.02375 0.09375
0 0.49125 0.33875 0.0325 0.09625
0 0.46125 0.34125 0.025 0.0925
0 0.59 0.34125 0.02625 0.09