0 0.50375 0.66375 0.025 0.07125
0 0.165 0.7025 0.03125 0.06625
0 0.21 0.74375 0.025 0.06875
0 0.2375 0.7475 0.02375 0.06375
0 0.515 0.76875 0.02625 0.07125
0 0.2875 0.75375 0.0275 0.06
0 0.345 0.755 0.025 0.06625
0 0.3725 0.75875 0.02625 0.05875
0 0.4 0.76 0.02375 0.065
0 0.42625 0.7625 0.02375 0.0625
0 0.45625 0.76375 0.02625 0.0675
0 0.48625 0.7675 0.02625 0.06375
0 0.26125 0.7475 0.02 0.0675
0 0.47375 0.66 0.0225 0.06375
0 0.71 0.5625 0.03 0.08
0 0.41 0.65875 0.02625 0.0675
0 0.50875 0.56375 0.02375 0.075
0 0.54 0.55875 0.02875 0.0825
0 0.57375 0.55875 0.02875 0.08375
0 0.60625 0.56 0.02875 0.0825
0 0.6375 0.56375 0.03 0.07625
0 0.545 0.76875 0.03 0.07
0 0.74125 0.56375 0.0275 0.07875
0 0.775 0.565 0.03625 0.07625
0 0.8325 0.59 0.065 0.13125
0 0.7725 0.675 0.035 0.075
0 0.73625 0.67375 0.03125 0.08
0 0.44125 0.65625 0.02875 0.07
0 0.7025 0.67 0.035 0.07875
0 0.63375 0.665 0.03625 0.07375
0 0.6 0.66375 0.03 0.07625
0 0.5675 0.66625 0.02875 0.07
0 0.53625 0.665 0.03125 0.07
0 0.20625 0.64875 0.0225 0.0625
0 0.2325 0.65125 0.02375 0.06375
0 0.26 0.6525 0.02125 0.0625
0 0.29 0.655 0.0325 0.06
0 0.32 0.65375 0.02 0.065
0 0.34625 0.65625 0.02875 0.06625
0 0.37875 0.655 0.02 0.0675
0 0.67 0.67 0.03 0.07875
0 0.575 0.77125 0.025 0.07375
0 0.48875 0.8875 0.02375 0.06
0 0.645 0.7775 0.02625 0.07375
0 0.77125 0.90625 0.03125 0.0875
0 0.83375 0.895 0.08125 0.11
0 0.1625 0.9475 0.02 0.09625
0 0.185 0.9525 0.01875 0.09375
0 0.215 0.95375 0.02 0.08125
0 0.23625 0.9575 0.0175 0.0775
0 0.25875 0.96125 0.02125 0.07625
0 0.28125 0.965 0.0225 0.06875
0 0.73875 0.91125 0.0275 0.06375
0 0.3075 0.965 0.0225 0.07
0 0.365 0.97 0.03 0.0525
0 0.39875 0.9725 0.02125 0.05375
0 0.425 0.97875 0.0275 0.04125
0 0.45625 0.9775 0.02875 0.04375
0 0.48625 0.98125 0.0275 0.03625
0 0.515 0.98 0.02625 0.03875
0 0.545 0.9775 0.02625 0.045
0 0.48 0.56375 0.03 0.0725
0 0.335 0.96875 0.02625 0.05875
0 0.70875 0.905 0.02375 0.0725
0 0.68625 0.905 0.0175 0.0675
0 0.64625 0.8975 0.025 0.06125
0 0.675 0.77875 0.03 0.075
0 0.7425 0.78625 0.02625 0.075
0 0.7775 0.78375 0.035 0.0775
0 0.8375 0.74375 0.075 0.12875
0 0.2125 0.8525 0.025 0.07125
0 0.23875 0.85875 0.0225 0.0625
0 0.26375 0.8575 0.0225 0.06875
0 0.2875 0.86125 0.0225 0.0625
0 0.31375 0.8625 0.02125 0.07
0 0.34 0.8725 0.02375 0.05125
0 0.37 0.87375 0.0275 0.06
0 0.4025 0.87625 0.03 0.05375
0 0.4325 0.87875 0.025 0.06125
0 0.46125 0.88375 0.025 0.05125
0 0.515 0.89 0.02125 0.0575
0 0.535 0.8875 0.01625 0.0625
0 0.55625 0.8875 0.02125 0.0675
0 0.585 0.88875 0.02625 0.0725
0 0.61375 0.89 0.02625 0.07875
0 0.61 0.77625 0.02875 0.06875
0 0.44875 0.56 0.0225 0.06875
0 0.66875 0.9 0.0125 0.0675
0 0.39125 0.55625 0.02375 0.075
0 0.6925 0.3175 0.02 0.09375
0 0.66 0.31625 0.025 0.0975
0 0.62375 0.31375 0.01875 0.10375
0 0.41875 0.5575 0.03 0.07375
0 0.59625 0.3175 0.02375 0.1025
0 0.57 0.315 0.02625 0.10375
0 0.17 0.335 0.0125 0.06625
0 0.72 0.31875 0.0225 0.09625
0 0.54125 0.31875 0.0225 0.0975
0 0.4625 0.325 0.03 0.0925
0 0.43125 0.33875 0.03125 0.0625
0 0.39875 0.34 0.03 0.0625
0 0.36375 0.33875 0.03375 0.06375
0 0.32875 0.33875 0.03375 0.065
0 0.295 0.3375 0.03 0.06875
0 0.2625 0.34125 0.0325 0.065
0 0.49125 0.325 0.02 0.09375
0 0.74375 0.32 0.02 0.0925
0 0.77875 0.3075 0.02875 0.10875
0 0.81375 0.28375 0.04125 0.11125
0 0.5675 0.45125 0.0275 0.07625
0 0.5975 0.45125 0.0275 0.07625
0 0.63 0.4525 0.035 0.0775
0 0.665 0.45 0.02875 0.08
0 0.6975 0.45125 0.03125 0.07875
0 0.735 0.45125 0.02875 0.08
0 0.5375 0.45125 0.02875 0.07375
0 0.50375 0.4525 0.0325 0.075
0 0.46875 0.4575 0.03375 0.0675
0 0.43 0.45875 0.035 0.065
0 0.39625 0.455 0.03125 0.06625
0 0.33125 0.45375 0.0325 0.06375
0 0.29875 0.45375 0.0275 0.06625
0 0.2625 0.455 0.03125 0.0625
0 0.2325 0.45375 0.02625 0.06125
0 0.20125 0.44875 0.02875 0.07
0 0.85375 0.2725 0.03625 0.1325
0 0.22875 0.3425 0.0275 0.06
0 0.1975 0.3425 0.03 0.0625
0 0.365 0.455 0.0275 0.065
0 0.16125 0.5975 0.025 0.085
0 0.16125 0.50625 0.03125 0.06375
0 0.16875 0.42625 0.03125 0.045
0 0.8475 0.43625 0.0325 0.13
0 0.8125 0.435 0.03375 0.13125
0 0.7725 0.45125 0.03125 0.08
0 0.235 0.555 0.02875 0.07375
0 0.26625 0.55375 0.0225 0.075
0 0.295 0.555 0.025 0.0725
0 0.325 0.55625 0.025 0.075
0 0.35625 0.55625 0.0375 0.07375
0 0.20625 0.555 0.0225 0.07375