0 0.45625 0.92875 0.015 0.035
0 0.2475 0.94125 0.055 0.035
0 0.455 0.8925 0.015 0.035
0 0.3975 0.93375 0.0925 0.03
0 0.4 0.89625 0.09 0.03125
0 0.31375 0.94 0.07 0.035
0 0.315 0.90125 0.0675 0.0325
0 0.24875 0.9025 0.0575 0.0375
0 0.625 0.1275 0.03125 0.0325
0 0.725 0.81125 0.0325 0.03875
0 0.69375 0.7975 0.03 0.06625
0 0.65625 0.82 0.035 0.0275
0 0.62125 0.82 0.0325 0.0275
0 0.6375 0.565 0.03125 0.03
0 0.6675 0.31 0.03875 0.0475
0 0.49625 0.8625 0.05875 0.01875
0 0.7625 0.78375 0.03625 0.03875
0 0.55375 0.85875 0.05625 0.02
0 0.36625 0.36125 0.03 0.02125
0 0.56125 0.89625 0.06 0.02625
0 0.4525 0.50625 0.06375 0.0425
0 0.39125 0.50375 0.05875 0.045
0 0.32125 0.5 0.07 0.045
0 0.2525 0.4975 0.065 0.0525
0 0.3175 0.44625 0.06875 0.04375
0 0.71625 0.31375 0.0475 0.04625
0 0.76125 0.9075 0.0375 0.0375
0 0.4975 0.8975 0.0625 0.02875
0 0.75625 0.8675 0.04625 0.03625
0 0.72 0.925 0.045 0.02875
0 0.6675 0.92375 0.045 0.02625
0 0.6625 0.88 0.03125 0.03125
0 0.6175 0.925 0.04375 0.02625
0 0.62 0.895 0.04875 0.03
0 0.5625 0.92875 0.06375 0.035
0 0.49875 0.93 0.06125 0.0325
0 0.6975 0.8675 0.035 0.03125
0 0.76 0.3175 0.03875 0.04375
0 0.65375 0.275 0.02 0.0175
0 0.6875 0.2775 0.03875 0.01375
0 0.54375 0.39875 0.0575 0.02875
0 0.54125 0.36875 0.05 0.03
0 0.5825 0.365 0.02875 0.03375
0 0.6125 0.365 0.025 0.03
0 0.7225 0.135 0.045 0.03875
0 0.62 0.4 0.0275 0.02875
0 0.65 0.36375 0.0425 0.0275
0 0.7025 0.365 0.05125 0.025
0 0.755 0.3675 0.045 0.02375
0 0.66 0.39625 0.045 0.03375
0 0.705 0.4 0.04375 0.02875
0 0.75 0.39875 0.04375 0.03125
0 0.27 0.0475 0.0425 0.03
0 0.4875 0.39625 0.05375 0.03375
0 0.3125 0.05125 0.0425 0.0325
0 0.31375 0.08625 0.04125 0.035
0 0.3575 0.0575 0.04375 0.035
0 0.40625 0.065 0.045 0.035
0 0.355 0.09375 0.04125 0.0325
0 0.405 0.1 0.04625 0.035
0 0.44625 0.075 0.03375 0.03125
0 0.44625 0.1075 0.03375 0.03375
0 0.4825 0.10875 0.03125 0.03375
0 0.47875 0.62625 0.05 0.0325
0 0.53375 0.62875 0.05625 0.0275
0 0.5175 0.1175 0.035 0.03125
0 0.555 0.11875 0.03 0.035
0 0.58875 0.1225 0.0325 0.0325
0 0.2675 0.0825 0.04 0.03125
0 0.67 0.1325 0.0525 0.03
0 0.4875 0.365 0.0575 0.02875
0 0.315 0.355 0.0625 0.035
0 0.73125 0.28125 0.03625 0.015
0 0.25625 0.355 0.05 0.0225
0 0.42 0.61875 0.0225 0.045
0 0.4425 0.62 0.02125 0.04125
0 0.39875 0.56 0.05875 0.03125
0 0.59125 0.56 0.04125 0.0225
0 0.73625 0.62125 0.04125 0.0375
0 0.69125 0.6225 0.0425 0.03625
0 0.65 0.62125 0.03875 0.0375
0 0.5925 0.62875 0.0575 0.02875
0 0.59375 0.59375 0.05875 0.03625
0 0.6575 0.78875 0.0375 0.03125
0 0.62125 0.79 0.035 0.0275
0 0.42125 0.36625 0.05125 0.01375
0 0.57375 0.8 0.045 0.06375
0 0.26625 0.56625 0.05625 0.03375
0 0.32 0.56 0.04375 0.03375
0 0.4775 0.59125 0.04625 0.0325
0 0.53125 0.5925 0.0525 0.03125
0 0.44875 0.82375 0.1 0.03
0 0.44875 0.7925 0.09375 0.025
0 0.34875 0.825 0.09375 0.02875
0 0.3525 0.79625 0.0925 0.02375
0 0.7625 0.14 0.03375 0.0325
0 0.25 0.385 0.06 0.035
0 0.31375 0.39 0.06375 0.02625
0 0.37375 0.39 0.05625 0.03
0 0.43 0.39 0.0525 0.02875
0 0.52625 0.805 0.05 0.06875
0 0.59125 0.39875 0.03125 0.03
0 0.71625 0.70375 0.045 0.04625
0 0.76375 0.68875 0.03125 0.03875
0 0.76625 0.22375 0.0275 0.05
0 0.72625 0.22375 0.04875 0.0475
0 0.67375 0.21875 0.04625 0.04625
0 0.77 0.645 0.02 0.045
0 0.62625 0.1925 0.0375 0.0275
0 0.57625 0.18625 0.04 0.0225
0 0.62875 0.2225 0.04 0.02875
0 0.58625 0.22 0.03875 0.025
0 0.55375 0.21625 0.0275 0.03125
0 0.2825 0.25125 0.0625 0.0375
0 0.52125 0.21375 0.03375 0.02875
0 0.45 0.18 0.03375 0.01625
0 0.40625 0.17375 0.04375 0.0225
0 0.45 0.20625 0.03375 0.03375
0 0.40875 0.2025 0.04 0.0325
0 0.3675 0.20125 0.03375 0.0325
0 0.365 0.17125 0.02875 0.02
0 0.32125 0.19125 0.04375 0.0425
0 0.27 0.18375 0.045 0.04
0 0.32625 0.155 0.04375 0.0175
0 0.485 0.21 0.03375 0.035
0 0.28375 0.29 0.065 0.03625
0 0.35 0.2525 0.06125 0.03875
0 0.35 0.29375 0.0625 0.0375
0 0.74125 0.48 0.05 0.0375
0 0.745 0.52 0.04375 0.03125
0 0.2475 0.62625 0.05625 0.03875
0 0.3075 0.6225 0.05625 0.0375
0 0.68625 0.4775 0.04125 0.03875
0 0.6325 0.52 0.06375 0.0275
0 0.6325 0.49 0.06625 0.0275
0 0.62875 0.31375 0.03 0.03125
0 0.59625 0.31375 0.03125 0.03
0 0.62875 0.27875 0.02875 0.0325
0 0.59875 0.2775 0.03125 0.03625
0 0.56125 0.31125 0.03625 0.03125
0 0.5625 0.27625 0.03625 0.0325
0 0.52375 0.30875 0.03375 0.0325
0 0.525 0.2725 0.0325 0.035
0 0.48625 0.305 0.0375 0.03375
0 0.48875 0.26875 0.0375 0.0325
0 0.44625 0.30125 0.03625 0.03
0 0.40625 0.30125 0.04 0.03125
0 0.4475 0.27 0.03875 0.0325
0 0.4075 0.2675 0.0375 0.03125
0 0.27625 0.15125 0.04625 0.02125
0 0.60625 0.45625 0.035 0.02875
0 0.69625 0.51875 0.05125 0.03375
0 0.51375 0.5175 0.0525 0.03
0 0.57125 0.52 0.0575 0.02625
0 0.515 0.68 0.05125 0.03125
0 0.5675 0.68125 0.0525 0.02875
0 0.51625 0.715 0.0525 0.0325
0 0.56875 0.71625 0.0525 0.03125
0 0.6675 0.70625 0.04375 0.045
0 0.235 0.79875 0.03 0.0325
0 0.27875 0.795 0.045 0.03375
0 0.23625 0.8325 0.03125 0.0275
0 0.27375 0.83125 0.04375 0.03125
0 0.62125 0.7075 0.04625 0.04375
0 0.4575 0.69875 0.0575 0.0725
0 0.39875 0.69875 0.06 0.0725
0 0.3275 0.7075 0.07 0.05625
0 0.25625 0.7125 0.0725 0.0475
0 0.38625 0.4525 0.0625 0.04625
0 0.45375 0.45625 0.0675 0.0375
0 0.5125 0.485 0.0475 0.03
0 0.5625 0.48625 0.05 0.02625
0 0.37375 0.615 0.0625 0.04