0 0.56625 0.65125 0.02125 0.05
0 0.52 0.6525 0.02 0.04875
0 0.47125 0.65125 0.02125 0.05
0 0.4475 0.65125 0.02 0.05
0 0.4225 0.65125 0.02 0.04875
0 0.39875 0.65375 0.02125 0.0425
0 0.37625 0.655 0.01875 0.04
0 0.33 0.6475 0.02125 0.05
0 0.305 0.64375 0.0225 0.0525
0 0.54125 0.65125 0.02 0.0525
0 0.355 0.65 0.0225 0.0475
0 0.24375 0.19875 0.03875 0.0325
0 0.15 0.2 0.03625 0.02625
0 0.19875 0.2 0.0375 0.025
0 0.28125 0.65125 0.0175 0.04125
0 0.29 0.2 0.0375 0.035
0 0.34 0.20125 0.04 0.0275
0 0.385 0.20375 0.04 0.02625
0 0.42875 0.20375 0.04125 0.02875
0 0.47875 0.20625 0.04 0.0275
0 0.525 0.2075 0.04 0.03
0 0.575 0.20875 0.04125 0.02625
0 0.62375 0.20875 0.04 0.02625
0 0.595 0.6525 0.0225 0.0475
0 0.235 0.64625 0.0225 0.05
0 0.2925 0.73875 0.0275 0.04125
0 0.185 0.64625 0.0225 0.04875
0 0.74875 0.74 0.055 0.0625
0 0.80875 0.7425 0.05625 0.06125
0 0.85875 0.74875 0.03125 0.0475
0 0.85125 0.84875 0.04625 0.04125
0 0.79 0.83375 0.0425 0.06875
0 0.74375 0.83875 0.0375 0.07
0 0.6975 0.835 0.0375 0.06375
0 0.66625 0.7375 0.025 0.06375
0 0.6475 0.8325 0.03875 0.06875
0 0.555 0.84125 0.035 0.05125
0 0.5025 0.835 0.05375 0.06625
0 0.44625 0.8275 0.04375 0.065
0 0.4 0.82375 0.0375 0.05625
0 0.34 0.8275 0.03875 0.05375
0 0.29625 0.8375 0.03375 0.02
0 0.25375 0.82875 0.03625 0.06125
0 0.59875 0.83875 0.03875 0.0625
0 0.63625 0.73875 0.02875 0.06375
0 0.60125 0.73875 0.0375 0.06375
0 0.55625 0.7375 0.04 0.0625
0 0.16125 0.64375 0.02125 0.05
0 0.13625 0.645 0.02125 0.0475
0 0.15625 0.7425 0.03 0.0425
0 0.19 0.7425 0.0275 0.03875
0 0.2225 0.74 0.03 0.04125
0 0.25625 0.7425 0.0275 0.0375
0 0.66875 0.21 0.0375 0.025
0 0.32125 0.7375 0.01875 0.05625
0 0.3425 0.74 0.02 0.05375
0 0.36625 0.73875 0.02 0.04875
0 0.3875 0.74125 0.01875 0.04625
0 0.40875 0.73625 0.0175 0.04625
0 0.43375 0.7425 0.01375 0.04625
0 0.45625 0.7425 0.0175 0.04375
0 0.47625 0.73375 0.02 0.06625
0 0.5025 0.73375 0.02 0.065
0 0.52375 0.735 0.02 0.06875
0 0.20875 0.64625 0.02125 0.05125
0 0.71375 0.20875 0.0425 0.02875
0 0.45375 0.295 0.04375 0.0475
0 0.8175 0.21125 0.04 0.02625
0 0.76125 0.5075 0.04625 0.03125
0 0.71125 0.5075 0.045 0.03
0 0.66625 0.50125 0.0375 0.0375
0 0.6225 0.5 0.0375 0.04
0 0.57625 0.5025 0.04375 0.03625
0 0.52875 0.50125 0.045 0.03625
0 0.48125 0.5025 0.04625 0.0325
0 0.43125 0.50125 0.04625 0.03375
0 0.37875 0.5025 0.04875 0.03125
0 0.17 0.4975 0.04625 0.0275
0 0.22 0.49875 0.04625 0.03125
0 0.27125 0.49875 0.0475 0.03125
0 0.325 0.5 0.04875 0.03
0 0.14875 0.57 0.04375 0.03375
0 0.19625 0.57 0.04375 0.0325
0 0.8275 0.39875 0.05625 0.03375
0 0.76875 0.3975 0.0525 0.03125
0 0.7125 0.39625 0.05375 0.03125
0 0.65625 0.39625 0.05375 0.03
0 0.29375 0.29375 0.02125 0.04125
0 0.31875 0.29375 0.01875 0.0425
0 0.34125 0.2975 0.01875 0.03625
0 0.36625 0.2975 0.0225 0.03625
0 0.13625 0.385 0.02125 0.0325
0 0.1675 0.39375 0.0325 0.0175
0 0.2075 0.39625 0.035 0.01625
0 0.24625 0.57125 0.04625 0.03125
0 0.24875 0.38625 0.04125 0.03
0 0.33375 0.3975 0.035 0.0175
0 0.37375 0.3975 0.035 0.01875
0 0.41625 0.3925 0.04125 0.03
0 0.46 0.39375 0.04 0.03
0 0.50375 0.39375 0.04 0.03125
0 0.55 0.3975 0.04125 0.03125
0 0.6 0.39625 0.05375 0.03
0 0.29375 0.39625 0.03375 0.0175
0 0.30125 0.57125 0.04125 0.03625
0 0.345 0.58125 0.035 0.01875
0 0.38375 0.5825 0.03375 0.01875
0 0.66625 0.66 0.01625 0.03625
0 0.64375 0.655 0.0225 0.0475
0 0.61875 0.65625 0.02125 0.04375
0 0.27125 0.29375 0.01875 0.04125
0 0.24875 0.29375 0.0175 0.04125
0 0.20875 0.28625 0.0375 0.05125
0 0.16875 0.2875 0.0375 0.05
0 0.68625 0.66 0.01875 0.03625
0 0.405 0.2925 0.045 0.04625
0 0.50125 0.2975 0.0425 0.04625
0 0.55125 0.29625 0.0425 0.05375
0 0.6 0.2975 0.04125 0.05375
0 0.6475 0.29 0.04375 0.055
0 0.69625 0.29625 0.04625 0.05
0 0.745 0.29875 0.0425 0.05
0 0.79375 0.30125 0.04 0.04375
0 0.46 0.25875 0.045 0.01875
0 0.76125 0.21 0.04375 0.02625
0 0.71 0.6675 0.02125 0.025
0 0.76875 0.63625 0.0175 0.015
0 0.425 0.57625 0.04 0.02875
0 0.42875 0.5525 0.045 0.0125
0 0.47125 0.57375 0.0375 0.03625
0 0.51375 0.575 0.04 0.03625
0 0.55625 0.57625 0.03875 0.0325
0 0.59875 0.57875 0.04 0.03375
0 0.63875 0.5875 0.03375 0.0175
0 0.7325 0.6675 0.02 0.02625
0 0.67375 0.58625 0.03 0.01875
0 0.75375 0.5875 0.03625 0.0175
0 0.795 0.59 0.0375 0.01875
0 0.83375 0.59 0.0375 0.02
0 0.8625 0.66875 0.02375 0.0325
0 0.835 0.67 0.02375 0.025
0 0.8075 0.67 0.0225 0.025
0 0.7575 0.67 0.0225 0.0225
0 0.71375 0.5875 0.0375 0.01625
0 0.7825 0.66875 0.0225 0.02375
0 0.1625 0.82375 0.0325 0.03125
0 0.205 0.83 0.04375 0.05625