0 0.42875 0.04 0.0475 0.0725
0 0.29 0.03875 0.0275 0.06875
0 0.25625 0.03875 0.0275 0.05875
0 0.37 0.03625 0.05 0.06375
0 0.47625 0.04625 0.04125 0.05875
0 0.6725 0.04375 0.01625 0.07125
0 0.63 0.04 0.02 0.06875
0 0.65125 0.04 0.01625 0.06875
0 0.69375 0.04125 0.02125 0.07125
0 0.71375 0.02 0.0175 0.03125
0 0.7325 0.0175 0.02 0.0275
0 0.7125 0.05875 0.015 0.03875
0 0.73375 0.0575 0.015 0.04375
0 0.75875 0.0425 0.03 0.08
0 0.23875 0.23625 0.035 0.0675
0 0.285 0.23125 0.03375 0.05625
0 0.53 0.0375 0.06 0.075
0 0.32625 0.035 0.03 0.06375
0 0.41125 0.74875 0.03375 0.0775
0 0.39625 0.2375 0.03 0.0625
0 0.5025 0.64375 0.01875 0.07625
0 0.525 0.645 0.0175 0.0725
0 0.54625 0.64375 0.01875 0.075
0 0.57 0.6475 0.01875 0.07
0 0.6175 0.665 0.03125 0.04375
0 0.6475 0.65375 0.02875 0.06875
0 0.68375 0.64625 0.0375 0.0725
0 0.74875 0.65 0.035 0.0725
0 0.2425 0.7475 0.03125 0.06875
0 0.3025 0.7475 0.03 0.07625
0 0.34 0.75 0.03 0.03
0 0.33875 0.7775 0.03 0.025
0 0.48125 0.64875 0.01875 0.075
0 0.74875 0.8375 0.0125 0.0525
0 0.68125 0.83625 0.015 0.0575
0 0.665 0.83625 0.01375 0.055
0 0.65 0.83625 0.01125 0.05875
0 0.625 0.83625 0.01125 0.0575
0 0.60875 0.8375 0.01 0.065
0 0.58375 0.8375 0.03375 0.0725
0 0.545 0.86125 0.03 0.025
0 0.5475 0.835 0.02875 0.0225
0 0.4625 0.8425 0.0225 0.07375
0 0.4075 0.8475 0.0225 0.065
0 0.3675 0.845 0.0325 0.07125
0 0.32625 0.85375 0.02375 0.06
0 0.73125 0.835 0.0175 0.05
0 0.3 0.87125 0.02625 0.0275
0 0.45 0.645 0.03125 0.07875
0 0.33375 0.64875 0.03 0.0775
0 0.77375 0.8325 0.01 0.0575
0 0.76125 0.83375 0.0125 0.0575
0 0.35375 0.23875 0.03375 0.05875
0 0.63375 0.45625 0.035 0.045
0 0.67375 0.44875 0.04375 0.0475
0 0.70625 0.46125 0.0225 0.02
0 0.74375 0.4575 0.0375 0.0375
0 0.245 0.54875 0.03 0.085
0 0.28 0.545 0.03625 0.09625
0 0.32 0.54375 0.03875 0.09875
0 0.35375 0.54875 0.02375 0.0775
0 0.41875 0.5475 0.025 0.08
0 0.37 0.6475 0.0325 0.07125
0 0.44375 0.5475 0.0225 0.07875
0 0.505 0.55875 0.0375 0.0525
0 0.54 0.54125 0.025 0.09
0 0.565 0.54375 0.02375 0.09125
0 0.59125 0.52875 0.02125 0.0825
0 0.62125 0.54875 0.02125 0.08
0 0.64375 0.5375 0.0175 0.07375
0 0.6725 0.545 0.01625 0.08625
0 0.69625 0.54375 0.02 0.08
0 0.76625 0.5425 0.02125 0.0875
0 0.24125 0.655 0.02875 0.06875
0 0.27125 0.65875 0.025 0.06125
0 0.30125 0.65125 0.03125 0.0775
0 0.47125 0.54625 0.02375 0.08125
0 0.3 0.84125 0.0175 0.02875
0 0.435 0.84375 0.03125 0.07375
0 0.2625 0.85875 0.015 0.03875
0 0.46875 0.425 0.0375 0.0925
0 0.39875 0.4225 0.035 0.1
0 0.2775 0.855 0.0125 0.05625
0 0.3375 0.435 0.035 0.08125
0 0.29875 0.43125 0.03 0.085
0 0.26375 0.42875 0.03125 0.0875
0 0.2325 0.42625 0.02375 0.09375
0 0.3325 0.325 0.02375 0.06125
0 0.305 0.32625 0.02375 0.06
0 0.27875 0.32625 0.02125 0.0625
0 0.255 0.32375 0.02375 0.0575
0 0.23 0.32 0.01375 0.05875
0 0.53 0.425 0.025 0.0925
0 0.36375 0.33125 0.01875 0.01875
0 0.5475 0.33375 0.02 0.025
0 0.5975 0.3375 0.02125 0.02
0 0.67125 0.32875 0.04125 0.0525
0 0.625 0.32 0.0325 0.05125
0 0.745 0.3225 0.05125 0.04875
0 0.7375 0.24125 0.045 0.0775
0 0.675 0.23375 0.05 0.085
0 0.61625 0.225 0.04625 0.08125
0 0.55375 0.2425 0.03 0.05125
0 0.5125 0.24375 0.02625 0.0525
0 0.475 0.235 0.03125 0.04375
0 0.43875 0.2425 0.03375 0.04625
0 0.44375 0.33375 0.02375 0.02125
0 0.56375 0.425 0.03125 0.0925
0 0.36875 0.42625 0.025 0.09125
0 0.63875 0.7425 0.0175 0.04375
0 0.3725 0.74875 0.0325 0.0775
0 0.685 0.7375 0.015 0.06
0 0.59625 0.4275 0.02625 0.1
0 0.61625 0.7425 0.01875 0.0475
0 0.58375 0.74 0.03375 0.0825
0 0.5475 0.7375 0.0325 0.0725
0 0.51 0.74125 0.0275 0.07625
0 0.4475 0.745 0.03125 0.08
0 0.7275 0.73875 0.01125 0.06125
0 0.76875 0.73625 0.01625 0.05625
0 0.23875 0.84875 0.02125 0.0675
0 0.7025 0.7375 0.0125 0.055
0 0.715 0.73875 0.01125 0.0625