0 0.855 0.67 0.03375 0.10875
0 0.14375 0.7175 0.02375 0.0825
0 0.555 0.83125 0.03125 0.0875
0 0.17875 0.7175 0.0275 0.0875
0 0.2125 0.72375 0.0275 0.0975
0 0.31 0.7075 0.02625 0.10375
0 0.34375 0.7075 0.02875 0.10625
0 0.37625 0.70875 0.03 0.10125
0 0.62 0.3875 0.02625 0.08625
0 0.81625 0.6675 0.03 0.1075
0 0.78 0.665 0.025 0.1075
0 0.56625 0.60625 0.03 0.1025
0 0.705 0.66125 0.03 0.105
0 0.605 0.60625 0.0275 0.1
0 0.45 0.7125 0.02875 0.10375
0 0.5275 0.6025 0.03 0.1025
0 0.1975 0.92125 0.025 0.06375
0 0.4925 0.59875 0.02625 0.10125
0 0.45625 0.6 0.02375 0.09875
0 0.41625 0.60625 0.02375 0.075
0 0.3825 0.605 0.02875 0.07875
0 0.345 0.60125 0.025 0.08125
0 0.7425 0.66375 0.03 0.10875
0 0.48625 0.71375 0.02625 0.0975
0 0.725 0.79375 0.02875 0.1
0 0.5575 0.7225 0.03125 0.1025
0 0.4825 0.825 0.03125 0.08875
0 0.13875 0.9175 0.02125 0.065
0 0.4475 0.82375 0.0275 0.0875
0 0.41125 0.82 0.02875 0.09
0 0.37875 0.81875 0.03125 0.09125
0 0.345 0.815 0.02875 0.08875
0 0.3125 0.81375 0.02625 0.09375
0 0.21625 0.825 0.02625 0.09125
0 0.18375 0.825 0.02625 0.09375
0 0.15 0.82125 0.025 0.08375
0 0.84875 0.9275 0.045 0.115
0 0.80125 0.92125 0.04 0.11625
0 0.76 0.92375 0.0325 0.11
0 0.72 0.92 0.03375 0.1075
0 0.685 0.92 0.02125 0.1075
0 0.86625 0.80375 0.01625 0.09125
0 0.8325 0.80125 0.0275 0.1025
0 0.7975 0.7975 0.0325 0.10375
0 0.16875 0.9175 0.02375 0.065
0 0.76 0.79875 0.03375 0.1
0 0.5175 0.82625 0.02875 0.09125
0 0.69 0.7925 0.02625 0.095
0 0.59375 0.7225 0.03375 0.10125
0 0.52 0.71875 0.0275 0.09625
0 0.59 0.83375 0.0275 0.09
0 0.4125 0.71 0.03 0.1
0 0.32875 0.915 0.0275 0.09125
0 0.34625 0.255 0.03375 0.09375
0 0.385 0.255 0.03 0.0925
0 0.425 0.25875 0.02875 0.09375
0 0.465 0.26 0.02875 0.0925
0 0.5075 0.26125 0.02875 0.08875
0 0.5475 0.26125 0.03125 0.09
0 0.58875 0.26375 0.03125 0.0925
0 0.63 0.26625 0.0325 0.09375
0 0.7275 0.26875 0.02125 0.08125
0 0.75875 0.27375 0.02125 0.0775
0 0.79125 0.275 0.025 0.08
0 0.82375 0.27375 0.025 0.0825
0 0.85875 0.2725 0.0275 0.07875
0 0.16625 0.3675 0.0325 0.095
0 0.205 0.37375 0.03875 0.0975
0 0.31 0.36875 0.035 0.09
0 0.34875 0.365 0.03125 0.09875
0 0.385 0.375 0.03 0.08125
0 0.42375 0.3725 0.03 0.08375
0 0.46125 0.37625 0.0325 0.08625
0 0.50375 0.38125 0.03 0.085
0 0.5425 0.38125 0.02625 0.0875
0 0.5825 0.385 0.03 0.08875
0 0.30625 0.25375 0.03375 0.09375
0 0.2275 0.93875 0.02 0.03625
0 0.2075 0.2575 0.0225 0.09375
0 0.8425 0.14625 0.0375 0.0975
0 0.31125 0.6 0.03375 0.085
0 0.36625 0.91625 0.0325 0.09125
0 0.4075 0.92 0.03375 0.09125
0 0.44625 0.92125 0.03 0.08875
0 0.485 0.9225 0.03625 0.08875
0 0.5275 0.92625 0.035 0.0875
0 0.5675 0.93 0.0325 0.09125
0 0.1375 0.25375 0.0225 0.09625
0 0.1375 0.37 0.0225 0.0975
0 0.86375 0.53125 0.0225 0.13
0 0.16125 0.135 0.0375 0.10625
0 0.20125 0.13375 0.02875 0.11375
0 0.3 0.14 0.03 0.0925
0 0.34 0.14 0.035 0.09375
0 0.385 0.1425 0.03125 0.0925
0 0.42375 0.145 0.03 0.0975
0 0.465 0.1475 0.03625 0.09375
0 0.51 0.1475 0.0275 0.09375
0 0.5525 0.1475 0.03 0.09875
0 0.59625 0.14875 0.03 0.09875
0 0.63875 0.15125 0.035 0.0975
0 0.76 0.145 0.025 0.0925
0 0.8 0.14625 0.03375 0.09375
0 0.17125 0.255 0.03625 0.09375
0 0.20875 0.605 0.03 0.09875
0 0.7075 0.37875 0.02375 0.09
0 0.83125 0.53125 0.03125 0.1175
0 0.77 0.38375 0.02625 0.08625
0 0.80125 0.39625 0.02125 0.07375
0 0.83375 0.39875 0.02 0.06875
0 0.86125 0.4 0.02625 0.06625
0 0.13875 0.485 0.02625 0.08375
0 0.17125 0.48625 0.03125 0.08625
0 0.21 0.49 0.03 0.0825
0 0.32 0.47875 0.0275 0.08125
0 0.35375 0.48125 0.03125 0.07875
0 0.39125 0.4825 0.03 0.0825
0 0.43 0.485 0.02875 0.08
0 0.46625 0.48875 0.025 0.08375
0 0.505 0.49125 0.02625 0.0825
0 0.7375 0.385 0.02375 0.0875
0 0.5425 0.49125 0.0275 0.085
0 0.62125 0.4975 0.0275 0.0825
0 0.71625 0.52375 0.0325 0.115
0 0.75625 0.52375 0.035 0.11625
0 0.79125 0.52625 0.02875 0.12
0 0.14 0.6 0.03 0.09375
0 0.17375 0.6025 0.03 0.095
0 0.57875 0.495 0.03 0.0825