0 0.65875 0.43625 0.02125 0.02375
0 0.635 0.44625 0.0175 0.045
0 0.6175 0.43875 0.01125 0.0575
0 0.68375 0.4375 0.02125 0.02125
0 0.46375 0.6275 0.025 0.05
0 0.60375 0.4475 0.01 0.04625
0 0.59 0.45 0.01375 0.05
0 0.4675 0.46 0.0175 0.03875
0 0.54875 0.4625 0.0175 0.03625
0 0.52875 0.4625 0.0175 0.0375
0 0.5075 0.46125 0.01875 0.0375
0 0.4875 0.4625 0.01875 0.0375
0 0.4475 0.46 0.01875 0.03875
0 0.42875 0.46125 0.0175 0.03625
0 0.7125 0.43625 0.03 0.02
0 0.40375 0.46125 0.025 0.0375
0 0.5675 0.4625 0.01875 0.035
0 0.715 0.45875 0.025 0.0175
0 0.33 0.6175 0.02625 0.02875
0 0.65875 0.46 0.02625 0.02
0 0.43875 0.6275 0.02625 0.05
0 0.3025 0.64625 0.02625 0.02375
0 0.33 0.6475 0.02875 0.02
0 0.35875 0.6425 0.02375 0.03
0 0.35875 0.60625 0.025 0.025
0 0.40375 0.4325 0.02375 0.01375
0 0.30125 0.62 0.0275 0.025
0 0.2525 0.69 0.06 0.23125
0 0.40375 0.5375 0.0225 0.06375
0 0.37625 0.53875 0.02375 0.06125
0 0.345 0.53625 0.0225 0.07
0 0.32125 0.53625 0.0225 0.0675
0 0.28375 0.5475 0.04625 0.04375
0 0.7625 0.44125 0.01375 0.05
0 0.745 0.44 0.015 0.04875
0 0.7125 0.41625 0.0225 0.0175
0 0.685 0.415 0.02625 0.0175
0 0.68625 0.46 0.025 0.01875
0 0.37625 0.41375 0.02625 0.02125
0 0.605 0.35625 0.0275 0.0725
0 0.37375 0.44 0.02625 0.02625
0 0.3275 0.34 0.0275 0.03
0 0.35875 0.335 0.02625 0.03375
0 0.3275 0.37125 0.03 0.03
0 0.29625 0.37125 0.0275 0.0275
0 0.26375 0.36875 0.0275 0.02875
0 0.23375 0.36875 0.02 0.03125
0 0.2325 0.33875 0.02375 0.025
0 0.74375 0.09 0.0675 0.10625
0 0.52 0.095 0.05 0.06875
0 0.41875 0.08625 0.05125 0.075
0 0.36625 0.0625 0.05125 0.11875
0 0.315 0.0625 0.04625 0.1125
0 0.28 0.11 0.0175 0.0225
0 0.49125 0.63375 0.02 0.04125
0 0.5125 0.64625 0.01875 0.01625
0 0.515 0.6275 0.01875 0.015
0 0.53625 0.61375 0.02 0.01625
0 0.535 0.63875 0.02375 0.0325
0 0.56125 0.60625 0.02375 0.025
0 0.2975 0.34125 0.03 0.0275
0 0.29375 0.31125 0.0275 0.03
0 0.3275 0.31 0.02875 0.025
0 0.40375 0.3475 0.0275 0.02625
0 0.34875 0.455 0.02125 0.05125
0 0.32625 0.455 0.01875 0.04875
0 0.3025 0.46625 0.01875 0.03125
0 0.27625 0.46 0.02875 0.045
0 0.7725 0.265 0.0175 0.04625
0 0.77375 0.345 0.015 0.055
0 0.72125 0.36375 0.025 0.06375
0 0.6925 0.3625 0.01875 0.06375
0 0.6725 0.3825 0.0175 0.02375
0 0.375 0.46875 0.025 0.025
0 0.65375 0.38125 0.01625 0.02
0 0.57875 0.37125 0.02125 0.04125
0 0.52 0.3625 0.015 0.055
0 0.505 0.365 0.015 0.04875
0 0.44125 0.38 0.02 0.02
0 0.4625 0.37875 0.0175 0.02
0 0.48375 0.3575 0.01875 0.05875
0 0.46125 0.35375 0.0175 0.02625
0 0.44125 0.35625 0.02 0.0225
0 0.405 0.375 0.025 0.025
0 0.6325 0.36 0.025 0.0625
0 0.3575 0.37 0.0275 0.03125
0 0.49 0.6 0.02 0.01875
0 0.43125 0.7225 0.02125 0.0275
0 0.6 0.6975 0.02 0.0525
0 0.635 0.69875 0.025 0.04625
0 0.66125 0.69875 0.02 0.0525
0 0.685 0.6975 0.02125 0.05375
0 0.72375 0.70375 0.02375 0.0525
0 0.7475 0.695 0.02 0.06875
0 0.76875 0.695 0.01375 0.07
0 0.29375 0.79125 0.02 0.06625
0 0.3325 0.81 0.04625 0.03625
0 0.3775 0.80625 0.03875 0.03125
0 0.42375 0.8075 0.045 0.03125
0 0.43 0.7725 0.03625 0.0225
0 0.58125 0.695 0.0125 0.055
0 0.39125 0.76875 0.04125 0.02375
0 0.475 0.7625 0.0425 0.02125
0 0.47875 0.79625 0.04 0.0325
0 0.52625 0.7975 0.0375 0.02875
0 0.575 0.7875 0.04375 0.04875
0 0.60875 0.78625 0.01625 0.0525
0 0.63125 0.785 0.02125 0.04125
0 0.67375 0.78125 0.05125 0.0575
0 0.72 0.78375 0.0225 0.0475
0 0.4025 0.7225 0.02625 0.02625
0 0.745 0.78 0.02625 0.02125
0 0.74625 0.8025 0.025 0.01875
0 0.77125 0.78625 0.01375 0.0475
0 0.3375 0.775 0.045 0.02375
0 0.5375 0.72625 0.0175 0.01375
0 0.51875 0.72625 0.0175 0.015
0 0.56125 0.7075 0.02125 0.0175
0 0.3775 0.725 0.0225 0.03
0 0.35 0.70625 0.02 0.06375
0 0.3225 0.71 0.02 0.065
0 0.29875 0.70875 0.02125 0.06875
0 0.5625 0.6275 0.0225 0.01625
0 0.56125 0.64625 0.01875 0.01625
0 0.585 0.64625 0.01875 0.0175
0 0.58625 0.6225 0.0175 0.025
0 0.60375 0.6275 0.0125 0.0475
0 0.62 0.6275 0.01375 0.04625
0 0.63375 0.62625 0.0125 0.0475
0 0.6475 0.62625 0.01125 0.0475
0 0.56125 0.725 0.02125 0.0125
0 0.68375 0.64 0.01875 0.01875
0 0.6625 0.62625 0.01625 0.04625
0 0.61375 0.59125 0.01375 0.01125
0 0.53875 0.70875 0.01875 0.01625
0 0.51625 0.7075 0.02 0.01875
0 0.49 0.71125 0.02875 0.04875
0 0.68375 0.6175 0.01875 0.0225
0 0.37875 0.69375 0.0225 0.02625
0 0.45875 0.71125 0.02875 0.04875
0 0.43 0.6925 0.02375 0.03
0 0.76375 0.62625 0.03 0.03375
0 0.7325 0.63375 0.02 0.02
0 0.70875 0.64 0.02 0.01875
0 0.71 0.6175 0.0175 0.02375
0 0.40375 0.6925 0.02375 0.03