0 0.505 0.78375 0.0575 0.01
0 0.5625 0.79 0.05875 0.01625
0 0.5075 0.7225 0.04625 0.0175
0 0.50625 0.73875 0.05 0.015
0 0.505 0.75375 0.0475 0.015
0 0.50125 0.77 0.05375 0.01625
0 0.505 0.79375 0.055 0.01
0 0.43875 0.81875 0.0525 0.015
0 0.5025 0.80875 0.05625 0.01875
0 0.38125 0.745 0.05125 0.015
0 0.38375 0.72875 0.05125 0.015
0 0.56125 0.77625 0.06125 0.01
0 0.4375 0.80375 0.0475 0.015
0 0.44 0.78875 0.05125 0.0125
0 0.4425 0.77625 0.05125 0.01375
0 0.445 0.75875 0.05375 0.015
0 0.56 0.805 0.05625 0.0125
0 0.55875 0.76375 0.05875 0.015
0 0.38375 0.76375 0.055 0.015
0 0.56375 0.735 0.05875 0.015
0 0.5775 0.65375 0.0575 0.00875
0 0.58625 0.64125 0.0625 0.0125
0 0.58625 0.62625 0.06375 0.01625
0 0.56875 0.595 0.05625 0.015
0 0.31375 0.82375 0.06125 0.01125
0 0.31375 0.8125 0.0575 0.01125
0 0.3125 0.7975 0.05875 0.0125
0 0.31125 0.7825 0.065 0.0125
0 0.315 0.7675 0.0625 0.0125
0 0.31875 0.74875 0.0625 0.015
0 0.31875 0.73125 0.06625 0.01375
0 0.38125 0.82 0.055 0.015
0 0.37875 0.805 0.05375 0.01125
0 0.37875 0.79125 0.0525 0.01125
0 0.38125 0.78 0.05 0.01
0 0.445 0.725 0.0525 0.015
0 0.56625 0.71875 0.05375 0.01625
0 0.56125 0.74875 0.0525 0.01125
0 0.44375 0.7425 0.04875 0.01375
0 0.32875 0.61125 0.05375 0.01375
0 0.38875 0.5225 0.055 0.015
0 0.32 0.22625 0.055 0.025
0 0.3175 0.24875 0.06 0.0175
0 0.605 0.365 0.05625 0.02125
0 0.5925 0.3425 0.06625 0.0175
0 0.315 0.555 0.06875 0.01875
0 0.32 0.53875 0.06 0.015
0 0.32 0.52 0.0625 0.02125
0 0.32125 0.5 0.06 0.01625
0 0.3225 0.485 0.06125 0.0125
0 0.3225 0.47 0.0625 0.01875
0 0.385 0.5525 0.0575 0.015
0 0.3875 0.53875 0.05375 0.01375
0 0.38875 0.50625 0.055 0.015
0 0.39 0.4875 0.05125 0.02
0 0.39125 0.4675 0.05875 0.01875
0 0.4575 0.56 0.065 0.01875
0 0.45875 0.54625 0.06375 0.0075
0 0.45625 0.53375 0.05875 0.01375
0 0.4575 0.52125 0.0575 0.01375
0 0.455 0.50625 0.05125 0.01375
0 0.4575 0.4925 0.0475 0.0125
0 0.4575 0.475 0.04875 0.0225
0 0.51875 0.5575 0.05375 0.01875
0 0.5225 0.54 0.04875 0.01625
0 0.5225 0.52625 0.05125 0.01125
0 0.52375 0.51 0.04875 0.0175
0 0.5225 0.495 0.04625 0.0075
0 0.52 0.48625 0.05 0.01
0 0.5175 0.4725 0.04375 0.01625
0 0.39375 0.28875 0.06625 0.01375
0 0.38875 0.2725 0.05625 0.0175
0 0.38875 0.25375 0.05375 0.01875
0 0.3925 0.235 0.06125 0.01625
0 0.46375 0.3375 0.055 0.02
0 0.5225 0.41 0.065 0.01375
0 0.52625 0.39375 0.0575 0.0175
0 0.5275 0.375 0.06 0.0175
0 0.52625 0.35875 0.0625 0.01375
0 0.5225 0.3425 0.05625 0.01875
0 0.59 0.41 0.0625 0.015
0 0.595 0.39625 0.0525 0.01375
0 0.60125 0.3825 0.065 0.0125
0 0.51625 0.4275 0.06625 0.0175
0 0.4575 0.4275 0.0525 0.0175
0 0.3925 0.425 0.0625 0.015
0 0.32125 0.335 0.05375 0.0225
0 0.32 0.355 0.05625 0.01625
0 0.58125 0.55875 0.06125 0.01625
0 0.31875 0.37375 0.05375 0.01625
0 0.32 0.40375 0.05875 0.01375
0 0.3175 0.42125 0.06125 0.01875
0 0.61375 0.24 0.05875 0.02375
0 0.6175 0.26125 0.0575 0.015
0 0.61375 0.27875 0.0625 0.01625
0 0.60125 0.29625 0.06125 0.015
0 0.54125 0.2375 0.0675 0.01875
0 0.545 0.2575 0.065 0.0175
0 0.545 0.275 0.06375 0.015
0 0.5325 0.2925 0.065 0.015
0 0.455 0.23875 0.06 0.01625
0 0.45125 0.25875 0.0525 0.02
0 0.4525 0.275 0.05 0.0125
0 0.46 0.29125 0.06125 0.015
0 0.32125 0.38875 0.055 0.0175
0 0.46375 0.35625 0.05625 0.0175
0 0.58375 0.5425 0.05625 0.015
0 0.3175 0.26875 0.06125 0.02125
0 0.4475 0.6725 0.04875 0.015
0 0.44875 0.6575 0.05125 0.015
0 0.445 0.64125 0.0525 0.0125
0 0.4475 0.6275 0.0525 0.01625
0 0.45125 0.6075 0.05 0.01625
0 0.505 0.6875 0.055 0.015
0 0.58625 0.5275 0.06125 0.01375
0 0.5075 0.65375 0.06 0.01125
0 0.5125 0.63875 0.0525 0.01625
0 0.51125 0.62375 0.05 0.01375
0 0.58375 0.4275 0.06625 0.015
0 0.3925 0.4075 0.06 0.01625
0 0.5075 0.60875 0.05625 0.01375
0 0.5675 0.6825 0.0625 0.01375
0 0.57 0.66875 0.0575 0.01375
0 0.395 0.39 0.06 0.01875
0 0.395 0.3725 0.06125 0.01625
0 0.39375 0.35375 0.06 0.02
0 0.39375 0.3325 0.06125 0.02
0 0.45875 0.4075 0.05625 0.0175
0 0.46 0.3925 0.05375 0.01375
0 0.44375 0.68875 0.055 0.0175
0 0.38625 0.61125 0.05625 0.01625
0 0.505 0.67 0.055 0.01875
0 0.385 0.64625 0.04875 0.01125
0 0.315 0.28625 0.0675 0.0125
0 0.3875 0.63 0.055 0.01875
0 0.58375 0.515 0.06125 0.01
0 0.57875 0.5025 0.04625 0.0125
0 0.57875 0.4875 0.0475 0.0175
0 0.58 0.47125 0.04875 0.01375
0 0.31625 0.6975 0.06875 0.01875
0 0.46375 0.37625 0.05875 0.01625
0 0.31875 0.66625 0.0625 0.0225
0 0.32 0.6825 0.06375 0.00875
0 0.38375 0.68 0.05875 0.015
0 0.38375 0.69375 0.06 0.01375
0 0.3825 0.6625 0.05375 0.01875
0 0.3275 0.62875 0.05625 0.0175
0 0.325 0.64625 0.05 0.0175