0 0.38625 0.88125 0.04625 0.0375
0 0.42875 0.88 0.03625 0.0425
0 0.43375 0.7825 0.0275 0.04625
0 0.4025 0.8175 0.03375 0.0525
0 0.23125 0.35125 0.035 0.03375
0 0.15 0.89125 0.05 0.02375
0 0.27 0.34875 0.035 0.03125
0 0.4675 0.83125 0.0375 0.12375
0 0.23625 0.31375 0.035 0.0325
0 0.1975 0.315 0.03625 0.0325
0 0.19375 0.35 0.03625 0.0325
0 0.15 0.34125 0.0475 0.04625
0 0.58125 0.32875 0.04125 0.0725
0 0.6275 0.3325 0.0375 0.06
0 0.67 0.33 0.045 0.06
0 0.71125 0.34375 0.02375 0.03
0 0.22625 0.88375 0.0775 0.02875
0 0.745 0.32625 0.03 0.06875
0 0.835 0.2 0.08 0.03625
0 0.83625 0.16125 0.0775 0.04
0 0.81625 0.11125 0.1175 0.0425
0 0.83625 0.24 0.07625 0.04
0 0.8225 0.28625 0.1025 0.03875
0 0.8575 0.3825 0.03375 0.09
0 0.39625 0.77375 0.03125 0.03375
0 0.31375 0.815 0.1075 0.085
0 0.15375 0.8375 0.0575 0.02875
0 0.155 0.86625 0.05875 0.02
0 0.145 0.465 0.02375 0.065
0 0.5125 0.8525 0.04375 0.0725
0 0.59625 0.5575 0.04 0.06875
0 0.64875 0.8275 0.03375 0.115
0 0.295 0.555 0.015 0.02375
0 0.37 0.5925 0.03875 0.0375
0 0.3225 0.59875 0.04125 0.0225
0 0.2525 0.58625 0.0425 0.00875
0 0.25 0.57375 0.04125 0.01375
0 0.24625 0.60125 0.045 0.01375
0 0.20375 0.58625 0.02 0.03375
0 0.15375 0.59875 0.0425 0.015
0 0.1675 0.57125 0.04125 0.01
0 0.1725 0.55875 0.0425 0.0125
0 0.23625 0.525 0.0325 0.0125
0 0.185 0.5375 0.0425 0.01375
0 0.80625 0.385 0.06625 0.09125
0 0.7625 0.48 0.0425 0.00875
0 0.7625 0.47 0.04125 0.0075
0 0.73625 0.43375 0.04 0.05
0 0.69125 0.43875 0.03625 0.07
0 0.6525 0.43875 0.02125 0.08125
0 0.61125 0.4475 0.045 0.07
0 0.55 0.4575 0.0475 0.055
0 0.50375 0.4525 0.03875 0.06625
0 0.4625 0.46 0.04125 0.0575
0 0.41875 0.46 0.0425 0.05625
0 0.36625 0.46875 0.04875 0.0375
0 0.315 0.455 0.03875 0.07125
0 0.27 0.43875 0.03375 0.10375
0 0.23125 0.46125 0.02875 0.0725
0 0.2075 0.45625 0.015 0.06375
0 0.2725 0.3125 0.02625 0.03125
0 0.425 0.595 0.05125 0.0275
0 0.465 0.57 0.03 0.075
0 0.50875 0.55375 0.055 0.08625
0 0.55875 0.58125 0.0325 0.04625
0 0.61125 0.85125 0.03125 0.06875
0 0.74375 0.82375 0.025 0.08875
0 0.7125 0.82125 0.03625 0.11
0 0.82375 0.87 0.1 0.0375
0 0.82875 0.83125 0.09 0.0375
0 0.84375 0.7825 0.0625 0.0525
0 0.825 0.705 0.1 0.09
0 0.74375 0.68625 0.03625 0.04625
0 0.7025 0.68625 0.0325 0.0475
0 0.6175 0.66625 0.035 0.01875
0 0.62125 0.69375 0.03625 0.0325
0 0.57875 0.6725 0.0375 0.0875
0 0.535 0.67375 0.0425 0.0825
0 0.495 0.675 0.03125 0.08625
0 0.5625 0.85125 0.05125 0.06875
0 0.46 0.67625 0.035 0.0875
0 0.38 0.6825 0.0425 0.0825
0 0.33875 0.68125 0.03625 0.08375
0 0.30625 0.67625 0.02 0.0925
0 0.2825 0.67625 0.0225 0.08625
0 0.1875 0.70875 0.0525 0.0475
0 0.25 0.7025 0.04125 0.02125
0 0.2525 0.66625 0.02375 0.0175
0 0.21 0.65625 0.04125 0.0175
0 0.15875 0.65875 0.05 0.00625
0 0.83 0.53 0.08875 0.1375
0 0.71875 0.5225 0.03625 0.04
0 0.72875 0.57625 0.04625 0.0525
0 0.6725 0.55125 0.04 0.0675
0 0.635 0.5575 0.0325 0.06875
0 0.4225 0.68875 0.0375 0.06375
0 0.30875 0.33 0.03375 0.065
0 0.175 0.4625 0.03125 0.06875
0 0.4525 0.34375 0.03375 0.035
0 0.3575 0.32625 0.05 0.07375
0 0.14125 0.175 0.03125 0.11875
0 0.19875 0.185 0.02 0.09
0 0.22 0.17875 0.02125 0.10625
0 0.2475 0.17375 0.035 0.115
0 0.30875 0.1725 0.02875 0.11625
0 0.3375 0.17375 0.0275 0.11375
0 0.3675 0.17125 0.02625 0.1225
0 0.395 0.1825 0.025 0.09875
0 0.43 0.2025 0.04125 0.05
0 0.465 0.2125 0.01875 0.03625
0 0.46375 0.17625 0.02 0.035
0 0.27875 0.17125 0.0225 0.11875
0 0.51625 0.16875 0.025 0.11875
0 0.48875 0.17125 0.0275 0.11625
0 0.46 0.28875 0.06 0.0625
0 0.765 0.19875 0.0525 0.0575
0 0.40875 0.33375 0.0425 0.0575
0 0.66375 0.205 0.045 0.04875
0 0.71 0.20375 0.04625 0.04625
0 0.655 0.15625 0.04625 0.045
0 0.58625 0.1675 0.04875 0.04
0 0.625 0.20875 0.02375 0.03875
0 0.58625 0.20875 0.05125 0.04
0 0.545 0.17125 0.02875 0.115
0 0.7025 0.15625 0.04625 0.04375