0 0.6025 0.19875 0.0425 0.1275
0 0.2475 0.345 0.01625 0.07
0 0.26625 0.34625 0.01625 0.07125
0 0.28625 0.3425 0.02 0.08
0 0.3025 0.34875 0.01125 0.07125
0 0.32625 0.35 0.03 0.0725
0 0.35375 0.355 0.01125 0.0675
0 0.37 0.3575 0.0175 0.07125
0 0.38875 0.3575 0.01625 0.07125
0 0.40375 0.3575 0.01 0.07125
0 0.42375 0.36 0.0175 0.0675
0 0.47375 0.3625 0.01375 0.07625
0 0.495 0.34625 0.02625 0.11125
0 0.44 0.36 0.01125 0.0725
0 0.52875 0.35 0.0375 0.1125
0 0.56625 0.34625 0.03125 0.1175
0 0.6025 0.36625 0.03625 0.0925
0 0.6375 0.36875 0.0275 0.09
0 0.6675 0.3725 0.03 0.08625
0 0.22875 0.3425 0.01875 0.06875
0 0.21 0.34375 0.01625 0.07
0 0.1925 0.34125 0.015 0.0675
0 0.17125 0.33875 0.0175 0.06375
0 0.1975 0.25625 0.0275 0.02
0 0.22625 0.24125 0.02875 0.04875
0 0.27625 0.24 0.0225 0.05
0 0.2975 0.2575 0.0175 0.01375
0 0.1325 0.24625 0.01375 0.0475
0 0.32625 0.2 0.0325 0.1275
0 0.36 0.23875 0.025 0.05
0 0.3875 0.2225 0.025 0.08375
0 0.41625 0.22375 0.03 0.085
0 0.4475 0.20875 0.02625 0.10625
0 0.47625 0.1975 0.0275 0.1325
0 0.5125 0.2025 0.04125 0.125
0 0.5575 0.2 0.04375 0.125
0 0.83875 0.8525 0.02875 0.1725
0 0.65 0.18125 0.05 0.16125
0 0.6925 0.21125 0.0325 0.09875
0 0.75125 0.2125 0.0675 0.09875
0 0.14 0.33625 0.01625 0.06375
0 0.155 0.34 0.01125 0.0625
0 0.7025 0.3675 0.0325 0.1025
0 0.74 0.37 0.035 0.1075
0 0.13125 0.45625 0.01125 0.0525
0 0.14875 0.4625 0.0225 0.05875
0 0.39375 0.60375 0.03 0.05875
0 0.4325 0.60625 0.0325 0.05875
0 0.48625 0.62625 0.0375 0.07875
0 0.5325 0.63375 0.03375 0.06625
0 0.56625 0.645 0.02125 0.07
0 0.59875 0.65625 0.03875 0.09375
0 0.64875 0.6575 0.04125 0.08625
0 0.695 0.66875 0.04375 0.08875
0 0.73 0.68125 0.02125 0.0625
0 0.7775 0.65 0.02375 0.15
0 0.80375 0.65125 0.0225 0.15375
0 0.835 0.65625 0.03625 0.14375
0 0.14125 0.60875 0.02875 0.05875
0 0.1725 0.6225 0.02375 0.05125
0 0.1975 0.63125 0.01625 0.045
0 0.25125 0.63625 0.01125 0.02875
0 0.27 0.65625 0.02375 0.045
0 0.29875 0.67 0.0275 0.0475
0 0.36 0.68375 0.02125 0.045
0 0.36875 0.58875 0.0175 0.05625
0 0.16 0.25875 0.03 0.02375
0 0.33625 0.58875 0.03 0.06
0 0.26375 0.565 0.01875 0.06
0 0.18125 0.46125 0.00875 0.055
0 0.23125 0.47625 0.03625 0.0725
0 0.30125 0.4825 0.01 0.0525
0 0.31 0.48125 0.00625 0.06125
0 0.32875 0.4925 0.0275 0.07
0 0.375 0.4975 0.02125 0.06375
0 0.4025 0.495 0.0275 0.075
0 0.43125 0.5 0.0225 0.075
0 0.45875 0.50625 0.0275 0.075
0 0.49 0.5125 0.03125 0.08125
0 0.5375 0.5175 0.035 0.07875
0 0.59125 0.52125 0.03 0.0775
0 0.62 0.5275 0.02 0.08375
0 0.65375 0.53875 0.045 0.0925
0 0.70125 0.5475 0.04125 0.09
0 0.73625 0.555 0.02625 0.09125
0 0.13625 0.5425 0.02125 0.05125
0 0.155 0.5425 0.00875 0.04375
0 0.1725 0.5475 0.025 0.05
0 0.29375 0.5675 0.02375 0.0625
0 0.85875 0.36875 0.0325 0.1975
0 0.81875 0.37125 0.035 0.20875
0 0.44375 0.80875 0.055 0.09625
0 0.43875 0.7225 0.03125 0.065
0 0.47875 0.72 0.0325 0.06625
0 0.5175 0.73125 0.03125 0.0725
0 0.585 0.75875 0.035 0.05625
0 0.6825 0.79125 0.035 0.07125
0 0.71625 0.7975 0.01875 0.065
0 0.6525 0.7475 0.01875 0.04875
0 0.14 0.66 0.03 0.03625
0 0.81125 0.85375 0.0225 0.16125
0 0.785 0.84625 0.0225 0.15125
0 0.7575 0.835 0.02625 0.14625
0 0.60375 0.875 0.105 0.145
0 0.50875 0.8425 0.05625 0.10625
0 0.1625 0.70625 0.075 0.05375
0 0.3675 0.8025 0.08625 0.0475
0 0.3875 0.6925 0.02875 0.05375
0 0.32875 0.75 0.12 0.05125
0 0.235 0.7275 0.0625 0.07125