0 0.7625 0.37 0.0225 0.0175
0 0.7575 0.38625 0.02625 0.01125
0 0.815 0.3625 0.0175 0.04
0 0.71375 0.46125 0.0325 0.01125
0 0.585 0.4075 0.0325 0.03375
0 0.67875 0.47 0.02625 0.01625
0 0.6775 0.4525 0.03625 0.01375
0 0.6425 0.46625 0.04125 0.01875
0 0.54625 0.415 0.04375 0.035
0 0.595 0.475 0.03 0.01125
0 0.595 0.46125 0.0375 0.0125
0 0.51 0.47625 0.01625 0.0325
0 0.5425 0.46875 0.025 0.0475
0 0.46625 0.47625 0.02375 0.03625
0 0.15125 0.47375 0.0525 0.12
0 0.36125 0.46875 0.0325 0.06
0 0.28 0.47625 0.04875 0.0875
0 0.2175 0.4875 0.04875 0.08125
0 0.7125 0.445 0.02875 0.01125
0 0.735 0.31375 0.015 0.01
0 0.80625 0.4375 0.03 0.00875
0 0.79875 0.31125 0.0125 0.02125
0 0.8025 0.55 0.0125 0.04125
0 0.7525 0.455 0.0275 0.01625
0 0.7525 0.43375 0.0225 0.01125
0 0.7875 0.45375 0.01625 0.00875
0 0.77125 0.4425 0.0275 0.01375
0 0.775 0.465 0.02125 0.015
0 0.7625 0.48375 0.02375 0.01375
0 0.80625 0.48125 0.02625 0.02
0 0.8425 0.4725 0.0275 0.02
0 0.83 0.4575 0.0275 0.01
0 0.81625 0.44875 0.03625 0.0125
0 0.7275 0.3175 0.01 0.00875
0 0.4225 0.475 0.05125 0.06
0 0.785 0.41625 0.025 0.01
0 0.745 0.41875 0.0425 0.015
0 0.865 0.25625 0.0175 0.025
0 0.8325 0.33875 0.01375 0.01375
0 0.86375 0.345 0.01125 0.0175
0 0.8625 0.36625 0.01125 0.01625
0 0.84 0.37125 0.01 0.00625
0 0.84625 0.355 0.01 0.01875
0 0.83125 0.35375 0.0125 0.01625
0 0.8325 0.31125 0.02375 0.0275
0 0.81875 0.3275 0.0225 0.01125
0 0.78625 0.4275 0.03375 0.01125
0 0.83625 0.2575 0.025 0.03625
0 0.62 0.51 0.02875 0.01
0 0.7025 0.22375 0.02375 0.08375
0 0.5675 0.64625 0.02 0.05125
0 0.58375 0.68625 0.03625 0.00875
0 0.6075 0.635 0.04 0.04125
0 0.64875 0.64 0.04375 0.0525
0 0.4825 0.5625 0.0275 0.055
0 0.6675 0.57375 0.03625 0.01375
0 0.66875 0.56125 0.0325 0.0125
0 0.65875 0.5275 0.04625 0.03375
0 0.535 0.66625 0.03625 0.0625
0 0.58 0.55625 0.04875 0.04
0 0.84 0.435 0.015 0.015
0 0.85375 0.42625 0.015 0.0225
0 0.73 0.72375 0.04875 0.04125
0 0.785 0.70125 0.025 0.00875
0 0.86625 0.71125 0.0175 0.02875
0 0.845 0.7025 0.01625 0.02625
0 0.81625 0.70625 0.015 0.01875
0 0.825 0.69375 0.01125 0.0275
0 0.51375 0.55375 0.0275 0.065
0 0.50375 0.67375 0.0225 0.0425
0 0.47375 0.6775 0.0375 0.06
0 0.43625 0.67875 0.02625 0.06
0 0.25 0.85125 0.06625 0.10375
0 0.2825 0.72375 0.03625 0.08
0 0.225 0.73375 0.04375 0.09
0 0.1675 0.6325 0.0475 0.06625
0 0.21375 0.62 0.05 0.0875
0 0.4825 0.77625 0.0475 0.0775
0 0.5425 0.7625 0.04 0.05
0 0.26 0.6075 0.045 0.08125
0 0.3175 0.59625 0.04 0.0825
0 0.37 0.58625 0.03875 0.08125
0 0.405 0.57125 0.03125 0.06625
0 0.57625 0.7375 0.01375 0.02625
0 0.62 0.73875 0.02875 0.02375
0 0.65625 0.71625 0.0425 0.04125
0 0.32375 0.715 0.03875 0.06875
0 0.4475 0.5775 0.035 0.0475
0 0.16375 0.86625 0.05625 0.08125
0 0.36875 0.70625 0.035 0.06375
0 0.41 0.695 0.03 0.0575
0 0.79875 0.72375 0.01875 0.02375
0 0.7725 0.7325 0.01625 0.02625
0 0.7325 0.64 0.01375 0.0225
0 0.7675 0.55875 0.01125 0.02
0 0.17 0.36875 0.02625 0.02125
0 0.3925 0.22875 0.04375 0.14875
0 0.4275 0.185 0.0225 0.0525
0 0.47125 0.2325 0.04125 0.15625
0 0.51625 0.245 0.0375 0.15875
0 0.56 0.25625 0.03625 0.17125
0 0.60625 0.2525 0.03875 0.14875
0 0.64 0.225 0.01875 0.07625
0 0.6975 0.66375 0.03375 0.015
0 0.6825 0.75875 0.04 0.0175
0 0.6425 0.76125 0.0225 0.01875
0 0.6025 0.7975 0.0175 0.0325
0 0.1375 0.18625 0.02375 0.0425
0 0.1375 0.335 0.02375 0.1025
0 0.5875 0.51875 0.02625 0.02375
0 0.54625 0.5225 0.0325 0.02
0 0.58875 0.585 0.03625 0.0125
0 0.63 0.565 0.0375 0.0475
0 0.67375 0.2325 0.0325 0.08625
0 0.2375 0.3675 0.03625 0.025
0 0.7925 0.2525 0.03875 0.04625
0 0.215 0.17625 0.04 0.0525
0 0.28625 0.2025 0.04625 0.115
0 0.7525 0.53125 0.00875 0.0125
0 0.705 0.54625 0.0125 0.01125
0 0.73375 0.55875 0.0275 0.015
0 0.715 0.5225 0.015 0.015
0 0.6975 0.505 0.015 0.0125
0 0.77875 0.5475 0.01875 0.0175
0 0.74 0.545 0.0175 0.015
0 0.75875 0.64125 0.015 0.0275
0 0.7925 0.635 0.015 0.02625
0 0.82 0.63125 0.01125 0.02625
0 0.86125 0.6175 0.0175 0.03125
0 0.86 0.54625 0.02 0.03125
0 0.68625 0.62875 0.03125 0.03625
0 0.84375 0.55375 0.01125 0.04375
0 0.8225 0.5525 0.0175 0.04375
0 0.4375 0.79625 0.0375 0.0725
0 0.40375 0.81875 0.03 0.085
0 0.35875 0.83125 0.04125 0.0875
0 0.3075 0.8275 0.0375 0.08375
0 0.33375 0.23625 0.045 0.1725
0 0.735 0.3 0.02 0.01625
0 0.13875 0.76125 0.0275 0.08125