0 0.23625 0.63125 0.05625 0.00625
0 0.29875 0.52875 0.05375 0.0125
0 0.29 0.54375 0.0525 0.015
0 0.29125 0.6175 0.05125 0.01375
0 0.345 0.57375 0.05125 0.01375
0 0.34375 0.55875 0.0525 0.01375
0 0.2925 0.63125 0.05125 0.01375
0 0.29125 0.57375 0.05375 0.01125
0 0.34625 0.5875 0.05125 0.01375
0 0.29125 0.55875 0.05 0.015
0 0.34625 0.6025 0.05125 0.01375
0 0.6275 0.64375 0.0625 0.015
0 0.345 0.63125 0.0525 0.01375
0 0.25 0.44875 0.03375 0.085
0 0.28 0.44875 0.025 0.085
0 0.31125 0.44875 0.035 0.08625
0 0.34 0.46 0.01875 0.0675
0 0.36875 0.45375 0.03375 0.0825
0 0.4025 0.45125 0.02375 0.08875
0 0.42875 0.4625 0.02375 0.065
0 0.45375 0.45875 0.025 0.07625
0 0.49125 0.47625 0.04375 0.04125
0 0.53875 0.45 0.04875 0.09875
0 0.215 0.4375 0.03375 0.10625
0 0.59 0.46625 0.04875 0.065
0 0.67 0.47375 0.03375 0.055
0 0.705 0.4425 0.02875 0.125
0 0.73875 0.4475 0.03 0.12125
0 0.2925 0.6025 0.05125 0.01375
0 0.76625 0.45375 0.02125 0.1075
0 0.7925 0.44625 0.02625 0.11875
0 0.825 0.45625 0.02875 0.09875
0 0.86 0.465 0.03 0.085
0 0.16 0.5725 0.03125 0.10625
0 0.19125 0.5775 0.03125 0.1175
0 0.63375 0.46 0.03 0.075
0 0.185 0.41875 0.015 0.1075
0 0.14875 0.415 0.04625 0.1075
0 0.83625 0.2975 0.03625 0.08125
0 0.73875 0.07875 0.09875 0.155
0 0.6275 0.085 0.11125 0.14
0 0.54 0.10125 0.055 0.10875
0 0.485 0.10125 0.05 0.10875
0 0.43 0.09875 0.05375 0.10125
0 0.37625 0.09625 0.05 0.1025
0 0.30625 0.0775 0.0775 0.13875
0 0.24125 0.09125 0.04625 0.1125
0 0.1925 0.09125 0.045 0.11
0 0.21375 0.28 0.03125 0.0925
0 0.25125 0.29125 0.03375 0.0775
0 0.2875 0.29375 0.03125 0.07625
0 0.32 0.2875 0.0325 0.08875
0 0.38625 0.265 0.055 0.16375
0 0.42875 0.285 0.0225 0.1025
0 0.45875 0.28875 0.03 0.08875
0 0.49375 0.28875 0.03625 0.0925
0 0.53125 0.2875 0.03 0.09375
0 0.5975 0.30375 0.085 0.06
0 0.67625 0.29375 0.05875 0.095
0 0.725 0.295 0.03375 0.09
0 0.75875 0.295 0.0275 0.09125
0 0.7975 0.29375 0.0375 0.09375
0 0.2375 0.58875 0.05125 0.015
0 0.2375 0.60375 0.05 0.00875
0 0.23625 0.615 0.0525 0.0075
0 0.2375 0.6225 0.05375 0.00625
0 0.6925 0.59875 0.0625 0.015
0 0.62625 0.59375 0.0625 0.015
0 0.56375 0.64125 0.0525 0.015
0 0.56375 0.62625 0.05375 0.015
0 0.56375 0.61125 0.05375 0.015
0 0.5625 0.595 0.0525 0.015
0 0.51125 0.64 0.05375 0.015
0 0.51 0.62375 0.05375 0.015
0 0.50875 0.61 0.0525 0.015
0 0.455 0.63375 0.055 0.0125
0 0.455 0.62125 0.055 0.0125
0 0.455 0.61 0.055 0.0125
0 0.45375 0.595 0.055 0.0125
0 0.45375 0.58 0.055 0.0125
0 0.45125 0.5675 0.055 0.0125
0 0.4 0.63625 0.05375 0.01125
0 0.4 0.6225 0.05125 0.01375
0 0.4 0.6075 0.05125 0.01375
0 0.4 0.5925 0.05125 0.01375
0 0.3975 0.58 0.0525 0.01375
0 0.3975 0.56625 0.0525 0.01375
0 0.39875 0.55125 0.05125 0.01375
0 0.39875 0.535 0.05125 0.01375
0 0.76 0.59875 0.0625 0.015
0 0.3475 0.6175 0.05125 0.01375
0 0.625 0.6125 0.0625 0.015
0 0.77125 0.61625 0.0575 0.015
0 0.81625 0.73375 0.07125 0.09875
0 0.7375 0.73375 0.0675 0.1025
0 0.6725 0.72875 0.05875 0.09625
0 0.61 0.72875 0.06375 0.095
0 0.54875 0.7275 0.055 0.09625
0 0.495 0.725 0.04875 0.0975
0 0.43375 0.71875 0.05875 0.08625
0 0.37375 0.71875 0.0575 0.08625
0 0.31125 0.72125 0.06375 0.09
0 0.185 0.7575 0.04375 0.00875
0 0.185 0.7475 0.04625 0.00875
0 0.1825 0.735 0.045 0.01125
0 0.185 0.7225 0.04375 0.00875
0 0.1875 0.69125 0.0475 0.04875
0 0.14125 0.7175 0.03125 0.08125
0 0.85375 0.60625 0.0325 0.0925
0 0.82125 0.60125 0.03125 0.10625
0 0.76875 0.64875 0.0625 0.015
0 0.76875 0.6325 0.0625 0.015
0 0.6975 0.65 0.0625 0.015
0 0.69875 0.63375 0.0625 0.015
0 0.2925 0.58875 0.05125 0.01375
0 0.62375 0.62875 0.0625 0.015
0 0.70875 0.61625 0.0625 0.015
0 0.835 0.08125 0.08 0.15
0 0.17875 0.245 0.03125 0.14