0 0.145 0.40625 0.04 0.07
0 0.1875 0.58375 0.0525 0.07625
0 0.14125 0.65875 0.0325 0.085
0 0.2425 0.5875 0.0525 0.07375
0 0.2425 0.6625 0.0525 0.07375
0 0.1875 0.6625 0.05 0.075
0 0.2975 0.58625 0.0525 0.0775
0 0.3525 0.5875 0.05125 0.07625
0 0.40625 0.5875 0.04875 0.07875
0 0.46125 0.58875 0.05125 0.0775
0 0.14375 0.48125 0.03625 0.07125
0 0.67125 0.9475 0.05 0.0725
0 0.35 0.405 0.05625 0.0725
0 0.19 0.48 0.035 0.06625
0 0.2375 0.485 0.055 0.0725
0 0.2375 0.40625 0.0475 0.07375
0 0.29375 0.485 0.05125 0.07
0 0.29125 0.40625 0.055 0.0725
0 0.35 0.4825 0.05 0.075
0 0.51625 0.58875 0.05 0.0775
0 0.405 0.48375 0.05125 0.07875
0 0.415 0.4075 0.04875 0.0675
0 0.46625 0.40625 0.04375 0.06875
0 0.46125 0.48375 0.0525 0.0775
0 0.5175 0.48375 0.05125 0.0775
0 0.51625 0.4075 0.05 0.0725
0 0.5725 0.4075 0.05375 0.075
0 0.19125 0.40625 0.035 0.0675
0 0.57 0.58875 0.05125 0.08125
0 0.35125 0.665 0.05 0.07125
0 0.6275 0.6725 0.05375 0.0775
0 0.405 0.76125 0.04375 0.07125
0 0.405 0.8375 0.05 0.0775
0 0.35625 0.745 0.045 0.04625
0 0.3525 0.8275 0.05 0.08625
0 0.3 0.8325 0.05125 0.07875
0 0.3025 0.755 0.0475 0.06875
0 0.24625 0.76125 0.0525 0.07125
0 0.245 0.835 0.05 0.07375
0 0.19125 0.83625 0.05125 0.075
0 0.18875 0.75875 0.05375 0.07375
0 0.1425 0.7625 0.0325 0.06875
0 0.1425 0.8325 0.035 0.07
0 0.165 0.93 0.03875 0.0675
0 0.305 0.935 0.04125 0.07
0 0.35 0.93375 0.04375 0.065
0 0.40125 0.935 0.05 0.06875
0 0.45625 0.93375 0.05 0.0675
0 0.51 0.93875 0.04625 0.06875
0 0.5625 0.94 0.04875 0.065
0 0.815 0.94875 0.11125 0.05375
0 0.725 0.94375 0.05125 0.0675
0 0.45875 0.84375 0.05 0.075
0 0.4575 0.765 0.05125 0.0775
0 0.51125 0.845 0.0525 0.075
0 0.5125 0.7675 0.0475 0.075
0 0.57 0.67 0.05 0.075
0 0.5175 0.66625 0.05125 0.07375
0 0.46125 0.665 0.05 0.07375
0 0.40625 0.665 0.05 0.07375
0 0.615 0.94125 0.05 0.06625
0 0.2975 0.66375 0.05 0.0725
0 0.685 0.59125 0.0525 0.08375
0 0.74 0.5925 0.0525 0.08125
0 0.74 0.6725 0.05625 0.075
0 0.68375 0.6725 0.04875 0.07375
0 0.6275 0.59 0.05375 0.08125
0 0.83 0.5975 0.0875 0.065
0 0.83375 0.7625 0.08 0.06375
0 0.8325 0.82625 0.08375 0.06125
0 0.735 0.77125 0.05125 0.075
0 0.73 0.85 0.055 0.07625
0 0.67625 0.845 0.04875 0.075
0 0.67625 0.7675 0.05125 0.0725
0 0.62125 0.7675 0.05 0.075
0 0.62 0.84375 0.055 0.075
0 0.565 0.84375 0.05 0.075
0 0.5675 0.7675 0.05125 0.075
0 0.82875 0.66125 0.0925 0.05625
0 0.25875 0.93125 0.04 0.06375
0 0.21125 0.93375 0.0425 0.06625
0 0.69 0.27875 0.05375 0.035
0 0.75 0.2825 0.05875 0.0325
0 0.74125 0.25125 0.0475 0.01875
0 0.68625 0.25 0.04625 0.01375
0 0.63125 0.31875 0.055 0.03625
0 0.63125 0.2875 0.04875 0.01875
0 0.515 0.32125 0.05125 0.03375
0 0.5725 0.31875 0.05875 0.0375
0 0.575 0.28 0.05125 0.0325
0 0.51875 0.28125 0.04875 0.0325
0 0.455 0.315 0.05625 0.0325
0 0.34375 0.315 0.05375 0.03625
0 0.28625 0.31625 0.05375 0.03375
0 0.2275 0.3175 0.055 0.03375
0 0.4625 0.285 0.05125 0.025
0 0.4 0.27875 0.05625 0.035
0 0.34 0.28 0.05375 0.03125
0 0.285 0.27875 0.05 0.03375
0 0.2275 0.27875 0.05375 0.035
0 0.16875 0.315 0.05125 0.03375
0 0.17 0.27875 0.05375 0.03125
0 0.1525 0.16375 0.04875 0.06625
0 0.205 0.16625 0.04875 0.065
0 0.25625 0.16375 0.04375 0.06375
0 0.7475 0.3175 0.05625 0.0325
0 0.68875 0.31625 0.05625 0.035
0 0.74625 0.4075 0.055 0.07625
0 0.74375 0.4875 0.05625 0.0775
0 0.15375 0.09125 0.05 0.0725
0 0.205 0.095 0.04875 0.0725
0 0.25375 0.09125 0.04375 0.0725
0 0.30625 0.09125 0.0475 0.07625
0 0.35625 0.0925 0.04375 0.0675
0 0.40625 0.09 0.05 0.0775
0 0.4575 0.09 0.045 0.07625
0 0.50625 0.09125 0.04625 0.07625
0 0.55875 0.09375 0.04625 0.07375
0 0.61125 0.0925 0.04875 0.0725
0 0.66375 0.09125 0.05 0.0725
0 0.30625 0.1625 0.04625 0.0625
0 0.71625 0.09 0.04625 0.07375
0 0.845 0.09125 0.05 0.06875
0 0.84375 0.16 0.05 0.06625
0 0.76625 0.16625 0.0475 0.0625
0 0.715 0.16375 0.04625 0.06625
0 0.66375 0.16375 0.05 0.065
0 0.60875 0.16375 0.0475 0.06375
0 0.5725 0.485 0.0525 0.07625
0 0.62875 0.485 0.055 0.0775
0 0.63 0.40625 0.0525 0.0775
0 0.68625 0.4875 0.05375 0.07875
0 0.6875 0.405 0.0525 0.07875
0 0.7675 0.0925 0.04875 0.075
0 0.3575 0.165 0.045 0.06375
0 0.4 0.3175 0.05 0.035
0 0.45625 0.16375 0.04625 0.065
0 0.55875 0.165 0.0475 0.06375
0 0.405 0.165 0.04625 0.06625
0 0.5075 0.16375 0.0475 0.0625