0 0.84375 0.935 0.04 0.06
0 0.2325 0.07625 0.05375 0.085
0 0.31875 0.77625 0.04375 0.07
0 0.365 0.7775 0.0425 0.06875
0 0.41625 0.7075 0.0425 0.06875
0 0.415 0.77875 0.0425 0.06625
0 0.46375 0.70875 0.045 0.065
0 0.46125 0.77875 0.04 0.0675
0 0.50875 0.70875 0.03875 0.06625
0 0.50625 0.78 0.04375 0.0675
0 0.555 0.70875 0.04375 0.06625
0 0.5525 0.77875 0.04 0.0675
0 0.6 0.70875 0.0375 0.0625
0 0.59875 0.77875 0.0375 0.0675
0 0.6425 0.71125 0.03875 0.06375
0 0.64125 0.7775 0.0375 0.065
0 0.68625 0.71125 0.04125 0.06625
0 0.32 0.705 0.045 0.06625
0 0.68375 0.78 0.0375 0.06375
0 0.26875 0.77625 0.04625 0.06625
0 0.21875 0.77625 0.045 0.0675
0 0.56875 0.54125 0.04 0.0675
0 0.56875 0.61125 0.03875 0.0625
0 0.615 0.54375 0.04 0.06875
0 0.61125 0.61125 0.03875 0.065
0 0.66 0.54375 0.045 0.0675
0 0.655 0.61375 0.04375 0.0625
0 0.705 0.545 0.04125 0.065
0 0.70375 0.615 0.04 0.0675
0 0.75125 0.54625 0.0425 0.065
0 0.74875 0.61625 0.04125 0.065
0 0.795 0.55125 0.0375 0.0675
0 0.84125 0.55125 0.04375 0.06625
0 0.79375 0.62 0.04 0.065
0 0.8375 0.62 0.04 0.06375
0 0.2225 0.705 0.04625 0.0675
0 0.27125 0.70625 0.04375 0.065
0 0.52125 0.61125 0.04125 0.07125
0 0.72875 0.71125 0.0375 0.065
0 0.7725 0.7125 0.0375 0.05875
0 0.545 0.87375 0.0375 0.065
0 0.5425 0.945 0.0375 0.0625
0 0.59 0.87375 0.04125 0.06625
0 0.58875 0.94 0.04 0.06125
0 0.63375 0.87125 0.04 0.0625
0 0.6325 0.9375 0.03625 0.06125
0 0.6775 0.87 0.03875 0.0625
0 0.67625 0.93875 0.03625 0.06375
0 0.7125 0.8575 0.02125 0.0425
0 0.71 0.91125 0.01875 0.05625
0 0.76 0.87125 0.0375 0.06375
0 0.75875 0.94 0.03875 0.06
0 0.8025 0.87125 0.04375 0.0625
0 0.8025 0.94 0.03375 0.06625
0 0.84875 0.87125 0.0375 0.0625
0 0.49625 0.94375 0.04 0.06625
0 0.72875 0.78125 0.04 0.06625
0 0.5 0.87375 0.04125 0.0675
0 0.45625 0.8725 0.04 0.065
0 0.77125 0.77875 0.03625 0.06375
0 0.81625 0.7125 0.03875 0.06125
0 0.8125 0.78 0.03875 0.065
0 0.85625 0.71375 0.03625 0.06375
0 0.85375 0.78125 0.03625 0.06625
0 0.2175 0.87625 0.04875 0.06375
0 0.21875 0.9475 0.04375 0.065
0 0.27 0.875 0.04375 0.06625
0 0.26625 0.94625 0.04 0.06375
0 0.31625 0.875 0.04375 0.06625
0 0.31375 0.94375 0.0425 0.065
0 0.3625 0.87375 0.0425 0.065
0 0.36125 0.94375 0.0425 0.06625
0 0.41 0.87125 0.0425 0.0675
0 0.4075 0.94375 0.04125 0.0675
0 0.45375 0.94125 0.03875 0.06125
0 0.52375 0.53875 0.0425 0.06625
0 0.36875 0.70625 0.04375 0.07125
0 0.47625 0.535 0.04 0.0675
0 0.38 0.23625 0.0475 0.07
0 0.42875 0.24125 0.04375 0.0725
0 0.48 0.245 0.045 0.075
0 0.5275 0.24875 0.04125 0.07625
0 0.57375 0.2525 0.03625 0.06875
0 0.62 0.25625 0.04625 0.07
0 0.45625 0.1 0.05125 0.07625
0 0.715 0.265 0.04 0.07125
0 0.75125 0.23375 0.03125 0.045
0 0.75125 0.28 0.03 0.04
0 0.80125 0.23125 0.03875 0.04125
0 0.80375 0.28125 0.04375 0.05
0 0.8525 0.22875 0.04375 0.045
0 0.85125 0.28375 0.0425 0.05125
0 0.22875 0.3375 0.05625 0.0775
0 0.3275 0.23 0.045 0.08
0 0.22625 0.41875 0.04375 0.075
0 0.2775 0.2275 0.04625 0.075
0 0.29375 0.08375 0.05 0.07875
0 0.51 0.10375 0.04625 0.07875
0 0.56375 0.11 0.05 0.075
0 0.6175 0.10375 0.04875 0.095
0 0.6675 0.11 0.04375 0.095
0 0.7175 0.115 0.04875 0.09375
0 0.76875 0.11875 0.04625 0.095
0 0.81875 0.12375 0.04875 0.0975
0 0.86 0.12625 0.0275 0.09375
0 0.29125 0.02625 0.04375 0.03
0 0.3525 0.0325 0.0475 0.0275
0 0.4025 0.04 0.04125 0.025
0 0.45625 0.04625 0.0425 0.03
0 0.51125 0.04875 0.0425 0.025
0 0.22625 0.2225 0.0425 0.08
0 0.3525 0.08625 0.05 0.07625
0 0.47625 0.60625 0.04375 0.0675
0 0.28375 0.34375 0.04375 0.0725
0 0.67 0.2625 0.0425 0.07375
0 0.33125 0.3475 0.0475 0.07375
0 0.27875 0.42 0.04875 0.075
0 0.8 0.375 0.0375 0.07375
0 0.75125 0.44625 0.0425 0.0675
0 0.79625 0.45 0.0425 0.06375
0 0.845 0.38 0.04375 0.06875
0 0.84375 0.45125 0.0425 0.065
0 0.2325 0.525 0.04625 0.0725
0 0.75625 0.37375 0.0425 0.06875
0 0.23375 0.6025 0.04875 0.07125
0 0.28375 0.6025 0.04375 0.07
0 0.335 0.5325 0.04625 0.0675
0 0.3325 0.60375 0.045 0.06875
0 0.38375 0.5325 0.04375 0.065
0 0.38 0.605 0.04375 0.0675
0 0.43125 0.535 0.0425 0.06875
0 0.4275 0.605 0.0425 0.06875
0 0.285 0.5275 0.04875 0.06875
0 0.70625 0.44375 0.04375 0.07
0 0.405 0.0925 0.04625 0.0725
0 0.47625 0.4325 0.0425 0.06875
0 0.32875 0.425 0.05 0.07625
0 0.71 0.37125 0.0425 0.06875
0 0.3825 0.35 0.04625 0.07375
0 0.38 0.42625 0.04375 0.07125
0 0.43125 0.355 0.045 0.07375
0 0.42875 0.42875 0.0475 0.07
0 0.48 0.3575 0.04375 0.07
0 0.66125 0.4425 0.04125 0.06875
0 0.6625 0.36875 0.04125 0.0675
0 0.52125 0.365 0.035 0.065
0 0.5225 0.43375 0.0425 0.06625
0 0.57 0.4375 0.0425 0.07
0 0.56375 0.365 0.04125 0.06375
0 0.61875 0.36625 0.04 0.07
0 0.61375 0.44 0.0375 0.06875