0 0.21875 0.4875 0.03125 0.10125
0 0.63 0.24 0.14 0.03
0 0.295 0.3625 0.02375 0.1
0 0.76875 0.41375 0.13875 0.0325
0 0.62875 0.20375 0.13625 0.03125
0 0.26625 0.36 0.02875 0.10375
0 0.77375 0.37875 0.14 0.0325
0 0.6325 0.27125 0.135 0.03125
0 0.37 0.32 0.12125 0.01625
0 0.37375 0.34375 0.12125 0.0275
0 0.37375 0.3725 0.1225 0.025
0 0.375 0.4025 0.12125 0.03
0 0.49875 0.34625 0.125 0.02625
0 0.4975 0.37375 0.12375 0.0275
0 0.78 0.34875 0.1475 0.02625
0 0.2375 0.36 0.0275 0.10375
0 0.20375 0.3575 0.035 0.10375
0 0.49625 0.3225 0.1275 0.0175
0 0.62875 0.375 0.135 0.03125
0 0.6275 0.40875 0.13375 0.0325
0 0.7775 0.2725 0.13875 0.03125
0 0.77875 0.23625 0.13875 0.03125
0 0.63125 0.3425 0.13875 0.0325
0 0.49875 0.405 0.12 0.03125
0 0.33375 0.115 0.14875 0.03625
0 0.2075 0.07 0.0225 0.1275
0 0.63875 0.53875 0.13375 0.03375
0 0.64 0.50375 0.1375 0.0325
0 0.625 0.475 0.1125 0.01625
0 0.6275 0.45875 0.10375 0.01125
0 0.52 0.505 0.0725 0.02375
0 0.50375 0.535 0.13125 0.02875
0 0.37875 0.53 0.115 0.02875
0 0.37875 0.5 0.115 0.02875
0 0.38125 0.47375 0.11625 0.0225
0 0.38125 0.44875 0.11625 0.02
0 0.30625 0.4875 0.02875 0.1
0 0.2775 0.48875 0.0275 0.0975
0 0.24875 0.48875 0.02625 0.0975
0 0.2025 0.22 0.035 0.12125
0 0.23625 0.22125 0.0275 0.11875
0 0.26875 0.22375 0.03375 0.12375
0 0.34875 0.235 0.1225 0.0325
0 0.23875 0.07 0.03625 0.12875
0 0.33375 0.035 0.15125 0.03875
0 0.33375 0.07625 0.15125 0.03875
0 0.47875 0.045 0.13375 0.03625
0 0.47875 0.0825 0.135 0.035
0 0.47875 0.1175 0.1375 0.03125
0 0.17375 0.07125 0.04 0.125
0 0.63375 0.03375 0.15875 0.0325
0 0.63 0.11375 0.155 0.04
0 0.79625 0.035 0.1525 0.04125
0 0.7925 0.07625 0.15375 0.03875
0 0.79 0.115 0.15375 0.03375
0 0.485 0.25 0.14625 0.07125
0 0.35 0.2675 0.1225 0.03125
0 0.63375 0.0725 0.1575 0.04125
0 0.34875 0.20125 0.12125 0.03125
0 0.63125 0.17375 0.14125 0.025
0 0.74 0.62 0.13 0.02875
0 0.3725 0.705 0.11125 0.02125
0 0.36625 0.68 0.08375 0.01875
0 0.3725 0.72875 0.1075 0.025
0 0.49125 0.70875 0.11125 0.02
0 0.4925 0.735 0.11 0.0225
0 0.6125 0.7125 0.12 0.025
0 0.61125 0.74125 0.12 0.02625
0 0.72375 0.71 0.09625 0.025
0 0.73125 0.75 0.11375 0.0325
0 0.83625 0.7125 0.07625 0.02875
0 0.835 0.73625 0.07375 0.0175
0 0.83625 0.75875 0.0725 0.02375
0 0.27875 0.8225 0.105 0.025
0 0.39375 0.80875 0.1175 0.06
0 0.505 0.805 0.1025 0.025
0 0.26875 0.7275 0.09875 0.0225
0 0.265 0.70125 0.10125 0.02375
0 0.83875 0.66 0.07125 0.03125
0 0.84 0.62625 0.06875 0.03125
0 0.74625 0.46375 0.11 0.01875
0 0.775 0.51375 0.13 0.03
0 0.77125 0.54375 0.12875 0.025
0 0.26 0.6025 0.09875 0.0275
0 0.26125 0.63125 0.09875 0.02375
0 0.3675 0.585 0.11 0.025
0 0.3675 0.60875 0.11125 0.01875
0 0.50375 0.83125 0.1 0.02125
0 0.3675 0.63375 0.11375 0.025
0 0.485 0.64 0.115 0.02625
0 0.60625 0.59125 0.11 0.02
0 0.6075 0.61375 0.1225 0.02125
0 0.60625 0.64125 0.12125 0.03
0 0.7425 0.595 0.13375 0.02
0 0.735 0.64875 0.12625 0.0275
0 0.84375 0.5975 0.0625 0.01875
0 0.485 0.60875 0.1125 0.0325
0 0.61875 0.7975 0.1175 0.025
0 0.27625 0.79125 0.10375 0.03125
0 0.495 0.905 0.0925 0.045
0 0.60875 0.84375 0.10125 0.02375
0 0.60375 0.91375 0.11125 0.01875
0 0.60375 0.89 0.1125 0.025
0 0.81625 0.94875 0.05875 0.0225
0 0.38125 0.92125 0.10375 0.0225
0 0.38125 0.895 0.10375 0.02625
0 0.28125 0.915 0.09125 0.02125
0 0.28125 0.89 0.0925 0.02375
0 0.8275 0.86 0.09375 0.03
0 0.61 0.82 0.10125 0.02125
0 0.8275 0.82875 0.0925 0.0325
0 0.72 0.82375 0.0975 0.02625
0 0.6025 0.93625 0.10875 0.02375
0 0.72375 0.90125 0.12125 0.0275
0 0.72375 0.92625 0.12 0.02
0 0.7225 0.95 0.1225 0.02125
0 0.8175 0.93 0.0625 0.01125
0 0.71875 0.85 0.10375 0.0175