0 0.26875 0.65375 0.06 0.0625
0 0.47 0.49125 0.05625 0.05625
0 0.5775 0.47625 0.03875 0.04625
0 0.6175 0.47125 0.03375 0.05
0 0.655 0.46375 0.0325 0.04875
0 0.14 0.61625 0.02625 0.06125
0 0.14125 0.6825 0.0325 0.06875
0 0.1925 0.60375 0.07375 0.045
0 0.19625 0.67 0.06875 0.05875
0 0.26625 0.5875 0.06125 0.06625
0 0.33125 0.57625 0.055 0.05875
0 0.39 0.56875 0.04625 0.05
0 0.49875 0.7725 0.1325 0.04625
0 0.33 0.6375 0.05125 0.05375
0 0.39125 0.62125 0.045 0.04875
0 0.44125 0.555 0.0425 0.05375
0 0.32 0.50875 0.17875 0.065
0 0.1725 0.5425 0.09375 0.07375
0 0.20375 0.4 0.0275 0.115
0 0.235 0.39875 0.0325 0.11125
0 0.28625 0.8625 0.04625 0.045
0 0.34625 0.835 0.05 0.05
0 0.4 0.815 0.045 0.0525
0 0.34625 0.89 0.04375 0.05
0 0.4025 0.8675 0.04875 0.04875
0 0.29 0.91375 0.0425 0.04375
0 0.29 0.96875 0.0475 0.05
0 0.4925 0.5475 0.04625 0.0525
0 0.35 0.9425 0.05 0.04625
0 0.47125 0.375 0.025 0.0825
0 0.495 0.72875 0.14 0.03875
0 0.44125 0.39625 0.025 0.0975
0 0.41375 0.4 0.03 0.1
0 0.34875 0.4 0.0275 0.1075
0 0.32125 0.39875 0.02125 0.1125
0 0.29125 0.40375 0.02875 0.115
0 0.40625 0.91875 0.0475 0.0425
0 0.5375 0.53625 0.0325 0.04875
0 0.57625 0.5275 0.035 0.04875
0 0.615 0.52 0.0325 0.04375
0 0.8025 0.6125 0.075 0.03625
0 0.74375 0.7525 0.0175 0.04
0 0.7175 0.765 0.02125 0.04375
0 0.685 0.78 0.025 0.04625
0 0.745 0.7125 0.01875 0.0325
0 0.68375 0.61375 0.03625 0.04125
0 0.7175 0.6075 0.02125 0.045
0 0.7475 0.6 0.025 0.0375
0 0.69 0.65625 0.02375 0.04
0 0.72125 0.64875 0.01625 0.0325
0 0.74625 0.64 0.02 0.0375
0 0.685 0.6975 0.02125 0.03625
0 0.71625 0.68875 0.01875 0.0375
0 0.74625 0.6775 0.025 0.03375
0 0.68625 0.7375 0.025 0.035
0 0.79875 0.6575 0.0725 0.045
0 0.7975 0.6975 0.0725 0.03375
0 0.72 0.54125 0.02875 0.04375
0 0.795 0.73875 0.06875 0.045
0 0.6525 0.5125 0.02875 0.04125
0 0.57625 0.5775 0.035 0.04125
0 0.615 0.5675 0.03 0.045
0 0.65 0.56 0.02625 0.04125
0 0.165 0.44 0.03625 0.05375
0 0.135 0.44875 0.01625 0.05875
0 0.44 0.61125 0.04625 0.0525
0 0.34625 0.78375 0.04625 0.04375
0 0.49 0.6 0.04125 0.04875
0 0.68625 0.5475 0.03 0.04
0 0.49875 0.825 0.12375 0.0375
0 0.4975 0.87375 0.12375 0.045
0 0.6125 0.67625 0.105 0.0425
0 0.6175 0.7275 0.0975 0.0525
0 0.615 0.7725 0.09625 0.035
0 0.6125 0.815 0.09625 0.0475
0 0.53625 0.5875 0.0375 0.05
0 0.28375 0.8075 0.055 0.055
0 0.615 0.37 0.02125 0.1025
0 0.6375 0.37125 0.02375 0.0925
0 0.7825 0.445 0.0275 0.04125
0 0.75125 0.45 0.02875 0.0425
0 0.14625 0.15375 0.04 0.20125
0 0.71625 0.7275 0.02125 0.02875
0 0.20625 0.155 0.065 0.19375
0 0.2725 0.16375 0.06125 0.17875
0 0.86875 0.115 0.01125 0.055
0 0.85125 0.1 0.01 0.0825
0 0.8375 0.1 0.01 0.07875
0 0.81625 0.11875 0.015 0.03875
0 0.8225 0.075 0.0225 0.04
0 0.79125 0.11 0.02125 0.04375
0 0.5 0.04375 0.06 0.0825
0 0.5475 0.0425 0.0325 0.0825
0 0.57875 0.04625 0.02875 0.09
0 0.62375 0.075 0.04 0.04875
0 0.66625 0.03125 0.0375 0.04625
0 0.7025 0.03875 0.03125 0.04625
0 0.66375 0.08375 0.03375 0.0475
0 0.69875 0.09 0.03125 0.04375
0 0.7325 0.09375 0.02875 0.04875
0 0.76125 0.10375 0.02125 0.04375
0 0.3175 0.18875 0.0225 0.1375
0 0.35 0.1825 0.03875 0.15125
0 0.38625 0.19375 0.02125 0.125
0 0.43875 0.19125 0.05375 0.1475
0 0.49375 0.20125 0.03625 0.12
0 0.7525 0.4925 0.02625 0.03875
0 0.55 0.2 0.03875 0.13125
0 0.78 0.4875 0.0225 0.03875
0 0.7775 0.5275 0.02 0.035
0 0.68375 0.3775 0.02875 0.07125
0 0.84125 0.38 0.00625 0.035
0 0.8325 0.38375 0.00625 0.0325
0 0.82125 0.38625 0.00875 0.03125
0 0.805 0.38625 0.01875 0.035
0 0.82375 0.35 0.01125 0.03125
0 0.8075 0.3525 0.0175 0.03125
0 0.855 0.3825 0.015 0.03125
0 0.85625 0.35125 0.01625 0.02875
0 0.85625 0.3175 0.0175 0.0325
0 0.85875 0.225 0.03125 0.09625
0 0.8275 0.22 0.0225 0.10875
0 0.80125 0.21625 0.025 0.11
0 0.77125 0.2175 0.03375 0.11125
0 0.75125 0.53375 0.02625 0.03875
0 0.73375 0.21625 0.03875 0.11375
0 0.3475 0.72375 0.0575 0.06125
0 0.285 0.7475 0.0575 0.06375
0 0.20375 0.945 0.09875 0.04125
0 0.1925 0.89625 0.12625 0.0525
0 0.19 0.83375 0.12625 0.05875
0 0.86 0.4325 0.02125 0.035
0 0.85875 0.4725 0.0175 0.0275
0 0.855 0.51 0.0175 0.03375
0 0.83 0.51625 0.02125 0.035
0 0.805 0.52375 0.025 0.03375
0 0.83125 0.4775 0.0225 0.0375
0 0.805 0.48375 0.02375 0.03375
0 0.63 0.22 0.03375 0.0975
0 0.59 0.2 0.03875 0.1325