0 0.48375 0.08125 0.03875 0.12875
0 0.21875 0.08875 0.0475 0.1325
0 0.2675 0.085 0.04875 0.14
0 0.31125 0.0875 0.0375 0.14375
0 0.35625 0.0875 0.05125 0.14375
0 0.4 0.0825 0.03625 0.13625
0 0.44125 0.08375 0.04375 0.13375
0 0.52875 0.08 0.05125 0.13125
0 0.66625 0.0775 0.03875 0.135
0 0.6225 0.07875 0.04625 0.1375
0 0.7125 0.0775 0.0525 0.13625
0 0.76 0.075 0.04 0.13
0 0.81 0.07875 0.04125 0.13375
0 0.855 0.07375 0.04 0.12375
0 0.835 0.23875 0.0425 0.13
0 0.7825 0.23625 0.06 0.1225
0 0.71625 0.24875 0.04 0.11125
0 0.6225 0.23625 0.04625 0.13375
0 0.58 0.2375 0.0375 0.1375
0 0.53875 0.23875 0.045 0.135
0 0.4975 0.2375 0.03625 0.1325
0 0.45875 0.2375 0.03875 0.1325
0 0.42125 0.2375 0.035 0.13
0 0.5775 0.08125 0.04375 0.13375
0 0.67125 0.2475 0.05 0.11125
0 0.23125 0.2375 0.0275 0.11875
0 0.34 0.23625 0.0375 0.13125
0 0.555 0.81875 0.0425 0.03
0 0.51 0.8175 0.04125 0.03125
0 0.5225 0.73625 0.04125 0.02125
0 0.56125 0.7375 0.03625 0.02375
0 0.555 0.785 0.0475 0.03
0 0.51 0.7825 0.04125 0.03375
0 0.4625 0.77625 0.0525 0.09
0 0.41125 0.775 0.04875 0.09125
0 0.3625 0.77 0.04875 0.0825
0 0.31375 0.765 0.04625 0.08
0 0.27 0.785 0.03875 0.0375
0 0.2275 0.78375 0.04375 0.0325
0 0.2775 0.6125 0.02875 0.03
0 0.41875 0.64 0.0425 0.04375
0 0.85 0.71 0.045 0.0575
0 0.80625 0.7075 0.0425 0.05375
0 0.75625 0.6825 0.055 0.10375
0 0.69875 0.67875 0.06125 0.09625
0 0.6475 0.6975 0.03625 0.05625
0 0.605 0.79375 0.0525 0.09125
0 0.605 0.6925 0.045 0.04625
0 0.6575 0.7675 0.04875 0.035
0 0.65625 0.83125 0.0475 0.03625
0 0.39375 0.8525 0.03125 0.04
0 0.845 0.93125 0.05875 0.08375
0 0.77375 0.9525 0.07875 0.08875
0 0.71875 0.92375 0.0275 0.085
0 0.6125 0.94625 0.02 0.04625
0 0.66375 0.94625 0.07875 0.09875
0 0.5725 0.935 0.0575 0.0975
0 0.51875 0.93875 0.0475 0.08
0 0.4575 0.915 0.0675 0.09125
0 0.40625 0.92375 0.0325 0.04
0 0.3675 0.92875 0.0375 0.05
0 0.32 0.89875 0.05125 0.10625
0 0.27 0.89125 0.04625 0.0925
0 0.22375 0.91125 0.0425 0.03875
0 0.85625 0.78625 0.03625 0.05
0 0.855 0.84 0.03875 0.05625
0 0.80875 0.81375 0.05625 0.1075
0 0.75 0.805 0.05875 0.09
0 0.6975 0.81875 0.02875 0.06
0 0.65625 0.79875 0.05 0.02625
0 0.5575 0.66875 0.05 0.095
0 0.505 0.66375 0.05375 0.08625
0 0.45625 0.68875 0.04375 0.03625
0 0.225 0.525 0.05 0.03125
0 0.22375 0.5575 0.0475 0.0325
0 0.855 0.395 0.04 0.13
0 0.8125 0.39125 0.04375 0.1375
0 0.765 0.39 0.05 0.1325
0 0.7175 0.39125 0.04375 0.13
0 0.66875 0.38875 0.0525 0.125
0 0.625 0.38375 0.03375 0.13625
0 0.58125 0.37875 0.05375 0.1275
0 0.53 0.3825 0.04625 0.12
0 0.48375 0.385 0.04375 0.125
0 0.44 0.385 0.0425 0.12625
0 0.39875 0.3825 0.04125 0.12125
0 0.35375 0.38 0.04625 0.12625
0 0.31 0.37875 0.0425 0.12375
0 0.23 0.3775 0.05125 0.11
0 0.19 0.25875 0.05 0.125
0 0.2625 0.23875 0.03375 0.11875
0 0.3 0.24 0.04 0.1225
0 0.2275 0.49 0.04625 0.035
0 0.26625 0.55625 0.035 0.035
0 0.31375 0.53 0.0525 0.0875
0 0.365 0.535 0.04875 0.095
0 0.41125 0.685 0.04375 0.02875
0 0.365 0.65375 0.0475 0.0925
0 0.3175 0.64875 0.0475 0.0825
0 0.22875 0.67 0.04375 0.03
0 0.82875 0.5225 0.06 0.0575
0 0.83875 0.58375 0.07125 0.055
0 0.76625 0.555 0.055 0.1025
0 0.71125 0.54625 0.05 0.04
0 0.71 0.58375 0.05125 0.0325
0 0.38125 0.23625 0.04375 0.13125
0 0.6575 0.54875 0.05125 0.10125
0 0.6075 0.56875 0.04 0.04625
0 0.565 0.565 0.0375 0.04125
0 0.5675 0.5175 0.04 0.05375
0 0.51875 0.53875 0.055 0.0925
0 0.465 0.5675 0.04625 0.03125
0 0.4625 0.5325 0.05 0.03625
0 0.425 0.49625 0.0425 0.0325
0 0.42 0.52875 0.03375 0.03125
0 0.4175 0.56375 0.0425 0.0275
0 0.60875 0.50125 0.03125 0.04625
0 0.2725 0.67125 0.04125 0.035
0 0.705 0.49875 0.0325 0.0325