0 0.73625 0.4725 0.01875 0.0275
0 0.3975 0.60125 0.02 0.06125
0 0.3725 0.59625 0.02 0.0525
0 0.2425 0.6625 0.015 0.03625
0 0.30625 0.62875 0.02 0.05875
0 0.28125 0.63125 0.025 0.055
0 0.7625 0.4975 0.025 0.02875
0 0.73625 0.5 0.025 0.0225
0 0.42 0.61625 0.0225 0.04875
0 0.76375 0.4675 0.03375 0.0275
0 0.33 0.62 0.02125 0.05
0 0.44 0.6 0.01375 0.06
0 0.5925 0.58625 0.02375 0.065
0 0.48375 0.595 0.02125 0.06375
0 0.51625 0.5975 0.0275 0.06375
0 0.54 0.59125 0.0175 0.06375
0 0.56375 0.59 0.0275 0.06375
0 0.61875 0.58125 0.0225 0.0525
0 0.6425 0.55 0.025 0.01625
0 0.655 0.58625 0.0175 0.05
0 0.6775 0.58 0.025 0.05625
0 0.70125 0.58125 0.02 0.04625
0 0.71125 0.49 0.02 0.04625
0 0.72125 0.58 0.015 0.04625
0 0.46 0.6 0.025 0.0625
0 0.70875 0.45625 0.02625 0.01875
0 0.74125 0.36875 0.02125 0.09125
0 0.67875 0.4775 0.035 0.025
0 0.74375 0.57875 0.01625 0.045
0 0.41125 0.27375 0.02625 0.09875
0 0.38 0.2775 0.0325 0.08875
0 0.34125 0.27625 0.03875 0.09375
0 0.30375 0.28125 0.03625 0.0875
0 0.6275 0.3825 0.015 0.0825
0 0.65 0.3825 0.025 0.0825
0 0.6725 0.3825 0.0225 0.08375
0 0.6975 0.37125 0.02625 0.0875
0 0.72125 0.37125 0.01875 0.08625
0 0.765 0.36625 0.025 0.085
0 0.33125 0.535 0.0375 0.0375
0 0.36875 0.5325 0.03125 0.0425
0 0.40375 0.52875 0.03375 0.0375
0 0.43375 0.5275 0.025 0.03625
0 0.4625 0.515 0.02125 0.05125
0 0.4825 0.505 0.015 0.06875
0 0.50125 0.5025 0.02125 0.06375
0 0.52375 0.50125 0.02125 0.06625
0 0.5425 0.49625 0.01375 0.0675
0 0.56375 0.49375 0.025 0.065
0 0.5875 0.4975 0.02 0.04625
0 0.6125 0.4975 0.0225 0.05125
0 0.6325 0.47375 0.015 0.025
0 0.64375 0.50625 0.03125 0.02625
0 0.67625 0.50375 0.03375 0.02375
0 0.77 0.575 0.02 0.05375
0 0.41625 0.82875 0.01875 0.0425
0 0.29375 0.7475 0.02125 0.05125
0 0.34 0.8475 0.02375 0.07125
0 0.365 0.82875 0.0225 0.05125
0 0.39375 0.83625 0.02375 0.0525
0 0.38875 0.795 0.02125 0.02
0 0.41625 0.7925 0.02375 0.0225
0 0.44125 0.27 0.035 0.09375
0 0.44375 0.8325 0.02625 0.05375
0 0.4425 0.78875 0.0225 0.02
0 0.4725 0.7925 0.02 0.0375
0 0.495 0.82375 0.02125 0.0575
0 0.515 0.81125 0.0175 0.06875
0 0.31375 0.8525 0.02625 0.06125
0 0.53625 0.81 0.02 0.06625
0 0.57625 0.79 0.01875 0.0625
0 0.615 0.79875 0.02375 0.06625
0 0.66625 0.7875 0.02375 0.0725
0 0.68875 0.78 0.015 0.05
0 0.72625 0.75875 0.02875 0.025
0 0.72375 0.79375 0.02625 0.035
0 0.755 0.795 0.02875 0.0325
0 0.76875 0.745 0.02375 0.02625
0 0.23375 0.8625 0.0275 0.105
0 0.27125 0.2825 0.0275 0.0925
0 0.23875 0.28375 0.035 0.09125
0 0.5575 0.79375 0.01625 0.06
0 0.7625 0.69 0.03125 0.0325
0 0.73375 0.69375 0.0225 0.0275
0 0.70875 0.69875 0.0225 0.03375
0 0.31625 0.745 0.0175 0.05125
0 0.34 0.74 0.02125 0.045
0 0.36125 0.7375 0.01875 0.04375
0 0.38125 0.73625 0.01875 0.0475
0 0.40125 0.7325 0.01875 0.04375
0 0.37375 0.69625 0.01875 0.015
0 0.39625 0.69375 0.02375 0.01875
0 0.42 0.7275 0.01875 0.05
0 0.43875 0.72625 0.0175 0.0525
0 0.4575 0.7125 0.01375 0.04375
0 0.475 0.7175 0.01875 0.045
0 0.5 0.67875 0.02875 0.0225
0 0.5 0.7075 0.025 0.0225
0 0.5025 0.72875 0.02625 0.02125
0 0.5225 0.70625 0.0125 0.04375
0 0.54 0.705 0.01875 0.045
0 0.56375 0.6925 0.02125 0.0225
0 0.56625 0.715 0.02625 0.01875
0 0.5925 0.71125 0.02375 0.01875
0 0.61625 0.7075 0.02375 0.01875
0 0.61125 0.68 0.03125 0.02625
0 0.64875 0.70625 0.03125 0.02625
0 0.62875 0.655 0.0225 0.01875
0 0.67875 0.65875 0.0375 0.02625
0 0.68 0.69875 0.03 0.035
0 0.26 0.735 0.02125 0.05125
0 0.47125 0.26875 0.01875 0.0975
0 0.6325 0.79375 0.01 0.0425
0 0.58 0.2675 0.02125 0.08125
0 0.5 0.26375 0.035 0.0875
0 0.53125 0.26375 0.02625 0.08625
0 0.60125 0.41 0.02875 0.03125
0 0.59625 0.375 0.035 0.03375
0 0.60125 0.2625 0.02 0.07375
0 0.62125 0.26125 0.01875 0.07375
0 0.64875 0.255 0.03125 0.0675
0 0.6775 0.25125 0.02375 0.07125
0 0.7025 0.25 0.025 0.0675
0 0.72625 0.25 0.02125 0.06625
0 0.74875 0.2475 0.01875 0.0625
0 0.76875 0.24625 0.02125 0.06625
0 0.27 0.43 0.055 0.04625
0 0.55625 0.26875 0.02 0.0775
0 0.3475 0.4075 0.02125 0.0875
0 0.32125 0.41625 0.03 0.0775
0 0.51875 0.40375 0.0225 0.0675
0 0.5 0.41 0.01375 0.055
0 0.4725 0.42375 0.02625 0.035
0 0.44125 0.4225 0.03125 0.04
0 0.5425 0.40375 0.0225 0.06625
0 0.44 0.37875 0.03125 0.03375
0 0.40875 0.40375 0.0225 0.08375
0 0.38875 0.40375 0.0175 0.08375
0 0.36875 0.40375 0.02 0.08375
0 0.47375 0.3775 0.03125 0.03875