0 0.63125 0.65875 0.03 0.04125
0 0.665 0.625 0.03125 0.0525
0 0.6625 0.72625 0.02875 0.04
0 0.6625 0.7725 0.03125 0.04625
0 0.6325 0.7525 0.02375 0.0475
0 0.605 0.73125 0.0275 0.04125
0 0.63375 0.70375 0.02625 0.0475
0 0.6025 0.69 0.02625 0.04
0 0.7325 0.66125 0.0375 0.07125
0 0.6325 0.61 0.03125 0.04
0 0.695 0.7 0.03125 0.045
0 0.7325 0.72 0.03875 0.04125
0 0.78 0.7425 0.0475 0.055
0 0.69625 0.7475 0.03375 0.04875
0 0.7325 0.7675 0.035 0.04875
0 0.7775 0.7975 0.04375 0.05125
0 0.69625 0.79625 0.03125 0.04625
0 0.7725 0.8525 0.04375 0.05625
0 0.73125 0.82125 0.03625 0.05625
0 0.7775 0.67875 0.0425 0.065
0 0.6025 0.6475 0.02375 0.04375
0 0.82 0.23125 0.05 0.17875
0 0.57625 0.7025 0.0225 0.0375
0 0.625 0.37625 0.00875 0.04
0 0.6125 0.37625 0.015 0.0425
0 0.6125 0.41875 0.015 0.03875
0 0.5975 0.375 0.01375 0.045
0 0.5975 0.415 0.0125 0.03375
0 0.585 0.37375 0.00875 0.0375
0 0.58625 0.41375 0.00875 0.0375
0 0.57375 0.41125 0.01125 0.03625
0 0.52875 0.37125 0.0075 0.04
0 0.52 0.36875 0.00625 0.03625
0 0.52 0.40625 0.00625 0.0325
0 0.52875 0.4075 0.0075 0.03125
0 0.4975 0.445 0.02125 0.03625
0 0.51625 0.44875 0.015 0.0425
0 0.53625 0.4575 0.02125 0.04375
0 0.56 0.4625 0.02625 0.045
0 0.5875 0.47125 0.025 0.05
0 0.61125 0.475 0.0225 0.05
0 0.64 0.485 0.0325 0.05625
0 0.675 0.49 0.03375 0.05375
0 0.71375 0.50375 0.03625 0.06125
0 0.75125 0.515 0.03625 0.065
0 0.8 0.52625 0.04875 0.06375
0 0.7975 0.5925 0.0475 0.0625
0 0.75125 0.57875 0.03875 0.0575
0 0.62625 0.4175 0.01125 0.04
0 0.71125 0.56375 0.04 0.05375
0 0.6375 0.42375 0.0125 0.04125
0 0.8225 0.39375 0.02875 0.0575
0 0.775 0.23625 0.0375 0.17125
0 0.7425 0.23625 0.0275 0.1625
0 0.7125 0.24375 0.03125 0.1575
0 0.68 0.24875 0.0325 0.1475
0 0.64875 0.24875 0.0275 0.1425
0 0.62 0.255 0.02625 0.13375
0 0.59375 0.26125 0.02375 0.1225
0 0.55 0.40375 0.0275 0.02625
0 0.55875 0.3625 0.0325 0.04625
0 0.555 0.2775 0.035 0.115
0 0.52875 0.2675 0.01 0.115
0 0.51375 0.26875 0.01375 0.11125
0 0.45125 0.15 0.0175 0.10875
0 0.46875 0.145 0.015 0.1075
0 0.5075 0.13125 0.01 0.11875
0 0.48875 0.135 0.0225 0.10875
0 0.8175 0.05375 0.0425 0.1075
0 0.76625 0.0575 0.05 0.11125
0 0.6975 0.07375 0.0475 0.1425
0 0.65625 0.07875 0.03125 0.155
0 0.62375 0.0875 0.03 0.15125
0 0.595 0.0975 0.02625 0.1425
0 0.57125 0.1025 0.02 0.125
0 0.55 0.115 0.02375 0.12625
0 0.52625 0.12 0.025 0.115
0 0.63875 0.37875 0.01375 0.045
0 0.59875 0.59625 0.0275 0.0525
0 0.6725 0.5475 0.03 0.05625
0 0.61 0.52625 0.02375 0.05
0 0.5325 0.6375 0.01375 0.03125
0 0.515 0.65625 0.015 0.03125
0 0.795 0.395 0.02 0.05875
0 0.79375 0.45 0.02 0.05
0 0.77375 0.39125 0.02 0.055
0 0.7725 0.4425 0.0175 0.04625
0 0.75375 0.38875 0.0175 0.05375
0 0.7525 0.44125 0.02 0.0475
0 0.735 0.38875 0.015 0.05375
0 0.73375 0.44 0.0175 0.045
0 0.715 0.385 0.01625 0.05
0 0.715 0.435 0.0175 0.045
0 0.6975 0.3875 0.015 0.05625
0 0.68125 0.385 0.015 0.05125
0 0.66625 0.38125 0.00875 0.05125
0 0.6975 0.4375 0.01375 0.0425
0 0.6825 0.43125 0.0125 0.0425
0 0.66875 0.43 0.0125 0.04
0 0.65375 0.37875 0.01375 0.0475
0 0.65375 0.425 0.015 0.04
0 0.86125 0.23375 0.02625 0.16875
0 0.53375 0.67625 0.01875 0.035
0 0.55375 0.65 0.02 0.03
0 0.55375 0.68875 0.02125 0.03625
0 0.57625 0.665 0.0225 0.0325
0 0.51375 0.625 0.0175 0.02625
0 0.82125 0.4525 0.0275 0.055
0 0.4975 0.64625 0.0125 0.03375
0 0.465 0.625 0.01125 0.0275
0 0.58375 0.5175 0.02375 0.04
0 0.56 0.5075 0.025 0.04125
0 0.53375 0.50375 0.02125 0.04
0 0.515 0.49375 0.01875 0.03875
0 0.4975 0.4825 0.0125 0.0375
0 0.4825 0.48125 0.01625 0.03375
0 0.46625 0.43625 0.0175 0.035
0 0.46375 0.47375 0.0175 0.0375
0 0.4625 0.52625 0.01875 0.04
0 0.47875 0.535 0.0125 0.04
0 0.495 0.5425 0.0125 0.04125
0 0.515 0.55375 0.01875 0.04
0 0.5325 0.56125 0.015 0.04125
0 0.55125 0.57 0.01875 0.03625
0 0.57125 0.5825 0.01875 0.04625
0 0.4625 0.56375 0.01625 0.0325
0 0.47875 0.57375 0.01375 0.0325
0 0.495 0.58 0.015 0.03125
0 0.51375 0.5925 0.0175 0.03125
0 0.5325 0.6 0.015 0.03125
0 0.55125 0.61125 0.01875 0.03625
0 0.57375 0.6275 0.01875 0.03625
0 0.465 0.595 0.0125 0.0275
0 0.47875 0.605 0.01375 0.02625
0 0.49625 0.61125 0.01375 0.02625
0 0.48 0.63625 0.0125 0.03125
0 0.64 0.54 0.0325 0.04625
0 0.6975 0.645 0.03125 0.06125
0 0.66375 0.6775 0.0275 0.04875