0 0.4525 0.53375 0.06125 0.03125
0 0.4575 0.5675 0.0575 0.03125
0 0.5775 0.55875 0.0575 0.0375
0 0.4525 0.50375 0.06375 0.02
0 0.63625 0.5525 0.05875 0.04
0 0.70625 0.51875 0.07125 0.03625
0 0.71 0.55625 0.06625 0.03375
0 0.78125 0.55 0.065 0.03625
0 0.85 0.54625 0.0625 0.04125
0 0.07125 0.66375 0.11625 0.0625
0 0.51875 0.56 0.05 0.04375
0 0.03 0.31625 0.05625 0.14125
0 0.265 0.17125 0.05375 0.035
0 0.2075 0.17625 0.06125 0.035
0 0.20375 0.21625 0.0625 0.03875
0 0.26875 0.2125 0.0525 0.0375
0 0.32125 0.1675 0.055 0.0325
0 0.33 0.205 0.065 0.03375
0 0.06 0.71875 0.06625 0.02875
0 0.505 0.16 0.0425 0.01
0 0.3975 0.155 0.06875 0.0375
0 0.495 0.1875 0.04 0.03875
0 0.4525 0.19125 0.04 0.04
0 0.45875 0.15 0.04 0.03125
0 0.3975 0.1975 0.065 0.03875
0 0.1175 0.2925 0.105 0.17
0 0.055 0.7525 0.055 0.02875
0 0.585 0.66625 0.055 0.03875
0 0.20125 0.7 0.0975 0.1375
0 0.7675 0.75875 0.0625 0.03875
0 0.845 0.66375 0.05625 0.03125
0 0.53625 0.185 0.03875 0.035
0 0.7825 0.66625 0.06625 0.03125
0 0.77875 0.62875 0.07 0.03375
0 0.8325 0.75875 0.06125 0.04
0 0.7125 0.6675 0.0675 0.0325
0 0.7075 0.63 0.05875 0.0375
0 0.70125 0.7575 0.05875 0.03875
0 0.47875 0.76625 0.05625 0.02625
0 0.48 0.7375 0.0575 0.025
0 0.41875 0.7675 0.05375 0.0275
0 0.115 0.75875 0.05625 0.02875
0 0.35875 0.74125 0.05125 0.03
0 0.305 0.7725 0.055 0.02875
0 0.3 0.745 0.05875 0.02375
0 0.64125 0.66125 0.05625 0.0375
0 0.52875 0.66625 0.0475 0.0375
0 0.46625 0.675 0.05875 0.0275
0 0.465 0.64 0.0575 0.0275
0 0.40625 0.67375 0.05125 0.0275
0 0.40625 0.6425 0.05375 0.03
0 0.3475 0.675 0.0525 0.0275
0 0.345 0.64375 0.0575 0.0275
0 0.2875 0.67875 0.0575 0.0275
0 0.28375 0.64625 0.05625 0.02875
0 0.36125 0.7725 0.05375 0.02625
0 0.5775 0.1775 0.04125 0.0475
0 0.41625 0.735 0.05375 0.02875
0 0.66875 0.13375 0.07125 0.01625
0 0.3675 0.4225 0.06375 0.0325
0 0.4425 0.41375 0.05625 0.03
0 0.43875 0.45375 0.05875 0.035
0 0.505 0.40875 0.0575 0.035
0 0.56625 0.405 0.0625 0.0375
0 0.5025 0.44625 0.05625 0.03125
0 0.56125 0.44375 0.05875 0.035
0 0.625 0.44125 0.065 0.0325
0 0.6225 0.41 0.0375 0.02375
0 0.67 0.39625 0.04375 0.04125
0 0.67875 0.4375 0.0375 0.0375
0 0.73125 0.435 0.06375 0.0375
0 0.7975 0.42875 0.06625 0.03625
0 0.72875 0.3925 0.06625 0.0375
0 0.79875 0.38625 0.07 0.03625
0 0.8575 0.43375 0.04625 0.0325
0 0.855 0.3825 0.0425 0.06
0 0.30375 0.515 0.04 0.02
0 0.30625 0.54 0.04125 0.0275
0 0.39625 0.57 0.0575 0.03375
0 0.38875 0.5325 0.05375 0.0325
0 0.3075 0.5775 0.0625 0.0225
0 0.34625 0.5475 0.0275 0.03
0 0.34375 0.51375 0.03125 0.0225
0 0.01875 0.50875 0.03125 0.18125
0 0.37 0.45875 0.06 0.035
0 0.62 0.17375 0.04125 0.04125
0 0.31 0.46 0.045 0.03
0 0.24875 0.46875 0.05875 0.0275
0 0.67625 0.16625 0.0675 0.04
0 0.74625 0.15625 0.06625 0.06
0 0.82 0.14875 0.0725 0.045
0 0.88875 0.14375 0.05375 0.035
0 0.21125 0.31875 0.0525 0.0275
0 0.21875 0.34875 0.0525 0.03
0 0.27125 0.31375 0.05875 0.03
0 0.2775 0.34625 0.055 0.03
0 0.33375 0.3 0.05625 0.03625
0 0.34125 0.34 0.0625 0.035
0 0.39875 0.295 0.0625 0.0325
0 0.4075 0.335 0.0625 0.03125
0 0.30875 0.42625 0.04875 0.03
0 0.41375 0.26 0.03375 0.02875
0 0.47 0.32625 0.0575 0.0375
0 0.5275 0.3225 0.05625 0.045
0 0.52375 0.27875 0.05875 0.03875
0 0.58625 0.27625 0.06125 0.03875
0 0.65625 0.26875 0.07375 0.03875
0 0.72875 0.29 0.06625 0.065
0 0.59125 0.31625 0.065 0.03875
0 0.65875 0.31125 0.06625 0.0425
0 0.8 0.28125 0.06875 0.065
0 0.87375 0.275 0.07375 0.075
0 0.12375 0.505 0.1725 0.175
0 0.2475 0.43625 0.055 0.02875
0 0.46375 0.28625 0.05875 0.03875
0 0.0975 0.15625 0.13125 0.05625