0 0.655 0.32625 0.02375 0.0475
0 0.39125 0.435 0.02625 0.08
0 0.36625 0.43375 0.02125 0.0825
0 0.30875 0.435 0.0325 0.08125
0 0.27125 0.435 0.0325 0.08125
0 0.19625 0.435 0.0575 0.08375
0 0.14375 0.435 0.0375 0.0875
0 0.22625 0.32125 0.05375 0.07125
0 0.175 0.32125 0.0375 0.075
0 0.14 0.315 0.03 0.0825
0 0.37375 0.31 0.0275 0.08375
0 0.34 0.30875 0.03 0.09625
0 0.30625 0.30625 0.03625 0.09625
0 0.27125 0.30875 0.03125 0.09375
0 0.41875 0.43375 0.02875 0.08
0 0.5 0.31125 0.0275 0.085
0 0.46625 0.31 0.0325 0.08375
0 0.40375 0.3125 0.03 0.085
0 0.63625 0.2075 0.0825 0.0625
0 0.71875 0.14875 0.06875 0.05625
0 0.715 0.20875 0.06875 0.05375
0 0.78 0.20875 0.055 0.05125
0 0.8275 0.20375 0.035 0.06
0 0.5325 0.32625 0.03625 0.05
0 0.56625 0.32875 0.025 0.0425
0 0.6 0.32875 0.02875 0.045
0 0.62875 0.32875 0.02125 0.04875
0 0.6825 0.32625 0.02125 0.05
0 0.4475 0.435 0.025 0.0775
0 0.73375 0.36375 0.0575 0.0575
0 0.6125 0.4375 0.055 0.065
0 0.4975 0.63375 0.05 0.07625
0 0.6575 0.625 0.04625 0.08375
0 0.7075 0.67625 0.04125 0.09
0 0.7575 0.67375 0.05125 0.095
0 0.82875 0.6575 0.07 0.0525
0 0.825 0.71375 0.06625 0.05875
0 0.66375 0.73125 0.045 0.09375
0 0.6175 0.73 0.04375 0.095
0 0.5675 0.73 0.04875 0.09125
0 0.4225 0.72625 0.04125 0.07
0 0.47125 0.725 0.0425 0.07375
0 0.51625 0.72375 0.04125 0.0725
0 0.38125 0.725 0.03875 0.0675
0 0.33625 0.7275 0.045 0.07625
0 0.17 0.73625 0.06125 0.0875
0 0.22625 0.735 0.04125 0.09125
0 0.1775 0.85125 0.03375 0.0725
0 0.2175 0.84125 0.0375 0.08
0 0.2625 0.85625 0.0375 0.06625
0 0.30875 0.85375 0.04125 0.07125
0 0.355 0.835 0.03375 0.0775
0 0.39 0.84875 0.03375 0.08
0 0.42625 0.84625 0.03125 0.07125
0 0.46 0.83625 0.03 0.09
0 0.4925 0.825 0.035 0.0725
0 0.7825 0.83875 0.03625 0.09
0 0.745 0.84 0.03125 0.085
0 0.71125 0.83375 0.02875 0.08625
0 0.58875 0.84875 0.03 0.0825
0 0.44125 0.63125 0.05375 0.08125
0 0.38375 0.6325 0.0575 0.07875
0 0.34125 0.625 0.02625 0.065
0 0.29875 0.62375 0.05625 0.06125
0 0.6675 0.4375 0.05375 0.06375
0 0.7325 0.2975 0.065 0.0625
0 0.56 0.21375 0.06625 0.055
0 0.79375 0.30125 0.05 0.06125
0 0.7925 0.36625 0.05125 0.06125
0 0.85 0.29875 0.04875 0.0625
0 0.85 0.36375 0.045 0.06375
0 0.7275 0.46625 0.05125 0.085
0 0.7875 0.46 0.0575 0.08625
0 0.8425 0.45625 0.05125 0.07625
0 0.73 0.5625 0.045 0.08125
0 0.79 0.5625 0.06625 0.0925
0 0.85 0.55875 0.05 0.08375
0 0.535 0.5375 0.02625 0.0725
0 0.47375 0.4325 0.02375 0.075
0 0.5625 0.535 0.02875 0.07125
0 0.625 0.535 0.02375 0.07
0 0.6525 0.53625 0.0225 0.07125
0 0.47375 0.54 0.0275 0.07375
0 0.5025 0.5375 0.03 0.07625
0 0.38375 0.52625 0.02 0.0675
0 0.4425 0.53875 0.025 0.07125
0 0.68375 0.535 0.035 0.0725
0 0.2825 0.54125 0.0325 0.07125
0 0.3175 0.54 0.03375 0.08
0 0.35125 0.53625 0.0325 0.075
0 0.4125 0.54 0.0275 0.075
0 0.15 0.54 0.05 0.0775
0 0.20625 0.5375 0.0525 0.08
0 0.2425 0.62625 0.05 0.06125
0 0.595 0.53375 0.02625 0.075
0 0.55875 0.155 0.065 0.05625
0 0.435 0.31125 0.02625 0.08375
0 0.4075 0.20875 0.08625 0.06375
0 0.485 0.215 0.06375 0.05625
0 0.52875 0.84625 0.02375 0.07625
0 0.73875 0.045 0.06875 0.07
0 0.81375 0.04375 0.06125 0.06625
0 0.675 0.04375 0.05 0.08125
0 0.6225 0.045 0.0475 0.08125
0 0.57 0.04375 0.045 0.08375
0 0.51875 0.0425 0.05125 0.0825
0 0.46625 0.04375 0.04375 0.08375
0 0.55875 0.8475 0.025 0.0875
0 0.4075 0.045 0.06125 0.07625
0 0.245 0.045 0.0575 0.075
0 0.3075 0.045 0.0625 0.07875
0 0.19625 0.0425 0.035 0.0825
0 0.23625 0.185 0.03625 0.0425
0 0.19375 0.21375 0.04625 0.0575
0 0.33 0.1625 0.06125 0.0425
0 0.4075 0.14125 0.0925 0.065
0 0.3575 0.055 0.03 0.0575
0 0.32875 0.215 0.07 0.055