0 0.38375 0.6075 0.03625 0.07875
0 0.3525 0.61 0.02625 0.0725
0 0.32375 0.61625 0.02625 0.07125
0 0.2925 0.6175 0.0325 0.06875
0 0.26625 0.5875 0.01375 0.07625
0 0.45 0.69625 0.02875 0.04125
0 0.45125 0.7275 0.02875 0.02
0 0.415 0.70125 0.03875 0.025
0 0.415 0.72625 0.03875 0.02625
0 0.35125 0.70375 0.02625 0.06625
0 0.24875 0.5875 0.02 0.0775
0 0.22875 0.68625 0.01875 0.08625
0 0.32375 0.70375 0.02875 0.06625
0 0.29625 0.705 0.02625 0.065
0 0.27 0.68875 0.0175 0.08375
0 0.25 0.68625 0.02125 0.08625
0 0.22875 0.58375 0.01875 0.07375
0 0.42 0.60625 0.03875 0.07875
0 0.38125 0.70375 0.03 0.065
0 0.4575 0.60875 0.03625 0.075
0 0.545 0.82625 0.04375 0.06875
0 0.52625 0.58125 0.025 0.02625
0 0.5925 0.80625 0.0525 0.1075
0 0.6475 0.8375 0.04625 0.03875
0 0.67875 0.845 0.015 0.04
0 0.695 0.84375 0.0175 0.0425
0 0.7175 0.83375 0.01625 0.0475
0 0.73625 0.835 0.01875 0.0425
0 0.42375 0.81 0.07 0.08
0 0.3525 0.8075 0.055 0.09375
0 0.75875 0.81625 0.03 0.0925
0 0.72125 0.60875 0.01625 0.075
0 0.75625 0.16375 0.02875 0.06125
0 0.4925 0.815 0.06 0.0925
0 0.305 0.83 0.04 0.0625
0 0.70375 0.61 0.01875 0.0775
0 0.6825 0.61 0.02125 0.07625
0 0.6625 0.60875 0.0175 0.07375
0 0.645 0.61 0.01875 0.07
0 0.6225 0.61 0.0225 0.07125
0 0.59875 0.61 0.0225 0.07125
0 0.49375 0.61 0.03375 0.07625
0 0.7325 0.16375 0.01875 0.0625
0 0.29625 0.3 0.02875 0.05875
0 0.76625 0.4875 0.02375 0.08125
0 0.5325 0.29 0.0275 0.08
0 0.56125 0.2925 0.02875 0.0775
0 0.59125 0.29 0.025 0.08125
0 0.61875 0.28875 0.0275 0.08375
0 0.64375 0.2925 0.02 0.07375
0 0.66625 0.2925 0.02375 0.0725
0 0.5025 0.28875 0.0325 0.07625
0 0.69875 0.28125 0.0375 0.0925
0 0.73 0.40375 0.035 0.06375
0 0.6975 0.40125 0.03125 0.06875
0 0.66625 0.40125 0.03 0.06625
0 0.6375 0.4 0.02625 0.06625
0 0.6075 0.40125 0.0325 0.0675
0 0.5775 0.40125 0.02375 0.06625
0 0.74 0.28 0.04 0.09625
0 0.5475 0.40875 0.025 0.0525
0 0.475 0.2875 0.0225 0.08
0 0.4225 0.2875 0.02625 0.08125
0 0.36625 0.15125 0.03125 0.09375
0 0.76 0.59375 0.02625 0.09625
0 0.76125 0.69375 0.03 0.075
0 0.71 0.7025 0.03375 0.07875
0 0.68 0.7025 0.0275 0.08
0 0.64625 0.7025 0.0325 0.08125
0 0.45 0.2875 0.02625 0.08125
0 0.61625 0.7075 0.02625 0.07
0 0.52625 0.71 0.045 0.06
0 0.495 0.71 0.01875 0.05875
0 0.475 0.70625 0.01875 0.06375
0 0.3275 0.29375 0.03 0.07125
0 0.36375 0.2925 0.04125 0.06875
0 0.39625 0.2875 0.025 0.08
0 0.575 0.70625 0.0525 0.0675
0 0.52 0.39875 0.02625 0.0725
0 0.48375 0.3975 0.025 0.0725
0 0.46 0.3975 0.025 0.0725
0 0.2975 0.505 0.03875 0.08875
0 0.335 0.50375 0.035 0.09
0 0.37125 0.5125 0.02625 0.0725
0 0.3975 0.5125 0.0275 0.0725
0 0.425 0.51375 0.025 0.07375
0 0.4525 0.51375 0.03125 0.07125
0 0.43 0.15625 0.0275 0.08875
0 0.49375 0.515 0.02875 0.0675
0 0.5575 0.515 0.0325 0.06625
0 0.595 0.5125 0.0325 0.06875
0 0.6275 0.51375 0.03125 0.07
0 0.66 0.5125 0.03125 0.075
0 0.69625 0.5125 0.03625 0.07625
0 0.73125 0.51375 0.03375 0.07375
0 0.525 0.51375 0.03125 0.07125
0 0.47 0.16375 0.02125 0.07125
0 0.49 0.165 0.01875 0.07
0 0.51 0.165 0.02 0.07
0 0.43 0.39625 0.02625 0.0725
0 0.4025 0.39625 0.02625 0.0725
0 0.3725 0.39625 0.02625 0.07625
0 0.34375 0.39625 0.03 0.0775
0 0.2825 0.4 0.0275 0.075
0 0.23625 0.38 0.03375 0.08125
0 0.25 0.4825 0.02875 0.07125
0 0.6875 0.16375 0.025 0.06375
0 0.6625 0.165 0.02375 0.06625
0 0.64125 0.17 0.01625 0.05625
0 0.62125 0.1675 0.0225 0.0625
0 0.59875 0.1675 0.0225 0.065
0 0.57625 0.16625 0.02375 0.06375
0 0.55375 0.165 0.02 0.065
0 0.5325 0.16625 0.0225 0.0675
0 0.71125 0.165 0.02125 0.06375
0 0.33625 0.1525 0.02625 0.09625
0 0.26125 0.82625 0.03125 0.07125
0 0.275 0.16 0.02625 0.0825
0 0.305 0.15125 0.0325 0.09875
0 0.23375 0.82625 0.02375 0.0725