0 0.6025 0.6425 0.0325 0.02625
0 0.37875 0.68375 0.03625 0.03375
0 0.45 0.45625 0.0375 0.0225
0 0.4075 0.48 0.03625 0.02375
0 0.4475 0.48 0.03875 0.02125
0 0.48625 0.48 0.03625 0.0225
0 0.52375 0.48 0.035 0.0225
0 0.5225 0.455 0.0375 0.025
0 0.28875 0.505 0.04 0.02125
0 0.32875 0.50375 0.03625 0.0225
0 0.36875 0.50375 0.03875 0.02
0 0.40875 0.50375 0.0375 0.02
0 0.44875 0.50375 0.03625 0.02125
0 0.4875 0.50375 0.03625 0.02125
0 0.525 0.505 0.03625 0.02125
0 0.57375 0.4975 0.05625 0.03125
0 0.6175 0.485 0.0275 0.05125
0 0.34 0.685 0.03875 0.035
0 0.65625 0.50125 0.04125 0.02125
0 0.30125 0.685 0.03875 0.03625
0 0.24 0.6725 0.03375 0.0275
0 0.765 0.79125 0.03125 0.04875
0 0.765 0.75 0.0325 0.02875
0 0.7225 0.7575 0.04375 0.04125
0 0.725 0.79875 0.04875 0.04
0 0.685 0.7925 0.02875 0.055
0 0.62125 0.7825 0.04 0.025
0 0.5825 0.81 0.035 0.025
0 0.58 0.7775 0.0375 0.035
0 0.23875 0.645 0.035 0.025
0 0.57625 0.745 0.035 0.02375
0 0.53375 0.81 0.03875 0.0375
0 0.5 0.80875 0.025 0.04125
0 0.4625 0.7975 0.035 0.0675
0 0.42 0.79625 0.045 0.0725
0 0.37625 0.77625 0.04125 0.03125
0 0.3325 0.7775 0.03875 0.03
0 0.29125 0.77625 0.03875 0.02625
0 0.2425 0.7 0.04375 0.0225
0 0.53375 0.76625 0.0375 0.04875
0 0.655 0.475 0.04375 0.025
0 0.69875 0.47375 0.0375 0.025
0 0.6975 0.5 0.0375 0.025
0 0.29625 0.5875 0.0375 0.03
0 0.29875 0.6475 0.0375 0.035
0 0.33875 0.645 0.03625 0.0375
0 0.3775 0.81375 0.04 0.03875
0 0.41625 0.68125 0.03625 0.03375
0 0.3775 0.64625 0.0375 0.03875
0 0.415 0.64375 0.03625 0.03625
0 0.45375 0.64125 0.0375 0.035
0 0.2925 0.55 0.04 0.04
0 0.49125 0.64125 0.03625 0.03625
0 0.56625 0.64125 0.035 0.02125
0 0.56625 0.66375 0.035 0.02125
0 0.56625 0.68625 0.03625 0.02125
0 0.45375 0.68 0.0375 0.0375
0 0.4925 0.68 0.0375 0.03625
0 0.635 0.64625 0.02875 0.01375
0 0.63875 0.67625 0.0325 0.0375
0 0.53 0.6775 0.03625 0.03875
0 0.53 0.64125 0.03625 0.03375
0 0.3375 0.5875 0.04125 0.03
0 0.3775 0.58625 0.03875 0.03
0 0.37375 0.5475 0.0375 0.04
0 0.69875 0.44875 0.03625 0.02375
0 0.73875 0.4475 0.04 0.025
0 0.73875 0.47375 0.03875 0.025
0 0.73875 0.5 0.03875 0.025
0 0.7575 0.545 0.0425 0.04125
0 0.75625 0.585 0.03875 0.03625
0 0.715 0.585 0.03875 0.0375
0 0.6775 0.585 0.035 0.03875
0 0.6425 0.54625 0.0325 0.04
0 0.64125 0.585 0.03375 0.0375
0 0.5725 0.58375 0.025 0.0375
0 0.54 0.55125 0.035 0.05
0 0.53875 0.5875 0.0375 0.0225
0 0.5025 0.55625 0.04 0.0225
0 0.495 0.58375 0.03625 0.03125
0 0.46125 0.54875 0.03875 0.03625
0 0.455 0.5825 0.0375 0.0325
0 0.41375 0.54875 0.03625 0.03625
0 0.41625 0.585 0.03625 0.03125
0 0.6025 0.6775 0.035 0.03875
0 0.3375 0.81625 0.03875 0.03875
0 0.40875 0.455 0.0375 0.02125
0 0.2575 0.77125 0.0275 0.09
0 0.565 0.40375 0.03625 0.01625
0 0.565 0.3825 0.03625 0.01875
0 0.63125 0.3775 0.0325 0.025
0 0.6325 0.4025 0.03375 0.0225
0 0.6 0.3825 0.02875 0.06125
0 0.66625 0.37375 0.03125 0.02125
0 0.67 0.4 0.03375 0.0275
0 0.7075 0.4 0.03875 0.02375
0 0.52625 0.38375 0.0375 0.0225
0 0.75125 0.39875 0.0425 0.025
0 0.7075 0.375 0.0425 0.0225
0 0.27625 0.32125 0.04875 0.0275
0 0.27625 0.2925 0.045 0.02625
0 0.3225 0.32125 0.04125 0.02625
0 0.32125 0.29375 0.04125 0.02625
0 0.3675 0.3175 0.045 0.03125
0 0.365 0.28375 0.045 0.03125
0 0.36625 0.25125 0.04375 0.03125
0 0.755 0.375 0.05125 0.0225
0 0.2975 0.81625 0.04125 0.03875
0 0.48375 0.37875 0.03875 0.0225
0 0.4875 0.40375 0.03875 0.02125
0 0.36875 0.48 0.0375 0.0225
0 0.33 0.48 0.03875 0.02125
0 0.37875 0.45625 0.01625 0.02375
0 0.33875 0.45625 0.04 0.0225
0 0.2875 0.48 0.0425 0.0225
0 0.28875 0.455 0.0425 0.0225
0 0.28375 0.40375 0.0375 0.02125
0 0.28375 0.37875 0.04 0.025
0 0.28625 0.35875 0.03875 0.015
0 0.32625 0.3575 0.03625 0.015
0 0.325 0.4025 0.04125 0.02
0 0.32375 0.37875 0.03875 0.02375
0 0.3675 0.4025 0.04125 0.01875
0 0.36625 0.38 0.04125 0.02375
0 0.40875 0.40375 0.03875 0.02125
0 0.40625 0.38125 0.03625 0.02
0 0.44875 0.40375 0.0375 0.02
0 0.445 0.38 0.03625 0.01875
0 0.495 0.36125 0.03625 0.0125
0 0.32 0.265 0.04125 0.02875
0 0.2725 0.26125 0.0475 0.03
0 0.52625 0.405 0.0375 0.01875
0 0.4575 0.2925 0.0425 0.02625
0 0.5025 0.29125 0.04375 0.02875
0 0.50375 0.32125 0.04375 0.02875
0 0.54875 0.3225 0.04125 0.025
0 0.5475 0.29375 0.045 0.03
0 0.24125 0.43125 0.03125 0.01625
0 0.23875 0.48625 0.02875 0.0325
0 0.24 0.455 0.02875 0.02875
0 0.2475 0.60125 0.0125 0.035
0 0.2475 0.56375 0.015 0.035
0 0.6925 0.5425 0.0375 0.03875
0 0.5025 0.26 0.04625 0.025
0 0.765 0.31625 0.0325 0.03125
0 0.72375 0.3175 0.04125 0.02875
0 0.7225 0.29 0.0425 0.025
0 0.67875 0.32125 0.04375 0.02375
0 0.555 0.26375 0.04625 0.02875
0 0.59125 0.29125 0.03875 0.02875
0 0.5925 0.32 0.04 0.02625
0 0.63375 0.3225 0.04 0.0275
0 0.63375 0.29375 0.04375 0.03
0 0.635 0.265 0.04375 0.025
0 0.68 0.29375 0.0425 0.03
0 0.765 0.2825 0.0325 0.035
0 0.4575 0.26625 0.0425 0.02375
0 0.6825 0.26375 0.045 0.02875
0 0.4575 0.32 0.04125 0.02875
0 0.41375 0.32125 0.04375 0.02625
0 0.41375 0.2925 0.0425 0.02875
0 0.4125 0.26375 0.045 0.02625
0 0.58 0.45875 0.03625 0.01125
0 0.5675 0.47375 0.0325 0.0125
0 0.6075 0.58125 0.03125 0.0575
0 0.23 0.77375 0.02125 0.0875
0 0.595 0.26375 0.0325 0.0225