0 0.3625 0.03 0.035 0.04625
0 0.32375 0.02875 0.03625 0.04875
0 0.28625 0.02625 0.03125 0.0525
0 0.24625 0.03 0.04 0.05125
0 0.2425 0.26375 0.05875 0.10375
0 0.13625 0.565 0.02125 0.07625
0 0.85625 0.46875 0.03625 0.07625
0 0.82 0.46875 0.0325 0.075
0 0.3975 0.03 0.03 0.04625
0 0.16375 0.13875 0.05875 0.11125
0 0.22375 0.1425 0.05 0.11
0 0.2825 0.14125 0.06125 0.10875
0 0.335 0.15375 0.03875 0.0825
0 0.38125 0.1425 0.05 0.1075
0 0.16375 0.56625 0.03125 0.07625
0 0.2725 0.575 0.0475 0.055
0 0.37 0.5725 0.04 0.0575
0 0.415 0.56875 0.05 0.0625
0 0.46625 0.5675 0.04875 0.06625
0 0.78375 0.46875 0.035 0.075
0 0.7475 0.47 0.035 0.0725
0 0.41125 0.2675 0.05375 0.1025
0 0.67625 0.45875 0.02125 0.05
0 0.8125 0.3775 0.055 0.08125
0 0.85875 0.3825 0.0325 0.06875
0 0.15375 0.4725 0.04625 0.0825
0 0.20125 0.46875 0.03375 0.07
0 0.23875 0.47375 0.04 0.0725
0 0.27875 0.47125 0.03625 0.0725
0 0.31875 0.47125 0.04125 0.07375
0 0.36125 0.47125 0.03875 0.07375
0 0.40125 0.47875 0.03625 0.0575
0 0.44125 0.4725 0.03375 0.05875
0 0.47375 0.47125 0.02625 0.0575
0 0.5075 0.57125 0.02125 0.05625
0 0.52125 0.26625 0.0525 0.10625
0 0.46625 0.2675 0.0525 0.10375
0 0.3575 0.26375 0.05125 0.105
0 0.3025 0.265 0.05375 0.10625
0 0.50625 0.4775 0.03375 0.06
0 0.54125 0.47625 0.03375 0.0625
0 0.5775 0.47625 0.03375 0.06375
0 0.6125 0.47125 0.03125 0.07
0 0.645 0.47 0.0325 0.0725
0 0.70375 0.45125 0.02625 0.0375
0 0.53125 0.57125 0.0225 0.055
0 0.79625 0.57 0.03625 0.06375
0 0.5875 0.57375 0.0275 0.0525
0 0.4725 0.72 0.025 0.0675
0 0.445 0.72125 0.025 0.0675
0 0.41875 0.7225 0.0225 0.07
0 0.395 0.7275 0.025 0.06
0 0.3675 0.7275 0.025 0.06125
0 0.3425 0.72875 0.02375 0.05875
0 0.31625 0.72875 0.02625 0.06
0 0.67125 0.14375 0.06 0.1025
0 0.2875 0.7275 0.025 0.0625
0 0.23625 0.7225 0.025 0.0775
0 0.2075 0.72125 0.0275 0.07625
0 0.16 0.72625 0.03375 0.07
0 0.86 0.64375 0.03 0.04125
0 0.79375 0.64 0.02875 0.04625
0 0.76375 0.64 0.0275 0.04625
0 0.72875 0.64 0.035 0.05125
0 0.2625 0.7275 0.025 0.065
0 0.535 0.7175 0.02875 0.07875
0 0.56375 0.71875 0.0275 0.07625
0 0.5925 0.71875 0.0275 0.07625
0 0.8075 0.73 0.0275 0.0625
0 0.83875 0.7325 0.03 0.0625
0 0.68875 0.26125 0.05375 0.105
0 0.63 0.265 0.06 0.10375
0 0.57375 0.26875 0.05125 0.0975
0 0.78125 0.73 0.025 0.0625
0 0.7225 0.15625 0.03625 0.08375
0 0.76125 0.155 0.03875 0.0825
0 0.80125 0.155 0.03875 0.07875
0 0.84125 0.155 0.03875 0.07875
0 0.18 0.2625 0.06 0.1025
0 0.75625 0.73 0.02375 0.06
0 0.73 0.7275 0.0225 0.0625
0 0.705 0.7275 0.02375 0.06375
0 0.68 0.72 0.025 0.0775
0 0.65 0.72 0.03125 0.07875
0 0.62125 0.7175 0.025 0.0775
0 0.69125 0.64125 0.04 0.05375
0 0.5575 0.57375 0.02875 0.055
0 0.64125 0.63875 0.03875 0.0475
0 0.565 0.64125 0.03625 0.04375
0 0.55 0.38 0.03375 0.07375
0 0.5875 0.37875 0.0375 0.07875
0 0.625 0.37375 0.02125 0.06625
0 0.6575 0.38125 0.0375 0.07375
0 0.3625 0.65125 0.035 0.03
0 0.32625 0.64875 0.03125 0.03125
0 0.23125 0.64375 0.03 0.05
0 0.51375 0.38 0.035 0.0675
0 0.20375 0.6525 0.01875 0.03125
0 0.15 0.64375 0.0225 0.03875
0 0.3225 0.57375 0.02625 0.03
0 0.835 0.57125 0.03625 0.06375
0 0.7525 0.5775 0.045 0.04375
0 0.70875 0.575 0.04125 0.045
0 0.66625 0.5725 0.04125 0.05125
0 0.62375 0.57125 0.04 0.055
0 0.17375 0.645 0.01875 0.0325
0 0.47625 0.3825 0.03875 0.07625
0 0.40375 0.38 0.035 0.07625
0 0.42875 0.15625 0.0375 0.08
0 0.52625 0.64875 0.0325 0.0325
0 0.485 0.65 0.035 0.0275
0 0.445 0.65125 0.035 0.02875
0 0.40375 0.6225 0.03125 0.02
0 0.4 0.65125 0.0375 0.0275
0 0.74625 0.2625 0.05625 0.10375
0 0.8175 0.26 0.0675 0.1025
0 0.14625 0.3825 0.03625 0.07
0 0.22125 0.37875 0.03625 0.07375
0 0.25875 0.37875 0.03375 0.07625
0 0.295 0.38 0.03375 0.075
0 0.33 0.38125 0.03375 0.07375
0 0.3675 0.38125 0.035 0.075
0 0.62 0.15625 0.04 0.0775
0 0.57125 0.14625 0.05375 0.0975
0 0.52375 0.1525 0.0375 0.08875
0 0.47625 0.14875 0.055 0.09375
0 0.59875 0.63 0.02875 0.02875
0 0.18375 0.37875 0.035 0.075
0 0.695 0.37875 0.03375 0.07625
0 0.76375 0.38125 0.04125 0.075