0 0.47375 0.32875 0.06375 0.01625
0 0.78875 0.61625 0.01875 0.03875
0 0.80875 0.6075 0.01125 0.0425
0 0.82625 0.6075 0.02 0.0425
0 0.84875 0.60625 0.01875 0.04125
0 0.865 0.5925 0.01125 0.025
0 0.135 0.76375 0.01875 0.05875
0 0.16 0.76125 0.02625 0.0575
0 0.25625 0.76 0.025 0.055
0 0.20875 0.7475 0.015 0.05625
0 0.23 0.76125 0.025 0.055
0 0.7575 0.615 0.0275 0.0325
0 0.28625 0.74875 0.025 0.05375
0 0.32 0.735 0.02125 0.055
0 0.3425 0.735 0.0225 0.05375
0 0.1925 0.745 0.01625 0.05625
0 0.73375 0.6125 0.01375 0.03875
0 0.61875 0.59375 0.015 0.03375
0 0.67625 0.6125 0.0125 0.02875
0 0.40125 0.5875 0.01875 0.035
0 0.4225 0.58625 0.02 0.03625
0 0.4425 0.5875 0.01625 0.03625
0 0.36125 0.6325 0.025 0.03375
0 0.38375 0.6325 0.0175 0.035
0 0.40625 0.63375 0.0175 0.03625
0 0.70375 0.61375 0.025 0.04375
0 0.4275 0.63 0.0175 0.04
0 0.5125 0.62375 0.04125 0.025
0 0.56625 0.5925 0.01375 0.0325
0 0.5825 0.59375 0.015 0.0325
0 0.6 0.595 0.015 0.0325
0 0.3675 0.735 0.02375 0.05375
0 0.635 0.59125 0.01 0.02875
0 0.4475 0.63125 0.01875 0.03625
0 0.515 0.72625 0.02125 0.05125
0 0.6075 0.7225 0.02125 0.0575
0 0.56 0.72375 0.0175 0.055
0 0.5325 0.19625 0.0225 0.0275
0 0.5025 0.1825 0.02625 0.06125
0 0.4725 0.17375 0.03 0.07625
0 0.41875 0.19625 0.02375 0.03125
0 0.4175 0.165 0.02375 0.025
0 0.41625 0.135 0.02625 0.03125
0 0.57 0.18375 0.05 0.05375
0 0.38625 0.19625 0.025 0.03125
0 0.3275 0.1775 0.02875 0.065
0 0.2425 0.16 0.03 0.10375
0 0.21125 0.1625 0.03125 0.10625
0 0.18125 0.1625 0.02625 0.105
0 0.15625 0.1625 0.0225 0.1025
0 0.13625 0.1675 0.01625 0.09125
0 0.38625 0.16125 0.0225 0.03
0 0.53875 0.72375 0.02 0.0525
0 0.6125 0.17 0.03375 0.08875
0 0.6725 0.1775 0.01375 0.07
0 0.5825 0.7225 0.025 0.0575
0 0.38125 0.5875 0.02 0.03625
0 0.6375 0.7475 0.02 0.05625
0 0.6625 0.7475 0.025 0.05875
0 0.68625 0.7475 0.0175 0.05375
0 0.71625 0.74875 0.0225 0.05625
0 0.6475 0.1775 0.03 0.07375
0 0.75125 0.7625 0.02125 0.05375
0 0.81125 0.7575 0.02 0.055
0 0.835 0.75875 0.025 0.0575
0 0.865 0.7525 0.01875 0.06875
0 0.13875 0.31625 0.0275 0.045
0 0.74875 0.0475 0.06 0.01375
0 0.68875 0.1775 0.01875 0.06875
0 0.7875 0.7575 0.02625 0.05375
0 0.475 0.30875 0.06875 0.01875
0 0.36125 0.5875 0.01875 0.0375
0 0.3125 0.6175 0.0175 0.03625
0 0.405 0.415 0.025 0.0375
0 0.405 0.375 0.02375 0.0375
0 0.4325 0.40375 0.0275 0.0625
0 0.46125 0.40125 0.02375 0.0625
0 0.48625 0.41625 0.02 0.03875
0 0.50875 0.40625 0.02 0.05875
0 0.53125 0.40375 0.01875 0.055
0 0.38125 0.4125 0.01875 0.045
0 0.56625 0.4075 0.0475 0.04625
0 0.60875 0.41875 0.02875 0.03
0 0.63625 0.4125 0.0225 0.04125
0 0.69 0.41375 0.03 0.04375
0 0.72 0.4025 0.0275 0.0625
0 0.745 0.40125 0.02125 0.0625
0 0.77 0.415 0.0225 0.03625
0 0.7925 0.41375 0.02 0.03625
0 0.60625 0.38375 0.03125 0.0325
0 0.135 0.5175 0.02 0.06
0 0.345 0.39875 0.03875 0.075
0 0.26125 0.3975 0.03125 0.0775
0 0.54125 0.32 0.0625 0.03375
0 0.60125 0.325 0.0475 0.02375
0 0.64 0.30875 0.025 0.05375
0 0.6675 0.30875 0.02875 0.05625
0 0.6975 0.31375 0.025 0.045
0 0.72 0.3125 0.01875 0.045
0 0.74375 0.30375 0.0275 0.065
0 0.30125 0.41375 0.04375 0.0475
0 0.77625 0.30125 0.03125 0.0675
0 0.8325 0.28875 0.02625 0.0875
0 0.86125 0.295 0.0275 0.07875
0 0.13375 0.41875 0.01625 0.04
0 0.15375 0.4075 0.01875 0.065
0 0.1775 0.405 0.0275 0.06375
0 0.20375 0.4025 0.02125 0.07
0 0.23125 0.4 0.02875 0.07375
0 0.805 0.29 0.0275 0.09
0 0.33375 0.62 0.0225 0.03125
0 0.15875 0.5225 0.02 0.0575
0 0.2125 0.49875 0.065 0.03625
0 0.28375 0.25625 0.06625 0.01375
0 0.24875 0.31625 0.07875 0.04375
0 0.1975 0.30375 0.02 0.06875
0 0.175 0.31875 0.025 0.03875
0 0.84625 0.175 0.0575 0.07375
0 0.78625 0.17125 0.0575 0.07375
0 0.72625 0.175 0.055 0.07
0 0.285 0.27 0.06 0.01125
0 0.78875 0.09625 0.055 0.0725
0 0.76625 0.50875 0.02625 0.06375
0 0.7925 0.50625 0.0225 0.06
0 0.86 0.515 0.02875 0.06125
0 0.13875 0.6275 0.025 0.0575
0 0.15375 0.58 0.03875 0.03
0 0.27125 0.61625 0.015 0.03875
0 0.28875 0.62 0.0175 0.03375
0 0.7275 0.0975 0.055 0.07875
0 0.20375 0.53125 0.06625 0.0225
0 0.30625 0.32 0.03 0.03375
0 0.73625 0.51375 0.025 0.0425
0 0.2775 0.50875 0.05 0.0675
0 0.3375 0.51375 0.06125 0.0625
0 0.3575 0.45875 0.05875 0.00875
0 0.38625 0.52125 0.0275 0.04
0 0.4125 0.5175 0.01625 0.0425
0 0.435 0.515 0.0275 0.0625
0 0.4625 0.515 0.02625 0.0625
0 0.405 0.31375 0.06625 0.0425
0 0.4875 0.52625 0.01875 0.04
0 0.525 0.51375 0.02125 0.05375
0 0.54625 0.5125 0.01875 0.0525
0 0.56875 0.48625 0.0125 0.0625
0 0.58875 0.4875 0.0225 0.0625
0 0.64375 0.51125 0.0575 0.05625
0 0.68875 0.52375 0.025 0.03125
0 0.71375 0.515 0.0175 0.04125
0 0.50375 0.525 0.015 0.03875
0 0.81375 0.4975 0.01625 0.0475
0 0.28625 0.17625 0.05125 0.06875