0 0.5775 0.69875 0.04125 0.03375
0 0.4975 0.735 0.03625 0.03375
0 0.45375 0.73375 0.04 0.03
0 0.41125 0.73625 0.04 0.03
0 0.36625 0.735 0.04375 0.03
0 0.62125 0.7 0.04 0.035
0 0.6625 0.5225 0.03875 0.035
0 0.4525 0.70125 0.04375 0.03375
0 0.46 0.635 0.0425 0.03
0 0.41375 0.635 0.045 0.03375
0 0.365 0.6375 0.0425 0.02875
0 0.63 0.6 0.04 0.035
0 0.5875 0.59875 0.04 0.03375
0 0.54375 0.60125 0.04 0.03375
0 0.5025 0.6 0.03875 0.0325
0 0.45875 0.60125 0.04 0.035
0 0.4125 0.60125 0.0475 0.0325
0 0.36625 0.60375 0.04375 0.035
0 0.375 0.5675 0.02625 0.02125
0 0.325 0.6325 0.02875 0.03625
0 0.2875 0.63125 0.0375 0.0325
0 0.24625 0.63 0.04125 0.03375
0 0.31875 0.5925 0.03875 0.035
0 0.28 0.59375 0.03125 0.035
0 0.245 0.5925 0.03625 0.03625
0 0.7475 0.525 0.0475 0.0325
0 0.7025 0.5225 0.0375 0.0325
0 0.5025 0.63375 0.0375 0.03125
0 0.5425 0.635 0.03625 0.03
0 0.62125 0.52625 0.04375 0.035
0 0.5775 0.52625 0.04125 0.03125
0 0.41 0.70125 0.04 0.0325
0 0.36625 0.70125 0.045 0.0325
0 0.31375 0.73125 0.0475 0.035
0 0.31875 0.69375 0.04625 0.03375
0 0.2625 0.735 0.04375 0.03375
0 0.26375 0.695 0.04375 0.03875
0 0.74875 0.6375 0.04 0.03125
0 0.7075 0.63625 0.0375 0.02875
0 0.67 0.635 0.035 0.03
0 0.49625 0.7 0.03875 0.035
0 0.75125 0.60375 0.0375 0.0325
0 0.6725 0.60125 0.04 0.035
0 0.62625 0.6375 0.0375 0.03
0 0.58375 0.635 0.03625 0.03125
0 0.30375 0.5225 0.04125 0.0375
0 0.35375 0.5275 0.045 0.03125
0 0.4 0.52625 0.04375 0.0325
0 0.445 0.52625 0.04125 0.03125
0 0.49 0.52625 0.0375 0.0325
0 0.535 0.525 0.04 0.03125
0 0.71125 0.6025 0.035 0.03125
0 0.5375 0.69875 0.0375 0.03375
0 0.25875 0.52125 0.04375 0.0375
0 0.61875 0.49 0.04375 0.0325
0 0.28375 0.4175 0.0625 0.04125
0 0.28375 0.375 0.06375 0.04125
0 0.7525 0.315 0.0375 0.0325
0 0.71375 0.315 0.03625 0.0325
0 0.67 0.31625 0.04375 0.03375
0 0.625 0.31625 0.03875 0.03125
0 0.58125 0.31625 0.045 0.03625
0 0.535 0.315 0.0425 0.0325
0 0.49 0.31625 0.04375 0.035
0 0.44125 0.315 0.04625 0.0325
0 0.3925 0.31625 0.045 0.035
0 0.625 0.28125 0.03875 0.03625
0 0.58 0.27875 0.04375 0.03625
0 0.535 0.28 0.04125 0.0375
0 0.48875 0.2775 0.04125 0.0375
0 0.44 0.27875 0.04625 0.035
0 0.39125 0.27875 0.04875 0.035
0 0.3425 0.31375 0.0475 0.03625
0 0.34125 0.27625 0.04375 0.03625
0 0.2825 0.31 0.05875 0.0375
0 0.28375 0.27125 0.06375 0.03625
0 0.235 0.31 0.02875 0.035
0 0.23375 0.2725 0.025 0.0375
0 0.7125 0.02125 0.11125 0.04
0 0.7225 0.1 0.11625 0.105
0 0.3475 0.3875 0.04875 0.035
0 0.53875 0.73375 0.03875 0.0325
0 0.35125 0.4225 0.04625 0.03125
0 0.4025 0.42125 0.04375 0.03375
0 0.575 0.49 0.0425 0.035
0 0.5325 0.49 0.0375 0.035
0 0.49125 0.49125 0.04125 0.03375
0 0.445 0.49125 0.04625 0.035
0 0.3975 0.49125 0.045 0.0325
0 0.35 0.4925 0.045 0.03375
0 0.3025 0.48375 0.04375 0.03875
0 0.25625 0.48375 0.045 0.03625
0 0.59 0.1275 0.1 0.05625
0 0.58375 0.4225 0.03875 0.03375
0 0.54 0.4225 0.04 0.03375
0 0.4975 0.42125 0.04125 0.0325
0 0.63 0.4225 0.045 0.0325
0 0.675 0.42125 0.04 0.03
0 0.715 0.42125 0.03875 0.03
0 0.755 0.42125 0.04125 0.02875
0 0.7575 0.38875 0.04 0.035
0 0.715 0.38625 0.04 0.03125
0 0.6725 0.38625 0.04375 0.03375
0 0.62625 0.3875 0.04125 0.035
0 0.5825 0.38625 0.04 0.03375
0 0.54 0.3875 0.04125 0.03375
0 0.49875 0.38625 0.04 0.03375
0 0.45125 0.4225 0.0425 0.03125
0 0.45375 0.3875 0.04625 0.0325
0 0.4025 0.385 0.04875 0.03375
0 0.58 0.735 0.04 0.03375
0 0.595 0.04875 0.09375 0.0975
0 0.665 0.7325 0.03875 0.03625
0 0.24125 0.91875 0.04125 0.03625
0 0.29375 0.88375 0.05125 0.03125
0 0.29375 0.92125 0.0525 0.03875
0 0.35 0.89875 0.03875 0.03375
0 0.39625 0.9 0.045 0.03
0 0.44375 0.89625 0.04375 0.0325
0 0.49375 0.895 0.03625 0.03375
0 0.5375 0.895 0.04 0.035
0 0.58125 0.89625 0.0425 0.035
0 0.62375 0.8925 0.03625 0.0325
0 0.35625 0.9325 0.03875 0.02875
0 0.39875 0.92875 0.045 0.02625
0 0.4925 0.92875 0.0375 0.02625
0 0.53625 0.92875 0.03875 0.03125
0 0.5825 0.92875 0.0425 0.02625
0 0.62375 0.92625 0.03625 0.0325
0 0.67 0.8825 0.0375 0.035
0 0.70625 0.88375 0.03 0.0325
0 0.73875 0.885 0.03 0.0325
0 0.67625 0.9325 0.03875 0.0375
0 0.715 0.93375 0.03375 0.0325
0 0.75 0.9325 0.035 0.03375
0 0.62 0.735 0.03875 0.03125
0 0.2425 0.8825 0.0425 0.02125
0 0.74 0.83375 0.035 0.03
0 0.4475 0.92875 0.04125 0.025
0 0.66375 0.83 0.03375 0.0325
0 0.70125 0.83125 0.03875 0.0325
0 0.745 0.735 0.03375 0.03125
0 0.25125 0.78625 0.05375 0.04
0 0.30875 0.78875 0.05875 0.03625
0 0.24875 0.82875 0.05375 0.04
0 0.305 0.82875 0.0525 0.04125
0 0.365 0.79875 0.0475 0.035
0 0.4125 0.8 0.04375 0.03375
0 0.5 0.80125 0.04125 0.0325
0 0.54125 0.79875 0.03875 0.035
0 0.58125 0.7975 0.0375 0.0325
0 0.62375 0.8 0.03375 0.03375
0 0.365 0.83375 0.04125 0.03375
0 0.45625 0.8 0.04 0.035
0 0.4575 0.83375 0.04375 0.03125
0 0.74 0.8 0.04 0.035
0 0.41125 0.8325 0.0425 0.03125
0 0.665 0.79625 0.035 0.03
0 0.625 0.83625 0.03875 0.03125
0 0.70125 0.7975 0.035 0.02875
0 0.5 0.835 0.04 0.03125
0 0.54125 0.83375 0.04 0.03
0 0.5825 0.8325 0.03875 0.03375
0 0.7075 0.73375 0.03625 0.03375