0 0.435 0.91625 0.04125 0.03125
0 0.47875 0.915 0.04125 0.0275
0 0.52125 0.91875 0.0425 0.02875
0 0.565 0.92 0.04125 0.025
0 0.60875 0.92125 0.04375 0.02625
0 0.695 0.9225 0.04125 0.02875
0 0.74 0.92375 0.045 0.0275
0 0.135 0.91125 0.02 0.03375
0 0.43625 0.885 0.04125 0.02875
0 0.16625 0.91 0.0375 0.03375
0 0.65375 0.92125 0.04125 0.025
0 0.4775 0.88625 0.04125 0.03
0 0.79875 0.92375 0.04375 0.02875
0 0.56375 0.89 0.0425 0.03
0 0.60875 0.89125 0.04125 0.0275
0 0.65125 0.8925 0.0425 0.02875
0 0.69625 0.89375 0.04375 0.0275
0 0.73875 0.8925 0.03875 0.0275
0 0.855 0.85875 0.03875 0.0225
0 0.7825 0.875 0.0425 0.02625
0 0.84375 0.92375 0.0425 0.0275
0 0.86 0.81 0.03 0.02625
0 0.8225 0.81875 0.04 0.0175
0 0.78125 0.81625 0.03875 0.0175
0 0.2225 0.88375 0.045 0.02875
0 0.52125 0.88875 0.04125 0.02625
0 0.27 0.88875 0.045 0.03
0 0.3525 0.51625 0.0525 0.0175
0 0.3225 0.87875 0.04625 0.03
0 0.69875 0.53875 0.04625 0.04875
0 0.74625 0.53875 0.045 0.0475
0 0.35375 0.545 0.05 0.03375
0 0.30375 0.5425 0.0475 0.03125
0 0.25625 0.5425 0.0475 0.03375
0 0.20625 0.5425 0.04875 0.0325
0 0.14 0.52375 0.02875 0.0725
0 0.27625 0.51375 0.03625 0.01875
0 0.73625 0.80625 0.04375 0.03
0 0.1475 0.615 0.0175 0.03625
0 0.21375 0.5925 0.0475 0.03
0 0.26125 0.59375 0.045 0.03125
0 0.2775 0.84875 0.0425 0.0225
0 0.31 0.595 0.04875 0.035
0 0.2625 0.62625 0.0475 0.03125
0 0.3125 0.62875 0.0475 0.0275
0 0.36 0.62625 0.0425 0.03
0 0.72 0.69625 0.04375 0.03125
0 0.45 0.6325 0.04375 0.03125
0 0.49375 0.63375 0.04 0.03
0 0.5375 0.635 0.04625 0.03125
0 0.22625 0.9175 0.04875 0.03125
0 0.27375 0.91875 0.04625 0.025
0 0.32125 0.92 0.04625 0.025
0 0.3675 0.9175 0.045 0.0275
0 0.37 0.87875 0.04625 0.0275
0 0.21375 0.62625 0.0475 0.0325
0 0.69375 0.805 0.04 0.0325
0 0.27125 0.7225 0.04625 0.02875
0 0.605 0.80375 0.04125 0.03375
0 0.62625 0.6025 0.04375 0.03
0 0.58125 0.60125 0.04375 0.03125
0 0.53625 0.6025 0.0425 0.02875
0 0.4925 0.60125 0.0425 0.03
0 0.4475 0.60125 0.04625 0.0275
0 0.4025 0.6 0.04125 0.0325
0 0.84375 0.6325 0.06 0.03375
0 0.84875 0.72875 0.05125 0.03125
0 0.79375 0.7275 0.05875 0.03125
0 0.825 0.6825 0.04625 0.0175
0 0.775 0.68 0.05 0.015
0 0.72 0.73 0.04375 0.03125
0 0.67 0.60375 0.0425 0.03
0 0.67375 0.73 0.04125 0.0325
0 0.585 0.73 0.0425 0.03125
0 0.54125 0.72875 0.0425 0.03125
0 0.49875 0.72875 0.04125 0.02875
0 0.455 0.72875 0.0425 0.02875
0 0.4125 0.72875 0.04 0.0275
0 0.365 0.7275 0.0475 0.02875
0 0.45375 0.6975 0.04 0.03
0 0.49875 0.6975 0.045 0.03125
0 0.54375 0.69875 0.04 0.02875
0 0.58625 0.6975 0.04125 0.03125
0 0.63125 0.7 0.04125 0.03125
0 0.67375 0.6975 0.0425 0.03
0 0.63 0.73 0.04625 0.03125
0 0.64875 0.805 0.04125 0.03
0 0.71375 0.60125 0.045 0.03125
0 0.75875 0.63375 0.04375 0.03125
0 0.5625 0.8025 0.0425 0.03
0 0.51875 0.80125 0.04125 0.0325
0 0.47625 0.8025 0.04125 0.03125
0 0.4325 0.80125 0.04125 0.0325
0 0.2075 0.8 0.03 0.02625
0 0.245 0.8 0.045 0.02625
0 0.29125 0.80125 0.0475 0.03
0 0.34 0.79375 0.04125 0.02625
0 0.385 0.79875 0.04625 0.02875
0 0.34375 0.77 0.045 0.02
0 0.29375 0.77 0.0475 0.025
0 0.2475 0.77 0.04625 0.02375
0 0.75875 0.6 0.0425 0.0325
0 0.2075 0.77125 0.02875 0.02875
0 0.17375 0.72 0.04125 0.0325
0 0.13875 0.72 0.02625 0.03375
0 0.31875 0.725 0.04125 0.03
0 0.65125 0.5375 0.04875 0.0475
0 0.2225 0.7225 0.04875 0.03125
0 0.22125 0.6875 0.04875 0.0275
0 0.27 0.69125 0.045 0.03375
0 0.31625 0.69375 0.04625 0.02875
0 0.58375 0.635 0.0425 0.02875
0 0.62625 0.63375 0.0425 0.03
0 0.67125 0.635 0.04125 0.02875
0 0.71375 0.635 0.0425 0.03
0 0.14625 0.795 0.04125 0.03375
0 0.6025 0.53875 0.04625 0.0475
0 0.405 0.6325 0.0425 0.03
0 0.51125 0.5375 0.045 0.05
0 0.55625 0.5375 0.045 0.04875
0 0.82 0.21 0.04 0.05125
0 0.775 0.2075 0.04625 0.0575
0 0.72625 0.2075 0.04875 0.0575
0 0.67625 0.2075 0.0475 0.05875
0 0.62625 0.2075 0.05 0.06
0 0.33 0.2475 0.05 0.01875
0 0.57625 0.20875 0.04625 0.055
0 0.47625 0.2075 0.04625 0.05625
0 0.4275 0.21 0.045 0.05625
0 0.38125 0.26625 0.04625 0.0575
0 0.43 0.26625 0.04625 0.05625
0 0.47875 0.265 0.0475 0.05375
0 0.52625 0.26625 0.04625 0.055
0 0.52625 0.20875 0.05 0.05375
0 0.575 0.26625 0.05 0.055
0 0.27875 0.23875 0.0525 0.03
0 0.22375 0.27375 0.05 0.03625
0 0.70125 0.41375 0.04625 0.0525
0 0.6525 0.41375 0.04625 0.0525
0 0.605 0.41375 0.045 0.05125
0 0.5575 0.4125 0.04625 0.0525
0 0.51 0.4125 0.04375 0.05125
0 0.4625 0.41125 0.0475 0.0525
0 0.2775 0.27625 0.05125 0.035
0 0.41625 0.41125 0.0425 0.05375
0 0.32125 0.41875 0.05 0.0325
0 0.26875 0.4175 0.05 0.0325
0 0.21625 0.41875 0.0475 0.035
0 0.185 0.27375 0.03125 0.0325
0 0.1825 0.2375 0.03 0.0375
0 0.225 0.23875 0.05125 0.0325
0 0.37 0.41875 0.04625 0.03375
0 0.75375 0.41375 0.0525 0.05375
0 0.62375 0.26625 0.04625 0.055
0 0.7225 0.265 0.04875 0.05375
0 0.62125 0.065 0.04875 0.0575
0 0.56875 0.06375 0.04875 0.05875
0 0.51875 0.065 0.0475 0.05875
0 0.46875 0.065 0.04875 0.05875
0 0.4175 0.06625 0.0475 0.06125
0 0.36625 0.06625 0.05125 0.0575
0 0.6725 0.065 0.0525 0.0575
0 0.17875 0.1375 0.03125 0.03375
0 0.27 0.13625 0.05125 0.03375
0 0.32125 0.1375 0.0475 0.03375
0 0.31625 0.09875 0.0475 0.035
0 0.26625 0.10125 0.05 0.035
0 0.21625 0.1 0.04875 0.035
0 0.17625 0.10125 0.03 0.035
0 0.21875 0.1375 0.04875 0.03375
0 0.6725 0.26625 0.05 0.055
0 0.72625 0.06375 0.05125 0.05875
0 0.77625 0.1225 0.04875 0.06125
0 0.7725 0.265 0.04875 0.05375
0 0.8175 0.26625 0.04125 0.0625
0 0.8575 0.26875 0.03375 0.0575
0 0.85875 0.21125 0.0325 0.0525
0 0.86 0.12125 0.02875 0.06125
0 0.82375 0.1225 0.04125 0.06125
0 0.7775 0.06125 0.0525 0.05875
0 0.37 0.12625 0.04875 0.05625
0 0.46875 0.12625 0.0475 0.06
0 0.5175 0.12625 0.04875 0.05625
0 0.56875 0.12625 0.05125 0.05875
0 0.62 0.125 0.05125 0.05875
0 0.67125 0.125 0.04875 0.06125
0 0.72375 0.1225 0.0525 0.05875
0 0.42125 0.1275 0.0475 0.06
0 0.75375 0.3575 0.04625 0.05625
0 0.33125 0.275 0.0525 0.03375
0 0.3625 0.69625 0.04625 0.03
0 0.4175 0.48625 0.04375 0.04875
0 0.46375 0.48625 0.045 0.05125
0 0.51 0.485 0.045 0.05
0 0.5575 0.485 0.04625 0.055
0 0.6525 0.485 0.04375 0.0525
0 0.7 0.48625 0.04625 0.0525
0 0.7475 0.48625 0.0425 0.055
0 0.7975 0.535 0.05125 0.05125
0 0.4175 0.5375 0.045 0.04875
0 0.85 0.53625 0.04875 0.055
0 0.8025 0.4225 0.0425 0.03125
0 0.41375 0.35625 0.045 0.05375
0 0.705 0.36 0.05125 0.05375
0 0.655 0.35875 0.0475 0.05625
0 0.605 0.35875 0.0475 0.05125
0 0.55875 0.35875 0.04625 0.055
0 0.51 0.35875 0.05 0.05
0 0.4625 0.3575 0.04625 0.055
0 0.8475 0.42125 0.0475 0.03125
0 0.465 0.53875 0.045 0.04875
0 0.60625 0.48625 0.04625 0.05125