0 0.61 0.24375 0.035 0.04375
0 0.56875 0.19375 0.03625 0.04875
0 0.53125 0.19375 0.03375 0.04625
0 0.57 0.2425 0.03625 0.04375
0 0.53125 0.24375 0.03375 0.03625
0 0.4025 0.21125 0.06125 0.02875
0 0.285 0.94125 0.05375 0.03625
0 0.32625 0.89 0.07875 0.04125
0 0.36625 0.9425 0.07625 0.03375
0 0.455 0.9425 0.08875 0.03625
0 0.4575 0.89 0.08 0.0375
0 0.3825 0.775 0.0575 0.04625
0 0.21625 0.9 0.0625 0.04
0 0.61 0.19875 0.0375 0.04375
0 0.69 0.25125 0.02875 0.025
0 0.6475 0.19875 0.03375 0.04625
0 0.69 0.21625 0.0325 0.04125
0 0.73875 0.25375 0.05875 0.02625
0 0.73875 0.22375 0.055 0.03125
0 0.22 0.945 0.065 0.0325
0 0.4575 0.82375 0.09 0.05
0 0.1525 0.91625 0.05 0.09125
0 0.46125 0.7725 0.08375 0.045
0 0.555 0.7975 0.085 0.08
0 0.6475 0.79875 0.085 0.08625
0 0.74 0.795 0.08125 0.08
0 0.83125 0.81 0.07375 0.0225
0 0.83125 0.8325 0.0775 0.01875
0 0.82125 0.7725 0.0575 0.0275
0 0.6525 0.245 0.03625 0.04125
0 0.43 0.425 0.04875 0.04625
0 0.64125 0.9175 0.0875 0.07875
0 0.2875 0.17875 0.06 0.0275
0 0.59625 0.1025 0.05 0.08
0 0.54125 0.10125 0.0525 0.0825
0 0.49 0.0875 0.035 0.03
0 0.455 0.08875 0.03125 0.03
0 0.13875 0.09375 0.0275 0.075
0 0.495 0.12125 0.03125 0.03
0 0.65 0.10375 0.05 0.08125
0 0.45875 0.1225 0.03625 0.03
0 0.385 0.1 0.0325 0.0675
0 0.33125 0.07875 0.065 0.0375
0 0.33125 0.11875 0.06625 0.0375
0 0.26 0.075 0.07375 0.04
0 0.25875 0.115 0.06125 0.0325
0 0.1875 0.09625 0.0625 0.07875
0 0.42 0.10375 0.03375 0.06375
0 0.345 0.21 0.0425 0.02375
0 0.705 0.105 0.05375 0.07875
0 0.82625 0.13125 0.0575 0.0225
0 0.285 0.20625 0.0575 0.01875
0 0.21625 0.2025 0.05875 0.0275
0 0.4925 0.245 0.0375 0.035
0 0.45125 0.245 0.03625 0.0275
0 0.41125 0.24375 0.03625 0.03
0 0.35125 0.2425 0.065 0.03375
0 0.765 0.13 0.0575 0.03
0 0.54875 0.91 0.08 0.0725
0 0.7375 0.9225 0.08375 0.08625
0 0.81625 0.94375 0.04625 0.03625
0 0.8225 0.89875 0.065 0.04625
0 0.2775 0.23875 0.06625 0.04
0 0.20875 0.2375 0.06375 0.0325
0 0.1475 0.215 0.0425 0.075
0 0.32 0.775 0.05625 0.04375
0 0.315 0.4325 0.04375 0.04375
0 0.3825 0.82 0.05125 0.03375
0 0.25625 0.775 0.0625 0.0425
0 0.31875 0.48125 0.04625 0.0425
0 0.26875 0.48 0.04875 0.03875
0 0.2175 0.47875 0.05 0.04
0 0.16625 0.47875 0.045 0.03875
0 0.83125 0.31375 0.04625 0.0425
0 0.8375 0.36375 0.04625 0.04
0 0.78375 0.315 0.03875 0.0425
0 0.7875 0.36125 0.0475 0.03625
0 0.37125 0.4775 0.05 0.04375
0 0.74 0.36375 0.04125 0.03875
0 0.69125 0.31625 0.035 0.04375
0 0.6525 0.31625 0.03625 0.04
0 0.60875 0.31625 0.04125 0.0425
0 0.69625 0.3625 0.03375 0.0425
0 0.65625 0.36125 0.035 0.0425
0 0.6175 0.3625 0.03625 0.045
0 0.56625 0.3175 0.035 0.04125
0 0.575 0.3625 0.04125 0.045
0 0.73625 0.3175 0.04625 0.04625
0 0.53375 0.3625 0.03625 0.04
0 0.4275 0.475 0.05375 0.045
0 0.215 0.43375 0.0475 0.0425
0 0.4825 0.4275 0.04625 0.05
0 0.5375 0.46 0.05125 0.0725
0 0.59 0.46125 0.05 0.07375
0 0.6425 0.46125 0.05125 0.0725
0 0.6975 0.46125 0.0525 0.075
0 0.53875 0.415 0.04875 0.01375
0 0.81875 0.47375 0.06125 0.04375
0 0.185 0.59125 0.055 0.03375
0 0.48375 0.4775 0.04875 0.0475
0 0.17625 0.5475 0.05125 0.03875
0 0.23625 0.55 0.06625 0.03875
0 0.355 0.55 0.12 0.03875
0 0.32875 0.59125 0.05 0.0375
0 0.3875 0.59 0.06 0.03875
0 0.4675 0.59125 0.085 0.04375
0 0.46875 0.54875 0.08875 0.03875
0 0.54375 0.575 0.05375 0.08
0 0.2675 0.43625 0.045 0.0425
0 0.24625 0.595 0.06 0.04
0 0.49125 0.31125 0.025 0.0525
0 0.49375 0.3625 0.02625 0.045
0 0.35875 0.31 0.0325 0.04625
0 0.85375 0.58875 0.04125 0.04625
0 0.17125 0.6925 0.07875 0.06875
0 0.25375 0.70875 0.0625 0.03625
0 0.25 0.665 0.05875 0.0425
0 0.3225 0.7075 0.06625 0.03875
0 0.395 0.70625 0.06125 0.03875
0 0.4725 0.69625 0.07 0.03625
0 0.3175 0.6625 0.06625 0.045
0 0.85 0.54125 0.0475 0.04375
0 0.47 0.64875 0.05625 0.0275
0 0.6 0.6875 0.04875 0.08125
0 0.65375 0.68625 0.055 0.08
0 0.7425 0.70375 0.1125 0.03875
0 0.745 0.665 0.115 0.0375
0 0.83375 0.68625 0.0475 0.09375
0 0.1875 0.8175 0.06375 0.03625
0 0.19 0.77375 0.06125 0.04125
0 0.255 0.82125 0.06125 0.0425
0 0.54375 0.6875 0.05375 0.08375
0 0.80375 0.54125 0.04125 0.0425
0 0.8075 0.58875 0.04625 0.045
0 0.7575 0.54125 0.04125 0.0425
0 0.325 0.3075 0.03125 0.05
0 0.28375 0.305 0.035 0.0475
0 0.24375 0.3075 0.03125 0.0475
0 0.45875 0.36 0.03 0.05
0 0.4275 0.36 0.0275 0.0525
0 0.39375 0.36125 0.03125 0.045
0 0.35875 0.36 0.03125 0.04875
0 0.32 0.3575 0.03375 0.04625
0 0.285 0.35625 0.03125 0.04875
0 0.24625 0.35625 0.0325 0.04625
0 0.1925 0.31 0.0625 0.04125
0 0.18875 0.35875 0.0675 0.045
0 0.81 0.22375 0.06375 0.03
0 0.81 0.25375 0.06 0.0275
0 0.7425 0.18875 0.0625 0.03125
0 0.6 0.5725 0.04875 0.07625
0 0.65125 0.5725 0.0475 0.08
0 0.7075 0.575 0.0525 0.075
0 0.7575 0.58875 0.04125 0.04375
0 0.32125 0.82125 0.0575 0.04375
0 0.37 0.42625 0.0525 0.05
0 0.39875 0.6625 0.06375 0.03875