0 0.765 0.375 0.06375 0.105
0 0.10875 0.36875 0.02375 0.0575
0 0.01125 0.35875 0.0225 0.075
0 0.05 0.45875 0.05625 0.0375
0 0.05625 0.36125 0.02875 0.065
0 0.135 0.3725 0.02 0.06
0 0.085 0.37 0.0225 0.0525
0 0.12125 0.46125 0.01875 0.0625
0 0.6875 0.38125 0.0575 0.10375
0 0.14625 0.46 0.02625 0.06875
0 0.00625 0.5675 0.0125 0.04625
0 0.0225 0.56875 0.01125 0.045
0 0.04 0.5725 0.015 0.035
0 0.0575 0.57125 0.01125 0.04375
0 0.075 0.5675 0.01875 0.05
0 0.1075 0.57 0.02125 0.04875
0 0.15 0.57 0.0525 0.05125
0 0.205 0.59375 0.03125 0.08875
0 0.23625 0.59875 0.0225 0.09375
0 0.26375 0.5975 0.02375 0.09625
0 0.3025 0.59625 0.04875 0.08625
0 0.34125 0.6025 0.025 0.09375
0 0.09875 0.46 0.02375 0.0675
0 0.6225 0.38625 0.05625 0.105
0 0.26 0.3675 0.0325 0.09625
0 0.4875 0.3775 0.05 0.1125
0 0.97875 0.2475 0.04125 0.115
0 0.92375 0.24625 0.0575 0.11125
0 0.84875 0.245 0.04625 0.11625
0 0.765 0.24375 0.05125 0.10375
0 0.70125 0.25125 0.06 0.11375
0 0.62875 0.2725 0.05875 0.10125
0 0.56375 0.255 0.0475 0.105
0 0.4975 0.25875 0.05125 0.09625
0 0.425 0.25375 0.0575 0.10625
0 0.35375 0.2625 0.04 0.105
0 0.29625 0.265 0.0525 0.1025
0 0.105 0.2125 0.025 0.0575
0 0.19 0.265 0.04875 0.105
0 0.095 0.27375 0.01875 0.05875
0 0.05625 0.2625 0.02 0.0525
0 0.025 0.26375 0.01625 0.055
0 0.4075 0.605 0.05 0.0925
0 0.84375 0.365 0.04375 0.10125
0 0.55375 0.37875 0.0575 0.12125
0 0.90625 0.3675 0.04125 0.1025
0 0.94875 0.48 0.0575 0.105
0 0.43125 0.3575 0.05875 0.08875
0 0.3675 0.37125 0.0425 0.0925
0 0.31125 0.36875 0.0525 0.09625
0 0.20125 0.375 0.04125 0.10125
0 0.18875 0.49625 0.04 0.0825
0 0.3225 0.5025 0.0325 0.07125
0 0.28 0.50125 0.0275 0.07125
0 0.235 0.4925 0.03625 0.08375
0 0.3725 0.48375 0.04375 0.08875
0 0.44 0.49125 0.045 0.09375
0 0.48875 0.49875 0.03125 0.0825
0 0.53875 0.5 0.04 0.0925
0 0.58 0.4925 0.0325 0.08875
0 0.6225 0.49375 0.04 0.08875
0 0.675 0.49625 0.0525 0.0975
0 0.885 0.50125 0.0525 0.105
0 0.735 0.49125 0.04875 0.0975
0 0.9725 0.3725 0.055 0.1025
0 0.81625 0.4925 0.0675 0.12125
0 0.45125 0.61 0.02875 0.0825
0 0.52 0.615 0.03125 0.08
0 0.305 0.71375 0.02125 0.08875
0 0.33625 0.71875 0.02875 0.0825
0 0.38 0.72625 0.02875 0.0675
0 0.41375 0.73375 0.0275 0.06125
0 0.445 0.73625 0.02625 0.0575
0 0.47375 0.745 0.02125 0.04375
0 0.51 0.74625 0.0325 0.04875
0 0.11625 0.71 0.03 0.0275
0 0.1675 0.71375 0.0575 0.04625
0 0.27875 0.71125 0.02 0.0875
0 0.0425 0.7125 0.03625 0.04375
0 0.25625 0.15625 0.04875 0.0625
0 0.30625 0.15625 0.045 0.0625
0 0.43125 0.15625 0.0525 0.0625
0 0.49 0.15875 0.0575 0.0675
0 0.56125 0.1575 0.0525 0.065
0 0.6275 0.1575 0.05625 0.065
0 0.69625 0.1575 0.05625 0.065
0 0.76625 0.15625 0.05875 0.0625
0 0.4875 0.6125 0.03 0.08375
0 0.20375 0.15625 0.04875 0.0625
0 0.24875 0.71 0.025 0.09125
0 0.3575 0.15625 0.05 0.0625
0 0.54125 0.73625 0.025 0.07375
0 0.55375 0.61875 0.02875 0.08625
0 0.21875 0.70875 0.025 0.08875
0 0.58625 0.6125 0.02875 0.08125
0 0.62375 0.6225 0.03625 0.085
0 0.66625 0.62125 0.03125 0.0875
0 0.77375 0.62625 0.0375 0.0925
0 0.84875 0.6275 0.0525 0.09125
0 0.89625 0.62875 0.02875 0.0925
0 0.95625 0.6325 0.08625 0.1
0 0.9825 0.76125 0.03375 0.08375
0 0.7025 0.625 0.0325 0.0875
0 0.86 0.76875 0.035 0.0525
0 0.8175 0.76375 0.02875 0.05625
0 0.77625 0.765 0.0325 0.05
0 0.74 0.7575 0.0275 0.06625
0 0.70375 0.75125 0.03125 0.07
0 0.675 0.7475 0.02 0.0725
0 0.64375 0.73125 0.025 0.09875
0 0.57625 0.7375 0.02875 0.07375
0 0.935 0.77625 0.0475 0.045
0 0.61 0.745 0.02875 0.06875