0 0.19625 0.62875 0.0175 0.0525
0 0.57875 0.6075 0.01875 0.0575
0 0.555 0.6125 0.01875 0.0575
0 0.53375 0.61375 0.0175 0.06
0 0.51 0.60875 0.02 0.06125
0 0.485 0.60625 0.01875 0.05875
0 0.46375 0.60625 0.02 0.05625
0 0.4425 0.6075 0.015 0.05375
0 0.3825 0.625 0.02125 0.06
0 0.315 0.625 0.0175 0.06125
0 0.3375 0.6225 0.01625 0.0625
0 0.85875 0.6 0.0225 0.06125
0 0.77 0.59 0.02 0.06125
0 0.60125 0.60875 0.01875 0.05625
0 0.8075 0.6 0.02375 0.06375
0 0.29125 0.63 0.0225 0.05
0 0.26625 0.63 0.02 0.05
0 0.2425 0.63125 0.01875 0.05625
0 0.21875 0.62875 0.0175 0.06
0 0.8325 0.59125 0.01625 0.065
0 0.35875 0.6225 0.02 0.06
0 0.6225 0.6075 0.01625 0.06
0 0.315 0.695 0.0175 0.05
0 0.2025 0.69625 0.02 0.05
0 0.74875 0.5875 0.015 0.0625
0 0.7275 0.6025 0.02125 0.0625
0 0.70375 0.605 0.02125 0.05875
0 0.65125 0.53125 0.02125 0.065
0 0.60375 0.5275 0.0175 0.06125
0 0.58 0.5275 0.0225 0.05875
0 0.55625 0.5275 0.01625 0.05625
0 0.53375 0.53 0.02 0.0575
0 0.51 0.52875 0.015 0.06125
0 0.4875 0.525 0.02 0.0625
0 0.46375 0.525 0.02 0.05375
0 0.4425 0.53 0.02 0.0675
0 0.34125 0.525 0.01375 0.02625
0 0.44625 0.69 0.02125 0.06125
0 0.47375 0.6875 0.02 0.06875
0 0.50125 0.68875 0.0225 0.05875
0 0.525 0.69 0.02125 0.0625
0 0.55125 0.69 0.02 0.0625
0 0.385 0.6875 0.02375 0.03625
0 0.36 0.68625 0.02 0.03625
0 0.3375 0.6875 0.0175 0.0375
0 0.29375 0.69625 0.02 0.0525
0 0.27 0.69625 0.02125 0.05
0 0.2475 0.6975 0.01875 0.0475
0 0.2275 0.69625 0.01875 0.05375
0 0.64625 0.6125 0.02375 0.065
0 0.62625 0.52625 0.01875 0.06125
0 0.2375 0.53875 0.01875 0.0575
0 0.35875 0.545 0.01875 0.0575
0 0.30125 0.275 0.025 0.0825
0 0.3275 0.275 0.02 0.08
0 0.35125 0.2775 0.02625 0.08375
0 0.3775 0.27625 0.01625 0.08375
0 0.3925 0.27625 0.01125 0.085
0 0.4425 0.27125 0.0175 0.05875
0 0.46625 0.26375 0.02125 0.0825
0 0.49125 0.27625 0.02125 0.05875
0 0.515 0.275 0.02125 0.05875
0 0.53875 0.27375 0.02 0.06125
0 0.56375 0.27375 0.02 0.0575
0 0.275 0.2725 0.01875 0.0875
0 0.59125 0.2675 0.025 0.075
0 0.665 0.265 0.01625 0.075
0 0.6175 0.27125 0.01625 0.06875
0 0.78875 0.26125 0.01625 0.06125
0 0.81 0.265 0.0175 0.06125
0 0.835 0.26375 0.01625 0.06875
0 0.86 0.26375 0.02 0.05875
0 0.81625 0.33875 0.01625 0.05375
0 0.8425 0.33625 0.015 0.0525
0 0.86625 0.3375 0.0175 0.05125
0 0.76125 0.355 0.01875 0.02625
0 0.78625 0.35625 0.02 0.02125
0 0.64 0.26375 0.02125 0.08125
0 0.25125 0.275 0.0275 0.08375
0 0.2225 0.27625 0.02 0.08
0 0.17 0.275 0.025 0.0875
0 0.17125 0.16625 0.02375 0.09875
0 0.195 0.17 0.01875 0.0925
0 0.2175 0.1725 0.02 0.08625
0 0.2425 0.1775 0.02125 0.07875
0 0.27 0.1675 0.02125 0.0975
0 0.29625 0.1725 0.02125 0.08875
0 0.32375 0.175 0.01875 0.0925
0 0.3475 0.1725 0.02 0.09125
0 0.37125 0.175 0.02 0.0975
0 0.44625 0.18375 0.02125 0.04625
0 0.47125 0.18625 0.02125 0.0425
0 0.49625 0.18625 0.01625 0.04
0 0.52125 0.18625 0.01875 0.04625
0 0.545 0.1825 0.02125 0.0475
0 0.57125 0.185 0.015 0.045
0 0.59375 0.185 0.02125 0.04625
0 0.62 0.1825 0.01875 0.04625
0 0.64625 0.1825 0.02 0.04625
0 0.67125 0.18375 0.0225 0.04375
0 0.74 0.15875 0.02 0.06375
0 0.765 0.16 0.02 0.065
0 0.79125 0.16125 0.02125 0.0625
0 0.81875 0.15875 0.02125 0.06
0 0.845 0.15375 0.01875 0.06
0 0.8675 0.1575 0.015 0.0525
0 0.72 0.4275 0.02125 0.05375
0 0.74375 0.42625 0.01625 0.0475
0 0.76625 0.42875 0.01875 0.04625
0 0.79125 0.42875 0.01625 0.0475
0 0.65875 0.35625 0.02125 0.0775
0 0.65625 0.44875 0.0225 0.06875
0 0.6325 0.44625 0.02 0.06625
0 0.44375 0.44625 0.015 0.07125
0 0.465 0.445 0.01875 0.0625
0 0.4875 0.445 0.01875 0.06
0 0.51375 0.44375 0.02125 0.0625
0 0.5375 0.445 0.01625 0.0625
0 0.55875 0.44375 0.02 0.0675
0 0.5825 0.44375 0.01875 0.06375
0 0.60625 0.44375 0.02 0.06625
0 0.18125 0.45375 0.01875 0.06625
0 0.20875 0.4525 0.02375 0.06
0 0.2325 0.45625 0.01875 0.05875
0 0.25625 0.455 0.0175 0.05875
0 0.28375 0.4525 0.02625 0.0575
0 0.33 0.45625 0.02125 0.055
0 0.37875 0.4575 0.02 0.06
0 0.3975 0.46125 0.01375 0.06125
0 0.19 0.54 0.02125 0.0525
0 0.215 0.53875 0.02125 0.0525
0 0.58 0.69125 0.02 0.06375
0 0.2625 0.54125 0.01875 0.0575
0 0.2875 0.53875 0.01875 0.0575
0 0.31 0.5425 0.01875 0.0575
0 0.635 0.3525 0.01875 0.06875
0 0.3825 0.54125 0.02 0.06
0 0.6125 0.3525 0.0225 0.07
0 0.56375 0.3525 0.01875 0.07125
0 0.81375 0.42875 0.01875 0.04625
0 0.835 0.4275 0.01875 0.04875
0 0.85875 0.425 0.02375 0.0475
0 0.85375 0.51375 0.02 0.0475
0 0.83 0.51125 0.01875 0.0475
0 0.80375 0.51 0.01875 0.04875
0 0.7825 0.51375 0.0175 0.045
0 0.715 0.51125 0.02 0.05
0 0.7375 0.50875 0.01625 0.05125
0 0.76 0.51375 0.0175 0.04875
0 0.17625 0.3675 0.02 0.07
0 0.205 0.3625 0.015 0.06625
0 0.22875 0.3675 0.0175 0.07375
0 0.2525 0.36875 0.0225 0.07125
0 0.2825 0.36375 0.01625 0.065
0 0.30375 0.3675 0.02125 0.07625
0 0.3325 0.365 0.0175 0.065
0 0.35625 0.365 0.01375 0.0675
0 0.3775 0.37 0.02 0.07125
0 0.43875 0.35875 0.0175 0.07125
0 0.39875 0.37 0.015 0.0725
0 0.46375 0.35625 0.0225 0.06875
0 0.49125 0.3525 0.02125 0.0675
0 0.515 0.35375 0.01875 0.07125
0 0.5375 0.3525 0.02 0.07
0 0.58625 0.35375 0.02 0.06875
0 0.60625 0.69 0.025 0.065
0 0.3525 0.4575 0.0175 0.0575
0 0.8525 0.68375 0.04375 0.07
0 0.70875 0.6775 0.03875 0.0725
0 0.76 0.6725 0.04375 0.06125
0 0.80875 0.67625 0.0375 0.06
0 0.64 0.6875 0.03125 0.0625