0 0.30875 0.56375 0.01625 0.0675
0 0.33 0.565 0.015 0.07125
0 0.16125 0.6375 0.02 0.0675
0 0.9375 0.75875 0.03 0.06875
0 0.2125 0.6425 0.0175 0.07
0 0.235 0.64375 0.02 0.06625
0 0.25875 0.64875 0.01875 0.06875
0 0.28125 0.64875 0.01625 0.06875
0 0.3075 0.65125 0.0225 0.075
0 0.72875 0.80875 0.04125 0.07375
0 0.1575 0.55 0.015 0.07125
0 0.18625 0.64 0.01875 0.0675
0 0.29 0.2875 0.02 0.0575
0 0.01625 0.1925 0.0175 0.05875
0 0.2275 0.1825 0.02125 0.06125
0 0.2525 0.18375 0.02125 0.05875
0 0.27625 0.18375 0.01875 0.05875
0 0.3025 0.18375 0.02 0.06
0 0.435 0.28 0.02875 0.0825
0 0.405 0.2825 0.02 0.07625
0 0.64375 0.17 0.01625 0.08
0 0.83875 0.65375 0.02875 0.075
0 0.86875 0.65625 0.02625 0.07625
0 0.905 0.66125 0.02875 0.0775
0 0.94125 0.665 0.02625 0.0775
0 0.73375 0.72125 0.02125 0.06
0 0.76875 0.7325 0.0275 0.07375
0 0.80375 0.7375 0.02625 0.075
0 0.32375 0.19 0.015 0.04875
0 0.83375 0.74125 0.02875 0.075
0 0.86875 0.7475 0.025 0.0725
0 0.205 0.18375 0.0175 0.0575
0 0.18125 0.19 0.0225 0.06375
0 0.16125 0.17875 0.01625 0.0775
0 0.14125 0.18375 0.015 0.07125
0 0.595 0.38625 0.0325 0.0825
0 0.55875 0.385 0.0275 0.0825
0 0.525 0.38375 0.02875 0.0775
0 0.49125 0.38375 0.03125 0.08125
0 0.4575 0.385 0.02625 0.0775
0 0.42625 0.3825 0.02375 0.08
0 0.6375 0.28125 0.015 0.08125
0 0.61125 0.27875 0.02875 0.08875
0 0.9025 0.75 0.0325 0.07625
0 0.575 0.28 0.02875 0.08625
0 0.5025 0.28 0.02875 0.08625
0 0.47 0.2775 0.02875 0.08625
0 0.06125 0.6275 0.02375 0.05625
0 0.0075 0.71875 0.0125 0.0475
0 0.0225 0.71625 0.015 0.06375
0 0.04375 0.7225 0.02 0.06
0 0.065 0.72625 0.0175 0.06375
0 0.0875 0.7375 0.01375 0.0525
0 0.53875 0.28 0.0325 0.0875
0 0.6175 0.16875 0.02375 0.08125
0 0.5875 0.17125 0.02625 0.085
0 0.555 0.17 0.025 0.085
0 0.21875 0.285 0.01875 0.055
0 0.2425 0.28625 0.02 0.0525
0 0.3125 0.4725 0.02125 0.07125
0 0.285 0.4575 0.02 0.04625
0 0.26375 0.4575 0.0225 0.0475
0 0.23625 0.4575 0.01875 0.0475
0 0.21125 0.455 0.01875 0.04875
0 0.1875 0.4525 0.02 0.04875
0 0.19625 0.2875 0.02 0.0575
0 0.16375 0.45375 0.02375 0.05
0 0.30875 0.3775 0.0225 0.0725
0 0.28125 0.37625 0.02125 0.07625
0 0.2525 0.375 0.0225 0.07375
0 0.22875 0.375 0.02125 0.07375
0 0.205 0.375 0.01875 0.0725
0 0.18 0.3725 0.02125 0.0725
0 0.15375 0.37375 0.0225 0.0725
0 0.315 0.28875 0.02125 0.0575
0 0.3275 0.37875 0.0125 0.0775
0 0.62875 0.38875 0.02375 0.0825
0 0.33 0.6525 0.02 0.07125
0 0.195 0.735 0.0175 0.06375
0 0.52375 0.17 0.025 0.0825
0 0.15 0.2875 0.02125 0.0575
0 0.4925 0.16875 0.02375 0.0825
0 0.46375 0.17125 0.02375 0.08125
0 0.43625 0.1725 0.02625 0.0825
0 0.17375 0.2875 0.02 0.055
0 0.335 0.75375 0.015 0.07
0 0.315 0.7475 0.0225 0.0675
0 0.17125 0.73125 0.0175 0.065
0 0.28125 0.51 0.0225 0.05125
0 0.23125 0.51125 0.0225 0.05625
0 0.20625 0.51 0.02 0.055
0 0.18125 0.5075 0.02125 0.0525
0 0.3325 0.47375 0.01125 0.06875
0 0.2925 0.7475 0.02 0.0675
0 0.2675 0.7425 0.02125 0.065
0 0.24375 0.74 0.02 0.06625
0 0.22 0.73875 0.01875 0.06375
0 0.255 0.5125 0.02125 0.05375
0 0.415 0.48 0.03 0.0825
0 0.45125 0.48125 0.02625 0.07625
0 0.48375 0.4825 0.02625 0.0775
0 0.81875 0.46875 0.03125 0.085
0 0.775 0.46875 0.0325 0.08625
0 0.74125 0.4675 0.0325 0.085
0 0.97375 0.3775 0.03375 0.08625
0 0.9325 0.375 0.035 0.09
0 0.89125 0.3725 0.03125 0.09
0 0.85375 0.3725 0.0325 0.09
0 0.8125 0.37125 0.0325 0.08625
0 0.8575 0.475 0.03 0.0825
0 0.7725 0.37125 0.03 0.08875
0 0.7025 0.37 0.02125 0.085
0 0.98375 0.26875 0.02625 0.09625
0 0.945 0.2625 0.03125 0.09125
0 0.90125 0.26125 0.0375 0.0875
0 0.86 0.26125 0.035 0.08875
0 0.8225 0.26125 0.035 0.095
0 0.78125 0.26 0.0325 0.0875
0 0.74375 0.26125 0.0325 0.08875
0 0.73625 0.36875 0.0225 0.085
0 0.71125 0.26125 0.01875 0.09
0 0.8925 0.47625 0.025 0.085
0 0.96125 0.48125 0.02375 0.07875
0 0.04 0.19 0.01875 0.05375
0 0.01 0.2775 0.01875 0.07375
0 0.03125 0.28 0.01875 0.08
0 0.055 0.27625 0.015 0.07875
0 0.0225 0.3675 0.01875 0.0725
0 0.04375 0.3675 0.015 0.0725
0 0.06375 0.36875 0.0175 0.07125
0 0.02125 0.45625 0.02125 0.0725
0 0.93 0.47875 0.02625 0.08375
0 0.0475 0.45875 0.01625 0.0725
0 0.01625 0.54125 0.01875 0.07
0 0.925 0.58 0.025 0.06625
0 0.8925 0.5775 0.02125 0.07
0 0.8625 0.56375 0.02125 0.06375
0 0.83125 0.5675 0.02 0.06125
0 0.80125 0.565 0.025 0.075
0 0.77 0.56125 0.0225 0.0725
0 0.74125 0.5625 0.02625 0.0725
0 0.065 0.45625 0.0175 0.085
0 0.265 0.28625 0.01875 0.05625
0 0.955 0.16375 0.03625 0.06375
0 0.87125 0.1625 0.0325 0.07125
0 0.61125 0.68375 0.02875 0.07875
0 0.575 0.67875 0.0275 0.0775
0 0.54125 0.67375 0.0275 0.0775
0 0.51 0.66875 0.02875 0.07625
0 0.47875 0.6675 0.02625 0.07625
0 0.4475 0.66375 0.02625 0.075
0 0.415 0.66375 0.02625 0.07625
0 0.62 0.58875 0.02375 0.0775
0 0.41375 0.76 0.03 0.0975
0 0.58875 0.585 0.0275 0.08
0 0.5225 0.58 0.025 0.0775
0 0.49 0.5775 0.0275 0.075
0 0.4575 0.575 0.025 0.07625
0 0.425 0.57375 0.02625 0.07375
0 0.62125 0.49 0.02875 0.07875
0 0.58625 0.4875 0.02875 0.08125
0 0.55125 0.485 0.0275 0.0775
0 0.51625 0.48375 0.02625 0.08
0 0.555 0.58125 0.02625 0.08
0 0.91375 0.16125 0.03625 0.0675
0 0.445 0.76125 0.0275 0.09625
0 0.5075 0.77 0.02625 0.09625
0 0.82875 0.16125 0.03 0.06625
0 0.79 0.16375 0.0325 0.07
0 0.75125 0.165 0.035 0.07625
0 0.71875 0.16375 0.02 0.07
0 0.605 0.78375 0.0275 0.095
0 0.5725 0.78 0.0275 0.10125
0 0.53625 0.775 0.02875 0.095
0 0.95875 0.58125 0.0225 0.0725
0 0.475 0.7675 0.03 0.095
0 0.0375 0.545 0.01625 0.0725
0 0.07625 0.54625 0.0125 0.06875
0 0.0175 0.63125 0.01625 0.0425
0 0.0375 0.6275 0.02 0.0575
0 0.68375 0.65625 0.01375 0.04375
0 0.70875 0.64875 0.0275 0.05625
0 0.74 0.655 0.02625 0.06375
0 0.77625 0.65625 0.02625 0.0625
0 0.80625 0.6525 0.02875 0.08125
0 0.05625 0.545 0.01875 0.06625
0 0.405 0.1725 0.025 0.0825