0 0.35375 0.8075 0.04375 0.025
0 0.56875 0.64 0.05375 0.03875
0 0.5675 0.60375 0.055 0.03
0 0.56875 0.57 0.05625 0.03625
0 0.5675 0.53375 0.055 0.0375
0 0.62375 0.6375 0.055 0.04
0 0.62375 0.60125 0.055 0.03125
0 0.625 0.5675 0.05625 0.03625
0 0.625 0.53125 0.0575 0.03375
0 0.6825 0.60875 0.0575 0.09625
0 0.7425 0.6075 0.0575 0.09125
0 0.80375 0.6025 0.06125 0.1025
0 0.865 0.6025 0.055 0.10375
0 0.91625 0.63125 0.0425 0.04625
0 0.9575 0.6275 0.03625 0.0475
0 0.9625 0.57875 0.0425 0.0475
0 0.92125 0.5325 0.03875 0.055
0 0.91875 0.58375 0.04 0.04375
0 0.46125 0.54 0.04875 0.0425
0 0.4625 0.5775 0.05 0.0325
0 0.5125 0.5375 0.05 0.03875
0 0.5125 0.575 0.05125 0.035
0 0.3025 0.78125 0.04625 0.0275
0 0.30125 0.75125 0.0425 0.0275
0 0.1825 0.72625 0.055 0.03125
0 0.16375 0.55375 0.0575 0.0375
0 0.225 0.5525 0.0625 0.03375
0 0.24 0.725 0.0575 0.03
0 0.29125 0.72 0.0375 0.03125
0 0.2325 0.62125 0.0525 0.0975
0 0.8075 0.53125 0.07375 0.03875
0 0.1725 0.6225 0.06375 0.0975
0 0.35 0.6175 0.05625 0.095
0 0.34625 0.5525 0.05875 0.03375
0 0.40875 0.61625 0.055 0.0975
0 0.405 0.5475 0.0575 0.03375
0 0.465 0.645 0.04875 0.03375
0 0.515 0.64375 0.0475 0.03125
0 0.46375 0.61125 0.04875 0.03375
0 0.515 0.61 0.05 0.03125
0 0.29375 0.6425 0.05125 0.04625
0 0.35 0.7475 0.0475 0.035
0 0.0225 0.45125 0.04375 0.08
0 0.1575 0.43625 0.06875 0.10625
0 0.89 0.25125 0.045 0.14125
0 0.84375 0.25 0.045 0.14375
0 0.7975 0.25125 0.05 0.14375
0 0.74875 0.2525 0.045 0.145
0 0.69875 0.2525 0.055 0.14625
0 0.64625 0.2525 0.04875 0.1475
0 0.595 0.25375 0.05125 0.1475
0 0.54375 0.25375 0.05 0.1475
0 0.4925 0.25625 0.05125 0.14625
0 0.44 0.255 0.05 0.1475
0 0.38875 0.2525 0.05 0.1525
0 0.33625 0.25375 0.05375 0.15
0 0.28375 0.255 0.0525 0.15125
0 0.05875 0.15625 0.05125 0.05375
0 0.07375 0.30875 0.03875 0.0725
0 0.03125 0.30875 0.045 0.07125
0 0.12125 0.2575 0.0525 0.14625
0 0.935 0.25 0.0425 0.14375
0 0.9775 0.25125 0.04375 0.14375
0 0.95875 0.42875 0.06125 0.1075
0 0.89625 0.4275 0.05875 0.10875
0 0.22125 0.43625 0.05875 0.10625
0 0.2825 0.4725 0.05125 0.03375
0 0.27875 0.4325 0.05375 0.0425
0 0.3375 0.47125 0.05125 0.0375
0 0.335 0.4325 0.055 0.0375
0 0.335 0.395 0.05125 0.0375
0 0.39375 0.47 0.0575 0.0375
0 0.3925 0.43 0.05875 0.0425
0 0.08 0.45625 0.065 0.0675
0 0.3925 0.3875 0.05875 0.04125
0 0.45375 0.43 0.06 0.04
0 0.45375 0.47 0.05875 0.03625
0 0.51875 0.43375 0.05625 0.10875
0 0.58 0.4325 0.06125 0.105
0 0.64 0.43125 0.05625 0.1075
0 0.69875 0.43 0.06 0.105
0 0.765 0.425 0.06875 0.11625
0 0.83375 0.42375 0.06625 0.11375
0 0.45375 0.3875 0.05875 0.04375
0 0.35 0.77875 0.04875 0.02875
0 0.23 0.25625 0.055 0.1475
0 0.30625 0.80875 0.04875 0.02875
0 0.66375 0.79625 0.045 0.025
0 0.71375 0.765 0.055 0.085
0 0.76875 0.765 0.05125 0.08125
0 0.76875 0.69875 0.05375 0.04875
0 0.7125 0.69875 0.0525 0.04625
0 0.82 0.7925 0.0475 0.02375
0 0.8225 0.7625 0.04625 0.02625
0 0.82375 0.7325 0.045 0.03
0 0.82625 0.6975 0.05125 0.035
0 0.87375 0.69875 0.04375 0.03125
0 0.87125 0.73125 0.04625 0.03125
0 0.86875 0.76125 0.04375 0.02875
0 0.175 0.25625 0.05375 0.14625
0 0.91375 0.7875 0.045 0.03
0 0.9175 0.75875 0.0475 0.02125
0 0.91875 0.7325 0.04625 0.025
0 0.925 0.6975 0.04625 0.0275
0 0.97375 0.69625 0.0475 0.03125
0 0.97 0.7275 0.05125 0.03
0 0.96625 0.75625 0.045 0.0275
0 0.9625 0.78625 0.05 0.03
0 0.13625 0.7025 0.035 0.05
0 0.0875 0.67375 0.0375 0.045
0 0.045 0.675 0.045 0.0425
0 0.34375 0.7075 0.05375 0.04
0 0.6625 0.7675 0.04375 0.02875
0 0.6625 0.73875 0.04375 0.02875
0 0.8675 0.79 0.04625 0.03
0 0.6125 0.76875 0.0525 0.0875
0 0.6625 0.70625 0.04375 0.03625
0 0.2475 0.78375 0.06125 0.08375
0 0.19 0.785 0.05 0.085
0 0.145 0.77375 0.02875 0.04
0 0.14625 0.81 0.03375 0.03125
0 0.11 0.80375 0.03625 0.04875
0 0.07125 0.80875 0.03625 0.0325
0 0.0325 0.80875 0.0375 0.03625
0 0.03 0.7725 0.03625 0.035
0 0.40375 0.775 0.05625 0.08125
0 0.09875 0.5975 0.07375 0.06
0 0.03 0.59875 0.05875 0.06
0 0.06875 0.77125 0.03875 0.0375
0 0.0925 0.7125 0.03875 0.0325
0 0.6125 0.7 0.055 0.0475
0 0.05125 0.715 0.04125 0.035
0 0.56125 0.795 0.04625 0.03
0 0.56125 0.765 0.045 0.0275
0 0.56 0.69875 0.0475 0.04125
0 0.515 0.7975 0.04625 0.0275
0 0.56 0.73625 0.0475 0.03
0 0.51375 0.7675 0.045 0.03
0 0.51125 0.7375 0.0475 0.03
0 0.51125 0.7025 0.045 0.04
0 0.46125 0.765 0.06 0.09875
0 0.4025 0.7075 0.05625 0.04625