0 0.47125 0.43625 0.0325 0.09375
0 0.50625 0.43375 0.03375 0.095
0 0.55 0.43 0.02375 0.1025
0 0.585 0.4325 0.0375 0.095
0 0.52 0.5475 0.04125 0.1
0 0.6225 0.4325 0.03125 0.095
0 0.65875 0.43375 0.035 0.095
0 0.205 0.55375 0.035 0.10125
0 0.48125 0.54875 0.03375 0.09625
0 0.2425 0.5525 0.03125 0.10125
0 0.27625 0.55625 0.03 0.0925
0 0.45 0.54625 0.02625 0.09625
0 0.405 0.54875 0.0425 0.10625
0 0.36625 0.5525 0.0325 0.09875
0 0.3075 0.555 0.02875 0.09375
0 0.1675 0.5525 0.0375 0.1025
0 0.43625 0.4325 0.03125 0.09875
0 0.20875 0.43125 0.03 0.1025
0 0.35875 0.4325 0.0325 0.1025
0 0.26875 0.1825 0.03375 0.1
0 0.3075 0.17625 0.0425 0.1125
0 0.35375 0.17625 0.04625 0.1125
0 0.3975 0.1775 0.03625 0.11125
0 0.4375 0.17625 0.04125 0.1125
0 0.48375 0.17875 0.0375 0.11
0 0.51875 0.1775 0.0325 0.1075
0 0.5525 0.1775 0.02875 0.10625
0 0.5875 0.17625 0.03625 0.11
0 0.6325 0.17625 0.03375 0.10875
0 0.6675 0.17625 0.03125 0.10875
0 0.70375 0.1725 0.04 0.115
0 0.7575 0.1725 0.03875 0.11125
0 0.82875 0.17375 0.03625 0.10625
0 0.2075 0.31125 0.03375 0.1
0 0.24125 0.3125 0.03125 0.09875
0 0.27875 0.30875 0.03875 0.1025
0 0.3225 0.42875 0.03625 0.105
0 0.28375 0.43375 0.03875 0.09875
0 0.24125 0.4325 0.03125 0.10375
0 0.17375 0.4325 0.035 0.1025
0 0.13875 0.43 0.02625 0.10625
0 0.74375 0.3075 0.02875 0.09625
0 0.395 0.43375 0.03625 0.1
0 0.71125 0.30875 0.03125 0.09625
0 0.6025 0.3075 0.10875 0.0975
0 0.52375 0.3075 0.03625 0.1075
0 0.48375 0.3075 0.03375 0.10375
0 0.445 0.3075 0.0375 0.1075
0 0.3975 0.3075 0.0425 0.10875
0 0.35625 0.3075 0.0375 0.10375
0 0.67625 0.30875 0.0325 0.0975
0 0.7925 0.175 0.02875 0.10375
0 0.235 0.18125 0.03 0.0975
0 0.5975 0.5475 0.025 0.09875
0 0.51625 0.91125 0.04625 0.03875
0 0.4675 0.90875 0.04375 0.04
0 0.4275 0.91125 0.03125 0.03875
0 0.38 0.91125 0.02625 0.03625
0 0.35375 0.91 0.0225 0.035
0 0.32875 0.90875 0.02375 0.03125
0 0.3025 0.90875 0.025 0.03625
0 0.5675 0.9075 0.05 0.04125
0 0.33375 0.855 0.0275 0.03125
0 0.2575 0.91 0.03625 0.04125
0 0.21625 0.91 0.0375 0.04125
0 0.17625 0.9075 0.035 0.04375
0 0.80625 0.77 0.055 0.07875
0 0.74125 0.78875 0.055 0.05625
0 0.685 0.78875 0.05125 0.0525
0 0.74625 0.74375 0.05625 0.02625
0 0.30625 0.8575 0.0225 0.0325
0 0.6875 0.74625 0.0575 0.0225
0 0.60375 0.90625 0.02125 0.02625
0 0.67375 0.865 0.04125 0.025
0 0.205 0.18375 0.0275 0.09625
0 0.78625 0.5425 0.05125 0.05375
0 0.80625 0.48625 0.0525 0.05
0 0.83875 0.44625 0.05875 0.035
0 0.84875 0.41 0.0475 0.02625
0 0.8125 0.36875 0.055 0.0475
0 0.76375 0.41 0.04 0.05625
0 0.63125 0.9025 0.02625 0.02625
0 0.82 0.305 0.0675 0.0675
0 0.56625 0.55 0.03125 0.0975
0 0.715 0.9125 0.02125 0.0175
0 0.77 0.89 0.02125 0.02125
0 0.745 0.89125 0.02 0.025
0 0.71875 0.89 0.01875 0.01875
0 0.67125 0.9225 0.04125 0.0275
0 0.67125 0.89375 0.04 0.02375
0 0.76375 0.915 0.0225 0.015
0 0.63375 0.775 0.04375 0.0775
0 0.74125 0.91375 0.01875 0.01625
0 0.5425 0.77625 0.04 0.0725
0 0.58625 0.77625 0.0425 0.075
0 0.6875 0.54625 0.03125 0.1025
0 0.21 0.6675 0.07625 0.075
0 0.29375 0.665 0.065 0.08
0 0.35125 0.66375 0.04375 0.07625
0 0.39625 0.665 0.04125 0.08
0 0.46 0.6575 0.0525 0.0825
0 0.51875 0.66125 0.06 0.08125
0 0.64875 0.66 0.06625 0.08125
0 0.72875 0.6625 0.05375 0.06625
0 0.79625 0.66625 0.06 0.07
0 0.8525 0.66875 0.045 0.07
0 0.15625 0.79625 0.0575 0.0375
0 0.22 0.75625 0.0625 0.035
0 0.5825 0.6625 0.06375 0.08
0 0.2225 0.79375 0.06375 0.03375
0 0.285 0.75375 0.06 0.03375
0 0.4525 0.78 0.0425 0.075
0 0.40125 0.7775 0.055 0.0775
0 0.34625 0.77875 0.05 0.08125
0 0.28875 0.79375 0.0625 0.0375
0 0.64375 0.54625 0.02875 0.09875
0 0.49875 0.78125 0.045 0.075