0 0.49625 0.74 0.025 0.06125
0 0.14375 0.62625 0.0275 0.0775
0 0.7625 0.53 0.03125 0.0625
0 0.7275 0.5325 0.0325 0.0625
0 0.565 0.42875 0.0225 0.06125
0 0.65 0.74375 0.01875 0.05
0 0.555 0.74125 0.01875 0.0575
0 0.6025 0.74375 0.02 0.05
0 0.62625 0.745 0.01875 0.045
0 0.5925 0.42875 0.0225 0.065
0 0.52625 0.745 0.02625 0.0625
0 0.5775 0.74125 0.02 0.06
0 0.405 0.87375 0.02125 0.0575
0 0.21 0.63125 0.02625 0.07125
0 0.2475 0.62875 0.03375 0.06875
0 0.28 0.63125 0.02625 0.0675
0 0.31 0.63375 0.02625 0.0675
0 0.34125 0.63375 0.02625 0.06625
0 0.3725 0.6375 0.02625 0.0675
0 0.46625 0.74 0.02625 0.0675
0 0.5375 0.43 0.025 0.0675
0 0.50625 0.42875 0.02625 0.06625
0 0.475 0.42625 0.02375 0.06
0 0.4375 0.43125 0.02125 0.06
0 0.41125 0.43125 0.0175 0.06
0 0.38375 0.43125 0.01375 0.06125
0 0.36125 0.43125 0.02 0.06625
0 0.1775 0.62875 0.03 0.07625
0 0.43625 0.74125 0.025 0.0625
0 0.25 0.73875 0.03 0.07375
0 0.37625 0.74125 0.0275 0.06375
0 0.36125 0.0975 0.01875 0.08625
0 0.33625 0.09625 0.02 0.085
0 0.30875 0.0975 0.0225 0.0875
0 0.28625 0.09625 0.015 0.09125
0 0.2775 0.5325 0.0275 0.06875
0 0.18625 0.5175 0.04875 0.07625
0 0.13875 0.50625 0.0275 0.09625
0 0.7725 0.32125 0.0225 0.06125
0 0.74375 0.3225 0.025 0.0575
0 0.71375 0.32 0.02375 0.06125
0 0.68875 0.31875 0.01875 0.065
0 0.66375 0.3225 0.02375 0.065
0 0.6375 0.32125 0.02125 0.055
0 0.60875 0.32125 0.0225 0.0675
0 0.57875 0.32 0.0225 0.07
0 0.55 0.31875 0.02125 0.06875
0 0.51875 0.32 0.025 0.06875
0 0.49375 0.32125 0.02375 0.0675
0 0.46625 0.32125 0.025 0.07
0 0.43875 0.32125 0.025 0.07125
0 0.26375 0.0925 0.02 0.0925
0 0.38375 0.09875 0.02125 0.08625
0 0.765 0.4325 0.0225 0.0525
0 0.30875 0.53625 0.0275 0.06375
0 0.3375 0.53625 0.01875 0.0575
0 0.3475 0.74 0.025 0.0675
0 0.31875 0.74 0.025 0.07375
0 0.28625 0.74 0.0225 0.0675
0 0.33 0.43 0.02125 0.06
0 0.21375 0.75125 0.02125 0.0875
0 0.18875 0.75125 0.01875 0.0925
0 0.69375 0.53125 0.03125 0.06
0 0.62125 0.43 0.02125 0.0675
0 0.64875 0.43125 0.02 0.06625
0 0.6775 0.43125 0.02625 0.05625
0 0.4075 0.74125 0.0275 0.0675
0 0.70625 0.435 0.02 0.05375
0 0.66 0.53 0.02875 0.065
0 0.6275 0.53 0.0275 0.06375
0 0.59625 0.53125 0.0275 0.06125
0 0.565 0.5275 0.03 0.0725
0 0.53 0.52625 0.03 0.075
0 0.4975 0.52875 0.03 0.06625
0 0.465 0.5275 0.025 0.0725
0 0.43375 0.53125 0.02625 0.06625
0 0.39875 0.5325 0.0325 0.0625
0 0.36375 0.53375 0.0275 0.0575
0 0.735 0.42875 0.025 0.0525
0 0.3725 0.87625 0.0275 0.05875
0 0.3025 0.435 0.025 0.05125
0 0.23875 0.43 0.02875 0.0675
0 0.59625 0.63625 0.02625 0.0675
0 0.5625 0.63625 0.02625 0.0675
0 0.5325 0.63625 0.02625 0.0675
0 0.5025 0.635 0.02625 0.0675
0 0.47125 0.6375 0.02625 0.0675
0 0.4375 0.63625 0.02625 0.0675
0 0.40375 0.63625 0.02625 0.0675
0 0.38125 0.32125 0.01875 0.07
0 0.35625 0.32125 0.02125 0.06875
0 0.33 0.3175 0.02625 0.06875
0 0.29875 0.31875 0.02625 0.06625
0 0.265 0.32 0.02625 0.0625
0 0.16125 0.7525 0.02 0.09
0 0.15125 0.10875 0.0325 0.0875
0 0.27125 0.43 0.02375 0.07375
0 0.23375 0.3175 0.02625 0.0625
0 0.18375 0.3775 0.03875 0.09
0 0.62875 0.63375 0.02625 0.06625
0 0.65875 0.63375 0.02625 0.0675
0 0.69125 0.63 0.02875 0.05875
0 0.72375 0.635 0.02875 0.05375
0 0.43375 0.87875 0.02375 0.0375
0 0.4625 0.8775 0.025 0.05125
0 0.49 0.87375 0.02125 0.05375
0 0.515 0.87125 0.01875 0.05625
0 0.54 0.87375 0.01875 0.05
0 0.565 0.86875 0.0225 0.05625
0 0.34375 0.875 0.02375 0.0625
0 0.315 0.87125 0.02 0.0625
0 0.145 0.3825 0.03375 0.08875
0 0.2875 0.8725 0.02375 0.05875
0 0.19 0.87 0.08375 0.06625
0 0.75375 0.74375 0.025 0.04625
0 0.7275 0.74375 0.02125 0.0525
0 0.7 0.7425 0.0225 0.05
0 0.675 0.74375 0.02 0.0525
0 0.40875 0.315 0.025 0.07
0 0.13875 0.75 0.02125 0.0925
0 0.7575 0.625 0.0275 0.06625
0 0.25875 0.85875 0.0275 0.09375
0 0.75375 0.20625 0.02625 0.07125
0 0.21625 0.0975 0.0225 0.0975
0 0.695 0.20625 0.02 0.07125
0 0.385 0.20375 0.02125 0.07625
0 0.23875 0.09875 0.01875 0.095
0 0.35625 0.2075 0.02375 0.07625
0 0.32625 0.21 0.0275 0.075
0 0.29375 0.20875 0.0275 0.07125
0 0.25875 0.21375 0.03125 0.07
0 0.22625 0.21 0.02625 0.075
0 0.16875 0.25375 0.03 0.0775
0 0.13875 0.24875 0.02625 0.0825
0 0.75125 0.10625 0.025 0.0675
0 0.7225 0.105 0.02625 0.06375
0 0.695 0.1075 0.02 0.06375
0 0.6675 0.10875 0.0225 0.06625
0 0.63875 0.1075 0.02125 0.06375
0 0.72625 0.21 0.02375 0.07
0 0.6075 0.10875 0.0325 0.06375
0 0.5525 0.095 0.01875 0.0975
0 0.5275 0.0925 0.01875 0.0975
0 0.505 0.0925 0.01875 0.0975
0 0.48125 0.0925 0.0225 0.09625
0 0.45625 0.09125 0.02 0.095
0 0.4325 0.09375 0.01875 0.09375
0 0.40875 0.09375 0.02 0.09375
0 0.59 0.86 0.0175 0.085
0 0.61 0.85875 0.01875 0.0825
0 0.64 0.86625 0.0225 0.0625
0 0.66375 0.87 0.0225 0.05625
0 0.68875 0.87 0.01625 0.05625
0 0.7175 0.86875 0.02125 0.05875
0 0.74625 0.84875 0.025 0.09625
0 0.5775 0.095 0.01875 0.0975
0 0.43625 0.20875 0.0125 0.07375
0 0.41125 0.2075 0.02125 0.07125
0 0.4975 0.21 0.02 0.07
0 0.52875 0.20625 0.02125 0.07625
0 0.55625 0.20625 0.025 0.07375
0 0.67 0.2075 0.02375 0.07125
0 0.64375 0.20625 0.02125 0.07375
0 0.615 0.2075 0.025 0.07125
0 0.58625 0.2075 0.02625 0.07375
0 0.46875 0.21 0.0225 0.0725