0 0.49 0.60375 0.01875 0.08
0 0.51375 0.59375 0.0225 0.095
0 0.5425 0.60625 0.02875 0.07
0 0.5775 0.61 0.03875 0.06625
0 0.615 0.6 0.02375 0.0825
0 0.135 0.5 0.01625 0.0675
0 0.68875 0.60875 0.0375 0.06375
0 0.15625 0.495 0.01875 0.07375
0 0.18125 0.49875 0.025 0.065
0 0.2075 0.4975 0.02 0.0675
0 0.2325 0.495 0.02375 0.06625
0 0.28 0.49875 0.02375 0.06125
0 0.65 0.60375 0.035 0.075
0 0.255 0.49625 0.01625 0.06375
0 0.31125 0.60375 0.02125 0.08375
0 0.4325 0.59875 0.0225 0.09
0 0.3025 0.49125 0.0175 0.0725
0 0.6825 0.72 0.035 0.0725
0 0.1325 0.605 0.01375 0.09125
0 0.15125 0.60625 0.01875 0.09
0 0.1725 0.60375 0.015 0.08625
0 0.195 0.6175 0.02375 0.0625
0 0.465 0.6175 0.02875 0.055
0 0.21875 0.6075 0.02 0.08375
0 0.265 0.6025 0.02125 0.0875
0 0.28875 0.60125 0.02 0.0875
0 0.3325 0.60125 0.01875 0.08875
0 0.355 0.6025 0.02 0.0875
0 0.37875 0.6 0.02375 0.09375
0 0.40625 0.60125 0.02625 0.08625
0 0.24125 0.605 0.01875 0.09
0 0.32625 0.4925 0.0225 0.07
0 0.3325 0.23625 0.03875 0.06875
0 0.37875 0.4875 0.03875 0.07375
0 0.54625 0.37125 0.0375 0.0525
0 0.5 0.35625 0.04375 0.0875
0 0.455 0.36625 0.03875 0.06625
0 0.37875 0.3625 0.03875 0.075
0 0.335 0.37 0.04 0.0675
0 0.2975 0.37 0.0275 0.0675
0 0.2625 0.365 0.03375 0.0775
0 0.22625 0.37 0.0325 0.0675
0 0.19 0.375 0.02625 0.065
0 0.155 0.3775 0.03625 0.065
0 0.63375 0.445 0.04 0.01
0 0.67875 0.49 0.0375 0.06625
0 0.16375 0.235 0.04875 0.0825
0 0.21 0.24125 0.03625 0.07625
0 0.24875 0.24 0.035 0.06875
0 0.29125 0.2375 0.035 0.07
0 0.64625 0.71875 0.03125 0.075
0 0.4725 0.48125 0.0325 0.08
0 0.51375 0.48125 0.0425 0.08125
0 0.5575 0.47625 0.04125 0.09
0 0.635 0.48875 0.04125 0.0675
0 0.8525 0.26 0.03375 0.0825
0 0.8075 0.245 0.0275 0.05125
0 0.3475 0.49 0.01625 0.07125
0 0.77 0.26125 0.0375 0.085
0 0.695 0.23 0.02625 0.05875
0 0.66125 0.21875 0.035 0.08
0 0.61875 0.22375 0.04125 0.08
0 0.5475 0.21625 0.09 0.095
0 0.4475 0.2125 0.105 0.11375
0 0.375 0.235 0.03125 0.07
0 0.73 0.26375 0.03375 0.08125
0 0.60875 0.72 0.03875 0.07125
0 0.67125 0.8025 0.0375 0.0075
0 0.525 0.71625 0.03875 0.08125
0 0.36 0.865 0.03875 0.01125
0 0.35625 0.84875 0.04 0.0125
0 0.31875 0.8425 0.0275 0.01
0 0.32625 0.82875 0.02625 0.01
0 0.725 0.38875 0.03375 0.13375
0 0.7625 0.375 0.0275 0.1125
0 0.7925 0.38125 0.025 0.11875
0 0.8275 0.385 0.03 0.13375
0 0.86125 0.3925 0.0275 0.14375
0 0.73375 0.5675 0.045 0.13875
0 0.79125 0.5725 0.0475 0.15875
0 0.845 0.55875 0.04875 0.13375
0 0.715 0.71375 0.02625 0.06
0 0.7525 0.7125 0.03 0.09375
0 0.79125 0.70625 0.04 0.095
0 0.84625 0.6925 0.05625 0.115
0 0.8475 0.82125 0.045 0.0575
0 0.33 0.8125 0.03375 0.0075
0 0.33 0.8 0.03875 0.01125
0 0.24875 0.835 0.00875 0.0375
0 0.275 0.8725 0.0475 0.01
0 0.2775 0.845 0.04125 0.0075
0 0.28125 0.83375 0.03375 0.00625
0 0.36375 0.885 0.04375 0.01125
0 0.27375 0.8225 0.0375 0.00875
0 0.21375 0.845 0.0425 0.0075
0 0.22 0.8325 0.045 0.0075
0 0.59125 0.38375 0.035 0.02875
0 0.21875 0.82125 0.04375 0.0075
0 0.20625 0.80625 0.045 0.01125
0 0.1525 0.8725 0.0475 0.01125
0 0.27625 0.8025 0.04125 0.0125
0 0.40625 0.86125 0.04 0.0175
0 0.41 0.88375 0.04125 0.01125
0 0.4675 0.835 0.0375 0.01125
0 0.6725 0.83375 0.035 0.0075
0 0.67125 0.845 0.035 0.0075
0 0.6725 0.85625 0.03625 0.00875
0 0.1375 0.72125 0.01875 0.07875
0 0.17125 0.71625 0.045 0.08875
0 0.2125 0.715 0.0325 0.08375
0 0.6725 0.82375 0.03625 0.0075
0 0.25 0.71375 0.0375 0.08625
0 0.31125 0.7325 0.02125 0.05375
0 0.3425 0.7225 0.035 0.06625
0 0.3825 0.7125 0.0375 0.08375
0 0.42125 0.7125 0.0325 0.0875
0 0.46125 0.7125 0.04 0.08375
0 0.49375 0.71625 0.0175 0.07875
0 0.285 0.72625 0.025 0.0625
0 0.5675 0.72 0.03875 0.07125
0 0.67125 0.8125 0.035 0.0075
0 0.655 0.78 0.04 0.01125
0 0.4675 0.855 0.0375 0.0125
0 0.4625 0.8725 0.04125 0.015
0 0.505 0.7925 0.0425 0.0125
0 0.50875 0.80625 0.0375 0.00875
0 0.50875 0.82 0.04 0.01125
0 0.51 0.83375 0.03875 0.01
0 0.67 0.79125 0.0375 0.0075
0 0.50875 0.855 0.0425 0.01125
0 0.55375 0.8175 0.0425 0.00875
0 0.55125 0.835 0.03875 0.01125
0 0.55125 0.84625 0.0375 0.00875
0 0.5575 0.8825 0.0425 0.0125
0 0.60125 0.8775 0.035 0.01875
0 0.62875 0.8375 0.02625 0.0075
0 0.5075 0.87375 0.0375 0.015
0 0.63 0.3825 0.03 0.02875
0 0.4175 0.3675 0.02875 0.06625
0 0.66875 0.3625 0.0425 0.0675