0 0.48125 0.5 0.05625 0.015
0 0.7475 0.09 0.10125 0.0575
0 0.3625 0.54625 0.055 0.00875
0 0.3625 0.53 0.0575 0.0175
0 0.42375 0.54 0.04875 0.01375
0 0.4225 0.55625 0.0525 0.01125
0 0.4825 0.55625 0.055 0.00875
0 0.4825 0.54625 0.0525 0.0075
0 0.48125 0.5325 0.05375 0.01125
0 0.48125 0.5175 0.055 0.00875
0 0.54875 0.5 0.06 0.0125
0 0.5475 0.51625 0.05625 0.01125
0 0.55 0.52875 0.05375 0.01125
0 0.55125 0.5425 0.0525 0.01125
0 0.55 0.55625 0.055 0.01
0 0.61375 0.55625 0.05625 0.01125
0 0.61375 0.5425 0.0575 0.01125
0 0.615 0.5275 0.06 0.01375
0 0.61625 0.51125 0.0625 0.01625
0 0.68125 0.51125 0.055 0.01625
0 0.68125 0.52875 0.05625 0.01125
0 0.68125 0.5425 0.055 0.0125
0 0.6825 0.5575 0.06 0.01125
0 0.78 0.525 0.1175 0.07
0 0.76 0.4275 0.11375 0.07125
0 0.7425 0.36125 0.0975 0.0275
0 0.745 0.32875 0.1 0.03125
0 0.74375 0.29875 0.09875 0.025
0 0.745 0.2675 0.1 0.03
0 0.745 0.23625 0.09875 0.02875
0 0.74625 0.205 0.10125 0.02625
0 0.36125 0.56 0.0525 0.01125
0 0.7475 0.1725 0.10375 0.03
0 0.30125 0.545 0.05625 0.0125
0 0.20875 0.53375 0.12 0.07625
0 0.61125 0.6025 0.05625 0.01375
0 0.55 0.66375 0.05375 0.01125
0 0.54875 0.65125 0.05375 0.0075
0 0.54875 0.63625 0.05625 0.0125
0 0.54625 0.62 0.0525 0.01125
0 0.54625 0.60375 0.05875 0.01125
0 0.5475 0.5875 0.05625 0.01375
0 0.4825 0.6625 0.05125 0.0125
0 0.4825 0.64875 0.0525 0.01125
0 0.4825 0.63625 0.055 0.00875
0 0.4825 0.62125 0.05125 0.0125
0 0.48375 0.60625 0.05625 0.0125
0 0.48375 0.5875 0.0525 0.01875
0 0.42 0.665 0.05625 0.01125
0 0.41875 0.65125 0.05375 0.0125
0 0.41875 0.63875 0.055 0.0125
0 0.41875 0.6225 0.0575 0.01
0 0.41875 0.60875 0.0575 0.01375
0 0.35625 0.60625 0.06 0.01375
0 0.355 0.62375 0.0575 0.015
0 0.355 0.63875 0.06 0.00875
0 0.35375 0.6525 0.05875 0.01
0 0.3525 0.665 0.0575 0.01375
0 0.28875 0.66625 0.04875 0.01125
0 0.29125 0.65 0.055 0.0125
0 0.2925 0.63625 0.0525 0.0125
0 0.29375 0.6225 0.0575 0.0125
0 0.2925 0.60625 0.05625 0.015
0 0.1975 0.64 0.12375 0.075
0 0.30125 0.56 0.055 0.01
0 0.61125 0.61875 0.05625 0.01125
0 0.74875 0.1375 0.105 0.03125
0 0.64375 0.095 0.09875 0.0575
0 0.45 0.305 0.0925 0.0275
0 0.4475 0.335 0.09125 0.025
0 0.45 0.36375 0.09375 0.02625
0 0.45 0.3925 0.0925 0.025
0 0.485 0.41625 0.05 0.0175
0 0.485 0.4325 0.05 0.01
0 0.485 0.44625 0.05 0.01
0 0.485 0.4575 0.0475 0.00875
0 0.4275 0.46 0.04875 0.00875
0 0.4275 0.4475 0.05125 0.01125
0 0.4275 0.43125 0.05 0.015
0 0.37375 0.43375 0.0525 0.01625
0 0.37125 0.44875 0.04875 0.01125
0 0.37 0.46125 0.04875 0.01125
0 0.31375 0.46375 0.04625 0.0125
0 0.31125 0.45 0.05375 0.0125
0 0.3125 0.43375 0.05125 0.01625
0 0.23 0.43625 0.105 0.075
0 0.3525 0.36875 0.095 0.0275
0 0.3525 0.3375 0.09375 0.02875
0 0.35125 0.3075 0.0975 0.0275
0 0.34875 0.27625 0.09625 0.03125
0 0.3475 0.24625 0.09875 0.02625
0 0.3475 0.215 0.09875 0.02875
0 0.345 0.18375 0.1 0.02875
0 0.4425 0.15125 0.0975 0.03125
0 0.3425 0.1525 0.09875 0.0325
0 0.44375 0.10375 0.09625 0.05875
0 0.34625 0.105 0.09375 0.05375
0 0.44625 0.275 0.09625 0.025
0 0.645 0.14375 0.09625 0.03125
0 0.44625 0.245 0.09375 0.03125
0 0.44625 0.1825 0.09375 0.03
0 0.64375 0.17625 0.09625 0.025
0 0.645 0.20625 0.09625 0.0275
0 0.64375 0.23875 0.09625 0.03125
0 0.6425 0.27 0.1 0.025
0 0.64375 0.30125 0.0975 0.03125
0 0.64375 0.3325 0.0975 0.02625
0 0.64375 0.36125 0.09375 0.02875
0 0.54625 0.3925 0.09125 0.02625
0 0.64125 0.3875 0.08875 0.02
0 0.66625 0.415 0.055 0.01375
0 0.66875 0.43 0.04875 0.01375
0 0.66875 0.445 0.05 0.00875
0 0.6675 0.45875 0.04375 0.01125
0 0.61 0.46 0.06 0.01
0 0.60875 0.445 0.05625 0.01375
0 0.6075 0.42625 0.0525 0.0175
0 0.54625 0.45875 0.05 0.01125
0 0.545 0.44625 0.05 0.01125
0 0.5475 0.43125 0.05375 0.0125
0 0.54875 0.4175 0.05125 0.015
0 0.54625 0.36375 0.095 0.025
0 0.5425 0.335 0.09625 0.02625
0 0.545 0.30375 0.09375 0.0275
0 0.545 0.27125 0.095 0.02875
0 0.545 0.2425 0.095 0.02625
0 0.54375 0.21 0.0975 0.03
0 0.54375 0.175 0.0975 0.03
0 0.54375 0.14375 0.10125 0.03
0 0.54375 0.09875 0.0975 0.05625
0 0.445 0.2125 0.095 0.02375
0 0.60875 0.6325 0.05375 0.01125
0 0.35625 0.39625 0.09375 0.025
0 0.78375 0.635 0.12625 0.08
0 0.61125 0.64625 0.05625 0.00875
0 0.61 0.66125 0.05 0.0125
0 0.68 0.66375 0.0625 0.01
0 0.6825 0.65 0.05625 0.01125
0 0.68125 0.63375 0.055 0.01125
0 0.68125 0.6225 0.0575 0.0125
0 0.68125 0.6025 0.06 0.02