0 0.75875 0.54375 0.02625 0.06375
0 0.4675 0.31125 0.01875 0.08125
0 0.27625 0.42125 0.0325 0.07375
0 0.31125 0.4225 0.0325 0.07625
0 0.3475 0.42 0.03625 0.08875
0 0.7525 0.8525 0.02375 0.07125
0 0.7275 0.85 0.0225 0.0725
0 0.7 0.85375 0.025 0.07125
0 0.67375 0.86 0.02375 0.05875
0 0.4875 0.33125 0.01625 0.045
0 0.37875 0.42 0.025 0.09
0 0.4475 0.31125 0.01875 0.08125
0 0.6525 0.86125 0.0175 0.06125
0 0.6275 0.86125 0.02125 0.06625
0 0.2425 0.42 0.03 0.075
0 0.58375 0.855 0.0275 0.06125
0 0.40625 0.85125 0.075 0.07625
0 0.34875 0.85375 0.03375 0.07
0 0.31125 0.855 0.03625 0.07375
0 0.28 0.8575 0.01875 0.0675
0 0.25625 0.8575 0.025 0.0675
0 0.23125 0.8575 0.0225 0.0675
0 0.76625 0.72 0.02625 0.06375
0 0.7325 0.7425 0.02875 0.02
0 0.735 0.72 0.02625 0.01875
0 0.7325 0.7 0.0275 0.02
0 0.6975 0.7175 0.0225 0.06125
0 0.665 0.72 0.0375 0.06375
0 0.54625 0.8625 0.02375 0.0625
0 0.74625 0.31 0.0275 0.09375
0 0.71125 0.34 0.0275 0.0375
0 0.715 0.29875 0.03125 0.04
0 0.45375 0.45 0.06 0.03625
0 0.5025 0.43 0.02875 0.07875
0 0.54 0.4325 0.03125 0.075
0 0.57875 0.435 0.0275 0.0725
0 0.6125 0.44 0.0275 0.06
0 0.65 0.44375 0.0425 0.06
0 0.69 0.44875 0.02375 0.05375
0 0.7275 0.44875 0.0175 0.05125
0 0.75 0.44625 0.02 0.06
0 0.77 0.445 0.01375 0.05625
0 0.23125 0.53 0.02125 0.0725
0 0.26875 0.53125 0.03 0.06875
0 0.30625 0.53125 0.03125 0.07375
0 0.345 0.5325 0.0325 0.07
0 0.38375 0.5325 0.02875 0.06875
0 0.41125 0.54375 0.0175 0.04875
0 0.43875 0.5025 0.03 0.0125
0 0.44 0.54375 0.03 0.05625
0 0.51125 0.32125 0.02625 0.0675
0 0.5375 0.30875 0.02125 0.0875
0 0.56375 0.31125 0.02375 0.09
0 0.59 0.325 0.02 0.06125
0 0.62 0.31 0.035 0.03
0 0.61875 0.34125 0.035 0.03
0 0.65625 0.33875 0.0325 0.0375
0 0.6575 0.2975 0.0325 0.0375
0 0.68625 0.325 0.015 0.06625
0 0.625 0.71875 0.03875 0.06625
0 0.4075 0.435 0.02375 0.06375
0 0.585 0.7175 0.03625 0.06375
0 0.3875 0.31125 0.0275 0.07875
0 0.40125 0.1975 0.04125 0.04875
0 0.31375 0.1625 0.04 0.11
0 0.2725 0.17875 0.02875 0.0775
0 0.24375 0.1825 0.025 0.065
0 0.5825 0.6275 0.03 0.05
0 0.55 0.6275 0.03125 0.05125
0 0.52375 0.62625 0.02 0.04875
0 0.5 0.62625 0.0225 0.05
0 0.4775 0.625 0.02125 0.04625
0 0.4325 0.62375 0.025 0.04625
0 0.38125 0.62375 0.05125 0.05375
0 0.3325 0.62375 0.02625 0.05125
0 0.30625 0.62375 0.02125 0.05125
0 0.27875 0.6225 0.02875 0.05
0 0.72875 0.5425 0.02 0.06625
0 0.71 0.5375 0.01375 0.075
0 0.69 0.5375 0.01625 0.075
0 0.65875 0.5425 0.025 0.07125
0 0.63625 0.535 0.01375 0.07375
0 0.60875 0.56 0.02875 0.03125
0 0.61 0.525 0.02875 0.035
0 0.5875 0.54375 0.01375 0.0575
0 0.5625 0.55625 0.02625 0.03125
0 0.56375 0.5225 0.025 0.03625
0 0.52875 0.53875 0.03 0.0675
0 0.4975 0.535 0.02875 0.06875
0 0.46875 0.5375 0.02375 0.0675
0 0.44375 0.19625 0.0425 0.055
0 0.42 0.30625 0.03125 0.09
0 0.40375 0.1625 0.035 0.01625
0 0.53125 0.18125 0.0225 0.09375
0 0.36 0.30375 0.0225 0.09
0 0.335 0.30375 0.02125 0.09
0 0.30875 0.30875 0.03 0.07625
0 0.5475 0.71625 0.0375 0.0625
0 0.5075 0.71625 0.0375 0.065
0 0.46875 0.71875 0.0375 0.05875
0 0.435 0.71625 0.0275 0.065
0 0.405 0.71625 0.02625 0.05375
0 0.37625 0.71625 0.02875 0.0625
0 0.34375 0.7125 0.03 0.06125
0 0.31375 0.71375 0.0275 0.065
0 0.27875 0.30625 0.0275 0.07875
0 0.24 0.30375 0.03625 0.08125
0 0.495 0.18 0.04375 0.09125
0 0.74 0.21375 0.04375 0.04375
0 0.67625 0.185 0.02 0.09
0 0.65 0.185 0.0225 0.095
0 0.625 0.1825 0.02 0.095
0 0.28125 0.7125 0.03125 0.06
0 0.25 0.7125 0.0275 0.0625
0 0.74875 0.6325 0.0275 0.04125
0 0.71625 0.6325 0.025 0.03875
0 0.68625 0.63 0.02375 0.04875
0 0.6575 0.62875 0.0275 0.04875
0 0.6175 0.62875 0.03375 0.05
0 0.60125 0.1875 0.01625 0.085
0 0.56 0.17875 0.02875 0.095
0 0.70125 0.18375 0.0225 0.09625
0 0.41125 0.39375 0.0275 0.0175