0 0.2175 0.12625 0.0375 0.155
0 0.25875 0.13125 0.0375 0.15125
0 0.1775 0.1175 0.03375 0.16
0 0.36375 0.17875 0.05625 0.08125
0 0.4975 0.1725 0.03625 0.10375
0 0.45875 0.1725 0.03 0.1025
0 0.54625 0.1825 0.0125 0.08125
0 0.57125 0.18625 0.02125 0.065
0 0.60125 0.17875 0.0225 0.08375
0 0.64125 0.16 0.0375 0.105
0 0.67625 0.15625 0.01875 0.1075
0 0.41625 0.16625 0.0325 0.10375
0 0.31125 0.17125 0.0425 0.08375
0 0.44 0.3075 0.01875 0.05375
0 0.80625 0.1325 0.03 0.12875
0 0.14 0.13 0.03 0.12375
0 0.69 0.395 0.02375 0.09125
0 0.72125 0.3975 0.03 0.08
0 0.755 0.39375 0.02125 0.08875
0 0.8625 0.4075 0.02375 0.09625
0 0.81 0.3975 0.02125 0.08875
0 0.7875 0.39875 0.01875 0.0925
0 0.85375 0.27625 0.03875 0.12125
0 0.80625 0.28875 0.03125 0.09625
0 0.765 0.295 0.02875 0.0925
0 0.72 0.2925 0.025 0.09
0 0.68375 0.30125 0.025 0.075
0 0.65125 0.3 0.02625 0.07
0 0.6225 0.30375 0.02375 0.06625
0 0.5225 0.30625 0.0375 0.06
0 0.4825 0.3075 0.01625 0.0575
0 0.46 0.30625 0.02 0.05375
0 0.41 0.3075 0.025 0.055
0 0.3825 0.30875 0.02875 0.05375
0 0.35625 0.305 0.01875 0.0625
0 0.3275 0.30875 0.0275 0.06375
0 0.29375 0.3075 0.03375 0.06125
0 0.25 0.30875 0.04375 0.05875
0 0.18 0.29 0.09 0.1075
0 0.85125 0.135 0.0375 0.1225
0 0.765 0.14 0.03375 0.12
0 0.32875 0.8 0.06125 0.12375
0 0.675 0.575 0.01 0.06125
0 0.6975 0.15375 0.01375 0.09875
0 0.595 0.67625 0.0225 0.05625
0 0.5625 0.67625 0.0225 0.0575
0 0.53625 0.67 0.0175 0.05375
0 0.50875 0.6675 0.02 0.05125
0 0.46625 0.6525 0.01 0.05125
0 0.45375 0.66125 0.01375 0.0475
0 0.42875 0.67375 0.03 0.05375
0 0.3925 0.67875 0.0225 0.0575
0 0.35875 0.68875 0.035 0.05
0 0.295 0.6625 0.0425 0.09125
0 0.62625 0.68625 0.02625 0.0475
0 0.255 0.6925 0.02875 0.0925
0 0.40625 0.5775 0.03875 0.06625
0 0.45125 0.5825 0.0325 0.0425
0 0.4875 0.57625 0.03125 0.0475
0 0.5425 0.5725 0.02875 0.05875
0 0.51625 0.56375 0.015 0.055
0 0.5975 0.5925 0.0125 0.03125
0 0.58 0.58875 0.01125 0.03125
0 0.565 0.59 0.01 0.03125
0 0.5675 0.55375 0.0125 0.035
0 0.625 0.5775 0.02875 0.0625
0 0.1975 0.7325 0.07 0.06
0 0.65375 0.58 0.02 0.06625
0 0.6325 0.6325 0.02875 0.0125
0 0.65875 0.685 0.0225 0.0575
0 0.265 0.835 0.05125 0.13
0 0.21125 0.88 0.04625 0.12
0 0.15625 0.9025 0.0425 0.115
0 0.495 0.77875 0.01875 0.0625
0 0.475 0.78625 0.01875 0.0625
0 0.45125 0.7925 0.02125 0.07
0 0.42875 0.8 0.0175 0.06125
0 0.4075 0.80375 0.0175 0.0625
0 0.38625 0.79875 0.0225 0.085
0 0.6525 0.79625 0.0125 0.08375
0 0.6325 0.6525 0.02375 0.01375
0 0.63375 0.79625 0.01625 0.085
0 0.59375 0.78875 0.02 0.08625
0 0.57125 0.7875 0.015 0.0825
0 0.545 0.77375 0.0125 0.07375
0 0.52125 0.78 0.02 0.075
0 0.695 0.81625 0.0575 0.1075
0 0.76625 0.855 0.0675 0.12375
0 0.84375 0.88375 0.0625 0.125
0 0.84875 0.74125 0.05125 0.09375
0 0.78 0.7225 0.07375 0.09
0 0.7075 0.69625 0.0625 0.09
0 0.61375 0.78125 0.015 0.08375
0 0.72375 0.1475 0.0275 0.11625
0 0.58625 0.5525 0.015 0.0325
0 0.23625 0.58125 0.06125 0.06125
0 0.30875 0.55625 0.055 0.0675
0 0.695 0.57875 0.02625 0.05625
0 0.19125 0.59875 0.02375 0.03625
0 0.165 0.6 0.025 0.055
0 0.13625 0.61 0.0225 0.0525
0 0.30625 0.42125 0.0375 0.115
0 0.26875 0.42375 0.03 0.12
0 0.23625 0.43125 0.0225 0.1175
0 0.20125 0.4325 0.04375 0.125
0 0.155 0.43625 0.0425 0.1275
0 0.3425 0.47125 0.0125 0.0375
0 0.37375 0.4 0.02375 0.06875
0 0.40375 0.4075 0.03 0.06
0 0.45125 0.40125 0.0175 0.0525
0 0.43 0.40625 0.02 0.05625
0 0.485 0.3975 0.0225 0.05875
0 0.51375 0.4 0.02 0.05
0 0.54125 0.4025 0.02625 0.05375
0 0.595 0.4025 0.02125 0.05375
0 0.57 0.40125 0.02 0.05625
0 0.6225 0.40125 0.0225 0.055
0 0.6575 0.39 0.03375 0.0825
0 0.34375 0.40375 0.0275 0.06625
0 0.3475 0.51125 0.015 0.03625
0 0.42625 0.46 0.015 0.03
0 0.6575 0.49375 0.03125 0.065
0 0.80375 0.61625 0.0225 0.035
0 0.83625 0.61125 0.0225 0.065
0 0.865 0.61375 0.01875 0.065
0 0.82375 0.5075 0.0575 0.0475
0 0.78 0.5025 0.025 0.05875
0 0.75125 0.49625 0.015 0.045
0 0.7175 0.50125 0.03125 0.03125
0 0.3625 0.51125 0.00875 0.035
0 0.62375 0.4925 0.02625 0.06
0 0.77625 0.59375 0.02125 0.03625
0 0.5975 0.5 0.0125 0.04125
0 0.54625 0.48625 0.03 0.0625
0 0.5075 0.48125 0.025 0.05375
0 0.48625 0.5025 0.01375 0.03
0 0.4575 0.50125 0.01375 0.03375
0 0.4425 0.50375 0.0125 0.0325
0 0.425 0.50375 0.01375 0.035
0 0.40625 0.5025 0.01375 0.03625
0 0.39125 0.5075 0.01375 0.03375
0 0.37625 0.5075 0.01375 0.0375
0 0.57875 0.49625 0.0175 0.045
0 0.7275 0.5775 0.0275 0.0675