0 0.1575 0.24625 0.04625 0.11375
0 0.8125 0.48625 0.04625 0.0625
0 0.37375 0.72375 0.0225 0.06375
0 0.30125 0.71125 0.035 0.09
0 0.265 0.70875 0.03625 0.08875
0 0.22875 0.72625 0.02625 0.05375
0 0.195 0.71375 0.035 0.06125
0 0.56125 0.615 0.0475 0.0425
0 0.4 0.71625 0.02625 0.07875
0 0.43375 0.7175 0.0375 0.0775
0 0.47625 0.735 0.04125 0.045
0 0.14625 0.73 0.04125 0.0225
0 0.145 0.6975 0.03875 0.03125
0 0.8575 0.48125 0.035 0.075
0 0.85375 0.59625 0.03875 0.09
0 0.54875 0.73125 0.03 0.03875
0 0.58875 0.73 0.04 0.01875
0 0.58625 0.74875 0.04 0.0175
0 0.625 0.72 0.02875 0.075
0 0.6575 0.71625 0.02875 0.085
0 0.6825 0.69875 0.02 0.08125
0 0.715 0.7 0.04 0.08125
0 0.75875 0.72125 0.0375 0.08125
0 0.8075 0.70875 0.04125 0.085
0 0.8525 0.71375 0.04375 0.08625
0 0.765 0.48 0.0425 0.0775
0 0.515 0.73375 0.035 0.04375
0 0.34125 0.7 0.035 0.08
0 0.5125 0.61375 0.04625 0.04125
0 0.63625 0.035 0.035 0.06875
0 0.615 0.40625 0.05125 0.075
0 0.5675 0.40125 0.0375 0.08375
0 0.52625 0.39625 0.04125 0.08625
0 0.485 0.39875 0.0375 0.07875
0 0.4425 0.39875 0.04 0.0775
0 0.40125 0.3925 0.03875 0.0825
0 0.35875 0.39375 0.04125 0.08375
0 0.315 0.39 0.03875 0.08
0 0.27125 0.38875 0.04 0.07875
0 0.6675 0.40875 0.05625 0.07375
0 0.22625 0.3875 0.04 0.08
0 0.15125 0.4025 0.02125 0.0525
0 0.82375 0.36 0.04875 0.0675
0 0.77625 0.3625 0.04375 0.06125
0 0.74375 0.28 0.0425 0.1025
0 0.69125 0.285 0.06125 0.0975
0 0.63875 0.285 0.03875 0.085
0 0.59625 0.2825 0.0375 0.0875
0 0.55625 0.3175 0.0325 0.01375
0 0.5575 0.2975 0.0275 0.01625
0 0.1825 0.40375 0.0375 0.05625
0 0.5575 0.28 0.0325 0.01625
0 0.71875 0.41125 0.04375 0.07125
0 0.2325 0.51125 0.0425 0.0575
0 0.4625 0.60875 0.04625 0.0475
0 0.415 0.60875 0.04125 0.045
0 0.36125 0.6075 0.05625 0.05125
0 0.3125 0.6 0.035 0.0375
0 0.2725 0.595 0.0375 0.06375
0 0.2325 0.59625 0.035 0.065
0 0.19625 0.61625 0.03625 0.075
0 0.155 0.61625 0.04 0.0775
0 0.71125 0.52 0.02875 0.0675
0 0.1725 0.5025 0.045 0.08125
0 0.6675 0.52875 0.05375 0.0475
0 0.57625 0.5375 0.045 0.025
0 0.54125 0.52875 0.02125 0.0425
0 0.51625 0.52875 0.0225 0.0425
0 0.485 0.51875 0.0375 0.0575
0 0.445 0.51875 0.03875 0.055
0 0.405 0.51375 0.03625 0.06
0 0.365 0.51375 0.03875 0.06125
0 0.32125 0.5075 0.03875 0.055
0 0.2775 0.5125 0.04125 0.05625
0 0.62 0.53875 0.04125 0.02625
0 0.59875 0.0325 0.035 0.06375
0 0.27 0.13875 0.05 0.06625
0 0.60625 0.605 0.035 0.06625
0 0.7975 0.1975 0.0475 0.1175
0 0.84625 0.19875 0.045 0.1175
0 0.215 0.26375 0.035 0.0825
0 0.2575 0.2675 0.0375 0.08
0 0.2975 0.26875 0.0375 0.07875
0 0.385 0.2675 0.03875 0.0925
0 0.4275 0.2725 0.04 0.08625
0 0.755 0.17125 0.03625 0.06375
0 0.47125 0.27625 0.04 0.0875
0 0.77375 0.59625 0.04625 0.08625
0 0.735 0.60875 0.02875 0.065
0 0.7025 0.60875 0.03375 0.0675
0 0.6675 0.60625 0.03 0.06375
0 0.6375 0.60625 0.0275 0.0625
0 0.515 0.2775 0.03875 0.0875
0 0.56 0.26125 0.02875 0.01875
0 0.815 0.6025 0.035 0.085
0 0.7025 0.14875 0.06375 0.1075
0 0.33875 0.26625 0.03875 0.08875
0 0.60375 0.1575 0.0375 0.0725
0 0.67375 0.035 0.0425 0.06875
0 0.71375 0.035 0.03875 0.06875
0 0.6475 0.15875 0.04375 0.075
0 0.75125 0.04125 0.03625 0.08125
0 0.7925 0.04125 0.0425 0.08
0 0.85375 0.07125 0.02375 0.05625
0 0.2175 0.135 0.0475 0.06875
0 0.3175 0.15125 0.0325 0.04375
0 0.13875 0.135 0.0275 0.06625
0 0.35625 0.11 0.035 0.0425
0 0.4075 0.1625 0.05625 0.0375
0 0.4075 0.12 0.05625 0.0375
0 0.46875 0.125 0.05375 0.0425
0 0.46625 0.16875 0.05625 0.0375
0 0.525 0.15125 0.0525 0.0725
0 0.5675 0.15375 0.0325 0.07625
0 0.35625 0.15625 0.0375 0.04