0 0.735 0.52125 0.03375 0.01875
0 0.74125 0.215 0.03875 0.045
0 0.6975 0.52125 0.03625 0.01875
0 0.69125 0.55125 0.03125 0.0325
0 0.65375 0.5825 0.03875 0.025
0 0.60625 0.58125 0.04125 0.0275
0 0.55875 0.58 0.04125 0.025
0 0.51125 0.57875 0.0425 0.025
0 0.7025 0.215 0.0375 0.04125
0 0.7375 0.25875 0.03625 0.035
0 0.8225 0.21125 0.04375 0.04125
0 0.7 0.2575 0.0375 0.04
0 0.7825 0.2575 0.03625 0.04
0 0.8225 0.2575 0.035 0.045
0 0.16375 0.3025 0.05875 0.04625
0 0.16 0.34875 0.05 0.04
0 0.3075 0.31375 0.05375 0.03625
0 0.76625 0.52375 0.02625 0.01875
0 0.36375 0.31625 0.0475 0.03125
0 0.78125 0.21125 0.03375 0.045
0 0.7325 0.555 0.04375 0.0325
0 0.55625 0.63375 0.08 0.045
0 0.81 0.535 0.0525 0.0325
0 0.41625 0.3225 0.04625 0.03375
0 0.18625 0.8325 0.05 0.0325
0 0.14125 0.8325 0.0325 0.03375
0 0.81625 0.69125 0.0675 0.03375
0 0.7225 0.68625 0.08375 0.04375
0 0.63875 0.68375 0.07875 0.0375
0 0.55875 0.68 0.07125 0.0425
0 0.80875 0.65 0.07625 0.03875
0 0.725 0.64 0.075 0.04
0 0.64 0.63875 0.0825 0.04125
0 0.4575 0.645 0.065 0.06375
0 0.37625 0.6525 0.03 0.08375
0 0.32125 0.6525 0.0725 0.08625
0 0.2525 0.65 0.05875 0.08125
0 0.18 0.655 0.065 0.07875
0 0.81 0.58 0.0575 0.04125
0 0.7625 0.5875 0.03125 0.0275
0 0.73 0.58625 0.03125 0.025
0 0.695 0.58375 0.0325 0.03
0 0.7675 0.55375 0.01875 0.03125
0 0.35125 0.83875 0.04625 0.0325
0 0.6175 0.42125 0.05375 0.0325
0 0.40875 0.36125 0.0525 0.0375
0 0.56375 0.46625 0.0625 0.05
0 0.62875 0.4675 0.06125 0.045
0 0.67625 0.44875 0.03 0.03125
0 0.7075 0.44875 0.02625 0.03125
0 0.73875 0.44875 0.03125 0.03125
0 0.67875 0.48 0.02875 0.0275
0 0.65 0.54875 0.04 0.0375
0 0.6075 0.545 0.04 0.03875
0 0.56 0.54625 0.0425 0.0375
0 0.5125 0.545 0.04625 0.03875
0 0.44 0.55 0.075 0.07875
0 0.37 0.545 0.05375 0.085
0 0.3025 0.54625 0.07125 0.07625
0 0.23125 0.54375 0.05375 0.07375
0 0.16 0.56625 0.06875 0.02625
0 0.16625 0.52875 0.075 0.03875
0 0.81375 0.4725 0.06875 0.06125
0 0.7575 0.48625 0.03875 0.03625
0 0.71625 0.48 0.03625 0.025
0 0.55875 0.41875 0.04875 0.0325
0 0.5 0.41375 0.04875 0.035
0 0.4975 0.46375 0.05875 0.04375
0 0.435 0.4625 0.05 0.0425
0 0.46875 0.36 0.0575 0.0375
0 0.52875 0.365 0.05 0.03375
0 0.53375 0.31625 0.055 0.05375
0 0.595 0.31625 0.05125 0.0525
0 0.6575 0.31625 0.06125 0.04875
0 0.59 0.365 0.05625 0.03625
0 0.65 0.36625 0.055 0.035
0 0.73375 0.345 0.07125 0.02125
0 0.715 0.37375 0.06625 0.03
0 0.34875 0.3575 0.06 0.0375
0 0.77875 0.37375 0.055 0.03125
0 0.1725 0.4525 0.06 0.04625
0 0.23 0.46125 0.045 0.03875
0 0.28375 0.46375 0.0375 0.035
0 0.31 0.42125 0.04125 0.0375
0 0.355 0.4225 0.04125 0.0375
0 0.405 0.4225 0.04125 0.02875
0 0.45 0.425 0.0375 0.03
0 0.33375 0.4625 0.05 0.04125
0 0.385 0.465 0.04375 0.04125
0 0.16875 0.40625 0.07875 0.0375
0 0.47 0.315 0.0525 0.04125
0 0.29375 0.84 0.05 0.0275
0 0.47875 0.835 0.06625 0.04625
0 0.395 0.135 0.045 0.06
0 0.505 0.10125 0.05375 0.0275
0 0.56625 0.11125 0.06125 0.02125
0 0.50125 0.14375 0.06 0.04375
0 0.56125 0.145 0.05625 0.04
0 0.62125 0.145 0.05125 0.04375
0 0.67875 0.14 0.05375 0.05625
0 0.735 0.1425 0.0525 0.0575
0 0.775 0.0925 0.03875 0.03125
0 0.8175 0.09375 0.03375 0.03125
0 0.7825 0.12625 0.03125 0.03
0 0.8175 0.125 0.03375 0.025
0 0.7875 0.15875 0.03375 0.03125
0 0.82625 0.15625 0.03875 0.0325
0 0.86 0.12 0.02875 0.02875
0 0.8625 0.15625 0.025 0.03625
0 0.1525 0.19125 0.0475 0.04875
0 0.15625 0.24 0.04875 0.0425
0 0.36125 0.21375 0.055 0.035
0 0.35625 0.25125 0.06125 0.03
0 0.42375 0.235 0.04 0.0625
0 0.48625 0.2125 0.07 0.0375
0 0.4875 0.25125 0.06875 0.035
0 0.23875 0.84 0.0525 0.02875
0 0.41 0.83375 0.0625 0.04125
0 0.3425 0.1375 0.04625 0.04875
0 0.2925 0.135 0.045 0.0525
0 0.44375 0.135 0.04625 0.06
0 0.3925 0.08625 0.05 0.0275
0 0.80625 0.85375 0.04375 0.0375
0 0.85375 0.8475 0.04125 0.045
0 0.425 0.7275 0.0575 0.025
0 0.27375 0.72625 0.05125 0.025
0 0.445 0.08375 0.04875 0.025
0 0.7475 0.83 0.0325 0.055
0 0.68875 0.83875 0.06875 0.04625
0 0.61625 0.84375 0.0575 0.0425
0 0.80625 0.80875 0.045 0.0425
0 0.7325 0.77875 0.0425 0.0375
0 0.15125 0.1275 0.0275 0.0525
0 0.1825 0.13 0.03 0.04625
0 0.24625 0.13125 0.04 0.05125
0 0.29375 0.09375 0.04375 0.02125
0 0.34 0.0975 0.0425 0.025
0 0.38875 0.05375 0.04875 0.0325
0 0.5475 0.835 0.0625 0.045