0 0.53125 0.64625 0.0525 0.035
0 0.7725 0.14375 0.05375 0.04125
0 0.71875 0.14375 0.04875 0.03875
0 0.63625 0.1425 0.04625 0.0425
0 0.59 0.14125 0.04125 0.04
0 0.5425 0.14125 0.05 0.04125
0 0.48125 0.13875 0.04375 0.04
0 0.43 0.1375 0.04375 0.0425
0 0.385 0.135 0.0425 0.0425
0 0.33625 0.135 0.04625 0.04375
0 0.2925 0.13625 0.04125 0.04
0 0.14625 0.135 0.04125 0.04125
0 0.47875 0.6475 0.0525 0.0375
0 0.20125 0.7475 0.03625 0.045
0 0.15875 0.75125 0.03875 0.0425
0 0.8525 0.63875 0.04375 0.06125
0 0.80875 0.63625 0.0425 0.0575
0 0.75875 0.64875 0.05875 0.03375
0 0.29 0.74375 0.02625 0.0575
0 0.26125 0.7425 0.03 0.0625
0 0.2325 0.74625 0.02125 0.055
0 0.70125 0.65 0.05375 0.03125
0 0.64375 0.6475 0.05625 0.03375
0 0.5875 0.6475 0.05625 0.03375
0 0.19125 0.13625 0.04375 0.04375
0 0.82625 0.145 0.0475 0.03875
0 0.22125 0.33375 0.0425 0.05875
0 0.20625 0.2175 0.0525 0.06125
0 0.32375 0.33375 0.0475 0.06
0 0.375 0.33125 0.03875 0.055
0 0.425 0.335 0.05875 0.06125
0 0.47625 0.34625 0.03 0.0425
0 0.54375 0.33375 0.05625 0.10625
0 0.61125 0.34875 0.04625 0.0425
0 0.27875 0.3325 0.03875 0.0625
0 0.65625 0.355 0.03875 0.02
0 0.74375 0.3475 0.05 0.03625
0 0.7925 0.345 0.04875 0.04
0 0.84625 0.3475 0.05625 0.0375
0 0.1525 0.43875 0.035 0.07
0 0.19 0.44625 0.03625 0.055
0 0.22875 0.44375 0.0375 0.05625
0 0.6975 0.355 0.04 0.02
0 0.15375 0.21625 0.04875 0.06
0 0.425 0.64875 0.05125 0.03375
0 0.15625 0.3325 0.0275 0.0625
0 0.27375 0.21875 0.045 0.065
0 0.31 0.22375 0.0225 0.0525
0 0.3375 0.2225 0.0275 0.0525
0 0.365 0.2225 0.02375 0.05125
0 0.3925 0.2275 0.0275 0.045
0 0.435 0.22125 0.05625 0.0575
0 0.185 0.3325 0.02625 0.06375
0 0.49125 0.2225 0.05 0.05625
0 0.60875 0.2225 0.05 0.055
0 0.66875 0.2225 0.0525 0.06
0 0.725 0.22625 0.05 0.05
0 0.795 0.22375 0.05375 0.0525
0 0.84875 0.22875 0.04875 0.05125
0 0.13375 0.32875 0.01625 0.0625
0 0.555 0.22375 0.05 0.05625
0 0.37125 0.64875 0.05 0.0425
0 0.20875 0.63 0.03375 0.07625
0 0.27625 0.63 0.03 0.0775
0 0.33875 0.8325 0.045 0.07875
0 0.39375 0.8325 0.05 0.08
0 0.4475 0.83 0.04875 0.08
0 0.495 0.83125 0.045 0.08125
0 0.54625 0.82875 0.0475 0.08625
0 0.59125 0.8275 0.0425 0.0825
0 0.6425 0.82875 0.045 0.07625
0 0.70625 0.82625 0.06375 0.075
0 0.77875 0.82625 0.075 0.07375
0 0.845 0.82875 0.05875 0.0775
0 0.32 0.65125 0.05 0.03875
0 0.265 0.445 0.03375 0.055
0 0.3 0.45 0.02875 0.04625
0 0.34375 0.455 0.05125 0.045
0 0.395 0.4525 0.05125 0.04
0 0.445 0.44875 0.0475 0.0475
0 0.495 0.45375 0.05 0.03875
0 0.28625 0.83375 0.0575 0.07875
0 0.23125 0.835 0.0475 0.0825
0 0.17375 0.83875 0.05875 0.07875
0 0.8575 0.7325 0.035 0.065
0 0.315 0.745 0.02 0.05625
0 0.34 0.7425 0.0275 0.0575
0 0.3675 0.74125 0.025 0.05625
0 0.39375 0.74125 0.0275 0.0575
0 0.42 0.74375 0.0225 0.04875
0 0.44375 0.745 0.02375 0.04625
0 0.4725 0.73875 0.0275 0.05375
0 0.4975 0.7375 0.02125 0.05625
0 0.63625 0.455 0.055 0.03375
0 0.52375 0.73875 0.0225 0.0475
0 0.57375 0.73625 0.02375 0.05625
0 0.60875 0.74 0.03625 0.04625
0 0.64625 0.74125 0.0375 0.045
0 0.68125 0.74 0.03125 0.04375
0 0.715 0.74125 0.03 0.04125
0 0.75 0.73875 0.0325 0.0475
0 0.785 0.74125 0.03625 0.045
0 0.82125 0.73875 0.03375 0.0475
0 0.54875 0.74 0.0225 0.05
0 0.6925 0.455 0.05375 0.03875
0 0.25125 0.33375 0.0125 0.05625
0 0.80125 0.4525 0.05 0.04
0 0.535 0.54125 0.04625 0.04375
0 0.585 0.54375 0.04625 0.04375
0 0.63125 0.545 0.04375 0.04
0 0.675 0.5575 0.0375 0.0225
0 0.7475 0.45375 0.0525 0.04
0 0.71375 0.53125 0.03875 0.02
0 0.75625 0.53125 0.03875 0.0275
0 0.7975 0.53125 0.03875 0.025
0 0.76 0.555 0.04375 0.02
0 0.80625 0.555 0.04625 0.02125
0 0.85125 0.535 0.0475 0.0175
0 0.85375 0.555 0.0425 0.01875
0 0.145 0.6325 0.03125 0.07625
0 0.175 0.6325 0.0275 0.07625
0 0.24375 0.63 0.03625 0.07875
0 0.39625 0.545 0.05125 0.045
0 0.34 0.5475 0.055 0.04
0 0.715 0.55625 0.04125 0.025
0 0.22625 0.55 0.055 0.035
0 0.85125 0.455 0.045 0.0425
0 0.285 0.54875 0.055 0.03375
0 0.1725 0.5475 0.05125 0.0375