0 0.3025 0.52875 0.04625 0.035
0 0.73375 0.24375 0.015 0.035
0 0.42 0.47375 0.04125 0.03125
0 0.46375 0.47625 0.03125 0.04375
0 0.37125 0.525 0.04125 0.03125
0 0.2825 0.315 0.0225 0.0425
0 0.4675 0.525 0.03875 0.035
0 0.305 0.31375 0.01625 0.04125
0 0.52125 0.4375 0.025 0.0325
0 0.56 0.43875 0.035 0.02875
0 0.59625 0.44125 0.02625 0.0375
0 0.3275 0.31375 0.02125 0.0425
0 0.3525 0.3125 0.02 0.03875
0 0.37375 0.3125 0.02125 0.04
0 0.42 0.52375 0.045 0.03375
0 0.68875 0.305 0.0225 0.03625
0 0.4525 0.31 0.02125 0.03625
0 0.66375 0.30625 0.02625 0.035
0 0.6375 0.30625 0.01875 0.03375
0 0.615 0.30875 0.01875 0.03375
0 0.56375 0.3075 0.01875 0.035
0 0.54125 0.30875 0.02125 0.03875
0 0.52125 0.3075 0.01875 0.035
0 0.395 0.31 0.02 0.03875
0 0.73125 0.3025 0.02625 0.035
0 0.29625 0.47625 0.03875 0.03625
0 0.2525 0.52875 0.03875 0.03625
0 0.6275 0.44 0.0225 0.03625
0 0.7075 0.30375 0.015 0.03375
0 0.49625 0.31125 0.02125 0.0375
0 0.4725 0.3125 0.015 0.0375
0 0.255 0.4775 0.04375 0.035
0 0.52125 0.4775 0.02375 0.035
0 0.34125 0.25125 0.02125 0.03875
0 0.5875 0.47875 0.0275 0.03125
0 0.30125 0.25375 0.01875 0.03875
0 0.28 0.255 0.0175 0.0425
0 0.2675 0.70875 0.03125 0.03
0 0.23 0.7875 0.02125 0.04625
0 0.76 0.525 0.03375 0.035
0 0.7225 0.5225 0.03625 0.03125
0 0.32 0.2525 0.01875 0.03625
0 0.6875 0.52375 0.03375 0.0325
0 0.59125 0.525 0.025 0.03375
0 0.56125 0.52375 0.035 0.0325
0 0.52125 0.5275 0.0275 0.03
0 0.7575 0.46875 0.025 0.02875
0 0.7225 0.47 0.03625 0.025
0 0.685 0.47 0.02625 0.02375
0 0.62375 0.5225 0.0325 0.0325
0 0.55375 0.4775 0.03375 0.03
0 0.36625 0.2525 0.01875 0.0425
0 0.45125 0.25125 0.025 0.0425
0 0.62625 0.47875 0.02875 0.03125
0 0.68875 0.4375 0.0225 0.03625
0 0.71625 0.435 0.025 0.03125
0 0.75375 0.435 0.03625 0.03125
0 0.71125 0.2475 0.0175 0.0325
0 0.69 0.2475 0.02 0.03375
0 0.38875 0.2525 0.0225 0.0425
0 0.6675 0.24875 0.01625 0.035
0 0.62 0.2475 0.0225 0.03125
0 0.56125 0.25 0.02125 0.0375
0 0.5375 0.24875 0.0175 0.03875
0 0.5175 0.2475 0.015 0.0375
0 0.4975 0.24625 0.01875 0.03875
0 0.4775 0.25 0.01875 0.0425
0 0.64375 0.2475 0.02125 0.03125
0 0.37 0.47625 0.03625 0.03125
0 0.73625 0.66375 0.02125 0.0225
0 0.29875 0.70375 0.03 0.02
0 0.60125 0.7875 0.01625 0.0425
0 0.63875 0.66 0.0175 0.03125
0 0.69 0.6675 0.025 0.02625
0 0.71375 0.6625 0.0175 0.025
0 0.76 0.66375 0.0175 0.02375
0 0.63625 0.7175 0.01625 0.0575
0 0.66125 0.71375 0.02625 0.05875
0 0.685 0.71375 0.0125 0.05875
0 0.57625 0.7875 0.0225 0.04375
0 0.7075 0.715 0.02625 0.05
0 0.7575 0.7125 0.0225 0.055
0 0.635 0.7825 0.0175 0.0525
0 0.65875 0.78 0.02375 0.0525
0 0.68125 0.78 0.02125 0.0525
0 0.70625 0.78 0.02375 0.0525
0 0.73 0.77625 0.01875 0.055
0 0.7525 0.7775 0.0225 0.05875
0 0.23125 0.7075 0.025 0.02125
0 0.73375 0.71375 0.01875 0.05
0 0.555 0.78875 0.0175 0.0475
0 0.6625 0.6625 0.02375 0.01875
0 0.50875 0.785 0.025 0.05375
0 0.52875 0.72375 0.01875 0.05375
0 0.50375 0.7225 0.02375 0.0525
0 0.47875 0.725 0.0175 0.0475
0 0.6 0.66625 0.02375 0.04875
0 0.5775 0.66625 0.01875 0.05375
0 0.55375 0.665 0.0275 0.0525
0 0.52875 0.66625 0.02125 0.05125
0 0.53375 0.785 0.0225 0.055
0 0.47875 0.66375 0.02 0.05125
0 0.37375 0.785 0.02625 0.05
0 0.34125 0.7875 0.0325 0.05
0 0.30375 0.78875 0.03875 0.0475
0 0.27 0.78875 0.02625 0.04875
0 0.3575 0.70625 0.02 0.03
0 0.33 0.70875 0.025 0.0275
0 0.55125 0.7275 0.025 0.045
0 0.57625 0.73 0.02 0.045
0 0.5025 0.665 0.025 0.04875
0 0.6 0.73 0.02375 0.045
0 0.48375 0.78625 0.02 0.04875