0 0.41875 0.61 0.03375 0.1225
0 0.3875 0.61125 0.02875 0.12375
0 0.45375 0.60875 0.03125 0.1275
0 0.2525 0.9075 0.02375 0.0725
0 0.51 0.615 0.02875 0.11
0 0.78125 0.7475 0.03 0.1125
0 0.82 0.75625 0.03125 0.105
0 0.79875 0.63125 0.0275 0.07375
0 0.14625 0.89875 0.025 0.10125
0 0.1725 0.8975 0.0225 0.10625
0 0.19625 0.89375 0.0225 0.105
0 0.2225 0.89625 0.0275 0.105
0 0.27875 0.90625 0.025 0.0775
0 0.305 0.9075 0.02375 0.08125
0 0.3325 0.905 0.02 0.0825
0 0.35625 0.90875 0.02375 0.08
0 0.38125 0.90375 0.0225 0.08125
0 0.75 0.745 0.0275 0.1175
0 0.405 0.90625 0.0225 0.08375
0 0.45875 0.88875 0.02625 0.11875
0 0.48375 0.88875 0.02375 0.11875
0 0.5125 0.8875 0.0275 0.11625
0 0.54 0.89125 0.02125 0.11625
0 0.56625 0.89 0.03 0.11125
0 0.59375 0.8925 0.025 0.115
0 0.625 0.89125 0.035 0.1125
0 0.6575 0.89125 0.02875 0.11625
0 0.6875 0.90625 0.03 0.08125
0 0.71625 0.90625 0.03 0.0875
0 0.7525 0.90375 0.035 0.09375
0 0.7925 0.9 0.0425 0.09125
0 0.43125 0.88875 0.0275 0.11625
0 0.4825 0.6075 0.025 0.12625
0 0.72 0.7475 0.02625 0.11875
0 0.65625 0.75 0.0325 0.11125
0 0.5375 0.62875 0.0225 0.07625
0 0.55875 0.635 0.01875 0.06375
0 0.5825 0.615 0.02875 0.1075
0 0.6125 0.6225 0.0275 0.08875
0 0.64375 0.62125 0.03 0.095
0 0.68125 0.63125 0.03375 0.03125
0 0.68 0.65625 0.03 0.0175
0 0.725 0.62 0.0275 0.09125
0 0.76125 0.61875 0.0375 0.09
0 0.15625 0.78 0.04625 0.075
0 0.2025 0.77875 0.0425 0.07375
0 0.23625 0.7575 0.02625 0.09375
0 0.69 0.7525 0.0325 0.1125
0 0.2625 0.7575 0.025 0.09375
0 0.31375 0.7575 0.025 0.1
0 0.34 0.75 0.025 0.10875
0 0.36625 0.7475 0.025 0.1175
0 0.39375 0.74875 0.0275 0.115
0 0.41875 0.75625 0.02125 0.1025
0 0.445 0.7475 0.0275 0.11875
0 0.4725 0.74875 0.0275 0.1175
0 0.50125 0.74875 0.02625 0.1175
0 0.53125 0.74875 0.03125 0.12
0 0.565 0.7475 0.03125 0.12125
0 0.59375 0.75 0.02625 0.1175
0 0.625 0.7475 0.03125 0.11875
0 0.28875 0.7575 0.02375 0.09375
0 0.355 0.6075 0.03125 0.12625
0 0.16 0.1775 0.03125 0.1025
0 0.43625 0.10875 0.0325 0.1675
0 0.2175 0.13625 0.025 0.12375
0 0.19 0.145 0.0275 0.10625
0 0.21625 0.30875 0.0375 0.11875
0 0.16875 0.35125 0.05375 0.0875
0 0.8525 0.10125 0.03625 0.16625
0 0.3175 0.6175 0.02125 0.1325
0 0.24625 0.1375 0.03125 0.12
0 0.25125 0.31625 0.02875 0.10375
0 0.3125 0.32125 0.0275 0.08375
0 0.34875 0.35 0.03625 0.02125
0 0.41 0.3125 0.025 0.1025
0 0.44375 0.3125 0.04 0.10375
0 0.4775 0.32 0.025 0.08875
0 0.50625 0.3175 0.03 0.08875
0 0.28 0.3125 0.02875 0.11
0 0.53375 0.315 0.025 0.095
0 0.27625 0.12125 0.025 0.15375
0 0.3275 0.12875 0.02375 0.1325
0 0.815 0.10125 0.035 0.165
0 0.78375 0.10625 0.025 0.16
0 0.755 0.10875 0.0325 0.15875
0 0.72375 0.105 0.03125 0.165
0 0.69125 0.0975 0.03375 0.17875
0 0.65625 0.105 0.0325 0.165
0 0.3025 0.12125 0.025 0.14875
0 0.59625 0.11 0.02875 0.15875
0 0.535 0.10375 0.0275 0.1725
0 0.5025 0.11125 0.03375 0.16125
0 0.47 0.11875 0.03125 0.1475
0 0.40625 0.11875 0.02625 0.15125
0 0.38125 0.13125 0.025 0.12625
0 0.35375 0.13125 0.02375 0.1275
0 0.565 0.1125 0.02625 0.15625
0 0.56 0.315 0.025 0.095
0 0.3825 0.3 0.03 0.1275
0 0.62 0.2975 0.02875 0.125
0 0.39625 0.46 0.0275 0.12875
0 0.42875 0.46625 0.03375 0.11
0 0.46125 0.465 0.02625 0.11375
0 0.4875 0.4625 0.02625 0.1175
0 0.5175 0.46 0.03 0.12
0 0.54375 0.46375 0.02375 0.11875
0 0.57125 0.46125 0.0275 0.11875
0 0.6 0.4575 0.02625 0.1225
0 0.62625 0.47 0.02375 0.10125
0 0.65875 0.475 0.03375 0.08125
0 0.6925 0.47375 0.03375 0.0875
0 0.7325 0.4775 0.0375 0.03
0 0.7325 0.50625 0.035 0.025
0 0.77 0.50125 0.03375 0.03125
0 0.8375 0.37375 0.075 0.07625
0 0.835 0.44125 0.08125 0.05875
0 0.8225 0.54375 0.06625 0.0975
0 0.2375 0.60625 0.0425 0.125
0 0.28 0.61 0.04 0.13
0 0.36375 0.46 0.035 0.12625
0 0.58875 0.3 0.0275 0.1275
0 0.3275 0.45875 0.0325 0.13
0 0.26125 0.46 0.0325 0.1275
0 0.645 0.33125 0.02 0.0575
0 0.67 0.3025 0.02625 0.12
0 0.70125 0.31625 0.03625 0.08625
0 0.74125 0.315 0.03875 0.0875
0 0.7775 0.31125 0.0325 0.09
0 0.84 0.27625 0.06875 0.1025
0 0.1475 0.5125 0.04125 0.07625
0 0.22625 0.46 0.035 0.1225
0 0.1875 0.51 0.0375 0.0825
0 0.29375 0.46 0.03125 0.12625