0 0.2925 0.50375 0.04875 0.035
0 0.29125 0.54 0.05 0.035
0 0.24 0.50375 0.0525 0.03625
0 0.24 0.54 0.05125 0.035
0 0.64375 0.5225 0.0425 0.06875
0 0.60125 0.52125 0.04 0.07125
0 0.40125 0.4425 0.03625 0.05
0 0.345 0.53875 0.05125 0.03375
0 0.69625 0.52125 0.04125 0.0725
0 0.16875 0.52625 0.08 0.06125
0 0.345 0.50375 0.0525 0.03375
0 0.50125 0.50375 0.05 0.035
0 0.3975 0.53875 0.04875 0.03125
0 0.44875 0.53875 0.0475 0.03375
0 0.44875 0.505 0.04875 0.0325
0 0.365 0.4425 0.0375 0.04875
0 0.32625 0.44375 0.0375 0.05
0 0.2875 0.44375 0.0375 0.05
0 0.24625 0.445 0.03125 0.05125
0 0.555 0.5025 0.05 0.03875
0 0.55375 0.53875 0.05 0.0325
0 0.5 0.54 0.05125 0.03375
0 0.73875 0.52125 0.04375 0.0725
0 0.3975 0.505 0.04875 0.03375
0 0.78375 0.52125 0.045 0.07375
0 0.30125 0.225 0.0325 0.13125
0 0.845 0.49375 0.05625 0.06875
0 0.61625 0.1 0.05625 0.065
0 0.395 0.2275 0.0325 0.12375
0 0.425 0.2275 0.02625 0.12375
0 0.455 0.2275 0.03 0.1225
0 0.29375 0.62375 0.05125 0.0325
0 0.34625 0.6225 0.05125 0.0325
0 0.34625 0.5875 0.0525 0.035
0 0.4 0.62375 0.0475 0.0325
0 0.4575 0.44875 0.075 0.04125
0 0.4 0.58875 0.04875 0.03625
0 0.4525 0.6225 0.0525 0.035
0 0.45125 0.5875 0.05375 0.03625
0 0.505 0.62375 0.04625 0.03375
0 0.50375 0.58875 0.0475 0.035
0 0.55625 0.62375 0.05 0.03625
0 0.555 0.58875 0.05125 0.03375
0 0.61125 0.625 0.05 0.03375
0 0.61 0.59 0.0525 0.035
0 0.66375 0.59125 0.04875 0.03125
0 0.66375 0.62375 0.05 0.0325
0 0.72875 0.62625 0.05375 0.035
0 0.73 0.59125 0.0525 0.0325
0 0.78375 0.6275 0.0475 0.0325
0 0.7825 0.5925 0.05 0.035
0 0.845 0.56125 0.06 0.065
0 0.84875 0.41875 0.05125 0.06125
0 0.53375 0.44875 0.07625 0.04125
0 0.61625 0.035 0.05625 0.065
0 0.6575 0.43875 0.045 0.05625
0 0.39875 0.09875 0.05625 0.07375
0 0.33875 0.1025 0.05125 0.075
0 0.2875 0.1075 0.05 0.06625
0 0.22 0.105 0.05625 0.07875
0 0.16875 0.155 0.045 0.08875
0 0.13625 0.16125 0.02125 0.07
0 0.68125 0.2275 0.0275 0.11625
0 0.7125 0.2275 0.0325 0.115
0 0.74625 0.22625 0.035 0.1175
0 0.7775 0.2275 0.02625 0.12
0 0.8075 0.2225 0.02875 0.0975
0 0.4525 0.0375 0.05 0.06625
0 0.85 0.145 0.0425 0.11
0 0.78625 0.04 0.0575 0.06125
0 0.72875 0.0975 0.05375 0.065
0 0.73 0.0325 0.055 0.0625
0 0.3325 0.225 0.03 0.1325
0 0.83125 0.35875 0.05625 0.05
0 0.82375 0.3025 0.0575 0.0575
0 0.865 0.25375 0.01875 0.08
0 0.15875 0.25875 0.06625 0.0675
0 0.21 0.24625 0.03125 0.0925
0 0.24 0.24625 0.0275 0.09125
0 0.26875 0.24 0.03 0.1025
0 0.785 0.1 0.05625 0.0575
0 0.6125 0.44 0.04375 0.05875
0 0.45375 0.10375 0.05125 0.065
0 0.505 0.1025 0.05125 0.06625
0 0.7025 0.43875 0.04375 0.05625
0 0.7475 0.44 0.04625 0.05875
0 0.4875 0.23125 0.03125 0.11875
0 0.52 0.23 0.0325 0.11625
0 0.55 0.23 0.0275 0.1175
0 0.58125 0.23 0.0325 0.1175
0 0.61375 0.2275 0.03125 0.1225
0 0.6475 0.2275 0.03625 0.1225
0 0.7925 0.44 0.04375 0.06125
0 0.45625 0.40125 0.07 0.03875
0 0.14375 0.3575 0.0375 0.05375
0 0.505 0.0375 0.05125 0.06375
0 0.19 0.35375 0.0475 0.06875
0 0.295 0.34875 0.05 0.06625
0 0.3475 0.34875 0.05375 0.065
0 0.4075 0.34875 0.04625 0.06625
0 0.4625 0.3575 0.06 0.0475
0 0.525 0.35625 0.0625 0.05
0 0.58625 0.355 0.05875 0.04625
0 0.64875 0.35 0.05125 0.05875
0 0.70625 0.34625 0.05875 0.05375
0 0.76 0.345 0.0475 0.0575
0 0.56 0.1025 0.05125 0.06375
0 0.55875 0.035 0.05 0.06875
0 0.24125 0.35 0.055 0.06375
0 0.3625 0.22875 0.03 0.12625
0 0.675 0.10125 0.05625 0.06625
0 0.84 0.655 0.06375 0.08375
0 0.3525 0.8925 0.035 0.07625
0 0.39125 0.8925 0.04125 0.075
0 0.43375 0.89375 0.04125 0.07875
0 0.29375 0.7875 0.04375 0.08625
0 0.47625 0.8875 0.04375 0.09125
0 0.51875 0.88875 0.03875 0.09375
0 0.56125 0.8975 0.045 0.075
0 0.605 0.895 0.04125 0.0775
0 0.6475 0.89625 0.04375 0.08125
0 0.6925 0.8975 0.04375 0.08125
0 0.7425 0.895 0.05375 0.0775
0 0.82875 0.91875 0.08875 0.05875
0 0.83625 0.8525 0.07375 0.07125
0 0.77625 0.79875 0.0375 0.08375
0 0.735 0.79875 0.04625 0.08625
0 0.68875 0.7975 0.045 0.09
0 0.60375 0.795 0.0425 0.09125
0 0.55875 0.79375 0.04625 0.08625
0 0.5125 0.79375 0.04625 0.08625
0 0.4675 0.79375 0.0425 0.08625
0 0.425 0.79125 0.04 0.09125
0 0.33625 0.79125 0.04125 0.09125
0 0.38125 0.79125 0.0475 0.09125
0 0.29375 0.58875 0.05375 0.035
0 0.67375 0.035 0.05375 0.065
0 0.31875 0.89375 0.03125 0.08
0 0.2875 0.9 0.03125 0.0675
0 0.64625 0.79625 0.03875 0.08875
0 0.22 0.88875 0.0425 0.08
0 0.24 0.62375 0.05125 0.03375
0 0.25625 0.8975 0.02875 0.06375
0 0.23875 0.58875 0.05375 0.03375
0 0.15875 0.60625 0.0675 0.06375
0 0.83625 0.7375 0.07125 0.07875
0 0.77375 0.6975 0.035 0.075
0 0.70125 0.6975 0.03625 0.07375
0 0.66375 0.69875 0.03625 0.07125
0 0.62625 0.69875 0.0375 0.07
0 0.585 0.695 0.0375 0.075
0 0.5475 0.6975 0.0375 0.08
0 0.51125 0.7 0.03375 0.075
0 0.7375 0.6975 0.03625 0.075
0 0.42875 0.69375 0.0425 0.07875
0 0.1775 0.89125 0.04375 0.08375
0 0.475 0.6975 0.03875 0.0725
0 0.25 0.79125 0.0425 0.07875
0 0.205 0.79875 0.045 0.07125
0 0.13875 0.8875 0.02625 0.075
0 0.15125 0.69625 0.05125 0.07375
0 0.1575 0.7975 0.05 0.075
0 0.2025 0.6925 0.04875 0.0825
0 0.25 0.6925 0.04625 0.0825
0 0.30125 0.695 0.05375 0.0775
0 0.34875 0.695 0.03875 0.07875
0 0.3875 0.69375 0.03875 0.08