0 0.845 0.80375 0.06 0.03375
0 0.85625 0.8775 0.035 0.0575
0 0.80375 0.89 0.06 0.0625
0 0.3775 0.84375 0.05375 0.10375
0 0.71 0.84 0.0275 0.105
0 0.66125 0.8575 0.0575 0.1025
0 0.59875 0.8525 0.05625 0.115
0 0.5375 0.8025 0.03875 0.05125
0 0.53875 0.87 0.05 0.07375
0 0.49375 0.84625 0.035 0.10875
0 0.325 0.27375 0.0325 0.09875
0 0.3175 0.84125 0.05625 0.10375
0 0.74875 0.855 0.0325 0.11
0 0.44 0.86 0.05875 0.085
0 0.295 0.28125 0.02125 0.095
0 0.37875 0.585 0.0725 0.05875
0 0.85875 0.59625 0.03125 0.05125
0 0.81625 0.595 0.03 0.05625
0 0.77875 0.59625 0.03375 0.0575
0 0.7375 0.59375 0.03875 0.06625
0 0.65375 0.585 0.035 0.07
0 0.6125 0.58375 0.035 0.07
0 0.56875 0.5825 0.03625 0.075
0 0.46125 0.59125 0.07875 0.05125
0 0.3 0.58875 0.0725 0.05125
0 0.2425 0.585 0.035 0.04875
0 0.19375 0.58375 0.0375 0.05375
0 0.15375 0.5775 0.02625 0.06375
0 0.8 0.50625 0.12625 0.06
0 0.69625 0.55375 0.03875 0.135
0 0.655 0.50375 0.03375 0.05625
0 0.58 0.5075 0.11375 0.0575
0 0.4675 0.5075 0.10625 0.05625
0 0.3775 0.5025 0.06 0.05625
0 0.31 0.505 0.07375 0.04375
0 0.24875 0.50125 0.0275 0.0525
0 0.22125 0.505 0.0175 0.04375
0 0.195 0.48875 0.025 0.06125
0 0.1625 0.4925 0.02625 0.06625
0 0.13375 0.71125 0.01625 0.0425
0 0.855 0.41125 0.03125 0.09125
0 0.1575 0.70875 0.025 0.06125
0 0.2125 0.7275 0.02875 0.025
0 0.2725 0.855 0.025 0.0725
0 0.245 0.8525 0.02625 0.07625
0 0.22125 0.83625 0.01875 0.0975
0 0.205 0.82625 0.0075 0.0975
0 0.18625 0.7975 0.0225 0.08125
0 0.15875 0.83375 0.0225 0.09375
0 0.13625 0.83 0.02125 0.09375
0 0.8525 0.74125 0.01875 0.065
0 0.8225 0.7375 0.02875 0.07
0 0.75375 0.7175 0.0375 0.1
0 0.6825 0.73125 0.075 0.06625
0 0.6875 0.66875 0.075 0.0525
0 0.61125 0.65875 0.04625 0.04875
0 0.61 0.72875 0.05375 0.06625
0 0.55 0.72875 0.05125 0.06
0 0.5475 0.66375 0.05875 0.055
0 0.4 0.64125 0.07375 0.01875
0 0.5025 0.7225 0.0275 0.06875
0 0.46125 0.70375 0.04875 0.07625
0 0.38875 0.71125 0.0725 0.0925
0 0.31375 0.72375 0.07125 0.04625
0 0.30875 0.66375 0.075 0.0525
0 0.25 0.72125 0.0325 0.0325
0 0.18375 0.71 0.02125 0.0625
0 0.81625 0.4125 0.0225 0.08625
0 0.52625 0.58375 0.0325 0.06625
0 0.74625 0.4 0.03125 0.1175
0 0.40875 0.27375 0.03125 0.105
0 0.36625 0.27875 0.04125 0.0925
0 0.205 0.1075 0.03875 0.12875
0 0.24625 0.11 0.02625 0.1175
0 0.28625 0.1125 0.03875 0.1275
0 0.3275 0.10875 0.0375 0.13
0 0.37125 0.10375 0.03875 0.1375
0 0.41125 0.12 0.02875 0.10375
0 0.4525 0.11625 0.03875 0.105
0 0.4975 0.11625 0.03625 0.10375
0 0.5475 0.1 0.05125 0.12875
0 0.44875 0.26125 0.03375 0.125
0 0.59375 0.10625 0.02625 0.115
0 0.6775 0.10125 0.02625 0.11375
0 0.7175 0.1025 0.0325 0.11125
0 0.7625 0.1025 0.03375 0.11125
0 0.785 0.40875 0.03375 0.0925
0 0.84625 0.0775 0.055 0.14875
0 0.1325 0.295 0.01375 0.065
0 0.15375 0.29625 0.02125 0.065
0 0.1825 0.295 0.025 0.0625
0 0.215 0.29375 0.01625 0.0675
0 0.24 0.29 0.02375 0.07375
0 0.2675 0.28125 0.02125 0.09125
0 0.635 0.10625 0.03875 0.12125
0 0.49 0.2625 0.0325 0.1275
0 0.8 0.10625 0.0275 0.09875
0 0.57375 0.27625 0.04125 0.09375
0 0.53125 0.2775 0.0325 0.08875
0 0.7075 0.39875 0.0375 0.12125
0 0.6675 0.4075 0.02375 0.08375
0 0.6325 0.415 0.02875 0.0925
0 0.595 0.4125 0.03125 0.09375
0 0.5175 0.41625 0.03375 0.095
0 0.47625 0.415 0.03625 0.09
0 0.43625 0.41125 0.03625 0.1025
0 0.395 0.40875 0.03625 0.10125
0 0.355 0.4 0.0375 0.11625
0 0.31625 0.415 0.0375 0.08875
0 0.2725 0.415 0.03125 0.08
0 0.5575 0.415 0.03 0.0925
0 0.2075 0.41875 0.01125 0.05
0 0.235 0.41 0.03375 0.07
0 0.655 0.285 0.02875 0.0825
0 0.6925 0.28625 0.03125 0.07125
0 0.78375 0.28125 0.02375 0.0825
0 0.8325 0.2775 0.04875 0.075
0 0.7375 0.26875 0.04875 0.1075
0 0.135 0.4175 0.01875 0.05375
0 0.16 0.42125 0.01625 0.05125
0 0.1825 0.41875 0.0175 0.05625
0 0.61625 0.275 0.035 0.09125