0 0.5575 0.4825 0.025 0.105
0 0.5825 0.47875 0.02625 0.09875
0 0.60625 0.47875 0.02 0.09875
0 0.62875 0.47375 0.02375 0.09125
0 0.5325 0.4825 0.025 0.105
0 0.6175 0.84 0.0425 0.045
0 0.675 0.47 0.02125 0.095
0 0.81375 0.73375 0.03375 0.0375
0 0.81 0.77875 0.035 0.04375
0 0.77375 0.6975 0.03125 0.04
0 0.8125 0.69125 0.03375 0.03625
0 0.8475 0.68375 0.03 0.04625
0 0.84125 0.76875 0.02625 0.0425
0 0.845 0.7275 0.02625 0.0375
0 0.77625 0.74375 0.035 0.04875
0 0.1675 0.77125 0.06125 0.065
0 0.16875 0.63875 0.05625 0.065
0 0.2375 0.62375 0.06125 0.0475
0 0.2475 0.69 0.05875 0.04875
0 0.25125 0.75375 0.0575 0.05
0 0.3175 0.7325 0.05625 0.0475
0 0.38 0.7225 0.05125 0.0475
0 0.43875 0.71125 0.04875 0.05
0 0.17125 0.7075 0.0675 0.05375
0 0.775 0.7925 0.03 0.04625
0 0.73625 0.7975 0.0275 0.0375
0 0.7375 0.75375 0.03125 0.0325
0 0.6525 0.47125 0.02125 0.09625
0 0.45375 0.48875 0.0275 0.11
0 0.6925 0.1375 0.04 0.15
0 0.7275 0.14125 0.02875 0.15625
0 0.7625 0.145 0.04 0.14625
0 0.8 0.14875 0.035 0.15
0 0.84 0.1575 0.03625 0.14375
0 0.57125 0.80375 0.04375 0.04
0 0.6175 0.79125 0.0375 0.03875
0 0.5725 0.75375 0.045 0.0425
0 0.6175 0.7425 0.04125 0.0425
0 0.66 0.72875 0.04 0.0375
0 0.66125 0.7775 0.03625 0.03875
0 0.69875 0.81 0.03375 0.04
0 0.7 0.76625 0.03625 0.04
0 0.70125 0.71875 0.03875 0.04125
0 0.73875 0.71 0.03375 0.03875
0 0.49375 0.69625 0.04625 0.0475
0 0.48125 0.48625 0.02625 0.10375
0 0.5425 0.68875 0.04875 0.04625
0 0.315 0.675 0.0575 0.05
0 0.795 0.63625 0.035 0.0375
0 0.7575 0.595 0.035 0.045
0 0.795 0.59 0.03625 0.04125
0 0.82875 0.54 0.03125 0.03875
0 0.86125 0.53875 0.0275 0.04
0 0.83 0.585 0.0275 0.03875
0 0.86 0.58 0.0275 0.03875
0 0.755 0.64375 0.03375 0.03875
0 0.83125 0.63 0.03125 0.04
0 0.15875 0.51125 0.0425 0.125
0 0.1975 0.51 0.035 0.12625
0 0.235 0.5075 0.03625 0.11875
0 0.26875 0.5075 0.02875 0.11875
0 0.3025 0.50375 0.0375 0.11375
0 0.3375 0.5 0.03125 0.1175
0 0.36625 0.49625 0.025 0.10875
0 0.86125 0.62375 0.02625 0.04
0 0.71375 0.55625 0.0375 0.04375
0 0.67125 0.56125 0.04375 0.0475
0 0.6275 0.5675 0.03625 0.04375
0 0.375 0.6625 0.05625 0.04625
0 0.43 0.6525 0.05375 0.0475
0 0.4875 0.645 0.0525 0.04375
0 0.53625 0.63375 0.04125 0.04375
0 0.58125 0.62625 0.0425 0.04375
0 0.63125 0.6675 0.04 0.04375
0 0.6725 0.6575 0.03875 0.03875
0 0.7125 0.65125 0.03375 0.03875
0 0.62875 0.615 0.04 0.04125
0 0.67375 0.61 0.03875 0.04
0 0.7175 0.605 0.03875 0.03875
0 0.3075 0.615 0.06375 0.05
0 0.37125 0.605 0.05625 0.05125
0 0.4275 0.59625 0.055 0.0475
0 0.48375 0.58875 0.05375 0.04375
0 0.53625 0.58125 0.04375 0.0475
0 0.58375 0.57375 0.04125 0.0425
0 0.59 0.67625 0.03875 0.0375
0 0.39625 0.49375 0.03125 0.11625
0 0.5075 0.485 0.02625 0.10625
0 0.60875 0.125 0.045 0.1675
0 0.475 0.83125 0.04375 0.03875
0 0.47375 0.7775 0.055 0.045
0 0.52125 0.8675 0.04 0.04625
0 0.52625 0.8175 0.04125 0.03875
0 0.5275 0.765 0.04375 0.03875
0 0.1375 0.35 0.02375 0.0925
0 0.16625 0.3475 0.03125 0.095
0 0.47625 0.885 0.04375 0.04375
0 0.205 0.34625 0.0425 0.09375
0 0.28125 0.345 0.03875 0.09125
0 0.3175 0.34625 0.0325 0.0875
0 0.345 0.34375 0.0225 0.0875
0 0.37375 0.34625 0.0325 0.0825
0 0.4075 0.345 0.03125 0.08375
0 0.4375 0.345 0.03 0.085
0 0.46875 0.345 0.0275 0.085
0 0.245 0.34625 0.03125 0.0925
0 0.4225 0.8475 0.05125 0.04
0 0.42 0.7925 0.04875 0.05875
0 0.36125 0.81 0.06 0.03875
0 0.695 0.4675 0.02 0.0975
0 0.7175 0.46625 0.02 0.09125
0 0.74125 0.4625 0.0225 0.09625
0 0.76125 0.46125 0.01625 0.09375
0 0.78 0.46125 0.02125 0.09375
0 0.79875 0.4575 0.0125 0.0875
0 0.81625 0.4575 0.02 0.08875
0 0.86125 0.45 0.02125 0.0825
0 0.17375 0.92125 0.06625 0.045
0 0.24 0.89625 0.06375 0.04125
0 0.245 0.955 0.05625 0.0425
0 0.18 0.9775 0.065 0.04375
0 0.305 0.93625 0.04875 0.04625
0 0.36625 0.92 0.05875 0.045
0 0.425 0.905 0.05375 0.04125
0 0.305 0.88 0.05125 0.04625
0 0.36625 0.86375 0.055 0.04875
0 0.49625 0.345 0.02375 0.08
0 0.65125 0.13125 0.03875 0.16125
0 0.5225 0.345 0.02875 0.08
0 0.57625 0.3425 0.025 0.07375
0 0.57 0.2675 0.02625 0.08
0 0.59875 0.26625 0.02625 0.08125
0 0.6225 0.26875 0.02125 0.07875
0 0.645 0.26875 0.025 0.07875
0 0.6675 0.26875 0.02 0.075
0 0.69125 0.26875 0.02375 0.075
0 0.71375 0.27 0.02 0.07375
0 0.51375 0.26375 0.03125 0.0775
0 0.73625 0.27 0.02125 0.0675
0 0.2025 0.08625 0.07125 0.1725
0 0.27375 0.0875 0.06875 0.17125
0 0.34375 0.09375 0.0625 0.1825
0 0.405 0.09625 0.0575 0.17625
0 0.46 0.10125 0.05125 0.1875
0 0.51 0.10625 0.04875 0.17875
0 0.56 0.115 0.04625 0.19125
0 0.76 0.27 0.0225 0.06875
0 0.48625 0.26375 0.02 0.0775
0 0.46125 0.2625 0.025 0.07625
0 0.42875 0.25625 0.03125 0.08
0 0.59875 0.345 0.01875 0.0725
0 0.62125 0.345 0.02375 0.0725
0 0.645 0.34625 0.0225 0.07
0 0.66875 0.345 0.02375 0.06875
0 0.69 0.345 0.0175 0.0675
0 0.7125 0.345 0.02375 0.06875
0 0.73625 0.34125 0.01875 0.0725
0 0.57125 0.855 0.04875 0.04125
0 0.6575 0.825 0.03875 0.04125
0 0.16125 0.24625 0.0425 0.1025
0 0.2 0.25 0.0325 0.09625
0 0.23625 0.24625 0.03875 0.09375
0 0.2725 0.24875 0.0325 0.09125
0 0.30875 0.25125 0.03625 0.09375
0 0.34 0.2575 0.02625 0.08
0 0.36875 0.25875 0.03 0.0825
0 0.3975 0.26 0.02875 0.0825
0 0.55125 0.345 0.025 0.0775
0 0.42625 0.49 0.02875 0.11