0 0.69 0.1875 0.02125 0.09375
0 0.65625 0.1875 0.03125 0.0925
0 0.625 0.19 0.01625 0.095
0 0.59375 0.555 0.0275 0.07625
0 0.74875 0.18625 0.02125 0.1
0 0.775 0.1875 0.025 0.09375
0 0.6025 0.18375 0.025 0.0975
0 0.5725 0.18625 0.025 0.095
0 0.625 0.5525 0.025 0.075
0 0.54375 0.18875 0.02375 0.09625
0 0.71875 0.18625 0.02875 0.0975
0 0.56625 0.55375 0.02375 0.07375
0 0.43125 0.56 0.02 0.09125
0 0.50625 0.55875 0.02625 0.0825
0 0.48 0.55375 0.02 0.08375
0 0.45625 0.5575 0.0175 0.08
0 0.8 0.18625 0.02125 0.0925
0 0.405 0.55875 0.0225 0.085
0 0.3775 0.5575 0.01875 0.08625
0 0.35 0.56625 0.02375 0.07625
0 0.32375 0.565 0.02375 0.08125
0 0.29875 0.5625 0.02125 0.0875
0 0.2725 0.55875 0.02625 0.105
0 0.2425 0.5625 0.0225 0.09625
0 0.215 0.565 0.0225 0.0925
0 0.5375 0.555 0.0225 0.07625
0 0.8275 0.1875 0.025 0.09125
0 0.765 0.5425 0.0275 0.07875
0 0.65375 0.54875 0.025 0.07125
0 0.19875 0.7075 0.03375 0.1075
0 0.23 0.70625 0.02625 0.10625
0 0.26375 0.7075 0.02875 0.095
0 0.30125 0.705 0.02625 0.10375
0 0.34625 0.69 0.02875 0.1175
0 0.395 0.69 0.03 0.11125
0 0.425 0.69 0.02 0.11125
0 0.47875 0.69125 0.02875 0.10625
0 0.45125 0.695 0.02625 0.11375
0 0.50375 0.68375 0.02125 0.12625
0 0.5325 0.67625 0.02875 0.11375
0 0.56 0.66875 0.02125 0.11375
0 0.59375 0.6975 0.02625 0.08125
0 0.6275 0.6825 0.02875 0.105
0 0.6625 0.6925 0.02875 0.0875
0 0.69875 0.69 0.025 0.085
0 0.73375 0.67875 0.0275 0.085
0 0.7675 0.68 0.0225 0.08
0 0.8175 0.7 0.0325 0.05125
0 0.85875 0.69375 0.03125 0.04875
0 0.86 0.535 0.01625 0.085
0 0.83625 0.535 0.02 0.08625
0 0.815 0.53625 0.01625 0.0825
0 0.795 0.53625 0.0175 0.08125
0 0.18125 0.56625 0.025 0.09625
0 0.73625 0.54625 0.0225 0.0725
0 0.68375 0.5475 0.02375 0.07625
0 0.85625 0.185 0.02375 0.0875
0 0.14875 0.56625 0.0275 0.09625
0 0.13875 0.445 0.025 0.1075
0 0.23625 0.43625 0.0275 0.1075
0 0.2375 0.30875 0.02875 0.04
0 0.24875 0.34375 0.02 0.0275
0 0.2875 0.3625 0.025 0.05
0 0.28875 0.305 0.025 0.055
0 0.21375 0.185 0.02375 0.09375
0 0.185 0.1875 0.03125 0.085
0 0.14625 0.19125 0.03625 0.09125
0 0.14125 0.3125 0.02875 0.1075
0 0.17 0.3125 0.02625 0.10875
0 0.2 0.31 0.02625 0.10375
0 0.8575 0.30875 0.02125 0.08625
0 0.8325 0.30875 0.01875 0.09
0 0.2325 0.26 0.03375 0.04625
0 0.8025 0.30875 0.0275 0.09125
0 0.72125 0.31875 0.03625 0.08125
0 0.64125 0.31875 0.02875 0.08125
0 0.61375 0.31875 0.02375 0.0825
0 0.58125 0.31875 0.025 0.08125
0 0.5525 0.32 0.0275 0.08125
0 0.52125 0.3225 0.0275 0.085
0 0.49 0.32125 0.02625 0.0825
0 0.45875 0.32125 0.03125 0.08
0 0.42625 0.32125 0.0275 0.08125
0 0.3925 0.325 0.0275 0.08375
0 0.36125 0.32375 0.03 0.08375
0 0.33125 0.32375 0.025 0.08375
0 0.75875 0.30875 0.0275 0.08875
0 0.27875 0.24625 0.02375 0.02875
0 0.28625 0.19625 0.01875 0.05125
0 0.24625 0.1925 0.02625 0.04375
0 0.20375 0.43375 0.025 0.11
0 0.16875 0.44125 0.02875 0.1075
0 0.305 0.44875 0.0275 0.07875
0 0.34 0.44875 0.02625 0.085
0 0.37125 0.44875 0.02625 0.08
0 0.40375 0.44625 0.025 0.08375
0 0.43375 0.4475 0.02125 0.0825
0 0.46375 0.44625 0.0275 0.07875
0 0.495 0.44375 0.0275 0.08
0 0.5225 0.44125 0.0225 0.07875
0 0.55 0.4425 0.02375 0.0775
0 0.61125 0.44125 0.0275 0.08
0 0.64 0.44 0.0225 0.075
0 0.66875 0.43875 0.02625 0.075
0 0.76 0.42875 0.02125 0.08375
0 0.78625 0.43 0.015 0.08625
0 0.80375 0.43 0.01625 0.08875
0 0.82625 0.43 0.015 0.0875
0 0.8475 0.42875 0.01625 0.085
0 0.51 0.1925 0.02375 0.08625
0 0.48625 0.1875 0.02125 0.09125
0 0.46 0.18125 0.02125 0.10375
0 0.43125 0.18125 0.02625 0.10625
0 0.4 0.18125 0.02625 0.10625
0 0.35875 0.18375 0.03375 0.1025
0 0.865 0.42 0.015 0.06875
0 0.325 0.1825 0.0275 0.0925
0 0.26625 0.4375 0.02375 0.10375
0 0.155 0.7325 0.03375 0.0675
0 0.58375 0.44125 0.02375 0.08125