0 0.27875 0.55875 0.05625 0.0275
0 0.63125 0.22875 0.04625 0.06625
0 0.6875 0.245 0.055 0.03625
0 0.74375 0.245 0.05625 0.03875
0 0.81 0.2375 0.04125 0.05125
0 0.85 0.23875 0.03375 0.05125
0 0.14375 0.345 0.02 0.04375
0 0.1825 0.32125 0.05375 0.02875
0 0.1825 0.35125 0.055 0.0275
0 0.24 0.32125 0.0575 0.02875
0 0.24 0.35 0.06 0.0275
0 0.3025 0.31375 0.06125 0.03625
0 0.3025 0.35 0.06 0.03125
0 0.35375 0.33 0.03375 0.0725
0 0.4025 0.32125 0.0575 0.03125
0 0.40125 0.3525 0.0575 0.03125
0 0.4575 0.35375 0.05375 0.03
0 0.51625 0.35375 0.0625 0.02875
0 0.46 0.3225 0.05375 0.02875
0 0.51875 0.32375 0.06 0.02625
0 0.56125 0.34375 0.0225 0.045
0 0.59875 0.3425 0.03125 0.05375
0 0.63 0.3425 0.02875 0.05125
0 0.665 0.3375 0.03875 0.06125
0 0.70875 0.33125 0.04375 0.075
0 0.755 0.33625 0.0475 0.065
0 0.57 0.23875 0.07125 0.045
0 0.80375 0.3225 0.05125 0.065
0 0.49875 0.2275 0.0625 0.06875
0 0.38 0.23875 0.05 0.045
0 0.43125 0.635 0.05375 0.02375
0 0.19375 0.6125 0.02375 0.02625
0 0.37125 0.6225 0.06125 0.035
0 0.5425 0.6575 0.0575 0.0275
0 0.81625 0.7225 0.03625 0.0675
0 0.78 0.72375 0.035 0.0675
0 0.8625 0.6275 0.02375 0.03625
0 0.835 0.6275 0.0325 0.03625
0 0.74625 0.6525 0.04375 0.0375
0 0.74625 0.62125 0.045 0.02625
0 0.695 0.65625 0.04 0.0225
0 0.37 0.65625 0.0625 0.03125
0 0.32375 0.6425 0.0275 0.05625
0 0.27875 0.65875 0.05375 0.02625
0 0.27875 0.63125 0.05375 0.02625
0 0.22875 0.66 0.04625 0.02375
0 0.2275 0.63625 0.0475 0.02125
0 0.18375 0.6525 0.03875 0.045
0 0.16625 0.2225 0.04625 0.02625
0 0.16625 0.24875 0.04625 0.02375
0 0.2175 0.22125 0.0475 0.025
0 0.2175 0.2475 0.04875 0.025
0 0.2775 0.2075 0.04875 0.01625
0 0.27125 0.24 0.05 0.04375
0 0.325 0.24 0.05625 0.0425
0 0.435 0.24125 0.0575 0.04125
0 0.43 0.66 0.055 0.02375
0 0.8525 0.33 0.04375 0.04625
0 0.1875 0.4575 0.05125 0.02625
0 0.8625 0.91625 0.025 0.05375
0 0.81125 0.90875 0.02125 0.0375
0 0.78125 0.92 0.0375 0.05875
0 0.73375 0.9475 0.0525 0.0275
0 0.28125 0.52875 0.05625 0.03
0 0.33875 0.52875 0.05625 0.03125
0 0.4025 0.51875 0.06625 0.035
0 0.40125 0.555 0.06875 0.03375
0 0.3375 0.55875 0.05875 0.025
0 0.48625 0.65875 0.0525 0.025
0 0.2225 0.56125 0.05375 0.02625
0 0.1725 0.56 0.0425 0.02625
0 0.46875 0.52875 0.06 0.02875
0 0.4675 0.5575 0.0625 0.02875
0 0.52875 0.5325 0.055 0.0275
0 0.53 0.56 0.055 0.02625
0 0.59 0.5275 0.06125 0.03125
0 0.65625 0.5275 0.0675 0.0325
0 0.59125 0.55875 0.06 0.02625
0 0.65875 0.56 0.07 0.02625
0 0.7075 0.53125 0.03 0.07375
0 0.54375 0.62625 0.055 0.03
0 0.6 0.62625 0.0575 0.03
0 0.65 0.66 0.04 0.0225
0 0.6 0.65625 0.055 0.03
0 0.22375 0.5325 0.0525 0.0275
0 0.1475 0.445 0.025 0.04875
0 0.175 0.535 0.0425 0.02375
0 0.13875 0.53875 0.0275 0.02
0 0.18625 0.42875 0.05 0.02875
0 0.13 0.44625 0.00875 0.0475
0 0.2425 0.42625 0.05875 0.02875
0 0.2425 0.45625 0.06 0.0275
0 0.30375 0.45375 0.0575 0.03
0 0.14375 0.63375 0.0375 0.08125
0 0.85375 0.51875 0.04125 0.05
0 0.745 0.535 0.0425 0.075
0 0.36625 0.45375 0.0625 0.03125
0 0.36625 0.42125 0.0625 0.03375
0 0.43875 0.4175 0.08125 0.035
0 0.43875 0.45375 0.08 0.03375
0 0.50875 0.4575 0.05125 0.02875
0 0.5075 0.4275 0.055 0.03125
0 0.5475 0.445 0.02375 0.05125
0 0.585 0.45875 0.05 0.025
0 0.585 0.42875 0.05125 0.03125
0 0.6375 0.4325 0.05375 0.025
0 0.69375 0.4275 0.055 0.03375
0 0.6375 0.46125 0.0525 0.0275
0 0.69125 0.46 0.05625 0.03
0 0.7525 0.45875 0.06625 0.0275
0 0.7525 0.43125 0.0625 0.0275
0 0.8475 0.4175 0.025 0.0475
0 0.8675 0.42 0.015 0.045
0 0.1375 0.5625 0.025 0.02375
0 0.48625 0.63375 0.05375 0.02375
0 0.85125 0.7225 0.03375 0.06625
0 0.51375 0.81625 0.06125 0.035
0 0.59 0.82125 0.04125 0.0325
0 0.6375 0.815 0.05125 0.03625
0 0.6375 0.85125 0.05 0.03625
0 0.68625 0.83125 0.04625 0.02375
0 0.6875 0.8575 0.0475 0.02375
0 0.74 0.815 0.05625 0.02875
0 0.74125 0.85 0.0575 0.03625
0 0.785 0.82875 0.03125 0.06875
0 0.8225 0.82625 0.03875 0.07125
0 0.85875 0.82625 0.03125 0.07625
0 0.18125 0.92625 0.06125 0.0275
0 0.18125 0.95375 0.06125 0.02625
0 0.24375 0.9225 0.0625 0.0275
0 0.24375 0.95125 0.06375 0.0275
0 0.29 0.9325 0.025 0.06
0 0.32625 0.955 0.0475 0.0225
0 0.32625 0.92375 0.0475 0.0375
0 0.37125 0.92625 0.0375 0.0775
0 0.4325 0.935 0.03125 0.065
0 0.465 0.92625 0.0325 0.07
0 0.51 0.92375 0.05375 0.03
0 0.59125 0.85375 0.0425 0.03125
0 0.55625 0.8425 0.02375 0.05375
0 0.5125 0.85 0.06 0.03375
0 0.45625 0.85625 0.0525 0.0225
0 0.41 0.855 0.03875 0.0275
0 0.41125 0.82 0.03625 0.02125
0 0.2925 0.815 0.065 0.035
0 0.3575 0.825 0.06125 0.03
0 0.3575 0.855 0.0625 0.02625
0 0.29375 0.85125 0.06375 0.035
0 0.22625 0.85 0.065 0.0425
0 0.16375 0.8575 0.0575 0.02875
0 0.165 0.8225 0.05625 0.03875
0 0.735 0.73875 0.03625 0.0675
0 0.56375 0.91375 0.05 0.03875
0 0.69 0.73375 0.03625 0.0775
0 0.645 0.73 0.05 0.0325
0 0.58875 0.755 0.06125 0.03375
0 0.58875 0.71875 0.06125 0.0375
0 0.53375 0.76 0.04625 0.02375
0 0.53375 0.735 0.0475 0.025
0 0.48375 0.75375 0.05125 0.03375
0 0.43625 0.75875 0.0425 0.02125
0 0.4825 0.71875 0.05 0.0325
0 0.43625 0.735 0.04125 0.0225
0 0.45625 0.8325 0.0525 0.025
0 0.645 0.76 0.05 0.025
0 0.6175 0.91625 0.05625 0.0325
0 0.65125 0.635 0.0425 0.02125
0 0.3875 0.735 0.05125 0.025
0 0.2075 0.7575 0.06125 0.035
0 0.2725 0.75375 0.0675 0.03875
0 0.3325 0.735 0.04625 0.025
0 0.3325 0.75875 0.0475 0.02125
0 0.155 0.76125 0.03875 0.025
0 0.3875 0.75875 0.05125 0.02375
0 0.675 0.9475 0.05875 0.0275
0 0.6175 0.94875 0.05375 0.02625
0 0.56375 0.95 0.05 0.02875
0 0.51 0.9525 0.05125 0.02125
0 0.21 0.72125 0.05875 0.035
0 0.15375 0.7375 0.04125 0.02375
0 0.73375 0.915 0.05 0.035
0 0.67625 0.91375 0.0575 0.0375
0 0.27375 0.71375 0.06875 0.03875