0 0.41875 0.8425 0.04 0.1375
0 0.7475 0.84375 0.03375 0.12875
0 0.29125 0.84625 0.03875 0.1375
0 0.70875 0.8425 0.03375 0.13
0 0.2475 0.84375 0.04125 0.13875
0 0.19625 0.85125 0.04625 0.125
0 0.33125 0.845 0.0375 0.13
0 0.66875 0.8425 0.03875 0.13375
0 0.51125 0.685 0.0325 0.12
0 0.62625 0.84375 0.03875 0.13625
0 0.375 0.8425 0.04 0.13125
0 0.475 0.68625 0.035 0.1175
0 0.4375 0.68625 0.03625 0.1175
0 0.58375 0.84125 0.04 0.1375
0 0.54 0.83875 0.04125 0.14
0 0.5 0.84 0.03875 0.135
0 0.46 0.8425 0.035 0.135
0 0.83125 0.17875 0.04375 0.045
0 0.84375 0.55875 0.03375 0.11875
0 0.835 0.1275 0.04375 0.05375
0 0.3975 0.68875 0.035 0.115
0 0.775 0.08125 0.02875 0.02875
0 0.7575 0.56375 0.025 0.11125
0 0.7825 0.56 0.0225 0.11125
0 0.81125 0.5575 0.025 0.11625
0 0.58125 0.1575 0.0175 0.06625
0 0.56 0.15625 0.02 0.0725
0 0.5325 0.135 0.0325 0.10875
0 0.47125 0.1725 0.05625 0.0325
0 0.71875 0.5625 0.0375 0.10875
0 0.47 0.1375 0.0525 0.035
0 0.4125 0.08625 0.0525 0.05125
0 0.41125 0.17 0.0525 0.03125
0 0.3475 0.16625 0.0575 0.03125
0 0.35 0.13375 0.05625 0.03125
0 0.34625 0.08375 0.06125 0.05
0 0.2875 0.1275 0.05625 0.035
0 0.28375 0.165 0.06 0.0325
0 0.41125 0.135 0.05625 0.035
0 0.79625 0.1575 0.02 0.0875
0 0.67875 0.55625 0.035 0.105
0 0.6025 0.5525 0.0275 0.1125
0 0.7675 0.15 0.02 0.1025
0 0.73875 0.14875 0.0175 0.105
0 0.71 0.14875 0.0175 0.1
0 0.6825 0.1475 0.0225 0.1
0 0.79125 0.84375 0.04 0.125
0 0.64625 0.18 0.0325 0.03125
0 0.61 0.17875 0.03375 0.03375
0 0.64125 0.555 0.0275 0.1125
0 0.64625 0.145 0.03125 0.03375
0 0.315 0.54625 0.0375 0.1175
0 0.36125 0.54625 0.03625 0.11625
0 0.4025 0.54875 0.03625 0.1175
0 0.445 0.54875 0.0325 0.1175
0 0.4775 0.5475 0.03 0.11375
0 0.525 0.5475 0.04 0.11375
0 0.565 0.55 0.035 0.11375
0 0.61 0.14125 0.035 0.03625
0 0.83125 0.84375 0.03625 0.12
0 0.745 0.6925 0.03125 0.12
0 0.70375 0.69125 0.0225 0.1175
0 0.4575 0.41625 0.03875 0.115
0 0.415 0.41375 0.045 0.115
0 0.37375 0.41375 0.035 0.115
0 0.33875 0.41125 0.03375 0.11375
0 0.305 0.41 0.02875 0.115
0 0.43125 0.2675 0.03125 0.12
0 0.4925 0.415 0.02375 0.11125
0 0.46125 0.2675 0.025 0.125
0 0.5325 0.2725 0.0275 0.115
0 0.5625 0.2725 0.02375 0.115
0 0.59125 0.27375 0.02125 0.11625
0 0.61875 0.275 0.03 0.11125
0 0.66625 0.69 0.03125 0.12
0 0.66 0.275 0.03 0.11875
0 0.4975 0.27 0.0275 0.12
0 0.525 0.41625 0.03625 0.115
0 0.1675 0.25875 0.03 0.12
0 0.20125 0.25875 0.02875 0.1225
0 0.83 0.28125 0.0175 0.1125
0 0.8575 0.27875 0.02625 0.1225
0 0.2675 0.40875 0.0425 0.1175
0 0.2225 0.40875 0.03625 0.11625
0 0.1825 0.40625 0.0375 0.1175
0 0.6075 0.4175 0.035 0.11875
0 0.56875 0.4175 0.03875 0.11625
0 0.81875 0.42125 0.02625 0.12125
0 0.7925 0.41875 0.0225 0.125
0 0.3925 0.26625 0.02875 0.12125
0 0.355 0.26375 0.03125 0.12
0 0.32125 0.26375 0.02875 0.1225
0 0.29375 0.26125 0.0275 0.11875
0 0.2625 0.2625 0.02875 0.12375
0 0.2325 0.26125 0.02875 0.125
0 0.6925 0.2775 0.025 0.11
0 0.72625 0.27875 0.025 0.11125
0 0.85125 0.4225 0.025 0.1175
0 0.775 0.27625 0.01625 0.12
0 0.225 0.12375 0.05125 0.0325
0 0.15875 0.12 0.0575 0.03875
0 0.55125 0.685 0.03 0.11375
0 0.59 0.6875 0.0275 0.11375
0 0.7525 0.27875 0.015 0.115
0 0.16375 0.15875 0.0525 0.03375
0 0.22 0.16125 0.055 0.03375
0 0.625 0.6875 0.0325 0.1175
0 0.185 0.545 0.0425 0.12
0 0.64625 0.41625 0.02875 0.1225
0 0.35875 0.685 0.035 0.115
0 0.31875 0.685 0.03875 0.1175
0 0.72375 0.4175 0.03 0.13125
0 0.6825 0.41625 0.0325 0.125
0 0.17625 0.08875 0.0425 0.01375
0 0.2775 0.68625 0.035 0.1175
0 0.8025 0.27875 0.0275 0.12
0 0.2375 0.68625 0.0425 0.1225
0 0.19375 0.68625 0.0375 0.11625
0 0.82625 0.6975 0.03875 0.105
0 0.78625 0.69375 0.035 0.115
0 0.23125 0.545 0.04375 0.11625
0 0.76 0.41875 0.03125 0.13
0 0.275 0.54625 0.0375 0.1175