0 0.24125 0.0675 0.0225 0.07375
0 0.26875 0.06125 0.03125 0.06125
0 0.30625 0.0375 0.0325 0.075
0 0.50625 0.19375 0.03375 0.08125
0 0.5925 0.19375 0.0125 0.07
0 0.345 0.0375 0.0325 0.075
0 0.57375 0.19375 0.01875 0.07
0 0.21125 0.07 0.0225 0.08375
0 0.54125 0.19625 0.03625 0.07
0 0.39375 0.0375 0.0325 0.075
0 0.47625 0.06875 0.0325 0.075
0 0.4675 0.19375 0.03875 0.08375
0 0.4325 0.19 0.02875 0.09625
0 0.395 0.1875 0.03375 0.09
0 0.355 0.1875 0.0325 0.0975
0 0.31875 0.1875 0.03625 0.09875
0 0.2825 0.19875 0.03375 0.0875
0 0.25625 0.20375 0.01875 0.09375
0 0.2175 0.2175 0.035 0.08375
0 0.85875 0.09375 0.03 0.06875
0 0.82375 0.09 0.0275 0.0675
0 0.79 0.09125 0.02875 0.0725
0 0.7575 0.09375 0.025 0.055
0 0.73 0.0875 0.01875 0.0725
0 0.70625 0.075 0.02375 0.07125
0 0.67625 0.07625 0.03375 0.06625
0 0.63875 0.07 0.02375 0.0675
0 0.6175 0.07 0.015 0.0775
0 0.5975 0.06375 0.02375 0.07
0 0.57375 0.0625 0.025 0.06875
0 0.5375 0.05625 0.02875 0.0675
0 0.5075 0.0625 0.03 0.06125
0 0.4425 0.0375 0.0325 0.075
0 0.61125 0.195 0.02 0.075
0 0.40125 0.35 0.03 0.095
0 0.6475 0.19375 0.0175 0.075
0 0.535 0.70125 0.0225 0.0725
0 0.50875 0.71 0.02125 0.08375
0 0.47875 0.725 0.0325 0.0725
0 0.45 0.73 0.02375 0.0825
0 0.4225 0.745 0.03 0.07
0 0.39125 0.755 0.02875 0.0825
0 0.3525 0.74 0.03375 0.0775
0 0.3125 0.725 0.025 0.055
0 0.2875 0.72 0.02375 0.0525
0 0.7425 0.60375 0.02875 0.05375
0 0.71875 0.61125 0.01625 0.055
0 0.83 0.5425 0.05125 0.07125
0 0.64875 0.54125 0.01875 0.085
0 0.63 0.55125 0.0175 0.08125
0 0.6125 0.555 0.0175 0.0875
0 0.59 0.5625 0.02125 0.0825
0 0.56875 0.56875 0.0175 0.09125
0 0.5475 0.58125 0.02 0.08875
0 0.52875 0.5875 0.01625 0.09875
0 0.5025 0.5975 0.03 0.0975
0 0.47 0.5975 0.02625 0.09625
0 0.4375 0.6125 0.03875 0.09375
0 0.40125 0.62 0.0225 0.09375
0 0.36625 0.62625 0.0325 0.105
0 0.3375 0.62125 0.02125 0.09375
0 0.3175 0.6175 0.01625 0.095
0 0.29875 0.615 0.0175 0.08625
0 0.27625 0.61625 0.02125 0.08875
0 0.63125 0.1925 0.01375 0.07375
0 0.55375 0.69 0.01625 0.07125
0 0.57625 0.685 0.0175 0.06625
0 0.5925 0.66625 0.01625 0.0675
0 0.6225 0.66125 0.02875 0.0575
0 0.57375 0.895 0.01625 0.07375
0 0.59 0.88 0.01375 0.07
0 0.54 0.91625 0.04625 0.09375
0 0.4175 0.955 0.17 0.075
0 0.68375 0.8175 0.015 0.06625
0 0.6675 0.83 0.01875 0.0625
0 0.6475 0.8425 0.0225 0.0775
0 0.62375 0.855 0.02125 0.0625
0 0.7025 0.8025 0.02 0.07
0 0.74 0.77125 0.01875 0.06
0 0.7625 0.75875 0.01875 0.065
0 0.8025 0.72375 0.0525 0.0775
0 0.85375 0.6925 0.04125 0.0625
0 0.8475 0.62625 0.04 0.03875
0 0.73625 0.42625 0.0125 0.05125
0 0.7125 0.7075 0.02125 0.05625
0 0.68125 0.72 0.00875 0.05875
0 0.665 0.73 0.0175 0.06
0 0.6475 0.73875 0.015 0.0675
0 0.63 0.74875 0.0175 0.0575
0 0.61125 0.75625 0.01875 0.06625
0 0.58875 0.76875 0.02375 0.055
0 0.56625 0.78125 0.015 0.06375
0 0.5475 0.79 0.01875 0.075
0 0.52625 0.80375 0.02375 0.0625
0 0.50125 0.82 0.02 0.0775
0 0.47625 0.8375 0.03125 0.06375
0 0.445 0.84125 0.02375 0.07
0 0.41375 0.86 0.0325 0.0725
0 0.375 0.83125 0.02875 0.04625
0 0.69375 0.71625 0.01375 0.0525
0 0.72 0.42625 0.01625 0.05125
0 0.75125 0.4175 0.01625 0.0575
0 0.66125 0.4375 0.01375 0.07125
0 0.58125 0.3325 0.01875 0.08
0 0.56 0.335 0.01625 0.085
0 0.5425 0.3375 0.0175 0.08125
0 0.525 0.335 0.01625 0.07875
0 0.5025 0.34125 0.02625 0.08125
0 0.48 0.3425 0.0175 0.085
0 0.69 0.4325 0.0375 0.05625
0 0.4575 0.345 0.02125 0.0825
0 0.4325 0.34875 0.02625 0.09
0 0.60125 0.33125 0.02 0.07625
0 0.37375 0.35375 0.02125 0.10125
0 0.30625 0.35875 0.0275 0.09625
0 0.27375 0.36625 0.03 0.08125
0 0.24375 0.365 0.02125 0.08375
0 0.21625 0.36875 0.03375 0.0775
0 0.85875 0.18375 0.02625 0.07375
0 0.80625 0.2 0.0675 0.07875
0 0.74875 0.1875 0.02625 0.07875
0 0.71 0.19625 0.0475 0.075
0 0.665 0.19625 0.0175 0.065
0 0.3425 0.3625 0.035 0.0975
0 0.6275 0.32875 0.02875 0.0725
0 0.43125 0.485 0.0325 0.0975
0 0.67875 0.32 0.02125 0.0725
0 0.65625 0.32375 0.0225 0.0675
0 0.60375 0.44875 0.01125 0.0675
0 0.58625 0.45125 0.01625 0.075
0 0.56625 0.45625 0.0225 0.08
0 0.5425 0.46125 0.02375 0.0775
0 0.52 0.46875 0.02 0.07625
0 0.49375 0.4725 0.03 0.08625
0 0.39875 0.485 0.02875 0.0975
0 0.36375 0.49125 0.04 0.11
0 0.32625 0.48875 0.02625 0.10375
0 0.2975 0.495 0.025 0.10375
0 0.46375 0.47875 0.02625 0.09125
0 0.7475 0.31375 0.02375 0.05875
0 0.6225 0.44125 0.02375 0.07
0 0.64375 0.44 0.0175 0.06625
0 0.24875 0.4925 0.02375 0.09125
0 0.805 0.42 0.0725 0.07
0 0.8675 0.30125 0.01375 0.06375
0 0.8525 0.30625 0.01875 0.065
0 0.80375 0.32875 0.07 0.0875
0 0.27 0.48875 0.01875 0.09375
0 0.715 0.3125 0.0375 0.0625