0 0.77875 0.4675 0.03875 0.06875
0 0.8175 0.47 0.0275 0.0625
0 0.85375 0.46625 0.0425 0.07125
0 0.67375 0.5625 0.035 0.0825
0 0.72375 0.5575 0.03 0.07375
0 0.20625 0.62625 0.0525 0.07625
0 0.8125 0.56 0.04875 0.085
0 0.85625 0.5625 0.0375 0.09625
0 0.15625 0.625 0.04625 0.075
0 0.265 0.625 0.0475 0.07875
0 0.3225 0.62125 0.06125 0.07125
0 0.74125 0.4675 0.035 0.06875
0 0.7675 0.5625 0.04 0.0825
0 0.70375 0.46625 0.03125 0.065
0 0.25125 0.41 0.03 0.0925
0 0.67375 0.28625 0.03875 0.09
0 0.70625 0.28125 0.02625 0.08125
0 0.74 0.27625 0.03375 0.07375
0 0.79375 0.2775 0.02875 0.085
0 0.82 0.27875 0.02375 0.08
0 0.84875 0.28125 0.03125 0.0925
0 0.145 0.4075 0.02625 0.09125
0 0.185 0.40875 0.03 0.09
0 0.21625 0.41 0.02875 0.09
0 0.63625 0.29375 0.03125 0.0975
0 0.28625 0.41 0.03125 0.09
0 0.3175 0.4075 0.03125 0.0925
0 0.35625 0.40875 0.0325 0.095
0 0.38625 0.40875 0.0225 0.07625
0 0.67 0.47 0.025 0.06125
0 0.3825 0.62125 0.055 0.07125
0 0.2775 0.7125 0.0525 0.0725
0 0.4975 0.6225 0.03375 0.07
0 0.85125 0.78125 0.0475 0.08875
0 0.80125 0.78625 0.0325 0.09625
0 0.765 0.78625 0.03 0.09375
0 0.72125 0.78875 0.03875 0.085
0 0.68 0.78625 0.045 0.08625
0 0.62875 0.80375 0.03 0.0475
0 0.5925 0.795 0.035 0.07375
0 0.46125 0.8075 0.045 0.04875
0 0.425 0.805 0.02625 0.06
0 0.39125 0.8 0.0225 0.05875
0 0.3675 0.80125 0.0275 0.06625
0 0.34 0.7975 0.02375 0.06
0 0.29625 0.7975 0.05 0.0625
0 0.24125 0.8 0.04875 0.06
0 0.4475 0.61875 0.05375 0.08
0 0.1775 0.79875 0.04 0.07375
0 0.59 0.7075 0.02875 0.0725
0 0.46 0.715 0.0625 0.07125
0 0.39 0.71 0.05875 0.05875
0 0.335 0.71125 0.04875 0.07
0 0.4125 0.41 0.03125 0.095
0 0.2275 0.71375 0.0425 0.0725
0 0.15625 0.71375 0.04 0.07
0 0.82375 0.6725 0.04125 0.08625
0 0.77625 0.67375 0.04375 0.0825
0 0.72875 0.675 0.04875 0.08375
0 0.6775 0.6775 0.045 0.09
0 0.62625 0.62 0.0425 0.07125
0 0.58375 0.61875 0.0325 0.06875
0 0.5375 0.6175 0.03375 0.08
0 0.62875 0.70875 0.0375 0.07
0 0.44625 0.4075 0.03125 0.08375
0 0.3075 0.5225 0.0275 0.0825
0 0.595 0.515 0.0275 0.085
0 0.77625 0.20375 0.02875 0.03375
0 0.74125 0.17125 0.01875 0.09125
0 0.71625 0.17375 0.035 0.1
0 0.6775 0.1725 0.03 0.105
0 0.64625 0.17125 0.03125 0.1075
0 0.615 0.1675 0.03 0.09375
0 0.58125 0.1675 0.03125 0.1
0 0.54625 0.16625 0.02875 0.09875
0 0.47125 0.1625 0.0425 0.11375
0 0.3975 0.16125 0.04625 0.11375
0 0.26375 0.1725 0.03125 0.1
0 0.2325 0.1625 0.03125 0.105
0 0.1875 0.17375 0.03875 0.09625
0 0.85875 0.035 0.03125 0.07
0 0.63125 0.51625 0.04625 0.08875
0 0.8225 0.035 0.03125 0.07
0 0.75125 0.03875 0.035 0.07625
0 0.7175 0.0375 0.025 0.07375
0 0.68875 0.03875 0.03125 0.07625
0 0.6525 0.03875 0.03125 0.07625
0 0.585 0.04625 0.04625 0.05625
0 0.47 0.0375 0.03625 0.075
0 0.42625 0.03625 0.03 0.07125
0 0.3825 0.03625 0.03 0.07125
0 0.34875 0.03625 0.03 0.07125
0 0.3125 0.03625 0.03 0.07125
0 0.27625 0.03625 0.03 0.07125
0 0.24 0.0375 0.03875 0.07375
0 0.2025 0.03625 0.02875 0.07125
0 0.165 0.04 0.035 0.07875
0 0.78625 0.035 0.03125 0.07
0 0.1425 0.28875 0.03375 0.1
0 0.8275 0.19 0.06125 0.06625
0 0.265 0.29875 0.04875 0.0975
0 0.545 0.51875 0.06875 0.08875
0 0.49625 0.51875 0.025 0.0925
0 0.465 0.5175 0.0325 0.09
0 0.43125 0.51875 0.02375 0.0875
0 0.405 0.515 0.025 0.08375
0 0.37125 0.5175 0.03375 0.085
0 0.34 0.52 0.02875 0.08125
0 0.27375 0.52125 0.03375 0.08375
0 0.2425 0.52 0.03 0.0825
0 0.2075 0.52375 0.03375 0.09125
0 0.1675 0.52625 0.045 0.0875
0 0.13625 0.515 0.02 0.1025
0 0.20125 0.3075 0.0475 0.08625
0 0.74375 0.3725 0.035 0.075
0 0.70875 0.375 0.03375 0.06875
0 0.78125 0.375 0.03125 0.08375
0 0.64 0.40375 0.03375 0.09375
0 0.31125 0.29625 0.03125 0.09375
0 0.34625 0.29875 0.03125 0.08875
0 0.42 0.29375 0.03375 0.105
0 0.46 0.3 0.02625 0.09
0 0.495 0.30125 0.0275 0.09
0 0.675 0.3775 0.02375 0.0625
0 0.56625 0.3 0.03625 0.10125
0 0.5275 0.295 0.0375 0.1025
0 0.6 0.30125 0.03125 0.0875
0 0.48125 0.41 0.02625 0.09125
0 0.51375 0.4125 0.0225 0.08625
0 0.54125 0.41125 0.02375 0.08375
0 0.57375 0.4025 0.0375 0.08375
0 0.60875 0.41125 0.02875 0.09375