0 0.14 0.33375 0.03 0.1375
0 0.18375 0.33375 0.04875 0.14125
0 0.23875 0.33375 0.05375 0.1425
0 0.4075 0.36125 0.02375 0.08125
0 0.35 0.35875 0.02625 0.085
0 0.3775 0.36 0.0225 0.08375
0 0.43625 0.36 0.025 0.08125
0 0.86 0.17375 0.02875 0.1325
0 0.3225 0.3575 0.0225 0.085
0 0.81125 0.1725 0.05 0.13125
0 0.1875 0.17125 0.05125 0.1325
0 0.70125 0.17625 0.0425 0.13625
0 0.64375 0.17375 0.055 0.13625
0 0.58875 0.1725 0.045 0.13375
0 0.53625 0.1725 0.04375 0.13625
0 0.48375 0.17375 0.0525 0.13625
0 0.42625 0.1725 0.05 0.1375
0 0.375 0.17125 0.04625 0.13625
0 0.32 0.17125 0.05 0.14125
0 0.25125 0.17375 0.0625 0.13875
0 0.465 0.36 0.03 0.08125
0 0.14125 0.17125 0.03 0.1375
0 0.7525 0.175 0.04375 0.13375
0 0.40125 0.29 0.02125 0.0525
0 0.68 0.3525 0.02 0.08
0 0.45 0.29 0.01875 0.05125
0 0.43 0.4625 0.02375 0.09625
0 0.40375 0.46375 0.02125 0.09625
0 0.3525 0.4625 0.0225 0.1
0 0.32375 0.46625 0.02125 0.1
0 0.29625 0.465 0.025 0.095
0 0.27 0.465 0.0225 0.0975
0 0.24375 0.46625 0.02125 0.09625
0 0.21625 0.46625 0.0275 0.09625
0 0.15875 0.46875 0.02625 0.09375
0 0.135 0.46875 0.01625 0.1
0 0.83875 0.325 0.05375 0.11
0 0.78 0.33125 0.04125 0.10625
0 0.73125 0.355 0.025 0.08
0 0.70375 0.35625 0.02 0.085
0 0.6525 0.35375 0.0275 0.08375
0 0.625 0.355 0.0225 0.085
0 0.6 0.35375 0.0225 0.08375
0 0.57375 0.355 0.0225 0.0825
0 0.54375 0.35625 0.02875 0.0825
0 0.515 0.36 0.02375 0.07875
0 0.54 0.2825 0.025 0.06
0 0.51125 0.2875 0.0175 0.06125
0 0.48875 0.2875 0.02125 0.06125
0 0.42625 0.29 0.01875 0.05375
0 0.3775 0.4625 0.02375 0.0975
0 0.18625 0.46875 0.02625 0.0975
0 0.4575 0.46 0.0225 0.095
0 0.4925 0.82875 0.04375 0.04125
0 0.49125 0.78125 0.045 0.0425
0 0.49 0.73 0.04125 0.0425
0 0.49 0.68375 0.045 0.04125
0 0.44125 0.83 0.045 0.04125
0 0.4425 0.7825 0.04375 0.04375
0 0.44125 0.73375 0.04375 0.04125
0 0.43875 0.6875 0.04625 0.04125
0 0.39125 0.83375 0.04625 0.04
0 0.3875 0.78625 0.04875 0.045
0 0.39125 0.73625 0.0425 0.045
0 0.38625 0.6875 0.04625 0.045
0 0.33875 0.8375 0.0475 0.04375
0 0.335 0.79 0.04625 0.045
0 0.33625 0.74375 0.04625 0.03875
0 0.3325 0.69625 0.05125 0.0425
0 0.2875 0.83875 0.045 0.0425
0 0.28375 0.79125 0.045 0.04375
0 0.28125 0.745 0.04625 0.0425
0 0.53875 0.68375 0.0425 0.0425
0 0.54125 0.7325 0.04375 0.04375
0 0.5425 0.77875 0.04125 0.04125
0 0.5425 0.82625 0.04625 0.04125
0 0.8375 0.81375 0.0425 0.04
0 0.79 0.815 0.04125 0.04
0 0.83875 0.7675 0.0425 0.03875
0 0.79 0.77125 0.045 0.04125
0 0.8375 0.72125 0.04625 0.04125
0 0.79125 0.7225 0.0425 0.045
0 0.7425 0.815 0.0425 0.0475
0 0.6925 0.81625 0.045 0.0425
0 0.74 0.76875 0.04375 0.04
0 0.28125 0.69875 0.0425 0.0425
0 0.68875 0.77 0.04375 0.04125
0 0.68875 0.72375 0.0425 0.04125
0 0.73625 0.67625 0.04625 0.04125
0 0.68625 0.6775 0.04375 0.04375
0 0.64375 0.81875 0.04375 0.04625
0 0.64125 0.77125 0.04375 0.04
0 0.64 0.725 0.045 0.04375
0 0.59375 0.82375 0.04375 0.04125
0 0.59125 0.77625 0.045 0.0425
0 0.59 0.73 0.0425 0.04375
0 0.73875 0.7225 0.045 0.03875
0 0.23125 0.84375 0.05 0.04375
0 0.64 0.68125 0.0375 0.04
0 0.23125 0.795 0.05 0.04375
0 0.31125 0.57125 0.05375 0.0475
0 0.255 0.57375 0.05 0.04875
0 0.185 0.58 0.06125 0.04625
0 0.2 0.63 0.05375 0.045
0 0.14875 0.63375 0.04125 0.04375
0 0.86375 0.45625 0.0225 0.08
0 0.8375 0.46 0.02125 0.0775
0 0.81375 0.46 0.02125 0.075
0 0.79 0.4625 0.0225 0.07625
0 0.25625 0.625 0.0525 0.045
0 0.75625 0.46 0.0175 0.07875
0 0.69 0.46375 0.02 0.07625
0 0.6675 0.465 0.01875 0.075
0 0.64625 0.465 0.015 0.075
0 0.625 0.46625 0.02125 0.075
0 0.6025 0.46625 0.0175 0.0775
0 0.58125 0.4675 0.01875 0.07625
0 0.51125 0.46 0.025 0.09875
0 0.48375 0.46125 0.0225 0.0975
0 0.17875 0.8475 0.04625 0.0425
0 0.7125 0.46375 0.02 0.07875
0 0.31 0.6225 0.045 0.04625
0 0.7325 0.4625 0.0175 0.07625
0 0.37375 0.57 0.055 0.045
0 0.23 0.7475 0.04625 0.04125
0 0.3625 0.6225 0.04875 0.0425
0 0.22625 0.6975 0.04875 0.045
0 0.1775 0.79875 0.04875 0.04625
0 0.17375 0.74875 0.0525 0.04375
0 0.83375 0.6075 0.04375 0.04125
0 0.8325 0.56125 0.04625 0.0425
0 0.78 0.56125 0.04625 0.04375
0 0.73125 0.61375 0.045 0.04
0 0.73 0.56125 0.045 0.0425
0 0.7825 0.60875 0.04375 0.04125
0 0.6725 0.61125 0.04875 0.0425
0 0.62 0.61375 0.0425 0.0425
0 0.61875 0.565 0.05125 0.045
0 0.57125 0.61625 0.045 0.045
0 0.565 0.56125 0.04625 0.04375
0 0.41625 0.62 0.045 0.0425
0 0.51375 0.565 0.045 0.0525
0 0.51875 0.61625 0.04875 0.0425
0 0.67125 0.565 0.045 0.04625
0 0.4675 0.6175 0.04375 0.045