0 0.59875 0.74875 0.025 0.05875
0 0.6225 0.73875 0.02125 0.0625
0 0.47375 0.64875 0.02875 0.0925
0 0.22875 0.5625 0.05375 0.05
0 0.305 0.5375 0.065 0.1075
0 0.35375 0.515 0.0275 0.09125
0 0.4025 0.52875 0.05625 0.05125
0 0.44875 0.5175 0.03125 0.07625
0 0.48375 0.51 0.03125 0.095
0 0.1725 0.53625 0.03875 0.0975
0 0.51875 0.53125 0.025 0.0525
0 0.575 0.52625 0.03125 0.04375
0 0.60625 0.52625 0.025 0.04125
0 0.63625 0.52375 0.02375 0.045
0 0.66375 0.51625 0.02375 0.04875
0 0.69375 0.5175 0.02625 0.04125
0 0.71875 0.5 0.0175 0.075
0 0.54625 0.52875 0.02375 0.055
0 0.73875 0.505 0.01875 0.06375
0 0.135 0.53625 0.01875 0.125
0 0.83375 0.39875 0.015 0.0425
0 0.425 0.3875 0.0325 0.085
0 0.4675 0.3875 0.03625 0.0825
0 0.5025 0.3825 0.0325 0.0875
0 0.5375 0.39 0.03125 0.07625
0 0.57 0.3875 0.025 0.08125
0 0.59625 0.3825 0.02125 0.1
0 0.8625 0.39 0.025 0.08375
0 0.62125 0.39 0.025 0.0675
0 0.66875 0.3875 0.01625 0.07125
0 0.6925 0.385 0.01875 0.07625
0 0.715 0.38625 0.02125 0.07
0 0.74875 0.40125 0.03875 0.03625
0 0.78125 0.38375 0.0225 0.07125
0 0.81125 0.38375 0.025 0.075
0 0.6475 0.38125 0.02125 0.0925
0 0.35 0.385 0.035 0.085
0 0.75625 0.505 0.015 0.0525
0 0.175 0.705 0.045 0.08625
0 0.685 0.63875 0.0275 0.0275
0 0.715 0.63375 0.025 0.02625
0 0.74375 0.6325 0.0275 0.025
0 0.85375 0.5975 0.0275 0.0825
0 0.16375 0.8475 0.03125 0.05625
0 0.21 0.825 0.0275 0.05875
0 0.65375 0.64125 0.03 0.02875
0 0.2725 0.8175 0.03875 0.05625
0 0.365 0.81 0.03125 0.0775
0 0.40125 0.825 0.0325 0.02875
0 0.43875 0.81375 0.03875 0.0275
0 0.48625 0.77 0.0225 0.08875
0 0.64625 0.72625 0.02 0.06375
0 0.67125 0.73125 0.025 0.05625
0 0.3275 0.815 0.04 0.09
0 0.77375 0.50875 0.0225 0.04625
0 0.79 0.59375 0.02 0.07375
0 0.74125 0.60625 0.02875 0.0225
0 0.225 0.69375 0.04 0.0925
0 0.30125 0.69625 0.065 0.11625
0 0.345 0.6625 0.01875 0.1075
0 0.3725 0.6575 0.03 0.1125
0 0.40625 0.6475 0.0325 0.09375
0 0.4425 0.65125 0.0275 0.0925
0 0.77 0.59875 0.0175 0.0725
0 0.50625 0.6575 0.0275 0.05375
0 0.56625 0.6225 0.02625 0.09875
0 0.58875 0.6225 0.02125 0.0975
0 0.61375 0.62125 0.0225 0.10125
0 0.65 0.60125 0.0275 0.04125
0 0.68125 0.5975 0.02375 0.04375
0 0.71125 0.6 0.02625 0.0275
0 0.5375 0.65375 0.02875 0.05125
0 0.7 0.73 0.01625 0.0575
0 0.54 0.75625 0.03625 0.075
0 0.51875 0.26125 0.03 0.05625
0 0.18875 0.38 0.06 0.11
0 0.14 0.38 0.03125 0.09625
0 0.82625 0.29625 0.025 0.0325
0 0.8 0.2925 0.025 0.035
0 0.775 0.285 0.02 0.04375
0 0.75 0.28375 0.02125 0.04375
0 0.72375 0.28125 0.0225 0.05
0 0.6975 0.2825 0.02625 0.04
0 0.6675 0.27375 0.025 0.05125
0 0.6425 0.26125 0.02 0.06875
0 0.6175 0.27125 0.02375 0.04625
0 0.59125 0.26875 0.0275 0.05625
0 0.55625 0.26125 0.0375 0.06
0 0.83625 0.70125 0.02125 0.0425
0 0.48625 0.24375 0.02875 0.085
0 0.455 0.24375 0.0275 0.0725
0 0.415 0.235 0.02 0.08875
0 0.37125 0.22875 0.06 0.135
0 0.3075 0.0725 0.05 0.07875
0 0.31 0.19625 0.0375 0.12875
0 0.25125 0.2125 0.05375 0.11
0 0.1925 0.20625 0.05625 0.115
0 0.1425 0.175 0.03125 0.16375
0 0.715 0.72375 0.0125 0.05125
0 0.73875 0.7175 0.0275 0.06625
0 0.2775 0.38875 0.06875 0.13125
0 0.7725 0.7 0.0325 0.08125
0 0.8575 0.6925 0.02375 0.03375
0 0.8475 0.78625 0.02375 0.02125
0 0.75125 0.97125 0.02125 0.03875
0 0.78125 0.96375 0.02125 0.0675
0 0.80375 0.95375 0.01875 0.0675
0 0.825 0.96375 0.015 0.025
0 0.85 0.9525 0.01625 0.02
0 0.86875 0.95375 0.0125 0.0175
0 0.86875 0.89375 0.0125 0.05375
0 0.7775 0.81625 0.0175 0.03
0 0.75375 0.825 0.0225 0.03125
0 0.72875 0.81625 0.025 0.06875
0 0.70125 0.825 0.02125 0.06125
0 0.67 0.835 0.03375 0.06875
0 0.63875 0.84375 0.0275 0.07625
0 0.57875 0.86125 0.0325 0.0775
0 0.545 0.87375 0.0225 0.0825
0 0.5425 0.85 0.00875 0.035
0 0.52125 0.8775 0.01875 0.0825
0 0.49875 0.89375 0.02125 0.07125
0 0.46375 0.8975 0.02375 0.0825
0 0.43375 0.91625 0.0225 0.07625
0 0.41125 0.91625 0.01375 0.0875
0 0.37625 0.92875 0.04625 0.0925
0 0.31625 0.95125 0.06 0.0975
0 0.2625 0.971875 0.03 0.05625
0 0.8125 0.78375 0.0475 0.0625
0 0.8675 0.77125 0.0125 0.05375
0 0.80875 0.6875 0.0375 0.06875