0 0.34625 0.39 0.015 0.035
0 0.605 0.5925 0.01375 0.0675
0 0.8575 0.695 0.035 0.09625
0 0.48125 0.505 0.01625 0.05125
0 0.46 0.4975 0.01875 0.04625
0 0.44125 0.4925 0.015 0.045
0 0.3825 0.47375 0.0225 0.04125
0 0.36 0.46625 0.01125 0.0375
0 0.345 0.46375 0.01375 0.03375
0 0.8325 0.825 0.05625 0.085
0 0.81875 0.94 0.05625 0.08875
0 0.78625 0.74875 0.0425 0.0625
0 0.77 0.84875 0.0475 0.08125
0 0.73875 0.77 0.04375 0.06625
0 0.50375 0.55375 0.02 0.0575
0 0.72125 0.87375 0.04 0.07875
0 0.6775 0.84625 0.03625 0.075
0 0.64875 0.775 0.03875 0.0625
0 0.5525 0.67625 0.03125 0.06
0 0.5475 0.7575 0.03 0.0625
0 0.52375 0.67125 0.0225 0.07375
0 0.51875 0.7425 0.02 0.0625
0 0.49875 0.72375 0.01625 0.05875
0 0.48 0.66875 0.0225 0.04625
0 0.45875 0.6975 0.0175 0.04875
0 0.44 0.68125 0.0175 0.05125
0 0.4325 0.5725 0.02625 0.045
0 0.69125 0.75125 0.04 0.07375
0 0.345 0.425 0.015 0.0375
0 0.52875 0.56 0.02 0.0625
0 0.57875 0.5825 0.02125 0.065
0 0.81 0.63625 0.02375 0.05625
0 0.805 0.69125 0.02375 0.0475
0 0.77875 0.68 0.01875 0.05125
0 0.78375 0.62875 0.01875 0.045
0 0.765 0.6225 0.01375 0.05375
0 0.76125 0.6725 0.0125 0.0425
0 0.74375 0.665 0.0175 0.045
0 0.7475 0.61375 0.01875 0.05
0 0.3675 0.5425 0.0125 0.0325
0 0.3525 0.5375 0.01125 0.0375
0 0.34875 0.595 0.01625 0.0275
0 0.55875 0.57 0.015 0.065
0 0.36125 0.63 0.01625 0.03875
0 0.72625 0.655 0.015 0.04875
0 0.72875 0.60625 0.01375 0.0475
0 0.71125 0.6 0.01625 0.045
0 0.70875 0.64875 0.01375 0.04625
0 0.68875 0.6425 0.02 0.04625
0 0.69125 0.59375 0.01875 0.04625
0 0.6725 0.5875 0.015 0.045
0 0.67 0.635 0.0125 0.04375
0 0.655 0.625 0.015 0.04625
0 0.64 0.61875 0.0125 0.045
0 0.62375 0.6 0.01625 0.07
0 0.38125 0.58 0.02375 0.0325
0 0.73 0.485 0.0175 0.10625
0 0.7725 0.32375 0.03875 0.15625
0 0.68375 0.475 0.02375 0.10375
0 0.73375 0.32375 0.035 0.15125
0 0.6975 0.325 0.0275 0.1475
0 0.7075 0.47875 0.01875 0.1075
0 0.63375 0.32125 0.0175 0.13375
0 0.61 0.325 0.02375 0.12375
0 0.58375 0.32125 0.0225 0.1225
0 0.5575 0.3225 0.0225 0.11625
0 0.5325 0.32 0.02125 0.115
0 0.50875 0.32 0.0225 0.115
0 0.4675 0.34375 0.02625 0.04875
0 0.475 0.385 0.0275 0.025
0 0.4825 0.43 0.0225 0.05375
0 0.3275 0.32 0.02625 0.08375
0 0.445 0.325 0.0175 0.0925
0 0.42 0.3225 0.02375 0.08875
0 0.38875 0.32125 0.02375 0.0875
0 0.36125 0.3225 0.01875 0.08125
0 0.865 0.51125 0.01875 0.125
0 0.83625 0.50125 0.02875 0.1275
0 0.80375 0.495 0.02875 0.125
0 0.775 0.495 0.01875 0.11875
0 0.7525 0.49 0.02 0.10875
0 0.3775 0.40875 0.02 0.07375
0 0.4 0.41375 0.02 0.07125
0 0.43 0.42125 0.02 0.085
0 0.45375 0.42375 0.01375 0.0825
0 0.53125 0.4375 0.0275 0.09375
0 0.56125 0.445 0.025 0.10375
0 0.59 0.45625 0.02625 0.09
0 0.81375 0.3225 0.04125 0.16875
0 0.85625 0.32625 0.03625 0.17375
0 0.66375 0.3225 0.03375 0.135
0 0.28 0.24125 0.0125 0.075
0 0.65625 0.47 0.02 0.09875
0 0.62 0.46125 0.02625 0.10125
0 0.39 0.61625 0.0175 0.03625
0 0.83875 0.1325 0.05375 0.17125
0 0.7875 0.145 0.04375 0.16375
0 0.74375 0.15 0.0375 0.15625
0 0.7025 0.16 0.0375 0.1475
0 0.40375 0.6625 0.01875 0.05125
0 0.40875 0.5975 0.015 0.045
0 0.26375 0.245 0.0125 0.07
0 0.665 0.17125 0.0325 0.135
0 0.61 0.18375 0.03125 0.125
0 0.63625 0.175 0.02 0.13375
0 0.58 0.18625 0.02625 0.12375
0 0.42375 0.6425 0.0125 0.0475
0 0.52625 0.19375 0.0225 0.11375
0 0.29625 0.2375 0.01125 0.075
0 0.5525 0.19125 0.025 0.12125
0 0.34 0.23 0.0125 0.08375
0 0.35375 0.22875 0.01125 0.09
0 0.3675 0.2275 0.0125 0.08625
0 0.3825 0.22375 0.0125 0.09125
0 0.3175 0.2325 0.0125 0.08125
0 0.4125 0.22 0.01375 0.09375
0 0.42875 0.21625 0.01625 0.095
0 0.44625 0.21375 0.01625 0.0975
0 0.46375 0.20875 0.01625 0.1025
0 0.48125 0.20375 0.01625 0.10875
0 0.5025 0.20125 0.02125 0.10875
0 0.3975 0.2225 0.015 0.08875