0 0.50375 0.32 0.02125 0.05875
0 0.075 0.3225 0.02125 0.05625
0 0.41125 0.32 0.01875 0.05625
0 0.435 0.32 0.02125 0.05875
0 0.39125 0.32125 0.01875 0.05625
0 0.37 0.32125 0.01875 0.05625
0 0.48125 0.31875 0.02125 0.05875
0 0.34875 0.3225 0.01875 0.05625
0 0.305 0.32 0.01875 0.05625
0 0.28375 0.3225 0.01875 0.05625
0 0.26125 0.3225 0.02125 0.05625
0 0.23625 0.3225 0.02125 0.05625
0 0.19625 0.32375 0.02125 0.05625
0 0.1725 0.3225 0.02125 0.05625
0 0.4575 0.32 0.02 0.0575
0 0.1 0.32375 0.02125 0.05625
0 0.635 0.31625 0.0175 0.0575
0 0.615 0.31625 0.01875 0.06
0 0.5925 0.31875 0.02 0.06
0 0.57 0.31875 0.02 0.06
0 0.54875 0.31875 0.02 0.05875
0 0.52625 0.32 0.02125 0.05875
0 0.32625 0.32125 0.01875 0.05625
0 0.15 0.32125 0.02125 0.05625
0 0.7125 0.31375 0.02625 0.06
0 0.6225 0.5 0.0425 0.07
0 0.56875 0.41125 0.02875 0.07125
0 0.6 0.41 0.02875 0.07125
0 0.62875 0.40875 0.025 0.06875
0 0.66 0.40875 0.02875 0.07125
0 0.69125 0.40625 0.0325 0.0725
0 0.76 0.40625 0.0375 0.07375
0 0.79875 0.40625 0.0375 0.07375
0 0.83375 0.4075 0.02625 0.0725
0 0.8625 0.4075 0.02625 0.0725
0 0.8925 0.40625 0.03 0.075
0 0.53875 0.41125 0.02875 0.07125
0 0.9275 0.40625 0.0325 0.075
0 0.10125 0.49875 0.03875 0.0725
0 0.14375 0.5 0.03875 0.0725
0 0.9775 0.68375 0.03875 0.0625
0 0.93125 0.68375 0.0475 0.0625
0 0.88125 0.68125 0.04875 0.0625
0 0.83 0.68125 0.0475 0.0625
0 0.7775 0.68 0.05 0.0625
0 0.72625 0.68125 0.04625 0.06
0 0.68 0.68125 0.04375 0.0575
0 0.6325 0.68125 0.04375 0.0575
0 0.98375 0.4075 0.0325 0.075
0 0.995 0.31125 0.00875 0.05625
0 0.5075 0.41 0.02875 0.07125
0 0.4475 0.41125 0.025 0.07
0 0.08375 0.41125 0.02625 0.0725
0 0.38875 0.4125 0.02625 0.07
0 0.36 0.4125 0.0275 0.07
0 0.33 0.41125 0.02875 0.07125
0 0.3 0.4125 0.02875 0.07125
0 0.26875 0.4125 0.02875 0.07125
0 0.2375 0.4125 0.02875 0.07125
0 0.20625 0.41375 0.02875 0.07125
0 0.175 0.4125 0.02875 0.07125
0 0.1425 0.41125 0.02875 0.07125
0 0.47625 0.41125 0.02875 0.07125
0 0.1125 0.4125 0.02625 0.0725
0 0.185 0.5 0.03875 0.0725
0 0.2275 0.5025 0.03875 0.0725
0 0.27 0.50125 0.03875 0.0725
0 0.31375 0.5 0.03875 0.0725
0 0.35875 0.5 0.04375 0.0725
0 0.40625 0.49625 0.03375 0.07
0 0.445 0.4975 0.03875 0.075
0 0.48875 0.49875 0.04 0.075
0 0.57625 0.49875 0.04125 0.07
0 0.41875 0.4125 0.0275 0.07
0 0.67875 0.4975 0.04625 0.07
0 0.98 0.31 0.0175 0.05625
0 0.53375 0.4925 0.0375 0.07
0 0.5375 0.67875 0.04375 0.0575
0 0.35875 0.5825 0.03875 0.07
0 0.585 0.67875 0.04375 0.0575
0 0.2725 0.5825 0.03875 0.07
0 0.23125 0.5825 0.03875 0.07
0 0.73875 0.31625 0.01875 0.055
0 0.19 0.58 0.03875 0.07
0 0.14375 0.57875 0.03875 0.07
0 0.1025 0.58 0.03875 0.07
0 0.98625 0.49625 0.02125 0.0675
0 0.95 0.49875 0.0425 0.07
0 0.4025 0.58125 0.04125 0.07
0 0.9025 0.49625 0.04625 0.0725
0 0.77125 0.31375 0.03 0.06125
0 0.83125 0.3125 0.03 0.06125
0 0.86 0.31125 0.02625 0.06125
0 0.89 0.31125 0.02625 0.06125
0 0.91625 0.31125 0.0225 0.0575
0 0.93875 0.31125 0.01875 0.05625
0 0.95875 0.31125 0.02 0.0575
0 0.71625 0.495 0.025 0.07
0 0.81 0.4975 0.04625 0.07375
0 0.7575 0.4975 0.05 0.07375
0 0.8575 0.4975 0.0425 0.0725
0 0.44875 0.5825 0.04125 0.07
0 0.315 0.5825 0.03875 0.07
0 0.53625 0.58 0.04125 0.07
0 0.65625 0.3175 0.02125 0.0575
0 0.6825 0.31625 0.02625 0.06
0 0.48875 0.67875 0.04375 0.0575
0 0.44125 0.67625 0.04375 0.0575
0 0.39375 0.67875 0.04375 0.06125
0 0.345 0.67875 0.04375 0.06125
0 0.49125 0.58 0.04125 0.07
0 0.25125 0.6775 0.04375 0.06125
0 0.205 0.67625 0.04375 0.06125
0 0.15625 0.675 0.04375 0.06125
0 0.11125 0.6725 0.04 0.06125
0 0.29875 0.67625 0.04375 0.06125
0 0.98375 0.58125 0.0325 0.07375
0 0.58 0.58125 0.04125 0.07
0 0.06625 0.67125 0.0425 0.0625
0 0.6675 0.58375 0.04125 0.07
0 0.7125 0.58125 0.0425 0.07125
0 0.62375 0.5825 0.04125 0.07
0 0.80125 0.58125 0.05 0.07625
0 0.8525 0.58125 0.045 0.0725
0 0.9 0.58125 0.04375 0.07375
0 0.945 0.58 0.04125 0.07375
0 0.75375 0.57625 0.03 0.0625