0 0.20875 0.86 0.03375 0.06375
0 0.26875 0.86 0.03125 0.065
0 0.65875 0.70125 0.025 0.065
0 0.6875 0.6975 0.025 0.0725
0 0.845 0.6825 0.06 0.07125
0 0.23875 0.86 0.02375 0.065
0 0.38625 0.69125 0.03 0.0725
0 0.35625 0.7075 0.025 0.065
0 0.62625 0.6975 0.02875 0.08125
0 0.41375 0.6925 0.0225 0.07125
0 0.4425 0.70375 0.03375 0.08
0 0.47125 0.7075 0.02 0.07375
0 0.49625 0.70375 0.0275 0.06875
0 0.52375 0.70375 0.02625 0.06875
0 0.59375 0.69875 0.03 0.07875
0 0.56125 0.70375 0.02875 0.06875
0 0.29875 0.8575 0.02375 0.0675
0 0.32625 0.7075 0.02375 0.0675
0 0.33 0.84125 0.03375 0.03875
0 0.505 0.87125 0.02625 0.025
0 0.36375 0.87625 0.03125 0.0225
0 0.855 0.845 0.03125 0.065
0 0.8 0.845 0.03125 0.05375
0 0.76875 0.8475 0.03125 0.05875
0 0.73625 0.85125 0.0325 0.0525
0 0.69875 0.8525 0.0425 0.055
0 0.65125 0.86125 0.05 0.02125
0 0.60625 0.85 0.0375 0.0625
0 0.56625 0.8275 0.03125 0.02875
0 0.33125 0.875 0.03125 0.02625
0 0.56625 0.86375 0.03125 0.0375
0 0.29875 0.71125 0.03 0.065
0 0.46875 0.8475 0.035 0.03
0 0.4325 0.8475 0.04 0.03
0 0.46875 0.875 0.03625 0.02125
0 0.4325 0.87625 0.035 0.02625
0 0.39375 0.85 0.03125 0.02875
0 0.3625 0.85 0.03 0.0275
0 0.3975 0.8775 0.03375 0.025
0 0.50375 0.84625 0.0275 0.025
0 0.27125 0.71125 0.02625 0.06375
0 0.435 0.085 0.05 0.08375
0 0.19375 0.71625 0.03875 0.05875
0 0.3425 0.47875 0.03 0.0625
0 0.28875 0.4675 0.0675 0.0875
0 0.20625 0.4625 0.06375 0.09
0 0.81375 0.34 0.06125 0.05875
0 0.74875 0.3625 0.07 0.02
0 0.67125 0.34375 0.07375 0.05375
0 0.5975 0.34625 0.0725 0.04875
0 0.52 0.345 0.07375 0.05375
0 0.45125 0.34625 0.06 0.055
0 0.37 0.3275 0.0575 0.0275
0 0.3675 0.36125 0.05125 0.03
0 0.31 0.32875 0.05375 0.0325
0 0.31 0.36 0.055 0.02875
0 0.2375 0.7175 0.0375 0.05125
0 0.185 0.3425 0.0625 0.06875
0 0.77125 0.22375 0.04 0.09375
0 0.6925 0.2175 0.0625 0.0725
0 0.2425 0.08125 0.065 0.08875
0 0.3375 0.08 0.09625 0.08375
0 0.52 0.09625 0.06625 0.06125
0 0.59 0.0975 0.065 0.06
0 0.66125 0.09875 0.0725 0.06125
0 0.72875 0.10375 0.06125 0.0675
0 0.37375 0.47 0.03125 0.07875
0 0.78375 0.0925 0.04375 0.11125
0 0.86125 0.09375 0.025 0.10625
0 0.19625 0.2075 0.0525 0.0975
0 0.26875 0.215 0.0825 0.08
0 0.40875 0.21625 0.06875 0.07875
0 0.485 0.21375 0.07 0.0775
0 0.57625 0.225 0.08 0.06125
0 0.825 0.09125 0.03625 0.1075
0 0.40875 0.46875 0.03625 0.07875
0 0.24875 0.34125 0.065 0.06375
0 0.47875 0.46125 0.035 0.08875
0 0.2925 0.5975 0.0325 0.06375
0 0.3225 0.595 0.02625 0.06875
0 0.35625 0.59625 0.0375 0.0775
0 0.3925 0.5975 0.03125 0.075
0 0.42375 0.59375 0.03 0.07
0 0.4525 0.5925 0.02625 0.07
0 0.26125 0.59875 0.02875 0.06875
0 0.53875 0.60375 0.06875 0.04625
0 0.65625 0.5875 0.03125 0.07625
0 0.6925 0.5875 0.03625 0.075
0 0.7425 0.5775 0.0575 0.0925
0 0.7975 0.5775 0.055 0.0875
0 0.85125 0.5725 0.03875 0.08125
0 0.14875 0.72625 0.04625 0.035
0 0.6025 0.6025 0.0575 0.04375
0 0.445 0.4625 0.03125 0.0925
0 0.2325 0.59875 0.02875 0.07
0 0.63125 0.465 0.0425 0.08125
0 0.515 0.46625 0.03125 0.0775
0 0.5525 0.4575 0.0375 0.09125
0 0.5875 0.46125 0.03125 0.0825
0 0.665 0.4575 0.025 0.08375
0 0.69875 0.4625 0.03625 0.085
0 0.735 0.44875 0.03875 0.10125
0 0.76875 0.4425 0.0275 0.1025
0 0.82125 0.44625 0.045 0.11
0 0.15 0.55 0.04875 0.045
0 0.19875 0.60125 0.03375 0.07125
0 0.15625 0.645 0.06125 0.0225
0 0.1525 0.62 0.05375 0.025