0 0.52 0.7 0.0525 0.04375
0 0.19 0.18125 0.06625 0.0675
0 0.75625 0.66125 0.04875 0.04375
0 0.8125 0.66125 0.05875 0.04
0 0.845 0.805 0.0375 0.08875
0 0.86125 0.68625 0.0275 0.1
0 0.645 0.60625 0.05625 0.04625
0 0.7625 0.61 0.17125 0.05375
0 0.46625 0.605 0.05875 0.04375
0 0.52625 0.60375 0.05625 0.04625
0 0.585 0.605 0.05875 0.04375
0 0.58875 0.55625 0.0575 0.05125
0 0.5275 0.5525 0.06 0.04625
0 0.46625 0.5525 0.05875 0.04875
0 0.405 0.55125 0.05875 0.05125
0 0.40375 0.49875 0.0575 0.055
0 0.46625 0.5 0.06375 0.05375
0 0.53125 0.5025 0.0625 0.05125
0 0.59125 0.5025 0.0525 0.05375
0 0.65125 0.50375 0.05625 0.05375
0 0.71125 0.50375 0.0575 0.05125
0 0.65 0.55625 0.055 0.0475
0 0.70875 0.5575 0.06125 0.04625
0 0.77 0.55875 0.06125 0.04375
0 0.82875 0.56125 0.05125 0.04625
0 0.83625 0.50875 0.05375 0.05375
0 0.775 0.5075 0.065 0.05
0 0.7825 0.45125 0.0675 0.0525
0 0.84625 0.4525 0.055 0.05625
0 0.79375 0.395 0.06625 0.05625
0 0.8525 0.39625 0.04375 0.06125
0 0.805 0.705 0.045 0.03875
0 0.46875 0.44375 0.05875 0.055
0 0.75 0.70625 0.0525 0.04125
0 0.79875 0.74875 0.0475 0.04
0 0.465 0.7 0.05625 0.045
0 0.17375 0.74375 0.05875 0.04
0 0.23375 0.745 0.04875 0.04125
0 0.29 0.745 0.06 0.04375
0 0.34875 0.74375 0.05375 0.04125
0 0.40625 0.74125 0.055 0.0425
0 0.4625 0.7425 0.0525 0.04
0 0.51875 0.74375 0.05625 0.04125
0 0.515 0.78875 0.06 0.04375
0 0.45875 0.7875 0.04625 0.04375
0 0.4025 0.7875 0.05375 0.045
0 0.3475 0.78875 0.05125 0.0425
0 0.29125 0.7925 0.05375 0.045
0 0.235 0.79125 0.05 0.0425
0 0.17625 0.78875 0.06125 0.04625
0 0.5725 0.79 0.05 0.045
0 0.575 0.745 0.05125 0.045
0 0.5775 0.69875 0.05375 0.04125
0 0.5825 0.6525 0.0525 0.04625
0 0.62625 0.79 0.0575 0.0425
0 0.63125 0.745 0.05 0.045
0 0.63375 0.7 0.055 0.04
0 0.64125 0.655 0.0525 0.04625
0 0.7 0.65875 0.05625 0.04875
0 0.6925 0.705 0.05875 0.04
0 0.6875 0.74875 0.04875 0.04625
0 0.68125 0.7925 0.04875 0.03625
0 0.735 0.79625 0.05625 0.03875
0 0.79125 0.795 0.05125 0.0425
0 0.74375 0.74875 0.05625 0.0375
0 0.46875 0.3875 0.05875 0.0575
0 0.46875 0.32625 0.0575 0.05875
0 0.5325 0.4475 0.05875 0.05375
0 0.4025 0.64875 0.055 0.04125
0 0.40375 0.6025 0.05625 0.04625
0 0.34375 0.60125 0.06 0.04625
0 0.22 0.6 0.1825 0.05125
0 0.155 0.5475 0.06 0.0475
0 0.21875 0.5475 0.055 0.04875
0 0.28125 0.5525 0.06 0.04875
0 0.3425 0.55 0.0575 0.0525
0 0.27625 0.49625 0.06375 0.0575
0 0.2125 0.49375 0.06 0.0525
0 0.15375 0.49375 0.05625 0.05375
0 0.40375 0.44125 0.05625 0.04875
0 0.33875 0.44125 0.06 0.05125
0 0.2725 0.43875 0.07 0.05625
0 0.2075 0.4375 0.0575 0.05375
0 0.15125 0.43625 0.05125 0.0575
0 0.14875 0.37625 0.04625 0.05
0 0.20875 0.3825 0.065 0.05375
0 0.275 0.38125 0.05625 0.05375
0 0.3375 0.38375 0.06375 0.05875
0 0.405 0.38375 0.06 0.05625
0 0.3375 0.31875 0.065 0.0625
0 0.265 0.3175 0.0675 0.06375
0 0.19875 0.31875 0.06125 0.06
0 0.14625 0.315 0.03875 0.06625
0 0.14125 0.25 0.0325 0.06625
0 0.195 0.2525 0.07 0.06625
0 0.26375 0.25125 0.06375 0.06375
0 0.26 0.18 0.07125 0.06625
0 0.34375 0.65375 0.05625 0.04625
0 0.16125 0.6525 0.06 0.04875
0 0.225 0.65125 0.05625 0.04625
0 0.28375 0.65 0.055 0.04375
0 0.59375 0.44625 0.06125 0.05
0 0.65875 0.445 0.065 0.05375
0 0.71875 0.45 0.0525 0.0525
0 0.53375 0.39 0.0625 0.05625
0 0.59875 0.38875 0.0575 0.055
0 0.66375 0.38875 0.06375 0.055
0 0.7275 0.39375 0.0575 0.06125
0 0.53875 0.32875 0.06375 0.05875
0 0.6025 0.33 0.06 0.06125
0 0.4725 0.26 0.065 0.06625
0 0.53875 0.2625 0.065 0.06125
0 0.605 0.265 0.06125 0.06375
0 0.54 0.19625 0.06375 0.065
0 0.68 0.1975 0.06875 0.0675
0 0.14 0.17875 0.02625 0.06875
0 0.7525 0.20375 0.07375 0.06125
0 0.67375 0.265 0.06125 0.06875
0 0.66875 0.32875 0.05875 0.05375
0 0.735 0.3325 0.07 0.055
0 0.8125 0.27125 0.06625 0.05875
0 0.8625 0.2725 0.02375 0.06375
0 0.85625 0.335 0.03625 0.0525
0 0.8025 0.33375 0.06125 0.05625
0 0.52125 0.65125 0.055 0.04375
0 0.46 0.65125 0.0525 0.04625
0 0.40375 0.695 0.0525 0.04625
0 0.3475 0.6975 0.05125 0.04125
0 0.285 0.695 0.05375 0.04125
0 0.2275 0.69875 0.05125 0.0475
0 0.1675 0.7 0.0575 0.04
0 0.7425 0.26875 0.07 0.0625
0 0.34125 0.495 0.0575 0.05625
0 0.405 0.32125 0.06625 0.06375