0 0.22875 0.37 0.04 0.1025
0 0.55875 0.0225 0.035 0.04125
0 0.8275 0.35875 0.03 0.10125
0 0.79125 0.3625 0.0325 0.095
0 0.75875 0.36125 0.02625 0.095
0 0.7225 0.36625 0.035 0.09
0 0.68625 0.36875 0.02125 0.09125
0 0.65625 0.36875 0.03125 0.09125
0 0.61625 0.365 0.04125 0.0975
0 0.86 0.36125 0.02875 0.10375
0 0.56875 0.365 0.0425 0.10125
0 0.47625 0.37 0.03625 0.0975
0 0.3875 0.37 0.03 0.09375
0 0.3175 0.36625 0.03625 0.09625
0 0.2725 0.36625 0.0325 0.1025
0 0.1825 0.36875 0.0325 0.09875
0 0.1425 0.36875 0.035 0.09875
0 0.7375 0.24625 0.04375 0.1025
0 0.52 0.3675 0.03375 0.0975
0 0.66625 0.2475 0.04375 0.1
0 0.1875 0.485 0.04125 0.09375
0 0.345 0.4625 0.05625 0.0725
0 0.845 0.47625 0.03375 0.095
0 0.80875 0.475 0.03125 0.08875
0 0.77375 0.4775 0.03375 0.08875
0 0.7325 0.47125 0.01875 0.07375
0 0.70625 0.475 0.0275 0.09125
0 0.67375 0.47625 0.02625 0.09
0 0.64625 0.4725 0.0225 0.085
0 0.2325 0.48625 0.03375 0.09375
0 0.6225 0.48 0.015 0.0775
0 0.56875 0.4875 0.02875 0.08875
0 0.53375 0.48125 0.02625 0.08875
0 0.49875 0.4825 0.03125 0.08
0 0.465 0.48125 0.02875 0.08
0 0.29125 0.49375 0.03125 0.06625
0 0.40625 0.46 0.02625 0.0675
0 0.36125 0.51125 0.0275 0.02
0 0.6 0.48125 0.02375 0.09
0 0.60375 0.245 0.03875 0.10625
0 0.52375 0.24625 0.035 0.1075
0 0.48625 0.25 0.03125 0.1
0 0.26125 0.02375 0.03375 0.04375
0 0.31 0.0225 0.03625 0.04125
0 0.34625 0.02375 0.03125 0.04625
0 0.3825 0.02375 0.0325 0.04375
0 0.4125 0.0225 0.01875 0.04
0 0.445 0.02125 0.02625 0.04125
0 0.4825 0.02375 0.03125 0.04375
0 0.23125 0.0225 0.01875 0.04375
0 0.52 0.0225 0.03125 0.04375
0 0.595 0.0225 0.0275 0.04125
0 0.625 0.02125 0.0225 0.04
0 0.66125 0.025 0.03125 0.03875
0 0.6925 0.0225 0.02125 0.0425
0 0.72375 0.02125 0.0275 0.03875
0 0.75875 0.0225 0.0325 0.0375
0 0.795 0.02125 0.0275 0.0425
0 0.2025 0.12 0.045 0.105
0 0.19875 0.025 0.03375 0.0475
0 0.16 0.02375 0.0375 0.04375
0 0.25125 0.12125 0.045 0.105
0 0.40375 0.24625 0.0375 0.1025
0 0.36 0.245 0.03125 0.10625
0 0.32 0.245 0.03125 0.1075
0 0.2725 0.2525 0.04625 0.0975
0 0.2225 0.25125 0.0475 0.1
0 0.15625 0.2475 0.0625 0.11125
0 0.78375 0.13375 0.03625 0.03125
0 0.82875 0.1275 0.02875 0.025
0 0.8 0.0975 0.05 0.03125
0 0.68625 0.1275 0.03875 0.08375
0 0.645 0.13125 0.03375 0.0825
0 0.59375 0.115 0.04375 0.11125
0 0.55125 0.1125 0.03625 0.1225
0 0.50375 0.1175 0.03 0.10375
0 0.47125 0.1175 0.0275 0.1025
0 0.42875 0.11875 0.03875 0.10375
0 0.3675 0.11375 0.03625 0.11375
0 0.205 0.58625 0.06875 0.06875
0 0.82625 0.02125 0.02875 0.03875
0 0.27375 0.5875 0.06625 0.0725
0 0.39125 0.58125 0.04 0.06625
0 0.55375 0.76625 0.035 0.0175
0 0.555 0.74125 0.03375 0.02
0 0.51625 0.7425 0.035 0.0225
0 0.515 0.76875 0.03375 0.02125
0 0.5175 0.79375 0.03 0.02125
0 0.4825 0.7925 0.0325 0.02
0 0.47875 0.77 0.0325 0.0225
0 0.55875 0.79 0.0375 0.0225
0 0.47875 0.74375 0.03125 0.02125
0 0.44125 0.7725 0.03125 0.0175
0 0.44375 0.795 0.03125 0.01875
0 0.405 0.7925 0.0325 0.02125
0 0.40375 0.7675 0.0325 0.02
0 0.40125 0.74125 0.0325 0.02375
0 0.3275 0.7975 0.03625 0.0225
0 0.36375 0.8 0.03375 0.02375
0 0.44 0.74375 0.0325 0.02125
0 0.36125 0.77375 0.03 0.02
0 0.62 0.75875 0.0175 0.01125
0 0.645 0.76 0.0175 0.0075
0 0.8575 0.7825 0.035 0.015
0 0.855 0.76375 0.025 0.01125
0 0.8575 0.74375 0.02875 0.01625
0 0.82 0.7475 0.02875 0.015
0 0.8225 0.76625 0.03 0.01375
0 0.82 0.78375 0.03125 0.01625
0 0.7775 0.78875 0.03125 0.015
0 0.64875 0.74125 0.0275 0.015
0 0.74125 0.78625 0.03375 0.015
0 0.7425 0.765 0.0275 0.01875
0 0.7775 0.74375 0.03125 0.0175
0 0.7425 0.74625 0.0275 0.0175
0 0.7 0.765 0.03375 0.01625
0 0.69375 0.78625 0.0275 0.01375
0 0.64375 0.7825 0.0225 0.0275
0 0.61875 0.78375 0.0175 0.02875
0 0.77625 0.765 0.03125 0.01875
0 0.32375 0.7725 0.03375 0.02125
0 0.36125 0.74375 0.0325 0.0275
0 0.32125 0.74375 0.0325 0.02625
0 0.44625 0.66875 0.03875 0.075
0 0.40375 0.6725 0.04 0.07375
0 0.33375 0.66875 0.035 0.07
0 0.28875 0.68 0.0375 0.0675
0 0.2425 0.685 0.03875 0.06375
0 0.2 0.6825 0.03875 0.06875
0 0.15875 0.68125 0.03625 0.06875
0 0.4925 0.6725 0.03875 0.07
0 0.83875 0.57375 0.03875 0.06625
0 0.74 0.575 0.07375 0.0725
0 0.67375 0.5775 0.0425 0.06625
0 0.6125 0.57875 0.04 0.06375
0 0.57125 0.57875 0.03625 0.0675
0 0.52875 0.57875 0.035 0.0675
0 0.49 0.57 0.03125 0.06625
0 0.45125 0.56625 0.03625 0.045
0 0.7975 0.5725 0.03375 0.06875
0 0.535 0.67 0.04 0.0725
0 0.58375 0.675 0.04375 0.06625
0 0.62625 0.67375 0.035 0.0725
0 0.28875 0.7625 0.025 0.03
0 0.29 0.7975 0.02125 0.02875
0 0.26125 0.79875 0.01875 0.0275
0 0.2625 0.76625 0.02375 0.02875
0 0.23125 0.76875 0.02875 0.03
0 0.23375 0.80125 0.0225 0.02625
0 0.20625 0.80125 0.02375 0.0275
0 0.20125 0.7675 0.02 0.02625
0 0.17625 0.765 0.02125 0.03125
0 0.17875 0.8 0.02125 0.02875
0 0.15 0.79875 0.01625 0.03375
0 0.86125 0.665 0.02625 0.06375
0 0.82625 0.6675 0.0375 0.0675
0 0.78375 0.66625 0.0375 0.07
0 0.74125 0.6675 0.0425 0.06875
0 0.7025 0.6775 0.03375 0.055
0 0.6675 0.68 0.02875 0.05625
0 0.35 0.58 0.035 0.06875
0 0.15625 0.1175 0.0375 0.11375