0 0.45875 0.60125 0.02875 0.07
0 0.69375 0.61375 0.0225 0.06
0 0.5125 0.585 0.02625 0.1075
0 0.53875 0.5925 0.02625 0.0975
0 0.5625 0.59625 0.02125 0.09375
0 0.58875 0.595 0.03 0.09875
0 0.6175 0.5925 0.02375 0.095
0 0.64625 0.58875 0.0275 0.10875
0 0.67125 0.61125 0.0225 0.0625
0 0.4875 0.585 0.02375 0.10875
0 0.7275 0.6 0.04125 0.085
0 0.67125 0.4675 0.02375 0.0775
0 0.81625 0.6025 0.02875 0.08625
0 0.85 0.615 0.035 0.05875
0 0.64875 0.45625 0.01875 0.0925
0 0.69375 0.46875 0.02 0.08125
0 0.72875 0.465 0.0325 0.09125
0 0.76375 0.46875 0.03375 0.0825
0 0.79875 0.465 0.0275 0.08875
0 0.82875 0.465 0.02375 0.08
0 0.8525 0.465 0.0225 0.0825
0 0.43 0.59125 0.0225 0.09
0 0.775 0.6 0.04625 0.09
0 0.405 0.59125 0.025 0.09125
0 0.70625 0.85625 0.065 0.07625
0 0.35 0.585 0.02875 0.10375
0 0.82875 0.72875 0.04 0.08
0 0.77625 0.73 0.055 0.065
0 0.72625 0.73125 0.03625 0.075
0 0.685 0.7225 0.03625 0.08375
0 0.64375 0.7225 0.03875 0.08625
0 0.78375 0.89375 0.05 0.01375
0 0.78375 0.88125 0.0525 0.01
0 0.625 0.46 0.025 0.09375
0 0.59875 0.73875 0.04375 0.045
0 0.5525 0.745 0.0425 0.05125
0 0.55625 0.69125 0.0375 0.04375
0 0.50875 0.7175 0.035 0.08625
0 0.47875 0.71875 0.02375 0.0875
0 0.44875 0.71125 0.0325 0.0925
0 0.4175 0.71375 0.02 0.095
0 0.39375 0.715 0.02625 0.0925
0 0.36875 0.71125 0.02125 0.09875
0 0.34375 0.70625 0.0225 0.0925
0 0.31625 0.7125 0.02125 0.09625
0 0.29 0.7125 0.02375 0.09125
0 0.2675 0.705 0.01875 0.0925
0 0.26375 0.59375 0.02375 0.0675
0 0.2925 0.60125 0.03125 0.07375
0 0.37875 0.5875 0.02375 0.09875
0 0.6 0.46 0.0225 0.0975
0 0.4275 0.305 0.02875 0.09625
0 0.55375 0.46375 0.02 0.085
0 0.84375 0.89 0.0525 0.0125
0 0.8425 0.875 0.05625 0.0125
0 0.83625 0.8425 0.04875 0.0475
0 0.865 0.72875 0.02 0.07875
0 0.22625 0.145 0.0225 0.09875
0 0.25 0.13625 0.0225 0.11625
0 0.27625 0.1375 0.025 0.1125
0 0.305 0.1475 0.03375 0.09375
0 0.34 0.15 0.0325 0.0875
0 0.375 0.15125 0.03375 0.0875
0 0.41125 0.1525 0.03375 0.08625
0 0.44625 0.15125 0.03125 0.08625
0 0.4775 0.15375 0.03 0.08625
0 0.50625 0.155 0.0225 0.085
0 0.525 0.15625 0.015 0.07625
0 0.84125 0.905 0.05125 0.01
0 0.8375 0.93 0.04875 0.01625
0 0.34 0.845 0.05 0.0225
0 0.27875 0.8275 0.0675 0.0725
0 0.7075 0.92625 0.0525 0.01125
0 0.705 0.9375 0.05125 0.00875
0 0.6425 0.83875 0.04875 0.07375
0 0.64625 0.88625 0.05 0.01625
0 0.585 0.82625 0.05875 0.0525
0 0.5875 0.86125 0.0525 0.01625
0 0.59125 0.88125 0.0525 0.01625
0 0.55 0.15125 0.03375 0.0825
0 0.59 0.89875 0.05125 0.01125
0 0.53125 0.85125 0.0475 0.05625
0 0.53125 0.93875 0.055 0.02
0 0.46625 0.84875 0.04875 0.03625
0 0.46875 0.875 0.055 0.01
0 0.46875 0.89 0.055 0.01375
0 0.41 0.88 0.05625 0.05
0 0.35 0.8075 0.05375 0.0425
0 0.585 0.9275 0.04875 0.0125
0 0.5775 0.45875 0.02125 0.09
0 0.58125 0.15375 0.025 0.08625
0 0.64625 0.15 0.0325 0.095
0 0.3975 0.305 0.03 0.095
0 0.36625 0.30625 0.03 0.09875
0 0.335 0.305 0.03 0.09875
0 0.305 0.305 0.03 0.0975
0 0.27625 0.30625 0.02625 0.09875
0 0.24125 0.31625 0.03875 0.06875
0 0.25 0.4625 0.03 0.0825
0 0.28375 0.4625 0.03125 0.08125
0 0.325 0.45875 0.03 0.07875
0 0.365 0.45125 0.03375 0.0675
0 0.3975 0.45375 0.02625 0.06875
0 0.435 0.4525 0.02375 0.06875
0 0.46625 0.4575 0.02875 0.06875
0 0.4975 0.4625 0.0275 0.0875
0 0.52875 0.46375 0.0275 0.085
0 0.77125 0.9425 0.05375 0.01125
0 0.465 0.32875 0.045 0.06
0 0.51 0.33 0.0425 0.05875
0 0.55125 0.3075 0.0275 0.09625
0 0.68125 0.14625 0.03625 0.10125
0 0.7125 0.16 0.0225 0.06875
0 0.73875 0.16125 0.02625 0.07
0 0.76875 0.14375 0.0325 0.10375
0 0.8175 0.15 0.05875 0.09
0 0.86125 0.1575 0.02625 0.09125
0 0.86625 0.32 0.0175 0.07875
0 0.61125 0.14875 0.035 0.08875
0 0.8425 0.32 0.0275 0.08125
0 0.77625 0.31875 0.04125 0.09
0 0.74 0.31625 0.0275 0.09125
0 0.70875 0.31375 0.03375 0.085
0 0.67875 0.315 0.02375 0.0925
0 0.64875 0.315 0.035 0.09125
0 0.61625 0.31375 0.0275 0.09625
0 0.58375 0.31375 0.03375 0.0875
0 0.81125 0.3175 0.02875 0.08875
0 0.7725 0.93 0.04875 0.0125
0 0.8375 0.9475 0.05 0.0125
0 0.77625 0.84375 0.06625 0.0575