0 0.48875 0.26875 0.02875 0.1125
0 0.6025 0.39875 0.03375 0.10875
0 0.565 0.39875 0.03125 0.105
0 0.48875 0.39625 0.0325 0.105
0 0.45125 0.3975 0.02875 0.1075
0 0.4125 0.4 0.03 0.11
0 0.45125 0.265 0.035 0.11625
0 0.3775 0.4 0.0275 0.11125
0 0.34 0.4025 0.02875 0.12125
0 0.6025 0.2625 0.035 0.11625
0 0.5625 0.2625 0.0375 0.12375
0 0.5225 0.26625 0.03375 0.1175
0 0.52875 0.3975 0.03375 0.1025
0 0.6425 0.26 0.03625 0.12125
0 0.45 0.5425 0.0325 0.1025
0 0.345 0.54125 0.035 0.11625
0 0.37875 0.545 0.025 0.105
0 0.41375 0.5425 0.03125 0.105
0 0.48375 0.5375 0.0325 0.10625
0 0.5225 0.53625 0.03375 0.1025
0 0.56 0.53375 0.03125 0.10375
0 0.59375 0.535 0.03125 0.10375
0 0.6325 0.53125 0.03125 0.10375
0 0.13875 0.53875 0.0275 0.11
0 0.21125 0.54125 0.0325 0.11125
0 0.24875 0.53375 0.0325 0.11125
0 0.145 0.66125 0.035 0.10625
0 0.41125 0.27 0.0325 0.11375
0 0.18375 0.66125 0.03375 0.11125
0 0.645 0.3925 0.03375 0.10375
0 0.3725 0.2675 0.0325 0.11625
0 0.85875 0.255 0.02875 0.08125
0 0.22625 0.26 0.035 0.12125
0 0.84125 0.12875 0.03 0.11
0 0.8025 0.12875 0.03375 0.11
0 0.76125 0.12625 0.0325 0.11125
0 0.64375 0.135 0.03125 0.075
0 0.6075 0.13875 0.0325 0.0725
0 0.57 0.13875 0.0275 0.07
0 0.5375 0.14 0.02875 0.06625
0 0.5 0.13875 0.03125 0.075
0 0.46625 0.14 0.02875 0.07
0 0.43125 0.1375 0.03125 0.07
0 0.395 0.13875 0.03125 0.0675
0 0.35625 0.13875 0.0325 0.07
0 0.325 0.13875 0.02375 0.07125
0 0.21625 0.135 0.03 0.06875
0 0.18125 0.1325 0.02875 0.06875
0 0.145 0.1325 0.03 0.07375
0 0.22 0.66 0.03 0.10625
0 0.74625 0.2625 0.03375 0.085
0 0.3325 0.26625 0.035 0.1175
0 0.78375 0.25625 0.03125 0.08125
0 0.74125 0.38375 0.0325 0.1025
0 0.185 0.265 0.0375 0.11625
0 0.14125 0.26625 0.03 0.10625
0 0.2375 0.4025 0.03375 0.10875
0 0.1975 0.39875 0.0375 0.11875
0 0.16 0.4 0.0275 0.115
0 0.8325 0.62625 0.0275 0.085
0 0.79625 0.625 0.0325 0.08375
0 0.76125 0.62375 0.03 0.085
0 0.72625 0.62375 0.02875 0.08875
0 0.86375 0.6225 0.0225 0.0875
0 0.84375 0.5025 0.03125 0.0875
0 0.81 0.50125 0.03125 0.0925
0 0.775 0.50375 0.035 0.09125
0 0.735 0.505 0.03 0.09875
0 0.85375 0.3825 0.03 0.095
0 0.8175 0.38125 0.03 0.10125
0 0.77875 0.38125 0.03375 0.105
0 0.82125 0.25625 0.03125 0.07875
0 0.25625 0.6625 0.03 0.10625
0 0.17375 0.54 0.0325 0.11125
0 0.3825 0.66 0.03125 0.0975
0 0.8325 0.85875 0.02375 0.065
0 0.8025 0.86 0.03 0.0725
0 0.76875 0.85875 0.02125 0.07
0 0.74125 0.86125 0.02 0.075
0 0.71125 0.8625 0.02875 0.07625
0 0.6325 0.88125 0.0325 0.08125
0 0.5975 0.88 0.02625 0.07875
0 0.5625 0.88125 0.02875 0.08
0 0.53125 0.88375 0.0275 0.0725
0 0.49875 0.88625 0.03 0.07125
0 0.46625 0.88625 0.02875 0.07375
0 0.43125 0.885 0.03 0.08
0 0.395 0.89 0.03125 0.07375
0 0.36125 0.89 0.02875 0.07625
0 0.62875 0.775 0.0325 0.09375
0 0.56 0.77625 0.03 0.105
0 0.525 0.77375 0.03125 0.105
0 0.48875 0.78125 0.03125 0.09625
0 0.45375 0.77875 0.02625 0.09625
0 0.42 0.785 0.03375 0.095
0 0.3825 0.78625 0.0325 0.09625
0 0.34875 0.785 0.0275 0.10125
0 0.265 0.88625 0.03125 0.0875
0 0.22875 0.8875 0.03 0.0825
0 0.195 0.8875 0.03125 0.0925
0 0.8625 0.85625 0.025 0.06875
0 0.72625 0.755 0.03125 0.08125
0 0.5925 0.7775 0.03 0.09875
0 0.79 0.7525 0.0275 0.0775
0 0.75875 0.755 0.025 0.075
0 0.4175 0.6575 0.0275 0.1025
0 0.4525 0.65625 0.0325 0.095
0 0.4875 0.65375 0.02625 0.095
0 0.52 0.655 0.02625 0.09375
0 0.555 0.655 0.03 0.09375
0 0.59125 0.6525 0.03375 0.09375
0 0.63625 0.65375 0.03375 0.0925
0 0.155 0.77625 0.03125 0.09125
0 0.19375 0.77625 0.035 0.08875
0 0.2325 0.775 0.0325 0.09125
0 0.26875 0.7775 0.03375 0.0875
0 0.15875 0.89125 0.03625 0.08
0 0.34875 0.66375 0.02625 0.09625
0 0.85875 0.755 0.02625 0.0725
0 0.82375 0.75125 0.025 0.08375