0 0.77125 0.2575 0.01 0.07375
0 0.82625 0.25625 0.00625 0.06625
0 0.81625 0.255 0.0075 0.07
0 0.805 0.2525 0.0075 0.07125
0 0.79375 0.25875 0.00625 0.06625
0 0.7825 0.25625 0.01 0.07625
0 0.835 0.25875 0.0075 0.05875
0 0.75125 0.2525 0.01875 0.0825
0 0.53 0.25875 0.02125 0.11
0 0.6775 0.255 0.0125 0.0925
0 0.665 0.25625 0.01125 0.09
0 0.65 0.25625 0.0175 0.08625
0 0.63125 0.25625 0.01375 0.09375
0 0.61 0.25875 0.02625 0.0925
0 0.505 0.26 0.02 0.10375
0 0.47875 0.25625 0.02875 0.10875
0 0.845 0.26 0.0075 0.0625
0 0.6925 0.2575 0.015 0.09
0 0.18125 0.4775 0.1025 0.0775
0 0.77625 0.10875 0.02375 0.12125
0 0.2675 0.465 0.0525 0.06375
0 0.8625 0.12875 0.01875 0.10625
0 0.8425 0.12 0.015 0.115
0 0.8225 0.11875 0.015 0.11
0 0.80125 0.115 0.01625 0.11375
0 0.35625 0.255 0.03125 0.12375
0 0.74875 0.10625 0.02 0.125
0 0.72375 0.1025 0.02375 0.13
0 0.695 0.09375 0.02625 0.1375
0 0.2625 0.395 0.06 0.07
0 0.66375 0.09 0.0275 0.1425
0 0.59375 0.07875 0.0325 0.14625
0 0.55625 0.07875 0.035 0.14375
0 0.5125 0.07625 0.045 0.14
0 0.4675 0.075 0.04 0.13875
0 0.4175 0.07 0.04875 0.135
0 0.3625 0.065 0.055 0.12875
0 0.3025 0.065 0.05625 0.12625
0 0.27625 0.52875 0.0525 0.06
0 0.63 0.085 0.0325 0.15125
0 0.3225 0.25875 0.025 0.12
0 0.505 0.7075 0.03125 0.02875
0 0.26 0.2625 0.0325 0.12875
0 0.265 0.915 0.05625 0.045
0 0.2625 0.85875 0.05125 0.045
0 0.25625 0.8075 0.05625 0.0375
0 0.31875 0.785 0.05125 0.05
0 0.37125 0.765 0.045 0.04125
0 0.41875 0.73875 0.04 0.04125
0 0.46375 0.7225 0.03875 0.03875
0 0.505 0.74875 0.03 0.035
0 0.18375 0.9625 0.05625 0.0525
0 0.545 0.77625 0.02625 0.0425
0 0.46375 0.76875 0.035 0.04
0 0.46625 0.8175 0.03375 0.0475
0 0.4175 0.7875 0.04125 0.03375
0 0.4225 0.8325 0.03625 0.04125
0 0.37375 0.8125 0.0425 0.04125
0 0.37375 0.8625 0.045 0.0425
0 0.32 0.8375 0.04375 0.035
0 0.32125 0.885 0.0325 0.04875
0 0.50625 0.7925 0.035 0.04125
0 0.29125 0.25875 0.02 0.12375
0 0.18125 0.905 0.06 0.0525
0 0.19375 0.78125 0.05125 0.0475
0 0.21875 0.25625 0.03875 0.1425
0 0.18125 0.25875 0.0325 0.1325
0 0.14375 0.25125 0.03 0.145
0 0.54875 0.6425 0.02625 0.0425
0 0.58625 0.63 0.03125 0.0475
0 0.6175 0.615 0.02375 0.045
0 0.6175 0.6675 0.03625 0.02875
0 0.5825 0.67375 0.02625 0.03125
0 0.1775 0.845 0.07 0.04625
0 0.545 0.6925 0.03375 0.04
0 0.6175 0.70125 0.02875 0.02875
0 0.61 0.7425 0.015 0.03375
0 0.57875 0.75875 0.02375 0.03
0 0.5475 0.7325 0.02625 0.0275
0 0.47 0.67625 0.03 0.0325
0 0.4225 0.69 0.03375 0.0375
0 0.3725 0.71625 0.035 0.04375
0 0.2575 0.755 0.05125 0.04625
0 0.5825 0.71625 0.03125 0.0375
0 0.39125 0.25625 0.02625 0.125
0 0.32 0.73125 0.0425 0.045
0 0.8675 0.45625 0.015 0.03125
0 0.18875 0.7175 0.0675 0.04625
0 0.2575 0.695 0.05375 0.0525
0 0.32 0.675 0.055 0.05375
0 0.37625 0.65625 0.045 0.06125
0 0.42125 0.64 0.03875 0.05375
0 0.47125 0.625 0.04 0.0575
0 0.51 0.65625 0.03375 0.0525
0 0.8625 0.5275 0.01875 0.02875
0 0.6725 0.64 0.025 0.03125
0 0.76625 0.6625 0.01125 0.025
0 0.64625 0.6425 0.0225 0.035
0 0.7575 0.5625 0.0175 0.03375
0 0.735 0.57625 0.01875 0.03375
0 0.70875 0.5875 0.01875 0.03625
0 0.6825 0.59375 0.02375 0.03375
0 0.65 0.60375 0.01875 0.02625
0 0.78375 0.51625 0.015 0.0275
0 0.7625 0.525 0.01375 0.03
0 0.74125 0.53125 0.0225 0.02625
0 0.84625 0.3775 0.0575 0.04125
0 0.7775 0.55375 0.015 0.02875
0 0.845 0.33625 0.05875 0.04
0 0.74625 0.67125 0.015 0.0325
0 0.69625 0.69875 0.01875 0.03
0 0.84 0.53375 0.0175 0.025
0 0.865 0.4925 0.0175 0.03
0 0.8425 0.5 0.01875 0.0275
0 0.85125 0.56125 0.01625 0.02375
0 0.84375 0.46375 0.02 0.0275
0 0.845 0.415 0.05875 0.0325
0 0.83 0.60125 0.015 0.0275
0 0.85125 0.59125 0.015 0.02625
0 0.64 0.72625 0.01875 0.02875
0 0.72375 0.68375 0.01875 0.0325
0 0.64625 0.685 0.01375 0.02625
0 0.67375 0.67625 0.01875 0.02375
0 0.6975 0.66375 0.015 0.0225
0 0.725 0.65 0.01625 0.02875
0 0.7475 0.6375 0.01625 0.02375
0 0.76875 0.62875 0.01125 0.02875
0 0.775 0.5925 0.01125 0.0275
0 0.7525 0.60375 0.0175 0.01875
0 0.73 0.615 0.0175 0.02
0 0.705 0.63 0.01625 0.02625
0 0.67 0.71375 0.02 0.0325
0 0.79625 0.42125 0.0175 0.0275
0 0.8325 0.5675 0.01375 0.0275
0 0.79875 0.37875 0.01875 0.0325
0 0.335 0.52125 0.0525 0.06125
0 0.38875 0.505 0.04625 0.055
0 0.77625 0.4225 0.01375 0.0375
0 0.335 0.4525 0.05875 0.0625
0 0.1825 0.55625 0.1125 0.07375
0 0.8125 0.60625 0.01125 0.025
0 0.79375 0.61875 0.0175 0.0275
0 0.43375 0.43625 0.12125 0.05625
0 0.79625 0.5825 0.015 0.035
0 0.81375 0.57375 0.01625 0.02875
0 0.23875 0.05875 0.06375 0.11375
0 0.82875 0.63375 0.015 0.025
0 0.47625 0.495 0.10375 0.05875
0 0.17125 0.05625 0.0675 0.1075
0 0.78875 0.6525 0.015 0.03
0 0.79 0.47875 0.01625 0.04
0 0.76875 0.485 0.0175 0.0325
0 0.74 0.495 0.0275 0.0375
0 0.71625 0.54125 0.0225 0.02875
0 0.61 0.41 0.13625 0.04375
0 0.61625 0.4625 0.12625 0.05875
0 0.72375 0.38875 0.0775 0.045
0 0.8475 0.6225 0.0125 0.02875
0 0.81 0.64125 0.01375 0.02875
0 0.77625 0.38125 0.02125 0.035
0 0.72625 0.43625 0.0775 0.04625