0 0.4325 0.2075 0.01875 0.08875
0 0.45375 0.20875 0.02 0.09125
0 0.37875 0.34375 0.1275 0.1125
0 0.71125 0.68 0.01875 0.06
0 0.47875 0.57375 0.0275 0.08
0 0.4425 0.58375 0.0325 0.08375
0 0.40625 0.5925 0.0325 0.1
0 0.36875 0.60625 0.0375 0.0975
0 0.325 0.62 0.04125 0.09875
0 0.27625 0.63875 0.04875 0.1
0 0.22625 0.6575 0.0475 0.11375
0 0.16625 0.67625 0.05875 0.1075
0 0.73125 0.495 0.0175 0.065
0 0.71 0.50125 0.02125 0.06625
0 0.66875 0.5125 0.02125 0.06875
0 0.64625 0.52125 0.02 0.0675
0 0.73 0.40625 0.01875 0.0675
0 0.71 0.41125 0.01875 0.06375
0 0.6875 0.415 0.02 0.065
0 0.6625 0.42 0.0225 0.06625
0 0.63625 0.4275 0.025 0.06625
0 0.6125 0.43125 0.0175 0.07875
0 0.5875 0.44 0.0225 0.07125
0 0.73375 0.67125 0.0175 0.06125
0 0.53 0.45125 0.03 0.07375
0 0.50125 0.45875 0.0225 0.0825
0 0.4675 0.46375 0.035 0.07875
0 0.43125 0.4725 0.03125 0.08125
0 0.38875 0.47875 0.03625 0.09375
0 0.35 0.48625 0.03875 0.08875
0 0.3025 0.4975 0.05 0.09875
0 0.51 0.565 0.02625 0.07375
0 0.54 0.5525 0.02625 0.0725
0 0.56875 0.54625 0.02625 0.075
0 0.59375 0.5375 0.02 0.07125
0 0.415 0.20875 0.01625 0.09125
0 0.39625 0.2075 0.01875 0.095
0 0.37375 0.20625 0.02 0.09875
0 0.355 0.20625 0.015 0.09875
0 0.3325 0.20625 0.02125 0.10375
0 0.30375 0.19625 0.0275 0.12875
0 0.26625 0.20375 0.0425 0.1025
0 0.22125 0.20375 0.04125 0.1075
0 0.18375 0.2275 0.0275 0.06125
0 0.14875 0.2275 0.03125 0.0625
0 0.42125 0.70625 0.035 0.095
0 0.3825 0.725 0.0375 0.09875
0 0.33875 0.73875 0.0425 0.10125
0 0.25 0.51125 0.0525 0.105
0 0.2925 0.76 0.0475 0.10625
0 0.1525 0.8275 0.055 0.11625
0 0.49 0.6775 0.0275 0.085
0 0.4575 0.69125 0.03125 0.0825
0 0.52125 0.665 0.03 0.07625
0 0.55 0.65375 0.02625 0.075
0 0.57625 0.64125 0.0225 0.07375
0 0.60125 0.63 0.02125 0.07
0 0.62375 0.61875 0.0225 0.0675
0 0.6475 0.61 0.02 0.06375
0 0.67 0.6 0.01875 0.0625
0 0.69 0.59 0.01875 0.0625
0 0.7125 0.58125 0.01875 0.05625
0 0.62 0.53 0.025 0.06875
0 0.22375 0.7925 0.08125 0.1225
0 0.1925 0.52 0.055 0.10625
0 0.56 0.44375 0.02875 0.07125
0 0.24625 0.36125 0.0575 0.11
0 0.2 0.045 0.06625 0.09
0 0.145 0.04 0.04 0.08
0 0.585 0.0825 0.015 0.11
0 0.5625 0.07625 0.0225 0.11375
0 0.535 0.07 0.02375 0.11875
0 0.5075 0.0675 0.02125 0.11875
0 0.61 0.08625 0.02375 0.1075
0 0.1425 0.52875 0.035 0.11
0 0.66375 0.11 0.025 0.075
0 0.69 0.11375 0.0225 0.07375
0 0.71 0.1175 0.01375 0.06875
0 0.7275 0.1225 0.01875 0.06625
0 0.755 0.12375 0.015 0.06375
0 0.26875 0.05 0.0625 0.1
0 0.1775 0.95625 0.0925 0.0875
0 0.3275 0.89625 0.0425 0.08875
0 0.3725 0.87375 0.04125 0.085
0 0.41375 0.85 0.03625 0.08125
0 0.45 0.83125 0.03125 0.07625
0 0.485 0.815 0.0275 0.07875
0 0.515 0.795 0.0275 0.075
0 0.545 0.78125 0.025 0.07125
0 0.57375 0.7625 0.0225 0.06875
0 0.60125 0.74875 0.02125 0.06875
0 0.64625 0.72125 0.02 0.06125
0 0.62375 0.7325 0.02125 0.0675
0 0.66875 0.71 0.0175 0.07
0 0.68875 0.695 0.0175 0.06875
0 0.26625 0.92625 0.07125 0.1125
0 0.31875 0.0525 0.03125 0.10375
0 0.635 0.08875 0.02125 0.10625
0 0.39 0.06125 0.035 0.1025
0 0.18375 0.36625 0.05875 0.11
0 0.13875 0.36875 0.02625 0.1125
0 0.49625 0.3425 0.02875 0.08125
0 0.355 0.055 0.0325 0.10875
0 0.56 0.33375 0.025 0.085
0 0.53 0.33375 0.02875 0.0825
0 0.59 0.33 0.02375 0.08
0 0.61625 0.32625 0.025 0.075
0 0.64125 0.32625 0.02375 0.07
0 0.66625 0.32375 0.0225 0.07125
0 0.69125 0.32125 0.01875 0.0675
0 0.71125 0.31875 0.01625 0.065
0 0.73 0.31625 0.01625 0.0625
0 0.4625 0.345 0.03125 0.08
0 0.61 0.215 0.025 0.08125
0 0.425 0.06625 0.03125 0.105
0 0.6375 0.215 0.0275 0.0775
0 0.45625 0.0725 0.02625 0.09875
0 0.75 0.22125 0.01875 0.06625
0 0.72875 0.22125 0.02 0.06625
0 0.70625 0.22125 0.02125 0.0675
0 0.48375 0.0775 0.025 0.09375
0 0.665 0.21875 0.01625 0.07375
0 0.48625 0.20875 0.03625 0.09375
0 0.52 0.2125 0.02875 0.09
0 0.55125 0.2125 0.03 0.0875
0 0.5825 0.21375 0.02625 0.08375
0 0.68375 0.22 0.01625 0.06875