0 0.855 0.665 0.03875 0.1125
0 0.775 0.68125 0.04375 0.10625
0 0.66 0.6325 0.03375 0.0975
0 0.62125 0.635 0.03125 0.0975
0 0.5575 0.6375 0.0325 0.09875
0 0.52125 0.64125 0.03 0.10125
0 0.4875 0.645 0.02375 0.09875
0 0.37875 0.6575 0.03375 0.1025
0 0.415 0.6625 0.03 0.08875
0 0.2025 0.6325 0.0425 0.09625
0 0.2525 0.6275 0.04 0.10125
0 0.29875 0.62875 0.03375 0.0975
0 0.74125 0.56875 0.02875 0.07125
0 0.21 0.75 0.03125 0.08875
0 0.24375 0.7475 0.03 0.09125
0 0.4525 0.64875 0.02875 0.09375
0 0.1725 0.74875 0.03125 0.09875
0 0.65625 0.53875 0.03 0.06625
0 0.855 0.5575 0.03375 0.06375
0 0.27625 0.745 0.03125 0.09375
0 0.40875 0.54875 0.03125 0.0775
0 0.43875 0.5475 0.0225 0.07375
0 0.37625 0.55 0.025 0.07875
0 0.285 0.5125 0.0275 0.1
0 0.46875 0.53375 0.02375 0.065
0 0.49875 0.54375 0.02375 0.06875
0 0.53125 0.53875 0.02625 0.07625
0 0.5575 0.5225 0.01875 0.06375
0 0.59625 0.5375 0.03 0.0725
0 0.73875 0.4625 0.02 0.085
0 0.765 0.46 0.02125 0.07625
0 0.795 0.45875 0.03125 0.09375
0 0.82625 0.4575 0.0225 0.085
0 0.85875 0.465 0.03125 0.07125
0 0.77125 0.56125 0.03125 0.06375
0 0.30375 0.7475 0.02125 0.08
0 0.445 0.8525 0.02375 0.05125
0 0.4075 0.77625 0.02625 0.0675
0 0.13625 0.85875 0.0225 0.09375
0 0.1675 0.8625 0.035 0.08875
0 0.2075 0.85625 0.03875 0.09375
0 0.2475 0.85375 0.03375 0.0975
0 0.36 0.45125 0.035 0.06875
0 0.395 0.45 0.0225 0.06375
0 0.425 0.44625 0.03125 0.0775
0 0.46 0.44125 0.0275 0.085
0 0.49125 0.44625 0.025 0.07875
0 0.52125 0.44 0.025 0.07875
0 0.5575 0.445 0.0325 0.07375
0 0.245 0.50875 0.0475 0.1025
0 0.65 0.44 0.02875 0.0675
0 0.61625 0.4425 0.015 0.06375
0 0.59125 0.4425 0.02625 0.06375
0 0.28375 0.85375 0.0325 0.0925
0 0.38625 0.8575 0.02 0.05875
0 0.415 0.85375 0.02375 0.05625
0 0.47625 0.85 0.03 0.05875
0 0.43625 0.775 0.0225 0.08
0 0.4675 0.7725 0.02 0.07375
0 0.49625 0.77 0.02375 0.07375
0 0.53 0.76625 0.03 0.07125
0 0.59875 0.75375 0.03125 0.09125
0 0.6375 0.7525 0.03625 0.08125
0 0.7425 0.79125 0.04125 0.10625
0 0.37625 0.7775 0.02 0.06625
0 0.78875 0.78875 0.03875 0.1025
0 0.85875 0.805 0.03125 0.05
0 0.6575 0.83625 0.03125 0.05375
0 0.6225 0.83375 0.02375 0.05875
0 0.59625 0.84 0.01875 0.0575
0 0.56375 0.84 0.025 0.0575
0 0.535 0.8475 0.025 0.0575
0 0.505 0.84625 0.025 0.05375
0 0.825 0.8025 0.02 0.05375
0 0.1575 0.5125 0.05875 0.10375
0 0.55375 0.32875 0.03375 0.07625
0 0.23625 0.39 0.04625 0.11375
0 0.27 0.2525 0.04625 0.11375
0 0.2225 0.255 0.04375 0.10875
0 0.17375 0.26 0.045 0.09875
0 0.13625 0.2575 0.02125 0.10625
0 0.865 0.12875 0.01875 0.06625
0 0.8375 0.125 0.02625 0.08
0 0.8075 0.12375 0.02125 0.075
0 0.65375 0.11 0.035 0.08125
0 0.61375 0.1075 0.03 0.08125
0 0.5775 0.10625 0.0275 0.09
0 0.5425 0.1075 0.035 0.09125
0 0.50875 0.11 0.0275 0.08625
0 0.47375 0.10875 0.02875 0.0825
0 0.44 0.1075 0.03125 0.08625
0 0.405 0.10875 0.03125 0.0825
0 0.33625 0.10875 0.0325 0.08625
0 0.2625 0.12 0.035 0.10875
0 0.2225 0.1225 0.03625 0.1075
0 0.18125 0.12125 0.03625 0.11375
0 0.14125 0.12 0.0325 0.10875
0 0.28125 0.3825 0.0425 0.10875
0 0.34375 0.2275 0.0275 0.0875
0 0.37625 0.22625 0.025 0.07875
0 0.37 0.1075 0.02875 0.085
0 0.44875 0.22375 0.02375 0.0825
0 0.4125 0.22375 0.03375 0.08875
0 0.14125 0.38 0.03125 0.095
0 0.35 0.33375 0.02125 0.075
0 0.38 0.33375 0.02375 0.0725
0 0.18375 0.39 0.0475 0.10125
0 0.45125 0.33625 0.03125 0.075
0 0.4775 0.32375 0.01875 0.0775
0 0.51 0.32 0.03625 0.07875
0 0.5875 0.335 0.03125 0.06875
0 0.6375 0.33375 0.06375 0.07
0 0.7975 0.33125 0.02375 0.07125
0 0.41125 0.34 0.0325 0.0825
0 0.8675 0.33 0.0125 0.0775
0 0.8275 0.33375 0.02875 0.0775
0 0.51375 0.2225 0.03 0.08
0 0.48 0.22625 0.02875 0.07875
0 0.635 0.225 0.065 0.0775
0 0.75 0.2325 0.0275 0.07375
0 0.5475 0.225 0.03125 0.0775
0 0.8125 0.23375 0.025 0.07875
0 0.84 0.23375 0.0275 0.07625
0 0.8675 0.23125 0.015 0.07375
0 0.78125 0.23125 0.0275 0.08375