0 0.395 0.80125 0.04 0.035
0 0.26125 0.8175 0.01875 0.07
0 0.28 0.81875 0.0175 0.0675
0 0.31875 0.80875 0.03625 0.02125
0 0.32 0.7775 0.0375 0.03875
0 0.32 0.8375 0.03625 0.035
0 0.35875 0.80125 0.03 0.03375
0 0.24 0.81375 0.015 0.0675
0 0.3775 0.77375 0.03125 0.02
0 0.225 0.81125 0.0125 0.0725
0 0.27125 0.71625 0.0175 0.06375
0 0.68875 0.72 0.075 0.06875
0 0.6125 0.715 0.07625 0.0775
0 0.5375 0.71 0.0725 0.07
0 0.465 0.70875 0.07 0.07375
0 0.39625 0.70625 0.06375 0.0675
0 0.3275 0.70375 0.065 0.07
0 0.25125 0.7175 0.0225 0.0625
0 0.22875 0.715 0.01875 0.0725
0 0.7575 0.625 0.03625 0.0725
0 0.69875 0.6225 0.07875 0.065
0 0.4325 0.78625 0.03 0.03625
0 0.62 0.61875 0.07875 0.07125
0 0.74875 0.725 0.04125 0.07875
0 0.47 0.78625 0.03875 0.035
0 0.47 0.8475 0.03625 0.03625
0 0.55 0.79125 0.0375 0.035
0 0.54125 0.615 0.07875 0.0625
0 0.75125 0.86625 0.04 0.03875
0 0.7075 0.86625 0.04 0.0375
0 0.66125 0.86 0.03875 0.0425
0 0.6225 0.85875 0.03625 0.04
0 0.58375 0.85375 0.0375 0.03625
0 0.545 0.8525 0.03625 0.03875
0 0.5075 0.84875 0.03625 0.03875
0 0.43125 0.845 0.03625 0.04125
0 0.39375 0.84125 0.03625 0.03375
0 0.35875 0.84 0.03 0.03625
0 0.51 0.7875 0.04 0.0375
0 0.435 0.81375 0.03875 0.0175
0 0.51125 0.81875 0.0375 0.01875
0 0.54875 0.82125 0.0375 0.02375
0 0.58875 0.825 0.04 0.01625
0 0.62875 0.8275 0.04 0.02125
0 0.71125 0.83375 0.04 0.02375
0 0.75375 0.83625 0.04375 0.02
0 0.75375 0.80375 0.0375 0.035
0 0.71125 0.8025 0.04125 0.03625
0 0.67125 0.79875 0.03875 0.0425
0 0.63 0.79625 0.04 0.0375
0 0.59125 0.795 0.0375 0.04
0 0.4725 0.8175 0.035 0.02375
0 0.465 0.61125 0.07125 0.06875
0 0.67 0.83 0.04125 0.015
0 0.3175 0.60625 0.07 0.07
0 0.56875 0.19625 0.04375 0.03625
0 0.5225 0.1975 0.04625 0.03625
0 0.43 0.2 0.04375 0.03625
0 0.385 0.20125 0.045 0.035
0 0.3425 0.20375 0.03875 0.0375
0 0.30125 0.2025 0.04125 0.03875
0 0.3025 0.16375 0.04125 0.0325
0 0.345 0.16375 0.045 0.03125
0 0.3875 0.1625 0.04 0.03625
0 0.4325 0.1625 0.0475 0.03625
0 0.47875 0.16 0.045 0.04
0 0.52625 0.15875 0.04875 0.035
0 0.57375 0.15625 0.045 0.04
0 0.62 0.1525 0.045 0.03375
0 0.6125 0.195 0.04375 0.03875
0 0.66875 0.15 0.05125 0.0375
0 0.72 0.15 0.04875 0.03875
0 0.7625 0.15 0.03625 0.04
0 0.7625 0.11 0.03625 0.04
0 0.71625 0.11125 0.05 0.03875
0 0.6675 0.1125 0.04375 0.0375
0 0.6175 0.115 0.05 0.04125
0 0.57125 0.12125 0.04 0.0275
0 0.52375 0.11875 0.04875 0.04
0 0.4775 0.12125 0.0425 0.035
0 0.4325 0.12375 0.045 0.03875
0 0.3875 0.125 0.04375 0.03625
0 0.34375 0.1275 0.04375 0.04
0 0.30125 0.13 0.04 0.03625
0 0.24875 0.1725 0.035 0.09875
0 0.39 0.61 0.07375 0.06375
0 0.6625 0.1925 0.05125 0.035
0 0.475 0.19875 0.045 0.0325
0 0.76125 0.19125 0.03625 0.0375
0 0.65375 0.505 0.08625 0.09125
0 0.57 0.50375 0.0825 0.08875
0 0.48875 0.5025 0.07625 0.0875
0 0.40875 0.5 0.08125 0.0825
0 0.32875 0.49875 0.07875 0.085
0 0.73375 0.39625 0.07125 0.0975
0 0.32 0.3975 0.07625 0.0825
0 0.40125 0.39625 0.08375 0.08375
0 0.4825 0.39625 0.07875 0.08375
0 0.65375 0.3975 0.085 0.08875
0 0.56625 0.3975 0.0875 0.0825
0 0.7125 0.19125 0.05 0.03875
0 0.73875 0.5075 0.0825 0.08875
0 0.23 0.525 0.0225 0.05875
0 0.2325 0.62375 0.015 0.0625
0 0.23125 0.41875 0.025 0.07875
0 0.69625 0.31375 0.06375 0.035
0 0.62875 0.31625 0.065 0.035
0 0.75375 0.27375 0.0525 0.03875
0 0.695 0.275 0.06375 0.0375
0 0.56625 0.31625 0.0625 0.035
0 0.63 0.27625 0.06375 0.04
0 0.565 0.28125 0.0625 0.035
0 0.50125 0.28125 0.06375 0.03625
0 0.43875 0.28 0.06 0.0375
0 0.3775 0.28 0.06 0.0375
0 0.50375 0.3175 0.06 0.03375
0 0.3175 0.2825 0.06125 0.035
0 0.315 0.32 0.05875 0.03875
0 0.75375 0.3125 0.05125 0.03625
0 0.44 0.31875 0.06 0.035
0 0.3775 0.32 0.06375 0.03875