0 0.22875 0.26875 0.035 0.0825
0 0.65625 0.2525 0.02125 0.11125
0 0.1875 0.4725 0.02375 0.06125
0 0.165 0.47125 0.0225 0.0625
0 0.34125 0.27 0.0225 0.09
0 0.385 0.7375 0.01875 0.05125
0 0.58 0.26375 0.02625 0.09375
0 0.3675 0.26875 0.03 0.09375
0 0.48875 0.265 0.0275 0.09625
0 0.685 0.255 0.03125 0.11875
0 0.42875 0.26875 0.03 0.0925
0 0.45875 0.26375 0.02625 0.0975
0 0.52 0.26625 0.03375 0.09375
0 0.55125 0.265 0.02875 0.0925
0 0.13875 0.47 0.02375 0.06
0 0.7175 0.26 0.03 0.105
0 0.39875 0.27 0.02625 0.09
0 0.215 0.47375 0.0275 0.06375
0 0.21125 0.375 0.02375 0.0675
0 0.34 0.39375 0.03125 0.0875
0 0.08375 0.37125 0.02125 0.07875
0 0.06 0.37375 0.02625 0.07375
0 0.93 0.375 0.03375 0.10875
0 0.89625 0.375 0.03375 0.10875
0 0.8575 0.3925 0.035 0.04625
0 0.81875 0.38375 0.035 0.09875
0 0.1075 0.37 0.02375 0.0775
0 0.785 0.38375 0.03125 0.1
0 0.7225 0.385 0.03 0.0975
0 0.6875 0.38375 0.035 0.09875
0 0.65625 0.38625 0.03 0.09375
0 0.58 0.39375 0.0275 0.085
0 0.55125 0.39375 0.02875 0.085
0 0.52125 0.39375 0.0325 0.0875
0 0.7525 0.38375 0.03125 0.09875
0 0.13125 0.37125 0.02375 0.075
0 0.15875 0.37125 0.03 0.0775
0 0.185 0.3725 0.0225 0.0775
0 0.37 0.39 0.03 0.0925
0 0.4025 0.39 0.03125 0.09125
0 0.43125 0.39 0.02875 0.09
0 0.4625 0.39125 0.0325 0.0925
0 0.49125 0.39375 0.02625 0.0875
0 0.02 0.27625 0.02625 0.08125
0 0.04625 0.27625 0.025 0.0775
0 0.0725 0.27625 0.025 0.0775
0 0.0975 0.2775 0.0225 0.075
0 0.1225 0.27625 0.025 0.0725
0 0.1475 0.27125 0.025 0.07875
0 0.17375 0.27125 0.02625 0.08
0 0.19875 0.27125 0.0225 0.08125
0 0.23625 0.37625 0.02625 0.06375
0 0.11625 0.4625 0.0225 0.07125
0 0.2425 0.47125 0.02625 0.065
0 0.09 0.46375 0.02625 0.075
0 0.92375 0.49625 0.03375 0.095
0 0.1325 0.55125 0.025 0.06125
0 0.54625 0.6125 0.02125 0.05875
0 0.56875 0.61375 0.02125 0.06
0 0.67875 0.61875 0.03125 0.08875
0 0.71125 0.62 0.03 0.08375
0 0.7425 0.6225 0.03 0.0825
0 0.7725 0.62125 0.0275 0.08625
0 0.8025 0.62125 0.0325 0.0875
0 0.8375 0.62125 0.035 0.08875
0 0.885 0.6225 0.035 0.08625
0 0.9225 0.6225 0.03375 0.08625
0 0.105 0.55125 0.025 0.06
0 0.065 0.46875 0.0225 0.07
0 0.16125 0.5525 0.03125 0.06375
0 0.65125 0.62 0.01875 0.0875
0 0.96625 0.24375 0.02875 0.10875
0 0.93375 0.245 0.03375 0.1125
0 0.8975 0.24875 0.03625 0.11375
0 0.8575 0.2475 0.0325 0.11625
0 0.8225 0.2475 0.035 0.115
0 0.52375 0.61375 0.02375 0.0575
0 0.78625 0.25 0.035 0.1175
0 0.5 0.6125 0.02 0.05625
0 0.26 0.7325 0.02625 0.06625
0 0.565 0.73625 0.025 0.0675
0 0.65125 0.74875 0.02375 0.06125
0 0.67625 0.75 0.0225 0.05875
0 0.7025 0.75375 0.02625 0.06125
0 0.73 0.75375 0.025 0.0625
0 0.75875 0.75375 0.0275 0.0625
0 0.7875 0.75 0.02625 0.06875
0 0.81625 0.74875 0.02625 0.06375
0 0.84625 0.76 0.025 0.06
0 0.875 0.7625 0.02875 0.06375
0 0.9075 0.75625 0.0275 0.06125
0 0.34125 0.61 0.02 0.0575
0 0.23375 0.73125 0.015 0.05625
0 0.36375 0.60875 0.02 0.06
0 0.385 0.6075 0.0225 0.05875
0 0.40875 0.60875 0.0225 0.0575
0 0.43125 0.61 0.0225 0.05875
0 0.45375 0.61 0.0225 0.0575
0 0.4775 0.6125 0.02 0.0575
0 0.08125 0.63375 0.0275 0.06
0 0.53875 0.73375 0.0225 0.0675
0 0.75125 0.255 0.03375 0.11
0 0.23 0.55375 0.01875 0.0625
0 0.5775 0.4975 0.0275 0.0925
0 0.65625 0.49875 0.0275 0.09125
0 0.68375 0.49875 0.0275 0.08875
0 0.71375 0.4975 0.03125 0.09
0 0.105 0.63375 0.0175 0.06
0 0.12875 0.63625 0.02375 0.0625
0 0.1525 0.6325 0.02125 0.06875
0 0.17625 0.63625 0.0225 0.05875
0 0.2025 0.63875 0.0275 0.0625
0 0.22875 0.6375 0.02125 0.0625
0 0.255 0.6375 0.025 0.06125
0 0.365 0.73625 0.02 0.0525
0 0.74625 0.5 0.03 0.09125
0 0.77875 0.4975 0.03625 0.09375
0 0.81375 0.4975 0.03125 0.09375
0 0.84625 0.5 0.0325 0.09
0 0.88625 0.495 0.03625 0.09375
0 0.5525 0.5 0.0225 0.0875
0 0.20625 0.55 0.02375 0.065
0 0.51375 0.7375 0.02625 0.0625
0 0.44625 0.7375 0.01875 0.0475
0 0.465 0.5 0.03125 0.07875
0 0.49375 0.5 0.025 0.08125
0 0.52375 0.5 0.0325 0.085
0 0.48875 0.73625 0.02125 0.0575
0 0.46625 0.73875 0.02 0.05125
0 0.37875 0.50125 0.0275 0.08
0 0.2125 0.73125 0.02375 0.05625
0 0.435 0.5 0.02875 0.07875
0 0.1875 0.73125 0.02375 0.05625
0 0.1425 0.72875 0.0225 0.06
0 0.12 0.7275 0.0175 0.05875
0 0.0975 0.72625 0.02375 0.06
0 0.42625 0.7375 0.02 0.04875
0 0.35 0.50125 0.03 0.0825
0 0.255 0.55375 0.02625 0.06375
0 0.40625 0.74125 0.01875 0.0525
0 0.16375 0.72875 0.01875 0.05875
0 0.4075 0.50125 0.0275 0.07875