0 0.62 0.445 0.035 0.07875
0 0.58625 0.44625 0.0325 0.08125
0 0.6675 0.44625 0.0325 0.0575
0 0.555 0.45875 0.0275 0.06
0 0.49125 0.46125 0.03125 0.0625
0 0.3575 0.45375 0.01875 0.0475
0 0.4325 0.465 0.03125 0.0675
0 0.39375 0.46125 0.03875 0.08125
0 0.74625 0.3425 0.015 0.01875
0 0.7625 0.36125 0.015 0.01875
0 0.745 0.3625 0.015 0.01875
0 0.72 0.43 0.03875 0.06625
0 0.4575 0.4575 0.015 0.05625
0 0.76375 0.3425 0.0175 0.01875
0 0.3575 0.91875 0.015 0.015
0 0.165 0.9225 0.08 0.1025
0 0.24125 0.90875 0.0675 0.1075
0 0.29375 0.89375 0.01625 0.015
0 0.3125 0.89 0.01625 0.015
0 0.33 0.885 0.01625 0.015
0 0.3475 0.8825 0.01625 0.015
0 0.30125 0.91375 0.01625 0.015
0 0.30625 0.93 0.01625 0.015
0 0.3225 0.92625 0.015 0.015
0 0.33875 0.9225 0.015 0.015
0 0.7125 0.3425 0.03125 0.0675
0 0.37125 0.84875 0.01625 0.01375
0 0.54375 0.68125 0.0275 0.05375
0 0.7525 0.08 0.06125 0.15
0 0.38875 0.8475 0.01625 0.01375
0 0.665 0.34375 0.0375 0.06625
0 0.51 0.35125 0.035 0.07375
0 0.58 0.32875 0.0325 0.03375
0 0.40625 0.84125 0.01625 0.01375
0 0.4225 0.84 0.01625 0.01375
0 0.3725 0.8625 0.0125 0.00875
0 0.38875 0.86 0.0125 0.00875
0 0.28 0.725 0.0275 0.04
0 0.30625 0.71375 0.02375 0.03875
0 0.335 0.715 0.02875 0.04
0 0.7875 0.94 0.0475 0.05375
0 0.70375 0.69 0.035 0.01625
0 0.70375 0.67375 0.035 0.0125
0 0.70625 0.64375 0.03625 0.015
0 0.2525 0.725 0.025 0.04125
0 0.7125 0.625 0.03375 0.02125
0 0.59875 0.665 0.03125 0.075
0 0.57 0.6775 0.0225 0.05625
0 0.3525 0.09125 0.04625 0.12375
0 0.41625 0.095 0.075 0.11625
0 0.48 0.10625 0.04875 0.08875
0 0.5225 0.11125 0.03375 0.0825
0 0.595 0.12625 0.065 0.0525
0 0.365 0.71125 0.03 0.04
0 0.4525 0.6875 0.0425 0.0575
0 0.4925 0.68875 0.02375 0.0475
0 0.51625 0.685 0.0225 0.05375
0 0.63 0.66 0.03125 0.0725
0 0.6125 0.3275 0.0325 0.03375
0 0.22125 0.73125 0.03 0.04
0 0.72 0.725 0.02625 0.04375
0 0.57875 0.36375 0.0325 0.03375
0 0.6125 0.3625 0.0325 0.03375
0 0.54375 0.35625 0.035 0.0575
0 0.47375 0.36 0.0325 0.0575
0 0.43625 0.35625 0.03875 0.07125
0 0.39875 0.365 0.03375 0.0625
0 0.3325 0.47375 0.03 0.07
0 0.29625 0.4675 0.0375 0.0825
0 0.2575 0.47875 0.035 0.07
0 0.22125 0.48 0.03375 0.0675
0 0.19 0.455 0.025 0.04875
0 0.14875 0.735 0.045 0.05
0 0.14375 0.485 0.0375 0.07125
0 0.68125 0.54375 0.03 0.07125
0 0.6525 0.5525 0.025 0.05
0 0.63125 0.55125 0.015 0.05125
0 0.61 0.57 0.02625 0.05625
0 0.5825 0.5725 0.02625 0.0575
0 0.55 0.58375 0.035 0.04375
0 0.51375 0.58625 0.03625 0.0375
0 0.54375 0.54 0.03625 0.03875
0 0.69375 0.1025 0.05375 0.105
0 0.65125 0.735 0.03 0.04875
0 0.6925 0.72875 0.02625 0.04375
0 0.715 0.55375 0.035 0.0575
0 0.64875 0.11375 0.0375 0.07625
0 0.705 0.65875 0.035 0.015
0 0.25125 0.085 0.0475 0.12875
0 0.13 0.57 0.00875 0.05
0 0.35875 0.35875 0.03875 0.0775
0 0.3175 0.36875 0.0375 0.065
0 0.275 0.3625 0.04125 0.0775
0 0.15 0.36875 0.05 0.0775
0 0.19625 0.36625 0.03 0.0575
0 0.23375 0.3775 0.03625 0.04375
0 0.41875 0.2425 0.03375 0.0775
0 0.82375 0.24375 0.05375 0.07625
0 0.855 0.36 0.04 0.08375
0 0.81125 0.345 0.045 0.10625
0 0.83125 0.5 0.0375 0.06125
0 0.79 0.4825 0.03875 0.07625
0 0.86 0.65375 0.03 0.09125
0 0.13875 0.57 0.00875 0.05
0 0.77375 0.60375 0.03875 0.0725
0 0.8 0.71125 0.04 0.06125
0 0.85125 0.865 0.0475 0.09125
0 0.8 0.8325 0.045 0.03625
0 0.22625 0.62 0.04875 0.0175
0 0.27625 0.615 0.04625 0.0225
0 0.32625 0.5975 0.0525 0.07125
0 0.35875 0.57375 0.0075 0.0975
0 0.3675 0.56875 0.00875 0.09875
0 0.3775 0.57 0.01 0.09625
0 0.3875 0.56875 0.01 0.095
0 0.42 0.55875 0.05125 0.04625
0 0.42375 0.595 0.04875 0.02
0 0.4725 0.56625 0.0425 0.09375
0 0.50875 0.5425 0.03125 0.035
0 0.82125 0.6275 0.045 0.07625
0 0.71125 0.81125 0.01125 0.01625
0 0.14875 0.57 0.00875 0.05
0 0.30125 0.08625 0.04875 0.13125
0 0.46375 0.75625 0.0275 0.03
0 0.57 0.755 0.0325 0.05
0 0.59875 0.735 0.01875 0.03125
0 0.6225 0.73875 0.03 0.04625
0 0.435 0.7625 0.02375 0.02375
0 0.34625 0.80125 0.02375 0.03625
0 0.31875 0.805 0.02375 0.035
0 0.295 0.81125 0.02375 0.035
0 0.26875 0.8175 0.02375 0.035
0 0.22125 0.8125 0.0375 0.05
0 0.27375 0.59125 0.04875 0.02
0 0.22375 0.6 0.04875 0.015
0 0.18 0.82 0.04 0.0625
0 0.1425 0.82375 0.03375 0.06625
0 0.16 0.57 0.00875 0.05
0 0.715 0.77875 0.0125 0.00875
0 0.18125 0.25875 0.05125 0.0475
0 0.21875 0.25375 0.0175 0.05625
0 0.25125 0.24125 0.0425 0.08
0 0.29375 0.2525 0.04 0.06625
0 0.3375 0.2425 0.045 0.085
0 0.38 0.2525 0.03875 0.06875
0 0.7 0.78125 0.0125 0.00875
0 0.67125 0.7875 0.0125 0.00875
0 0.65625 0.78875 0.01125 0.00625
0 0.6425 0.7925 0.015 0.0075
0 0.27375 0.57 0.04375 0.02
0 0.22125 0.58375 0.05 0.0175
0 0.18875 0.56625 0.00875 0.05
0 0.17875 0.56625 0.00875 0.05
0 0.14 0.24875 0.03 0.06875
0 0.6975 0.8125 0.01125 0.01625
0 0.16875 0.56875 0.00875 0.05
0 0.67 0.815 0.01125 0.01625
0 0.7675 0.24375 0.03375 0.05125
0 0.60875 0.84 0.01375 0.025
0 0.6925 0.2375 0.035 0.07375
0 0.45 0.9025 0.015 0.00875
0 0.46875 0.89 0.015 0.00875
0 0.4675 0.90125 0.015 0.00875
0 0.48375 0.8875 0.015 0.00875
0 0.485 0.8975 0.015 0.00875
0 0.5 0.88375 0.015 0.00875
0 0.1875 0.07875 0.07625 0.14375
0 0.58875 0.23625 0.0375 0.07875
0 0.50125 0.89375 0.015 0.00875
0 0.515 0.88 0.015 0.00875
0 0.5175 0.89 0.015 0.00875
0 0.6875 0.795 0.01125 0.01625
0 0.67125 0.8 0.01125 0.0125
0 0.6575 0.80125 0.01375 0.01375
0 0.6425 0.80375 0.01375 0.01375
0 0.64125 0.82 0.01375 0.01625
0 0.62125 0.8375 0.0125 0.0225
0 0.54875 0.84 0.015 0.02125
0 0.45125 0.89375 0.015 0.00875
0 0.73 0.23625 0.03875 0.07
0 0.40625 0.87875 0.01625 0.015
0 0.65625 0.81625 0.01125 0.01625
0 0.715 0.7925 0.01125 0.01625
0 0.70125 0.795 0.01125 0.01625
0 0.46 0.2425 0.0375 0.07625
0 0.405 0.855 0.0125 0.0125
0 0.42 0.855 0.0125 0.0125
0 0.3725 0.88625 0.01625 0.01125
0 0.4225 0.875 0.01625 0.015
0 0.68375 0.81125 0.01125 0.01625
0 0.55 0.24625 0.03125 0.0575
0 0.595 0.83875 0.0125 0.0225
0 0.38875 0.88 0.01625 0.015
0 0.51375 0.23875 0.03875 0.085
0 0.565 0.8375 0.01375 0.0225
0 0.61875 0.2475 0.0225 0.05375
0 0.58 0.83875 0.0125 0.0225