0 0.5675 0.57375 0.025 0.105
0 0.59375 0.58375 0.0225 0.11125
0 0.625 0.5925 0.03375 0.11375
0 0.2675 0.54375 0.00625 0.0525
0 0.28 0.5475 0.0075 0.0525
0 0.29125 0.555 0.0075 0.0575
0 0.30125 0.55875 0.00875 0.05375
0 0.34625 0.5825 0.00875 0.05875
0 0.32875 0.57375 0.00625 0.0575
0 0.3375 0.57625 0.00625 0.05625
0 0.36 0.5875 0.00625 0.06125
0 0.3675 0.59375 0.00625 0.0625
0 0.38625 0.60375 0.0075 0.0625
0 0.5425 0.565 0.01875 0.10625
0 0.37625 0.5975 0.00625 0.06
0 0.31375 0.565 0.01125 0.055
0 0.5225 0.56 0.015 0.1
0 0.55625 0.45 0.025 0.12
0 0.48125 0.5425 0.0175 0.09625
0 0.395 0.29875 0.01 0.07
0 0.3975 0.60875 0.00875 0.0625
0 0.4475 0.425 0.0125 0.10375
0 0.43 0.42125 0.01875 0.10125
0 0.465 0.42625 0.01875 0.10625
0 0.485 0.43125 0.01875 0.11
0 0.51 0.43875 0.02125 0.11875
0 0.5025 0.55125 0.02 0.10125
0 0.53125 0.44375 0.02 0.11625
0 0.615 0.45875 0.0275 0.125
0 0.645 0.46625 0.03125 0.12875
0 0.67875 0.47375 0.02875 0.135
0 0.715 0.4775 0.035 0.1325
0 0.4275 0.52375 0.01125 0.08625
0 0.4425 0.52875 0.01625 0.09375
0 0.46125 0.53625 0.0175 0.09125
0 0.585 0.45375 0.0275 0.125
0 0.4075 0.6125 0.0075 0.06375
0 0.40875 0.29875 0.01375 0.07125
0 0.42375 0.62375 0.00875 0.06875
0 0.38 0.21 0.00875 0.07375
0 0.39375 0.20875 0.00875 0.0725
0 0.40625 0.20875 0.01375 0.08
0 0.42125 0.21875 0.01125 0.09125
0 0.435 0.21625 0.01375 0.0925
0 0.45125 0.21625 0.01125 0.09625
0 0.465 0.215 0.0125 0.0925
0 0.48 0.2125 0.015 0.09625
0 0.49625 0.22125 0.01 0.07875
0 0.51125 0.20875 0.0175 0.0975
0 0.53 0.20625 0.015 0.10625
0 0.5475 0.20375 0.01625 0.11125
0 0.56625 0.20375 0.015 0.11
0 0.5875 0.2025 0.02 0.11625
0 0.61 0.1975 0.02125 0.11625
0 0.635 0.195 0.0225 0.11625
0 0.66 0.1925 0.02375 0.125
0 0.685 0.19125 0.02 0.12625
0 0.71125 0.18875 0.0275 0.13
0 0.7375 0.18625 0.02125 0.1375
0 0.7025 0.62375 0.0275 0.1325
0 0.64 0.72875 0.02625 0.12
0 0.67 0.74375 0.0275 0.125
0 0.7 0.75875 0.0275 0.12125
0 0.73 0.795 0.01875 0.08875
0 0.7525 0.80625 0.0175 0.09125
0 0.77625 0.81375 0.02375 0.09375
0 0.80125 0.8275 0.02375 0.08625
0 0.83 0.84375 0.0225 0.1
0 0.3675 0.21 0.00875 0.07
0 0.86 0.85875 0.03 0.09875
0 0.355 0.2125 0.01 0.07125
0 0.415 0.61625 0.00625 0.065
0 0.4225 0.3225 0.01 0.08625
0 0.43375 0.3225 0.0075 0.0875
0 0.445 0.325 0.00875 0.085
0 0.45625 0.32375 0.01 0.09
0 0.47 0.325 0.01125 0.09125
0 0.4825 0.32375 0.00875 0.09125
0 0.49625 0.32625 0.0125 0.09125
0 0.51125 0.32625 0.01125 0.0925
0 0.52375 0.3275 0.01 0.09125
0 0.53875 0.3275 0.01375 0.09625
0 0.55625 0.33 0.0125 0.1
0 0.5725 0.33 0.01625 0.10125
0 0.59 0.33125 0.015 0.10125
0 0.60875 0.335 0.01375 0.105
0 0.6275 0.335 0.0175 0.10375
0 0.65 0.335 0.0225 0.10625
0 0.6825 0.33875 0.02625 0.11625
0 0.7075 0.33875 0.0175 0.11125
0 0.73 0.34125 0.02125 0.11125
0 0.18875 0.225 0.0125 0.055
0 0.205 0.2275 0.01 0.0575
0 0.21625 0.22875 0.01 0.0575
0 0.23 0.22625 0.01 0.055
0 0.24375 0.225 0.00875 0.06
0 0.25625 0.22125 0.01125 0.06
0 0.2725 0.22 0.01125 0.065
0 0.2875 0.21875 0.015 0.0625
0 0.315 0.21875 0.01125 0.06875
0 0.32875 0.215 0.0125 0.06625
0 0.345 0.2125 0.00875 0.07
0 0.7275 0.69375 0.02 0.09
0 0.79125 0.10125 0.0475 0.195
0 0.7775 0.71 0.025 0.0925
0 0.4525 0.63125 0.0175 0.09375
0 0.4725 0.64375 0.01625 0.09375
0 0.49375 0.6525 0.0175 0.09625
0 0.51625 0.665 0.01875 0.1025
0 0.53625 0.67375 0.015 0.0975
0 0.55875 0.68625 0.01875 0.105
0 0.585 0.69875 0.025 0.1125
0 0.6125 0.71375 0.02 0.1125
0 0.28125 0.48875 0.01 0.05375
0 0.2675 0.48625 0.00875 0.05625
0 0.30125 0.4975 0.01125 0.06
0 0.32 0.50125 0.01375 0.06125
0 0.33625 0.51 0.01625 0.06125
0 0.35125 0.5175 0.01 0.0625
0 0.37 0.52375 0.01 0.05875
0 0.385 0.53125 0.00875 0.06375
0 0.3975 0.535 0.00875 0.06125
0 0.415 0.5425 0.01 0.07125
0 0.2775 0.42625 0.01125 0.06
0 0.2625 0.42125 0.0125 0.05875
0 0.29125 0.43125 0.01125 0.055
0 0.32375 0.43625 0.01875 0.06
0 0.345 0.445 0.0125 0.06125
0 0.3625 0.4525 0.015 0.06375
0 0.3825 0.45625 0.01625 0.06875
0 0.40375 0.4625 0.01625 0.0675
0 0.27625 0.3625 0.015 0.06
0 0.25875 0.36 0.01625 0.05625
0 0.75125 0.70125 0.02 0.08875
0 0.43625 0.6225 0.0125 0.08875
0 0.29625 0.36625 0.01375 0.06375
0 0.3075 0.435 0.01375 0.0575
0 0.33625 0.3725 0.015 0.06375
0 0.8025 0.72625 0.02125 0.095
0 0.315 0.37 0.01375 0.06375
0 0.82875 0.7375 0.0275 0.09875
0 0.86 0.74875 0.02875 0.095
0 0.73375 0.59375 0.0225 0.095
0 0.75625 0.59875 0.0175 0.10125
0 0.80875 0.615 0.02375 0.10875
0 0.83625 0.62625 0.02625 0.105
0 0.86375 0.63375 0.02125 0.0975
0 0.75125 0.47 0.0275 0.1375
0 0.78125 0.47 0.02375 0.1525
0 0.81 0.4775 0.0275 0.15125
0 0.8425 0.4825 0.02375 0.15875
0 0.86625 0.4925 0.01625 0.1575
0 0.77 0.29625 0.04125 0.165
0 0.78 0.60625 0.0225 0.09625
0 0.85875 0.30125 0.03125 0.1825
0 0.8175 0.3 0.0475 0.17125
0 0.355 0.3775 0.0175 0.06875
0 0.395 0.38375 0.0125 0.0725
0 0.41 0.38625 0.01125 0.06875
0 0.37875 0.3825 0.0175 0.06875
0 0.2475 0.29375 0.01375 0.0625
0 0.29 0.29375 0.0125 0.06
0 0.26625 0.29375 0.01625 0.0625
0 0.3275 0.2975 0.015 0.06625
0 0.34875 0.2975 0.01625 0.0675
0 0.3675 0.29875 0.0075 0.06875
0 0.84625 0.09875 0.05625 0.19625
0 0.38125 0.29875 0.0125 0.07125
0 0.30875 0.2975 0.0175 0.06125