0 0.15 0.85125 0.03875 0.0225
0 0.20875 0.665 0.0325 0.0275
0 0.3575 0.7525 0.01625 0.01875
0 0.35625 0.71625 0.0175 0.02125
0 0.3525 0.64125 0.01875 0.02125
0 0.35125 0.6075 0.0225 0.02375
0 0.3225 0.61125 0.0075 0.01125
0 0.32875 0.61875 0.02125 0.0275
0 0.15125 0.89125 0.03125 0.02375
0 0.22 0.845 0.02875 0.0225
0 0.25375 0.82375 0.025 0.0275
0 0.2825 0.8025 0.025 0.0275
0 0.33625 0.7675 0.02375 0.02625
0 0.21125 0.71 0.035 0.03125
0 0.31125 0.78625 0.0225 0.02875
0 0.31 0.75125 0.025 0.02625
0 0.30875 0.7175 0.02125 0.0275
0 0.14625 0.8025 0.03625 0.0375
0 0.18375 0.78375 0.0325 0.03125
0 0.18625 0.8275 0.03 0.03125
0 0.22 0.76875 0.02625 0.025
0 0.2225 0.80625 0.02625 0.025
0 0.175 0.72625 0.03375 0.04
0 0.14 0.73125 0.02875 0.0475
0 0.2525 0.74375 0.03125 0.035
0 0.28 0.73125 0.0225 0.0275
0 0.28125 0.765 0.02375 0.02875
0 0.25 0.78625 0.02375 0.01875
0 0.33375 0.73125 0.02 0.025
0 0.245 0.69375 0.02625 0.02875
0 0.18625 0.865 0.03125 0.02375
0 0.27625 0.64 0.03125 0.0275
0 0.30625 0.43 0.01875 0.0925
0 0.28375 0.43125 0.02625 0.0925
0 0.1775 0.57375 0.02875 0.10375
0 0.365 0.325 0.01875 0.08625
0 0.34625 0.3225 0.015 0.09125
0 0.3225 0.32625 0.0275 0.08375
0 0.28875 0.325 0.0225 0.0925
0 0.25625 0.3125 0.02375 0.10125
0 0.2275 0.3125 0.02375 0.10625
0 0.2 0.30875 0.02375 0.10875
0 0.16125 0.305 0.0475 0.11375
0 0.13875 0.44125 0.02625 0.1175
0 0.175 0.44125 0.03125 0.11375
0 0.20625 0.43875 0.02125 0.11
0 0.24625 0.65 0.03 0.03375
0 0.2325 0.43375 0.02125 0.11
0 0.25875 0.55375 0.02875 0.085
0 0.2325 0.555 0.01375 0.09
0 0.20875 0.5675 0.025 0.1025
0 0.3275 0.43 0.01875 0.08875
0 0.34625 0.42875 0.0175 0.08
0 0.2575 0.43125 0.025 0.0975
0 0.32875 0.5325 0.015 0.085
0 0.30375 0.6275 0.0175 0.035
0 0.33 0.655 0.02125 0.02625
0 0.305 0.66625 0.01875 0.02625
0 0.3025 0.54125 0.03 0.07875
0 0.14375 0.585 0.03375 0.1075
0 0.34625 0.53125 0.0175 0.0775
0 0.27625 0.67875 0.025 0.02625