0 0.365 0.6475 0.03875 0.02125
0 0.3575 0.0175 0.03375 0.0225
0 0.3225 0.0175 0.0375 0.02375
0 0.32875 0.64125 0.02875 0.035
0 0.2375 0.01625 0.03375 0.0325
0 0.6725 0.15875 0.03625 0.0225
0 0.75625 0.0625 0.02375 0.02375
0 0.7525 0.03625 0.025 0.02375
0 0.76875 0.3 0.0225 0.0225
0 0.765 0.275 0.025 0.02125
0 0.7425 0.29875 0.0275 0.02125
0 0.73875 0.275 0.02625 0.0225
0 0.70625 0.3025 0.04125 0.02
0 0.665 0.30375 0.0375 0.02125
0 0.625 0.30375 0.0375 0.0225
0 0.40375 0.64625 0.03875 0.0225
0 0.285 0.01875 0.03375 0.02125
0 0.59125 0.63875 0.03 0.03125
0 0.47875 0.5975 0.0375 0.0225
0 0.3275 0.60625 0.03 0.03125
0 0.295 0.6425 0.0325 0.03625
0 0.29625 0.6125 0.0325 0.02125
0 0.67625 0.79875 0.03125 0.0175
0 0.71 0.76125 0.03 0.01875
0 0.71125 0.78125 0.03 0.015
0 0.71125 0.79875 0.03 0.01875
0 0.75125 0.75125 0.03875 0.02
0 0.4025 0.6075 0.035 0.025
0 0.75125 0.775 0.03625 0.02125
0 0.5975 0.1875 0.03625 0.0225
0 0.635 0.18625 0.03875 0.02375
0 0.5875 0.30375 0.03625 0.02
0 0.36375 0.6275 0.03625 0.01
0 0.555 0.595 0.0375 0.01875
0 0.5175 0.595 0.035 0.02125
0 0.65625 0.63875 0.03125 0.03125
0 0.62375 0.63875 0.03375 0.03125
0 0.36375 0.60875 0.0375 0.02625
0 0.4425 0.5975 0.03625 0.02
0 0.705 0.27875 0.04 0.02375
0 0.39375 0.31 0.03625 0.01875
0 0.625 0.28 0.03625 0.0225
0 0.28125 0.2875 0.0325 0.005
0 0.28125 0.29625 0.0325 0.0075
0 0.32 0.28 0.035 0.00875
0 0.31875 0.2875 0.03375 0.00625
0 0.31875 0.2975 0.035 0.0075
0 0.28375 0.31125 0.0325 0.01875
0 0.7525 0.7975 0.03875 0.0225
0 0.2475 0.88375 0.055 0.125
0 0.29625 0.88 0.035 0.04375
0 0.335 0.88 0.03375 0.04125
0 0.2825 0.28125 0.035 0.00625
0 0.2975 0.92375 0.03375 0.03875
0 0.7575 0.08875 0.02625 0.02125
0 0.76125 0.13 0.02375 0.02375
0 0.76125 0.15625 0.02625 0.025
0 0.76 0.1825 0.03125 0.02125
0 0.2275 0.40375 0.01625 0.055
0 0.25125 0.40125 0.0275 0.0575
0 0.28375 0.36375 0.03125 0.00875
0 0.28375 0.3725 0.03 0.0075
0 0.28375 0.3825 0.03125 0.0075
0 0.28375 0.39 0.0325 0.00625
0 0.33375 0.92125 0.0325 0.04125
0 0.245 0.29125 0.0325 0.05625
0 0.67375 0.18625 0.035 0.025
0 0.28375 0.40375 0.03125 0.01625
0 0.58625 0.28125 0.03875 0.02375
0 0.55125 0.305 0.0325 0.02
0 0.51375 0.30625 0.035 0.02125
0 0.54875 0.28375 0.03375 0.02375
0 0.5125 0.2825 0.03375 0.02375
0 0.475 0.305 0.035 0.0225
0 0.43625 0.30625 0.04125 0.02125
0 0.475 0.28 0.03875 0.02625
0 0.43375 0.28125 0.04 0.025
0 0.35875 0.30875 0.035 0.02125
0 0.39375 0.28625 0.03375 0.02125
0 0.35625 0.2875 0.03625 0.02125
0 0.32 0.31125 0.035 0.0175
0 0.63375 0.16 0.0375 0.025
0 0.59625 0.1625 0.035 0.0225
0 0.67375 0.1325 0.03875 0.025
0 0.635 0.135 0.03625 0.0275
0 0.59625 0.1375 0.04 0.025
0 0.55875 0.18875 0.0375 0.025
0 0.52 0.19 0.035 0.02375
0 0.5575 0.1625 0.0375 0.0225
0 0.51875 0.16375 0.03625 0.025
0 0.55625 0.1375 0.03875 0.02375
0 0.665 0.28 0.03875 0.02375
0 0.40125 0.6275 0.04 0.01125
0 0.47875 0.6925 0.03625 0.0225
0 0.69 0.63875 0.03375 0.03125
0 0.67 0.04 0.04 0.02625
0 0.54625 0.0125 0.035 0.02125
0 0.50875 0.01375 0.03625 0.02
0 0.47 0.015 0.0375 0.02125
0 0.4325 0.015 0.0375 0.02125
0 0.395 0.01625 0.0375 0.02375
0 0.27625 0.07625 0.0375 0.0225
0 0.67625 0.78125 0.02875 0.015
0 0.6025 0.7975 0.035 0.025
0 0.63875 0.77375 0.0375 0.02
0 0.60125 0.7725 0.03625 0.02125
0 0.63625 0.7525 0.03875 0.0175
0 0.6 0.75125 0.03375 0.01875
0 0.56125 0.8025 0.03625 0.0175
0 0.63875 0.79875 0.03625 0.025
0 0.525 0.805 0.0325 0.01875
0 0.3175 0.075 0.03875 0.0225
0 0.39625 0.0725 0.04 0.02125
0 0.25 0.6275 0.0525 0.10125
0 0.49 0.90375 0.035 0.02125
0 0.45125 0.90375 0.0375 0.02
0 0.49 0.88 0.03625 0.025
0 0.45 0.88 0.03875 0.02375
0 0.41125 0.93125 0.03625 0.0225
0 0.35625 0.0725 0.03625 0.0225
0 0.4125 0.90375 0.03625 0.0225
0 0.3725 0.93 0.03625 0.025
0 0.37125 0.905 0.03625 0.02125
0 0.37125 0.88 0.03625 0.02375
0 0.51375 0.06875 0.03875 0.025
0 0.475 0.07 0.0375 0.0225
0 0.435 0.07 0.0375 0.02375
0 0.4125 0.87875 0.035 0.02375
0 0.7525 0.5525 0.04 0.025
0 0.5625 0.785 0.0325 0.015
0 0.56375 0.7675 0.03125 0.01375
0 0.75125 0.71375 0.03625 0.02
0 0.75125 0.69 0.035 0.0225
0 0.7125 0.71125 0.03625 0.0225
0 0.5525 0.0675 0.0375 0.02375
0 0.59125 0.0675 0.04 0.02375
0 0.63 0.06625 0.03625 0.025
0 0.3025 0.765 0.03375 0.0325
0 0.67 0.06625 0.04125 0.02375
0 0.31625 0.09875 0.0375 0.025
0 0.35625 0.09875 0.03625 0.02375
0 0.395 0.0975 0.0375 0.02375
0 0.435 0.09625 0.0375 0.025
0 0.475 0.09625 0.0375 0.025
0 0.51375 0.095 0.0375 0.02375
0 0.2775 0.1 0.0375 0.0225
0 0.52625 0.78625 0.0325 0.01625
0 0.71 0.39125 0.03625 0.02125
0 0.33875 0.79875 0.03375 0.03625
0 0.5275 0.76875 0.035 0.01625
0 0.56375 0.75 0.0325 0.01625
0 0.53 0.7525 0.03125 0.01375
0 0.4875 0.8025 0.035 0.02375
0 0.49 0.7775 0.035 0.01875
0 0.45 0.80125 0.0375 0.02125
0 0.30375 0.8 0.0325 0.035
0 0.45 0.78 0.03875 0.01875
0 0.41375 0.80125 0.035 0.02125
0 0.4125 0.77875 0.035 0.02125
0 0.41125 0.7575 0.0325 0.01875
0 0.37625 0.80375 0.0325 0.01875
0 0.37625 0.78 0.035 0.02125
0 0.37375 0.75625 0.0325 0.02
0 0.45 0.7575 0.03875 0.02
0 0.7525 0.5275 0.03875 0.0225
0 0.7475 0.50875 0.04 0.01125
0 0.72375 0.555 0.01375 0.025
0 0.49375 0.52125 0.02875 0.01875
0 0.49375 0.54125 0.02875 0.02
0 0.53 0.51 0.0375 0.0225
0 0.5675 0.51 0.03625 0.025
0 0.53 0.53375 0.0375 0.01875
0 0.56875 0.535 0.035 0.02
0 0.4925 0.5025 0.0275 0.01375
0 0.5325 0.5575 0.0375 0.0225
0 0.62375 0.60625 0.03125 0.03125
0 0.65625 0.605 0.0325 0.03125
0 0.69 0.605 0.03375 0.0325
0 0.7625 0.92375 0.035 0.02125
0 0.7625 0.90125 0.03375 0.02
0 0.7625 0.88 0.035 0.01875
0 0.57125 0.55875 0.035 0.02
0 0.72375 0.93 0.02875 0.01875
0 0.41625 0.55875 0.0375 0.02125
0 0.41625 0.535 0.03625 0.02125
0 0.335 0.53875 0.03625 0.01875
0 0.34 0.56125 0.03875 0.0225
0 0.3775 0.51125 0.03375 0.02125
0 0.415 0.5125 0.0375 0.02125
0 0.4425 0.62125 0.035 0.0225
0 0.47875 0.62125 0.0375 0.0225
0 0.37875 0.56 0.03625 0.0225
0 0.5175 0.61875 0.0375 0.0225
0 0.44375 0.645 0.03625 0.0225
0 0.48 0.645 0.035 0.02125
0 0.5175 0.645 0.03625 0.0225
0 0.555 0.64375 0.0375 0.025
0 0.5925 0.60625 0.03 0.03125
0 0.37625 0.53625 0.03875 0.02
0 0.555 0.61875 0.0375 0.0225
0 0.725 0.91 0.0325 0.01625
0 0.72375 0.8925 0.03125 0.015
0 0.69 0.93 0.03 0.0175
0 0.52125 0.855 0.03375 0.02125
0 0.48875 0.92875 0.035 0.02375
0 0.45125 0.92875 0.0375 0.025
0 0.72 0.60625 0.02 0.03
0 0.60625 0.51125 0.04 0.01375
0 0.64875 0.51 0.04 0.01375
0 0.56375 0.855 0.03375 0.01875
0 0.69125 0.5075 0.03875 0.015
0 0.65 0.53 0.04 0.02125
0 0.695 0.52875 0.045 0.0225
0 0.72375 0.5275 0.0125 0.0225
0 0.61 0.555 0.0375 0.025
0 0.65125 0.555 0.0425 0.025
0 0.69625 0.555 0.04 0.025
0 0.60875 0.53125 0.04 0.02125
0 0.52625 0.87625 0.03375 0.015
0 0.565 0.87625 0.0325 0.01625
0 0.5275 0.89375 0.03375 0.01625
0 0.69 0.90875 0.0325 0.01625
0 0.69 0.89125 0.0325 0.01625
0 0.6525 0.9275 0.04 0.02125
0 0.61125 0.9275 0.04125 0.0225
0 0.6525 0.9025 0.0375 0.02375
0 0.61125 0.90375 0.0425 0.0225
0 0.725 0.87125 0.03125 0.01875
0 0.685 0.87125 0.03125 0.0175
0 0.6475 0.8775 0.03875 0.0225
0 0.60625 0.8775 0.0425 0.02375
0 0.565 0.92875 0.0375 0.0125
0 0.52875 0.93125 0.03375 0.01875
0 0.5625 0.9125 0.035 0.01625
0 0.5275 0.9125 0.0325 0.01625
0 0.5675 0.895 0.0325 0.01375
0 0.55375 0.09375 0.04 0.025
0 0.6325 0.09125 0.035 0.025
0 0.34 0.76375 0.035 0.0275
0 0.2425 0.17 0.0325 0.08125
0 0.6325 0.39375 0.03625 0.0225
0 0.5925 0.395 0.0375 0.02375
0 0.67125 0.3675 0.0375 0.0225
0 0.63 0.36875 0.03625 0.0225
0 0.59125 0.37125 0.0375 0.0225
0 0.55375 0.3975 0.03375 0.02
0 0.55 0.3825 0.03625 0.00625
0 0.67125 0.3925 0.03375 0.02375
0 0.54875 0.37375 0.03625 0.00625
0 0.54875 0.3575 0.035 0.0075
0 0.51375 0.39875 0.03375 0.02125
0 0.5125 0.3825 0.035 0.00625
0 0.51375 0.375 0.03375 0.00625
0 0.5125 0.365 0.03375 0.00625
0 0.5125 0.35875 0.0325 0.00625
0 0.475 0.3975 0.03625 0.0225
0 0.54875 0.36625 0.035 0.0075
0 0.71 0.3675 0.03625 0.02125
0 0.57 0.44 0.03625 0.0225
0 0.455 0.47 0.03875 0.0225
0 0.33375 0.52 0.03875 0.01625
0 0.2975 0.56375 0.03875 0.02
0 0.29625 0.54125 0.03625 0.0175
0 0.295 0.5175 0.03375 0.02125
0 0.75375 0.46375 0.0425 0.0225
0 0.72375 0.465 0.0125 0.02125
0 0.67 0.09 0.0375 0.02375
0 0.65375 0.4675 0.0425 0.0225
0 0.61125 0.4675 0.04 0.0225
0 0.75 0.44 0.03875 0.0225
0 0.72375 0.44 0.0125 0.02375
0 0.6925 0.44 0.03625 0.02375
0 0.65375 0.44125 0.04125 0.02375
0 0.61 0.4425 0.03875 0.02375
0 0.57 0.4675 0.035 0.0225
0 0.5325 0.4675 0.0375 0.02375
0 0.49375 0.46875 0.0375 0.02375
0 0.47375 0.375 0.03625 0.02
0 0.4725 0.35875 0.0375 0.01
0 0.43625 0.4 0.0375 0.0225
0 0.43375 0.37625 0.03625 0.02125
0 0.32125 0.4025 0.0325 0.02125
0 0.32125 0.3875 0.0325 0.00625
0 0.32125 0.38 0.03375 0.00625
0 0.31875 0.37125 0.03125 0.00625
0 0.32 0.36375 0.03125 0.00875
0 0.51875 0.13625 0.03625 0.02375
0 0.48125 0.19125 0.03875 0.02375
0 0.405 0.69125 0.0325 0.02375
0 0.36625 0.69375 0.03875 0.02
0 0.32875 0.685 0.03125 0.01625
0 0.33 0.71375 0.03 0.03625
0 0.29875 0.7125 0.03125 0.03625
0 0.245 0.75 0.05 0.10625
0 0.75375 0.64125 0.0375 0.0225
0 0.7525 0.61625 0.03875 0.02125
0 0.7525 0.5925 0.04125 0.0225
0 0.72125 0.63875 0.0225 0.03125
0 0.35625 0.36 0.0325 0.02125
0 0.48 0.16375 0.0375 0.0225
0 0.75125 0.3675 0.03625 0.02
0 0.25375 0.50875 0.04125 0.09375
0 0.43125 0.3525 0.0375 0.02125
0 0.3975 0.40125 0.035 0.02125
0 0.36 0.40125 0.0375 0.02
0 0.39625 0.38 0.03625 0.01875
0 0.35875 0.38 0.035 0.015
0 0.39125 0.3575 0.035 0.02
0 0.53125 0.44375 0.03625 0.02125
0 0.49125 0.445 0.03875 0.02125
0 0.45375 0.44375 0.03625 0.02125
0 0.41625 0.47125 0.0375 0.0225
0 0.37625 0.47125 0.04 0.02125
0 0.41625 0.445 0.035 0.025
0 0.375 0.445 0.03875 0.02375
0 0.33375 0.47125 0.03875 0.02
0 0.33375 0.44875 0.0375 0.0225
0 0.2925 0.47375 0.0325 0.02125
0 0.295 0.45 0.03625 0.0225
0 0.75125 0.39125 0.03375 0.02375
0 0.47875 0.1375 0.0375 0.025
0 0.69625 0.46625 0.0425 0.0225
0 0.44 0.165 0.0375 0.02375
0 0.48 0.7175 0.03875 0.0225
0 0.51625 0.68875 0.035 0.02375
0 0.555 0.68875 0.03875 0.025
0 0.51875 0.71375 0.03375 0.0225
0 0.55375 0.71375 0.03625 0.02375
0 0.59375 0.6875 0.0375 0.02125
0 0.63375 0.68625 0.0375 0.02375
0 0.6725 0.68625 0.03625 0.0225
0 0.44125 0.19125 0.0375 0.0225
0 0.595 0.7125 0.0375 0.02125
0 0.63375 0.7125 0.03625 0.0225
0 0.67125 0.71125 0.03625 0.0225
0 0.71125 0.68875 0.0375 0.02
0 0.2825 0.195 0.03625 0.025
0 0.28125 0.17 0.03875 0.0225
0 0.32 0.14125 0.03875 0.02625
0 0.5825 0.0125 0.035 0.0225
0 0.28 0.1425 0.0375 0.02625
0 0.62875 0.04125 0.0375 0.025
0 0.59125 0.0425 0.03625 0.0225
0 0.55125 0.0425 0.0375 0.02375
0 0.5125 0.04375 0.04 0.0225
0 0.4725 0.045 0.0375 0.0225
0 0.4425 0.71625 0.0375 0.02375
0 0.435 0.045 0.03875 0.0225
0 0.35625 0.0475 0.0375 0.0225
0 0.3175 0.05 0.03625 0.02125
0 0.2775 0.05125 0.0375 0.02375
0 0.2375 0.07625 0.035 0.075
0 0.65875 0.01 0.04 0.02
0 0.62 0.01125 0.03375 0.0225
0 0.39375 0.04625 0.03875 0.0225
0 0.44125 0.69125 0.035 0.02
0 0.59375 0.0925 0.0375 0.025
0 0.35875 0.14125 0.035 0.02375
0 0.365 0.71875 0.03625 0.0225
0 0.4025 0.7175 0.0375 0.025
0 0.32375 0.195 0.03875 0.02375
0 0.36125 0.1675 0.03875 0.025
0 0.36375 0.19375 0.0375 0.02375
0 0.32125 0.16875 0.0375 0.0225
0 0.4 0.16625 0.03875 0.02375
0 0.4025 0.19375 0.03625 0.0225
0 0.43875 0.14 0.04 0.02375
0 0.39875 0.14 0.0375 0.025