0 0.19625 0.67375 0.06 0.03125
0 0.07625 0.5475 0.05875 0.02875
0 0.55875 0.36125 0.02 0.06625
0 0.5825 0.36125 0.0225 0.06875
0 0.6075 0.36 0.0225 0.0725
0 0.645 0.35875 0.04 0.07
0 0.71 0.365 0.08 0.0625
0 0.77625 0.35875 0.05125 0.075
0 0.8375 0.3725 0.0675 0.04375
0 0.89 0.3625 0.0325 0.0675
0 0.9275 0.36375 0.03625 0.065
0 0.96625 0.71875 0.04 0.05125
0 0.025 0.73875 0.05 0.02625
0 0.515 0.3775 0.0625 0.03125
0 0.025 0.76625 0.04875 0.0275
0 0.08 0.765 0.05875 0.0275
0 0.14375 0.76125 0.06125 0.035
0 0.21 0.765 0.0675 0.02875
0 0.2625 0.67375 0.06375 0.0375
0 0.25875 0.63375 0.065 0.03625
0 0.1975 0.63 0.05 0.0275
0 0.1375 0.65375 0.05125 0.02125
0 0.14125 0.67875 0.045 0.025
0 0.07875 0.6725 0.07125 0.0375
0 0.07625 0.635 0.07125 0.035
0 0.92 0.6225 0.03125 0.08125
0 0.08125 0.7375 0.06 0.02625
0 0.80375 0.5875 0.05625 0.03125
0 0.515 0.345 0.0625 0.03375
0 0.4525 0.37875 0.0575 0.0275
0 0.6075 0.2425 0.0525 0.08125
0 0.66875 0.26 0.065 0.0475
0 0.74 0.2625 0.07 0.0425
0 0.73875 0.22125 0.0675 0.03125
0 0.67125 0.22 0.06875 0.03125
0 0.645 0.19 0.05625 0.025
0 0.8 0.24875 0.045 0.075
0 0.85 0.25 0.05 0.07375
0 0.90875 0.26875 0.05875 0.03625
0 0.971875 0.263125 0.05625 0.05375
0 0.04 0.33125 0.06875 0.03875
0 0.4525 0.34625 0.05625 0.035
0 0.04375 0.36875 0.0675 0.03375
0 0.14 0.34 0.045 0.03375
0 0.14 0.3725 0.04375 0.03125
0 0.19 0.3475 0.05 0.02875
0 0.19125 0.37625 0.05 0.0275
0 0.2475 0.34125 0.06 0.0325
0 0.2475 0.375 0.06 0.0325
0 0.30625 0.34875 0.0475 0.0275
0 0.30625 0.3775 0.0475 0.02625
0 0.36375 0.34125 0.065 0.03125
0 0.36375 0.37625 0.065 0.0325
0 0.41 0.3625 0.02375 0.06
0 0.0975 0.3475 0.03375 0.0825
0 0.5525 0.24125 0.05125 0.07875
0 0.8625 0.58875 0.05375 0.02875
0 0.32 0.655 0.04875 0.0225
0 0.82375 0.48 0.06125 0.0275
0 0.82125 0.4475 0.0525 0.02625
0 0.7625 0.4875 0.05625 0.025
0 0.7625 0.45625 0.05625 0.02875
0 0.70125 0.485 0.06375 0.02875
0 0.7 0.4525 0.0625 0.0325
0 0.64 0.455 0.05625 0.02875
0 0.64 0.485 0.05625 0.0275
0 0.585 0.48375 0.05125 0.03125
0 0.52875 0.45625 0.055 0.03
0 0.5275 0.485 0.055 0.02625
0 0.87625 0.46125 0.0375 0.0725
0 0.475 0.4825 0.04875 0.0325
0 0.40375 0.47 0.03 0.0575
0 0.365 0.4825 0.045 0.02125
0 0.365 0.4575 0.045 0.02375
0 0.3175 0.46 0.03875 0.025
0 0.31625 0.485 0.0425 0.01875
0 0.27625 0.4825 0.0375 0.02625
0 0.06875 0.4775 0.06 0.03125
0 0.135 0.4775 0.0675 0.03375
0 0.2125 0.4775 0.08375 0.0375
0 0.20875 0.44 0.0925 0.0375
0 0.12875 0.4425 0.06125 0.035
0 0.43375 0.46875 0.02875 0.05125
0 0.86375 0.56 0.0575 0.025
0 0.92 0.445 0.0225 0.06875
0 0.0225 0.55 0.04375 0.025
0 0.805 0.555 0.06 0.03
0 0.7525 0.585 0.03875 0.025
0 0.7525 0.55375 0.03625 0.0275
0 0.6975 0.5825 0.07125 0.03
0 0.6975 0.5525 0.07 0.02875
0 0.6325 0.5525 0.06 0.02625
0 0.63125 0.585 0.06 0.02875
0 0.5725 0.58375 0.05375 0.0325
0 0.52 0.58625 0.05 0.02375
0 0.5175 0.55875 0.05 0.02625
0 0.07875 0.58 0.06 0.03
0 0.92 0.53125 0.03625 0.08
0 0.14 0.57875 0.05875 0.03125
0 0.27875 0.57875 0.07125 0.0325
0 0.46625 0.56 0.05125 0.0225
0 0.46375 0.58625 0.05125 0.0225
0 0.41625 0.56125 0.0375 0.065
0 0.38125 0.5625 0.02375 0.06625
0 0.34125 0.5575 0.045 0.075
0 0.28125 0.54375 0.0675 0.03375
0 0.20625 0.5425 0.0675 0.03625
0 0.14125 0.54625 0.0625 0.03125
0 0.83625 0.3425 0.0475 0.01625
0 0.0225 0.58125 0.04375 0.03
0 0.20875 0.5775 0.06875 0.03375
0 0.495 0.25625 0.06 0.05
0 0.44 0.215 0.04875 0.03125
0 0.4375 0.25625 0.0525 0.05
0 0.89 0.71625 0.03625 0.04875
0 0.9275 0.7175 0.035 0.0525
0 0.02 0.63125 0.0375 0.03
0 0.0225 0.6725 0.04125 0.03125
0 0.9125 0.82875 0.1175 0.08375
0 0.8225 0.8325 0.0375 0.05875
0 0.7875 0.835 0.02625 0.05625
0 0.755 0.83 0.0275 0.055
0 0.7275 0.83375 0.01875 0.0475
0 0.98625 0.60125 0.0275 0.05
0 0.69125 0.85 0.05 0.02625
0 0.5375 0.8525 0.05 0.02
0 0.58875 0.85375 0.04875 0.02375
0 0.64 0.85125 0.05125 0.0275
0 0.065 0.445 0.06375 0.03125
0 0.58625 0.825 0.05 0.02875
0 0.53625 0.83125 0.0475 0.01875
0 0.48375 0.82625 0.05125 0.02125
0 0.48125 0.85125 0.05 0.02375
0 0.44 0.83125 0.03 0.06125
0 0.69125 0.82 0.05 0.02875
0 0.35 0.855 0.04875 0.0225
0 0.67625 0.68125 0.04 0.02125
0 0.76375 0.6825 0.04375 0.02375
0 0.3225 0.68 0.04875 0.02375
0 0.3725 0.6525 0.05125 0.02375
0 0.37375 0.67875 0.05125 0.025
0 0.41875 0.64625 0.04125 0.02625
0 0.42 0.675 0.04125 0.0275
0 0.46625 0.6375 0.05125 0.03125
0 0.4675 0.6725 0.04875 0.035
0 0.51625 0.65625 0.04625 0.0225
0 0.51625 0.68 0.04625 0.0225
0 0.72 0.6825 0.04125 0.02125
0 0.56875 0.64875 0.055 0.02625
0 0.62625 0.645 0.05625 0.02875
0 0.62625 0.6775 0.055 0.0275
0 0.67625 0.65625 0.0375 0.025
0 0.7225 0.65875 0.04375 0.02125
0 0.765 0.6575 0.03875 0.02375
0 0.80875 0.66 0.04375 0.0225
0 0.8525 0.6525 0.03875 0.03625
0 0.85125 0.685 0.03875 0.02125
0 0.8075 0.68375 0.045 0.0225
0 0.56875 0.6775 0.05625 0.0275
0 0.3975 0.85375 0.0475 0.02375
0 0.63875 0.8125 0.05125 0.02375
0 0.3475 0.82875 0.04375 0.02375
0 0.60875 0.77 0.04875 0.0225
0 0.60875 0.74375 0.05 0.0275
0 0.565 0.76625 0.03125 0.02625
0 0.56625 0.73625 0.03125 0.02625
0 0.525 0.77 0.0425 0.02
0 0.52625 0.74625 0.04375 0.0225
0 0.4775 0.7625 0.05 0.0275
0 0.4775 0.72875 0.0475 0.0325
0 0.43 0.745 0.04 0.02
0 0.42875 0.7675 0.04375 0.02125
0 0.37625 0.755 0.05375 0.045
0 0.31875 0.765 0.0575 0.02625
0 0.31625 0.73625 0.06 0.025
0 0.26625 0.76875 0.0425 0.02125
0 0.265 0.745 0.04125 0.0225
0 0.21 0.73125 0.065 0.03375
0 0.03625 0.23 0.0575 0.02875
0 0.04 0.26125 0.05375 0.025
0 0.09625 0.26125 0.055 0.03
0 0.15 0.2525 0.0475 0.0475
0 0.205 0.25125 0.06 0.05375
0 0.26625 0.26375 0.05625 0.02875
0 0.3225 0.25375 0.055 0.04875
0 0.365 0.25125 0.02625 0.0525
0 0.395 0.25125 0.02625 0.055
0 0.65125 0.7475 0.0325 0.06
0 0.395 0.8275 0.0475 0.025
0 0.98 0.36125 0.035 0.06125
0 0.77125 0.77125 0.05 0.02125
0 0.77375 0.74875 0.05125 0.02125
0 0.72125 0.73125 0.0375 0.0275
0 0.685 0.7475 0.03125 0.06125
0 0.82875 0.76875 0.05625 0.0325
0 0.06 0.82875 0.06125 0.025
0 0.12375 0.82625 0.06 0.03125
0 0.175 0.82375 0.04125 0.03125
0 0.83 0.735 0.0575 0.03
0 0.17625 0.85375 0.04125 0.02375
0 0.06375 0.85625 0.05875 0.02375
0 0.215 0.82875 0.03625 0.02125
0 0.25 0.82625 0.025 0.0225
0 0.29375 0.82625 0.05625 0.02375
0 0.295 0.85 0.05625 0.02375
0 0.2525 0.85125 0.03 0.02125
0 0.2175 0.85125 0.03875 0.02125
0 0.125 0.855 0.0625 0.0225
0 0.72375 0.77 0.03875 0.02375