0 0.65 0.4625 0.00875 0.03375
0 0.3525 0.45375 0.01625 0.06
0 0.48375 0.41875 0.01125 0.05
0 0.46875 0.4225 0.01625 0.05875
0 0.45125 0.43 0.01125 0.05375
0 0.43375 0.4325 0.015 0.055
0 0.41375 0.43625 0.01875 0.05625
0 0.3725 0.405 0.04625 0.01375
0 0.39375 0.445 0.01625 0.0475
0 0.3725 0.445 0.01875 0.06125
0 0.66 0.45875 0.01 0.03625
0 0.33 0.4575 0.01875 0.06125
0 0.30625 0.46125 0.02 0.06375
0 0.28375 0.465 0.01875 0.07125
0 0.26125 0.47125 0.02125 0.06375
0 0.23375 0.48 0.01875 0.05625
0 0.205 0.43625 0.055 0.02625
0 0.20875 0.4775 0.0175 0.0425
0 0.16 0.5125 0.06375 0.03625
0 0.5025 0.415 0.01375 0.05
0 0.12125 0.445 0.055 0.0775
0 0.51875 0.4125 0.01125 0.05125
0 0.55 0.40375 0.015 0.05125
0 0.36125 0.55375 0.0175 0.0575
0 0.34125 0.56 0.0175 0.05875
0 0.32 0.5675 0.01875 0.05875
0 0.2975 0.575 0.02125 0.06125
0 0.2725 0.58 0.0225 0.065
0 0.24875 0.5875 0.02375 0.06625
0 0.22 0.59375 0.025 0.07125
0 0.1925 0.605 0.02375 0.07125
0 0.1375 0.62 0.035 0.06125
0 0.6575 0.38 0.01125 0.04375
0 0.645 0.38125 0.01 0.04625
0 0.63375 0.3825 0.01 0.045
0 0.62125 0.38625 0.01 0.04375
0 0.6075 0.39125 0.0125 0.04125
0 0.5925 0.39375 0.01 0.04375
0 0.58 0.395 0.00875 0.04875
0 0.565 0.4 0.0125 0.04625
0 0.5325 0.4075 0.01375 0.05375
0 0.38125 0.54625 0.01875 0.0575
0 0.0325 0.485 0.04875 0.095
0 0.7125 0.28875 0.0075 0.04375
0 0.64875 0.2075 0.01 0.06625
0 0.63625 0.2075 0.00875 0.06625
0 0.625 0.20875 0.01 0.0675
0 0.6125 0.2075 0.01 0.07
0 0.6 0.21125 0.0075 0.06625
0 0.56625 0.205 0.01625 0.055
0 0.585 0.21 0.01625 0.0675
0 0.24125 0.355 0.0275 0.065
0 0.21 0.35875 0.02875 0.06375
0 0.17625 0.36375 0.03125 0.06625
0 0.1425 0.3675 0.025 0.0625
0 0.09875 0.36125 0.03125 0.06
0 0.27125 0.345 0.02 0.075
0 0.295 0.345 0.01875 0.06875
0 0.31875 0.3425 0.02125 0.06875
0 0.34625 0.33875 0.02125 0.06375
0 0.37125 0.33625 0.01875 0.0575
0 0.69375 0.215 0.01125 0.0475
0 0.02125 0.3925 0.0425 0.07875
0 0.70625 0.21625 0.00875 0.04375
0 0.72875 0.2125 0.00875 0.04375
0 0.7025 0.29 0.00875 0.045
0 0.69125 0.29 0.01 0.045
0 0.6775 0.29375 0.01 0.045
0 0.665 0.295 0.0075 0.04625
0 0.6525 0.29625 0.01 0.04875
0 0.63875 0.29875 0.01125 0.05
0 0.72375 0.28625 0.00875 0.04125
0 0.735 0.2825 0.01 0.045
0 0.74625 0.28125 0.00875 0.04375
0 0.75625 0.28125 0.00875 0.04
0 0.76625 0.27875 0.0075 0.04375
0 0.77625 0.27625 0.01 0.04125
0 0.78625 0.21125 0.00875 0.03625
0 0.77375 0.2125 0.00875 0.04
0 0.76125 0.21 0.01 0.04375
0 0.75 0.2125 0.0075 0.045
0 0.74 0.2125 0.01 0.0425
0 0.71625 0.215 0.01 0.04375
0 0.3925 0.33125 0.01875 0.0675
0 0.40375 0.5375 0.02 0.06
0 0.4475 0.525 0.015 0.0525
0 0.2725 0.6775 0.0175 0.06
0 0.29375 0.66875 0.01875 0.06375
0 0.3375 0.65125 0.0175 0.0575
0 0.3575 0.64125 0.01625 0.05625
0 0.3775 0.63375 0.01625 0.055
0 0.4 0.625 0.015 0.05
0 0.435 0.61 0.0125 0.05125
0 0.45125 0.60375 0.01125 0.05125
0 0.46625 0.595 0.01375 0.05125
0 0.485 0.5925 0.01625 0.05
0 0.50125 0.58625 0.0125 0.0525
0 0.515 0.57375 0.01375 0.055
0 0.53 0.56875 0.01 0.055
0 0.54125 0.565 0.01125 0.05125
0 0.555 0.55875 0.01125 0.0525
0 0.56625 0.555 0.01 0.0525
0 0.58 0.55 0.0125 0.04875
0 0.25125 0.685 0.0225 0.06
0 0.5925 0.5475 0.01 0.04375
0 0.225 0.69375 0.02125 0.065
0 0.175 0.71125 0.02 0.065
0 0.6375 0.46625 0.0125 0.03625
0 0.62375 0.47125 0.00875 0.03875
0 0.61125 0.475 0.01125 0.03625
0 0.59875 0.47625 0.01125 0.04375
0 0.585 0.47875 0.01 0.04375
0 0.6725 0.4575 0.00875 0.03125
0 0.68375 0.45125 0.00875 0.03375
0 0.695 0.44875 0.01 0.0325
0 0.67 0.375 0.0075 0.0425
0 0.68 0.3725 0.0075 0.04125
0 0.69125 0.37125 0.0075 0.04
0 0.7025 0.3675 0.0075 0.04125
0 0.71375 0.36375 0.01 0.04375
0 0.72375 0.3625 0.00875 0.04125
0 0.02125 0.7225 0.0425 0.0825
0 0.06875 0.6975 0.04125 0.0825
0 0.14625 0.725 0.025 0.0675
0 0.2 0.7025 0.02 0.0625
0 0.4275 0.53125 0.02 0.06
0 0.60375 0.54 0.00875 0.05
0 0.6325 0.5275 0.0125 0.04375
0 0.5225 0.675 0.01125 0.04625
0 0.53875 0.6675 0.0125 0.045
0 0.555 0.66 0.0125 0.0425
0 0.57 0.65125 0.0125 0.0425
0 0.5825 0.64625 0.01 0.04
0 0.595 0.64125 0.01125 0.03625
0 0.60875 0.6325 0.0125 0.035
0 0.625 0.625 0.0125 0.03625
0 0.63625 0.61875 0.00875 0.03375
0 0.5725 0.485 0.01 0.0475
0 0.56 0.48625 0.01 0.045
0 0.54625 0.4925 0.01375 0.04875
0 0.53 0.4975 0.01 0.0525
0 0.51625 0.50375 0.01125 0.0475
0 0.49875 0.50875 0.0125 0.0475
0 0.48 0.5175 0.01625 0.04875
0 0.46375 0.52 0.0125 0.04875
0 0.50625 0.685 0.01125 0.04875
0 0.615 0.53625 0.01125 0.04875
0 0.4925 0.69 0.0125 0.04875
0 0.46125 0.70625 0.01625 0.05375
0 0.64625 0.52375 0.01125 0.0425
0 0.66125 0.51625 0.01125 0.04375
0 0.02375 0.81875 0.04625 0.06625
0 0.09 0.815 0.0475 0.1025
0 0.165 0.8275 0.025 0.0875
0 0.19375 0.8225 0.025 0.09625
0 0.22 0.81125 0.02 0.0925
0 0.24125 0.80125 0.0225 0.08875
0 0.26875 0.78375 0.02125 0.0925
0 0.29 0.77875 0.01875 0.08625
0 0.32 0.76125 0.0425 0.0975
0 0.3525 0.7475 0.0175 0.08625
0 0.37375 0.73625 0.0175 0.0825
0 0.39375 0.72625 0.01875 0.085
0 0.4125 0.7175 0.01375 0.08125
0 0.42875 0.715 0.01125 0.06875
0 0.44375 0.70875 0.0125 0.06625
0 0.4775 0.69875 0.01125 0.05
0 0.41625 0.32875 0.02 0.06125
0 0.315 0.66 0.015 0.05625
0 0.46 0.3225 0.0175 0.05375
0 0.4975 0.21625 0.00875 0.06875
0 0.4825 0.2175 0.01375 0.07125
0 0.4625 0.22 0.01125 0.07125
0 0.445 0.22 0.0175 0.06875
0 0.425 0.2225 0.015 0.07375
0 0.40375 0.23125 0.02125 0.0575
0 0.37875 0.23125 0.02125 0.05875
0 0.3525 0.23125 0.025 0.06125
0 0.4375 0.3275 0.015 0.05625
0 0.32375 0.2325 0.0275 0.06375
0 0.29375 0.23625 0.02625 0.06125
0 0.2625 0.2325 0.0325 0.075
0 0.23 0.235 0.03 0.07125
0 0.1975 0.2375 0.03125 0.07125
0 0.16125 0.24125 0.035 0.06875
0 0.1225 0.24 0.03625 0.075
0 0.08125 0.2375 0.0375 0.085
0 0.565 0.3075 0.015 0.05
0 0.5475 0.30875 0.015 0.05375
0 0.5125 0.2125 0.0125 0.07625
0 0.53 0.2075 0.015 0.07875