0 0.8325 0.83625 0.035 0.0975
0 0.14375 0.14125 0.02375 0.1125
0 0.45 0.62375 0.02625 0.07125
0 0.4225 0.625 0.02125 0.07375
0 0.39625 0.625 0.03 0.0725
0 0.3675 0.625 0.025 0.06875
0 0.3125 0.63375 0.08 0.06125
0 0.15625 0.63 0.0625 0.06625
0 0.16125 0.5675 0.035 0.02125
0 0.1925 0.53375 0.035 0.02375
0 0.23125 0.55125 0.0375 0.02875
0 0.2875 0.55625 0.02375 0.0325
0 0.3325 0.5325 0.01125 0.0375
0 0.3525 0.5525 0.0225 0.0425
0 0.51625 0.62875 0.03 0.055
0 0.3775 0.55625 0.0225 0.03125
0 0.41375 0.5525 0.01625 0.04125
0 0.43125 0.54875 0.01875 0.03
0 0.46 0.55 0.03 0.0425
0 0.4925 0.5475 0.03 0.04375
0 0.52 0.54125 0.02625 0.0575
0 0.5475 0.545 0.0275 0.04375
0 0.575 0.535 0.02 0.04125
0 0.60375 0.54125 0.03 0.04
0 0.6375 0.58 0.03125 0.11375
0 0.6725 0.57875 0.03 0.10125
0 0.7075 0.57875 0.03125 0.10375
0 0.74 0.57375 0.03 0.1
0 0.3975 0.55125 0.01375 0.0425
0 0.555 0.61625 0.03125 0.0625
0 0.8375 0.68375 0.02375 0.0875
0 0.80875 0.705 0.0325 0.1075
0 0.865 0.84125 0.02 0.08625
0 0.79625 0.82375 0.02 0.09875
0 0.77 0.825 0.02375 0.10375
0 0.74 0.81625 0.01125 0.09125
0 0.71375 0.84125 0.04125 0.10625
0 0.64125 0.8375 0.0825 0.10125
0 0.56875 0.83125 0.04125 0.06625
0 0.515 0.86625 0.05625 0.09125
0 0.4525 0.875 0.05875 0.0875
0 0.40125 0.83625 0.035 0.09625
0 0.36 0.85875 0.03625 0.11
0 0.2925 0.86125 0.05875 0.11125
0 0.22625 0.86625 0.06 0.1175
0 0.15625 0.89 0.06 0.08875
0 0.1575 0.755 0.0375 0.06125
0 0.1975 0.7525 0.03 0.06625
0 0.25375 0.73625 0.08375 0.08625
0 0.3375 0.7375 0.08125 0.0825
0 0.4075 0.74625 0.0575 0.055
0 0.4625 0.71125 0.05125 0.06375
0 0.53 0.685 0.0725 0.03
0 0.53375 0.73625 0.075 0.0575
0 0.5875 0.71625 0.02125 0.10125
0 0.64625 0.70625 0.05375 0.11625
0 0.69625 0.70125 0.045 0.1125
0 0.74125 0.7075 0.03375 0.105
0 0.77625 0.7075 0.03 0.10375
0 0.77125 0.5725 0.03125 0.1
0 0.82125 0.5725 0.03625 0.1175
0 0.5925 0.6175 0.04 0.06
0 0.85875 0.43125 0.03125 0.0875
0 0.455 0.2975 0.03125 0.09625
0 0.495 0.30125 0.04375 0.08875
0 0.5275 0.305 0.02125 0.07875
0 0.55875 0.3 0.03625 0.1
0 0.6 0.3075 0.03625 0.08625
0 0.63 0.32875 0.01875 0.09
0 0.67 0.315 0.0575 0.11625
0 0.73375 0.325 0.06 0.1025
0 0.82125 0.32625 0.0375 0.1025
0 0.85625 0.16375 0.03625 0.125
0 0.775 0.16125 0.03625 0.115
0 0.7375 0.15625 0.04 0.12
0 0.42 0.29875 0.0375 0.09
0 0.69 0.155 0.05 0.11625
0 0.59875 0.155 0.0325 0.1125
0 0.5525 0.145 0.055 0.1275
0 0.505 0.15875 0.02375 0.09625
0 0.475 0.16125 0.0325 0.1
0 0.44625 0.18625 0.025 0.04
0 0.4125 0.14625 0.0375 0.12125
0 0.36375 0.135 0.055 0.14125
0 0.3125 0.135 0.0475 0.14375
0 0.265 0.135 0.0425 0.14
0 0.21375 0.13625 0.04375 0.13875
0 0.825 0.48 0.02125 0.0275
0 0.17125 0.1375 0.0325 0.12625
0 0.64375 0.15625 0.04125 0.11375
0 0.38375 0.3025 0.035 0.08125
0 0.81625 0.1575 0.04375 0.125
0 0.35 0.3 0.03125 0.095
0 0.815 0.44875 0.035 0.02125
0 0.79875 0.47875 0.02375 0.0325
0 0.735 0.4375 0.04125 0.105
0 0.6825 0.44 0.04625 0.10875
0 0.635 0.445 0.0225 0.07375
0 0.60875 0.45 0.02375 0.0975
0 0.57375 0.45 0.0275 0.08875
0 0.52375 0.41875 0.0675 0.0975
0 0.49625 0.48375 0.04375 0.02375
0 0.445 0.48 0.035 0.0275
0 0.4025 0.45125 0.0375 0.09125
0 0.3675 0.46625 0.02625 0.06
0 0.34125 0.45375 0.02125 0.09125
0 0.31 0.4525 0.03 0.08875
0 0.44125 0.45 0.03125 0.02125
0 0.175 0.31625 0.03375 0.05
0 0.14875 0.48375 0.04375 0.02875
0 0.195 0.48375 0.045 0.02875
0 0.22875 0.45625 0.01625 0.0925
0 0.25625 0.40125 0.03375 0.0675
0 0.1975 0.40125 0.03875 0.04625
0 0.14375 0.31375 0.02875 0.05125
0 0.3175 0.29375 0.03 0.09875
0 0.20875 0.31375 0.02125 0.06
0 0.28875 0.3025 0.02 0.085
0 0.245 0.3025 0.04625 0.07875
0 0.28 0.46625 0.02625 0.055