0 0.69625 0.8975 0.0975 0.01625
0 0.69375 0.8725 0.095 0.02875
0 0.79375 0.90125 0.09375 0.02375
0 0.795 0.87875 0.095 0.02
0 0.7975 0.855 0.095 0.02625
0 0.15375 0.87625 0.0225 0.02875
0 0.2475 0.895 0.12375 0.0225
0 0.3725 0.8925 0.1225 0.0225
0 0.2375 0.84125 0.12375 0.03
0 0.37125 0.865 0.1225 0.02625
0 0.36875 0.84125 0.12875 0.02
0 0.4925 0.8975 0.095 0.02
0 0.59625 0.895 0.095 0.02125
0 0.59375 0.87 0.0975 0.02125
0 0.64625 0.32 0.10625 0.0275
0 0.24125 0.86875 0.1225 0.0225
0 0.49125 0.87125 0.09375 0.02875
0 0.6475 0.34875 0.1075 0.02625
0 0.32875 0.32 0.10375 0.0275
0 0.685 0.55875 0.10125 0.02375
0 0.68625 0.585 0.1 0.0275
0 0.8 0.545 0.1125 0.02125
0 0.79875 0.5675 0.11125 0.0225
0 0.79375 0.59 0.11125 0.0225
0 0.8125 0.42625 0.115 0.01875
0 0.81375 0.45 0.11125 0.02
0 0.815 0.47625 0.11 0.02375
0 0.69375 0.47625 0.13 0.02875
0 0.55875 0.475 0.12875 0.025
0 0.565 0.4425 0.115 0.0225
0 0.455 0.445 0.10125 0.03
0 0.44125 0.475 0.1025 0.025
0 0.81 0.22625 0.12 0.02875
0 0.80875 0.1975 0.12125 0.02625
0 0.695 0.21875 0.1025 0.02125
0 0.69625 0.19125 0.1 0.03
0 0.6975 0.16 0.09625 0.0275
0 0.5875 0.21625 0.105 0.0275
0 0.59375 0.18625 0.1025 0.03125
0 0.58875 0.155 0.10375 0.02875
0 0.4825 0.215 0.1025 0.02875
0 0.48125 0.18125 0.10375 0.03375
0 0.34375 0.205 0.15 0.04375
0 0.1925 0.18375 0.1275 0.07125
0 0.84 0.355 0.05875 0.02625
0 0.84 0.32875 0.05875 0.0275
0 0.8425 0.30125 0.055 0.02625
0 0.755 0.3525 0.105 0.0275
0 0.6875 0.53125 0.10375 0.02625
0 0.755 0.32125 0.10375 0.03
0 0.58375 0.58625 0.10125 0.025
0 0.5825 0.53 0.095 0.01875
0 0.35125 0.56125 0.11375 0.02125
0 0.35125 0.53625 0.1175 0.025
0 0.2575 0.555 0.04375 0.0575
0 0.21875 0.64625 0.1175 0.02875
0 0.2175 0.675 0.1175 0.02625
0 0.34375 0.67375 0.11875 0.03
0 0.455 0.6825 0.095 0.02375
0 0.31625 0.29 0.12125 0.02875
0 0.75625 0.6875 0.10625 0.02625
0 0.76 0.6625 0.1025 0.0225
0 0.7675 0.6375 0.1075 0.0225
0 0.79875 0.79375 0.1075 0.0225
0 0.8 0.76875 0.10625 0.0225
0 0.8025 0.7425 0.1075 0.025
0 0.67875 0.79125 0.11625 0.02
0 0.67625 0.76625 0.12125 0.025
0 0.5575 0.7925 0.12125 0.02125
0 0.555 0.7675 0.12 0.0225
0 0.4475 0.7925 0.09 0.02125
0 0.44875 0.7675 0.0925 0.02375
0 0.33875 0.78875 0.12125 0.0275
0 0.34125 0.76 0.11625 0.0275
0 0.21125 0.78875 0.12375 0.02375
0 0.21625 0.76 0.125 0.02375
0 0.17375 0.8975 0.02 0.025
0 0.35125 0.585 0.115 0.025
0 0.4825 0.53 0.09875 0.025
0 0.48 0.5575 0.1025 0.02625
0 0.4825 0.58375 0.09875 0.02375
0 0.58125 0.55875 0.09625 0.0275
0 0.755 0.2925 0.10625 0.02625
0 0.81 0.17125 0.12 0.02375
0 0.43625 0.35 0.09875 0.025
0 0.55875 0.65625 0.095 0.02625
0 0.43375 0.32125 0.1 0.0275
0 0.6525 0.685 0.09625 0.02375
0 0.25125 0.34875 0.045 0.06
0 0.19375 0.58125 0.07875 0.02625
0 0.19125 0.555 0.08375 0.025
0 0.19 0.53 0.0875 0.0225
0 0.18625 0.46625 0.08875 0.03375
0 0.335 0.47125 0.1075 0.02375
0 0.46 0.655 0.0975 0.02875
0 0.6575 0.66 0.09625 0.025
0 0.66125 0.63375 0.09875 0.02375
0 0.43375 0.29125 0.10125 0.02875
0 0.55375 0.685 0.09875 0.02625
0 0.255 0.47375 0.0475 0.05875
0 0.53875 0.2925 0.10125 0.0275
0 0.33125 0.35 0.11 0.0275
0 0.335 0.445 0.105 0.0275
0 0.2525 0.41375 0.04875 0.05875
0 0.1775 0.30875 0.09625 0.03125
0 0.53625 0.3225 0.10125 0.02625
0 0.53625 0.35 0.1 0.025
0 0.6475 0.29125 0.1075 0.02875
0 0.17625 0.34125 0.095 0.0325