0 0.27125 0.575 0.03625 0.04
0 0.2725 0.62125 0.00875 0.0075
0 0.13375 0.47 0.01625 0.08125
0 0.1775 0.49125 0.0625 0.09125
0 0.13375 0.58625 0.01625 0.0625
0 0.18 0.59125 0.05375 0.0525
0 0.145 0.68 0.03125 0.08375
0 0.2 0.66125 0.02125 0.0625
0 0.1425 0.825 0.0225 0.045
0 0.1625 0.82125 0.015 0.07625
0 0.18125 0.83125 0.0225 0.07125
0 0.2075 0.82375 0.0275 0.07875
0 0.2425 0.6225 0.01375 0.0075
0 0.2575 0.6225 0.01125 0.01
0 0.705 0.33125 0.03375 0.0425
0 0.2425 0.63 0.01375 0.0075
0 0.25875 0.6325 0.01 0.00625
0 0.22 0.65875 0.015 0.01125
0 0.23625 0.66 0.01 0.01
0 0.25 0.66 0.01 0.01
0 0.22125 0.67125 0.0125 0.01
0 0.2375 0.6725 0.0125 0.00625
0 0.22 0.68125 0.01375 0.0075
0 0.25375 0.67 0.01375 0.00625
0 0.2375 0.6825 0.01375 0.00625
0 0.2525 0.68 0.01125 0.00875
0 0.22125 0.69125 0.01375 0.00625
0 0.2525 0.69 0.0125 0.00625
0 0.235 0.69125 0.01 0.00625
0 0.18125 0.3425 0.02875 0.08375
0 0.14375 0.3475 0.03375 0.08875
0 0.1875 0.23875 0.05125 0.07625
0 0.14125 0.22625 0.0325 0.07125
0 0.295 0.695 0.04625 0.02125
0 0.2925 0.67 0.0475 0.0175
0 0.29125 0.64625 0.04625 0.02
0 0.34875 0.69125 0.05 0.02
0 0.5625 0.28 0.04 0.02625
0 0.565 0.3225 0.0375 0.05
0 0.605 0.32875 0.03125 0.0425
0 0.8675 0.69 0.01125 0.00625
0 0.87 0.6825 0.01 0.0075
0 0.86875 0.67 0.0125 0.01375
0 0.85375 0.70125 0.0125 0.01
0 0.8375 0.7025 0.01125 0.00625
0 0.82 0.70125 0.015 0.01
0 0.22125 0.7 0.0125 0.00625
0 0.85125 0.685 0.01125 0.01375
0 0.82125 0.6875 0.0125 0.01375
0 0.8625 0.81875 0.02375 0.0625
0 0.83625 0.8225 0.025 0.0625
0 0.855 0.75 0.025 0.05875
0 0.8275 0.75375 0.02375 0.06125
0 0.81125 0.82125 0.0175 0.0675
0 0.78375 0.83 0.02625 0.0675
0 0.7575 0.83 0.02375 0.05625
0 0.23125 0.575 0.03125 0.03125
0 0.7325 0.8325 0.0225 0.055
0 0.70375 0.8275 0.0225 0.05
0 0.67625 0.8125 0.02125 0.055
0 0.64625 0.7975 0.0225 0.05
0 0.835 0.68875 0.01125 0.01125
0 0.23875 0.7 0.0125 0.0075
0 0.255 0.69875 0.01125 0.0075
0 0.22125 0.71125 0.0125 0.00875
0 0.43 0.755 0.01 0.025
0 0.44375 0.75625 0.00875 0.0275
0 0.45625 0.75375 0.00875 0.0225
0 0.47125 0.75 0.0125 0.02625
0 0.42625 0.81625 0.01125 0.0275
0 0.44125 0.815 0.0125 0.0275
0 0.455 0.8175 0.01 0.0275
0 0.515 0.82 0.00875 0.01875
0 0.53125 0.81875 0.01375 0.01875
0 0.5475 0.81625 0.01 0.0175
0 0.515 0.835 0.01375 0.00875
0 0.5325 0.83625 0.01375 0.00875
0 0.55 0.83625 0.01375 0.0125
0 0.4175 0.75625 0.0125 0.0275
0 0.495 0.745 0.01375 0.015
0 0.52375 0.7425 0.00875 0.02
0 0.5375 0.7425 0.01 0.01875
0 0.55125 0.73875 0.00875 0.01375
0 0.495 0.75875 0.01 0.00625
0 0.51 0.76125 0.01125 0.00625
0 0.525 0.7575 0.01125 0.0075
0 0.55375 0.7575 0.01 0.00625
0 0.54 0.7575 0.00875 0.0075
0 0.51125 0.77125 0.0075 0.01
0 0.52625 0.77125 0.01125 0.00625
0 0.54125 0.7725 0.0125 0.0125
0 0.555 0.77 0.01125 0.0075
0 0.57875 0.8025 0.0175 0.045
0 0.51125 0.745 0.01375 0.02
0 0.35875 0.62625 0.0425 0.02
0 0.38 0.80625 0.01125 0.03375
0 0.35125 0.80125 0.01 0.0275
0 0.2375 0.71 0.01375 0.0075
0 0.25625 0.71125 0.01375 0.01
0 0.23375 0.765 0.01125 0.015
0 0.24875 0.7625 0.01125 0.015
0 0.26375 0.7625 0.01125 0.015
0 0.27875 0.76125 0.01125 0.015
0 0.295 0.7625 0.01125 0.015
0 0.2375 0.78 0.01125 0.0125
0 0.2525 0.78 0.0125 0.01
0 0.26625 0.78 0.01125 0.01
0 0.28125 0.78 0.01125 0.01
0 0.2375 0.79125 0.00875 0.0075
0 0.25125 0.79375 0.01 0.0075
0 0.365 0.8025 0.01125 0.02875
0 0.26625 0.7925 0.01 0.0075
0 0.24 0.8025 0.01 0.0075
0 0.25125 0.8075 0.00875 0.00875
0 0.26625 0.805 0.01125 0.00875
0 0.2825 0.80625 0.01125 0.00875
0 0.25 0.8175 0.0125 0.00875
0 0.26625 0.8175 0.0125 0.0075
0 0.2825 0.81875 0.015 0.01
0 0.25 0.83 0.015 0.00875
0 0.26625 0.83 0.01125 0.01
0 0.2525 0.84125 0.00875 0.00875
0 0.26875 0.84125 0.01 0.00625
0 0.28125 0.83 0.0125 0.0075
0 0.33625 0.8025 0.0125 0.02875
0 0.28375 0.79375 0.01625 0.00625
0 0.59875 0.79125 0.01375 0.03875
0 0.52 0.3225 0.0375 0.0575
0 0.48 0.28 0.0325 0.02875
0 0.555 0.66625 0.01125 0.01875
0 0.52125 0.6675 0.0175 0.01625
0 0.525 0.69 0.02 0.02
0 0.54875 0.68625 0.02 0.0175
0 0.5725 0.69 0.02 0.015
0 0.59625 0.6925 0.01875 0.01375
0 0.66625 0.33125 0.01375 0.03625
0 0.64 0.32875 0.0325 0.0375
0 0.5725 0.67375 0.0175 0.01375
0 0.595 0.67375 0.01875 0.01625
0 0.57125 0.655 0.0175 0.02
0 0.59625 0.6525 0.01875 0.01625
0 0.64375 0.63125 0.01875 0.02
0 0.62125 0.62875 0.02 0.01875
0 0.64375 0.65 0.01875 0.01375
0 0.62 0.64875 0.01625 0.01375
0 0.64375 0.6675 0.02125 0.015
0 0.62 0.6675 0.01625 0.0175
0 0.62 0.68875 0.01625 0.02125
0 0.645 0.6875 0.02125 0.01875
0 0.695 0.695 0.02375 0.02375
0 0.67 0.6975 0.02125 0.02375
0 0.68625 0.6225 0.0175 0.0175
0 0.71375 0.6125 0.01625 0.00625
0 0.715 0.6225 0.01875 0.0075
0 0.69875 0.65625 0.01 0.01375
0 0.715 0.65375 0.01625 0.01375
0 0.5475 0.6425 0.02125 0.02375
0 0.5225 0.645 0.02 0.02625
0 0.49625 0.6425 0.01875 0.02375
0 0.47125 0.64375 0.025 0.02125
0 0.7125 0.295 0.02625 0.0225
0 0.74 0.28875 0.025 0.03625
0 0.735 0.33 0.01625 0.03375
0 0.7575 0.33 0.0225 0.04125
0 0.79125 0.3025 0.02875 0.0325
0 0.8675 0.2925 0.015 0.0375
0 0.865 0.32875 0.01875 0.03125
0 0.8475 0.15625 0.0325 0.105
0 0.79 0.155 0.0575 0.11125
0 0.74 0.1575 0.0225 0.10625
0 0.70125 0.14625 0.0475 0.12625
0 0.60125 0.155 0.04375 0.12
0 0.23125 0.14875 0.03 0.13625
0 0.69875 0.6375 0.01 0.015
0 0.2675 0.1575 0.0225 0.115
0 0.3425 0.15875 0.0325 0.1175
0 0.40125 0.17125 0.025 0.08875
0 0.4325 0.17125 0.02625 0.08
0 0.3425 0.6675 0.0475 0.02
0 0.41375 0.63375 0.04 0.02375
0 0.4625 0.16875 0.03 0.08375
0 0.49375 0.175 0.025 0.0675
0 0.5225 0.175 0.02875 0.07
0 0.5525 0.1725 0.02625 0.085
0 0.47375 0.69 0.0225 0.0175
0 0.50125 0.68875 0.02 0.0175
0 0.5025 0.66625 0.01125 0.0175
0 0.4725 0.6675 0.01625 0.0175
0 0.3025 0.13375 0.03375 0.1275
0 0.71625 0.63625 0.015 0.01625
0 0.78875 0.64875 0.02 0.00875
0 0.765 0.6475 0.02125 0.0075
0 0.7625 0.58375 0.01625 0.0225
0 0.775 0.54625 0.0125 0.0475
0 0.8125 0.57375 0.01375 0.02125
0 0.82875 0.5725 0.01125 0.01875
0 0.84625 0.5725 0.015 0.02625
0 0.86125 0.5525 0.0125 0.025
0 0.22625 0.45875 0.02875 0.03625
0 0.29125 0.46125 0.03375 0.035
0 0.33875 0.45625 0.03 0.03375
0 0.375 0.455 0.03125 0.03125
0 0.39 0.41125 0.03 0.02875
0 0.4425 0.445 0.0225 0.03375
0 0.47375 0.45625 0.03125 0.035
0 0.74125 0.5825 0.0175 0.025
0 0.51 0.4575 0.0325 0.04
0 0.5825 0.44875 0.03625 0.0525
0 0.65 0.445 0.035 0.05625
0 0.69375 0.44625 0.035 0.06
0 0.735 0.44375 0.035 0.065
0 0.7825 0.45375 0.03875 0.0425
0 0.8125 0.44375 0.015 0.065
0 0.2275 0.31375 0.05875 0.06625
0 0.28125 0.315 0.0225 0.06125
0 0.25 0.2625 0.0625 0.02625
0 0.3125 0.3125 0.03 0.07125
0 0.3525 0.31375 0.04375 0.0675
0 0.40125 0.3175 0.045 0.075
0 0.445 0.32 0.025 0.05
0 0.545 0.455 0.03 0.03875
0 0.48125 0.32375 0.035 0.05375
0 0.7575 0.55125 0.01625 0.01875
0 0.69125 0.54 0.0175 0.02125
0 0.78875 0.63375 0.01875 0.015
0 0.765 0.635 0.02375 0.01375
0 0.79875 0.69375 0.01875 0.0175
0 0.77375 0.6925 0.01875 0.02
0 0.7975 0.66875 0.02 0.0225
0 0.77375 0.6675 0.0225 0.0225
0 0.86875 0.7 0.01 0.01
0 0.23875 0.525 0.03 0.0325
0 0.27875 0.5275 0.02625 0.03875
0 0.315 0.56 0.02875 0.03625
0 0.35125 0.55375 0.02375 0.04375
0 0.38375 0.5675 0.03 0.04
0 0.39 0.51625 0.025 0.03625
0 0.7375 0.55375 0.01375 0.02
0 0.425 0.55375 0.03 0.04875
0 0.46625 0.50875 0.0325 0.03125
0 0.5 0.51 0.02375 0.035
0 0.49375 0.56625 0.035 0.05125
0 0.52875 0.55875 0.025 0.0475
0 0.5325 0.50875 0.03125 0.035
0 0.56375 0.56625 0.03 0.05875
0 0.60625 0.55 0.03875 0.03125
0 0.605 0.5825 0.0375 0.02625
0 0.69 0.585 0.01625 0.0225
0 0.71 0.5825 0.01625 0.02375
0 0.68 0.5625 0.02125 0.015
0 0.70375 0.5625 0.02 0.01875
0 0.67125 0.5375 0.0175 0.02
0 0.4575 0.56125 0.02625 0.04875
0 0.6175 0.78875 0.01875 0.045