0 0.6475 0.6275 0.0525 0.06375
0 0.695 0.62125 0.04 0.0775
0 0.74 0.59625 0.04375 0.05375
0 0.69375 0.79625 0.03375 0.0525
0 0.57875 0.8175 0.03125 0.0575
0 0.61125 0.80125 0.0275 0.045
0 0.64875 0.82125 0.0425 0.06
0 0.7325 0.76875 0.0325 0.05625
0 0.42 0.7175 0.08375 0.11875
0 0.80125 0.7225 0.025 0.03875
0 0.54 0.6475 0.08875 0.07125
0 0.30875 0.76 0.12375 0.135
0 0.19625 0.80125 0.0275 0.1375
0 0.15625 0.8075 0.04625 0.1275
0 0.83125 0.64375 0.02625 0.065
0 0.77125 0.67875 0.03 0.06375
0 0.73 0.69875 0.045 0.07125
0 0.6875 0.7225 0.03375 0.08125
0 0.64625 0.73875 0.03875 0.08625
0 0.5975 0.74625 0.035 0.05625
0 0.535 0.78125 0.035 0.06125
0 0.495 0.80375 0.04 0.06625
0 0.3875 0.87625 0.075 0.0975
0 0.1925 0.94 0.07375 0.11
0 0.8325 0.70625 0.02375 0.0475
0 0.7675 0.74375 0.03 0.055
0 0.80125 0.66375 0.02625 0.06625
0 0.79125 0.2125 0.00875 0.04875
0 0.5775 0.87125 0.03125 0.04375
0 0.40375 0.275 0.0325 0.08375
0 0.1675 0.06375 0.04 0.125
0 0.21125 0.075 0.04125 0.12375
0 0.25125 0.08125 0.04 0.13625
0 0.28625 0.08875 0.0275 0.12
0 0.3425 0.10625 0.0375 0.09875
0 0.37375 0.11125 0.025 0.1075
0 0.3975 0.1175 0.01875 0.0975
0 0.42375 0.1275 0.025 0.1025
0 0.44625 0.1325 0.02 0.0925
0 0.47125 0.13875 0.0325 0.1025
0 0.7775 0.5875 0.0275 0.07375
0 0.49625 0.14375 0.01625 0.09625
0 0.51625 0.14375 0.02125 0.09875
0 0.53625 0.15 0.01875 0.0875
0 0.31875 0.2525 0.0375 0.11625
0 0.27875 0.24875 0.03625 0.12125
0 0.23875 0.245 0.0425 0.1225
0 0.19375 0.24375 0.04625 0.125
0 0.53875 0.84 0.03 0.04875
0 0.54375 0.89375 0.03125 0.0475
0 0.49875 0.8625 0.0325 0.0425
0 0.5025 0.91875 0.0325 0.05875
0 0.45375 0.88125 0.045 0.05625
0 0.46 0.94375 0.03875 0.06125
0 0.21125 0.42125 0.065 0.14625
0 0.60875 0.845 0.025 0.03875
0 0.26625 0.415 0.03875 0.14
0 0.3625 0.40875 0.03375 0.135
0 0.44125 0.41125 0.04375 0.11125
0 0.48375 0.405 0.03125 0.10875
0 0.5175 0.40625 0.03125 0.10625
0 0.54875 0.40375 0.03375 0.10125
0 0.57875 0.4075 0.02375 0.095
0 0.145 0.2425 0.04 0.12625
0 0.31875 0.41375 0.05125 0.13
0 0.805 0.57375 0.0275 0.0475
0 0.72125 0.20125 0.01375 0.0525
0 0.62875 0.54875 0.03125 0.03125
0 0.68125 0.27375 0.02 0.04125
0 0.62 0.3125 0.02375 0.0475
0 0.64375 0.31375 0.02 0.04375
0 0.665 0.31375 0.02 0.04125
0 0.68375 0.315 0.0175 0.04
0 0.71 0.3025 0.02 0.065
0 0.72625 0.30375 0.0125 0.06875
0 0.74125 0.30625 0.015 0.065
0 0.75625 0.30375 0.015 0.0625
0 0.77375 0.30375 0.01625 0.0625
0 0.78625 0.305 0.01 0.0625
0 0.7975 0.30625 0.01 0.06
0 0.59875 0.175 0.02875 0.065
0 0.6225 0.17875 0.015 0.0575
0 0.65875 0.2725 0.02 0.045
0 0.6375 0.1825 0.01125 0.0625
0 0.6675 0.1875 0.01125 0.0625
0 0.68 0.1925 0.01 0.055
0 0.6925 0.195 0.015 0.05375
0 0.70625 0.1975 0.01375 0.05875
0 0.78125 0.21125 0.00625 0.05
0 0.7325 0.2025 0.0075 0.055
0 0.7425 0.20375 0.01125 0.05375
0 0.7575 0.2075 0.0175 0.05875
0 0.28625 0.59625 0.05375 0.135
0 0.23125 0.61 0.05375 0.16625
0 0.7725 0.21125 0.01 0.05
0 0.5525 0.1525 0.015 0.0925
0 0.81375 0.21875 0.015 0.04625
0 0.79875 0.21375 0.00875 0.055
0 0.6525 0.185 0.01875 0.0575
0 0.82875 0.56625 0.02 0.0625
0 0.3375 0.58875 0.0475 0.14875
0 0.4575 0.56375 0.0275 0.11375
0 0.65625 0.54 0.02625 0.0475
0 0.6825 0.535 0.0225 0.0375
0 0.70875 0.5325 0.02625 0.0425
0 0.73125 0.53 0.01875 0.03125
0 0.75125 0.52 0.01875 0.0475
0 0.7725 0.5125 0.02125 0.03
0 0.7925 0.50875 0.01875 0.03625
0 0.81 0.505 0.015 0.02875
0 0.82875 0.50125 0.015 0.03125
0 0.6275 0.4875 0.03125 0.04875
0 0.65625 0.48125 0.02375 0.065
0 0.68125 0.47625 0.0225 0.0575
0 0.705 0.47375 0.025 0.0625
0 0.76875 0.4575 0.02625 0.0525
0 0.415 0.56875 0.05375 0.1125
0 0.79125 0.45625 0.01625 0.04875
0 0.69 0.39875 0.03375 0.05875
0 0.7175 0.3925 0.01375 0.0625
0 0.7275 0.39 0.00625 0.0675
0 0.74125 0.38875 0.01875 0.05875
0 0.75625 0.38625 0.01125 0.0625
0 0.7675 0.3875 0.01 0.06375
0 0.77875 0.38625 0.01125 0.065
0 0.79125 0.38625 0.0125 0.0625
0 0.8025 0.38625 0.01 0.0625
0 0.60625 0.265 0.02625 0.045
0 0.63625 0.26875 0.025 0.04125
0 0.5675 0.53125 0.0375 0.115
0 0.5375 0.5375 0.02375 0.12875
0 0.49875 0.5475 0.0475 0.10875
0 0.80875 0.45625 0.01625 0.05
0 0.57 0.15625 0.01875 0.085
0 0.595 0.52875 0.015 0.1175
0 0.15125 0.425 0.0425 0.1625