0 0.6825 0.66375 0.0275 0.07875
0 0.72 0.665 0.02875 0.0875
0 0.20125 0.85125 0.03125 0.08125
0 0.18625 0.46875 0.06125 0.05625
0 0.7575 0.755 0.0625 0.05125
0 0.7025 0.75875 0.01875 0.04875
0 0.67875 0.7625 0.02375 0.04875
0 0.64625 0.7575 0.02625 0.05125
0 0.61125 0.76125 0.0375 0.04375
0 0.5675 0.75375 0.0475 0.05375
0 0.51625 0.76125 0.0475 0.0575
0 0.14375 0.84125 0.0375 0.06125
0 0.4675 0.75875 0.04625 0.0525
0 0.35125 0.76375 0.0775 0.055
0 0.28625 0.7625 0.05 0.055
0 0.21875 0.76625 0.07125 0.0525
0 0.1525 0.76625 0.055 0.05125
0 0.85 0.68375 0.05 0.04125
0 0.79625 0.675 0.05 0.0625
0 0.75125 0.66375 0.03375 0.09
0 0.42125 0.75875 0.04625 0.05375
0 0.19625 0.5175 0.05125 0.035
0 0.6525 0.6625 0.02875 0.08125
0 0.275 0.8525 0.03125 0.085
0 0.17875 0.4 0.05625 0.06375
0 0.84625 0.8425 0.03125 0.08625
0 0.80875 0.84375 0.03625 0.085
0 0.775 0.8475 0.02875 0.08625
0 0.73375 0.8475 0.035 0.08875
0 0.695 0.85625 0.0325 0.075
0 0.66125 0.85625 0.0275 0.07625
0 0.23625 0.84875 0.03 0.085
0 0.62375 0.85625 0.02625 0.08
0 0.565 0.85625 0.02625 0.0775
0 0.53625 0.86 0.02875 0.07375
0 0.5025 0.86125 0.0325 0.075
0 0.435 0.8525 0.03375 0.09125
0 0.39875 0.8525 0.03375 0.09
0 0.36125 0.85125 0.035 0.08625
0 0.3125 0.85125 0.03625 0.0875
0 0.595 0.85625 0.02875 0.075
0 0.625 0.66375 0.025 0.08125
0 0.58625 0.55875 0.04 0.075
0 0.565 0.66125 0.0275 0.08125
0 0.785 0.0425 0.06625 0.035
0 0.78625 0.08875 0.0625 0.03875
0 0.84875 0.0875 0.05125 0.0375
0 0.84625 0.05 0.055 0.02875
0 0.84625 0.0175 0.055 0.0325
0 0.16625 0.2225 0.0825 0.04
0 0.2275 0.22875 0.03625 0.06375
0 0.2675 0.22875 0.0275 0.065
0 0.3025 0.225 0.0375 0.07125
0 0.34375 0.22375 0.04125 0.0825
0 0.385 0.21875 0.0375 0.0825
0 0.72875 0.07625 0.03875 0.06875
0 0.42875 0.2225 0.04375 0.08
0 0.59375 0.66 0.03 0.07875
0 0.525 0.225 0.04625 0.06875
0 0.57 0.21875 0.03875 0.08
0 0.62375 0.14375 0.0425 0.01875
0 0.61875 0.16375 0.0425 0.01375
0 0.62125 0.21625 0.04375 0.08375
0 0.6975 0.21625 0.0425 0.07625
0 0.745 0.21875 0.045 0.07
0 0.78875 0.21625 0.04 0.0725
0 0.83375 0.21375 0.04375 0.07375
0 0.24 0.33 0.0625 0.09875
0 0.47375 0.16625 0.045 0.03
0 0.29 0.34875 0.035 0.06
0 0.68625 0.0825 0.0275 0.06125
0 0.6175 0.07875 0.03875 0.07125
0 0.22125 0.1025 0.0625 0.0425
0 0.22 0.06 0.06125 0.03875
0 0.2175 0.01875 0.06125 0.03625
0 0.1625 0.09625 0.0525 0.0525
0 0.28375 0.0475 0.05125 0.025
0 0.2825 0.0775 0.05125 0.02875
0 0.28375 0.10875 0.05125 0.025
0 0.33375 0.0125 0.05375 0.02125
0 0.33875 0.03875 0.05 0.02625
0 0.34 0.0625 0.0525 0.01875
0 0.33625 0.085 0.04875 0.02125
0 0.655 0.07125 0.03375 0.08125
0 0.3425 0.11 0.05375 0.01875
0 0.3875 0.055 0.04 0.02125
0 0.38875 0.08 0.03875 0.0225
0 0.39125 0.10625 0.04 0.025
0 0.425 0.035 0.02625 0.0525
0 0.42625 0.0925 0.02625 0.05625
0 0.455 0.03875 0.025 0.05625
0 0.45625 0.095 0.02375 0.04875
0 0.48875 0.065 0.03625 0.10125
0 0.525 0.065 0.035 0.10375
0 0.5625 0.0625 0.035 0.105
0 0.59 0.08875 0.015 0.05125
0 0.3875 0.02875 0.0375 0.02625
0 0.33875 0.3275 0.06125 0.09875
0 0.48 0.2225 0.0425 0.07625
0 0.38875 0.305 0.03125 0.0225
0 0.47625 0.67125 0.02625 0.07625
0 0.45125 0.67125 0.0225 0.07625
0 0.4225 0.67375 0.0275 0.07375
0 0.38625 0.6675 0.02125 0.09
0 0.3575 0.6675 0.02625 0.0875
0 0.33375 0.6675 0.02 0.0875
0 0.31 0.6675 0.02625 0.085
0 0.3925 0.34625 0.035 0.05875
0 0.28125 0.68375 0.02125 0.04875
0 0.22875 0.58625 0.04375 0.05
0 0.285 0.5625 0.035 0.07875
0 0.32375 0.55875 0.04 0.09
0 0.36125 0.55875 0.0325 0.09
0 0.4 0.5625 0.04375 0.085
0 0.45125 0.55625 0.05625 0.0925
0 0.50125 0.5625 0.04 0.08125
0 0.5425 0.56375 0.0425 0.08625
0 0.2575 0.6875 0.015 0.05125
0 0.63 0.56 0.03625 0.08375
0 0.67 0.55625 0.04 0.08375
0 0.72625 0.555 0.06625 0.1
0 0.78375 0.5625 0.04 0.0725
0 0.84 0.55125 0.055 0.095
0 0.155 0.69 0.04 0.0525
0 0.2275 0.69 0.02125 0.04625
0 0.20375 0.69375 0.015 0.045
0 0.5375 0.6675 0.025 0.07625
0 0.50875 0.6675 0.02875 0.07625
0 0.45 0.455 0.0475 0.07375
0 0.43625 0.325 0.05375 0.09625
0 0.49 0.325 0.04625 0.1
0 0.53875 0.33375 0.04125 0.0775
0 0.58625 0.3225 0.0475 0.1
0 0.6425 0.3225 0.05375 0.0975
0 0.7325 0.33 0.055 0.08
0 0.78125 0.32875 0.04125 0.08125
0 0.82875 0.33 0.055 0.07125
0 0.255 0.45 0.06 0.095
0 0.305 0.46625 0.03625 0.06
0 0.30125 0.41625 0.03125 0.02375
0 0.3525 0.445 0.05375 0.09875
0 0.4025 0.4575 0.03625 0.07125
0 0.18625 0.69375 0.01875 0.04375
0 0.555 0.45125 0.04 0.075
0 0.59625 0.45 0.03625 0.0775
0 0.6425 0.44 0.05125 0.1
0 0.70375 0.4375 0.06875 0.10125
0 0.76125 0.445 0.04125 0.08375
0 0.805 0.445 0.04125 0.0825
0 0.84375 0.44125 0.03375 0.08125
0 0.14125 0.6025 0.0275 0.0725
0 0.17 0.60125 0.0275 0.07375
0 0.5125 0.45625 0.04125 0.0675