0 0.63875 0.64875 0.035 0.09375
0 0.3625 0.65875 0.0325 0.09
0 0.56375 0.66125 0.055 0.06875
0 0.51875 0.65125 0.0325 0.0925
0 0.48625 0.65625 0.03125 0.0925
0 0.45375 0.6575 0.03 0.0825
0 0.425 0.65875 0.03 0.0825
0 0.39625 0.6575 0.03125 0.0875
0 0.17 0.6625 0.0275 0.09
0 0.275 0.66375 0.02875 0.0775
0 0.24625 0.66625 0.03125 0.08125
0 0.19875 0.6675 0.03 0.08375
0 0.14125 0.6625 0.03 0.09
0 0.155 0.54375 0.04 0.09375
0 0.19875 0.54 0.04375 0.0975
0 0.8125 0.8225 0.0325 0.05875
0 0.725 0.6675 0.0525 0.07375
0 0.3075 0.6675 0.03 0.08375
0 0.78 0.66 0.06 0.0775
0 0.395 0.75 0.04875 0.05625
0 0.79625 0.765 0.03875 0.02625
0 0.56125 0.8575 0.0375 0.085
0 0.51875 0.86 0.03125 0.0725
0 0.48875 0.86 0.03125 0.0725
0 0.4575 0.86125 0.03125 0.07
0 0.42625 0.8625 0.03 0.07125
0 0.39375 0.86 0.035 0.0725
0 0.3625 0.86375 0.0275 0.0775
0 0.3325 0.86375 0.03125 0.075
0 0.2975 0.8675 0.03375 0.08375
0 0.20875 0.85875 0.03125 0.08
0 0.83625 0.6575 0.04625 0.07875
0 0.1825 0.75375 0.0875 0.0525
0 0.345 0.74875 0.05125 0.05875
0 0.44 0.75125 0.0375 0.05125
0 0.48 0.75 0.03625 0.05
0 0.51375 0.75125 0.02625 0.0525
0 0.5375 0.75125 0.02 0.04625
0 0.56375 0.75125 0.025 0.05125
0 0.59375 0.74875 0.0275 0.05875
0 0.62875 0.74625 0.0325 0.06
0 0.84 0.7625 0.04 0.02875
0 0.79625 0.735 0.045 0.02625
0 0.2975 0.74125 0.045 0.045
0 0.1725 0.17125 0.04125 0.08
0 0.27 0.2875 0.05875 0.11375
0 0.2675 0.1675 0.05 0.08625
0 0.17875 0.4125 0.05 0.11375
0 0.22625 0.44125 0.0425 0.065
0 0.27 0.43625 0.04 0.06625
0 0.32625 0.4175 0.05875 0.10375
0 0.375 0.4325 0.04 0.0675
0 0.43125 0.41375 0.04875 0.1075
0 0.48 0.43125 0.0425 0.08375
0 0.5275 0.41625 0.05125 0.10125
0 0.5875 0.41375 0.06375 0.1075
0 0.64375 0.425 0.04875 0.09
0 0.69375 0.42 0.04125 0.08875
0 0.7775 0.41875 0.05125 0.09125
0 0.8525 0.42125 0.04375 0.095
0 0.85 0.54 0.03125 0.085
0 0.79625 0.53625 0.055 0.11125
0 0.73375 0.54625 0.05 0.09
0 0.67375 0.535 0.06 0.09875
0 0.61625 0.50125 0.03875 0.02375
0 0.6125 0.55125 0.035 0.06875
0 0.55625 0.54125 0.04125 0.08875
0 0.50625 0.54625 0.055 0.085
0 0.4375 0.54375 0.0475 0.09
0 0.3925 0.5375 0.04375 0.095
0 0.33625 0.5375 0.06 0.1025
0 0.28125 0.545 0.04625 0.0925
0 0.24 0.5425 0.035 0.09625
0 0.74875 0.82375 0.03125 0.06375
0 0.1625 0.28625 0.0525 0.1225
0 0.215 0.31 0.04875 0.07125
0 0.3225 0.31125 0.04375 0.0675
0 0.37125 0.2875 0.05 0.115
0 0.31625 0.1675 0.0425 0.08625
0 0.365 0.1725 0.04625 0.0775
0 0.41125 0.17375 0.0475 0.075
0 0.55125 0.1725 0.04125 0.07375
0 0.2175 0.1675 0.045 0.08375
0 0.6 0.16875 0.0425 0.08125
0 0.65 0.16625 0.045 0.09
0 0.79125 0.165 0.04125 0.0875
0 0.83625 0.29875 0.05125 0.08375
0 0.78125 0.82125 0.03 0.0525
0 0.73125 0.30125 0.05125 0.0875
0 0.68 0.305 0.03875 0.0775
0 0.62625 0.30125 0.05625 0.08375
0 0.42625 0.305 0.05 0.0825
0 0.5775 0.255 0.045 0.03375
0 0.4825 0.2875 0.0525 0.1175
0 0.53 0.305 0.02375 0.075
0 0.57375 0.30875 0.04125 0.065
0 0.7825 0.30125 0.04375 0.07875