0 0.64 0.72375 0.01625 0.05625
0 0.69125 0.6925 0.0225 0.09375
0 0.66125 0.70375 0.025 0.08
0 0.62 0.73125 0.01625 0.0525
0 0.625 0.6 0.01875 0.06125
0 0.575 0.74875 0.025 0.05
0 0.32125 0.835 0.0225 0.06375
0 0.29375 0.84125 0.03 0.05625
0 0.2575 0.85375 0.0375 0.08125
0 0.2225 0.8675 0.02625 0.065
0 0.1875 0.8775 0.0375 0.08625
0 0.14625 0.89375 0.04125 0.0575
0 0.60375 0.60375 0.01625 0.06625
0 0.66 0.59 0.01 0.05375
0 0.64375 0.59375 0.0175 0.06
0 0.59875 0.74 0.01875 0.0575
0 0.21875 0.46 0.04875 0.0775
0 0.26375 0.45375 0.0375 0.08375
0 0.3 0.45125 0.035 0.0775
0 0.34125 0.435 0.035 0.07125
0 0.3775 0.4325 0.03375 0.06625
0 0.41125 0.43 0.03125 0.06875
0 0.445 0.42625 0.03 0.06375
0 0.3525 0.81875 0.025 0.07875
0 0.37625 0.80625 0.01875 0.09375
0 0.26 0.025 0.0425 0.0475
0 0.3025 0.02625 0.035 0.05
0 0.83375 0.07125 0.03 0.05875
0 0.7975 0.06625 0.03375 0.05875
0 0.76 0.05875 0.035 0.0625
0 0.72625 0.0575 0.03125 0.06375
0 0.69625 0.055 0.02 0.07
0 0.67 0.055 0.02625 0.0675
0 0.64125 0.0525 0.025 0.0725
0 0.61 0.04875 0.03375 0.07125
0 0.475 0.41875 0.02625 0.0675
0 0.57875 0.0475 0.025 0.0725
0 0.52125 0.03875 0.03125 0.07
0 0.4875 0.0375 0.03125 0.07125
0 0.4525 0.0375 0.035 0.06875
0 0.415 0.035 0.035 0.06375
0 0.38 0.03375 0.0325 0.065
0 0.3425 0.03 0.0375 0.0575
0 0.17125 0.02375 0.04375 0.04125
0 0.21625 0.025 0.0425 0.04625
0 0.5525 0.04375 0.02625 0.075
0 0.5 0.41625 0.02125 0.065
0 0.52375 0.4125 0.0225 0.06375
0 0.55125 0.41 0.02375 0.0575
0 0.66 0.495 0.025 0.06375
0 0.68375 0.49125 0.02125 0.05625
0 0.15125 0.72375 0.04375 0.07
0 0.19375 0.71375 0.03875 0.085
0 0.23625 0.705 0.0425 0.07125
0 0.27625 0.69125 0.02875 0.08375
0 0.31375 0.69 0.0375 0.0575
0 0.34625 0.68375 0.02625 0.0675
0 0.63625 0.50375 0.01875 0.05875
0 0.37625 0.675 0.03 0.0525
0 0.43625 0.6525 0.025 0.05875
0 0.46125 0.6475 0.0225 0.06125
0 0.48375 0.64125 0.01625 0.05375
0 0.5025 0.6375 0.02125 0.0625
0 0.5225 0.63 0.01875 0.05375
0 0.5425 0.62125 0.0175 0.06375
0 0.565 0.62 0.02375 0.06125
0 0.58625 0.61375 0.0175 0.0525
0 0.4075 0.65875 0.02875 0.07125
0 0.8625 0.0725 0.02375 0.055
0 0.6125 0.505 0.0225 0.05875
0 0.565 0.5125 0.01875 0.06625
0 0.575 0.40875 0.02 0.05875
0 0.59875 0.40625 0.025 0.055
0 0.6225 0.40375 0.02 0.05
0 0.64375 0.4 0.0175 0.05625
0 0.665 0.3975 0.01875 0.0525
0 0.685 0.3925 0.01875 0.05875
0 0.14875 0.58875 0.04625 0.08125
0 0.19375 0.5825 0.0375 0.09
0 0.5875 0.50875 0.02625 0.05875
0 0.2375 0.575 0.04375 0.07625
0 0.3175 0.56125 0.04 0.07125
0 0.35375 0.555 0.02875 0.07625
0 0.38875 0.55 0.035 0.06875
0 0.42625 0.54375 0.035 0.07875
0 0.46 0.53375 0.02875 0.0625
0 0.49125 0.53 0.02875 0.0675
0 0.52 0.525 0.02125 0.06
0 0.54375 0.51875 0.02125 0.0625
0 0.2775 0.56625 0.03125 0.08625
0 0.1425 0.15625 0.03375 0.11875
0 0.6775 0.58625 0.01875 0.0575
0 0.20875 0.1575 0.03125 0.1125
0 0.75875 0.4675 0.02 0.05125
0 0.455 0.3 0.02875 0.0625
0 0.7825 0.45375 0.02375 0.07375
0 0.4525 0.7925 0.025 0.05
0 0.48 0.78125 0.02375 0.05875
0 0.81375 0.455 0.03375 0.04125
0 0.8425 0.44875 0.01875 0.05375
0 0.865 0.45 0.02 0.03625
0 0.73 0.5875 0.055 0.0425
0 0.775 0.5725 0.03125 0.03875
0 0.8125 0.56 0.03 0.04375
0 0.85375 0.53625 0.0425 0.065
0 0.72375 0.68125 0.0375 0.06875
0 0.7625 0.665 0.0375 0.055
0 0.81 0.65125 0.05375 0.06875
0 0.14125 0.46875 0.03125 0.0825
0 0.1775 0.465 0.0325 0.0875
0 0.7375 0.47125 0.01875 0.06
0 0.42625 0.30125 0.02625 0.065
0 0.71125 0.49 0.03 0.02625
0 0.86 0.34125 0.0175 0.07375
0 0.485 0.29625 0.03 0.06375
0 0.51375 0.29625 0.0225 0.06125
0 0.17625 0.155 0.02625 0.115
0 0.5375 0.29375 0.0225 0.06
0 0.565 0.295 0.025 0.05875
0 0.58875 0.2925 0.01875 0.06125
0 0.64 0.29375 0.02625 0.05125
0 0.66375 0.29125 0.02 0.05
0 0.6875 0.28875 0.02375 0.0475
0 0.7125 0.375 0.035 0.0425
0 0.7425 0.365 0.02 0.05875
0 0.77625 0.35125 0.0225 0.06875
0 0.79875 0.35 0.01625 0.06875
0 0.4 0.7975 0.02375 0.08125
0 0.42625 0.80375 0.02625 0.0575
0 0.8175 0.34625 0.0175 0.065
0 0.84 0.34125 0.02 0.07125
0 0.7125 0.44375 0.025 0.03875
0 0.39375 0.31 0.03125 0.0525
0 0.85625 0.625 0.03625 0.0475
0 0.31375 0.31625 0.0375 0.0875
0 0.7225 0.19125 0.0375 0.10125
0 0.67125 0.185 0.03125 0.06875
0 0.6425 0.185 0.0175 0.06875
0 0.355 0.31625 0.0375 0.075
0 0.58375 0.17125 0.02125 0.095
0 0.55875 0.16875 0.025 0.105
0 0.535 0.16625 0.01625 0.10375
0 0.51375 0.165 0.02125 0.1075
0 0.4925 0.165 0.01875 0.10625
0 0.47 0.165 0.0225 0.10625
0 0.4475 0.165 0.02 0.1075
0 0.4225 0.1625 0.02625 0.115
0 0.39875 0.16125 0.01875 0.11375
0 0.375 0.16375 0.02625 0.10875
0 0.34625 0.1625 0.0225 0.11
0 0.32125 0.16375 0.0225 0.11
0 0.295 0.16 0.03 0.1025
0 0.265 0.16 0.025 0.10625
0 0.24 0.15875 0.025 0.10625
0 0.7575 0.18875 0.03 0.1025
0 0.7875 0.18875 0.025 0.09875
0 0.615 0.17375 0.0325 0.0925
0 0.5275 0.7625 0.02125 0.05875
0 0.55125 0.755 0.01875 0.06375
0 0.27625 0.31375 0.03375 0.09
0 0.23375 0.3175 0.04625 0.08875
0 0.1875 0.32 0.0375 0.09125
0 0.145 0.3225 0.04 0.09125
0 0.8675 0.195 0.01375 0.09375
0 0.82 0.19 0.0375 0.09625
0 0.85125 0.1925 0.02 0.085
0 0.505 0.775 0.02125 0.06375