0 0.7425 0.19875 0.0275 0.055
0 0.2675 0.41125 0.02625 0.0875
0 0.2025 0.6275 0.03875 0.07125
0 0.14 0.295 0.03 0.09375
0 0.20625 0.30625 0.04875 0.04875
0 0.25625 0.3 0.045 0.06125
0 0.2975 0.29875 0.03625 0.08875
0 0.3625 0.29875 0.03375 0.09
0 0.3975 0.29625 0.0325 0.09375
0 0.4325 0.3 0.0325 0.0925
0 0.46625 0.30125 0.03 0.09125
0 0.14625 0.40875 0.02875 0.0925
0 0.1775 0.40875 0.03 0.0925
0 0.2075 0.40875 0.0275 0.09375
0 0.2375 0.40875 0.02875 0.0925
0 0.785 0.1925 0.05125 0.06875
0 0.2975 0.41375 0.02875 0.09
0 0.32875 0.4125 0.03125 0.0875
0 0.3625 0.415 0.03125 0.08875
0 0.395 0.4125 0.02875 0.08875
0 0.42875 0.415 0.03125 0.0875
0 0.48375 0.41625 0.02875 0.085
0 0.245 0.62625 0.04 0.0725
0 0.6275 0.41375 0.02625 0.09125
0 0.49875 0.30125 0.03125 0.09375
0 0.6575 0.41375 0.02625 0.09
0 0.52875 0.30375 0.02 0.08875
0 0.69625 0.30125 0.02875 0.08875
0 0.6325 0.19 0.02375 0.07375
0 0.86 0.19 0.02875 0.0725
0 0.8275 0.20125 0.0275 0.0475
0 0.66 0.19 0.0275 0.0725
0 0.6825 0.19375 0.0175 0.07
0 0.70875 0.1925 0.02875 0.07
0 0.51625 0.19 0.0325 0.0725
0 0.48375 0.17625 0.0275 0.1
0 0.4525 0.1775 0.02875 0.0925
0 0.41625 0.1775 0.03125 0.095
0 0.17125 0.1875 0.05 0.07125
0 0.21375 0.17625 0.03 0.0925
0 0.2475 0.17625 0.03 0.0925
0 0.28625 0.17875 0.02875 0.09
0 0.3175 0.1775 0.0225 0.08875
0 0.3475 0.1775 0.03125 0.09375
0 0.38125 0.1775 0.0325 0.09375
0 0.83875 0.2975 0.03375 0.07125
0 0.80125 0.2975 0.0275 0.0725
0 0.7625 0.3025 0.0325 0.09
0 0.7275 0.3025 0.0275 0.09125
0 0.6625 0.3025 0.03125 0.09
0 0.6875 0.4125 0.03125 0.09125
0 0.51875 0.41125 0.035 0.09875
0 0.75625 0.41375 0.03625 0.0925
0 0.7175 0.6175 0.05125 0.06875
0 0.72125 0.4125 0.02875 0.09125
0 0.82125 0.58625 0.0275 0.06
0 0.8475 0.5825 0.01875 0.06
0 0.85125 0.6825 0.0475 0.10125
0 0.78375 0.6725 0.035 0.07875
0 0.73375 0.7225 0.0575 0.0775
0 0.67 0.71125 0.05 0.07125
0 0.80875 0.7875 0.03875 0.085
0 0.85125 0.7875 0.04 0.08625
0 0.775 0.7875 0.02125 0.085
0 0.64875 0.7925 0.0375 0.04375
0 0.52125 0.80875 0.035 0.0425
0 0.325 0.785 0.075 0.02875
0 0.165 0.73375 0.0375 0.04125
0 0.2025 0.735 0.03 0.0375
0 0.24 0.72875 0.03 0.03625
0 0.1575 0.77875 0.01875 0.01875
0 0.1825 0.79625 0.025 0.02375
0 0.21125 0.81 0.0275 0.02625
0 0.16 0.6275 0.04375 0.0725
0 0.6675 0.625 0.0425 0.0625
0 0.49 0.61125 0.05625 0.06
0 0.79 0.58625 0.03 0.05875
0 0.1925 0.52 0.0275 0.09125
0 0.82875 0.395 0.03125 0.08125
0 0.86125 0.3975 0.0275 0.08125
0 0.85875 0.49 0.0325 0.07625
0 0.82375 0.49125 0.0325 0.07375
0 0.7925 0.49625 0.025 0.06125
0 0.75125 0.51625 0.02 0.0875
0 0.7225 0.525 0.0325 0.0875
0 0.225 0.52 0.02875 0.0925
0 0.65625 0.52375 0.03125 0.09
0 0.625 0.52375 0.02375 0.0875
0 0.68875 0.525 0.03 0.08875
0 0.485 0.52375 0.03125 0.08875
0 0.4525 0.5225 0.03 0.0875
0 0.42 0.5275 0.02875 0.07875
0 0.39 0.52875 0.0275 0.08
0 0.36 0.52625 0.02625 0.08
0 0.32875 0.525 0.02875 0.0825
0 0.29875 0.52625 0.0275 0.08
0 0.51875 0.52375 0.0275 0.0875
0 0.2625 0.5175 0.0375 0.095
0 0.13625 0.52 0.02125 0.09375
0 0.16375 0.51875 0.02625 0.0925