0 0.6825 0.3175 0.02125 0.1
0 0.70875 0.315 0.02375 0.1025
0 0.6025 0.615 0.045 0.04125
0 0.65125 0.55375 0.04875 0.045
0 0.6025 0.5625 0.04375 0.045
0 0.55125 0.62625 0.04375 0.045
0 0.5 0.58 0.04875 0.04875
0 0.55 0.5725 0.0475 0.04375
0 0.66 0.32 0.02125 0.0975
0 0.4425 0.65125 0.05 0.0425
0 0.38375 0.66125 0.0525 0.04125
0 0.445 0.59 0.04875 0.04625
0 0.3825 0.60125 0.065 0.0525
0 0.32 0.6725 0.0625 0.04625
0 0.5 0.63625 0.0475 0.04125
0 0.635 0.32125 0.02 0.09625
0 0.5675 0.32625 0.02125 0.09875
0 0.58875 0.325 0.01875 0.0975
0 0.15625 0.3475 0.03125 0.12625
0 0.1925 0.345 0.03375 0.1225
0 0.2325 0.34125 0.03375 0.125
0 0.26625 0.34 0.02875 0.12375
0 0.3 0.33875 0.03125 0.1275
0 0.33625 0.335 0.0325 0.12
0 0.6125 0.32125 0.02 0.09875
0 0.3675 0.3325 0.02625 0.11875
0 0.4325 0.3325 0.025 0.1125
0 0.46375 0.33125 0.02625 0.1125
0 0.495 0.3275 0.0275 0.11125
0 0.52375 0.32625 0.02 0.11125
0 0.54375 0.3275 0.01375 0.09875
0 0.31625 0.61125 0.06 0.04625
0 0.40125 0.3325 0.03 0.115
0 0.25375 0.68875 0.065 0.04875
0 0.1825 0.70625 0.0675 0.05375
0 0.85875 0.12375 0.03125 0.15375
0 0.3875 0.515 0.055 0.05125
0 0.39 0.45 0.065 0.06125
0 0.3175 0.46 0.05875 0.05875
0 0.3225 0.525 0.06 0.0525
0 0.25125 0.535 0.06375 0.0525
0 0.17375 0.545 0.0775 0.0575
0 0.24625 0.4675 0.07375 0.06125
0 0.16875 0.47625 0.0725 0.06125
0 0.86375 0.30375 0.0225 0.0975
0 0.84 0.305 0.02 0.09875
0 0.8175 0.3075 0.01875 0.09625
0 0.79625 0.30875 0.01625 0.09875
0 0.77625 0.31125 0.0175 0.1025
0 0.75375 0.31125 0.01875 0.1025
0 0.7325 0.315 0.0175 0.10375
0 0.45125 0.4475 0.0525 0.05375
0 0.2475 0.62375 0.06875 0.05375
0 0.5075 0.44 0.05125 0.0525
0 0.50625 0.49875 0.04875 0.04875
0 0.17375 0.64 0.07375 0.05625
0 0.84 0.45125 0.0425 0.03875
0 0.79625 0.45875 0.03625 0.04375
0 0.75125 0.465 0.03625 0.04375
0 0.7075 0.4725 0.04 0.04125
0 0.66 0.4775 0.0425 0.04
0 0.61125 0.48375 0.04375 0.045
0 0.56125 0.4925 0.04625 0.0475
0 0.84625 0.4025 0.04375 0.04625
0 0.79875 0.40625 0.03875 0.045
0 0.75625 0.4125 0.04 0.04625
0 0.7125 0.4175 0.04125 0.0475
0 0.66375 0.425 0.04125 0.04875
0 0.615 0.43 0.0475 0.05
0 0.5625 0.435 0.05 0.05125
0 0.44875 0.5075 0.0525 0.05
0 0.82125 0.12375 0.03125 0.15375
0 0.69875 0.11875 0.035 0.17
0 0.74 0.11875 0.03875 0.16875
0 0.60625 0.8425 0.04375 0.0375
0 0.605 0.795 0.04625 0.04
0 0.605 0.74375 0.04375 0.035
0 0.85625 0.62125 0.0375 0.03875
0 0.7825 0.6475 0.02875 0.035
0 0.7425 0.66125 0.03625 0.04
0 0.65625 0.8275 0.04375 0.035
0 0.69875 0.6725 0.04125 0.0425
0 0.605 0.695 0.0425 0.045
0 0.55625 0.85625 0.04 0.0425
0 0.50375 0.87 0.0475 0.04375
0 0.555 0.80625 0.045 0.04
0 0.50125 0.82 0.05 0.04
0 0.55125 0.7575 0.04625 0.0375
0 0.6525 0.6825 0.04125 0.04375
0 0.65125 0.73125 0.0425 0.0375
0 0.6975 0.71875 0.035 0.0375
0 0.6975 0.76625 0.0375 0.03375
0 0.21 0.1 0.0625 0.19125
0 0.15 0.0975 0.04625 0.1925
0 0.8575 0.755 0.035 0.03125
0 0.85625 0.71125 0.03125 0.02625
0 0.8575 0.67 0.03375 0.03125
0 0.82 0.76875 0.0275 0.0375
0 0.81875 0.72375 0.02875 0.03375
0 0.81875 0.67875 0.03375 0.03375
0 0.7825 0.7825 0.03125 0.03375
0 0.78375 0.7375 0.03125 0.0325
0 0.7825 0.6925 0.03125 0.03625
0 0.7425 0.79875 0.04125 0.0325
0 0.74125 0.75375 0.04 0.03
0 0.74125 0.70625 0.03625 0.0325
0 0.7 0.8125 0.035 0.03125
0 0.49875 0.7675 0.04875 0.04
0 0.78125 0.12 0.03625 0.17
0 0.5525 0.705 0.04875 0.0475
0 0.4475 0.8875 0.05125 0.03875
0 0.7825 0.52875 0.0375 0.0425
0 0.74 0.58625 0.0375 0.035
0 0.74 0.53875 0.03625 0.0425
0 0.69625 0.59625 0.0375 0.0375
0 0.6975 0.545 0.03875 0.04125
0 0.65125 0.605 0.04125 0.03875
0 0.8325 0.5225 0.04875 0.0425
0 0.275 0.0975 0.05625 0.1925
0 0.4025 0.105 0.0575 0.19625
0 0.46125 0.10625 0.04625 0.1875
0 0.51375 0.11125 0.045 0.18375
0 0.565 0.11375 0.04625 0.1725
0 0.6125 0.1125 0.0425 0.1725
0 0.65625 0.11375 0.045 0.175
0 0.33625 0.10125 0.05375 0.19625
0 0.78375 0.5775 0.035 0.04125
0 0.8225 0.57125 0.0275 0.04
0 0.185 0.845 0.06375 0.05
0 0.44625 0.83625 0.04875 0.04
0 0.44375 0.7825 0.05 0.03875
0 0.43875 0.7275 0.05375 0.0475
0 0.39 0.90375 0.05375 0.03875
0 0.3875 0.85125 0.05375 0.03875
0 0.3825 0.7975 0.0525 0.0425
0 0.33125 0.92375 0.0525 0.0425
0 0.3275 0.86875 0.055 0.04125
0 0.32125 0.8125 0.05625 0.0425
0 0.31125 0.755 0.065 0.0475
0 0.26875 0.9425 0.05625 0.0425
0 0.2625 0.8875 0.05125 0.04375
0 0.25375 0.83125 0.05875 0.045
0 0.19875 0.965 0.065 0.0475
0 0.1925 0.9075 0.05875 0.04
0 0.4975 0.71625 0.05375 0.04375
0 0.65375 0.78 0.03875 0.04