0 0.2825 0.37125 0.015 0.08375
0 0.635 0.6875 0.0325 0.09625
0 0.6 0.6775 0.03 0.0975
0 0.56875 0.67 0.025 0.09625
0 0.53875 0.6575 0.03125 0.1075
0 0.5025 0.65125 0.03 0.0925
0 0.4675 0.64375 0.03125 0.09875
0 0.435 0.6375 0.02875 0.08625
0 0.4075 0.63625 0.02 0.09
0 0.385 0.62875 0.0225 0.07875
0 0.36 0.62625 0.02 0.0825
0 0.3375 0.61875 0.02125 0.07625
0 0.315 0.6175 0.015 0.075
0 0.29375 0.6125 0.01875 0.075
0 0.27375 0.6075 0.0175 0.075
0 0.8525 0.75625 0.0325 0.085
0 0.255 0.6025 0.015 0.0725
0 0.61375 0.5425 0.025 0.10375
0 0.5825 0.53875 0.0275 0.10125
0 0.55 0.53625 0.0275 0.10125
0 0.52 0.53125 0.0225 0.09
0 0.49 0.5225 0.0275 0.10625
0 0.45625 0.5175 0.02625 0.09625
0 0.425 0.52 0.02875 0.09
0 0.39375 0.51125 0.02875 0.09125
0 0.68375 0.4825 0.02625 0.0825
0 0.13875 0.6875 0.015 0.07875
0 0.15625 0.69 0.0125 0.08125
0 0.1725 0.695 0.015 0.085
0 0.19125 0.6975 0.0175 0.0925
0 0.2125 0.70375 0.01875 0.09
0 0.23625 0.6 0.01875 0.07125
0 0.23375 0.71125 0.01875 0.09
0 0.53125 0.24625 0.02875 0.095
0 0.46375 0.25 0.025 0.08625
0 0.815 0.74875 0.03125 0.08125
0 0.77875 0.7375 0.03125 0.0775
0 0.74125 0.73125 0.03 0.07375
0 0.7075 0.72 0.0275 0.07
0 0.6775 0.7125 0.025 0.07125
0 0.8225 0.63 0.03625 0.0675
0 0.74875 0.61125 0.02875 0.07625
0 0.835 0.9125 0.03125 0.07625
0 0.64625 0.55125 0.03125 0.09375
0 0.13125 0.57875 0.0125 0.07
0 0.1475 0.58125 0.01375 0.06625
0 0.16375 0.585 0.015 0.06875
0 0.185 0.58625 0.0225 0.07
0 0.71875 0.48625 0.03 0.0775
0 0.49625 0.24875 0.03 0.08875
0 0.75375 0.48875 0.0275 0.0825
0 0.83125 0.49875 0.03 0.0875
0 0.8625 0.50125 0.0225 0.0875
0 0.26375 0.37375 0.01875 0.07875
0 0.18375 0.26125 0.02 0.06875
0 0.20625 0.26 0.01875 0.07
0 0.2275 0.26 0.01875 0.07
0 0.25 0.26 0.01875 0.07375
0 0.27125 0.26 0.02 0.0725
0 0.295 0.255 0.01875 0.08125
0 0.32125 0.25375 0.025 0.08125
0 0.345 0.25375 0.0225 0.07875
0 0.3725 0.25375 0.02125 0.08125
0 0.39875 0.25125 0.02625 0.08375
0 0.43125 0.25125 0.03 0.0875
0 0.79375 0.495 0.03625 0.08
0 0.2525 0.7175 0.01375 0.08875
0 0.865 0.9325 0.01875 0.06875
0 0.295 0.735 0.01875 0.0825
0 0.16125 0.50625 0.01 0.02375
0 0.14625 0.50375 0.01375 0.02375
0 0.13125 0.5025 0.01125 0.025
0 0.4375 0.3825 0.02375 0.09
0 0.15625 0.47375 0.01875 0.0225
0 0.13625 0.47125 0.01625 0.025
0 0.16 0.365 0.02375 0.0825
0 0.19375 0.37125 0.02125 0.07625
0 0.22125 0.3725 0.02125 0.0775
0 0.24375 0.3725 0.0175 0.08
0 0.57 0.245 0.0375 0.0925
0 0.61 0.24375 0.0325 0.09875
0 0.65 0.2425 0.03375 0.1
0 0.6925 0.2525 0.0325 0.07125
0 0.175 0.51 0.01375 0.02
0 0.7325 0.245 0.04 0.08375
0 0.81375 0.25 0.03875 0.075
0 0.85625 0.24625 0.03625 0.0875
0 0.85375 0.3825 0.025 0.07
0 0.2725 0.7275 0.02125 0.08
0 0.8025 0.39375 0.02875 0.04375
0 0.76875 0.37125 0.0325 0.07875
0 0.73 0.36625 0.03625 0.075
0 0.69 0.36875 0.03375 0.075
0 0.64375 0.3925 0.03375 0.105
0 0.6075 0.3925 0.03125 0.10625
0 0.5725 0.39125 0.02875 0.10375
0 0.54 0.38875 0.02875 0.10625
0 0.505 0.385 0.0325 0.10875
0 0.46875 0.38125 0.03375 0.10625
0 0.775 0.25 0.035 0.0725
0 0.19125 0.5125 0.0125 0.0225
0 0.13625 0.365 0.02 0.08125
0 0.22375 0.515 0.01625 0.025
0 0.5675 0.81375 0.02375 0.1
0 0.79625 0.9 0.0325 0.08625
0 0.76 0.89 0.03 0.08
0 0.59625 0.825 0.025 0.10125
0 0.3875 0.38125 0.02 0.08875
0 0.365 0.37875 0.02125 0.0875
0 0.335 0.3475 0.02375 0.0475
0 0.3075 0.34625 0.02375 0.0475
0 0.30625 0.39625 0.02625 0.04375
0 0.33625 0.3975 0.0275 0.045
0 0.72875 0.88125 0.02875 0.075
0 0.69625 0.86375 0.02625 0.07375
0 0.6625 0.85875 0.03125 0.07875
0 0.625 0.83625 0.03 0.105
0 0.20625 0.51375 0.0125 0.02375
0 0.36375 0.5075 0.0275 0.0975
0 0.53625 0.80625 0.03125 0.10375
0 0.4125 0.38125 0.0225 0.0925
0 0.47125 0.7875 0.025 0.095
0 0.4425 0.775 0.025 0.10375
0 0.41375 0.765 0.025 0.1
0 0.385 0.7575 0.02375 0.1025
0 0.3425 0.5375 0.01375 0.025
0 0.36 0.7475 0.02125 0.1
0 0.335 0.745 0.01875 0.085
0 0.315 0.74 0.01875 0.08125
0 0.2425 0.5175 0.01625 0.02125
0 0.32375 0.5325 0.02 0.0225
0 0.30125 0.53 0.0175 0.02875
0 0.28 0.52625 0.01625 0.02875
0 0.5025 0.79625 0.02875 0.095
0 0.26 0.52125 0.01375 0.02375