0 0.17375 0.59875 0.0175 0.0875
0 0.77 0.19125 0.06625 0.0675
0 0.84 0.2575 0.06875 0.06125
0 0.64625 0.92625 0.04875 0.09375
0 0.73625 0.90375 0.1125 0.1225
0 0.84125 0.88875 0.06625 0.08625
0 0.8425 0.95875 0.065 0.05
0 0.27125 0.755 0.09375 0.0525
0 0.2675 0.7175 0.0975 0.0225
0 0.34875 0.72 0.05625 0.02375
0 0.41 0.72125 0.055 0.02625
0 0.35125 0.75875 0.06 0.0525
0 0.7675 0.2575 0.075 0.0625
0 0.70125 0.19625 0.06625 0.075
0 0.5675 0.185 0.0575 0.06625
0 0.6325 0.2425 0.06125 0.09375
0 0.4125 0.76125 0.0575 0.0525
0 0.59 0.925 0.06125 0.09
0 0.28625 0.60625 0.05625 0.03875
0 0.28875 0.64875 0.06125 0.04375
0 0.35125 0.64625 0.05625 0.0475
0 0.34875 0.605 0.0625 0.0325
0 0.415 0.65125 0.06 0.04625
0 0.41375 0.60875 0.06125 0.03875
0 0.56875 0.2525 0.06125 0.06625
0 0.5025 0.17875 0.065 0.05875
0 0.505 0.24625 0.0625 0.075
0 0.43 0.19375 0.0725 0.065
0 0.69375 0.2625 0.06125 0.055
0 0.46625 0.75 0.04625 0.075
0 0.5625 0.75625 0.04625 0.07375
0 0.43 0.25375 0.0725 0.05375
0 0.68125 0.0925 0.0625 0.055
0 0.61625 0.09375 0.06625 0.05125
0 0.83125 0.0325 0.08125 0.06
0 0.75625 0.03375 0.06875 0.065
0 0.68125 0.0325 0.065 0.06
0 0.62875 0.0325 0.035 0.0625
0 0.5675 0.04625 0.08625 0.04375
0 0.5525 0.0925 0.06 0.05
0 0.4875 0.09 0.06125 0.05625
0 0.74625 0.09375 0.065 0.0575
0 0.23125 0.64375 0.05125 0.04625
0 0.79875 0.7425 0.085 0.0375
0 0.79875 0.78375 0.08625 0.04375
0 0.695 0.7625 0.10625 0.07625
0 0.61375 0.7575 0.05 0.07125
0 0.4825 0.0325 0.05375 0.055
0 0.42125 0.04 0.06625 0.06125
0 0.425 0.09375 0.06125 0.04375
0 0.3525 0.08875 0.07125 0.04875
0 0.34 0.0325 0.07375 0.05875
0 0.2725 0.0275 0.05875 0.0525
0 0.26625 0.08125 0.0725 0.055
0 0.1875 0.02625 0.0725 0.05
0 0.19125 0.08 0.06625 0.0525
0 0.84 0.19125 0.06625 0.0675
0 0.14375 0.15125 0.01625 0.10625
0 0.1475 0.26125 0.0175 0.10625
0 0.51375 0.75125 0.05 0.0775
0 0.3525 0.1875 0.07625 0.065
0 0.355 0.24875 0.07625 0.05625
0 0.27875 0.18125 0.06875 0.06625
0 0.28375 0.3975 0.0725 0.04625
0 0.28375 0.34375 0.0725 0.05875
0 0.36125 0.3425 0.07 0.06
0 0.365 0.4 0.07875 0.0525
0 0.44 0.4025 0.065 0.0475
0 0.4375 0.3475 0.065 0.0525
0 0.50625 0.40125 0.06375 0.05875
0 0.1525 0.3675 0.0225 0.09625
0 0.50625 0.34375 0.0625 0.05625
0 0.5675 0.345 0.0525 0.055
0 0.56625 0.4025 0.05375 0.0575
0 0.62375 0.405 0.05625 0.06125
0 0.62375 0.345 0.0575 0.05375
0 0.685 0.40625 0.06375 0.06
0 0.685 0.34875 0.05625 0.0525
0 0.75 0.40875 0.06375 0.0525
0 0.82375 0.4125 0.06875 0.05875
0 0.765 0.355 0.0775 0.05125
0 0.54125 0.86625 0.04125 0.0775
0 0.53875 0.9325 0.045 0.05375
0 0.4875 0.86625 0.05375 0.08125
0 0.48875 0.93125 0.05125 0.0475
0 0.43625 0.9175 0.045 0.0775
0 0.38625 0.91875 0.05625 0.08125
0 0.3 0.88125 0.08625 0.055
0 0.31 0.9325 0.08625 0.04375
0 0.2225 0.93 0.08125 0.045
0 0.1975 0.76125 0.015 0.0775
0 0.18625 0.6825 0.02 0.07625
0 0.205 0.3425 0.0775 0.05625
0 0.20875 0.395 0.07 0.0475
0 0.84625 0.54875 0.055 0.0475
0 0.7775 0.49375 0.0775 0.04375
0 0.275 0.245 0.0775 0.06
0 0.1975 0.1825 0.07 0.06625
0 0.2 0.245 0.065 0.0575
0 0.83125 0.35375 0.0575 0.05
0 0.47625 0.655 0.0525 0.04625
0 0.47625 0.61125 0.05375 0.0375
0 0.5325 0.6575 0.055 0.04625
0 0.5325 0.61375 0.05125 0.04125
0 0.5875 0.645 0.0575 0.07375
0 0.6425 0.645 0.05 0.07625
0 0.715 0.6625 0.0925 0.05
0 0.71625 0.6175 0.0875 0.0375
0 0.79125 0.6675 0.05875 0.0475
0 0.7925 0.62375 0.05875 0.04
0 0.16375 0.46875 0.025 0.09125
0 0.84875 0.6775 0.0525 0.04125
0 0.22625 0.51875 0.0575 0.05625
0 0.29375 0.525 0.0675 0.05375
0 0.29625 0.47625 0.05125 0.0425
0 0.36375 0.48625 0.06875 0.0475
0 0.435 0.49 0.07 0.05
0 0.3675 0.535 0.07 0.03875
0 0.4475 0.53625 0.06875 0.04
0 0.50375 0.48625 0.05875 0.04375
0 0.56625 0.485 0.0625 0.04
0 0.57 0.53375 0.05875 0.05375
0 0.5125 0.53375 0.0575 0.05375
0 0.63875 0.5325 0.0625 0.065
0 0.6975 0.53375 0.05375 0.06875
0 0.7725 0.5425 0.09 0.05125
0 0.85 0.63375 0.04625 0.04875
0 0.82125 0.095 0.08125 0.05625