0 0.175 0.61125 0.0625 0.03625
0 0.17375 0.5675 0.065 0.045
0 0.17875 0.5025 0.04875 0.03375
0 0.24375 0.5675 0.06875 0.04625
0 0.60625 0.4625 0.08375 0.0425
0 0.245 0.61625 0.07125 0.045
0 0.31625 0.6175 0.06125 0.045
0 0.3925 0.5775 0.06 0.0475
0 0.46 0.58 0.06125 0.04
0 0.39 0.62125 0.06125 0.03625
0 0.4575 0.62125 0.06625 0.03625
0 0.52 0.57875 0.04625 0.0425
0 0.31875 0.56875 0.07375 0.045
0 0.7775 0.3325 0.03375 0.03
0 0.865 0.48625 0.01875 0.025
0 0.7775 0.39375 0.035 0.025
0 0.675 0.4475 0.05 0.0325
0 0.23875 0.5025 0.06375 0.03875
0 0.2375 0.4575 0.05625 0.045
0 0.30375 0.50125 0.06125 0.04
0 0.57 0.57625 0.05 0.0425
0 0.67625 0.48125 0.05 0.0325
0 0.72625 0.51625 0.04875 0.02875
0 0.30125 0.45875 0.05875 0.0425
0 0.37 0.45125 0.06875 0.04875
0 0.4475 0.5025 0.075 0.03625
0 0.4475 0.46125 0.07375 0.0425
0 0.52375 0.50375 0.07375 0.0375
0 0.525 0.46 0.07375 0.0425
0 0.605 0.50625 0.08125 0.035
0 0.3725 0.50125 0.07 0.045
0 0.7775 0.36375 0.035 0.03
0 0.72625 0.48375 0.045 0.03125
0 0.76875 0.51625 0.03125 0.03125
0 0.81 0.33625 0.02875 0.02625
0 0.8175 0.36625 0.04 0.02875
0 0.81875 0.395 0.04125 0.0225
0 0.8525 0.3325 0.04375 0.02875
0 0.85875 0.36375 0.0325 0.02875
0 0.86 0.3925 0.03125 0.025
0 0.7275 0.45 0.045 0.03625
0 0.6725 0.51375 0.05125 0.02875
0 0.1775 0.465 0.0525 0.0375
0 0.84125 0.48625 0.02375 0.03
0 0.84 0.5175 0.03125 0.0275
0 0.805 0.485 0.03875 0.03125
0 0.80375 0.51625 0.035 0.0275
0 0.7675 0.4825 0.02875 0.0325
0 0.86625 0.51625 0.01625 0.0275
0 0.57125 0.62 0.05375 0.04
0 0.37875 0.3825 0.07875 0.05
0 0.625 0.565 0.045 0.02875
0 0.855 0.75125 0.0375 0.0225
0 0.78375 0.71625 0.09125 0.03625
0 0.7875 0.75125 0.09125 0.03125
0 0.705 0.69875 0.04875 0.04375
0 0.65 0.695 0.05 0.04375
0 0.6525 0.7375 0.04875 0.04
0 0.71 0.7425 0.05125 0.0375
0 0.57625 0.69375 0.085 0.04375
0 0.5525 0.73375 0.03625 0.035
0 0.5975 0.735 0.0475 0.03625
0 0.49375 0.69125 0.0525 0.0425
0 0.8525 0.7225 0.03625 0.03125
0 0.49625 0.73125 0.06125 0.035
0 0.81 0.1025 0.05625 0.0325
0 0.85875 0.1 0.0325 0.03375
0 0.58875 0.1275 0.0475 0.02875
0 0.64125 0.09125 0.0525 0.0425
0 0.64125 0.12875 0.05 0.02875
0 0.69375 0.05875 0.04875 0.035
0 0.69375 0.09625 0.04875 0.03375
0 0.69375 0.13 0.05125 0.03125
0 0.75 0.05375 0.06 0.04
0 0.75 0.0975 0.05625 0.04
0 0.75125 0.1325 0.05375 0.02625
0 0.435 0.6875 0.05875 0.04375
0 0.775 0.565 0.045 0.01875
0 0.8575 0.135 0.03375 0.03
0 0.81 0.13375 0.05625 0.0275
0 0.67625 0.56625 0.04625 0.0325
0 0.72625 0.56875 0.04625 0.02875
0 0.625 0.5975 0.05 0.0325
0 0.67625 0.6 0.04875 0.03
0 0.7275 0.60125 0.04875 0.0325
0 0.625 0.62875 0.05 0.0225
0 0.67875 0.62875 0.04375 0.02375
0 0.7275 0.63125 0.04375 0.02375
0 0.79125 0.60125 0.07375 0.03375
0 0.7925 0.63125 0.07875 0.0225
0 0.85375 0.59125 0.04125 0.02875
0 0.855 0.63125 0.03875 0.02375
0 0.7325 0.38125 0.04625 0.04625
0 0.83875 0.56625 0.065 0.01625
0 0.69625 0.23125 0.0475 0.0325
0 0.695 0.19375 0.05 0.03625
0 0.7475 0.26625 0.04875 0.02875
0 0.74875 0.23125 0.0525 0.03875
0 0.75125 0.19125 0.055 0.04
0 0.805 0.27 0.06125 0.035
0 0.80875 0.23375 0.0575 0.03375
0 0.81 0.19625 0.05625 0.03375
0 0.8575 0.27 0.035 0.03125
0 0.8575 0.235 0.035 0.0325
0 0.8575 0.1975 0.035 0.0375
0 0.51625 0.62125 0.05 0.0375
0 0.735 0.3325 0.05 0.05125
0 0.8575 0.0625 0.03375 0.03625
0 0.67875 0.33125 0.0475 0.0525
0 0.775 0.82625 0.04125 0.03375
0 0.82 0.82625 0.04125 0.03375
0 0.86 0.82875 0.03125 0.03
0 0.8575 0.86125 0.03375 0.02875
0 0.68125 0.3825 0.0525 0.045
0 0.8575 0.89 0.035 0.0225
0 0.8175 0.86 0.04125 0.03
0 0.7725 0.85875 0.0425 0.02875
0 0.8175 0.8875 0.04 0.02125
0 0.7725 0.885 0.04125 0.02125
0 0.6425 0.18875 0.04 0.03875
0 0.695 0.265 0.05 0.03125
0 0.64375 0.22875 0.045 0.03625
0 0.64375 0.26375 0.04875 0.0275
0 0.59375 0.18875 0.045 0.03875
0 0.595 0.22875 0.04875 0.0375
0 0.5925 0.26375 0.0475 0.02875
0 0.55125 0.1875 0.03625 0.045
0 0.55 0.22875 0.03625 0.03375
0 0.54875 0.26375 0.03375 0.03125
0 0.4975 0.1875 0.055 0.03875
0 0.72125 0.89 0.0475 0.02875
0 0.66625 0.88875 0.0475 0.02875
0 0.72375 0.85875 0.04625 0.03
0 0.6725 0.8575 0.045 0.03125
0 0.25625 0.725 0.07375 0.04125
0 0.2575 0.68125 0.07375 0.04125
0 0.3475 0.725 0.09875 0.04625
0 0.34375 0.68125 0.0775 0.03625
0 0.4325 0.72875 0.06 0.035
0 0.13875 0.8525 0.02625 0.05375
0 0.1825 0.8525 0.055 0.05375
0 0.2425 0.81625 0.05625 0.05375
0 0.24125 0.865 0.05625 0.04375
0 0.305 0.81625 0.0525 0.055
0 0.1425 0.7175 0.03375 0.0475
0 0.37 0.8175 0.05625 0.055
0 0.305 0.8675 0.05625 0.0425
0 0.36625 0.87 0.0575 0.04125
0 0.43125 0.8725 0.06125 0.04
0 0.51875 0.83125 0.09625 0.045
0 0.4875 0.8775 0.045 0.04375
0 0.53875 0.8775 0.05375 0.04375
0 0.60125 0.82375 0.06 0.05125
0 0.6025 0.8775 0.06 0.04625
0 0.67625 0.82 0.05 0.04125
0 0.72625 0.82125 0.04625 0.04125
0 0.4325 0.82125 0.06 0.05625
0 0.38375 0.19125 0.05 0.03625
0 0.44 0.1875 0.05125 0.03875
0 0.43875 0.2275 0.05375 0.035
0 0.4825 0.385 0.0375 0.04375
0 0.16875 0.07625 0.04625 0.04375
0 0.1675 0.12 0.05 0.0375
0 0.22125 0.0875 0.04625 0.03875
0 0.27 0.09 0.045 0.035
0 0.31875 0.08875 0.04625 0.0375
0 0.22 0.125 0.04875 0.02875
0 0.27125 0.12375 0.04875 0.02875
0 0.32125 0.125 0.04625 0.03
0 0.37375 0.09125 0.0525 0.03625
0 0.375 0.12375 0.05375 0.02875
0 0.43125 0.0925 0.05375 0.035
0 0.4325 0.125 0.0525 0.02625
0 0.49 0.09 0.05875 0.0375
0 0.48875 0.12625 0.05375 0.02875
0 0.5425 0.095 0.0425 0.03625
0 0.54125 0.1275 0.045 0.02625
0 0.58875 0.09125 0.0475 0.03875
0 0.5225 0.385 0.0375 0.04375
0 0.57375 0.34625 0.0475 0.04375
0 0.625 0.34625 0.0525 0.04375
0 0.5725 0.39 0.05 0.03625
0 0.625 0.3875 0.05 0.03625
0 0.44125 0.3825 0.04 0.0475
0 0.38375 0.22875 0.0525 0.0325
0 0.1875 0.71875 0.05625 0.05
0 0.23625 0.25875 0.05 0.0325
0 0.4975 0.265 0.0575 0.035
0 0.33125 0.2225 0.0475 0.03625
0 0.33375 0.26125 0.045 0.035
0 0.29 0.1975 0.035 0.02875
0 0.285 0.2275 0.04 0.025
0 0.28625 0.25875 0.04625 0.035
0 0.2375 0.18625 0.05375 0.035
0 0.23625 0.22375 0.04875 0.0325
0 0.4975 0.2275 0.05625 0.035
0 0.18 0.20875 0.05125 0.04375
0 0.1825 0.25375 0.04875 0.0375
0 0.17875 0.34625 0.0375 0.035
0 0.17875 0.37875 0.04375 0.02625
0 0.235 0.335 0.06 0.04125
0 0.3025 0.33625 0.065 0.04375
0 0.23625 0.37875 0.0625 0.04375
0 0.3025 0.3825 0.06375 0.045
0 0.81125 0.065 0.055 0.03375
0 0.4375 0.33375 0.0375 0.04875
0 0.485 0.335 0.03875 0.05
0 0.52625 0.3325 0.04 0.0575
0 0.43875 0.26375 0.05375 0.035
0 0.38375 0.26375 0.05 0.035