0 0.5175 0.46375 0.02375 0.035
0 0.4825 0.46125 0.02625 0.03125
0 0.44875 0.46125 0.02875 0.03125
0 0.415 0.46125 0.02375 0.03375
0 0.38125 0.46375 0.03125 0.03625
0 0.34625 0.4625 0.0225 0.03125
0 0.3125 0.46 0.03 0.0325
0 0.27625 0.45875 0.03 0.03625
0 0.23875 0.46 0.02875 0.035
0 0.2025 0.46125 0.02875 0.0325
0 0.47625 0.37 0.03125 0.05625
0 0.5525 0.46125 0.03 0.03125
0 0.5875 0.465 0.0275 0.03375
0 0.86125 0.7025 0.02625 0.055
0 0.865 0.45875 0.01875 0.0325
0 0.44 0.56875 0.02 0.02625
0 0.41375 0.57125 0.0225 0.025
0 0.38625 0.57125 0.02375 0.0275
0 0.35375 0.57125 0.0225 0.02875
0 0.32625 0.5675 0.02375 0.03125
0 0.2975 0.56875 0.02 0.035
0 0.26875 0.57 0.02375 0.02875
0 0.82375 0.70125 0.02375 0.04625
0 0.20625 0.5675 0.0225 0.03
0 0.6225 0.46 0.0275 0.0325
0 0.66125 0.4625 0.03 0.03625
0 0.69875 0.46 0.03375 0.03375
0 0.7425 0.45875 0.03125 0.0375
0 0.7825 0.4575 0.03 0.03625
0 0.82375 0.46 0.035 0.035
0 0.50875 0.37125 0.02625 0.0625
0 0.5425 0.37125 0.025 0.06125
0 0.575 0.37125 0.02875 0.05625
0 0.61 0.37375 0.03125 0.0525
0 0.28125 0.27375 0.0325 0.0775
0 0.23875 0.2725 0.03875 0.07375
0 0.195 0.2725 0.03625 0.0725
0 0.58875 0.165 0.0425 0.07875
0 0.6325 0.1675 0.02875 0.0725
0 0.67 0.16625 0.0375 0.07625
0 0.71875 0.18625 0.04375 0.0325
0 0.7675 0.18875 0.0425 0.03
0 0.81875 0.18875 0.0425 0.035
0 0.86125 0.19 0.02625 0.02625
0 0.54375 0.165 0.04 0.0775
0 0.5 0.1675 0.03625 0.0775
0 0.45875 0.16625 0.0325 0.07
0 0.41125 0.15875 0.04125 0.075
0 0.365 0.1625 0.03375 0.0725
0 0.3225 0.15875 0.035 0.06875
0 0.27875 0.16125 0.04125 0.075
0 0.235 0.15875 0.03875 0.07375
0 0.18875 0.15375 0.0375 0.0725
0 0.3225 0.2775 0.04375 0.075
0 0.36625 0.27625 0.035 0.06875
0 0.41125 0.2775 0.04375 0.07375
0 0.455 0.28 0.035 0.06875
0 0.74 0.37875 0.0425 0.03875
0 0.685 0.37875 0.0425 0.03875
0 0.6425 0.37125 0.02125 0.0575
0 0.4375 0.37125 0.0275 0.0625
0 0.40625 0.3725 0.0275 0.05625
0 0.3725 0.36875 0.02125 0.05875
0 0.34 0.37 0.02875 0.05875
0 0.3025 0.36875 0.025 0.0625
0 0.26875 0.37 0.02875 0.05875
0 0.47 0.57125 0.02375 0.03125
0 0.23375 0.36875 0.03 0.05625
0 0.70375 0.2975 0.03625 0.0325
0 0.75125 0.29875 0.04 0.0325
0 0.80125 0.2975 0.04375 0.0325
0 0.85375 0.3 0.0425 0.03125
0 0.6575 0.27875 0.0325 0.07125
0 0.61375 0.28125 0.0375 0.075
0 0.5725 0.27875 0.0325 0.08
0 0.535 0.2775 0.03375 0.075
0 0.49375 0.27875 0.03375 0.07625
0 0.1975 0.365 0.0275 0.05625
0 0.49875 0.57 0.02 0.02875
0 0.2375 0.5725 0.0275 0.02875
0 0.55875 0.57125 0.02 0.025
0 0.4875 0.705 0.0275 0.04625
0 0.4525 0.70125 0.02625 0.05
0 0.41875 0.70375 0.02875 0.05375
0 0.3775 0.705 0.03 0.04875
0 0.33625 0.70375 0.0325 0.0525
0 0.3 0.70375 0.03125 0.05
0 0.26125 0.70375 0.02875 0.0525
0 0.2225 0.70375 0.0275 0.05375
0 0.84625 0.63 0.03375 0.04125
0 0.8075 0.6275 0.0325 0.04125
0 0.76875 0.63 0.02875 0.035
0 0.525 0.70375 0.02375 0.04875
0 0.7325 0.62875 0.03625 0.04375
0 0.64375 0.635 0.03125 0.04375
0 0.60375 0.635 0.03 0.0425
0 0.3175 0.8825 0.02125 0.03
0 0.34125 0.87625 0.01625 0.025
0 0.3625 0.87875 0.01625 0.02625
0 0.38375 0.87875 0.015 0.02625
0 0.4075 0.87875 0.01375 0.025
0 0.43125 0.87875 0.01875 0.0275
0 0.4525 0.87625 0.01625 0.0275
0 0.475 0.8775 0.0175 0.0275
0 0.49625 0.8775 0.01875 0.02625
0 0.69375 0.62875 0.035 0.04125
0 0.865 0.87125 0.01375 0.025
0 0.55875 0.7025 0.02625 0.04625
0 0.6775 0.70125 0.025 0.05
0 0.225 0.78125 0.02875 0.0225
0 0.26375 0.78125 0.02625 0.02875
0 0.30375 0.77875 0.03 0.02625
0 0.345 0.7825 0.02875 0.0275
0 0.38625 0.77875 0.02625 0.02625
0 0.425 0.7825 0.03 0.0275
0 0.46625 0.78375 0.035 0.03
0 0.5 0.77375 0.025 0.02375
0 0.54625 0.78125 0.03125 0.03
0 0.58375 0.78 0.03125 0.03
0 0.62625 0.77875 0.02875 0.02375
0 0.59875 0.7025 0.03375 0.0425
0 0.6675 0.78125 0.0325 0.03125
0 0.74875 0.78125 0.03125 0.02875
0 0.78375 0.77625 0.02875 0.0325
0 0.8275 0.7775 0.025 0.03
0 0.86 0.7825 0.02875 0.0275
0 0.22625 0.8625 0.0125 0.025
0 0.245 0.88 0.015 0.03
0 0.27 0.88 0.01625 0.03
0 0.29375 0.88 0.0175 0.02875
0 0.785 0.7 0.0275 0.04625
0 0.7475 0.70125 0.02625 0.0425
0 0.71125 0.6975 0.03375 0.05
0 0.7075 0.78 0.03125 0.03125
0 0.53 0.5725 0.02375 0.03125
0 0.84125 0.8725 0.0175 0.02875
0 0.795 0.87 0.015 0.02875
0 0.155 0.5325 0.05875 0.13125
0 0.145 0.20625 0.04 0.16875
0 0.5625 0.63625 0.03375 0.0425
0 0.5225 0.635 0.03375 0.045
0 0.45 0.63625 0.0275 0.04875
0 0.4125 0.635 0.02625 0.045
0 0.37125 0.6375 0.03625 0.045
0 0.3275 0.63625 0.0275 0.05
0 0.28875 0.635 0.0275 0.04
0 0.25 0.63875 0.0275 0.0375
0 0.6825 0.55625 0.0275 0.0575
0 0.7225 0.555 0.025 0.05875
0 0.76125 0.55375 0.03125 0.055
0 0.80125 0.5575 0.03125 0.0575
0 0.645 0.57 0.02375 0.02625
0 0.61625 0.5725 0.025 0.03
0 0.58625 0.56875 0.01875 0.02875
0 0.15375 0.3775 0.05 0.13
0 0.8175 0.8725 0.01625 0.025
0 0.63875 0.70125 0.03 0.04625
0 0.775 0.87375 0.015 0.03
0 0.525 0.87625 0.0175 0.025
0 0.54625 0.87625 0.0175 0.0275
0 0.56625 0.8775 0.01625 0.02875
0 0.59 0.87625 0.02 0.0275
0 0.61375 0.87625 0.01875 0.03125
0 0.63875 0.87625 0.01875 0.03
0 0.66 0.875 0.01625 0.02875
0 0.7525 0.87125 0.0175 0.025
0 0.72875 0.87375 0.0125 0.02375
0 0.7075 0.87375 0.015 0.02625
0 0.68 0.8725 0.0175 0.03
0 0.165 0.82 0.04625 0.0475
0 0.17375 0.86875 0.0725 0.0325
0 0.1575 0.68875 0.06375 0.11875