0 0.52125 0.335 0.0325 0.09125
0 0.485 0.33 0.0325 0.10375
0 0.555 0.33625 0.03 0.09
0 0.59 0.3325 0.0325 0.08625
0 0.6225 0.34125 0.03125 0.07
0 0.66375 0.34 0.035 0.07
0 0.73 0.33125 0.0225 0.10875
0 0.7625 0.33375 0.03875 0.10625
0 0.8 0.3325 0.03375 0.10875
0 0.8375 0.33125 0.04 0.11375
0 0.8625 0.45125 0.025 0.095
0 0.83 0.4525 0.03375 0.0975
0 0.795 0.4525 0.0275 0.09625
0 0.45 0.32875 0.035 0.11
0 0.7625 0.455 0.0325 0.09
0 0.65875 0.4625 0.04125 0.11
0 0.615 0.49375 0.0425 0.1275
0 0.58 0.45875 0.01375 0.12125
0 0.5575 0.46375 0.03125 0.11
0 0.5225 0.46375 0.03 0.1125
0 0.4925 0.45625 0.02875 0.12625
0 0.46375 0.455 0.02875 0.12375
0 0.43 0.465 0.03375 0.10375
0 0.39875 0.46375 0.02625 0.10625
0 0.28625 0.46875 0.02125 0.09375
0 0.25875 0.47 0.03375 0.08875
0 0.23 0.46875 0.02125 0.09
0 0.73125 0.45125 0.03 0.0925
0 0.2025 0.46875 0.03375 0.08875
0 0.4175 0.3275 0.0275 0.10625
0 0.2725 0.3475 0.03125 0.1
0 0.66625 0.06875 0.02375 0.1125
0 0.74375 0.06875 0.02625 0.10875
0 0.78 0.06875 0.03125 0.10875
0 0.81625 0.065 0.0375 0.11125
0 0.85625 0.06 0.02875 0.10625
0 0.84125 0.19375 0.03125 0.115
0 0.81 0.195 0.03125 0.1125
0 0.77 0.195 0.03625 0.11125
0 0.7375 0.195 0.0275 0.10875
0 0.66 0.1925 0.03875 0.11125
0 0.62875 0.195 0.025 0.10625
0 0.5925 0.19625 0.0275 0.11125
0 0.38625 0.3275 0.02875 0.105
0 0.55875 0.20125 0.0375 0.1025
0 0.48125 0.205 0.03 0.10375
0 0.45 0.2075 0.03125 0.10875
0 0.415 0.20875 0.03625 0.105
0 0.38125 0.20625 0.0275 0.10375
0 0.25625 0.22125 0.02375 0.105
0 0.2275 0.22 0.03 0.0975
0 0.19625 0.225 0.0225 0.105
0 0.16375 0.2275 0.035 0.10125
0 0.15 0.34875 0.03375 0.1
0 0.1825 0.35 0.0275 0.0975
0 0.2125 0.34875 0.03125 0.0975
0 0.24125 0.34875 0.025 0.0975
0 0.51625 0.2025 0.03625 0.11
0 0.635 0.0725 0.0325 0.1125
0 0.1675 0.46875 0.025 0.09375
0 0.16 0.57125 0.0225 0.08
0 0.25875 0.6725 0.02625 0.07125
0 0.2275 0.67125 0.02875 0.07875
0 0.2 0.66875 0.0275 0.08375
0 0.1725 0.6675 0.02125 0.0775
0 0.145 0.6675 0.02625 0.08
0 0.13625 0.76125 0.02125 0.08
0 0.16 0.76125 0.025 0.08
0 0.1875 0.76125 0.02375 0.08
0 0.2125 0.76125 0.02125 0.08
0 0.24 0.76375 0.0275 0.0775
0 0.2675 0.76375 0.02375 0.075
0 0.29375 0.765 0.025 0.0825
0 0.30875 0.675 0.02125 0.0825
0 0.3225 0.76875 0.025 0.0775
0 0.4475 0.78 0.02125 0.08125
0 0.475 0.78 0.0275 0.085
0 0.50375 0.78125 0.02625 0.08375
0 0.53375 0.785 0.02625 0.08625
0 0.5625 0.78625 0.0225 0.085
0 0.59 0.7875 0.0275 0.08875
0 0.6225 0.79 0.0275 0.08625
0 0.65625 0.7925 0.03125 0.08875
0 0.725 0.79625 0.0275 0.08625
0 0.7625 0.795 0.04 0.085
0 0.80125 0.79625 0.03125 0.0875
0 0.8375 0.7975 0.035 0.08375
0 0.41875 0.77875 0.0275 0.085
0 0.13625 0.57125 0.0225 0.0825
0 0.41625 0.68375 0.03 0.08
0 0.47125 0.685 0.0275 0.0775
0 0.18625 0.57125 0.0275 0.085
0 0.21625 0.57125 0.0275 0.085
0 0.245 0.57125 0.03 0.0875
0 0.275 0.5725 0.02375 0.08625
0 0.3025 0.57375 0.02125 0.0925
0 0.40625 0.58375 0.0325 0.095
0 0.43875 0.5825 0.02875 0.09625
0 0.4725 0.58375 0.03375 0.09875
0 0.5075 0.58375 0.03125 0.1
0 0.5425 0.58375 0.03125 0.1
0 0.57625 0.59125 0.02625 0.09
0 0.6175 0.59875 0.03375 0.07625
0 0.44125 0.68375 0.02375 0.0825
0 0.65625 0.59 0.035 0.095
0 0.755 0.57625 0.03625 0.0925
0 0.79125 0.5775 0.02875 0.095
0 0.82625 0.57625 0.035 0.095
0 0.8625 0.58375 0.025 0.0775
0 0.8475 0.6875 0.035 0.07875
0 0.80625 0.69125 0.03625 0.07625
0 0.76 0.68875 0.03875 0.075
0 0.72125 0.6875 0.02625 0.07
0 0.65375 0.6925 0.0275 0.07875
0 0.62375 0.69125 0.03125 0.08
0 0.59 0.68875 0.0225 0.08125
0 0.49875 0.68625 0.0225 0.0775
0 0.7225 0.575 0.02375 0.09
0 0.6025 0.07125 0.03 0.11375
0 0.14 0.46875 0.02875 0.09125
0 0.25 0.10875 0.02 0.08
0 0.2175 0.11125 0.03375 0.07375
0 0.1875 0.1125 0.02 0.08
0 0.4325 0.09125 0.0325 0.10125
0 0.465 0.08 0.02875 0.11375
0 0.5 0.075 0.03 0.12125
0 0.15625 0.115 0.035 0.075
0 0.535 0.06875 0.03 0.1275
0 0.56875 0.06875 0.03375 0.13125
0 0.3675 0.095 0.03 0.09125
0 0.39875 0.0925 0.02375 0.09625