0 0.205 0.1525 0.0875 0.05
0 0.3875 0.32 0.0825 0.0625
0 0.48 0.77875 0.06875 0.0525
0 0.41375 0.78 0.06375 0.05
0 0.3425 0.7825 0.07625 0.055
0 0.2675 0.78625 0.07625 0.05125
0 0.0425 0.79 0.07625 0.0475
0 0.96875 0.72 0.06125 0.045
0 0.90125 0.72375 0.0725 0.0525
0 0.8325 0.725 0.065 0.05
0 0.70125 0.72375 0.0675 0.04
0 0.29875 0.3175 0.09375 0.06875
0 0.625 0.72125 0.08 0.05
0 0.46875 0.72875 0.08125 0.05125
0 0.90125 0.2525 0.08875 0.07
0 0.475 0.325 0.09 0.07375
0 0.55875 0.3275 0.0775 0.07
0 0.63625 0.325 0.07875 0.0675
0 0.725 0.325 0.0875 0.0625
0 0.8075 0.33125 0.07375 0.07375
0 0.8875 0.335 0.08625 0.065
0 0.96625 0.33125 0.0675 0.05875
0 0.0525 0.3975 0.08625 0.0725
0 0.5475 0.725 0.07375 0.04375
0 0.295 0.15625 0.0925 0.05625
0 0.2125 0.31875 0.08 0.07125
0 0.735 0.25 0.0775 0.0675
0 0.11 0.15125 0.1 0.0525
0 0.5475 0.77625 0.065 0.04625
0 0.615 0.77625 0.06875 0.0475
0 0.685 0.775 0.06875 0.04375
0 0.815 0.77125 0.075 0.04125
0 0.9525 0.77375 0.07625 0.04625
0 0.38625 0.155 0.08875 0.05875
0 0.475 0.15375 0.0875 0.055
0 0.565 0.15625 0.09125 0.05125
0 0.65375 0.15875 0.08625 0.05875
0 0.81625 0.2525 0.085 0.0725
0 0.74125 0.16125 0.08875 0.055
0 0.12375 0.32 0.09625 0.06875
0 0.9175 0.17 0.095 0.06
0 0.1175 0.23875 0.0925 0.07125
0 0.13625 0.3975 0.08 0.07
0 0.20625 0.23625 0.0925 0.07375
0 0.2975 0.235 0.0875 0.0725
0 0.385 0.2375 0.08625 0.06625
0 0.4725 0.24375 0.08875 0.07875
0 0.5625 0.245 0.08875 0.07625
0 0.65375 0.2475 0.08375 0.0725
0 0.8275 0.16625 0.0825 0.06625
0 0.22375 0.3975 0.085 0.06625
0 0.0375 0.32125 0.07375 0.065
0 0.4725 0.60875 0.07625 0.0525
0 0.5475 0.61 0.0725 0.055
0 0.62375 0.6075 0.08 0.05875
0 0.7 0.6075 0.07375 0.06125
0 0.7725 0.6075 0.07625 0.06
0 0.8475 0.6075 0.0725 0.06
0 0.91875 0.60625 0.06625 0.0625
0 0.06375 0.4675 0.085 0.065
0 0.14625 0.46875 0.08 0.06375
0 0.22875 0.4725 0.08375 0.07125
0 0.3925 0.72875 0.07 0.05125
0 0.32 0.73 0.07375 0.05375
0 0.245 0.73125 0.07625 0.0525
0 0.17 0.73 0.07375 0.05
0 0.0975 0.73125 0.075 0.04875
0 0.39375 0.605 0.0775 0.05875
0 0.02875 0.72625 0.0575 0.04375
0 0.90625 0.6675 0.0675 0.04625
0 0.83625 0.66875 0.07125 0.04375
0 0.97625 0.6075 0.04625 0.0475
0 0.025 0.67125 0.05 0.04625
0 0.09375 0.67375 0.0825 0.05875
0 0.175 0.6725 0.0775 0.06
0 0.25125 0.67 0.075 0.05375
0 0.3275 0.67125 0.07625 0.05
0 0.40125 0.6725 0.07625 0.05375
0 0.4775 0.67 0.075 0.06
0 0.55375 0.6675 0.0775 0.055
0 0.62875 0.66875 0.07 0.05375
0 0.69625 0.66875 0.065 0.05625
0 0.765 0.6725 0.07 0.05
0 0.97 0.66875 0.05875 0.04875
0 0.24125 0.61 0.0775 0.0625
0 0.31875 0.60875 0.075 0.065
0 0.94875 0.4725 0.08875 0.0575
0 0.4725 0.40125 0.07625 0.06875
0 0.55125 0.40125 0.08 0.0675
0 0.63375 0.4 0.08625 0.07
0 0.71875 0.40125 0.08125 0.07375
0 0.8025 0.40625 0.08375 0.0625
0 0.875 0.405 0.06 0.06
0 0.46875 0.5425 0.07375 0.06
0 0.39 0.54125 0.0825 0.0625
0 0.31125 0.54125 0.075 0.06375
0 0.23 0.54125 0.08625 0.06375
0 0.1475 0.54125 0.07875 0.06125
0 0.06625 0.54 0.0825 0.06375
0 0.16375 0.61 0.075 0.06375
0 0.8675 0.47125 0.0725 0.06
0 0.79 0.475 0.08 0.05625
0 0.7125 0.47125 0.06625 0.06375
0 0.63625 0.47125 0.08125 0.0625
0 0.55625 0.4725 0.07625 0.06125
0 0.47625 0.47375 0.08375 0.06375
0 0.3925 0.4725 0.0825 0.06375
0 0.31125 0.47375 0.08 0.06625
0 0.62125 0.54 0.07875 0.06625
0 0.7 0.53625 0.07625 0.06375
0 0.7775 0.53875 0.07875 0.05375
0 0.9425 0.405 0.075 0.06
0 0.85375 0.54 0.07125 0.05625
0 0.925 0.54125 0.0725 0.0525
0 0.545 0.5425 0.0775 0.06125
0 0.0825 0.6125 0.08625 0.0575
0 0.39 0.4 0.0875 0.0725
0 0.30625 0.39625 0.07875 0.065