0 0.47375 0.35875 0.02125 0.06375
0 0.4025 0.1825 0.025 0.06625
0 0.5175 0.36 0.02125 0.06875
0 0.8625 0.385 0.0225 0.0525
0 0.83875 0.3825 0.01875 0.05375
0 0.82 0.385 0.01875 0.06
0 0.7975 0.38375 0.02375 0.06625
0 0.77375 0.37875 0.02125 0.055
0 0.75 0.37875 0.02375 0.055
0 0.495 0.3625 0.02125 0.07
0 0.72625 0.37875 0.02 0.0525
0 0.6825 0.3575 0.0225 0.06625
0 0.65875 0.36 0.01875 0.065
0 0.63625 0.36125 0.025 0.07
0 0.61 0.36 0.02625 0.0725
0 0.45125 0.35625 0.02125 0.065
0 0.54125 0.35875 0.02375 0.07
0 0.70625 0.3775 0.01875 0.0575
0 0.42875 0.3575 0.02375 0.06375
0 0.3075 0.3575 0.02 0.07
0 0.38 0.35625 0.02375 0.06125
0 0.53625 0.54375 0.03 0.08
0 0.50625 0.5425 0.02625 0.0825
0 0.47625 0.5425 0.0325 0.0825
0 0.44375 0.54375 0.02875 0.08375
0 0.4175 0.5425 0.025 0.08375
0 0.39 0.54125 0.025 0.0875
0 0.5675 0.54375 0.03125 0.07875
0 0.36375 0.54 0.0275 0.08625
0 0.30625 0.52625 0.0175 0.0575
0 0.2175 0.49125 0.05 0.10125
0 0.17 0.4875 0.04375 0.10625
0 0.26125 0.46 0.0325 0.06375
0 0.2825 0.53125 0.02625 0.06625
0 0.29125 0.6075 0.01875 0.06625
0 0.33625 0.5425 0.025 0.08625
0 0.40375 0.3575 0.02 0.065
0 0.7 0.52375 0.02375 0.06
0 0.74125 0.5275 0.0225 0.05625
0 0.35625 0.35875 0.0225 0.06625
0 0.33 0.35875 0.02375 0.06875
0 0.33125 0.45125 0.02625 0.06
0 0.2825 0.385 0.02375 0.07125
0 0.2575 0.38875 0.0225 0.07
0 0.2325 0.38875 0.02625 0.0675
0 0.72 0.52375 0.01625 0.06125
0 0.205 0.3875 0.025 0.07
0 0.86125 0.52875 0.01875 0.0475
0 0.84 0.52875 0.0175 0.0525
0 0.8225 0.52875 0.01875 0.05375
0 0.80125 0.525 0.02 0.06
0 0.78125 0.525 0.02125 0.0575
0 0.76 0.52375 0.01875 0.0575
0 0.1725 0.3875 0.03375 0.06625
0 0.355 0.4525 0.02 0.05875
0 0.65375 0.45125 0.0225 0.0725
0 0.4025 0.45375 0.01875 0.06125
0 0.335 0.26875 0.02625 0.06375
0 0.36125 0.27125 0.02375 0.06875
0 0.38625 0.2725 0.0225 0.06375
0 0.40875 0.27125 0.0225 0.065
0 0.43375 0.27375 0.025 0.06625
0 0.45875 0.27375 0.025 0.06875
0 0.48375 0.27375 0.0225 0.0675
0 0.50875 0.275 0.02625 0.07
0 0.535 0.275 0.02625 0.0675
0 0.56125 0.27625 0.02375 0.07125
0 0.58625 0.27375 0.02625 0.07
0 0.31 0.2675 0.02375 0.06625
0 0.6375 0.275 0.0275 0.065
0 0.68875 0.27625 0.025 0.07125
0 0.73375 0.27625 0.03 0.07125
0 0.76 0.27625 0.02375 0.07125
0 0.8475 0.28625 0.03 0.05875
0 0.275 0.6025 0.01 0.075
0 0.7625 0.19875 0.03125 0.045
0 0.8525 0.18 0.04375 0.09625
0 0.55625 0.18 0.02625 0.085
0 0.61125 0.27375 0.02375 0.06875
0 0.45375 0.1825 0.025 0.0675
0 0.42875 0.185 0.0225 0.06625
0 0.6625 0.27625 0.02125 0.0675
0 0.37875 0.455 0.025 0.06375
0 0.2775 0.2875 0.02375 0.06375
0 0.2275 0.285 0.02625 0.06875
0 0.425 0.45375 0.025 0.06125
0 0.45 0.45375 0.02125 0.055
0 0.47375 0.45625 0.0225 0.05875
0 0.51875 0.45 0.02125 0.06875
0 0.4975 0.455 0.02 0.05625
0 0.54 0.4475 0.02125 0.0775
0 0.56125 0.4475 0.02125 0.075
0 0.58375 0.44875 0.02125 0.07
0 0.60625 0.45125 0.0225 0.07125
0 0.63 0.45125 0.02375 0.0725
0 0.67875 0.45 0.02375 0.07375
0 0.255 0.285 0.02125 0.06875
0 0.7 0.455 0.0175 0.055
0 0.7375 0.45375 0.0175 0.055
0 0.7575 0.45375 0.0175 0.05375
0 0.77625 0.4525 0.015 0.05
0 0.795 0.45125 0.01875 0.0475
0 0.8125 0.455 0.01625 0.0525
0 0.8325 0.455 0.02 0.05125
0 0.85125 0.455 0.01875 0.05125
0 0.87 0.4525 0.01 0.0525
0 0.155 0.27625 0.02125 0.08125
0 0.17875 0.28 0.02 0.07375
0 0.2025 0.2825 0.02125 0.06875
0 0.71875 0.45375 0.0175 0.05375
0 0.255 0.6025 0.03 0.06625
0 0.80375 0.665 0.02 0.04875
0 0.14125 0.60625 0.0325 0.06875
0 0.71375 0.73125 0.02125 0.05625
0 0.69375 0.7325 0.01875 0.0575
0 0.83375 0.80125 0.03 0.035
0 0.83375 0.83875 0.03 0.03875
0 0.8 0.8075 0.03625 0.035
0 0.7975 0.845 0.0375 0.0375
0 0.765 0.83375 0.01625 0.04375
0 0.74625 0.835 0.02125 0.045
0 0.725 0.8325 0.01875 0.04875
0 0.73375 0.7325 0.01625 0.05375
0 0.7025 0.8325 0.02375 0.04625
0 0.4175 0.76 0.08 0.0675
0 0.33 0.76 0.08 0.06375
0 0.6575 0.825 0.05625 0.06125
0 0.505 0.8275 0.08 0.06875
0 0.4175 0.8275 0.07875 0.05625
0 0.33375 0.82875 0.0825 0.06375
0 0.695 0.595 0.01875 0.06125
0 0.71625 0.59625 0.0225 0.0575
0 0.1975 0.60875 0.0575 0.065
0 0.58875 0.7575 0.0775 0.0675
0 0.7525 0.735 0.02 0.05375
0 0.59125 0.8275 0.075 0.05625
0 0.7975 0.735 0.0225 0.05
0 0.775 0.73625 0.02125 0.05
0 0.80375 0.59875 0.0225 0.06125
0 0.8475 0.6 0.02 0.06125
0 0.78125 0.59625 0.02125 0.065
0 0.82625 0.6 0.02 0.0625
0 0.73875 0.595 0.02125 0.05625
0 0.78 0.66375 0.02125 0.05
0 0.75875 0.665 0.02 0.04875
0 0.7375 0.66625 0.02125 0.05125
0 0.71625 0.665 0.01875 0.0525
0 0.76 0.59625 0.01875 0.06375
0 0.655 0.6425 0.05125 0.09
0 0.8375 0.73625 0.01875 0.05
0 0.695 0.665 0.02125 0.05125
0 0.32375 0.6425 0.04625 0.08625
0 0.38125 0.64 0.05 0.08875
0 0.85875 0.7375 0.02 0.05
0 0.49 0.6425 0.055 0.0925
0 0.54625 0.6425 0.05375 0.08875
0 0.6 0.64375 0.05 0.0875
0 0.4375 0.64125 0.04875 0.08875
0 0.8175 0.73625 0.01875 0.04875