0 0.65875 0.12625 0.0075 0.05625
0 0.69625 0.1325 0.01375 0.06375
0 0.6775 0.1225 0.01625 0.07
0 0.71125 0.1275 0.01125 0.07375
0 0.6425 0.10625 0.01875 0.095
0 0.45125 0.0525 0.0225 0.10375
0 0.535 0.08 0.02375 0.09375
0 0.50875 0.07875 0.025 0.10375
0 0.47125 0.07 0.01625 0.08875
0 0.42125 0.05 0.02625 0.09875
0 0.39 0.04875 0.035 0.095
0 0.35375 0.0425 0.0375 0.0825
0 0.56125 0.085 0.025 0.095
0 0.72625 0.13625 0.01375 0.075
0 0.79375 0.25375 0.01125 0.055
0 0.7625 0.14625 0.015 0.065
0 0.31875 0.03875 0.03125 0.07375
0 0.6025 0.2325 0.01625 0.0825
0 0.6225 0.235 0.02125 0.0825
0 0.64375 0.24 0.01875 0.065
0 0.6625 0.23875 0.0175 0.06875
0 0.6875 0.24625 0.00875 0.06125
0 0.74375 0.14 0.015 0.0675
0 0.69875 0.24875 0.0125 0.06
0 0.74375 0.25125 0.01625 0.06375
0 0.755 0.24125 0.00875 0.0775
0 0.76625 0.24125 0.01125 0.075
0 0.82125 0.1525 0.01125 0.075
0 0.8075 0.15625 0.0125 0.065
0 0.79 0.15 0.015 0.07125
0 0.71375 0.25 0.0125 0.05875
0 0.6775 0.245 0.01 0.0675
0 0.3325 0.3725 0.0575 0.15
0 0.43125 0.8125 0.055 0.1175
0 0.795 0.3725 0.015 0.03375
0 0.76875 0.39 0.0175 0.0225
0 0.73875 0.39625 0.04125 0.035
0 0.68 0.39875 0.07375 0.06
0 0.7275 0.3225 0.01125 0.05625
0 0.715 0.3225 0.01125 0.0625
0 0.6975 0.32 0.01 0.07
0 0.685 0.31875 0.01375 0.07375
0 0.67 0.3175 0.01375 0.07125
0 0.63625 0.35 0.01625 0.02375
0 0.60875 0.3875 0.01875 0.02375
0 0.58375 0.34875 0.02625 0.10125
0 0.56125 0.3475 0.01875 0.1075
0 0.54 0.37 0.02125 0.09125
0 0.515 0.3675 0.02125 0.10625
0 0.455 0.3675 0.02875 0.13
0 0.42125 0.36375 0.03375 0.145
0 0.38125 0.37875 0.035 0.1375
0 0.27875 0.38 0.05 0.1725
0 0.2125 0.3825 0.07125 0.17375
0 0.15 0.3875 0.05 0.18375
0 0.14 0.18125 0.02875 0.16875
0 0.2125 0.1775 0.03625 0.17375
0 0.2825 0.195 0.08125 0.1375
0 0.34375 0.22 0.03875 0.0925
0 0.75 0.60125 0.01375 0.0675
0 0.39875 0.2175 0.07 0.1
0 0.73 0.62 0.01625 0.0825
0 0.68625 0.65625 0.03625 0.095
0 0.8025 0.43375 0.02 0.0325
0 0.77125 0.43875 0.0125 0.04
0 0.7575 0.44 0.0125 0.0475
0 0.74 0.445 0.01375 0.05
0 0.7225 0.4525 0.015 0.05125
0 0.70875 0.4575 0.0125 0.0425
0 0.6975 0.45875 0.01 0.03875
0 0.68375 0.465 0.02 0.04375
0 0.6575 0.4875 0.01 0.0225
0 0.6275 0.48375 0.02375 0.04
0 0.5725 0.49 0.04875 0.0375
0 0.525 0.52 0.02875 0.06
0 0.49375 0.53375 0.03125 0.04125
0 0.45875 0.5525 0.03125 0.0325
0 0.18625 0.92625 0.0375 0.145
0 0.2175 0.88875 0.0125 0.09875
0 0.25375 0.8675 0.03875 0.09625
0 0.36875 0.86 0.06875 0.14
0 0.48125 0.78 0.035 0.12
0 0.4575 0.515 0.03875 0.0375
0 0.52375 0.74875 0.04625 0.13
0 0.5625 0.71875 0.0275 0.13
0 0.5975 0.695 0.0375 0.145
0 0.625 0.68625 0.015 0.08875
0 0.6475 0.6725 0.02875 0.1
0 0.71125 0.63875 0.01125 0.065
0 0.45375 0.24 0.03625 0.0625
0 0.655 0.3375 0.0125 0.04
0 0.53375 0.21875 0.0175 0.1075
0 0.765 0.5125 0.02875 0.07
0 0.7425 0.515 0.01375 0.06375
0 0.72625 0.555 0.0175 0.02375
0 0.70125 0.52875 0.01625 0.065
0 0.68125 0.5425 0.02 0.07125
0 0.64875 0.55375 0.03875 0.08125
0 0.6 0.56125 0.02 0.06125
0 0.57875 0.5825 0.015 0.055
0 0.55125 0.6175 0.03375 0.07125
0 0.505 0.64375 0.0525 0.07625
0 0.44375 0.6075 0.05125 0.04375
0 0.45125 0.67 0.04625 0.075
0 0.79125 0.4975 0.0225 0.06375
0 0.40375 0.6825 0.045 0.09375
0 0.31875 0.70625 0.02125 0.10875
0 0.48625 0.24125 0.025 0.06125
0 0.2475 0.7325 0.03375 0.15375
0 0.2025 0.755 0.0425 0.15125
0 0.16375 0.76875 0.03 0.15
0 0.15625 0.615 0.06 0.13
0 0.22 0.59875 0.04375 0.1125
0 0.28125 0.58 0.02375 0.0875
0 0.32625 0.58125 0.0175 0.05
0 0.4225 0.5575 0.0225 0.0525
0 0.3875 0.55875 0.03625 0.07625
0 0.3475 0.58375 0.0175 0.0425
0 0.36375 0.70375 0.02625 0.0775
0 0.8125 0.495 0.015 0.0325
0 0.2925 0.7175 0.02 0.10875
0 0.825 0.42125 0.0175 0.0375
0 0.83875 0.4825 0.02875 0.0425
0 0.55875 0.21875 0.0275 0.10625
0 0.58375 0.225 0.0175 0.09875
0 0.77125 0.59 0.02375 0.06
0 0.7925 0.59 0.015 0.05
0 0.805 0.5725 0.0075 0.0625
0 0.845 0.55 0.01625 0.0675
0 0.865 0.53625 0.0175 0.0725
0 0.87 0.45375 0.00875 0.05
0 0.86 0.46 0.0075 0.05
0 0.86875 0.33375 0.0075 0.04125
0 0.85875 0.33875 0.01125 0.0375
0 0.87125 0.26 0.00625 0.04125
0 0.8225 0.56 0.02125 0.06625
0 0.84125 0.25625 0.0075 0.05
0 0.8425 0.41625 0.01125 0.035
0 0.86 0.25625 0.01 0.04875
0 0.86625 0.405 0.01625 0.03875
0 0.85 0.3775 0.015 0.02125
0 0.805 0.335 0.00625 0.06375
0 0.82125 0.33625 0.0075 0.055
0 0.81375 0.335 0.0075 0.06
0 0.83125 0.3375 0.0075 0.05
0 0.84 0.33375 0.00875 0.0425
0 0.82625 0.255 0.01875 0.04625
0 0.85 0.255 0.01 0.05