0 0.19875 0.4725 0.10625 0.10375
0 0.7425 0.94375 0.0375 0.05375
0 0.3025 0.48375 0.06625 0.0825
0 0.3975 0.47625 0.06125 0.0775
0 0.54875 0.46875 0.04625 0.08125
0 0.60625 0.47125 0.05 0.07625
0 0.6675 0.465 0.0475 0.07
0 0.72 0.465 0.03875 0.07875
0 0.7875 0.3425 0.05875 0.07625
0 0.775 0.46125 0.045 0.075
0 0.3875 0.61625 0.0675 0.06625
0 0.45375 0.59625 0.05625 0.07
0 0.51875 0.5925 0.0525 0.07625
0 0.57375 0.59875 0.05 0.07625
0 0.63125 0.57125 0.05125 0.0625
0 0.67875 0.57375 0.0375 0.06625
0 0.3125 0.60125 0.06125 0.07375
0 0.72625 0.57625 0.0425 0.07
0 0.7275 0.35375 0.05 0.08125
0 0.54875 0.3475 0.0575 0.0775
0 0.145 0.645 0.03875 0.1025
0 0.19 0.64 0.04625 0.1
0 0.24 0.63625 0.04875 0.10375
0 0.15625 0.8275 0.06125 0.085
0 0.23375 0.8375 0.08875 0.04875
0 0.17 0.97125 0.07875 0.0575
0 0.67125 0.33875 0.0475 0.08
0 0.25125 0.96875 0.07375 0.0625
0 0.54 0.23625 0.05625 0.0925
0 0.62875 0.2425 0.06875 0.0825
0 0.7575 0.2525 0.045 0.08625
0 0.80375 0.24625 0.04375 0.085
0 0.3925 0.345 0.07375 0.1
0 0.4875 0.34 0.0525 0.08875
0 0.47375 0.2275 0.05625 0.0975
0 0.19875 0.2975 0.09 0.1175
0 0.77375 0.5775 0.0475 0.06875
0 0.395 0.7125 0.0625 0.07125
0 0.39375 0.93375 0.025 0.01375
0 0.4375 0.90375 0.0375 0.05375
0 0.4825 0.91625 0.03875 0.02625
0 0.52375 0.885 0.04 0.05375
0 0.565 0.9025 0.0325 0.0175
0 0.60125 0.8725 0.0325 0.0625
0 0.3525 0.93625 0.0375 0.0175
0 0.64875 0.8675 0.055 0.0575
0 0.73875 0.8525 0.04125 0.0575
0 0.77875 0.85125 0.035 0.0475
0 0.53875 0.97875 0.0425 0.04125
0 0.59875 0.96625 0.07125 0.0675
0 0.655 0.95625 0.03625 0.06375
0 0.69875 0.95125 0.04125 0.06375
0 0.6975 0.8625 0.0375 0.04875
0 0.31125 0.94625 0.0375 0.0175
0 0.7425 0.7825 0.05875 0.03875
0 0.6875 0.78 0.03125 0.04875
0 0.465 0.715 0.04375 0.075
0 0.5125 0.69625 0.0475 0.0625
0 0.58125 0.7 0.0475 0.07125
0 0.62625 0.68 0.04 0.07375
0 0.67875 0.6725 0.04 0.06875
0 0.735 0.66875 0.04 0.07125
0 0.33125 0.72 0.06 0.09
0 0.78125 0.67125 0.0475 0.08125
0 0.425 0.815 0.03875 0.0575
0 0.46875 0.825 0.04125 0.0275
0 0.51125 0.81625 0.04 0.03375
0 0.55125 0.8175 0.03375 0.01625
0 0.60625 0.795 0.07 0.04375
0 0.655 0.785 0.025 0.045
0 0.365 0.82125 0.0775 0.06
0 0.68625 0.23875 0.03875 0.075