0 0.3675 0.35125 0.0525 0.035
0 0.43125 0.35125 0.06875 0.0375
0 0.49875 0.35375 0.06625 0.035
0 0.575 0.355 0.07125 0.0375
0 0.8225 0.35375 0.07 0.03875
0 0.71625 0.35375 0.06625 0.04
0 0.78625 0.3175 0.05625 0.03
0 0.69 0.31625 0.0375 0.0325
0 0.635 0.31375 0.06625 0.03875
0 0.6425 0.35375 0.065 0.04125
0 0.25125 0.3025 0.04125 0.03375
0 0.31875 0.44875 0.0475 0.02875
0 0.30375 0.34875 0.06625 0.04375
0 0.23375 0.3425 0.06875 0.04375
0 0.16125 0.3425 0.05125 0.0625
0 0.15 0.47625 0.04875 0.0625
0 0.27 0.4225 0.02875 0.07375
0 0.22875 0.4225 0.04875 0.07875
0 0.375 0.42125 0.05375 0.075
0 0.425 0.425 0.0425 0.07625
0 0.4725 0.42625 0.04125 0.07
0 0.51625 0.4275 0.04375 0.0725
0 0.57 0.31875 0.05875 0.03375
0 0.31 0.30875 0.065 0.03375
0 0.4375 0.3125 0.06625 0.035
0 0.64 0.08125 0.045 0.05125
0 0.2175 0.1725 0.0275 0.11375
0 0.15625 0.15375 0.03125 0.0625
0 0.8525 0.195 0.04 0.07125
0 0.81 0.19625 0.03875 0.07125
0 0.77 0.19875 0.03875 0.06625
0 0.73125 0.19875 0.03875 0.06625
0 0.68625 0.14 0.04625 0.06
0 0.68375 0.2025 0.05125 0.0625
0 0.6375 0.2025 0.0425 0.0625
0 0.63875 0.13875 0.045 0.0625
0 0.55875 0.42625 0.04125 0.07625
0 0.5925 0.08625 0.04375 0.05
0 0.58875 0.1425 0.0425 0.05875
0 0.58875 0.2025 0.0425 0.06
0 0.54125 0.20375 0.04625 0.06375
0 0.54125 0.14125 0.045 0.06
0 0.49375 0.16 0.04375 0.0325
0 0.495 0.205 0.045 0.05625
0 0.4425 0.1725 0.025 0.115
0 0.41625 0.175 0.02625 0.115
0 0.38875 0.175 0.02625 0.115
0 0.36125 0.1725 0.0275 0.11375
0 0.3325 0.17625 0.0275 0.11375
0 0.305 0.1775 0.0275 0.11375
0 0.275 0.175 0.0275 0.11375
0 0.24625 0.17125 0.0275 0.11375
0 0.14125 0.24625 0.03125 0.05625
0 0.595 0.42875 0.025 0.06625
0 0.33375 0.275 0.05875 0.02375
0 0.6725 0.4275 0.04125 0.07125
0 0.72625 0.71375 0.0375 0.0775
0 0.6875 0.7125 0.0375 0.0775
0 0.64625 0.7125 0.0375 0.0775
0 0.60625 0.71 0.0375 0.0775
0 0.56875 0.7075 0.0375 0.0775
0 0.53 0.71125 0.0375 0.0775
0 0.48875 0.71125 0.0375 0.0775
0 0.45 0.7125 0.0375 0.0775
0 0.41125 0.7075 0.0375 0.0775
0 0.36875 0.70625 0.0375 0.0775
0 0.33125 0.7025 0.0375 0.0775
0 0.28875 0.7025 0.0375 0.0775
0 0.2475 0.7025 0.0375 0.0775
0 0.8525 0.825 0.04375 0.0925
0 0.805 0.81625 0.04375 0.09125
0 0.74375 0.8225 0.04375 0.0925
0 0.69625 0.81625 0.04375 0.09125
0 0.1625 0.8775 0.06375 0.055
0 0.155 0.82 0.05 0.05875
0 0.1525 0.7575 0.05375 0.055
0 0.1475 0.6925 0.04375 0.06125
0 0.1475 0.62625 0.04375 0.06375
0 0.24375 0.8025 0.04125 0.09375
0 0.765 0.71375 0.0375 0.0775
0 0.29125 0.80625 0.04375 0.09125
0 0.395 0.81625 0.04375 0.09125
0 0.44625 0.815 0.04375 0.09125
0 0.4975 0.8125 0.04375 0.09125
0 0.545 0.81125 0.04375 0.0925
0 0.59125 0.81625 0.04375 0.0925
0 0.6425 0.8175 0.04375 0.09125
0 0.62875 0.42875 0.03875 0.06625
0 0.80375 0.71625 0.0375 0.0775
0 0.34375 0.81 0.04375 0.0925
0 0.27625 0.605 0.045 0.0775
0 0.41 0.51 0.045 0.06375
0 0.46125 0.51125 0.04875 0.0675
0 0.52 0.5125 0.04625 0.0625
0 0.565 0.5125 0.04125 0.06375
0 0.6075 0.5125 0.04375 0.06625
0 0.65125 0.51375 0.04 0.06875
0 0.36 0.51125 0.0475 0.06125
0 0.69375 0.5125 0.045 0.07125
0 0.7925 0.52 0.0425 0.0625
0 0.835 0.52125 0.04375 0.0625
0 0.8475 0.4275 0.03875 0.0775
0 0.76125 0.43 0.03875 0.065
0 0.71625 0.4275 0.045 0.07125
0 0.84625 0.7175 0.0375 0.0775
0 0.74125 0.515 0.04 0.065
0 0.3125 0.51125 0.045 0.06125
0 0.80375 0.425 0.04375 0.075
0 0.23 0.51125 0.04375 0.065
0 0.32125 0.605 0.045 0.0775
0 0.27125 0.505 0.0325 0.05625
0 0.36125 0.60375 0.03125 0.07875
0 0.18125 0.5475 0.05 0.06625
0 0.445 0.60625 0.04375 0.08
0 0.49 0.60625 0.04375 0.08
0 0.535 0.6075 0.04375 0.08
0 0.4 0.605 0.04375 0.08
0 0.6175 0.6075 0.04375 0.08
0 0.665 0.6075 0.04375 0.08
0 0.705 0.6075 0.03625 0.07875
0 0.7425 0.61125 0.03625 0.07875
0 0.86375 0.60875 0.02125 0.09
0 0.7825 0.61 0.03625 0.07875
0 0.57625 0.6075 0.035 0.08
0 0.82875 0.61125 0.04375 0.08375