0 0.36125 0.4425 0.02125 0.02125
0 0.74875 0.52625 0.0175 0.04875
0 0.77 0.44875 0.02 0.0525
0 0.74375 0.44625 0.025 0.045
0 0.7575 0.3875 0.03625 0.04
0 0.6775 0.70875 0.0325 0.08875
0 0.71 0.7075 0.03125 0.0875
0 0.77 0.53125 0.0225 0.055
0 0.64125 0.70625 0.03125 0.08
0 0.2625 0.2325 0.03125 0.04625
0 0.29125 0.23375 0.02625 0.0475
0 0.325 0.2425 0.02625 0.04625
0 0.35 0.23375 0.03 0.045
0 0.7675 0.685 0.02125 0.05375
0 0.7425 0.6025 0.02375 0.05
0 0.69375 0.60625 0.0175 0.07
0 0.7175 0.60625 0.01875 0.08
0 0.36 0.70625 0.02 0.085
0 0.38 0.7075 0.0175 0.0825
0 0.4 0.71125 0.02 0.0825
0 0.4375 0.71125 0.02875 0.07125
0 0.46625 0.715 0.02375 0.06875
0 0.5025 0.74125 0.03125 0.02125
0 0.50125 0.715 0.03 0.03
0 0.53125 0.7125 0.0275 0.0725
0 0.56125 0.70625 0.02625 0.08625
0 0.565 0.605 0.03125 0.0725
0 0.6025 0.6075 0.02625 0.07875
0 0.62875 0.6075 0.0225 0.07375
0 0.65125 0.61125 0.02 0.08
0 0.675 0.6075 0.01875 0.07375
0 0.3775 0.2275 0.0275 0.0575
0 0.77125 0.605 0.02 0.05625
0 0.40625 0.22875 0.025 0.0625
0 0.44375 0.225 0.0325 0.05125
0 0.48 0.22625 0.02875 0.05
0 0.5125 0.41875 0.035 0.07125
0 0.48125 0.41625 0.02625 0.0675
0 0.415 0.41875 0.02375 0.0775
0 0.3875 0.44625 0.02875 0.02125
0 0.39625 0.31 0.025 0.05125
0 0.36875 0.31 0.025 0.0525
0 0.30875 0.3075 0.0275 0.05625
0 0.5425 0.41625 0.02375 0.07375
0 0.2775 0.30875 0.02625 0.05875
0 0.22625 0.44875 0.0125 0.01875
0 0.2425 0.44625 0.015 0.0175
0 0.2675 0.425 0.02 0.0125
0 0.2675 0.4375 0.01875 0.0125
0 0.27 0.45 0.01875 0.0125
0 0.295 0.42625 0.02875 0.0225
0 0.3875 0.42125 0.035 0.0225
0 0.24875 0.30625 0.02875 0.06
0 0.29625 0.44875 0.02875 0.0175
0 0.57 0.41875 0.025 0.07875
0 0.46 0.31 0.02125 0.045
0 0.51875 0.22875 0.02875 0.05875
0 0.55375 0.22875 0.0275 0.0525
0 0.58125 0.2275 0.03 0.05125
0 0.625 0.21875 0.03125 0.0475
0 0.69 0.22 0.025 0.0625
0 0.7175 0.22375 0.02125 0.05
0 0.745 0.31375 0.025 0.0175
0 0.42375 0.3075 0.02375 0.0475
0 0.7225 0.31125 0.0225 0.0125
0 0.67 0.3125 0.02125 0.01375
0 0.3225 0.7175 0.03 0.06875
0 0.57625 0.315 0.02 0.01375
0 0.55125 0.3175 0.02125 0.0175
0 0.49875 0.305 0.02125 0.04375
0 0.61125 0.7125 0.025 0.075
0 0.58375 0.69375 0.025 0.0625
0 0.6975 0.3125 0.01875 0.015
0 0.2875 0.715 0.03 0.07
0 0.5325 0.60875 0.0325 0.08
0 0.2275 0.7 0.015 0.02625
0 0.53125 0.515 0.02875 0.0725
0 0.49625 0.51375 0.02875 0.06875
0 0.46 0.51375 0.03625 0.07625
0 0.38625 0.5225 0.0325 0.0225
0 0.3875 0.5425 0.03 0.01625
0 0.625 0.315 0.0225 0.01375
0 0.35 0.51375 0.035 0.07625
0 0.315 0.51375 0.0325 0.0775
0 0.28125 0.5125 0.03125 0.075
0 0.24625 0.515 0.03375 0.075
0 0.255 0.62625 0.0325 0.0325
0 0.25875 0.7225 0.0225 0.055
0 0.33875 0.6125 0.0275 0.06125
0 0.52 0.7875 0.01375 0.035
0 0.49375 0.8 0.0275 0.0625
0 0.55875 0.51375 0.02125 0.07625
0 0.58 0.51125 0.0225 0.07375
0 0.605 0.51375 0.02625 0.07125
0 0.63625 0.5325 0.03 0.04125
0 0.545 0.7975 0.035 0.05625
0 0.5775 0.80875 0.02625 0.04125
0 0.6025 0.81125 0.0175 0.04125
0 0.6225 0.8025 0.025 0.0475
0 0.66375 0.795 0.02875 0.02875
0 0.66125 0.82 0.02875 0.02125
0 0.695 0.8 0.03125 0.05875
0 0.46625 0.80125 0.03 0.06
0 0.74875 0.7875 0.05 0.0875
0 0.62 0.41625 0.025 0.07625
0 0.64875 0.415 0.03125 0.08
0 0.67875 0.41 0.02375 0.0875
0 0.70875 0.41125 0.035 0.08375
0 0.72375 0.51 0.0275 0.08
0 0.69375 0.51 0.02625 0.08
0 0.6675 0.5125 0.02625 0.08375
0 0.595 0.41625 0.02 0.0775
0 0.43125 0.8075 0.0175 0.0375
0 0.30375 0.6225 0.02875 0.03375
0 0.3625 0.8225 0.03125 0.0175
0 0.2275 0.73375 0.015 0.035
0 0.2675 0.805 0.0225 0.05
0 0.295 0.80125 0.0225 0.04875
0 0.32 0.80125 0.01625 0.055
0 0.3375 0.8025 0.0175 0.055
0 0.3625 0.785 0.03125 0.0225
0 0.3625 0.805 0.0275 0.01625
0 0.49625 0.6075 0.03 0.0725
0 0.4625 0.61125 0.02875 0.0625
0 0.435 0.6125 0.02875 0.0675
0 0.39875 0.61375 0.0275 0.0575
0 0.395 0.80125 0.02375 0.0625
0 0.3675 0.61625 0.0275 0.07
0 0.64625 0.3125 0.02375 0.015