0 0.5475 0.59375 0.03125 0.02375
0 0.51625 0.59375 0.0275 0.02375
0 0.485 0.59375 0.03125 0.02375
0 0.45375 0.59 0.02625 0.02125
0 0.26 0.59375 0.0325 0.0225
0 0.4225 0.585 0.0275 0.02375
0 0.295 0.58875 0.02875 0.0275
0 0.32625 0.5825 0.03 0.025
0 0.3575 0.585 0.0275 0.0225
0 0.3925 0.59 0.03 0.0225
0 0.2625 0.61875 0.03 0.02125
0 0.72375 0.51625 0.04375 0.02
0 0.295 0.6175 0.03125 0.025
0 0.63875 0.62125 0.02875 0.0225
0 0.35875 0.62 0.03 0.025
0 0.39125 0.6225 0.03 0.025
0 0.42125 0.62125 0.0275 0.025
0 0.4525 0.62125 0.02875 0.02625
0 0.48375 0.62125 0.03 0.025
0 0.51625 0.6225 0.02625 0.025
0 0.7125 0.495 0.04375 0.01625
0 0.54625 0.62125 0.0275 0.025
0 0.5775 0.62 0.02875 0.025
0 0.5775 0.5925 0.0275 0.02375
0 0.60875 0.5925 0.02875 0.025
0 0.63875 0.59375 0.02625 0.02375
0 0.67 0.59375 0.03 0.0225
0 0.6075 0.62125 0.02875 0.025
0 0.3275 0.61875 0.0275 0.0275
0 0.7125 0.47875 0.04375 0.01125
0 0.46 0.49 0.03 0.02625
0 0.625 0.52125 0.04875 0.03
0 0.625 0.8375 0.0275 0.02875
0 0.6525 0.8275 0.02375 0.02375
0 0.68 0.81625 0.02375 0.02625
0 0.70625 0.81625 0.02625 0.0225
0 0.75 0.84625 0.02875 0.02625
0 0.745 0.7975 0.025 0.025
0 0.77 0.7975 0.02 0.0275
0 0.36 0.43375 0.05 0.02375
0 0.41 0.4125 0.04625 0.0225
0 0.4625 0.415 0.04875 0.02125
0 0.4125 0.43625 0.04875 0.02125
0 0.46375 0.43625 0.05 0.02125
0 0.51625 0.43625 0.045 0.02125
0 0.75375 0.43125 0.0475 0.03125
0 0.2625 0.515 0.0325 0.03
0 0.295 0.515 0.03125 0.03
0 0.3375 0.5125 0.0325 0.03375
0 0.3675 0.51125 0.02375 0.02625
0 0.395 0.51 0.025 0.0275
0 0.42625 0.5175 0.0325 0.03125
0 0.49375 0.48875 0.03 0.02875
0 0.53125 0.4875 0.0375 0.0275
0 0.58 0.4875 0.04 0.02625
0 0.46125 0.52 0.03 0.02625
0 0.49375 0.52125 0.03125 0.02625
0 0.53125 0.52125 0.0375 0.03125
0 0.57625 0.52 0.0425 0.03
0 0.67625 0.52 0.05 0.0275
0 0.67 0.6225 0.02875 0.02625
0 0.2975 0.1325 0.04125 0.04
0 0.73125 0.62375 0.025 0.02625
0 0.765 0.34875 0.03 0.02
0 0.73375 0.33125 0.04625 0.01
0 0.28375 0.41125 0.02625 0.065
0 0.3125 0.4125 0.025 0.06375
0 0.36625 0.4025 0.03625 0.02
0 0.59125 0.80125 0.02375 0.0275
0 0.5675 0.82 0.01875 0.025
0 0.53375 0.84625 0.02875 0.025
0 0.5025 0.84625 0.0275 0.02625
0 0.5425 0.80625 0.0275 0.025
0 0.725 0.35 0.04625 0.0175
0 0.51 0.79875 0.02625 0.025
0 0.45 0.81875 0.02875 0.02375
0 0.47125 0.84625 0.0275 0.01875
0 0.4425 0.84375 0.02625 0.01875
0 0.4175 0.81125 0.03 0.02125
0 0.3875 0.8075 0.025 0.02
0 0.38 0.84375 0.025 0.0225
0 0.2525 0.85125 0.03125 0.02375
0 0.28375 0.85 0.03 0.0225
0 0.3175 0.84625 0.0275 0.0225
0 0.3475 0.8475 0.0275 0.025
0 0.48125 0.81375 0.0275 0.02125
0 0.34875 0.82125 0.0275 0.02125
0 0.6725 0.35 0.05125 0.0225
0 0.61625 0.34625 0.05625 0.03
0 0.72625 0.1475 0.03 0.03
0 0.25375 0.2375 0.06375 0.04
0 0.3125 0.2275 0.05 0.055
0 0.375 0.20125 0.05375 0.03625
0 0.375 0.24 0.055 0.03625
0 0.43375 0.24 0.055 0.03625
0 0.49125 0.2425 0.05125 0.035
0 0.53875 0.245 0.03625 0.02875
0 0.58125 0.24875 0.03875 0.025
0 0.62625 0.245 0.04 0.0325
0 0.6825 0.325 0.05125 0.0225
0 0.67625 0.24875 0.05375 0.0275
0 0.26125 0.33625 0.05625 0.0275
0 0.32125 0.3375 0.0575 0.02875
0 0.38125 0.34 0.05875 0.03125
0 0.4425 0.30875 0.055 0.03125
0 0.50125 0.31125 0.055 0.02875
0 0.4425 0.34 0.05375 0.0275
0 0.5 0.3425 0.0575 0.02875
0 0.5625 0.3125 0.05625 0.0275
0 0.6225 0.3125 0.0575 0.03
0 0.55875 0.3425 0.05625 0.0275
0 0.73875 0.2325 0.055 0.03625
0 0.7025 0.6225 0.03125 0.025
0 0.32375 0.80375 0.0175 0.0225
0 0.2625 0.81125 0.0325 0.03125
0 0.50875 0.1375 0.04125 0.0375
0 0.5475 0.1375 0.03375 0.04
0 0.5825 0.135 0.0325 0.04125
0 0.62 0.08875 0.03125 0.04375
0 0.6575 0.09 0.03125 0.04375
0 0.61625 0.13625 0.02875 0.045
0 0.6525 0.13625 0.02875 0.04375
0 0.6925 0.1325 0.0325 0.05125
0 0.33625 0.74625 0.02375 0.02625
0 0.27125 0.7575 0.02625 0.0225
0 0.46375 0.13625 0.0425 0.035
0 0.3025 0.75625 0.0325 0.02375
0 0.26625 0.72875 0.03125 0.02625
0 0.23375 0.7025 0.0275 0.0525
0 0.59 0.66875 0.04 0.0275
0 0.5225 0.665 0.035 0.0225
0 0.48 0.67375 0.04 0.035
0 0.405 0.66875 0.04625 0.02875
0 0.34125 0.675 0.03375 0.0375
0 0.305 0.67375 0.03125 0.03875
0 0.2675 0.67625 0.03 0.0375
0 0.75875 0.61 0.02 0.03
0 0.29875 0.73 0.02875 0.02375
0 0.2975 0.80125 0.02875 0.02625
0 0.56625 0.09375 0.025 0.03375
0 0.50125 0.09875 0.025 0.035
0 0.76875 0.7375 0.02125 0.03375
0 0.74375 0.735 0.02125 0.03625
0 0.7175 0.7425 0.025 0.03375
0 0.69 0.74625 0.025 0.03375
0 0.66125 0.7475 0.02625 0.03875
0 0.6325 0.7475 0.02625 0.03875
0 0.5975 0.74625 0.02625 0.03875
0 0.56875 0.74625 0.02875 0.03875
0 0.53625 0.74375 0.02875 0.03875
0 0.50125 0.7375 0.025 0.02625
0 0.53875 0.095 0.02625 0.03875
0 0.47375 0.735 0.02625 0.02625
0 0.40625 0.74375 0.02625 0.02875
0 0.36625 0.75125 0.03 0.02625
0 0.32125 0.055 0.07625 0.055
0 0.24875 0.1325 0.0375 0.035
0 0.34125 0.13375 0.0425 0.0425
0 0.38375 0.09625 0.035 0.04625
0 0.42125 0.09875 0.035 0.0375
0 0.385 0.14 0.03375 0.03375
0 0.42125 0.14125 0.035 0.03625
0 0.47125 0.09625 0.02625 0.03625
0 0.435 0.75 0.03 0.025
0 0.41 0.84125 0.0275 0.0225