0 0.7325 0.37125 0.05375 0.1
0 0.54875 0.73625 0.05875 0.02
0 0.2525 0.15125 0.07375 0.05
0 0.17875 0.15125 0.0675 0.0475
0 0.12125 0.20875 0.0625 0.06
0 0.19 0.20875 0.0675 0.06125
0 0.32 0.15 0.0625 0.04625
0 0.385 0.15 0.065 0.04625
0 0.32625 0.205 0.0625 0.05875
0 0.39 0.20625 0.06 0.0575
0 0.26 0.2075 0.06875 0.06125
0 0.45375 0.14875 0.06625 0.04125
0 0.45625 0.205 0.06625 0.0575
0 0.5175 0.14875 0.0575 0.04375
0 0.52875 0.20375 0.06875 0.06375
0 0.11125 0.15125 0.06625 0.05
0 0.59125 0.1475 0.07 0.0425
0 0.66375 0.20375 0.06625 0.0675
0 0.11625 0.29375 0.04875 0.05375
0 0.17125 0.295 0.05625 0.0575
0 0.18875 0.3525 0.05375 0.05375
0 0.12625 0.35375 0.0625 0.05875
0 0.23625 0.2925 0.06375 0.055
0 0.24375 0.3525 0.0525 0.055
0 0.30875 0.2875 0.06375 0.055
0 0.31375 0.34 0.06375 0.04125
0 0.37875 0.285 0.07125 0.05
0 0.38125 0.34625 0.065 0.06375
0 0.45 0.285 0.06875 0.0525
0 0.44875 0.345 0.06375 0.06375
0 0.66625 0.14625 0.065 0.03875
0 0.525 0.285 0.0775 0.06
0 0.045 0.1825 0.06375 0.1125
0 0.0475 0.35625 0.09 0.05875
0 0.47875 0.7325 0.07 0.18625
0 0.85875 0.36875 0.0575 0.09625
0 0.795 0.36875 0.06125 0.10125
0 0.985 0.24 0.03 0.09125
0 0.92 0.3675 0.0475 0.09625
0 0.97875 0.36875 0.0425 0.08875
0 0.705 0.48 0.05625 0.08875
0 0.7775 0.48625 0.0575 0.09375
0 0.84375 0.4825 0.05375 0.09125
0 0.9125 0.485 0.055 0.09
0 0.97125 0.48125 0.04875 0.08625
0 0.96125 0.5875 0.05625 0.07625
0 0.89 0.585 0.05125 0.0825
0 0.47125 0.5875 0.06625 0.0475
0 0.83125 0.58125 0.055 0.085
0 0.67875 0.58 0.05875 0.10125
0 0.68625 0.66875 0.05125 0.06875
0 0.74625 0.68 0.055 0.08
0 0.805 0.67875 0.055 0.08875
0 0.93375 0.23875 0.05 0.09625
0 0.8725 0.2425 0.055 0.0875
0 0.80125 0.23625 0.055 0.09625
0 0.73625 0.2425 0.055 0.0975
0 0.6075 0.785 0.05875 0.0225
0 0.61 0.75 0.05875 0.04
0 0.5425 0.78375 0.05375 0.0225
0 0.5475 0.75875 0.06 0.02125
0 0.0425 0.29625 0.085 0.05625
0 0.76875 0.585 0.05625 0.08875
0 0.52375 0.35 0.08375 0.065
0 0.5975 0.20125 0.0625 0.0575
0 0.61125 0.3475 0.08 0.065
0 0.4025 0.6825 0.07875 0.0475
0 0.265 0.675 0.06875 0.06
0 0.19375 0.67375 0.06625 0.06
0 0.11375 0.66875 0.08875 0.07625
0 0.03375 0.6675 0.0675 0.07375
0 0.0125 0.7775 0.02375 0.055
0 0.0825 0.76375 0.09125 0.07375
0 0.16125 0.76125 0.04375 0.08125
0 0.2225 0.7475 0.0775 0.04
0 0.2325 0.79125 0.07125 0.0425
0 0.305 0.745 0.07875 0.0375
0 0.30625 0.78625 0.07125 0.03875
0 0.6125 0.285 0.09 0.05625
0 0.3275 0.68375 0.05875 0.04375
0 0.39 0.7625 0.06625 0.0125
0 0.93375 0.67125 0.05125 0.0875
0 0.65375 0.7475 0.02625 0.085
0 0.6875 0.7725 0.03875 0.07875
0 0.73875 0.77 0.055 0.07625
0 0.7975 0.76875 0.05375 0.08
0 0.91625 0.76875 0.0425 0.08125
0 0.85625 0.76875 0.06 0.08375
0 0.9 0.84375 0.04625 0.06
0 0.84375 0.845 0.05125 0.06
0 0.7875 0.84 0.04125 0.05875
0 0.7375 0.84375 0.05125 0.0625
0 0.67625 0.845 0.0625 0.06
0 0.3875 0.7925 0.06875 0.0375
0 0.87125 0.68 0.05375 0.085
0 0.40125 0.6425 0.0725 0.0275
0 0.38375 0.74 0.07125 0.02875
0 0.61625 0.6775 0.06375 0.04375
0 0.02625 0.4625 0.0525 0.07875
0 0.3325 0.645 0.06125 0.03125
0 0.08875 0.46 0.0675 0.09
0 0.18375 0.46125 0.07875 0.07625
0 0.38125 0.41125 0.04875 0.0225
0 0.37 0.43875 0.05 0.02375
0 0.36875 0.47625 0.055 0.04875
0 0.30625 0.43625 0.065 0.14875
0 0.41375 0.47 0.03 0.05625
0 0.48 0.4725 0.10125 0.06
0 0.5925 0.4175 0.1075 0.04375
0 0.58875 0.4725 0.1 0.06
0 0.0275 0.5725 0.055 0.09875
0 0.085 0.57125 0.055 0.0875
0 0.48 0.41875 0.105 0.04125
0 0.535 0.53375 0.05375 0.0325
0 0.62 0.63625 0.0525 0.02375
0 0.15125 0.5375 0.0675 0.03375
0 0.555 0.63875 0.07625 0.02625
0 0.60875 0.57125 0.0725 0.06375
0 0.5375 0.57875 0.06375 0.05375
0 0.4625 0.53875 0.07875 0.0425
0 0.55125 0.67875 0.055 0.0475
0 0.3775 0.535 0.0725 0.03
0 0.30625 0.5825 0.07375 0.045
0 0.3125 0.53875 0.05375 0.03875
0 0.225 0.585 0.0725 0.05625
0 0.15 0.58625 0.0725 0.06125
0 0.38125 0.58125 0.0725 0.05375