0 0.13 0.15375 0.00875 0.12
0 0.14125 0.15375 0.01 0.1225
0 0.2525 0.17625 0.01125 0.1125
0 0.18375 0.1675 0.0275 0.12875
0 0.22125 0.16625 0.01125 0.115
0 0.235 0.1675 0.01125 0.1125
0 0.26375 0.17625 0.01125 0.1125
0 0.21625 0.52375 0.035 0.11
0 0.35625 0.1625 0.03625 0.13375
0 0.3925 0.18375 0.01 0.10625
0 0.405 0.18375 0.01 0.10625
0 0.44375 0.17875 0.02 0.11875
0 0.4725 0.17375 0.02375 0.1275
0 0.5 0.17 0.0175 0.1225
0 0.52375 0.17875 0.02125 0.11875
0 0.55625 0.1875 0.02 0.1125
0 0.59125 0.185 0.02125 0.12
0 0.635 0.18 0.0225 0.11875
0 0.30375 0.17875 0.04 0.1325
0 0.25125 0.895 0.01875 0.10875
0 0.54 0.8175 0.015 0.06875
0 0.295 0.89 0.025 0.10375
0 0.7075 0.7875 0.0125 0.06375
0 0.69375 0.78375 0.01125 0.06125
0 0.675 0.8 0.01375 0.07875
0 0.6475 0.805 0.03625 0.0825
0 0.61625 0.79875 0.015 0.0525
0 0.59625 0.80125 0.02125 0.04875
0 0.57625 0.815 0.0175 0.06125
0 0.5575 0.8175 0.01375 0.0675
0 0.2725 0.8925 0.0175 0.1125
0 0.67375 0.19625 0.0225 0.11875
0 0.48875 0.81 0.03 0.065
0 0.46 0.8425 0.0225 0.05875
0 0.4325 0.8225 0.02125 0.09375
0 0.195 0.895 0.045 0.10625
0 0.4 0.82625 0.02375 0.08
0 0.35875 0.82 0.02 0.07625
0 0.33 0.83625 0.015 0.03375
0 0.315 0.82125 0.00875 0.06875
0 0.51625 0.8175 0.02125 0.07125
0 0.705 0.195 0.0275 0.115
0 0.735 0.1875 0.02625 0.10625
0 0.73625 0.32375 0.02625 0.10125
0 0.69375 0.635 0.0225 0.08125
0 0.145 0.51625 0.02875 0.10375
0 0.65125 0.64875 0.0225 0.085
0 0.63 0.645 0.0175 0.0875
0 0.6 0.64125 0.025 0.0825
0 0.58625 0.60125 0.015 0.0075
0 0.71375 0.48625 0.03125 0.08125
0 0.56 0.65875 0.0075 0.055
0 0.54125 0.6475 0.0175 0.0975
0 0.51 0.64875 0.03375 0.09125
0 0.4725 0.6675 0.035 0.0875
0 0.44125 0.6625 0.01625 0.09
0 0.405 0.65625 0.02125 0.09625
0 0.375 0.66375 0.03125 0.1
0 0.57125 0.65125 0.0125 0.0675
0 0.68625 0.48625 0.01875 0.08625
0 0.66375 0.48875 0.01125 0.08
0 0.6475 0.49875 0.0175 0.0825
0 0.2475 0.51375 0.01375 0.09375
0 0.2625 0.51375 0.01375 0.09375
0 0.285 0.51875 0.01375 0.09375
0 0.3 0.51875 0.01375 0.09625
0 0.32375 0.5075 0.0125 0.095
0 0.3375 0.50625 0.0125 0.095
0 0.37 0.5025 0.0225 0.095
0 0.40375 0.49875 0.02375 0.1
0 0.43875 0.49125 0.03125 0.1025
0 0.4825 0.5025 0.01875 0.095
0 0.52125 0.49 0.0375 0.085
0 0.565 0.48625 0.02375 0.07875
0 0.59625 0.5175 0.01 0.055
0 0.6075 0.5125 0.01 0.07125
0 0.6275 0.4975 0.0175 0.08125
0 0.36 0.5925 0.11125 0.02875
0 0.1775 0.5125 0.02875 0.0975
0 0.34 0.67 0.02125 0.09375
0 0.27 0.6875 0.01 0.08375
0 0.3675 0.34 0.01125 0.10125
0 0.39625 0.33625 0.00875 0.095
0 0.40625 0.33 0.00875 0.08125
0 0.415 0.34125 0.00875 0.10125
0 0.44375 0.33125 0.00875 0.095
0 0.4525 0.33 0.00875 0.095
0 0.355 0.34 0.01125 0.10125
0 0.47625 0.32625 0.03125 0.10875
0 0.5425 0.325 0.0425 0.0975
0 0.58 0.33 0.02625 0.1075
0 0.60625 0.3275 0.02125 0.10375
0 0.6325 0.325 0.0275 0.10125
0 0.66875 0.3275 0.02875 0.10625
0 0.71125 0.325 0.02125 0.105
0 0.50625 0.335 0.025 0.11125
0 0.335 0.33375 0.01125 0.10125
0 0.32125 0.33375 0.01125 0.10125
0 0.28875 0.355 0.01 0.105
0 0.26 0.68625 0.01125 0.085
0 0.235 0.69125 0.01 0.08875
0 0.225 0.69 0.01 0.08875
0 0.18875 0.6925 0.0125 0.09125
0 0.17625 0.69125 0.01125 0.0925
0 0.12875 0.695 0.0075 0.0925
0 0.14 0.695 0.01625 0.09
0 0.1425 0.83875 0.01125 0.08375
0 0.13125 0.84375 0.01125 0.08375
0 0.155 0.34 0.015 0.10625
0 0.14 0.34 0.015 0.10875
0 0.185 0.33625 0.02875 0.11
0 0.2225 0.34375 0.01 0.10875
0 0.235 0.345 0.01125 0.10625
0 0.2775 0.3525 0.01 0.10375
0 0.3025 0.69125 0.04375 0.0725
0 0.67 0.64375 0.0125 0.075
0 0.22875 0.845 0.0175 0.07625