0 0.3025 0.5975 0.05375 0.0875
0 0.60625 0.61625 0.04625 0.03
0 0.56 0.6175 0.04375 0.03
0 0.515 0.6175 0.0425 0.03
0 0.4025 0.5 0.04 0.0475
0 0.51625 0.58625 0.04375 0.0275
0 0.51875 0.55375 0.04375 0.03
0 0.46625 0.5925 0.05 0.08875
0 0.41125 0.59125 0.05125 0.08625
0 0.3575 0.59375 0.055 0.09125
0 0.2475 0.5975 0.0525 0.09125
0 0.44375 0.49875 0.04125 0.045
0 0.13625 0.6 0.05875 0.08375
0 0.08375 0.6 0.04375 0.09
0 0.0375 0.6325 0.04625 0.025
0 0.03 0.6025 0.04375 0.0325
0 0.95875 0.44875 0.06625 0.11875
0 0.8875 0.45 0.06375 0.1225
0 0.81125 0.4625 0.08875 0.1025
0 0.7275 0.4625 0.0775 0.10125
0 0.6475 0.465 0.0775 0.10125
0 0.565 0.46625 0.0775 0.1
0 0.49625 0.4725 0.05625 0.09375
0 0.65375 0.5625 0.04125 0.045
0 0.195 0.59875 0.05125 0.0825
0 0.65375 0.60875 0.04 0.04375
0 0.7425 0.74375 0.02875 0.0475
0 0.73125 0.55125 0.0325 0.03625
0 0.77 0.74375 0.02625 0.045
0 0.35875 0.5 0.04375 0.045
0 0.7125 0.7425 0.0275 0.05125
0 0.68125 0.74375 0.02875 0.05
0 0.6525 0.7425 0.02625 0.05
0 0.6075 0.755 0.0375 0.02875
0 0.565 0.7475 0.0425 0.04625
0 0.365 0.73875 0.0725 0.08375
0 0.29 0.73875 0.0725 0.0825
0 0.2225 0.7625 0.06 0.04125
0 0.16125 0.765 0.0575 0.0425
0 0.1125 0.765 0.0375 0.035
0 0.21625 0.72 0.0575 0.0425
0 0.1575 0.72125 0.05625 0.0425
0 0.1075 0.7275 0.0375 0.0325
0 0.06875 0.765 0.04375 0.03375
0 0.025 0.76625 0.0425 0.03875
0 0.06375 0.72875 0.04375 0.03625
0 0.025 0.71375 0.03125 0.03875
0 0.9325 0.6 0.0525 0.04625
0 0.87625 0.6025 0.055 0.04875
0 0.82125 0.60375 0.0525 0.04625
0 0.77375 0.605 0.04 0.0475
0 0.73375 0.6025 0.0375 0.04875
0 0.69375 0.60875 0.03625 0.03875
0 0.695 0.5625 0.0375 0.04625
0 0.44125 0.45 0.04125 0.0475
0 0.51625 0.3 0.0425 0.0575
0 0.35625 0.4525 0.04125 0.0475
0 0.40875 0.3175 0.0525 0.0475
0 0.3525 0.31625 0.05625 0.05
0 0.29375 0.31625 0.055 0.04875
0 0.23125 0.325 0.06875 0.11125
0 0.165 0.3275 0.0525 0.11
0 0.10125 0.32875 0.075 0.11125
0 0.03125 0.33 0.06 0.11375
0 0.935 0.17875 0.035 0.1
0 0.88625 0.17875 0.06125 0.095
0 0.82875 0.18 0.04625 0.0975
0 0.775 0.1825 0.05875 0.1
0 0.72 0.18 0.0475 0.10125
0 0.46375 0.315 0.05625 0.04375
0 0.62125 0.18 0.0525 0.105
0 0.52375 0.1825 0.045 0.1075
0 0.4775 0.18375 0.04375 0.11125
0 0.4325 0.185 0.04375 0.10625
0 0.38625 0.1825 0.0475 0.105
0 0.33625 0.18125 0.0475 0.1125
0 0.2825 0.185 0.05375 0.1075
0 0.23125 0.18375 0.05 0.1175
0 0.18125 0.18625 0.05 0.11375
0 0.13375 0.18625 0.0425 0.115
0 0.0875 0.1875 0.0475 0.11125
0 0.03625 0.185 0.055 0.11875
0 0.84125 0.7425 0.0975 0.04375
0 0.57 0.1825 0.04375 0.1075
0 0.39875 0.45 0.04125 0.0475
0 0.29625 0.36125 0.05625 0.0375
0 0.4125 0.36 0.05625 0.0375
0 0.305 0.4775 0.06125 0.09125
0 0.24625 0.47875 0.05375 0.09375
0 0.19875 0.50375 0.04 0.04625
0 0.15375 0.505 0.04375 0.04375
0 0.1075 0.51375 0.0475 0.02875
0 0.05625 0.51375 0.0525 0.03125
0 0.1925 0.45625 0.04625 0.04625
0 0.15 0.45625 0.03875 0.04875
0 0.105 0.47875 0.04625 0.03375
0 0.05375 0.47875 0.0525 0.035
0 0.95125 0.34125 0.06 0.05
0 0.8925 0.34 0.055 0.05125
0 0.355 0.36125 0.0575 0.03625
0 0.8325 0.345 0.0625 0.0525
0 0.96 0.28375 0.0625 0.06
0 0.8975 0.28625 0.05625 0.0575
0 0.8375 0.2875 0.05625 0.055
0 0.77625 0.29 0.0575 0.05875
0 0.71375 0.32125 0.05375 0.10625
0 0.655 0.32125 0.05875 0.10625
0 0.60375 0.35 0.03875 0.0525
0 0.5625 0.3525 0.04125 0.04875
0 0.5175 0.355 0.04375 0.04875
0 0.60375 0.29625 0.04125 0.0525
0 0.56 0.2975 0.045 0.05625
0 0.46875 0.35875 0.05125 0.04125
0 0.7725 0.34625 0.05625 0.05
0 0.94 0.74 0.09375 0.04375
0 0.51375 0.7525 0.04 0.0425