0 0.77375 0.3675 0.01375 0.08125
0 0.36 0.27625 0.015 0.06625
0 0.34125 0.27625 0.01875 0.06625
0 0.32375 0.27625 0.01625 0.06375
0 0.3075 0.27625 0.0175 0.065
0 0.28875 0.2775 0.0175 0.0625
0 0.27125 0.28 0.01625 0.06125
0 0.255 0.2775 0.01625 0.0575
0 0.23125 0.265 0.025 0.0875
0 0.7725 0.47125 0.01625 0.06875
0 0.7525 0.47375 0.01875 0.06375
0 0.715 0.4725 0.01625 0.075
0 0.40875 0.37625 0.01375 0.07125
0 0.62375 0.5625 0.01375 0.07
0 0.63875 0.56125 0.01375 0.0725
0 0.395 0.3775 0.01375 0.07
0 0.665 0.265 0.0175 0.07625
0 0.3775 0.37625 0.015 0.0675
0 0.54375 0.375 0.015 0.07
0 0.56125 0.37375 0.01625 0.06875
0 0.5775 0.37375 0.01375 0.0725
0 0.5925 0.37375 0.0175 0.07375
0 0.61 0.37375 0.015 0.07125
0 0.62625 0.37375 0.01625 0.07125
0 0.3775 0.275 0.01625 0.06625
0 0.6425 0.37125 0.01625 0.07375
0 0.68375 0.3725 0.025 0.0675
0 0.70875 0.37375 0.01625 0.06375
0 0.73125 0.36875 0.0175 0.075
0 0.31625 0.3775 0.02125 0.0675
0 0.33875 0.37875 0.02125 0.065
0 0.36 0.3775 0.01875 0.065
0 0.66 0.37 0.01875 0.0775
0 0.395 0.275 0.01625 0.06875
0 0.645 0.26625 0.02 0.07625
0 0.62375 0.2675 0.015 0.07625
0 0.60625 0.5625 0.015 0.06875
0 0.58875 0.56125 0.01375 0.07
0 0.5725 0.56375 0.01875 0.06375
0 0.5525 0.5625 0.01875 0.065
0 0.53375 0.56 0.01375 0.07
0 0.5175 0.56375 0.01375 0.06625
0 0.475 0.26625 0.0225 0.08625
0 0.50125 0.56125 0.015 0.06875
0 0.77375 0.6625 0.0125 0.06125
0 0.7575 0.6625 0.01625 0.065
0 0.74125 0.66625 0.015 0.05625
0 0.72375 0.665 0.015 0.055
0 0.7075 0.66625 0.0125 0.055
0 0.41375 0.275 0.0175 0.06625
0 0.485 0.5625 0.01375 0.0675
0 0.69125 0.655 0.01875 0.07875
0 0.49875 0.26375 0.0225 0.0825
0 0.54125 0.26875 0.01375 0.0725
0 0.2925 0.3775 0.02125 0.0725
0 0.26875 0.3775 0.02125 0.07
0 0.24 0.37125 0.03125 0.0875
0 0.76375 0.56375 0.015 0.06375
0 0.74625 0.56375 0.01625 0.06375
0 0.725 0.56125 0.01875 0.06125
0 0.52125 0.26375 0.0225 0.08375
0 0.70875 0.5675 0.0175 0.05625
0 0.67375 0.56125 0.01625 0.0675
0 0.65625 0.56125 0.01625 0.0675
0 0.60625 0.26875 0.0175 0.075
0 0.59 0.26875 0.01625 0.07625
0 0.5725 0.2675 0.01375 0.07625
0 0.55625 0.26875 0.015 0.075
0 0.69 0.56625 0.015 0.0575
0 0.75375 0.3675 0.02125 0.08
0 0.67 0.655 0.01875 0.08125
0 0.62875 0.66 0.0175 0.065
0 0.32125 0.57 0.01875 0.06125
0 0.30125 0.57 0.0175 0.06125
0 0.2825 0.57125 0.01875 0.065
0 0.24375 0.66375 0.04875 0.07625
0 0.23 0.56625 0.0225 0.06875
0 0.25875 0.5675 0.0275 0.06875
0 0.69625 0.47125 0.0175 0.07375
0 0.68 0.47375 0.01625 0.06875
0 0.66125 0.47 0.0175 0.0725
0 0.6425 0.46875 0.01625 0.08
0 0.62625 0.47 0.01625 0.08
0 0.6075 0.47 0.015 0.08125
0 0.59125 0.47 0.015 0.08125
0 0.57375 0.4675 0.01375 0.0875
0 0.5575 0.46875 0.01625 0.0875
0 0.54 0.47125 0.01625 0.08
0 0.5225 0.4725 0.01625 0.0775
0 0.26625 0.4825 0.02125 0.06625
0 0.29 0.4825 0.02125 0.06375
0 0.3125 0.48125 0.01625 0.06375
0 0.3325 0.4825 0.02 0.06625
0 0.3525 0.48125 0.0175 0.06625
0 0.3725 0.47625 0.015 0.07375
0 0.34 0.57 0.01875 0.06125
0 0.3925 0.4775 0.0175 0.07375
0 0.43375 0.47625 0.01875 0.075
0 0.45 0.2775 0.015 0.0675
0 0.4525 0.47375 0.01875 0.07625
0 0.4725 0.47375 0.01875 0.075
0 0.49 0.4725 0.015 0.07875
0 0.50625 0.4725 0.015 0.08
0 0.4125 0.47625 0.01875 0.075
0 0.35875 0.57 0.0175 0.05875
0 0.3775 0.57 0.01875 0.06125
0 0.395 0.5675 0.0175 0.06375
0 0.685 0.26125 0.02 0.08125
0 0.42625 0.3775 0.01625 0.07125
0 0.44125 0.3775 0.015 0.0725
0 0.45875 0.3775 0.015 0.07
0 0.48125 0.37 0.01875 0.07625
0 0.5025 0.37 0.02125 0.08125
0 0.70625 0.26 0.01875 0.08125
0 0.525 0.3725 0.02125 0.08
0 0.52625 0.66 0.01625 0.0675
0 0.5425 0.66125 0.01625 0.06875
0 0.55875 0.6625 0.0175 0.06625
0 0.57625 0.6625 0.01625 0.06375
0 0.59375 0.6625 0.0175 0.06375
0 0.6125 0.66 0.01625 0.06375
0 0.51 0.65875 0.015 0.07
0 0.64875 0.65375 0.01875 0.08125
0 0.72875 0.26 0.02 0.0825
0 0.49375 0.66 0.0175 0.07125
0 0.4125 0.56625 0.01625 0.06625
0 0.43125 0.56625 0.0175 0.0625
0 0.45 0.56375 0.01625 0.0675
0 0.4675 0.565 0.0175 0.06375
0 0.2875 0.66875 0.0175 0.06375
0 0.3075 0.66625 0.01875 0.06875
0 0.7525 0.25875 0.01875 0.0775
0 0.34375 0.665 0.0175 0.06875
0 0.38125 0.6625 0.01375 0.0675
0 0.4 0.65875 0.01875 0.0775
0 0.41875 0.66 0.01875 0.07625
0 0.44 0.66 0.01875 0.07625
0 0.45875 0.6575 0.01875 0.075
0 0.47625 0.65875 0.01625 0.07
0 0.3625 0.665 0.02125 0.06875
0 0.43125 0.27625 0.01625 0.0675
0 0.32625 0.66375 0.0175 0.0675