0 0.18 0.2825 0.06125 0.05625
0 0.2575 0.29375 0.0575 0.11125
0 0.3125 0.3025 0.04875 0.1025
0 0.40125 0.29625 0.055 0.11125
0 0.455 0.30625 0.04875 0.09125
0 0.5075 0.31875 0.0475 0.07375
0 0.6 0.32125 0.04375 0.075
0 0.9 0.32125 0.06125 0.085
0 0.84 0.31875 0.0475 0.0825
0 0.77875 0.31625 0.055 0.0875
0 0.70625 0.3 0.04875 0.1225
0 0.1225 0.28375 0.05 0.055
0 0.64875 0.32625 0.04 0.06625
0 0.555 0.3175 0.04 0.06875
0 0.0525 0.28125 0.08625 0.0575
0 0.45875 0.18 0.045 0.075
0 0.56375 0.17875 0.05 0.08
0 0.61125 0.175 0.0425 0.08875
0 0.6575 0.175 0.0425 0.08875
0 0.7225 0.18625 0.05 0.07
0 0.78125 0.19625 0.05375 0.05125
0 0.8475 0.17625 0.06125 0.09375
0 0.40875 0.17625 0.04875 0.08
0 0.35125 0.17 0.06 0.09
0 0.24625 0.1675 0.0625 0.085
0 0.93125 0.44125 0.06 0.105
0 0.97875 0.1825 0.0425 0.09375
0 0.035 0.17 0.06875 0.07
0 0.15625 0.17375 0.06375 0.07
0 0.3 0.1725 0.0375 0.0775
0 0.5075 0.1825 0.0475 0.07875
0 0.87 0.435 0.03125 0.08375
0 0.95375 0.325 0.045 0.0925
0 0.17 0.49875 0.025 0.085
0 0.115 0.5825 0.045 0.03
0 0.16375 0.5825 0.04 0.03
0 0.19875 0.5975 0.02 0.045
0 0.23 0.60125 0.02 0.045
0 0.25625 0.5475 0.02125 0.05
0 0.2875 0.54 0.02 0.05
0 0.31375 0.5325 0.025 0.08875
0 0.345 0.5325 0.025 0.08875
0 0.07125 0.58125 0.04125 0.03125
0 0.37625 0.53375 0.02375 0.08625
0 0.43125 0.53 0.025 0.0775
0 0.46 0.5275 0.02625 0.07375
0 0.52875 0.53625 0.02625 0.08
0 0.5825 0.535 0.0275 0.07875
0 0.615 0.535 0.0275 0.0775
0 0.67 0.53375 0.03 0.08125
0 0.70375 0.5325 0.03 0.07875
0 0.75125 0.5325 0.02625 0.07125
0 0.40125 0.53375 0.02375 0.08625
0 0.83375 0.53625 0.01875 0.065
0 0.01625 0.5825 0.03125 0.03
0 0.07 0.49875 0.03125 0.0775
0 0.8175 0.4325 0.07125 0.10125
0 0.7375 0.4275 0.04625 0.08625
0 0.6775 0.425 0.0425 0.08875
0 0.6025 0.4275 0.0375 0.06125
0 0.54625 0.42375 0.0625 0.09875
0 0.48125 0.4225 0.06 0.09625
0 0.4225 0.42625 0.04375 0.085
0 0.38 0.42375 0.04 0.09375
0 0.03375 0.49875 0.035 0.07875
0 0.34375 0.415 0.03125 0.08625
0 0.2575 0.435 0.035 0.0725
0 0.045 0.39625 0.06625 0.06
0 0.19875 0.395 0.06125 0.06125
0 0.1175 0.395 0.07375 0.0625
0 0.2275 0.50625 0.0225 0.08375
0 0.2 0.5025 0.03125 0.085
0 0.14375 0.4975 0.025 0.08
0 0.10375 0.50125 0.03125 0.0775
0 0.29875 0.4225 0.04 0.09
0 0.80375 0.5425 0.02375 0.07625
0 0.55625 0.535 0.02375 0.0825
0 0.87375 0.65875 0.02625 0.05625
0 0.30875 0.765 0.03 0.07
0 0.3425 0.76125 0.0275 0.06875
0 0.3725 0.76125 0.03125 0.065
0 0.87125 0.54375 0.04625 0.065
0 0.44125 0.7475 0.0275 0.0675
0 0.485 0.76875 0.03 0.065
0 0.51375 0.75875 0.0275 0.06625
0 0.88625 0.73125 0.02625 0.0525
0 0.27875 0.7475 0.02875 0.065
0 0.68875 0.74 0.0225 0.06875
0 0.57 0.76125 0.0275 0.06625
0 0.60125 0.76375 0.03 0.0725
0 0.62875 0.745 0.02625 0.08125
0 0.65875 0.755 0.02625 0.08125
0 0.7225 0.745 0.03 0.0775
0 0.77125 0.75 0.025 0.08
0 0.85625 0.7375 0.02875 0.065
0 0.82375 0.74875 0.0325 0.08125
0 0.5425 0.7525 0.025 0.0675
0 0.2225 0.7575 0.0325 0.08125
0 0.40625 0.74125 0.0275 0.065
0 0.15125 0.75875 0.035 0.08125
0 0.8425 0.65875 0.02625 0.06
0 0.8075 0.65875 0.03 0.05375
0 0.775 0.66125 0.02125 0.04375
0 0.1875 0.75625 0.03 0.0825
0 0.71125 0.6675 0.02125 0.04375
0 0.6375 0.6575 0.03875 0.05375
0 0.59375 0.65125 0.04625 0.05625
0 0.54 0.645 0.04625 0.0525
0 0.46375 0.6525 0.04625 0.06125
0 0.745 0.66375 0.02 0.04375
0 0.2975 0.65125 0.085 0.0525
0 0.2175 0.6725 0.06375 0.0525
0 0.14375 0.675 0.06 0.05625
0 0.08 0.6725 0.06125 0.05125
0 0.0175 0.7575 0.0325 0.0775
0 0.05 0.7575 0.0275 0.07625
0 0.0825 0.75625 0.035 0.07875
0 0.1175 0.7575 0.03 0.07875
0 0.365 0.65125 0.04875 0.055