0 0.37375 0.30875 0.0575 0.095
0 0.56 0.62 0.03125 0.0925
0 0.52625 0.625 0.0325 0.08875
0 0.4925 0.635 0.035 0.095
0 0.19 0.2925 0.05625 0.10875
0 0.45125 0.64125 0.04125 0.0875
0 0.4075 0.655 0.04375 0.105
0 0.3625 0.66625 0.045 0.09125
0 0.30875 0.68625 0.05375 0.11875
0 0.25125 0.69875 0.0525 0.0975
0 0.4225 0.30875 0.03125 0.09625
0 0.12 0.72875 0.0775 0.105
0 0.66875 0.50375 0.045 0.075
0 0.5875 0.6125 0.025 0.0875
0 0.61875 0.61 0.0275 0.08625
0 0.58875 0.69125 0.07875 0.04125
0 0.5825 0.745 0.08625 0.05375
0 0.39125 0.44875 0.05375 0.05625
0 0.355 0.5525 0.03 0.115
0 0.29875 0.5575 0.08125 0.105
0 0.21 0.565 0.0675 0.085
0 0.145 0.5825 0.06125 0.11
0 0.07875 0.59 0.07 0.11375
0 0.0225 0.585 0.04375 0.12125
0 0.63 0.5025 0.0275 0.0575
0 0.04 0.75125 0.07625 0.11625
0 0.765 0.71 0.07 0.05
0 0.765 0.66 0.06625 0.04875
0 0.67375 0.71375 0.08125 0.05375
0 0.6825 0.66 0.08875 0.0475
0 0.65375 0.595 0.035 0.07125
0 0.46 0.80125 0.08625 0.07875
0 0.58875 0.8175 0.09875 0.06625
0 0.67375 0.77625 0.0725 0.05
0 0.57875 0.52125 0.03125 0.0775
0 0.1925 0.71625 0.06375 0.125
0 0.5075 0.53 0.0325 0.0875
0 0.585 0.4275 0.02875 0.0825
0 0.55375 0.4275 0.03375 0.09125
0 0.515 0.42625 0.04375 0.08875
0 0.475 0.42625 0.035 0.09
0 0.3325 0.43625 0.05875 0.1125
0 0.2125 0.43625 0.07625 0.1125
0 0.095 0.44625 0.0775 0.12875
0 0.54375 0.52375 0.0375 0.08375
0 0.0275 0.4425 0.05375 0.1375
0 0.63625 0.33 0.02875 0.08125
0 0.60625 0.3275 0.03 0.08875
0 0.57875 0.31875 0.0275 0.0875
0 0.5425 0.32 0.04375 0.08625
0 0.5 0.31875 0.0375 0.0875
0 0.46 0.31875 0.0425 0.08125
0 0.32625 0.30625 0.0375 0.09875
0 0.66375 0.32625 0.02375 0.0775
0 0.6375 0.4225 0.025 0.07875
0 0.61125 0.4225 0.025 0.07875
0 0.25125 0.29875 0.06125 0.0925
0 0.47375 0.53 0.0375 0.09
0 0.12875 0.29 0.06125 0.10125
0 0.0625 0.2875 0.07 0.10625
0 0.66 0.42125 0.02 0.07875