0 0.1925 0.83375 0.04625 0.06375
0 0.24125 0.7675 0.04 0.0425
0 0.28375 0.76375 0.04125 0.04375
0 0.2425 0.8175 0.0425 0.03875
0 0.33 0.77375 0.03875 0.05
0 0.28625 0.855 0.04 0.0325
0 0.24125 0.8575 0.04375 0.0375
0 0.37125 0.77375 0.03875 0.04625
0 0.33 0.82125 0.045 0.02875
0 0.14375 0.82625 0.035 0.0775
0 0.28625 0.8175 0.04 0.03875
0 0.18875 0.77875 0.0525 0.04
0 0.31625 0.67375 0.03375 0.045
0 0.71875 0.665 0.0375 0.0775
0 0.67625 0.66625 0.04375 0.0825
0 0.625 0.665 0.0525 0.0775
0 0.56625 0.65875 0.04375 0.0775
0 0.5175 0.66 0.04875 0.07625
0 0.4625 0.6525 0.05375 0.07375
0 0.4075 0.6525 0.0525 0.0725
0 0.35625 0.66875 0.04 0.045
0 0.37125 0.82125 0.03375 0.03
0 0.3225 0.62625 0.0425 0.035
0 0.27875 0.67 0.03375 0.03
0 0.27875 0.6275 0.04 0.04625
0 0.2325 0.67125 0.04125 0.04
0 0.23375 0.6325 0.04625 0.0225
0 0.75 0.665 0.02375 0.07875
0 0.32875 0.855 0.04 0.035
0 0.51 0.7825 0.0475 0.0425
0 0.43125 0.73125 0.04625 0.02125
0 0.2275 0.14 0.05 0.09125
0 0.27625 0.14 0.04375 0.0875
0 0.32375 0.14 0.04625 0.0875
0 0.36875 0.14 0.0375 0.09
0 0.82625 0.835 0.04 0.07875
0 0.785 0.8325 0.03625 0.07875
0 0.56875 0.86 0.045 0.03125
0 0.86125 0.8375 0.0275 0.07625
0 0.855 0.75 0.035 0.05375
0 0.74125 0.8575 0.0425 0.03375
0 0.6975 0.855 0.0425 0.035
0 0.7425 0.8125 0.0425 0.05125
0 0.6975 0.805 0.04125 0.05625
0 0.37 0.8575 0.0375 0.03875
0 0.655 0.845 0.03875 0.0475
0 0.6525 0.7925 0.035 0.045
0 0.61125 0.78625 0.0375 0.0475
0 0.51875 0.86 0.045 0.02875
0 0.56875 0.825 0.045 0.03125
0 0.52 0.82625 0.0475 0.03625
0 0.55875 0.78125 0.045 0.0425
0 0.23 0.61 0.04875 0.0175
0 0.45875 0.8675 0.04125 0.04125
0 0.41625 0.865 0.03625 0.03375
0 0.45625 0.82625 0.04 0.03625
0 0.41375 0.8275 0.03625 0.03625
0 0.46125 0.765 0.035 0.03375
0 0.4225 0.76625 0.035 0.0375
0 0.6125 0.8425 0.03875 0.0525
0 0.1725 0.705 0.06 0.065
0 0.49 0.55125 0.07625 0.0375
0 0.83875 0.65125 0.0375 0.08875
0 0.2125 0.4225 0.04625 0.045
0 0.2625 0.375 0.04625 0.04375
0 0.20875 0.375 0.05375 0.04625
0 0.20875 0.255 0.06375 0.04875
0 0.20875 0.30375 0.06 0.04875
0 0.2725 0.305 0.06 0.055
0 0.335 0.2575 0.04125 0.05
0 0.38 0.2575 0.045 0.04625
0 0.42875 0.26 0.04125 0.0425
0 0.32875 0.3075 0.04375 0.04625
0 0.375 0.30875 0.04375 0.0475
0 0.4275 0.30625 0.035 0.045
0 0.475 0.2625 0.0425 0.04625
0 0.2625 0.4225 0.04375 0.045
0 0.4725 0.31 0.045 0.04125
0 0.51875 0.3075 0.04125 0.04875
0 0.5625 0.30875 0.04125 0.0525
0 0.61875 0.25875 0.05375 0.045
0 0.61125 0.3075 0.04375 0.0475
0 0.7025 0.25 0.04625 0.0575
0 0.75625 0.25125 0.05125 0.0525
0 0.70625 0.3075 0.04125 0.05375
0 0.75625 0.30875 0.05125 0.055
0 0.8125 0.28625 0.0575 0.0975
0 0.1475 0.385 0.04375 0.07625
0 0.15625 0.50125 0.0625 0.06625
0 0.1725 0.59125 0.05625 0.04
0 0.1725 0.62625 0.0575 0.02375
0 0.52125 0.26 0.045 0.04125
0 0.80375 0.40375 0.02125 0.1025
0 0.3125 0.425 0.04375 0.04625
0 0.39625 0.37625 0.0425 0.045
0 0.7775 0.63875 0.02 0.0775
0 0.7675 0.55125 0.03625 0.055
0 0.765 0.4975 0.03875 0.0425
0 0.72 0.49875 0.04375 0.04375
0 0.72625 0.55375 0.04 0.055
0 0.6825 0.55375 0.04125 0.05875
0 0.6375 0.54875 0.04 0.0625
0 0.57125 0.55625 0.0775 0.04
0 0.5725 0.51 0.08125 0.0475
0 0.48875 0.50875 0.0775 0.04375
0 0.4025 0.54875 0.0475 0.055
0 0.3275 0.55625 0.08125 0.0325
0 0.245 0.5575 0.08 0.03375
0 0.355 0.37625 0.03625 0.04375
0 0.32625 0.515 0.085 0.04375
0 0.7025 0.43 0.045 0.0475
0 0.7475 0.42625 0.04 0.04125
0 0.75625 0.38 0.04625 0.04625
0 0.70625 0.38 0.04625 0.04875
0 0.63625 0.42375 0.04375 0.0475
0 0.5825 0.4275 0.0475 0.0475
0 0.53375 0.4275 0.04125 0.045
0 0.5825 0.37875 0.04875 0.045
0 0.535 0.38125 0.04 0.04375
0 0.48625 0.42625 0.045 0.0425
0 0.48625 0.37875 0.0425 0.04625
0 0.355 0.425 0.03625 0.0475
0 0.395 0.42375 0.03875 0.04375
0 0.23875 0.51375 0.085 0.04375
0 0.31125 0.37625 0.04375 0.04375
0 0.65875 0.3075 0.0425 0.0475
0 0.195 0.07625 0.075 0.03125
0 0.17375 0.13875 0.05125 0.09
0 0.565 0.11375 0.085 0.0475
0 0.56875 0.07125 0.08625 0.035
0 0.475 0.16875 0.08375 0.0375
0 0.4725 0.13125 0.08375 0.03375
0 0.47125 0.0925 0.0825 0.03875
0 0.4075 0.14375 0.03625 0.0925
0 0.15 0.265 0.04875 0.0775
0 0.56625 0.16375 0.08375 0.04875
0 0.81375 0.13375 0.0675 0.0325
0 0.8175 0.16875 0.06375 0.03375