0 0.645 0.3775 0.0475 0.095
0 0.2575 0.49 0.0325 0.07875
0 0.22125 0.4975 0.03125 0.06
0 0.18625 0.4975 0.035 0.0725
0 0.295 0.49375 0.035 0.0875
0 0.1475 0.495 0.0375 0.07125
0 0.58125 0.38625 0.03625 0.06875
0 0.6625 0.72625 0.0275 0.04875
0 0.535 0.3875 0.0325 0.0625
0 0.4825 0.37625 0.0375 0.0875
0 0.3875 0.3825 0.03625 0.065
0 0.34375 0.39 0.0425 0.0525
0 0.34375 0.34625 0.04 0.0325
0 0.50875 0.7175 0.04625 0.05875
0 0.5575 0.71875 0.0425 0.05875
0 0.33375 0.48875 0.03625 0.09875
0 0.60375 0.72375 0.0375 0.05625
0 0.54 0.3425 0.03375 0.025
0 0.4325 0.3725 0.0475 0.09
0 0.4125 0.5 0.04125 0.08125
0 0.41125 0.44875 0.04125 0.0175
0 0.44625 0.61375 0.02625 0.08625
0 0.47375 0.61375 0.025 0.085
0 0.5025 0.61375 0.025 0.0875
0 0.52875 0.61375 0.0225 0.0875
0 0.55625 0.60875 0.03 0.09625
0 0.5925 0.60875 0.035 0.0975
0 0.63875 0.60625 0.02625 0.09375
0 0.665 0.6175 0.025 0.08625
0 0.69625 0.615 0.02875 0.08875
0 0.73 0.61375 0.03125 0.09
0 0.7725 0.625 0.045 0.065
0 0.81625 0.60875 0.0275 0.0425
0 0.84875 0.61 0.03125 0.03625
0 0.8325 0.645 0.065 0.025
0 0.14625 0.70625 0.0425 0.05625
0 0.265 0.705 0.05 0.06
0 0.33625 0.71 0.0825 0.0575
0 0.4175 0.605 0.025 0.08375
0 0.37 0.49 0.035 0.1
0 0.39 0.61375 0.025 0.08
0 0.33375 0.60625 0.02375 0.095
0 0.46125 0.4975 0.045 0.07875
0 0.52 0.4875 0.06 0.09875
0 0.56625 0.49375 0.02625 0.08375
0 0.6175 0.5 0.04375 0.0825
0 0.66625 0.50125 0.0475 0.0875
0 0.70375 0.49875 0.02125 0.08625
0 0.75625 0.495 0.06875 0.10625
0 0.80875 0.51125 0.03125 0.06
0 0.81125 0.4625 0.03875 0.03375
0 0.8575 0.495 0.035 0.11
0 0.14125 0.6175 0.01875 0.07
0 0.16625 0.61375 0.025 0.06875
0 0.19625 0.615 0.02375 0.07
0 0.22375 0.615 0.02625 0.06875
0 0.255 0.605 0.02625 0.09375
0 0.28125 0.605 0.0225 0.0925
0 0.3075 0.605 0.02625 0.09375
0 0.36125 0.61375 0.02875 0.08125
0 0.68875 0.71625 0.01625 0.0375
0 0.29875 0.14625 0.02875 0.0625
0 0.3325 0.14625 0.03125 0.06375
0 0.64875 0.25375 0.04625 0.10875
0 0.58625 0.275 0.03875 0.06375
0 0.555 0.2575 0.02 0.10125
0 0.515 0.2575 0.055 0.11625
0 0.46625 0.275 0.03625 0.07125
0 0.39625 0.24875 0.0525 0.11375
0 0.33625 0.27375 0.03625 0.06375
0 0.29 0.2625 0.04875 0.08375
0 0.2425 0.26875 0.04125 0.06625
0 0.195 0.2575 0.0475 0.09375
0 0.15375 0.2575 0.03 0.09125
0 0.855 0.14125 0.04 0.08
0 0.795 0.14125 0.045 0.07625
0 0.75125 0.155 0.03625 0.0625
0 0.4575 0.71625 0.0475 0.0575
0 0.705 0.1475 0.0525 0.07125
0 0.65 0.15 0.0375 0.06875
0 0.6025 0.14125 0.04625 0.075
0 0.55125 0.12375 0.04875 0.10125
0 0.5025 0.1375 0.03875 0.07625
0 0.4575 0.14 0.04 0.07875
0 0.415 0.1425 0.03875 0.075
0 0.37 0.1375 0.03875 0.0775
0 0.16875 0.14 0.025 0.0625
0 0.1975 0.14 0.03 0.065
0 0.2375 0.15875 0.03 0.035
0 0.2675 0.16 0.02625 0.03625
0 0.70625 0.22125 0.0525 0.03
0 0.70125 0.27625 0.045 0.07125
0 0.75125 0.275 0.04 0.0725
0 0.75125 0.21875 0.03375 0.0325
0 0.77625 0.7225 0.03 0.0625
0 0.845 0.3875 0.05875 0.08
0 0.78875 0.3775 0.04125 0.06875
0 0.7425 0.3825 0.04875 0.0725
0 0.695 0.385 0.0375 0.07375
0 0.8425 0.8175 0.0375 0.085
0 0.80125 0.825 0.03375 0.08625
0 0.76375 0.8275 0.03625 0.0925
0 0.72625 0.82125 0.0325 0.08875
0 0.69 0.815 0.03125 0.0875
0 0.65625 0.815 0.03375 0.09
0 0.61625 0.81125 0.0325 0.0825
0 0.57875 0.80625 0.0325 0.08375
0 0.74 0.72125 0.03375 0.06
0 0.52375 0.815 0.035 0.0975
0 0.43 0.79875 0.03125 0.07625
0 0.39 0.80875 0.03625 0.09375
0 0.3425 0.82125 0.055 0.07875
0 0.285 0.82 0.05375 0.0775
0 0.2275 0.82125 0.055 0.07375
0 0.18125 0.78875 0.03375 0.06375
0 0.835 0.73125 0.0775 0.05125
0 0.295 0.37125 0.05125 0.09125
0 0.245 0.37875 0.04375 0.06375
0 0.20125 0.3775 0.04 0.075
0 0.16 0.3775 0.03875 0.08125
0 0.8575 0.25125 0.03375 0.10875
0 0.80125 0.255 0.0575 0.10875
0 0.47875 0.8075 0.03125 0.085
0 0.40625 0.71125 0.04625 0.06125