0 0.7675 0.2875 0.02625 0.0325
0 0.7675 0.25125 0.02625 0.03625
0 0.77125 0.1825 0.02 0.0325
0 0.77125 0.14875 0.02 0.0325
0 0.7325 0.1625 0.05 0.0225
0 0.73 0.1875 0.05 0.02125
0 0.73 0.27625 0.04375 0.05875
0 0.67625 0.3475 0.0475 0.04125
0 0.74625 0.35125 0.04625 0.035
0 0.48875 0.24875 0.04625 0.03875
0 0.49 0.2875 0.045 0.035
0 0.54 0.27625 0.04625 0.05625
0 0.5875 0.27625 0.045 0.05875
0 0.635 0.27625 0.0475 0.06
0 0.6825 0.27625 0.045 0.05875
0 0.74625 0.3875 0.04375 0.03375
0 0.75625 0.4775 0.04875 0.0475
0 0.44125 0.28875 0.04375 0.03625
0 0.69875 0.4875 0.05375 0.05875
0 0.59875 0.49 0.03 0.05
0 0.565 0.4925 0.0325 0.05625
0 0.5225 0.49 0.03 0.0525
0 0.48 0.49 0.03 0.0525
0 0.45125 0.49125 0.02875 0.05
0 0.41875 0.4925 0.03125 0.05125
0 0.37 0.48875 0.0325 0.055
0 0.33875 0.48875 0.03125 0.05375
0 0.6425 0.48625 0.055 0.05875
0 0.4425 0.25 0.04375 0.0375
0 0.3975 0.24875 0.0425 0.03625
0 0.39875 0.2875 0.04 0.03625
0 0.68625 0.4 0.0525 0.04625
0 0.62875 0.39875 0.055 0.04375
0 0.57375 0.4 0.05125 0.04375
0 0.46375 0.4025 0.0525 0.0425
0 0.5175 0.4025 0.05 0.04125
0 0.52125 0.35625 0.045 0.0375
0 0.47375 0.35625 0.04625 0.0375
0 0.35625 0.3425 0.05 0.02625
0 0.40625 0.4075 0.05625 0.0325
0 0.405 0.3725 0.055 0.03125
0 0.34625 0.40875 0.05625 0.03
0 0.34375 0.375 0.05625 0.02875
0 0.28875 0.41375 0.05625 0.02125
0 0.28625 0.39 0.05625 0.02125
0 0.255 0.24875 0.035 0.03375
0 0.2975 0.25 0.0325 0.0325
0 0.26625 0.2875 0.035 0.035
0 0.30375 0.2875 0.0375 0.03625
0 0.3575 0.28875 0.04125 0.0375
0 0.30625 0.49 0.03125 0.0575
0 0.2725 0.49 0.03 0.0575
0 0.23375 0.47375 0.02875 0.0475
0 0.235 0.5575 0.03 0.03125
0 0.745 0.65625 0.03875 0.03875
0 0.74 0.735 0.0375 0.075
0 0.6975 0.7475 0.04 0.07
0 0.655 0.75 0.04125 0.06875
0 0.60875 0.75125 0.04125 0.0725
0 0.56625 0.75125 0.04125 0.0725
0 0.52375 0.75 0.03375 0.0575
0 0.47125 0.7725 0.04875 0.035
0 0.47125 0.7475 0.0525 0.01625
0 0.42875 0.7425 0.03125 0.02875
0 0.3975 0.7425 0.03125 0.0275
0 0.42625 0.7725 0.02875 0.02875
0 0.39625 0.7725 0.03 0.02875
0 0.35625 0.765 0.05 0.03875
0 0.30125 0.76375 0.05125 0.0375
0 0.24125 0.74 0.04375 0.09125
0 0.23875 0.3925 0.0375 0.06125
0 0.77125 0.735 0.01875 0.07625
0 0.77375 0.66 0.015 0.03375
0 0.70375 0.665 0.03 0.055
0 0.68125 0.1875 0.0425 0.02125
0 0.67 0.66625 0.02875 0.055
0 0.60375 0.66375 0.03 0.0575
0 0.2775 0.5725 0.03125 0.06875
0 0.3125 0.57125 0.0325 0.06875
0 0.34625 0.5725 0.0325 0.06875
0 0.38 0.57125 0.0325 0.0675
0 0.415 0.5725 0.03125 0.06875
0 0.52375 0.5775 0.0525 0.055
0 0.57875 0.575 0.05 0.05375
0 0.64625 0.57375 0.05 0.06625
0 0.74 0.53625 0.0325 0.0275
0 0.77125 0.53625 0.01875 0.03
0 0.77375 0.57375 0.015 0.035
0 0.74375 0.57375 0.03875 0.03375
0 0.24375 0.63375 0.03125 0.07875
0 0.28 0.665 0.02625 0.05375
0 0.31125 0.66625 0.02625 0.05875
0 0.40125 0.65875 0.0275 0.065
0 0.43125 0.66 0.02875 0.06625
0 0.5425 0.665 0.025 0.05875
0 0.57125 0.66375 0.02875 0.0575
0 0.63625 0.66375 0.03125 0.05875
0 0.685 0.16375 0.04125 0.025
0 0.46625 0.5775 0.055 0.05875
0 0.6425 0.16375 0.03875 0.0225
0 0.63875 0.18875 0.0375 0.0225
0 0.24875 0.1675 0.0425 0.0225
0 0.2925 0.19 0.04 0.02
0 0.25 0.19125 0.04125 0.02
0 0.33875 0.16625 0.045 0.02375
0 0.33875 0.19 0.04625 0.02
0 0.39125 0.16875 0.03875 0.01875
0 0.3925 0.19125 0.03625 0.02
0 0.43125 0.1425 0.04125 0.02
0 0.43375 0.165 0.04125 0.0225
0 0.43625 0.19 0.0425 0.02
0 0.48 0.16625 0.0475 0.02
0 0.48375 0.18875 0.05 0.02
0 0.2925 0.1675 0.04 0.02
0 0.53625 0.16625 0.0525 0.02
0 0.595 0.18875 0.04875 0.0225
0 0.53625 0.1425 0.05625 0.02
0 0.595 0.165 0.05125 0.0225
0 0.6425 0.14 0.0375 0.0225
0 0.73375 0.1375 0.05125 0.02125
0 0.68375 0.13875 0.045 0.02
0 0.64 0.11625 0.0375 0.02125
0 0.53875 0.1225 0.055 0.01375
0 0.59375 0.14 0.05 0.0225
0 0.5925 0.10125 0.04875 0.00875
0 0.54 0.1875 0.05375 0.02125
0 0.59125 0.11625 0.05 0.02125