0 0.2 0.58625 0.0375 0.1
0 0.31375 0.59 0.0325 0.09625
0 0.275 0.59125 0.0375 0.1
0 0.24 0.59375 0.0275 0.10875
0 0.15875 0.58125 0.035 0.095
0 0.89 0.73875 0.02375 0.025
0 0.085 0.58375 0.02375 0.095
0 0.03875 0.5875 0.05125 0.09125
0 0.97875 0.73 0.0325 0.035
0 0.94875 0.7375 0.02125 0.0275
0 0.91875 0.7375 0.03 0.025
0 0.12 0.58625 0.0375 0.0925
0 0.34625 0.59125 0.02875 0.09625
0 0.615 0.56875 0.02375 0.0725
0 0.4225 0.59 0.04125 0.09875
0 0.45875 0.5875 0.03 0.10625
0 0.48875 0.59375 0.01875 0.09
0 0.52125 0.59125 0.0325 0.0925
0 0.78375 0.17625 0.03375 0.1025
0 0.65375 0.5775 0.045 0.09625
0 0.71875 0.585 0.0425 0.10625
0 0.77 0.585 0.0425 0.1
0 0.805 0.5825 0.02625 0.10125
0 0.0325 0.3975 0.03625 0.09125
0 0.0825 0.4375 0.04125 0.11875
0 0.1225 0.4375 0.035 0.11375
0 0.38 0.58875 0.0325 0.1025
0 0.1675 0.43125 0.04375 0.13
0 0.255 0.715 0.03125 0.09625
0 0.8275 0.17625 0.03875 0.1025
0 0.84375 0.31 0.03375 0.11
0 0.8025 0.30875 0.04125 0.10875
0 0.7625 0.31625 0.03 0.12125
0 0.72375 0.31125 0.03625 0.125
0 0.685 0.3125 0.035 0.125
0 0.6475 0.31375 0.0375 0.11875
0 0.60875 0.30625 0.03 0.10625
0 0.57625 0.32625 0.03125 0.0925
0 0.54875 0.325 0.02375 0.1
0 0.51625 0.325 0.04 0.1025
0 0.47875 0.315 0.025 0.12125
0 0.42 0.31875 0.06 0.10875
0 0.35875 0.31375 0.035 0.12375
0 0.8625 0.70375 0.03375 0.0275
0 0.31875 0.31 0.0375 0.135
0 0.8225 0.4575 0.025 0.09875
0 0.78 0.45875 0.04625 0.10125
0 0.7275 0.45375 0.0475 0.1125
0 0.675 0.45125 0.0475 0.1125
0 0.6175 0.4475 0.04625 0.0975
0 0.53 0.47 0.03875 0.08125
0 0.46875 0.4625 0.0325 0.105
0 0.43625 0.4625 0.02875 0.105
0 0.405 0.46875 0.03 0.09875
0 0.36875 0.465 0.03125 0.10125
0 0.33125 0.46875 0.0375 0.0975
0 0.265 0.46375 0.035 0.105
0 0.22125 0.46625 0.045 0.1
0 0.25875 0.30875 0.0475 0.11875
0 0.85875 0.7375 0.03375 0.0275
0 0.54 0.175 0.03125 0.1
0 0.7875 0.71875 0.02375 0.07125
0 0.93375 0.21875 0.01875 0.1275
0 0.925 0.305 0.0275 0.02875
0 0.91 0.3325 0.03125 0.01875
0 0.9025 0.36 0.0325 0.02
0 0.9 0.38375 0.03375 0.0175
0 0.8825 0.405 0.02875 0.01375
0 0.87625 0.44 0.03125 0.035
0 0.97625 0.305 0.0475 0.09
0 0.95 0.42 0.03875 0.07875
0 0.985 0.41875 0.02875 0.08
0 0.84875 0.5325 0.0225 0.06875
0 0.8725 0.53625 0.02 0.065
0 0.98 0.19 0.03875 0.02625
0 0.925 0.54375 0.02375 0.0525
0 0.9875 0.525 0.025 0.08
0 0.82875 0.62625 0.01875 0.04
0 0.8725 0.63625 0.0625 0.0225
0 0.8225 0.7375 0.0325 0.03
0 0.96625 0.625 0.02125 0.03875
0 0.00875 0.72625 0.01625 0.0775
0 0.0375 0.72375 0.03375 0.08125
0 0.08 0.72 0.04125 0.08625
0 0.11875 0.71375 0.03 0.09375
0 0.15375 0.715 0.03375 0.08875
0 0.1875 0.71875 0.03125 0.08
0 0.22125 0.7225 0.02625 0.07875
0 0.95625 0.53125 0.03125 0.06875
0 0.8725 0.17625 0.04625 0.10125
0 0.91125 0.605 0.01875 0.03125
0 0.69375 0.175 0.0375 0.1
0 0.73625 0.175 0.03875 0.1
0 0.71875 0.70625 0.0775 0.0925
0 0.63875 0.70375 0.0425 0.10125
0 0.6 0.70875 0.03375 0.09375
0 0.5625 0.7075 0.03125 0.09375
0 0.52375 0.70875 0.0375 0.095
0 0.3725 0.715 0.04375 0.0875
0 0.33 0.71375 0.03375 0.08875
0 0.29125 0.71375 0.0325 0.09
0 0.04 0.24 0.05625 0.165
0 0.09125 0.23875 0.03875 0.1625
0 0.145 0.24125 0.05125 0.165
0 0.19 0.25875 0.03375 0.025
0 0.1875 0.2875 0.03375 0.02125
0 0.8975 0.53875 0.02375 0.05875
0 0.2 0.34875 0.0375 0.0275
0 0.64 0.20875 0.04625 0.04125
0 0.1925 0.31875 0.0325 0.01875
0 0.5875 0.205 0.04875 0.04125
0 0.47 0.17625 0.02875 0.10125
0 0.4375 0.17625 0.03125 0.1
0 0.405 0.175 0.025 0.09875
0 0.50375 0.17625 0.03125 0.10125
0 0.235 0.17375 0.04375 0.09625
0 0.18375 0.15375 0.01875 0.02375
0 0.1825 0.1925 0.02 0.025
0 0.185 0.225 0.0225 0.02625
0 0.21375 0.37625 0.045 0.015
0 0.28875 0.175 0.04625 0.09875