0 0.21125 0.9225 0.0775 0.1125
0 0.29 0.90875 0.0725 0.10625
0 0.815 0.355 0.04125 0.08125
0 0.6625 0.15125 0.0275 0.03375
0 0.615 0.13 0.05375 0.075
0 0.55375 0.07375 0.0675 0.035
0 0.555 0.12625 0.065 0.06875
0 0.49625 0.11875 0.04 0.06875
0 0.4475 0.11 0.05375 0.08375
0 0.38 0.1 0.06875 0.09375
0 0.1975 0.08875 0.09375 0.0875
0 0.29375 0.09875 0.08875 0.08375
0 0.1775 0.2225 0.085 0.08125
0 0.2625 0.2275 0.07875 0.08125
0 0.34375 0.23125 0.075 0.07625
0 0.4275 0.23125 0.0675 0.085
0 0.49875 0.2425 0.06125 0.0725
0 0.5625 0.245 0.06 0.07125
0 0.6275 0.2475 0.05875 0.0725
0 0.73125 0.235 0.03125 0.0375
0 0.6325 0.475 0.0475 0.06125
0 0.66625 0.45375 0.01875 0.02875
0 0.6925 0.45375 0.02375 0.03
0 0.6675 0.4875 0.02 0.03125
0 0.69375 0.485 0.02375 0.0275
0 0.72 0.4475 0.02375 0.025
0 0.7225 0.4775 0.01625 0.025
0 0.7525 0.47875 0.03125 0.03125
0 0.66 0.115 0.02625 0.03375
0 0.69375 0.1575 0.03 0.0325
0 0.69375 0.1225 0.03 0.0325
0 0.72625 0.1625 0.025 0.03
0 0.85625 0.35625 0.0375 0.08125
0 0.57875 0.47625 0.05 0.06
0 0.52 0.4775 0.06125 0.06625
0 0.45875 0.48125 0.06125 0.07125
0 0.3925 0.4825 0.06375 0.06875
0 0.31875 0.48625 0.07875 0.07
0 0.23375 0.4875 0.07875 0.06875
0 0.15875 0.49125 0.06625 0.07375
0 0.3975 0.435 0.06125 0.0225
0 0.325 0.43625 0.08125 0.02125
0 0.22875 0.43875 0.075 0.02
0 0.1575 0.43875 0.06375 0.02375
0 0.77125 0.4225 0.03125 0.02125
0 0.21625 0.35875 0.08125 0.075
0 0.29625 0.36 0.0725 0.07375
0 0.365 0.36 0.06125 0.06875
0 0.435 0.36125 0.0625 0.0725
0 0.4975 0.36375 0.055 0.06375
0 0.55 0.32 0.07 0.0175
0 0.77375 0.3775 0.03125 0.035
0 0.74125 0.3775 0.0275 0.03625
0 0.70875 0.37875 0.03125 0.035
0 0.7125 0.33875 0.035 0.0375
0 0.83125 0.14875 0.04375 0.08
0 0.77875 0.14625 0.05125 0.0775
0 0.72875 0.125 0.025 0.03625
0 0.14875 0.3575 0.0475 0.075
0 0.79 0.45 0.03625 0.025
0 0.56125 0.36375 0.06875 0.06625
0 0.85 0.45625 0.03875 0.07875
0 0.625 0.7025 0.04875 0.0475
0 0.57 0.7125 0.0575 0.0625
0 0.305 0.67875 0.07875 0.01125
0 0.30125 0.70375 0.07625 0.01875
0 0.37875 0.7375 0.07375 0.06875
0 0.4475 0.7275 0.055 0.08125
0 0.5075 0.71875 0.0625 0.0675
0 0.30125 0.75375 0.08125 0.065
0 0.1625 0.72125 0.07375 0.01625
0 0.15625 0.77625 0.06125 0.07125
0 0.22625 0.735 0.05125 0.0525
0 0.21875 0.69375 0.0625 0.015
0 0.5625 0.67125 0.0575 0.015
0 0.82 0.795 0.0375 0.1025
0 0.7325 0.8225 0.03125 0.08375
0 0.6925 0.83125 0.0375 0.08
0 0.64375 0.835 0.04875 0.10625
0 0.59 0.8525 0.0525 0.10125
0 0.58 0.7825 0.06375 0.0225
0 0.53625 0.8575 0.04875 0.09125
0 0.4775 0.8775 0.06 0.09125
0 0.36125 0.8475 0.06 0.015
0 0.4175 0.83375 0.05125 0.01875
0 0.4175 0.89 0.05125 0.08875
0 0.36 0.9025 0.05625 0.09
0 0.79375 0.48 0.03625 0.02875
0 0.775 0.80375 0.045 0.1025
0 0.62375 0.6625 0.0525 0.02125
0 0.85875 0.785 0.03125 0.09875
0 0.8225 0.25125 0.0375 0.08875
0 0.15375 0.635 0.05625 0.07375
0 0.225 0.5775 0.08625 0.02
0 0.335 0.5625 0.06 0.01625
0 0.505 0.60375 0.06 0.06125
0 0.565 0.6025 0.05625 0.0575
0 0.5675 0.55625 0.05 0.015
0 0.225 0.63125 0.08125 0.0775
0 0.51 0.56375 0.0575 0.01625
0 0.6225 0.59 0.055 0.0575
0 0.68875 0.56375 0.04375 0.085
0 0.75375 0.56125 0.04 0.085
0 0.79625 0.55875 0.04125 0.0825
0 0.86 0.25375 0.02875 0.085
0 0.85125 0.545 0.0375 0.06875
0 0.56125 0.53875 0.05875 0.01625
0 0.3075 0.62 0.0775 0.07625
0 0.41 0.55375 0.0575 0.015
0 0.445 0.60875 0.05625 0.06625
0 0.78 0.25 0.04 0.08625
0 0.735 0.2725 0.0325 0.03375
0 0.38 0.61375 0.06625 0.07125
0 0.6975 0.675 0.03375 0.075
0 0.7425 0.67 0.0425 0.08
0 0.665 0.67875 0.025 0.075
0 0.78625 0.6675 0.04 0.08
0 0.82625 0.6625 0.035 0.08
0 0.86125 0.6575 0.0275 0.075