0 0.4275 0.5125 0.04625 0.095
0 0.35625 0.385 0.02125 0.11
0 0.37875 0.3875 0.0225 0.10875
0 0.4075 0.4025 0.0325 0.09375
0 0.43625 0.4025 0.02125 0.08375
0 0.4625 0.40625 0.0275 0.08625
0 0.6725 0.7775 0.05875 0.03875
0 0.68375 0.73 0.0625 0.045
0 0.62875 0.735 0.0275 0.0725
0 0.59375 0.7375 0.03875 0.085
0 0.55375 0.7325 0.03375 0.0775
0 0.52125 0.725 0.0225 0.0825
0 0.48875 0.7225 0.03625 0.06625
0 0.4525 0.7125 0.02625 0.0825
0 0.4225 0.7075 0.0275 0.07875
0 0.39 0.705 0.0325 0.07375
0 0.35625 0.7 0.03125 0.0725
0 0.32625 0.6975 0.02625 0.07125
0 0.28625 0.6875 0.03125 0.06625
0 0.2475 0.68 0.0325 0.0775
0 0.73625 0.635 0.015 0.06
0 0.7675 0.515 0.02 0.0325
0 0.33125 0.38375 0.0275 0.10625
0 0.7625 0.6425 0.0375 0.07625
0 0.3025 0.385 0.03 0.095
0 0.22875 0.3975 0.01875 0.0475
0 0.705 0.16875 0.0325 0.02125
0 0.70875 0.14875 0.02875 0.015
0 0.70375 0.12375 0.0175 0.03125
0 0.7425 0.13 0.03625 0.095
0 0.7725 0.13125 0.01625 0.08875
0 0.26375 0.24875 0.03 0.03625
0 0.26375 0.29 0.035 0.0425
0 0.295 0.26625 0.0225 0.08375
0 0.32125 0.275 0.02625 0.06625
0 0.35375 0.27375 0.03625 0.08125
0 0.405 0.28625 0.05625 0.045
0 0.45375 0.275 0.03625 0.08375
0 0.49 0.26625 0.02625 0.11125
0 0.52375 0.2675 0.035 0.10625
0 0.55625 0.28125 0.0275 0.0825
0 0.60875 0.29375 0.06875 0.06375
0 0.6575 0.31 0.0225 0.03625
0 0.685 0.31125 0.02625 0.03125
0 0.72 0.31375 0.0275 0.03125
0 0.75125 0.31375 0.02875 0.03375
0 0.6325 0.24875 0.065 0.0225
0 0.26125 0.38 0.0425 0.1
0 0.71125 0.66375 0.0175 0.04875
0 0.69 0.6625 0.0175 0.04625
0 0.6575 0.64625 0.04 0.0725
0 0.49375 0.515 0.0475 0.0875
0 0.54625 0.4975 0.04875 0.0425
0 0.545 0.54625 0.0425 0.04875
0 0.58125 0.53 0.02125 0.095
0 0.6125 0.54125 0.0275 0.07625
0 0.65 0.54375 0.03 0.0875
0 0.6875 0.545 0.035 0.09375
0 0.71625 0.56 0.015 0.065
0 0.22875 0.5925 0.01625 0.02125
0 0.22625 0.565 0.01375 0.02875
0 0.24875 0.56625 0.02875 0.03625
0 0.2475 0.60375 0.02 0.03125
0 0.28375 0.61125 0.0425 0.04375
0 0.33625 0.61875 0.05625 0.0325
0 0.33125 0.5925 0.05125 0.015
0 0.32875 0.57625 0.05125 0.015
0 0.39625 0.5975 0.01875 0.03125
0 0.3925 0.6275 0.0375 0.0275
0 0.4325 0.6125 0.03875 0.01875
0 0.4325 0.62875 0.03625 0.01125
0 0.4325 0.6425 0.0375 0.01
0 0.5325 0.62875 0.0325 0.07125
0 0.375 0.51 0.045 0.08875
0 0.33875 0.505 0.02375 0.08125
0 0.30875 0.49875 0.03 0.0925
0 0.61625 0.64125 0.03375 0.07625
0 0.575 0.63625 0.035 0.0725
0 0.495 0.40625 0.02875 0.0925
0 0.52625 0.405 0.02625 0.1
0 0.55625 0.4175 0.03 0.08125
0 0.4825 0.3475 0.04375 0.0225
0 0.59625 0.4175 0.025 0.085
0 0.62625 0.4175 0.02875 0.09375
0 0.65625 0.4125 0.0225 0.09875
0 0.71 0.45375 0.06375 0.0325
0 0.67625 0.13375 0.02375 0.09
0 0.71125 0.41875 0.06 0.035
0 0.76625 0.3775 0.0275 0.0325
0 0.76875 0.3475 0.02375 0.02375
0 0.7625 0.4525 0.03375 0.03
0 0.76625 0.485 0.02875 0.02875
0 0.73625 0.50625 0.03875 0.03625
0 0.74875 0.54875 0.0325 0.03625
0 0.7425 0.585 0.035 0.03125
0 0.2375 0.47375 0.03125 0.02875
0 0.23875 0.5025 0.02625 0.025
0 0.27375 0.505 0.03 0.08
0 0.76125 0.41625 0.04 0.03625
0 0.63875 0.14125 0.03125 0.08375
0 0.58375 0.125 0.04625 0.10125
0 0.54125 0.1125 0.0275 0.12375
0 0.2525 0.15 0.015 0.04
0 0.73875 0.75125 0.04375 0.10125
0 0.77125 0.7625 0.01875 0.09375
0 0.2475 0.8325 0.0475 0.0325
0 0.25125 0.80125 0.0375 0.025
0 0.255 0.77125 0.03375 0.03125
0 0.2875 0.80875 0.02875 0.09375
0 0.31875 0.82125 0.035 0.08375
0 0.35625 0.83375 0.03625 0.0875
0 0.395 0.8375 0.03625 0.08875
0 0.2675 0.15 0.01375 0.0425
0 0.43875 0.83875 0.03625 0.1
0 0.50875 0.85625 0.0275 0.09875
0 0.54375 0.85625 0.0375 0.11875
0 0.58125 0.8675 0.0375 0.10875
0 0.61375 0.89125 0.0225 0.085
0 0.6475 0.89 0.03875 0.10375
0 0.68625 0.90375 0.0325 0.07875
0 0.72375 0.89625 0.0325 0.10375
0 0.68875 0.845 0.02375 0.03875
0 0.7625 0.90625 0.0375 0.11125
0 0.4675 0.61875 0.01875 0.0675
0 0.47375 0.845 0.03375 0.10375
0 0.28125 0.14875 0.0125 0.0375
0 0.49375 0.62 0.02875 0.06875
0 0.3125 0.15125 0.0125 0.0425
0 0.2975 0.1525 0.015 0.045
0 0.51125 0.1125 0.02375 0.12125
0 0.48375 0.115 0.0275 0.11875
0 0.44 0.09875 0.04375 0.1525
0 0.41375 0.08875 0.00875 0.05
0 0.405 0.09 0.00875 0.0475
0 0.3875 0.09 0.0125 0.0475
0 0.36375 0.1 0.00875 0.0325
0 0.35125 0.095 0.01125 0.04125
0 0.33875 0.095 0.01125 0.04125
0 0.3275 0.09375 0.00875 0.04125
0 0.375 0.09875 0.00875 0.0425
0 0.3025 0.09625 0.0125 0.0425
0 0.28375 0.09375 0.01875 0.0475
0 0.2625 0.11 0.02 0.01625
0 0.3275 0.15125 0.0125 0.045
0 0.23125 0.09 0.0225 0.0725
0 0.23125 0.14875 0.01875 0.04125
0 0.39125 0.155 0.01625 0.0475
0 0.37375 0.15375 0.01375 0.045
0 0.36 0.15375 0.0125 0.04625
0 0.315 0.09625 0.01125 0.0425
0 0.3425 0.1525 0.0175 0.045