0 0.82375 0.58 0.01625 0.0475
0 0.79625 0.5975 0.02 0.0375
0 0.32125 0.14 0.0275 0.08875
0 0.86 0.66125 0.015 0.06125
0 0.27625 0.1175 0.05125 0.1125
0 0.22125 0.10875 0.0575 0.1375
0 0.77625 0.69125 0.02625 0.07625
0 0.7975 0.68875 0.0225 0.07125
0 0.84125 0.67625 0.02375 0.06375
0 0.3525 0.14875 0.03375 0.08
0 0.4125 0.16375 0.03875 0.08625
0 0.84375 0.58 0.02125 0.04625
0 0.82 0.675 0.01875 0.06625
0 0.72875 0.60625 0.015 0.03375
0 0.74625 0.61 0.0175 0.0425
0 0.7975 0.535 0.0175 0.0375
0 0.81875 0.54 0.0175 0.01875
0 0.8625 0.52 0.02 0.03875
0 0.1475 0.68125 0.04 0.10875
0 0.1525 0.79875 0.04125 0.0875
0 0.24375 0.7425 0.0325 0.055
0 0.26875 0.74 0.0225 0.04875
0 0.29125 0.73375 0.02 0.04125
0 0.31 0.72375 0.02125 0.05125
0 0.33 0.72125 0.01875 0.04625
0 0.34875 0.72125 0.01625 0.0475
0 0.365 0.71625 0.01875 0.0425
0 0.38375 0.715 0.01625 0.045
0 0.39875 0.705 0.01875 0.0375
0 0.4175 0.70375 0.0175 0.04125
0 0.43 0.69875 0.00875 0.03125
0 0.445 0.69375 0.01375 0.03875
0 0.445 0.16625 0.02375 0.07625
0 0.7075 0.61375 0.02125 0.03875
0 0.67875 0.615 0.0225 0.0425
0 0.66125 0.62625 0.02 0.04625
0 0.63625 0.635 0.0225 0.035
0 0.6125 0.64125 0.0225 0.03625
0 0.77125 0.60625 0.0225 0.03625
0 0.57375 0.66 0.0125 0.03375
0 0.5475 0.66875 0.01 0.035
0 0.5375 0.66875 0.0125 0.035
0 0.5225 0.67125 0.015 0.04125
0 0.50625 0.6725 0.0175 0.03625
0 0.47875 0.67125 0.0175 0.03
0 0.46 0.68875 0.015 0.0375
0 0.71625 0.705 0.025 0.0725
0 0.46875 0.17375 0.0225 0.0875
0 0.585 0.64375 0.01 0.03125
0 0.52125 0.18875 0.0225 0.0775
0 0.56875 0.775 0.03125 0.09375
0 0.59625 0.76 0.02 0.0925
0 0.61875 0.75875 0.0225 0.085
0 0.64625 0.74875 0.0225 0.0875
0 0.82875 0.24125 0.01875 0.025
0 0.845 0.235 0.01625 0.05625
0 0.86375 0.225 0.01625 0.075
0 0.25125 0.26125 0.08125 0.1175
0 0.33625 0.26875 0.0725 0.1
0 0.4025 0.2725 0.06 0.10875
0 0.45375 0.29 0.03 0.06875
0 0.48625 0.295 0.03125 0.06
0 0.5075 0.295 0.01625 0.0625
0 0.525 0.2975 0.01875 0.05
0 0.55125 0.30625 0.03125 0.06875
0 0.5775 0.30625 0.02 0.05375
0 0.5975 0.29625 0.02 0.055
0 0.62625 0.30375 0.0375 0.04625
0 0.66125 0.30875 0.03875 0.06
0 0.67 0.735 0.02125 0.06625
0 0.6925 0.71375 0.0225 0.0675
0 0.5425 0.785 0.02125 0.08125
0 0.52125 0.8025 0.0275 0.09625
0 0.4975 0.80375 0.015 0.0875
0 0.47625 0.8125 0.0225 0.09875
0 0.55125 0.2025 0.03125 0.045
0 0.57625 0.2025 0.02 0.0475
0 0.595 0.21 0.01625 0.035
0 0.61375 0.21125 0.02 0.04
0 0.6425 0.20875 0.02125 0.045
0 0.66125 0.20375 0.01125 0.04625
0 0.67625 0.205 0.02 0.0475
0 0.70625 0.19875 0.01625 0.09625
0 0.78 0.54875 0.01 0.03375
0 0.75 0.695 0.025 0.0725
0 0.4975 0.1825 0.025 0.06375
0 0.72375 0.2025 0.0125 0.09125
0 0.80375 0.22125 0.02875 0.06875
0 0.2525 0.895 0.03 0.10875
0 0.28125 0.89625 0.025 0.1075
0 0.31 0.87375 0.02875 0.09875
0 0.33875 0.87125 0.02625 0.105
0 0.365 0.85625 0.01625 0.1175
0 0.385 0.85875 0.0225 0.06
0 0.40625 0.84375 0.0225 0.07875
0 0.43375 0.8325 0.03125 0.08
0 0.455 0.82125 0.02375 0.08125
0 0.76 0.205 0.0325 0.0675
0 0.76 0.54375 0.02875 0.04375
0 0.56 0.66125 0.01125 0.03875
0 0.7 0.55125 0.0275 0.045
0 0.49375 0.5 0.0275 0.07125
0 0.46375 0.50875 0.02875 0.065
0 0.425 0.5125 0.04125 0.06875
0 0.38625 0.51625 0.0375 0.0775
0 0.33875 0.5225 0.05375 0.06875
0 0.28625 0.53125 0.05 0.08875
0 0.52375 0.49875 0.0275 0.06375
0 0.235 0.5275 0.05 0.0975
0 0.845 0.38625 0.01625 0.06625
0 0.825 0.3875 0.025 0.06875
0 0.79875 0.395 0.0225 0.05875
0 0.77125 0.395 0.03125 0.05875
0 0.74 0.39375 0.03 0.0625
0 0.70875 0.3975 0.03125 0.0575
0 0.86375 0.38875 0.02125 0.06125
0 0.68125 0.39875 0.02 0.05625
0 0.555 0.49625 0.03375 0.065
0 0.60125 0.49125 0.025 0.06625
0 0.78125 0.47 0.01875 0.05875
0 0.8 0.47 0.01375 0.0575
0 0.81625 0.46375 0.0225 0.06
0 0.835 0.465 0.01125 0.05625
0 0.85125 0.4625 0.02 0.05125
0 0.73125 0.545 0.02875 0.0475
0 0.57875 0.49125 0.015 0.06375
0 0.34125 0.615 0.05875 0.06
0 0.4725 0.59 0.04 0.05875
0 0.52625 0.58875 0.04375 0.05125
0 0.7625 0.47125 0.01625 0.06
0 0.74 0.4775 0.02875 0.045
0 0.7025 0.48375 0.01875 0.06375
0 0.675 0.48 0.03125 0.0725
0 0.39 0.60875 0.0375 0.0725
0 0.65625 0.4025 0.02875 0.055
0 0.755 0.31375 0.03125 0.06375
0 0.56125 0.39875 0.0275 0.05875
0 0.61875 0.39625 0.0475 0.07
0 0.6025 0.58 0.02 0.0425
0 0.62 0.57375 0.01625 0.04875
0 0.63125 0.57125 0.01125 0.04375
0 0.6475 0.57 0.0175 0.04
0 0.58375 0.58 0.01375 0.0475
0 0.56375 0.5875 0.03125 0.05125
0 0.78375 0.3125 0.03 0.0625
0 0.8075 0.31125 0.0175 0.05875
0 0.8575 0.32 0.01625 0.05375
0 0.2175 0.40875 0.055 0.0825
0 0.27375 0.40875 0.04625 0.07875
0 0.66875 0.555 0.0275 0.04625
0 0.83375 0.31625 0.03125 0.04875
0 0.35625 0.40625 0.04375 0.07625
0 0.31625 0.40875 0.0325 0.06875
0 0.535 0.3975 0.02625 0.05375
0 0.395 0.41375 0.03125 0.0575
0 0.5075 0.39625 0.02375 0.05625
0 0.4525 0.4075 0.0375 0.06625
0 0.485 0.4025 0.01875 0.06125