0 0.5 0.55 0.0175 0.04125
0 0.57875 0.4875 0.01375 0.0375
0 0.59625 0.48625 0.01375 0.03875
0 0.61 0.48375 0.0125 0.0425
0 0.51875 0.5475 0.015 0.0425
0 0.59625 0.5275 0.01375 0.03875
0 0.55 0.54125 0.01375 0.0375
0 0.56625 0.5375 0.01375 0.04125
0 0.58125 0.53375 0.0125 0.03875
0 0.61 0.52625 0.0125 0.03625
0 0.56375 0.48875 0.01375 0.0375
0 0.5325 0.545 0.01125 0.04375
0 0.45625 0.32 0.0875 0.0275
0 0.64125 0.435 0.01125 0.03875
0 0.4925 0.3525 0.0425 0.0325
0 0.465 0.385 0.07125 0.02875
0 0.49375 0.44875 0.0175 0.04875
0 0.51125 0.4475 0.0125 0.05125
0 0.52875 0.4475 0.02 0.05
0 0.54875 0.44125 0.01375 0.04625
0 0.565 0.4425 0.015 0.045
0 0.5825 0.44 0.01125 0.04125
0 0.5975 0.43875 0.0175 0.04
0 0.61375 0.44 0.01125 0.04125
0 0.62625 0.43625 0.01375 0.0375
0 0.49875 0.50125 0.01625 0.04875
0 0.6225 0.52625 0.01125 0.0325
0 0.51625 0.49875 0.01375 0.04625
0 0.44875 0.355 0.0425 0.03
0 0.5 0.5975 0.015 0.04125
0 0.7475 0.6375 0.0275 0.0325
0 0.53125 0.58875 0.015 0.0375
0 0.5325 0.495 0.01625 0.04375
0 0.7075 0.65125 0.025 0.04125
0 0.67875 0.65625 0.02375 0.03375
0 0.7425 0.58125 0.02875 0.0325
0 0.70875 0.59625 0.0225 0.04
0 0.67875 0.6025 0.01875 0.035
0 0.745 0.5325 0.02375 0.03625
0 0.7075 0.54625 0.0225 0.03875
0 0.6825 0.5525 0.01875 0.0375
0 0.7325 0.4825 0.03875 0.04
0 0.685 0.48875 0.0475 0.03625
0 0.51625 0.59375 0.0125 0.04
0 0.60625 0.61375 0.0125 0.0325
0 0.62125 0.615 0.01375 0.03875
0 0.57625 0.62125 0.01 0.03125
0 0.5475 0.58625 0.01625 0.04
0 0.5625 0.58 0.0125 0.03375
0 0.57625 0.58 0.015 0.03625
0 0.59125 0.6175 0.0125 0.03625
0 0.60875 0.575 0.01375 0.0375
0 0.59375 0.5775 0.015 0.03375
0 0.49875 0.64 0.015 0.0375
0 0.515 0.63875 0.0125 0.0375
0 0.5325 0.63375 0.01625 0.035
0 0.5475 0.63 0.01 0.035
0 0.5625 0.625 0.01375 0.03375
0 0.62375 0.5725 0.0125 0.0375
0 0.54875 0.49375 0.0125 0.04375