0 0.50125 0.47 0.01875 0.07375
0 0.475 0.475 0.0225 0.0725
0 0.44625 0.47375 0.01875 0.07125
0 0.5275 0.47125 0.025 0.0675
0 0.4 0.47375 0.01875 0.07875
0 0.135 0.165 0.01875 0.14
0 0.4225 0.4725 0.015 0.075
0 0.5625 0.46625 0.0275 0.07375
0 0.7875 0.2975 0.02625 0.06
0 0.6325 0.46125 0.0375 0.07375
0 0.1425 0.7125 0.03375 0.06875
0 0.17625 0.70625 0.01875 0.07875
0 0.2075 0.70625 0.0275 0.07125
0 0.2375 0.70125 0.01875 0.06875
0 0.2725 0.6975 0.0375 0.0675
0 0.30625 0.70375 0.02125 0.04625
0 0.3375 0.6875 0.02875 0.07
0 0.36125 0.695 0.01 0.0425
0 0.2725 0.59375 0.02 0.075
0 0.37875 0.67375 0.02125 0.05875
0 0.45625 0.68875 0.03625 0.03125
0 0.55875 0.66375 0.02625 0.04625
0 0.4475 0.65125 0.01875 0.03125
0 0.5975 0.65 0.025 0.06625
0 0.63125 0.6525 0.02125 0.03625
0 0.6575 0.645 0.01875 0.06
0 0.68125 0.6425 0.0175 0.06
0 0.70875 0.6425 0.0175 0.05
0 0.40625 0.6825 0.01625 0.0575
0 0.2475 0.59625 0.02 0.0725
0 0.215 0.5975 0.02375 0.07375
0 0.18125 0.60375 0.0275 0.07625
0 0.67625 0.455 0.04 0.07625
0 0.71625 0.45125 0.03375 0.075
0 0.68875 0.55375 0.015 0.05125
0 0.66625 0.5525 0.015 0.06125
0 0.64625 0.55375 0.01625 0.06
0 0.605 0.555 0.01375 0.05125
0 0.58625 0.5625 0.015 0.0625
0 0.55875 0.56625 0.02 0.06625
0 0.525 0.56625 0.02 0.06375
0 0.4925 0.56875 0.0175 0.05875
0 0.4675 0.56875 0.01875 0.06375
0 0.445 0.575 0.01625 0.06875
0 0.42125 0.57875 0.0225 0.0625
0 0.39625 0.57875 0.01375 0.065
0 0.3225 0.5875 0.0175 0.07
0 0.34875 0.58625 0.0175 0.06875
0 0.375 0.58875 0.02125 0.0625
0 0.2975 0.59 0.01875 0.07
0 0.14875 0.61 0.0225 0.06625
0 0.59125 0.4625 0.02375 0.07375
0 0.425 0.68125 0.0125 0.055
0 0.73 0.62875 0.015 0.07
0 0.2425 0.1875 0.04625 0.11
0 0.5875 0.345 0.0275 0.06875
0 0.55 0.34375 0.0325 0.07125
0 0.51125 0.3375 0.0375 0.0825
0 0.46 0.33875 0.03 0.08125
0 0.42625 0.34875 0.025 0.0725
0 0.38875 0.34875 0.04 0.07125
0 0.32 0.3375 0.0775 0.10125
0 0.24 0.35875 0.04125 0.0725
0 0.1875 0.34375 0.04125 0.09
0 0.1425 0.34375 0.0325 0.0825
0 0.865 0.29125 0.01875 0.0725
0 0.835 0.29125 0.01875 0.06875
0 0.81375 0.2975 0.01875 0.055
0 0.7675 0.25125 0.02375 0.01875
0 0.76125 0.29625 0.02375 0.06125
0 0.86875 0.17 0.0125 0.07875
0 0.84875 0.16875 0.01875 0.08125
0 0.825 0.165 0.02125 0.08875
0 0.7825 0.17375 0.0125 0.05125
0 0.7675 0.165 0.00875 0.07375
0 0.72375 0.18 0.02375 0.14625
0 0.68625 0.17125 0.04125 0.15875
0 0.63625 0.1625 0.0475 0.1775
0 0.5825 0.1625 0.04875 0.175
0 0.525 0.15625 0.05625 0.1775
0 0.4575 0.1675 0.03875 0.15
0 0.405 0.18 0.0425 0.1375
0 0.63 0.33625 0.0425 0.0825
0 0.17125 0.155 0.0425 0.16
0 0.67625 0.33625 0.0425 0.07875
0 0.7525 0.405 0.02125 0.07
0 0.37875 0.47625 0.01625 0.0775
0 0.35625 0.47625 0.02 0.08
0 0.335 0.4775 0.015 0.08125
0 0.31125 0.48 0.01875 0.07875
0 0.27625 0.49125 0.04 0.0625
0 0.2275 0.49 0.04125 0.07375
0 0.17875 0.49375 0.04375 0.075
0 0.1375 0.5 0.025 0.07125
0 0.8525 0.72625 0.01125 0.05625
0 0.8375 0.74 0.015 0.05375
0 0.81625 0.74625 0.01375 0.05625
0 0.79625 0.74 0.01625 0.07
0 0.77375 0.72625 0.01875 0.05625
0 0.84 0.62 0.01625 0.04375
0 0.81875 0.62875 0.00875 0.045
0 0.7975 0.61875 0.01125 0.0525
0 0.78 0.625 0.02125 0.07
0 0.755 0.6275 0.01875 0.065
0 0.17375 0.85875 0.03125 0.1025
0 0.84375 0.4975 0.02 0.08
0 0.8225 0.50375 0.01875 0.06375
0 0.79875 0.505 0.02375 0.07
0 0.7675 0.5025 0.0275 0.07625
0 0.8675 0.3975 0.015 0.07125
0 0.845 0.39875 0.02625 0.0725
0 0.81375 0.4025 0.03125 0.0675
0 0.77375 0.405 0.01625 0.065
0 0.72 0.3375 0.04 0.07875
0 0.20875 0.855 0.02625 0.0925
0 0.295 0.175 0.04625 0.1225
0 0.27875 0.86 0.035 0.05875
0 0.35 0.18 0.04625 0.125
0 0.7525 0.76375 0.02125 0.0525
0 0.6675 0.76625 0.03 0.0125
0 0.705 0.73125 0.03375 0.05375
0 0.63875 0.75375 0.035 0.01375
0 0.59375 0.76875 0.03125 0.0075
0 0.59875 0.74625 0.03375 0.03
0 0.52875 0.76125 0.02875 0.05
0 0.23875 0.85875 0.02875 0.075
0 0.44125 0.7675 0.03375 0.02
0 0.1325 0.8675 0.01375 0.09125
0 0.4525 0.8025 0.03625 0.0275
0 0.4175 0.80125 0.02625 0.03375
0 0.31375 0.765 0.0325 0.02625
0 0.36375 0.77125 0.04 0.0275
0 0.37125 0.81 0.04 0.04375
0 0.4925 0.765 0.02375 0.05125
0 0.3225 0.81 0.03625 0.05