0 0.585 0.82 0.03 0.05
0 0.54375 0.7975 0.0275 0.03875
0 0.77875 0.7 0.01125 0.03
0 0.76125 0.71125 0.01375 0.03375
0 0.76 0.6775 0.0125 0.0275
0 0.75625 0.645 0.015 0.0275
0 0.7375 0.6525 0.0125 0.03625
0 0.7225 0.6625 0.01375 0.035
0 0.53875 0.75125 0.0225 0.04
0 0.72375 0.69875 0.015 0.03125
0 0.70375 0.67125 0.01875 0.03125
0 0.68125 0.72 0.01875 0.0325
0 0.705 0.70875 0.01625 0.035
0 0.575 0.77625 0.025 0.03625
0 0.7425 0.69 0.0125 0.03125
0 0.74375 0.72375 0.01375 0.03
0 0.725 0.735 0.01375 0.0325
0 0.70625 0.7475 0.01875 0.03625
0 0.695 0.24875 0.02 0.09875
0 0.6725 0.24375 0.02 0.0975
0 0.775 0.66875 0.0125 0.02875
0 0.65125 0.2375 0.01625 0.10375
0 0.7925 0.66 0.01125 0.02875
0 0.6625 0.775 0.0175 0.0375
0 0.65875 0.7325 0.02 0.04
0 0.655 0.695 0.02 0.0325
0 0.6525 0.65625 0.02 0.03625
0 0.68375 0.75875 0.015 0.0325
0 0.025 0.18125 0.04875 0.09875
0 0.09 0.17875 0.06875 0.10625
0 0.16625 0.18375 0.07125 0.11625
0 0.23375 0.18375 0.05625 0.1175
0 0.29 0.1875 0.04875 0.12375
0 0.34375 0.195 0.04625 0.135
0 0.3925 0.19625 0.0425 0.14125
0 0.4375 0.2025 0.03625 0.1325
0 0.79375 0.6925 0.015 0.02625
0 0.47125 0.20625 0.0275 0.125
0 0.54125 0.21625 0.02875 0.11875
0 0.57 0.2275 0.02 0.10875
0 0.62875 0.66625 0.02 0.0375
0 0.62875 0.70625 0.01875 0.0375
0 0.63875 0.79 0.02 0.04375
0 0.59875 0.6775 0.025 0.03875
0 0.60125 0.72 0.02 0.03875
0 0.60625 0.7625 0.02 0.0375
0 0.61125 0.805 0.02125 0.0375
0 0.5675 0.69 0.02375 0.04125
0 0.57125 0.735 0.0225 0.04
0 0.59625 0.23125 0.02875 0.1075
0 0.62625 0.2375 0.025 0.1
0 0.505 0.2125 0.02625 0.125
0 0.63375 0.74625 0.01875 0.0375
0 0.27 0.83 0.05625 0.06625
0 0.70125 0.58875 0.02125 0.03375
0 0.6025 0.405 0.01125 0.05375
0 0.70125 0.34625 0.0075 0.04875
0 0.72125 0.54 0.0175 0.04
0 0.74125 0.53625 0.01375 0.0325
0 0.74 0.57375 0.0175 0.03
0 0.75875 0.53 0.01625 0.02875
0 0.76125 0.56375 0.01375 0.03125
0 0.7225 0.58125 0.015 0.03625
0 0.6925 0.3475 0.00875 0.04625
0 0.68125 0.3475 0.00625 0.04625
0 0.66875 0.34625 0.01 0.0525
0 0.655 0.34625 0.01 0.0525
0 0.64125 0.34625 0.00875 0.05625
0 0.62875 0.34875 0.00625 0.05125
0 0.61375 0.34625 0.01125 0.05625
0 0.59875 0.3475 0.01 0.05625
0 0.58375 0.3425 0.00875 0.06125
0 0.4425 0.415 0.0175 0.065
0 0.46125 0.415 0.01625 0.06375
0 0.4825 0.41375 0.01875 0.065
0 0.505 0.41125 0.0125 0.065
0 0.5225 0.41 0.015 0.05875
0 0.34875 0.54375 0.02 0.10625
0 0.6175 0.4075 0.01 0.055
0 0.54 0.41 0.0125 0.06125
0 0.5725 0.40875 0.01 0.0575
0 0.58625 0.4075 0.015 0.05
0 0.5475 0.3475 0.015 0.0525
0 0.485 0.3475 0.0125 0.05
0 0.50625 0.34625 0.01625 0.05125
0 0.56625 0.34625 0.01625 0.05875
0 0.55625 0.40875 0.01375 0.05625
0 0.42 0.41625 0.01875 0.065
0 0.63 0.4075 0.00875 0.045
0 0.65625 0.4025 0.00875 0.04375
0 0.40125 0.53125 0.01375 0.09625
0 0.4225 0.53 0.015 0.09125
0 0.44375 0.525 0.01125 0.09375
0 0.4625 0.52 0.01625 0.09125
0 0.48 0.51875 0.01375 0.09
0 0.51625 0.51375 0.01625 0.08625
0 0.32375 0.54625 0.02125 0.10875
0 0.29375 0.55625 0.025 0.11
0 0.265 0.55875 0.02625 0.11
0 0.2325 0.5675 0.03 0.11625
0 0.19875 0.575 0.0275 0.12375
0 0.1575 0.5825 0.04625 0.125
0 0.11375 0.58625 0.0275 0.1275
0 0.07625 0.6125 0.03625 0.10375
0 0.49875 0.51625 0.015 0.09125
0 0.5375 0.5075 0.015 0.085
0 0.555 0.505 0.015 0.08
0 0.67 0.4 0.00875 0.0475
0 0.68 0.39875 0.00625 0.05375
0 0.69125 0.40125 0.0075 0.04
0 0.6925 0.47875 0.01 0.06
0 0.70625 0.47625 0.0125 0.06125
0 0.68 0.47875 0.0075 0.06875
0 0.6425 0.4025 0.0075 0.05
0 0.6675 0.48375 0.01125 0.07125
0 0.6425 0.4875 0.01125 0.07125
0 0.6275 0.48875 0.01 0.07375
0 0.61375 0.4925 0.00875 0.07125
0 0.59875 0.4925 0.0125 0.0825
0 0.58375 0.49875 0.01 0.07
0 0.57125 0.5 0.01125 0.0775
0 0.65375 0.48375 0.01 0.0725
0 0.395 0.42 0.02375 0.06375
0 0.37625 0.53625 0.025 0.09875
0 0.4425 0.3475 0.0175 0.06
0 0.3275 0.80375 0.04375 0.06125
0 0.38 0.8425 0.0425 0.055
0 0.38 0.7775 0.03625 0.06
0 0.43625 0.85375 0.0375 0.035
0 0.43125 0.81 0.03875 0.04625
0 0.42875 0.75875 0.03125 0.05125
0 0.47625 0.83875 0.035 0.03625
0 0.4725 0.7925 0.03 0.0475
0 0.46875 0.7375 0.03 0.05625
0 0.54875 0.845 0.0225 0.04625
0 0.56875 0.58875 0.0275 0.03875
0 0.60125 0.57875 0.025 0.03375
0 0.6025 0.62125 0.02125 0.04
0 0.6275 0.61375 0.01875 0.03
0 0.62625 0.575 0.02125 0.03625
0 0.65125 0.55875 0.02 0.0325
0 0.65625 0.6025 0.02125 0.0375
0 0.67875 0.595 0.0175 0.035
0 0.675 0.55375 0.02125 0.035
0 0.57125 0.63375 0.0275 0.04
0 0.69875 0.5475 0.0175 0.0375
0 0.53375 0.595 0.025 0.0475
0 0.4975 0.61 0.03375 0.04875
0 0.775 0.6325 0.01125 0.035
0 0.79125 0.62625 0.0125 0.03
0 0.03625 0.82875 0.07125 0.07125
0 0.025 0.755 0.04875 0.07125
0 0.115 0.8075 0.06875 0.065
0 0.09625 0.72875 0.06875 0.08125
0 0.17125 0.705 0.055 0.0625
0 0.19 0.775 0.06 0.06625
0 0.25875 0.755 0.0525 0.0625
0 0.2525 0.6875 0.05375 0.06625
0 0.315 0.73 0.0425 0.055
0 0.31375 0.66625 0.05125 0.06
0 0.37125 0.71125 0.0425 0.055
0 0.36625 0.65375 0.0475 0.05375
0 0.42 0.635 0.03875 0.055
0 0.41875 0.69375 0.03875 0.05125
0 0.45875 0.67625 0.035 0.04625
0 0.4575 0.61875 0.03125 0.0575
0 0.4975 0.66125 0.0325 0.0525
0 0.5325 0.65 0.03 0.045
0 0.51625 0.85625 0.02625 0.02875
0 0.51 0.81375 0.02625 0.045
0 0.05625 0.385 0.06375 0.20625
0 0.1225 0.38625 0.05875 0.19375
0 0.4625 0.35 0.0175 0.0525
0 0.0075 0.4325 0.015 0.1175
0 0.81625 0.2675 0.01375 0.0725
0 0.80125 0.2675 0.0125 0.07375
0 0.18625 0.385 0.0575 0.1875
0 0.78625 0.26125 0.0125 0.075
0 0.77 0.26125 0.01625 0.07625
0 0.7525 0.25875 0.0125 0.07625
0 0.715 0.2525 0.015 0.09125
0 0.73375 0.255 0.02125 0.08625
0 0.5075 0.72125 0.03375 0.05125
0 0.41875 0.34625 0.0225 0.065
0 0.39375 0.3425 0.02 0.07375
0 0.33875 0.38625 0.04125 0.1525
0 0.54 0.70375 0.02375 0.0475
0 0.2425 0.3825 0.05375 0.16125
0 0.29375 0.3825 0.04375 0.16125
0 0.5075 0.77 0.025 0.03875