0 0.57375 0.61875 0.0375 0.045
0 0.085 0.76875 0.04625 0.0675
0 0.96875 0.64625 0.03375 0.07375
0 0.935 0.64375 0.03 0.0725
0 0.9025 0.6425 0.0325 0.07125
0 0.87 0.64375 0.03 0.07
0 0.44 0.20625 0.0475 0.07875
0 0.495 0.1875 0.05625 0.1175
0 0.63875 0.43 0.03625 0.0675
0 0.59 0.42625 0.05875 0.09375
0 0.0375 0.56875 0.075 0.0675
0 0.055 0.1875 0.0725 0.0575
0 0.94375 0.53375 0.03 0.05125
0 0.8875 0.42625 0.045 0.08375
0 0.8425 0.4275 0.0425 0.085
0 0.29375 0.6225 0.08375 0.03125
0 0.5525 0.185 0.055 0.11375
0 0.6375 0.185 0.06875 0.115
0 0.70125 0.19875 0.05 0.08
0 0.7575 0.18375 0.0575 0.11625
0 0.1375 0.76625 0.04625 0.05
0 0.82 0.18875 0.06125 0.105
0 0.69625 0.42375 0.06625 0.095
0 0.9 0.31125 0.0425 0.095
0 0.86 0.53875 0.045 0.07625
0 0.9075 0.54 0.03625 0.05375
0 0.17875 0.71375 0.04375 0.04875
0 0.79875 0.4275 0.04375 0.08125
0 0.75375 0.43 0.045 0.0775
0 0.935 0.4225 0.04625 0.09125
0 0.9325 0.18375 0.06375 0.11625
0 0.2925 0.32625 0.04375 0.07625
0 0.34 0.32125 0.04375 0.085
0 0.38625 0.33 0.0425 0.07
0 0.435 0.31125 0.055 0.10125
0 0.485 0.32 0.0425 0.08375
0 0.53125 0.32375 0.04375 0.075
0 0.58 0.31125 0.05375 0.10125
0 0.62875 0.32375 0.04125 0.0725
0 0.675 0.3225 0.04375 0.0725
0 0.72 0.32 0.0425 0.0775
0 0.805 0.31375 0.0525 0.09125
0 0.855 0.3125 0.0425 0.09375
0 0.94625 0.3125 0.04625 0.0925
0 0.875 0.19125 0.04625 0.09875
0 0.0325 0.25125 0.065 0.06625
0 0.15125 0.2475 0.0575 0.06875
0 0.33625 0.53625 0.0225 0.085
0 0.39125 0.5375 0.02875 0.07625
0 0.4325 0.53125 0.025 0.07125
0 0.47375 0.53125 0.02875 0.0825
0 0.5075 0.53125 0.02875 0.08375
0 0.5475 0.545 0.0475 0.0575
0 0.5975 0.54375 0.04625 0.0575
0 0.635 0.52875 0.02375 0.0825
0 0.41875 0.66125 0.04625 0.05375
0 0.4725 0.655 0.0425 0.05875
0 0.66125 0.52875 0.0275 0.08
0 0.69125 0.54375 0.02625 0.05625
0 0.83625 0.645 0.03125 0.07375
0 0.805 0.6475 0.02875 0.07375
0 0.77375 0.64875 0.03375 0.0725
0 0.74375 0.6275 0.0225 0.06625
0 0.71125 0.6525 0.03375 0.07375
0 0.625 0.645 0.03375 0.08125
0 0.57625 0.66625 0.03375 0.04625
0 0.30875 0.535 0.02 0.085
0 0.28375 0.53625 0.0225 0.07625
0 0.53875 0.43 0.035 0.07625
0 0.48625 0.42625 0.065 0.09375
0 0.33 0.20875 0.055 0.07125
0 0.38875 0.1875 0.05375 0.10875
0 0.2975 0.6675 0.08125 0.04875
0 0.3675 0.65125 0.0525 0.075
0 0.49375 0.7475 0.04375 0.08125
0 0.73625 0.535 0.0525 0.07
0 0.4475 0.74875 0.045 0.08125
0 0.4 0.74875 0.0425 0.08
0 0.3525 0.75 0.05 0.08125
0 0.52125 0.6575 0.04625 0.055
0 0.30125 0.74625 0.055 0.0725
0 0.02375 0.64 0.04625 0.05125
0 0.08375 0.6375 0.0675 0.0525
0 0.1575 0.615 0.06 0.07625
0 0.22 0.615 0.05875 0.07375
0 0.26 0.53625 0.025 0.08125
0 0.985 0.3125 0.02875 0.09375
0 0.32125 0.42875 0.04375 0.0875
0 0.37625 0.4275 0.0575 0.09
0 0.42875 0.4225 0.03875 0.07625
0 0.2425 0.745 0.05625 0.08875
0 0.81125 0.5325 0.04875 0.07375
0 0.185 0.76625 0.04375 0.0475
0 0.91875 0.7375 0.0425 0.06875
0 0.6925 0.745 0.03 0.08375
0 0.58625 0.74625 0.045 0.08125
0 0.79375 0.74625 0.03875 0.0825
0 0.84375 0.74125 0.0425 0.075
0 0.725 0.745 0.03 0.07625
0 0.975 0.7325 0.03875 0.06375
0 0.75625 0.7425 0.03125 0.075
0 0.54 0.7475 0.04375 0.08125
0 0.24 0.365 0.0475 0.06
0 0.25625 0.43625 0.0675 0.055
0 0.23875 0.22125 0.05875 0.0625
0 0.235 0.29125 0.05625 0.06375