0 0.60375 0.09625 0.025 0.02375
0 0.63375 0.0975 0.0275 0.0275
0 0.6625 0.16 0.0275 0.045
0 0.6875 0.1575 0.01625 0.0425
0 0.79875 0.1 0.02125 0.055
0 0.76875 0.14125 0.03375 0.06625
0 0.575 0.09875 0.025 0.02625
0 0.82625 0.1025 0.02 0.0575
0 0.73 0.14375 0.03125 0.06625
0 0.62125 0.14625 0.03 0.065
0 0.48125 0.08625 0.02625 0.02625
0 0.5425 0.11125 0.0225 0.05875
0 0.5125 0.0875 0.0275 0.02625
0 0.85625 0.10125 0.02625 0.06375
0 0.51125 0.1375 0.0275 0.0675
0 0.47375 0.1375 0.03 0.06375
0 0.44375 0.1 0.02125 0.055
0 0.41625 0.1025 0.02875 0.05875
0 0.38375 0.10375 0.02625 0.0575
0 0.325 0.1025 0.02625 0.05625
0 0.355 0.10375 0.02375 0.05875
0 0.585 0.1475 0.03125 0.06375
0 0.7975 0.15625 0.0125 0.0425
0 0.58125 0.41875 0.02875 0.05625
0 0.84875 0.15625 0.02375 0.0425
0 0.29375 0.105 0.025 0.0575
0 0.7625 0.2825 0.03 0.065
0 0.725 0.28125 0.03375 0.06125
0 0.68875 0.2825 0.0275 0.0675
0 0.64875 0.35625 0.03125 0.06125
0 0.615 0.3575 0.02625 0.06125
0 0.57875 0.35625 0.03375 0.0625
0 0.5425 0.355 0.02625 0.0625
0 0.6525 0.28625 0.0325 0.0675
0 0.6175 0.2875 0.02625 0.0625
0 0.58 0.28875 0.035 0.065
0 0.54375 0.2875 0.0275 0.065
0 0.6575 0.2175 0.0325 0.06
0 0.61875 0.21625 0.03375 0.065
0 0.58375 0.2175 0.03 0.065
0 0.5475 0.2175 0.025 0.0675
0 0.6925 0.21625 0.02875 0.0625
0 0.73 0.21375 0.0275 0.05875
0 0.765 0.21375 0.03 0.06125
0 0.80375 0.21375 0.02875 0.05875
0 0.84125 0.21125 0.02875 0.06125
0 0.82 0.155 0.02125 0.04375
0 0.26375 0.10375 0.025 0.0575
0 0.3575 0.16 0.02625 0.0475
0 0.20125 0.10375 0.025 0.055
0 0.4775 0.205 0.0325 0.06625
0 0.5125 0.20375 0.0325 0.05125
0 0.3975 0.2825 0.03125 0.06375
0 0.43375 0.2825 0.03 0.06875
0 0.47125 0.28125 0.03 0.06125
0 0.5075 0.28125 0.0325 0.06625
0 0.14 0.16 0.0225 0.0475
0 0.17125 0.16 0.03 0.04625
0 0.2025 0.1575 0.02625 0.04875
0 0.23375 0.16125 0.0275 0.04625
0 0.265 0.16 0.02625 0.04875
0 0.29625 0.15625 0.025 0.04125
0 0.32375 0.15875 0.0225 0.045
0 0.79875 0.27875 0.035 0.0625
0 0.3875 0.15125 0.025 0.03
0 0.42 0.1525 0.025 0.03375
0 0.4475 0.15125 0.01875 0.03125
0 0.8375 0.275 0.03 0.05875
0 0.8325 0.345 0.02375 0.06625
0 0.8625 0.34625 0.02375 0.06
0 0.6125 0.42 0.0275 0.06
0 0.43875 0.20875 0.03125 0.075
0 0.2325 0.105 0.02625 0.055
0 0.4 0.20875 0.03125 0.075
0 0.295 0.21375 0.025 0.06625
0 0.17125 0.10375 0.02375 0.05875
0 0.1425 0.10375 0.02875 0.0575
0 0.24625 0.35125 0.02875 0.06
0 0.2825 0.3525 0.0325 0.065
0 0.3175 0.35375 0.03125 0.06
0 0.35375 0.3525 0.03375 0.065
0 0.39375 0.34875 0.03375 0.0625
0 0.4275 0.35 0.0275 0.06375
0 0.4625 0.35 0.0375 0.06375
0 0.50625 0.35 0.03375 0.0675
0 0.13875 0.27875 0.0225 0.06625
0 0.1725 0.2775 0.0275 0.06875
0 0.2075 0.27625 0.0325 0.06375
0 0.25 0.2825 0.0325 0.06625
0 0.28625 0.28375 0.03125 0.06875
0 0.3225 0.28375 0.0325 0.0675
0 0.36125 0.28375 0.035 0.06625
0 0.14 0.21125 0.02625 0.0525
0 0.17125 0.2125 0.025 0.055
0 0.2025 0.2125 0.02875 0.05625
0 0.23875 0.21375 0.0275 0.0575
0 0.3275 0.215 0.03 0.06125
0 0.2075 0.34625 0.03 0.06375
0 0.68 0.545 0.02875 0.055
0 0.13875 0.34625 0.025 0.06625
0 0.545 0.6025 0.025 0.0525
0 0.47375 0.7175 0.0275 0.05375
0 0.50375 0.72 0.025 0.05625
0 0.54375 0.71625 0.02875 0.05375
0 0.575 0.71625 0.02625 0.0575
0 0.6075 0.72125 0.0275 0.055
0 0.64 0.71875 0.02375 0.05375
0 0.19125 0.47625 0.0275 0.06125
0 0.40625 0.72 0.0275 0.0575
0 0.15625 0.47875 0.0325 0.06
0 0.475 0.5425 0.02875 0.0575
0 0.44375 0.5425 0.02625 0.0575
0 0.41 0.54125 0.0325 0.05375
0 0.375 0.54125 0.02875 0.05125
0 0.34125 0.5425 0.03125 0.04875
0 0.305 0.54625 0.03125 0.055
0 0.2725 0.54375 0.02375 0.0575
0 0.23375 0.545 0.02875 0.055
0 0.51 0.54375 0.02625 0.0575
0 0.375 0.71875 0.03 0.05375
0 0.34125 0.71875 0.02625 0.055
0 0.30625 0.72 0.02875 0.05375
0 0.3075 0.77625 0.0275 0.05
0 0.34125 0.775 0.03 0.055
0 0.37375 0.775 0.02625 0.05125
0 0.41 0.77625 0.02625 0.05375
0 0.44 0.7775 0.0225 0.05375
0 0.4725 0.775 0.0275 0.05625
0 0.5025 0.77625 0.02375 0.05125
0 0.14375 0.71875 0.02375 0.0575
0 0.545 0.41875 0.02875 0.0575
0 0.64625 0.4825 0.025 0.0575
0 0.61125 0.48125 0.03375 0.06
0 0.57625 0.4825 0.03 0.06125
0 0.54375 0.48125 0.03 0.06125
0 0.64125 0.5425 0.0275 0.055
0 0.61 0.545 0.0275 0.055
0 0.17375 0.71875 0.02875 0.055
0 0.20625 0.7175 0.0275 0.055
0 0.2425 0.71875 0.0275 0.0525
0 0.27375 0.72 0.02625 0.05375
0 0.2 0.54125 0.03 0.05875
0 0.27625 0.77625 0.02875 0.05625
0 0.17125 0.3475 0.03125 0.06375
0 0.13625 0.54125 0.01875 0.0575
0 0.60625 0.83375 0.0275 0.05625
0 0.6375 0.8325 0.0225 0.05375
0 0.14 0.66 0.025 0.05375
0 0.17375 0.66125 0.0275 0.055
0 0.2075 0.6575 0.03 0.05875
0 0.23875 0.66 0.02875 0.055
0 0.27625 0.66 0.0275 0.06
0 0.30875 0.66 0.0275 0.05875
0 0.5725 0.8325 0.025 0.0525
0 0.345 0.66 0.02625 0.06
0 0.41 0.66 0.02625 0.05125
0 0.44125 0.66125 0.025 0.05625
0 0.4725 0.6625 0.025 0.05125
0 0.51 0.66125 0.02625 0.04875
0 0.54375 0.6575 0.0275 0.0525
0 0.575 0.66125 0.02875 0.05125
0 0.61 0.66125 0.025 0.05375
0 0.6425 0.66 0.0225 0.05625
0 0.3725 0.66 0.0225 0.05625
0 0.53875 0.8325 0.0275 0.04875
0 0.635 0.77625 0.03125 0.04625
0 0.60625 0.775 0.0225 0.05125
0 0.50875 0.6025 0.0275 0.05625
0 0.47875 0.60375 0.0275 0.05875
0 0.44125 0.60125 0.0275 0.0525
0 0.57875 0.54625 0.02375 0.055
0 0.54375 0.54375 0.0375 0.055
0 0.6425 0.60375 0.0275 0.05125
0 0.61 0.60125 0.02625 0.0525
0 0.40875 0.6025 0.02375 0.06125
0 0.3775 0.6 0.0225 0.0575
0 0.34375 0.6 0.0325 0.05625
0 0.3075 0.6 0.03125 0.05375
0 0.27375 0.6 0.02875 0.05125
0 0.24 0.60125 0.025 0.05625
0 0.205 0.6 0.02875 0.0525
0 0.1725 0.6025 0.03125 0.0575
0 0.14125 0.60125 0.02625 0.0575
0 0.6475 0.41875 0.03125 0.05625
0 0.53875 0.775 0.0275 0.04875
0 0.5725 0.77375 0.02625 0.0475
0 0.165 0.54 0.03125 0.0575
0 0.24375 0.77625 0.02625 0.05125
0 0.44 0.71875 0.025 0.0575
0 0.18125 0.7775 0.02875 0.05
0 0.74375 0.66125 0.02625 0.06125
0 0.70625 0.6625 0.0275 0.055
0 0.67375 0.6625 0.02875 0.05375
0 0.85375 0.6025 0.0325 0.06
0 0.8175 0.60375 0.03 0.06125
0 0.78 0.6025 0.03 0.05375
0 0.77875 0.665 0.02875 0.055
0 0.2125 0.77375 0.02625 0.05125
0 0.7125 0.6025 0.0325 0.05375
0 0.6775 0.6025 0.02625 0.055
0 0.86 0.54 0.03 0.06
0 0.8225 0.54125 0.03125 0.055
0 0.78125 0.5425 0.035 0.0575
0 0.74875 0.5425 0.0275 0.05875
0 0.74625 0.60375 0.02625 0.0575
0 0.715 0.5425 0.0275 0.05875
0 0.8125 0.6625 0.02875 0.05
0 0.67375 0.72 0.025 0.05125
0 0.7025 0.83 0.03125 0.05
0 0.66875 0.835 0.03 0.0525
0 0.86625 0.7775 0.0175 0.0475
0 0.83375 0.77625 0.02625 0.0475
0 0.8025 0.7775 0.0275 0.05125
0 0.76875 0.7775 0.02625 0.05125
0 0.8475 0.6625 0.025 0.05625
0 0.73625 0.77625 0.03 0.05
0 0.66875 0.7775 0.02375 0.05125
0 0.84125 0.7225 0.02875 0.05375
0 0.81 0.7225 0.02375 0.055
0 0.77 0.7225 0.02875 0.05125
0 0.74 0.7225 0.02375 0.055
0 0.70375 0.7225 0.03 0.0525
0 0.70375 0.77625 0.02625 0.05
0 0.2275 0.48 0.02625 0.06
0 0.865 0.4125 0.02 0.0625
0 0.8325 0.41625 0.03 0.06
0 0.4375 0.48 0.0275 0.06
0 0.47125 0.48125 0.02875 0.05875
0 0.50625 0.48 0.0325 0.05875
0 0.14 0.41375 0.02625 0.0625
0 0.1725 0.41375 0.0275 0.0625
0 0.21125 0.41375 0.0325 0.0625
0 0.405 0.48 0.03375 0.055
0 0.255 0.41875 0.02875 0.06
0 0.3275 0.4175 0.03125 0.06
0 0.36375 0.41625 0.03125 0.05875
0 0.39875 0.41625 0.03 0.05875
0 0.4375 0.415 0.03 0.0625
0 0.4725 0.41375 0.0275 0.06125
0 0.50625 0.415 0.02875 0.0575
0 0.29375 0.41625 0.03125 0.06
0 0.37 0.4825 0.03 0.06125
0 0.33375 0.48375 0.03625 0.065
0 0.29875 0.48375 0.02875 0.065
0 0.8625 0.47625 0.025 0.05375
0 0.8275 0.47875 0.03375 0.05625
0 0.7875 0.48 0.03125 0.0575
0 0.75125 0.48125 0.03 0.05875
0 0.71625 0.47875 0.03375 0.0575
0 0.68125 0.48125 0.0275 0.0575
0 0.79125 0.41625 0.03125 0.0625
0 0.755 0.415 0.03 0.06625
0 0.72 0.41375 0.035 0.06
0 0.685 0.4175 0.03 0.06
0 0.7975 0.34875 0.03 0.06125
0 0.76 0.34875 0.02875 0.06125
0 0.72125 0.3475 0.03125 0.06375
0 0.685 0.35125 0.0275 0.0575
0 0.2625 0.48375 0.0325 0.05875
0 0.73375 0.8325 0.025 0.05125
0 0.765 0.83 0.02875 0.045
0 0.5775 0.6025 0.02875 0.05125
0 0.83125 0.83125 0.0275 0.05
0 0.34625 0.83125 0.02625 0.0525
0 0.8 0.8325 0.02375 0.05125
0 0.3125 0.8325 0.0275 0.04875
0 0.4425 0.83375 0.03 0.05125
0 0.41 0.83125 0.03125 0.0525
0 0.2475 0.8325 0.03125 0.05
0 0.28125 0.83125 0.02625 0.05625
0 0.18375 0.8275 0.025 0.05125
0 0.155 0.82875 0.02625 0.05
0 0.86375 0.82625 0.02125 0.0425
0 0.4775 0.8325 0.0275 0.0525
0 0.5075 0.83375 0.0275 0.04625
0 0.1475 0.775 0.02875 0.0525
0 0.215 0.83 0.02125 0.0575
0 0.37625 0.83125 0.02625 0.05