0 0.68 0.4475 0.045 0.05
0 0.635 0.44875 0.045 0.05125
0 0.68625 0.3975 0.05 0.04375
0 0.63625 0.39875 0.045 0.04375
0 0.58 0.44 0.04875 0.07125
0 0.52125 0.43125 0.03625 0.06625
0 0.145 0.28875 0.04 0.1125
0 0.8425 0.56125 0.0325 0.025
0 0.82 0.43375 0.03875 0.07125
0 0.86 0.42125 0.03 0.02875
0 0.85875 0.45125 0.03125 0.02875
0 0.18125 0.56875 0.075 0.10125
0 0.27625 0.5375 0.05625 0.04
0 0.3325 0.535 0.0525 0.04375
0 0.385 0.53 0.05 0.04375
0 0.43625 0.52875 0.05 0.04375
0 0.48625 0.52625 0.0475 0.03875
0 0.535 0.52375 0.0475 0.0375
0 0.5825 0.52375 0.045 0.0375
0 0.63125 0.5225 0.045 0.0375
0 0.67625 0.52125 0.045 0.03625
0 0.72375 0.51625 0.04375 0.03875
0 0.4775 0.44125 0.05 0.07625
0 0.76375 0.5125 0.03625 0.03875
0 0.84625 0.505 0.03625 0.02625
0 0.275 0.58625 0.05375 0.04875
0 0.33 0.585 0.05125 0.05125
0 0.3825 0.58125 0.05375 0.045
0 0.435 0.5775 0.0475 0.05
0 0.485 0.57375 0.0475 0.0475
0 0.535 0.5725 0.0475 0.0525
0 0.58125 0.5675 0.045 0.04375
0 0.6275 0.56625 0.04125 0.04375
0 0.67375 0.56625 0.04875 0.045
0 0.72 0.5625 0.0425 0.04375
0 0.76 0.5575 0.03875 0.03875
0 0.80375 0.55375 0.045 0.04
0 0.84625 0.53375 0.03625 0.02625
0 0.805 0.51375 0.045 0.03875
0 0.42 0.435 0.03125 0.075
0 0.31375 0.4225 0.06 0.0425
0 0.31 0.46625 0.055 0.035
0 0.66625 0.63 0.04 0.02875
0 0.61625 0.6775 0.04125 0.03875
0 0.66125 0.6725 0.04375 0.04625
0 0.71125 0.66 0.04125 0.06
0 0.75625 0.65625 0.045 0.06375
0 0.7975 0.65125 0.035 0.05625
0 0.84 0.63875 0.0375 0.02625
0 0.83875 0.6675 0.03625 0.025
0 0.1575 0.8025 0.0625 0.06875
0 0.22125 0.7975 0.05875 0.07875
0 0.31375 0.80125 0.04625 0.06375
0 0.36375 0.7975 0.04625 0.06
0 0.41125 0.7925 0.0475 0.07125
0 0.46 0.78375 0.04625 0.06
0 0.50625 0.78 0.04 0.06
0 0.55 0.77625 0.04625 0.0675
0 0.59625 0.77 0.04375 0.05875
0 0.6425 0.7675 0.04625 0.0625
0 0.68625 0.76125 0.04 0.055
0 0.7275 0.7575 0.04 0.0625
0 0.76875 0.74125 0.03875 0.06625
0 0.5725 0.68 0.0425 0.0425
0 0.8375 0.715 0.0725 0.0275
0 0.62125 0.6325 0.04375 0.03375
0 0.5275 0.685 0.04375 0.0425
0 0.85125 0.19875 0.04625 0.03125
0 0.805 0.19875 0.0425 0.03125
0 0.80875 0.1625 0.04625 0.035
0 0.76 0.19625 0.04625 0.0375
0 0.75875 0.15875 0.04625 0.035
0 0.71 0.195 0.0475 0.03625
0 0.70875 0.15625 0.0475 0.0325
0 0.66 0.19125 0.05 0.03625
0 0.65 0.15625 0.04375 0.0325
0 0.14625 0.69625 0.04 0.0825
0 0.1975 0.6925 0.05125 0.0775
0 0.27875 0.705 0.055 0.05
0 0.33125 0.65625 0.05 0.03625
0 0.38375 0.6525 0.04875 0.03875
0 0.33375 0.7 0.05 0.04625
0 0.3825 0.69875 0.04625 0.0475
0 0.4325 0.6475 0.045 0.03875
0 0.4325 0.69375 0.045 0.045
0 0.47875 0.645 0.04625 0.035
0 0.52625 0.64125 0.04625 0.0425
0 0.48125 0.6875 0.0475 0.04375
0 0.575 0.63875 0.0475 0.03625
0 0.3675 0.46375 0.0525 0.03625
0 0.83125 0.75375 0.07375 0.045
0 0.6 0.15125 0.04875 0.03875
0 0.5475 0.265 0.05 0.03125
0 0.595 0.26375 0.04375 0.035
0 0.495 0.3 0.0525 0.03375
0 0.5475 0.29875 0.05 0.0325
0 0.59875 0.29875 0.04875 0.03125
0 0.645 0.2975 0.04125 0.0325
0 0.4925 0.33375 0.04875 0.03125
0 0.545 0.33375 0.05 0.03375
0 0.595 0.3325 0.04625 0.0325
0 0.64375 0.3325 0.04625 0.0325
0 0.6925 0.33125 0.045 0.03
0 0.7375 0.2975 0.0475 0.0325
0 0.79 0.29875 0.05375 0.03125
0 0.8375 0.2975 0.03875 0.0325
0 0.74125 0.33375 0.0425 0.03125
0 0.79 0.33125 0.05 0.03
0 0.83625 0.33125 0.03875 0.0325
0 0.14875 0.4425 0.045 0.09625
0 0.20125 0.42375 0.04375 0.0875
0 0.2625 0.42125 0.03875 0.0425
0 0.26375 0.46625 0.03625 0.04375
0 0.48875 0.2625 0.05375 0.0375
0 0.60625 0.19125 0.05 0.0375
0 0.44 0.3325 0.05375 0.0325
0 0.44 0.2975 0.055 0.03125
0 0.5475 0.18625 0.055 0.03625
0 0.5475 0.14875 0.05375 0.0375
0 0.4925 0.185 0.05375 0.0375
0 0.49125 0.14625 0.0575 0.03875
0 0.77625 0.435 0.045 0.07125
0 0.43625 0.1825 0.055 0.03875
0 0.43 0.145 0.0575 0.035
0 0.4475 0.115 0.05375 0.02
0 0.37375 0.18 0.05875 0.03875
0 0.36875 0.1425 0.05875 0.03375
0 0.31125 0.1775 0.05875 0.03625
0 0.3075 0.1375 0.055 0.04
0 0.24875 0.17625 0.06125 0.0375
0 0.2475 0.135 0.065 0.04375
0 0.17 0.135 0.045 0.11375
0 0.19375 0.28625 0.0475 0.11625
0 0.2625 0.29 0.06125 0.04125
0 0.26625 0.33 0.0575 0.03625
0 0.325 0.29375 0.055 0.03375
0 0.32625 0.33125 0.05625 0.035
0 0.38375 0.29625 0.05625 0.03375
0 0.3825 0.3325 0.055 0.035
0 0.73125 0.43625 0.0375 0.07