0 0.72375 0.4225 0.03375 0.07
0 0.755 0.42375 0.0275 0.0725
0 0.7875 0.42375 0.0375 0.0725
0 0.82375 0.425 0.0275 0.0725
0 0.65875 0.36125 0.02875 0.06125
0 0.5875 0.3275 0.0225 0.0225
0 0.725 0.3625 0.03375 0.0575
0 0.75875 0.36125 0.0325 0.055
0 0.8275 0.35875 0.035 0.05375
0 0.7925 0.36125 0.03125 0.055
0 0.61125 0.32875 0.025 0.02
0 0.68875 0.36125 0.0325 0.06
0 0.5875 0.3575 0.02625 0.03125
0 0.595 0.5625 0.03125 0.0775
0 0.15625 0.50875 0.03375 0.0625
0 0.47375 0.5475 0.09125 0.10625
0 0.69 0.42375 0.03125 0.065
0 0.16125 0.5725 0.03375 0.05875
0 0.19375 0.57375 0.02875 0.05625
0 0.2275 0.575 0.0375 0.05875
0 0.26125 0.57375 0.03 0.06125
0 0.29375 0.57375 0.0275 0.055
0 0.32125 0.575 0.0275 0.0525
0 0.3825 0.54625 0.09 0.10625
0 0.19125 0.5125 0.02875 0.06
0 0.62875 0.55875 0.03125 0.0775
0 0.61875 0.35875 0.03375 0.0275
0 0.6575 0.42375 0.03125 0.06375
0 0.24125 0.39875 0.0625 0.1175
0 0.59125 0.41625 0.035 0.0825
0 0.23875 0.67 0.025 0.065
0 0.26625 0.6725 0.03 0.06125
0 0.29625 0.67375 0.02875 0.06625
0 0.33 0.675 0.03875 0.06375
0 0.5525 0.6725 0.03375 0.0675
0 0.585 0.67125 0.0325 0.07125
0 0.20625 0.67 0.03125 0.06875
0 0.6175 0.66 0.03 0.04875
0 0.6725 0.66375 0.02875 0.03625
0 0.705 0.65875 0.035 0.045
0 0.63625 0.73375 0.03625 0.065
0 0.675 0.73625 0.0375 0.0725
0 0.715 0.73875 0.04 0.0625
0 0.7625 0.735 0.03625 0.07
0 0.6475 0.6625 0.0225 0.03625
0 0.1725 0.67 0.03375 0.0675
0 0.8325 0.5175 0.02625 0.05625
0 0.79875 0.515 0.03625 0.05875
0 0.13875 0.19125 0.02625 0.06875
0 0.22125 0.51375 0.03125 0.06
0 0.255 0.5125 0.035 0.05625
0 0.29 0.5125 0.03125 0.05875
0 0.32125 0.5125 0.03 0.06125
0 0.66125 0.575 0.03125 0.05
0 0.69375 0.5725 0.03125 0.05375
0 0.725 0.57375 0.03125 0.05375
0 0.76 0.57375 0.035 0.0525
0 0.79 0.57375 0.02375 0.05375
0 0.82 0.57375 0.035 0.05125
0 0.625 0.41625 0.0325 0.08125
0 0.68875 0.51125 0.02875 0.06875
0 0.72375 0.515 0.03875 0.06375
0 0.7625 0.51375 0.03625 0.06
0 0.80125 0.73625 0.035 0.07
0 0.14375 0.2575 0.02875 0.0625
0 0.13625 0.7975 0.02125 0.07125
0 0.20125 0.7925 0.035 0.075
0 0.75 0.86125 0.03 0.06625
0 0.785 0.86125 0.035 0.0625
0 0.81875 0.86125 0.03125 0.06
0 0.64625 0.79875 0.0325 0.0575
0 0.67875 0.7975 0.03375 0.055
0 0.71625 0.79875 0.04125 0.05125
0 0.71875 0.85875 0.03 0.0625
0 0.75375 0.8 0.0275 0.055
0 0.82 0.79875 0.03875 0.0525
0 0.38 0.6425 0.025 0.045
0 0.41 0.64125 0.03375 0.0475
0 0.44 0.64125 0.025 0.04625
0 0.4675 0.64125 0.0275 0.045
0 0.4975 0.6425 0.03125 0.045
0 0.78375 0.8 0.03125 0.055
0 0.68375 0.8575 0.0325 0.06125
0 0.64875 0.85875 0.0375 0.0625
0 0.57625 0.82375 0.10125 0.13125
0 0.23625 0.78875 0.0325 0.06625
0 0.27 0.7875 0.03375 0.06875
0 0.305 0.7875 0.035 0.0675
0 0.34375 0.7875 0.0375 0.06375
0 0.3775 0.79 0.03 0.0675
0 0.41 0.78875 0.0275 0.0725
0 0.13875 0.86 0.025 0.05
0 0.17125 0.86125 0.035 0.0525
0 0.205 0.86 0.03125 0.05375
0 0.245 0.85625 0.03625 0.06125
0 0.27875 0.855 0.0325 0.06125
0 0.3125 0.8525 0.0325 0.065
0 0.345 0.85375 0.02875 0.06125
0 0.38125 0.85125 0.03125 0.05625
0 0.41375 0.85 0.03375 0.055
0 0.165 0.79375 0.0325 0.0725
0 0.175 0.2575 0.03125 0.0575
0 0.66125 0.51125 0.02625 0.0675
0 0.23875 0.25875 0.03875 0.06625
0 0.36875 0.22625 0.10625 0.1275
0 0.475 0.22625 0.105 0.1275
0 0.17125 0.19125 0.0325 0.06875
0 0.525 0.39875 0.095 0.11625
0 0.43125 0.395 0.09 0.11125
0 0.32875 0.3975 0.11125 0.11375
0 0.17125 0.395 0.07875 0.1275
0 0.83625 0.2525 0.03625 0.07125
0 0.3025 0.25875 0.0225 0.0625
0 0.77 0.24375 0.02875 0.08875
0 0.80125 0.245 0.03375 0.0875
0 0.655 0.23 0.065 0.12375
0 0.57625 0.23 0.09375 0.12625
0 0.3 0.19 0.02375 0.07
0 0.27125 0.19125 0.035 0.07125
0 0.2375 0.19125 0.03125 0.07
0 0.20375 0.19125 0.0325 0.06875
0 0.20625 0.26125 0.03 0.06375
0 0.275 0.25875 0.03125 0.06375
0 0.7225 0.22875 0.06625 0.12