0 0.65875 0.59375 0.0175 0.0825
0 0.68 0.5925 0.02125 0.07875
0 0.70375 0.5875 0.0225 0.08375
0 0.72625 0.58625 0.01625 0.075
0 0.74875 0.585 0.02 0.07625
0 0.76875 0.585 0.01875 0.07375
0 0.47625 0.61375 0.02875 0.07625
0 0.42875 0.605 0.0225 0.08
0 0.23 0.6175 0.04 0.09625
0 0.32125 0.62 0.035 0.09
0 0.36 0.6175 0.04125 0.08375
0 0.18875 0.6275 0.03625 0.09875
0 0.40125 0.615 0.03125 0.08625
0 0.635 0.59375 0.01875 0.0775
0 0.6025 0.59875 0.02625 0.075
0 0.57375 0.6 0.03 0.08
0 0.54125 0.6075 0.03125 0.085
0 0.50625 0.60375 0.02875 0.0775
0 0.79375 0.5825 0.0225 0.07125
0 0.8125 0.5825 0.01375 0.07375
0 0.73625 0.71625 0.0275 0.09375
0 0.86125 0.57625 0.02625 0.06875
0 0.14375 0.63875 0.035 0.0975
0 0.8625 0.69625 0.025 0.0875
0 0.8175 0.70625 0.025 0.085
0 0.79125 0.7075 0.025 0.0875
0 0.76375 0.71 0.025 0.10125
0 0.70875 0.71625 0.02375 0.09375
0 0.67875 0.72125 0.03 0.1025
0 0.645 0.73125 0.02875 0.0825
0 0.61625 0.735 0.0275 0.09125
0 0.58 0.735 0.035 0.1
0 0.54375 0.7475 0.02875 0.09
0 0.51 0.7525 0.03125 0.095
0 0.4775 0.74875 0.03375 0.1075
0 0.44125 0.76875 0.03125 0.09375
0 0.3975 0.7575 0.0375 0.1225
0 0.36 0.75875 0.02875 0.1275
0 0.3225 0.77 0.035 0.11875
0 0.28625 0.7725 0.03125 0.12375
0 0.245 0.79625 0.03875 0.09625
0 0.83375 0.57875 0.02 0.06875
0 0.86625 0.48125 0.0175 0.06375
0 0.84625 0.48125 0.02 0.065
0 0.2 0.37625 0.03 0.08125
0 0.7825 0.29625 0.01625 0.0525
0 0.7625 0.29375 0.01625 0.0625
0 0.73875 0.29125 0.02375 0.055
0 0.69625 0.2875 0.02125 0.0675
0 0.64875 0.285 0.02375 0.0675
0 0.6225 0.2875 0.025 0.05625
0 0.8 0.29875 0.01625 0.0575
0 0.59 0.28625 0.02875 0.05875
0 0.53625 0.285 0.0175 0.06125
0 0.51375 0.2825 0.01875 0.06125
0 0.48875 0.27375 0.02625 0.08125
0 0.3825 0.26 0.02875 0.07875
0 0.35125 0.25875 0.02625 0.08625
0 0.3225 0.25875 0.02625 0.08125
0 0.55875 0.2875 0.02125 0.04875
0 0.29375 0.25125 0.02375 0.085
0 0.84125 0.30125 0.01875 0.0525
0 0.16625 0.38 0.0325 0.09125
0 0.655 0.39375 0.0125 0.0725
0 0.63375 0.39375 0.02375 0.07125
0 0.58375 0.39375 0.0225 0.07
0 0.56 0.39 0.0225 0.07125
0 0.5 0.38875 0.025 0.07875
0 0.47375 0.38875 0.025 0.08
0 0.86375 0.3025 0.02125 0.04875
0 0.45 0.38875 0.025 0.075
0 0.38875 0.38625 0.03 0.085
0 0.36 0.3875 0.02625 0.0875
0 0.33125 0.3825 0.0325 0.0775
0 0.3 0.3875 0.02125 0.08
0 0.2675 0.385 0.03625 0.085
0 0.23375 0.3825 0.03125 0.09125
0 0.42 0.3875 0.0275 0.085
0 0.2625 0.2525 0.0275 0.08625
0 0.13875 0.24625 0.025 0.08375
0 0.27375 0.5 0.03 0.085
0 0.54 0.48875 0.02125 0.06875
0 0.5075 0.495 0.03 0.0775
0 0.45125 0.4975 0.02625 0.075
0 0.395 0.4975 0.02875 0.07875
0 0.635 0.48375 0.02125 0.0675
0 0.36125 0.49125 0.02625 0.07875
0 0.33 0.49375 0.02375 0.07875
0 0.65625 0.485 0.01875 0.06875
0 0.24375 0.5 0.03125 0.0825
0 0.765 0.48125 0.0175 0.075
0 0.74375 0.4825 0.01625 0.075
0 0.8675 0.39625 0.01375 0.075
0 0.85 0.39 0.02125 0.06375
0 0.57 0.48625 0.0225 0.075
0 0.80375 0.3925 0.02625 0.0725
0 0.7425 0.3925 0.02125 0.075
0 0.72 0.3925 0.02 0.07
0 0.7 0.3925 0.01625 0.0725
0 0.67875 0.3925 0.025 0.0725
0 0.6975 0.48625 0.025 0.07125
0 0.72375 0.48125 0.02125 0.075
0 0.78375 0.485 0.01875 0.0725
0 0.805 0.48375 0.01875 0.065
0 0.82375 0.4825 0.01625 0.0675
0 0.765 0.39 0.02375 0.06875
0 0.6075 0.48625 0.02625 0.07125