0 0.625 0.80375 0.04375 0.01
0 0.63 0.795 0.04625 0.00625
0 0.62875 0.785 0.045 0.00875
0 0.67125 0.8075 0.0325 0.00625
0 0.6725 0.79625 0.035 0.0125
0 0.6725 0.78375 0.03375 0.01
0 0.73 0.79125 0.03625 0.00875
0 0.735 0.80625 0.03875 0.0125
0 0.625 0.81875 0.045 0.00875
0 0.73375 0.77125 0.03 0.01
0 0.73875 0.76 0.02 0.00875
0 0.7375 0.745 0.0275 0.00875
0 0.75875 0.76875 0.01375 0.0375
0 0.70375 0.7825 0.01375 0.0325
0 0.62625 0.85125 0.04 0.01375
0 0.5225 0.79125 0.04 0.01125
0 0.565 0.78875 0.0325 0.00875
0 0.5675 0.81 0.03625 0.0125
0 0.52 0.78 0.04125 0.00875
0 0.4675 0.78625 0.0425 0.01
0 0.5225 0.8025 0.04 0.00625
0 0.51875 0.8125 0.04 0.00875
0 0.46875 0.7975 0.045 0.0075
0 0.47 0.8075 0.0425 0.01
0 0.4725 0.82125 0.0425 0.0125
0 0.42 0.8075 0.04875 0.05125
0 0.3575 0.80375 0.05 0.04875
0 0.30375 0.7925 0.04625 0.02625
0 0.30125 0.82125 0.05 0.02125
0 0.85125 0.84625 0.04625 0.01
0 0.56625 0.78 0.0325 0.00875
0 0.85125 0.83375 0.045 0.01
0 0.2825 0.5975 0.02 0.08875
0 0.8525 0.79625 0.0425 0.01
0 0.55 0.3575 0.0275 0.08
0 0.51875 0.35375 0.03 0.08875
0 0.4825 0.375 0.035 0.0475
0 0.4375 0.37125 0.0475 0.055
0 0.3975 0.35125 0.02625 0.0925
0 0.2475 0.49375 0.025 0.08
0 0.22 0.36625 0.0275 0.07
0 0.2525 0.3525 0.0275 0.09375
0 0.28125 0.3525 0.0225 0.095
0 0.31125 0.3525 0.02875 0.09625
0 0.34 0.35125 0.0225 0.09625
0 0.3675 0.35 0.02875 0.0925
0 0.28125 0.49125 0.02375 0.07875
0 0.31375 0.4925 0.025 0.07875
0 0.345 0.49125 0.02875 0.08
0 0.3775 0.49375 0.0275 0.075
0 0.41875 0.4925 0.02375 0.0775
0 0.445 0.49375 0.02125 0.0775
0 0.47625 0.47625 0.02 0.08375
0 0.50125 0.48875 0.01875 0.08375
0 0.52625 0.48625 0.0175 0.0875
0 0.5475 0.4875 0.02 0.08125
0 0.57 0.49375 0.02375 0.07
0 0.59125 0.49375 0.0175 0.075
0 0.61625 0.48875 0.03125 0.08375
0 0.64625 0.49 0.0275 0.07375
0 0.675 0.49 0.02875 0.07375
0 0.57875 0.35375 0.0225 0.08625
0 0.605 0.355 0.02125 0.0825
0 0.635 0.3575 0.03125 0.08125
0 0.665 0.35625 0.02375 0.08125
0 0.54875 0.2075 0.03625 0.0875
0 0.58375 0.20875 0.025 0.08375
0 0.61125 0.20875 0.03 0.085
0 0.63625 0.22 0.02 0.06125
0 0.66125 0.21875 0.02625 0.065
0 0.69375 0.20625 0.035 0.085
0 0.20625 0.2075 0.03 0.09125
0 0.235 0.20125 0.025 0.10125
0 0.265 0.215 0.03375 0.08
0 0.2975 0.21125 0.025 0.07625
0 0.3275 0.21 0.035 0.08125
0 0.36125 0.21125 0.03125 0.08
0 0.39375 0.21 0.02875 0.0775
0 0.70375 0.485 0.0225 0.07875
0 0.4225 0.21125 0.025 0.0775
0 0.46375 0.2125 0.0175 0.07125
0 0.4875 0.21 0.02625 0.0775
0 0.515 0.21125 0.025 0.07875
0 0.7325 0.20375 0.0425 0.09875
0 0.77125 0.22875 0.025 0.04375
0 0.81125 0.21125 0.04625 0.0775
0 0.85625 0.19875 0.03625 0.10375
0 0.8425 0.33375 0.06125 0.115
0 0.79625 0.35125 0.025 0.07
0 0.77 0.34875 0.025 0.07125
0 0.74125 0.35625 0.02 0.08
0 0.7175 0.35625 0.02125 0.08
0 0.6925 0.3575 0.0275 0.08125
0 0.445 0.2125 0.0175 0.07375
0 0.8525 0.80875 0.045 0.0075
0 0.73125 0.48375 0.03 0.08125
0 0.3825 0.605 0.02 0.09
0 0.7775 0.58625 0.03875 0.07
0 0.74375 0.58625 0.02625 0.0775
0 0.6975 0.60375 0.0425 0.0775
0 0.6525 0.62 0.02625 0.05625
0 0.625 0.6125 0.0175 0.0575
0 0.6025 0.5975 0.0275 0.10125
0 0.57625 0.60125 0.02125 0.0875
0 0.5525 0.60375 0.02375 0.09
0 0.52875 0.60875 0.0225 0.0825
0 0.505 0.6075 0.02125 0.0825
0 0.63 0.71875 0.0325 0.07
0 0.48125 0.60625 0.02125 0.085
0 0.45875 0.60625 0.02375 0.08375
0 0.43375 0.61875 0.0275 0.06
0 0.815 0.59 0.035 0.06375
0 0.40625 0.60375 0.0225 0.085
0 0.35875 0.595 0.0225 0.09
0 0.3325 0.60375 0.02375 0.0975
0 0.3075 0.59875 0.0225 0.095
0 0.24625 0.6175 0.03125 0.06875
0 0.25875 0.71625 0.0225 0.08875
0 0.28125 0.71875 0.02125 0.085
0 0.305 0.7175 0.02375 0.08625
0 0.55625 0.7125 0.03625 0.08125
0 0.52 0.7325 0.03125 0.0525
0 0.485 0.71625 0.02875 0.08375
0 0.32875 0.7175 0.02 0.08375
0 0.35125 0.7175 0.0225 0.08625
0 0.37375 0.71625 0.02125 0.085
0 0.395 0.71875 0.02125 0.0825
0 0.5925 0.70625 0.03125 0.07125
0 0.4225 0.71625 0.02375 0.085
0 0.85125 0.58875 0.03375 0.06125
0 0.85 0.475 0.0175 0.07125
0 0.8525 0.78375 0.04375 0.0125
0 0.80125 0.83625 0.045 0.00875
0 0.7975 0.78875 0.03875 0.0075
0 0.8 0.7775 0.045 0.01
0 0.805 0.75625 0.05125 0.0175
0 0.845 0.67375 0.035 0.05875
0 0.8675 0.47375 0.015 0.075
0 0.77125 0.7125 0.03125 0.015
0 0.81 0.67875 0.03125 0.065
0 0.79625 0.4725 0.0275 0.07125
0 0.82625 0.47375 0.0225 0.07375
0 0.7675 0.4725 0.02625 0.07125
0 0.66875 0.715 0.03625 0.0675
0 0.69875 0.7125 0.0225 0.06625
0 0.7675 0.695 0.03125 0.015
0 0.45375 0.71625 0.0325 0.085