0 0.61875 0.39125 0.0225 0.025
0 0.64625 0.44125 0.02375 0.025
0 0.62125 0.44 0.02625 0.02375
0 0.62125 0.3675 0.02375 0.025
0 0.75875 0.33875 0.02625 0.02625
0 0.7575 0.36375 0.0275 0.02375
0 0.7575 0.38875 0.025 0.02125
0 0.7575 0.4125 0.025 0.0275
0 0.7575 0.43875 0.02375 0.0225
0 0.75625 0.4625 0.02625 0.025
0 0.72875 0.46625 0.02625 0.02625
0 0.7275 0.44 0.0275 0.025
0 0.73 0.41375 0.025 0.025
0 0.73 0.38875 0.02625 0.02625
0 0.73 0.3625 0.02625 0.0225
0 0.73 0.3375 0.0275 0.025
0 0.7025 0.34 0.0275 0.0225
0 0.62125 0.41625 0.02625 0.02375
0 0.7025 0.365 0.02625 0.02625
0 0.70125 0.415 0.02625 0.02125
0 0.70125 0.465 0.02375 0.02375
0 0.67375 0.465 0.02625 0.02375
0 0.67375 0.44125 0.0275 0.02375
0 0.675 0.41625 0.02625 0.0225
0 0.675 0.39125 0.02625 0.0275
0 0.67375 0.365 0.025 0.025
0 0.675 0.34 0.02625 0.02375
0 0.64625 0.34 0.0275 0.025
0 0.6475 0.36625 0.0275 0.025
0 0.64625 0.39125 0.02625 0.02375
0 0.64625 0.415 0.02625 0.02125
0 0.6475 0.46625 0.02375 0.02375
0 0.62375 0.46625 0.02125 0.02
0 0.7025 0.3925 0.02625 0.02375
0 0.62 0.34125 0.0225 0.02625
0 0.45875 0.3925 0.02 0.02625
0 0.565 0.34125 0.02625 0.025
0 0.45875 0.34375 0.02625 0.025
0 0.43125 0.345 0.02625 0.02375
0 0.43 0.37 0.025 0.025
0 0.43125 0.39375 0.02875 0.0225
0 0.43375 0.42 0.02875 0.025
0 0.43625 0.445 0.025 0.02375
0 0.41 0.44375 0.0275 0.025
0 0.40625 0.41875 0.02 0.025
0 0.405 0.39375 0.025 0.02375
0 0.405 0.37 0.02625 0.0225
0 0.405 0.345 0.02375 0.02375
0 0.37875 0.34625 0.0275 0.02125
0 0.3775 0.37 0.0225 0.0225
0 0.37875 0.395 0.02 0.025
0 0.38125 0.42 0.025 0.02375
0 0.4575 0.36875 0.02375 0.0225
0 0.5925 0.3425 0.02375 0.0225
0 0.71125 0.31625 0.07 0.01625
0 0.4625 0.44375 0.02375 0.02375
0 0.53875 0.3425 0.025 0.02625
0 0.51125 0.3425 0.02625 0.025
0 0.48625 0.34375 0.02375 0.02625
0 0.48625 0.36875 0.025 0.025
0 0.5125 0.36875 0.02375 0.02375
0 0.53875 0.3675 0.025 0.02125
0 0.56625 0.3675 0.03 0.02125
0 0.59375 0.3675 0.0225 0.02375
0 0.59125 0.3925 0.02625 0.02375
0 0.5925 0.4175 0.02875 0.025
0 0.56625 0.46875 0.02375 0.02125
0 0.54125 0.4675 0.02125 0.02
0 0.515 0.46625 0.02625 0.02375
0 0.4875 0.4675 0.02375 0.02125
0 0.4625 0.4675 0.02625 0.02125
0 0.46125 0.41875 0.025 0.02375
0 0.63875 0.3175 0.06875 0.0175
0 0.70125 0.44 0.025 0.02125
0 0.49875 0.32125 0.0675 0.01375
0 0.71 0.6075 0.03 0.025
0 0.71 0.58 0.0275 0.02375
0 0.74 0.58125 0.03125 0.02625
0 0.7725 0.58125 0.03375 0.02625
0 0.77125 0.55375 0.0325 0.0275
0 0.74125 0.5525 0.0275 0.02875
0 0.71 0.55125 0.03125 0.03
0 0.68125 0.65875 0.0275 0.02625
0 0.68 0.6325 0.0275 0.02625
0 0.68 0.60625 0.02875 0.0225
0 0.68125 0.57875 0.02625 0.02875
0 0.6525 0.52625 0.03125 0.0275
0 0.65375 0.555 0.02875 0.0275
0 0.3825 0.445 0.02375 0.0225
0 0.65125 0.58125 0.02625 0.02375
0 0.74125 0.6075 0.02875 0.02375
0 0.65125 0.60625 0.02625 0.02375
0 0.7725 0.60625 0.03 0.02375
0 0.73875 0.635 0.02875 0.02375
0 0.8175 0.525 0.01125 0.04
0 0.805 0.52375 0.01375 0.04
0 0.79125 0.525 0.01125 0.0375
0 0.79625 0.585 0.0125 0.04
0 0.81 0.58625 0.0075 0.04375
0 0.82125 0.58625 0.01375 0.04625
0 0.83625 0.58625 0.015 0.04625
0 0.835 0.63375 0.015 0.0425
0 0.82 0.63375 0.0125 0.04625
0 0.80875 0.6325 0.01 0.0425
0 0.79625 0.63125 0.01 0.04375
0 0.77 0.6625 0.0275 0.0275
0 0.74 0.6625 0.03125 0.02625
0 0.70875 0.66 0.0275 0.02875
0 0.70875 0.63375 0.0275 0.02375
0 0.77125 0.63375 0.03375 0.02625
0 0.56875 0.3175 0.07 0.01875
0 0.65125 0.6325 0.02875 0.02625
0 0.62125 0.6575 0.025 0.02375
0 0.56625 0.66125 0.02875 0.02375
0 0.565 0.6325 0.03 0.025
0 0.56375 0.6075 0.0275 0.02375
0 0.565 0.57875 0.0275 0.025
0 0.565 0.5525 0.0275 0.02375
0 0.56375 0.52625 0.02625 0.0275
0 0.53625 0.555 0.025 0.0275
0 0.53625 0.58125 0.02625 0.0225
0 0.53625 0.60375 0.025 0.0225
0 0.5675 0.29875 0.07 0.02125
0 0.4975 0.30375 0.065 0.02125
0 0.42875 0.30375 0.07125 0.02
0 0.36 0.30375 0.06625 0.02
0 0.36125 0.325 0.07 0.01625
0 0.43 0.32375 0.06875 0.0175
0 0.595 0.6575 0.025 0.0225
0 0.65125 0.65875 0.0275 0.02375
0 0.59375 0.6325 0.02625 0.025
0 0.59375 0.58 0.0275 0.02625
0 0.62125 0.63 0.0275 0.0275
0 0.62125 0.60375 0.0275 0.02375
0 0.6225 0.5775 0.02625 0.02375
0 0.59625 0.4725 0.03 0.0325
0 0.595 0.50375 0.03125 0.025
0 0.59375 0.52875 0.0275 0.02375
0 0.59375 0.555 0.02625 0.025
0 0.3625 0.2825 0.06375 0.01625
0 0.42875 0.28125 0.06875 0.02
0 0.49875 0.27875 0.065 0.02375
0 0.56875 0.27625 0.07 0.02
0 0.64 0.275 0.06875 0.02375
0 0.71 0.27375 0.0725 0.02
0 0.71125 0.29625 0.0725 0.02375
0 0.6375 0.2975 0.07 0.02
0 0.59375 0.60625 0.02625 0.02625
0 0.3575 0.47 0.02625 0.0225
0 0.38875 0.50375 0.02125 0.0275
0 0.35625 0.42125 0.025 0.0225
0 0.27875 0.5825 0.02625 0.02375
0 0.27625 0.55625 0.03 0.02375
0 0.27375 0.53125 0.025 0.0225
0 0.27125 0.505 0.02625 0.02625
0 0.36875 0.6575 0.02625 0.025
0 0.2975 0.34625 0.02375 0.02625
0 0.29875 0.3725 0.02375 0.02375
0 0.3 0.395 0.0225 0.02
0 0.3025 0.42 0.02375 0.0225
0 0.305 0.44375 0.02125 0.02375
0 0.305 0.4675 0.025 0.02125
0 0.33125 0.46875 0.02375 0.02
0 0.33 0.445 0.025 0.0225
0 0.32875 0.41875 0.02625 0.02375
0 0.3975 0.6575 0.02625 0.02375
0 0.3975 0.6325 0.0275 0.025
0 0.395 0.60625 0.02375 0.02375
0 0.28125 0.60875 0.02875 0.025
0 0.2825 0.6325 0.0275 0.025
0 0.2825 0.66 0.02875 0.0275
0 0.3125 0.66 0.02375 0.0275
0 0.335 0.5825 0.0275 0.02375
0 0.3375 0.6075 0.025 0.0225
0 0.33875 0.63375 0.0275 0.0275
0 0.34 0.66 0.025 0.0225
0 0.3625 0.5025 0.025 0.02875
0 0.36375 0.53125 0.0225 0.02625
0 0.36375 0.55625 0.02625 0.0225
0 0.36375 0.58125 0.02625 0.025
0 0.3925 0.58 0.03 0.025
0 0.35625 0.44375 0.02375 0.0225
0 0.36625 0.6325 0.02375 0.0225
0 0.335 0.5575 0.0275 0.02125
0 0.33625 0.53125 0.02875 0.02625
0 0.30375 0.505 0.02625 0.0275
0 0.305 0.53125 0.0275 0.02375
0 0.30625 0.55625 0.0225 0.025
0 0.3075 0.5825 0.0275 0.02375
0 0.31125 0.6325 0.02625 0.025
0 0.3675 0.60875 0.02875 0.0225
0 0.39125 0.55625 0.0275 0.025
0 0.31 0.6075 0.02375 0.025
0 0.5375 0.65875 0.0275 0.025
0 0.47625 0.52875 0.0275 0.0225
0 0.42125 0.55625 0.02875 0.02
0 0.50625 0.555 0.02625 0.0225
0 0.50875 0.58125 0.025 0.02625
0 0.50875 0.6075 0.02625 0.025
0 0.50875 0.6325 0.02625 0.02375
0 0.50875 0.6575 0.02875 0.02375
0 0.47875 0.5525 0.02375 0.0225
0 0.32625 0.39625 0.0225 0.02375
0 0.35375 0.395 0.02 0.025
0 0.35125 0.37125 0.02375 0.0225
0 0.3525 0.34625 0.025 0.02625
0 0.32375 0.3475 0.025 0.02
0 0.325 0.37125 0.02625 0.025
0 0.3925 0.53 0.0275 0.0225
0 0.4225 0.58 0.0275 0.02125
0 0.5375 0.63125 0.02625 0.02875
0 0.48125 0.5775 0.02875 0.02375
0 0.50625 0.52875 0.02625 0.0275
0 0.4825 0.63125 0.02625 0.0225
0 0.38625 0.475 0.0275 0.0275
0 0.4175 0.47625 0.02875 0.02875
0 0.41875 0.50375 0.02625 0.025
0 0.42125 0.53 0.02875 0.025
0 0.4225 0.605 0.02625 0.0275
0 0.425 0.6325 0.02625 0.025
0 0.42375 0.6575 0.02625 0.02375
0 0.48125 0.60375 0.0275 0.02625
0 0.4775 0.5025 0.02875 0.02875
0 0.44875 0.5025 0.02625 0.0275
0 0.5075 0.50125 0.03125 0.02625
0 0.48125 0.65625 0.0275 0.0225
0 0.4525 0.6575 0.02625 0.02125
0 0.45375 0.6325 0.025 0.0225
0 0.45125 0.6075 0.02875 0.02375
0 0.45 0.58125 0.0275 0.025
0 0.44875 0.55625 0.025 0.02625
0 0.44875 0.53 0.02625 0.025