0 0.2975 0.71 0.04 0.045
0 0.2525 0.77 0.04375 0.03875
0 0.20375 0.695 0.04625 0.04125
0 0.25375 0.8125 0.045 0.03625
0 0.29625 0.7575 0.0375 0.03875
0 0.29875 0.7975 0.04 0.03375
0 0.3375 0.74375 0.035 0.0425
0 0.2525 0.72875 0.045 0.04
0 0.34125 0.7875 0.035 0.03625
0 0.205 0.82875 0.04625 0.04125
0 0.205 0.7875 0.0475 0.03875
0 0.2025 0.74125 0.04625 0.0475
0 0.25125 0.68375 0.03875 0.04125
0 0.67625 0.4775 0.01875 0.03
0 0.655 0.54 0.02125 0.0275
0 0.1525 0.79625 0.05125 0.03625
0 0.15125 0.75375 0.05 0.03875
0 0.1525 0.705 0.0525 0.05375
0 0.65625 0.51 0.02 0.0275
0 0.67375 0.5375 0.015 0.02625
0 0.67625 0.5075 0.0175 0.02625
0 0.375 0.7325 0.03625 0.03875
0 0.61125 0.515 0.02125 0.02875
0 0.61125 0.5475 0.02125 0.03375
0 0.62375 0.48125 0.0375 0.03
0 0.63375 0.5125 0.01875 0.0275
0 0.6325 0.54375 0.0175 0.03125
0 0.655 0.4775 0.02 0.03125
0 0.1525 0.8425 0.05375 0.0475
0 0.38 0.7725 0.0375 0.035
0 0.575 0.675 0.04625 0.02875
0 0.41625 0.76 0.03125 0.03375
0 0.6725 0.6725 0.01875 0.02625
0 0.6525 0.68 0.015 0.02625
0 0.63125 0.68625 0.0175 0.03
0 0.63125 0.65625 0.0175 0.025
0 0.6525 0.65125 0.015 0.02375
0 0.6725 0.645 0.02 0.0225
0 0.675 0.61625 0.0225 0.0275
0 0.6525 0.62125 0.01625 0.025
0 0.58625 0.55125 0.02375 0.03
0 0.6325 0.6275 0.02 0.02625
0 0.61 0.69625 0.02 0.03
0 0.61 0.66375 0.0175 0.03
0 0.61 0.6325 0.0175 0.02625
0 0.4125 0.72 0.03375 0.0375
0 0.60875 0.60125 0.0225 0.0325
0 0.575 0.64 0.0475 0.035
0 0.53625 0.72 0.02375 0.03375
0 0.53625 0.68625 0.02375 0.03
0 0.535 0.6525 0.02625 0.0325
0 0.50875 0.72875 0.025 0.0325
0 0.5075 0.69375 0.02625 0.03125
0 0.50625 0.65875 0.02625 0.03375
0 0.47875 0.73875 0.02875 0.0325
0 0.47875 0.7025 0.0275 0.03375
0 0.47625 0.66625 0.0275 0.03625
0 0.4475 0.74875 0.0275 0.03625
0 0.44625 0.7125 0.03125 0.03125
0 0.43375 0.67375 0.055 0.04125
0 0.575 0.7075 0.04625 0.03125
0 0.58625 0.51875 0.02375 0.02875
0 0.36 0.23 0.03375 0.12625
0 0.5525 0.5225 0.035 0.02875
0 0.225 0.335 0.04 0.035
0 0.265 0.335 0.0375 0.03625
0 0.30875 0.33875 0.0425 0.03125
0 0.18125 0.37875 0.04875 0.0475
0 0.18125 0.42875 0.05125 0.04625
0 0.13875 0.42875 0.0275 0.04625
0 0.23375 0.37875 0.0475 0.04625
0 0.2325 0.42875 0.0475 0.04625
0 0.2825 0.38125 0.045 0.045
0 0.28125 0.4275 0.0425 0.0425
0 0.325 0.42625 0.0375 0.0425
0 0.34875 0.38 0.0775 0.04375
0 0.36625 0.425 0.0375 0.04
0 0.40625 0.38125 0.035 0.0425
0 0.405 0.425 0.03625 0.0375
0 0.44 0.42375 0.03 0.0375
0 0.45875 0.38375 0.0625 0.035
0 0.47375 0.4225 0.03 0.03875
0 0.5075 0.38375 0.03125 0.0375
0 0.18 0.33125 0.04375 0.0375
0 0.50625 0.4225 0.03125 0.035
0 0.14 0.33125 0.02875 0.03875
0 0.6875 0.27625 0.01875 0.0875
0 0.15625 0.22 0.04875 0.105
0 0.20375 0.20625 0.0425 0.13625
0 0.2475 0.2125 0.04 0.13875
0 0.39625 0.23375 0.0325 0.12375
0 0.43 0.24125 0.02875 0.1175
0 0.45875 0.24125 0.0275 0.11875
0 0.48625 0.245 0.025 0.11125
0 0.51375 0.25 0.0275 0.1125
0 0.53875 0.25625 0.0175 0.09875
0 0.335 0.23125 0.015 0.115
0 0.31875 0.22625 0.01375 0.1175
0 0.30125 0.2275 0.0125 0.1125
0 0.2875 0.22625 0.01375 0.11375
0 0.56 0.25625 0.01875 0.105
0 0.5825 0.2625 0.0225 0.09625
0 0.60625 0.26375 0.02125 0.0975
0 0.625 0.26875 0.0125 0.0925
0 0.645 0.27125 0.01875 0.09375
0 0.665 0.2725 0.02 0.0925
0 0.13875 0.3775 0.0275 0.0475
0 0.55875 0.555 0.02375 0.0325
0 0.53875 0.38375 0.0275 0.0375
0 0.56625 0.385 0.0225 0.035
0 0.33625 0.5525 0.03625 0.0375
0 0.33625 0.59375 0.035 0.03875
0 0.37375 0.50375 0.03375 0.0425
0 0.37375 0.54625 0.03375 0.0375
0 0.375 0.58625 0.03375 0.0375
0 0.41 0.50125 0.0325 0.04
0 0.41 0.54125 0.03125 0.035
0 0.41125 0.58 0.0325 0.03875
0 0.44375 0.5 0.03125 0.03875
0 0.44375 0.53875 0.03 0.0325
0 0.445 0.57625 0.03125 0.03875
0 0.48375 0.4925 0.0425 0.03375
0 0.47625 0.53375 0.03125 0.035
0 0.50625 0.53 0.0275 0.03375
0 0.50625 0.565 0.02625 0.03375
0 0.535 0.56125 0.0225 0.035
0 0.4775 0.57125 0.03125 0.03625
0 0.55125 0.48875 0.04375 0.03125
0 0.5875 0.48625 0.02125 0.03375
0 0.325 0.50875 0.06 0.04375
0 0.53625 0.42125 0.02625 0.035
0 0.29125 0.6025 0.0425 0.0425
0 0.195 0.6175 0.05 0.04625
0 0.5625 0.42 0.02375 0.03125
0 0.5925 0.385 0.02375 0.03375
0 0.61625 0.385 0.02 0.035
0 0.64 0.385 0.02125 0.03375
0 0.6625 0.38375 0.02 0.03375
0 0.68625 0.385 0.02125 0.03125
0 0.58875 0.42 0.02375 0.0325
0 0.615 0.42 0.02125 0.0275
0 0.6375 0.41875 0.02 0.03125
0 0.66 0.4175 0.02 0.02875
0 0.6825 0.4175 0.02125 0.03
0 0.14625 0.5225 0.04125 0.05
0 0.14625 0.57375 0.04 0.045
0 0.14625 0.625 0.04 0.05125
0 0.19375 0.52 0.04875 0.05125
0 0.245 0.51625 0.04875 0.05125
0 0.19375 0.57 0.04875 0.04625
0 0.24375 0.56375 0.04625 0.04
0 0.24375 0.61125 0.04625 0.04875
0 0.2925 0.5575 0.04375 0.04375