0 0.83625 0.44625 0.03375 0.1
0 0.74875 0.6625 0.0225 0.04
0 0.70625 0.7075 0.04875 0.0275
0 0.65875 0.7075 0.045 0.0275
0 0.47875 0.7925 0.03125 0.02625
0 0.445 0.75125 0.03875 0.0225
0 0.7825 0.66375 0.03625 0.03625
0 0.43875 0.80125 0.0425 0.0675
0 0.39375 0.8 0.03875 0.0725
0 0.35 0.825 0.0325 0.01875
0 0.3125 0.8225 0.03625 0.025
0 0.35125 0.795 0.03875 0.0275
0 0.39875 0.745 0.04125 0.025
0 0.81375 0.66375 0.02875 0.04
0 0.5175 0.81875 0.03625 0.025
0 0.51375 0.7925 0.0325 0.025
0 0.41375 0.32125 0.04 0.1125
0 0.4775 0.82125 0.03 0.01875
0 0.48375 0.325 0.04375 0.10625
0 0.5225 0.32625 0.025 0.10125
0 0.55625 0.32625 0.03375 0.10625
0 0.60125 0.32625 0.0225 0.11
0 0.6675 0.32125 0.035 0.11
0 0.7075 0.3225 0.0425 0.11
0 0.74625 0.32125 0.03125 0.11625
0 0.78 0.32375 0.02875 0.11
0 0.81375 0.32375 0.0325 0.11375
0 0.85 0.33625 0.03125 0.0925
0 0.8475 0.66625 0.035 0.0375
0 0.37375 0.32125 0.03 0.11
0 0.57 0.68125 0.04375 0.08375
0 0.61375 0.68 0.03875 0.08
0 0.31125 0.7975 0.03875 0.0225
0 0.26875 0.7975 0.03375 0.07375
0 0.22375 0.7975 0.0425 0.07375
0 0.85 0.70125 0.03875 0.0375
0 0.13875 0.37125 0.025 0.04125
0 0.315 0.70625 0.035 0.03
0 0.3125 0.675 0.03875 0.02875
0 0.26875 0.68625 0.04375 0.08625
0 0.2225 0.685 0.0475 0.08625
0 0.8275 0.55875 0.04375 0.08625
0 0.78125 0.5575 0.04 0.08
0 0.46 0.19 0.03875 0.09625
0 0.355 0.67875 0.03375 0.025
0 0.35375 0.705 0.03625 0.0275
0 0.395 0.68375 0.035 0.07875
0 0.41625 0.1825 0.0375 0.11375
0 0.375 0.18375 0.04375 0.11
0 0.3325 0.18125 0.03125 0.11125
0 0.29375 0.1825 0.0375 0.10625
0 0.2475 0.18 0.0375 0.11
0 0.20625 0.18 0.0375 0.11125
0 0.16375 0.1475 0.03125 0.08875
0 0.43875 0.68125 0.04 0.08125
0 0.865 0.4475 0.02 0.1025
0 0.48375 0.68 0.04625 0.0825
0 0.52875 0.68125 0.03625 0.08125
0 0.1725 0.44125 0.04125 0.03625
0 0.335 0.3225 0.03625 0.1125
0 0.18 0.485 0.0425 0.04
0 0.63125 0.32375 0.03 0.11
0 0.3675 0.44375 0.04125 0.10375
0 0.53875 0.18625 0.0375 0.10375
0 0.575 0.18625 0.03125 0.1125
0 0.6125 0.1825 0.03375 0.1175
0 0.81125 0.81875 0.0375 0.025
0 0.76625 0.10875 0.0875 0.05125
0 0.28875 0.44875 0.035 0.0875
0 0.53 0.555 0.04125 0.0325
0 0.485 0.55625 0.03625 0.02875
0 0.43875 0.55875 0.0375 0.075
0 0.4 0.55625 0.04 0.0775
0 0.1425 0.575 0.0325 0.07375
0 0.18 0.58 0.03625 0.07625
0 0.3175 0.585 0.03375 0.02625
0 0.35625 0.58375 0.03125 0.02375
0 0.50375 0.1875 0.03125 0.1
0 0.35625 0.55625 0.0375 0.02875
0 0.27625 0.5575 0.04125 0.08625
0 0.22625 0.55875 0.0425 0.08125
0 0.73375 0.4475 0.02375 0.1
0 0.65 0.1875 0.03 0.105
0 0.685 0.1875 0.03625 0.1075
0 0.72125 0.185 0.03 0.11
0 0.75125 0.19 0.025 0.10125
0 0.7775 0.1875 0.02875 0.09875
0 0.8125 0.19 0.035 0.095
0 0.8475 0.19 0.035 0.10625
0 0.215 0.32125 0.04125 0.1125
0 0.1725 0.37 0.035 0.05
0 0.765 0.4475 0.03125 0.10125
0 0.8 0.44625 0.03375 0.1
0 0.31875 0.5575 0.0325 0.025
0 0.8175 0.7025 0.025 0.035
0 0.57 0.5575 0.03875 0.075
0 0.255 0.3225 0.03625 0.105
0 0.41 0.4475 0.025 0.10625
0 0.44625 0.44375 0.03125 0.10875
0 0.4825 0.4425 0.0325 0.105
0 0.52375 0.44375 0.03 0.0975
0 0.56 0.44375 0.03625 0.0975
0 0.59375 0.4425 0.03125 0.105
0 0.78625 0.7025 0.03125 0.04
0 0.705 0.44875 0.02875 0.09625
0 0.74125 0.5625 0.035 0.07125
0 0.65875 0.58875 0.03625 0.0225
0 0.6975 0.5875 0.0375 0.025
0 0.69625 0.56 0.03125 0.02875
0 0.65625 0.55875 0.03875 0.0325
0 0.4875 0.58625 0.03625 0.025
0 0.6675 0.4475 0.0325 0.09875
0 0.6125 0.55875 0.03875 0.075
0 0.52875 0.58625 0.03875 0.025
0 0.29625 0.32125 0.0325 0.10625
0 0.85125 0.81875 0.04 0.0275
0 0.8525 0.79125 0.0375 0.02375
0 0.8125 0.79 0.035 0.02
0 0.72125 0.79 0.0375 0.08
0 0.765 0.79 0.04625 0.07875
0 0.68 0.79625 0.03625 0.01625
0 0.74875 0.70375 0.03125 0.04
0 0.6425 0.81875 0.03125 0.02375
0 0.64375 0.79125 0.02625 0.02375
0 0.60375 0.79375 0.045 0.07125
0 0.56125 0.795 0.03625 0.07875
0 0.68125 0.8175 0.035 0.02