0 0.2725 0.475 0.03875 0.1375
0 0.16125 0.61 0.06875 0.03375
0 0.17125 0.67375 0.09125 0.02875
0 0.17375 0.705 0.09125 0.02375
0 0.8375 0.61625 0.07375 0.03
0 0.835 0.58375 0.08 0.03
0 0.76375 0.4825 0.03625 0.12875
0 0.72375 0.48625 0.03 0.14125
0 0.69125 0.48125 0.025 0.13
0 0.66 0.48 0.0325 0.1325
0 0.63 0.4775 0.0225 0.12625
0 0.6025 0.4775 0.02875 0.1325
0 0.5725 0.4725 0.02375 0.13375
0 0.32875 0.47625 0.0375 0.13125
0 0.2725 0.70875 0.1 0.02625
0 0.55125 0.58375 0.09125 0.0275
0 0.2675 0.32625 0.03875 0.13625
0 0.64625 0.5825 0.09375 0.0325
0 0.64875 0.61875 0.09625 0.03
0 0.74875 0.62 0.09625 0.03375
0 0.74375 0.58125 0.09125 0.03125
0 0.45375 0.58875 0.0925 0.03125
0 0.45375 0.62 0.0925 0.0275
0 0.36375 0.5825 0.08375 0.03375
0 0.55125 0.6175 0.09375 0.03
0 0.36125 0.61625 0.09 0.03125
0 0.16625 0.575 0.0825 0.03
0 0.485 0.47625 0.03 0.13125
0 0.435 0.4775 0.02375 0.135
0 0.27125 0.67625 0.10125 0.03125
0 0.4075 0.47875 0.02375 0.12375
0 0.37625 0.4775 0.02125 0.13125
0 0.21375 0.32875 0.025 0.1375
0 0.25625 0.61125 0.11125 0.0325
0 0.26375 0.57375 0.1075 0.0325
0 0.51625 0.48625 0.025 0.1325
0 0.73625 0.9425 0.11625 0.03375
0 0.5375 0.8875 0.11875 0.03
0 0.5425 0.85375 0.11625 0.03125
0 0.54375 0.48375 0.02625 0.135
0 0.4225 0.88 0.11375 0.03
0 0.425 0.845 0.11375 0.02875
0 0.30875 0.88375 0.10875 0.02875
0 0.31 0.85 0.10625 0.0325
0 0.2025 0.88 0.10375 0.025
0 0.2025 0.8475 0.1025 0.035
0 0.15375 0.79625 0.05375 0.02625
0 0.1525 0.7625 0.055 0.03125
0 0.235 0.765 0.09875 0.03125
0 0.23375 0.795 0.1 0.02875
0 0.34375 0.79625 0.11375 0.02875
0 0.3425 0.765 0.115 0.02625
0 0.46125 0.765 0.1175 0.03
0 0.46 0.79875 0.11375 0.03
0 0.57625 0.8 0.115 0.035
0 0.58 0.76875 0.1175 0.025
0 0.66875 0.3275 0.03 0.145
0 0.64 0.32625 0.02125 0.1425
0 0.61 0.3275 0.03375 0.14375
0 0.54875 0.33125 0.0225 0.135
0 0.52 0.3275 0.0275 0.14375
0 0.48875 0.32625 0.02875 0.14625
0 0.66125 0.855 0.11875 0.03375
0 0.45625 0.3275 0.03125 0.14375
0 0.78125 0.855 0.115 0.0375
0 0.2675 0.16 0.09125 0.1075
0 0.375 0.97125 0.125 0.02875
0 0.65875 0.89 0.11875 0.03125
0 0.86125 0.45 0.0275 0.065
0 0.86125 0.525 0.02625 0.06625
0 0.8225 0.5275 0.045 0.07375
0 0.815 0.45125 0.0475 0.06625
0 0.8225 0.37625 0.05125 0.06
0 0.82125 0.29375 0.05625 0.0825
0 0.845 0.165 0.03375 0.105
0 0.81125 0.1625 0.0275 0.10625
0 0.77875 0.16375 0.03125 0.1075
0 0.745 0.165 0.0275 0.10125
0 0.7125 0.16125 0.03 0.10625
0 0.65875 0.16125 0.02875 0.10875
0 0.5 0.955 0.10625 0.065
0 0.62 0.965 0.1125 0.04125
0 0.7775 0.89 0.1175 0.0275
0 0.7375 0.97625 0.1175 0.02875
0 0.83625 0.94125 0.07625 0.03125
0 0.8375 0.97625 0.075 0.02875
0 0.61 0.095 0.0525 0.02375
0 0.6125 0.165 0.0525 0.1025
0 0.56125 0.15625 0.03625 0.1125
0 0.46375 0.16 0.0925 0.10875
0 0.36 0.165 0.0875 0.09875
0 0.185 0.16375 0.065 0.095
0 0.37625 0.935 0.12625 0.03125
0 0.42875 0.32625 0.025 0.14375
0 0.30625 0.32375 0.0325 0.1425
0 0.865 0.37125 0.02 0.07375
0 0.74 0.32625 0.03125 0.1325
0 0.70125 0.325 0.025 0.14125
0 0.3825 0.6725 0.1125 0.03375
0 0.38375 0.7075 0.1175 0.02875
0 0.5275 0.695 0.12125 0.05375
0 0.6475 0.67125 0.11 0.03
0 0.39875 0.3225 0.03125 0.15125
0 0.26125 0.93625 0.0975 0.04
0 0.6475 0.71125 0.1125 0.025
0 0.7 0.7675 0.12 0.035
0 0.6975 0.8025 0.1225 0.03
0 0.81 0.80125 0.09625 0.02875
0 0.81 0.76875 0.09375 0.03375
0 0.755 0.7125 0.09375 0.03125
0 0.83875 0.71375 0.07125 0.03375
0 0.84375 0.675 0.06125 0.035
0 0.7625 0.6775 0.0975 0.02875