0 0.46875 0.5675 0.01875 0.07625
0 0.535 0.56125 0.0175 0.08875
0 0.51375 0.5675 0.02 0.06875
0 0.49 0.56125 0.01875 0.0875
0 0.4425 0.565 0.02625 0.0825
0 0.85 0.4475 0.0125 0.08
0 0.37875 0.56 0.0225 0.0925
0 0.305 0.4425 0.01625 0.08625
0 0.335 0.465 0.035 0.04875
0 0.365 0.44125 0.02 0.08875
0 0.3875 0.44 0.0175 0.09375
0 0.40875 0.44125 0.0175 0.09
0 0.4275 0.44125 0.01375 0.0925
0 0.4475 0.4425 0.015 0.09
0 0.46875 0.44375 0.02 0.09
0 0.49125 0.45 0.02125 0.07375
0 0.51375 0.4425 0.0175 0.08875
0 0.535 0.44375 0.0175 0.0875
0 0.555 0.44375 0.01875 0.0875
0 0.5775 0.4425 0.01625 0.09
0 0.6 0.45 0.01875 0.08
0 0.62375 0.45 0.0225 0.075
0 0.67625 0.39125 0.04375 0.03375
0 0.675 0.44375 0.06125 0.05
0 0.355 0.55875 0.02 0.09625
0 0.3275 0.55875 0.0275 0.0975
0 0.29625 0.5575 0.03 0.1
0 0.26875 0.56 0.02 0.095
0 0.24375 0.56 0.025 0.095
0 0.2175 0.56 0.025 0.095
0 0.40375 0.56125 0.0225 0.08875
0 0.19 0.55875 0.02625 0.0975
0 0.83125 0.45625 0.0175 0.06
0 0.8075 0.455 0.01625 0.06375
0 0.7875 0.455 0.02125 0.065
0 0.76125 0.4525 0.0225 0.0725
0 0.735 0.45 0.025 0.07875
0 0.68875 0.50125 0.0625 0.03625
0 0.86625 0.45375 0.01375 0.0625
0 0.55875 0.575 0.02125 0.05625
0 0.78125 0.57 0.01625 0.07375
0 0.60875 0.56625 0.02625 0.08125
0 0.66875 0.68125 0.02625 0.08125
0 0.64375 0.68 0.02 0.0775
0 0.62 0.7025 0.015 0.04125
0 0.59125 0.68125 0.03125 0.0825
0 0.56125 0.68 0.025 0.08
0 0.54 0.69625 0.01 0.05
0 0.52625 0.6925 0.0125 0.06125
0 0.50875 0.685 0.015 0.075
0 0.48875 0.68125 0.02125 0.08125
0 0.46875 0.67625 0.01375 0.09
0 0.45 0.68125 0.01625 0.07875
0 0.43125 0.68 0.01875 0.0825
0 0.4075 0.685 0.01875 0.06625
0 0.385 0.68625 0.02125 0.07375
0 0.3625 0.6975 0.02125 0.0525
0 0.33875 0.675 0.01625 0.08625
0 0.31875 0.6875 0.01625 0.065
0 0.80125 0.5625 0.01625 0.08625
0 0.8225 0.57125 0.01875 0.0725
0 0.84625 0.57 0.0225 0.075
0 0.8675 0.57125 0.015 0.0725
0 0.19 0.69125 0.02 0.06625
0 0.23625 0.695 0.01875 0.06375
0 0.69625 0.68375 0.0225 0.07875
0 0.2575 0.69 0.02125 0.06625
0 0.29875 0.6875 0.01625 0.06875
0 0.86875 0.79 0.01125 0.085
0 0.85125 0.79125 0.01625 0.07875
0 0.83125 0.79125 0.02125 0.08
0 0.8075 0.78875 0.01625 0.085
0 0.7875 0.785 0.01625 0.09
0 0.27875 0.69 0.01625 0.0625
0 0.72 0.6825 0.01875 0.08
0 0.74375 0.68375 0.025 0.075
0 0.77125 0.6825 0.02375 0.08125
0 0.74125 0.59125 0.02 0.02875
0 0.65 0.79 0.015 0.0825
0 0.62875 0.79 0.02125 0.08125
0 0.60625 0.78875 0.01875 0.0875
0 0.40375 0.78625 0.01875 0.0925
0 0.42625 0.78625 0.0225 0.09375
0 0.67 0.76875 0.01875 0.0625
0 0.45125 0.7975 0.02125 0.07
0 0.58125 0.7875 0.025 0.0875
0 0.50125 0.7925 0.02 0.08375
0 0.7625 0.56625 0.01625 0.08
0 0.71375 0.57875 0.02 0.05
0 0.68625 0.56875 0.0275 0.07125
0 0.63625 0.57 0.02125 0.07
0 0.475 0.8 0.0225 0.0675
0 0.58125 0.5725 0.01875 0.06375
0 0.69 0.77 0.01625 0.0625
0 0.745 0.78625 0.02125 0.0875
0 0.7975 0.685 0.0225 0.0775
0 0.82 0.68875 0.015 0.06625
0 0.84 0.675 0.01875 0.09125
0 0.86125 0.68375 0.0175 0.075
0 0.2 0.80125 0.02 0.06875
0 0.22375 0.8 0.02375 0.06875
0 0.72 0.7875 0.02 0.0875
0 0.25375 0.7975 0.03 0.02
0 0.28 0.79875 0.02 0.065
0 0.3025 0.80125 0.02 0.06625
0 0.3275 0.82125 0.02375 0.025
0 0.35375 0.78625 0.0175 0.09375
0 0.37875 0.78875 0.0225 0.0925
0 0.76625 0.78 0.01875 0.0825
0 0.25375 0.82375 0.02625 0.01875
0 0.21375 0.69125 0.02125 0.065
0 0.55375 0.80125 0.02 0.06
0 0.225 0.43125 0.035 0.1075
0 0.75125 0.1875 0.02 0.11375
0 0.7275 0.185 0.02 0.115
0 0.705 0.1875 0.015 0.1125
0 0.68375 0.1925 0.02 0.09875
0 0.66125 0.2 0.02125 0.0925
0 0.63875 0.19875 0.01875 0.08625
0 0.61625 0.20625 0.0175 0.075
0 0.59625 0.205 0.01875 0.07375
0 0.5725 0.1975 0.02 0.09
0 0.55 0.19625 0.02 0.08875
0 0.5275 0.19875 0.01875 0.085
0 0.77125 0.21625 0.0125 0.05375
0 0.50375 0.18 0.0225 0.12125
0 0.4575 0.18125 0.01875 0.11875
0 0.435 0.185 0.02375 0.11
0 0.41125 0.18125 0.01875 0.11875
0 0.3875 0.1775 0.0225 0.12875
0 0.36625 0.18 0.01375 0.1175
0 0.34375 0.185 0.02125 0.11875
0 0.315 0.1825 0.02375 0.11375
0 0.2925 0.185 0.02 0.11375
0 0.2675 0.19 0.01875 0.10125
0 0.24875 0.19375 0.01625 0.09625
0 0.23 0.19125 0.01625 0.09625
0 0.48 0.18125 0.02 0.11875
0 0.79 0.18875 0.01875 0.1075
0 0.8125 0.18875 0.0175 0.1075
0 0.835 0.18375 0.0225 0.12125
0 0.80875 0.33625 0.01875 0.01625
0 0.72625 0.32625 0.02 0.075
0 0.70375 0.32 0.01875 0.0825
0 0.68 0.32 0.025 0.09125
0 0.65 0.32125 0.02 0.08625
0 0.625 0.31625 0.02375 0.0925
0 0.5925 0.32625 0.02875 0.075
0 0.565 0.31375 0.02125 0.0975
0 0.54125 0.31875 0.015 0.0875
0 0.52 0.3225 0.0225 0.08
0 0.495 0.3175 0.01625 0.09375
0 0.5275 0.79125 0.02625 0.08
0 0.475 0.31375 0.01875 0.0975
0 0.4525 0.31875 0.01875 0.09125
0 0.43125 0.31375 0.01875 0.09375
0 0.41 0.3175 0.01625 0.09
0 0.385 0.30875 0.0225 0.105
0 0.3575 0.31 0.02625 0.10625
0 0.3275 0.3075 0.02125 0.1075
0 0.30375 0.30875 0.0225 0.10625
0 0.2775 0.30875 0.0225 0.10625
0 0.24875 0.31625 0.03 0.0875
0 0.215 0.31375 0.03 0.09375
0 0.1825 0.315 0.0225 0.09
0 0.8575 0.18375 0.02125 0.12125
0 0.2125 0.19375 0.01375 0.09375
0 0.77875 0.3375 0.02875 0.04875
0 0.75125 0.3275 0.02 0.06625
0 0.185 0.43125 0.0375 0.10625
0 0.8625 0.31875 0.02375 0.08125
0 0.835 0.32125 0.0225 0.07875
0 0.8075 0.35375 0.02125 0.0125
0 0.27875 0.43375 0.02875 0.1025