0 0.51375 0.8625 0.0225 0.04125
0 0.505 0.15 0.02625 0.05875
0 0.475 0.1475 0.0325 0.07125
0 0.44 0.14375 0.02875 0.07625
0 0.4025 0.13875 0.03 0.07625
0 0.37375 0.1425 0.02375 0.06875
0 0.34125 0.1425 0.03125 0.0775
0 0.75625 0.5475 0.05 0.03375
0 0.75125 0.50125 0.05875 0.0325
0 0.7 0.5225 0.025 0.06875
0 0.77 0.64875 0.0225 0.045
0 0.54125 0.14 0.0375 0.0775
0 0.74375 0.65625 0.02625 0.04125
0 0.71375 0.86875 0.05625 0.035
0 0.77 0.87625 0.01875 0.0225
0 0.7075 0.76375 0.03125 0.05125
0 0.755 0.775 0.05 0.04125
0 0.755 0.7425 0.045 0.01625
0 0.7325 0.71 0.05 0.01375
0 0.36875 0.83875 0.015 0.05625
0 0.385 0.83625 0.0125 0.05375
0 0.40375 0.8375 0.01375 0.055
0 0.44375 0.84375 0.04625 0.075
0 0.7125 0.655 0.025 0.04625
0 0.48625 0.86125 0.0225 0.04125
0 0.58125 0.1475 0.025 0.05875
0 0.64125 0.13625 0.02625 0.08625
0 0.55375 0.85875 0.03875 0.05625
0 0.3175 0.23 0.06125 0.0525
0 0.3125 0.31125 0.02875 0.02625
0 0.3475 0.285 0.025 0.04875
0 0.38375 0.27625 0.02375 0.065
0 0.41875 0.28125 0.0275 0.065
0 0.455 0.28 0.02375 0.0675
0 0.4825 0.28375 0.02375 0.065
0 0.5125 0.275 0.02875 0.07875
0 0.54625 0.28625 0.02 0.06375
0 0.61 0.14875 0.02375 0.06
0 0.57375 0.28125 0.02375 0.0675
0 0.63875 0.28 0.02375 0.06375
0 0.67 0.2875 0.03125 0.055
0 0.73375 0.23625 0.0325 0.0275
0 0.77 0.29125 0.0225 0.0425
0 0.735 0.30125 0.04 0.03375
0 0.725 0.27 0.045 0.0275
0 0.7675 0.2525 0.0275 0.02
0 0.73875 0.4225 0.05625 0.04125
0 0.73 0.1675 0.03375 0.05125
0 0.67875 0.1275 0.03 0.095
0 0.6075 0.28 0.025 0.0625
0 0.3825 0.7625 0.0125 0.03375
0 0.7725 0.14 0.01625 0.09625
0 0.65625 0.7225 0.03125 0.035
0 0.4025 0.4075 0.02375 0.05875
0 0.4275 0.40125 0.0175 0.07875
0 0.45375 0.39875 0.0225 0.07
0 0.4825 0.39875 0.02125 0.08125
0 0.51125 0.39875 0.02375 0.07625
0 0.565 0.40875 0.02 0.065
0 0.59875 0.39625 0.03125 0.08375
0 0.635 0.41 0.025 0.06125
0 0.56375 0.49625 0.04 0.0325
0 0.34875 0.5325 0.02625 0.065
0 0.37125 0.40125 0.02125 0.07875
0 0.385 0.53625 0.03875 0.0525
0 0.42125 0.5225 0.0225 0.06375
0 0.4475 0.525 0.0225 0.0625
0 0.48125 0.5375 0.04 0.035
0 0.485 0.49 0.0375 0.035
0 0.525 0.5425 0.03375 0.04125
0 0.57 0.54125 0.04375 0.03125
0 0.61875 0.545 0.05 0.02875
0 0.66125 0.53 0.02875 0.04625
0 0.60875 0.50375 0.04875 0.025
0 0.36625 0.7575 0.01625 0.0475
0 0.3925 0.485 0.03 0.0375
0 0.34 0.3975 0.025 0.08125
0 0.6675 0.40875 0.0275 0.0575
0 0.63875 0.61 0.06625 0.0275
0 0.65875 0.7725 0.045 0.0325
0 0.6925 0.6025 0.01625 0.03125
0 0.61375 0.8525 0.06625 0.055
0 0.40125 0.7575 0.01875 0.04125
0 0.4225 0.75625 0.015 0.04375
0 0.44 0.75625 0.015 0.045
0 0.46125 0.7675 0.0175 0.035
0 0.51375 0.77 0.01875 0.0275
0 0.54 0.7625 0.02125 0.0325
0 0.5775 0.76125 0.0125 0.04375
0 0.5975 0.74625 0.02125 0.07625
0 0.485 0.7675 0.02125 0.0225
0 0.34625 0.6475 0.01625 0.04875
0 0.6525 0.65625 0.0525 0.03125
0 0.6225 0.74625 0.02 0.0725
0 0.545 0.64125 0.02625 0.065
0 0.51625 0.64 0.0175 0.0625
0 0.47375 0.65375 0.05 0.02625
0 0.5925 0.655 0.0525 0.0325
0 0.42875 0.645 0.02875 0.055
0 0.3875 0.6525 0.05 0.02875
0 0.36625 0.605 0.025 0.03
0 0.47625 0.61625 0.0425 0.02125