0 0.8525 0.53625 0.03 0.08125
0 0.82 0.535 0.0275 0.08125
0 0.54375 0.26 0.0325 0.08125
0 0.37875 0.2575 0.03125 0.08
0 0.3425 0.255 0.03875 0.08375
0 0.2525 0.24 0.03625 0.11
0 0.2125 0.2375 0.04 0.1175
0 0.1725 0.23625 0.03625 0.1175
0 0.13875 0.235 0.02625 0.11
0 0.84375 0.3175 0.02375 0.07375
0 0.81375 0.31875 0.02375 0.07
0 0.785 0.31625 0.025 0.0725
0 0.7575 0.3175 0.02125 0.07
0 0.73125 0.3175 0.01875 0.07125
0 0.63625 0.36875 0.02875 0.0775
0 0.57125 0.37 0.02625 0.07875
0 0.54 0.37 0.03125 0.07625
0 0.555 0.8525 0.02625 0.05375
0 0.5075 0.36875 0.03125 0.07625
0 0.4725 0.37 0.0325 0.0775
0 0.41 0.25875 0.02875 0.07875
0 0.44125 0.3675 0.0275 0.0775
0 0.44375 0.26 0.035 0.07625
0 0.50875 0.25875 0.03125 0.08875
0 0.4575 0.10125 0.03625 0.11625
0 0.49625 0.1025 0.035 0.1175
0 0.53375 0.10375 0.03125 0.12
0 0.57125 0.105 0.0325 0.115
0 0.6125 0.105 0.0375 0.115
0 0.65125 0.1075 0.03375 0.11625
0 0.74625 0.10125 0.02375 0.08375
0 0.77625 0.10125 0.02125 0.07875
0 0.84875 0.10875 0.0525 0.06625
0 0.73875 0.20125 0.02 0.0775
0 0.77125 0.20375 0.02625 0.0725
0 0.79625 0.20375 0.01875 0.0725
0 0.82 0.20625 0.0225 0.06625
0 0.85 0.20875 0.0275 0.0625
0 0.64625 0.26125 0.03125 0.07875
0 0.6125 0.26125 0.03125 0.08
0 0.58 0.25875 0.03125 0.085
0 0.4775 0.26 0.02875 0.0825
0 0.42125 0.10125 0.03375 0.1125
0 0.41125 0.36875 0.03 0.07625
0 0.3475 0.365 0.0325 0.0775
0 0.5575 0.7475 0.02625 0.06875
0 0.58625 0.74875 0.02625 0.07
0 0.61625 0.74875 0.03125 0.07125
0 0.6975 0.7625 0.025 0.06625
0 0.725 0.76375 0.03125 0.06875
0 0.7575 0.76375 0.02875 0.06625
0 0.785 0.76625 0.02625 0.07
0 0.81375 0.765 0.02625 0.06625
0 0.84625 0.76375 0.0275 0.06875
0 0.8675 0.7675 0.01375 0.075
0 0.855 0.855 0.0225 0.05875
0 0.82125 0.8575 0.03 0.06
0 0.6975 0.85125 0.025 0.0575
0 0.73125 0.85375 0.02875 0.05125
0 0.76 0.85375 0.0275 0.04875
0 0.79125 0.87375 0.025 0.03
0 0.5825 0.855 0.0275 0.05
0 0.52875 0.7475 0.025 0.07125
0 0.38 0.36875 0.02875 0.07625
0 0.5 0.7475 0.02875 0.0725
0 0.43875 0.74625 0.02625 0.07125
0 0.24875 0.3675 0.0325 0.1075
0 0.21375 0.3675 0.0325 0.1075
0 0.17625 0.3675 0.04 0.105
0 0.14125 0.3625 0.02875 0.10625
0 0.865 0.4225 0.02 0.07125
0 0.83625 0.42125 0.025 0.07375
0 0.7625 0.64625 0.025 0.06625
0 0.79 0.64875 0.0275 0.06875
0 0.82375 0.6475 0.0275 0.06875
0 0.85375 0.645 0.02875 0.08125
0 0.2725 0.7225 0.03375 0.08375
0 0.23625 0.72 0.03375 0.0825
0 0.2025 0.72125 0.035 0.07875
0 0.17 0.72 0.02875 0.07625
0 0.13875 0.71875 0.02625 0.085
0 0.355 0.74625 0.03 0.06625
0 0.385 0.74625 0.025 0.07125
0 0.46875 0.7475 0.02875 0.07125
0 0.34 0.1075 0.0425 0.10125
0 0.3825 0.1075 0.0375 0.10375
0 0.19375 0.11125 0.03625 0.08875
0 0.6 0.46875 0.03 0.07
0 0.5675 0.46875 0.03 0.07375
0 0.535 0.49125 0.02875 0.0275
0 0.505 0.4675 0.02625 0.07125
0 0.4725 0.46875 0.03375 0.07375
0 0.4425 0.46375 0.02 0.08125
0 0.41375 0.47125 0.03 0.06625
0 0.38 0.4625 0.03 0.0825
0 0.34875 0.4625 0.03125 0.07625
0 0.26 0.49875 0.03 0.075
0 0.22875 0.5 0.03125 0.07125
0 0.63125 0.47125 0.02875 0.06875
0 0.19125 0.4875 0.03375 0.095
0 0.23375 0.11125 0.03625 0.09
0 0.2225 0.6075 0.03625 0.11
0 0.265 0.60875 0.0325 0.1075
0 0.41625 0.56375 0.03 0.06875
0 0.4475 0.56875 0.025 0.07375
0 0.48 0.56625 0.0275 0.06625
0 0.51125 0.56875 0.02625 0.075
0 0.54125 0.5675 0.0275 0.06875
0 0.57125 0.56625 0.02625 0.0625
0 0.79 0.53625 0.0275 0.08
0 0.6125 0.85625 0.025 0.05
0 0.155 0.48625 0.035 0.0975
0 0.72125 0.42125 0.01875 0.07375
0 0.18375 0.60875 0.03375 0.10375
0 0.77875 0.42125 0.02125 0.07
0 0.7475 0.42125 0.0225 0.07375
0 0.15625 0.1075 0.03 0.09125
0 0.7325 0.645 0.0275 0.0725
0 0.70625 0.645 0.02375 0.07
0 0.3525 0.65875 0.03125 0.06625
0 0.43875 0.65875 0.0325 0.0725
0 0.4725 0.66 0.03125 0.0675
0 0.50125 0.66 0.02375 0.0675
0 0.53125 0.65875 0.02875 0.065
0 0.5625 0.66125 0.02875 0.07
0 0.5925 0.66125 0.03 0.0675
0 0.62125 0.66375 0.02625 0.07125
0 0.3875 0.66 0.03375 0.06625
0 0.4975 0.85125 0.02625 0.0525
0 0.80625 0.4225 0.02375 0.07
0 0.52875 0.85125 0.02875 0.0525
0 0.275 0.805 0.02875 0.0475
0 0.16 0.825 0.03625 0.085
0 0.23 0.82625 0.035 0.09625
0 0.19625 0.82625 0.035 0.08875
0 0.35625 0.84875 0.0275 0.0525
0 0.38625 0.85 0.0275 0.05125
0 0.4425 0.85125 0.03125 0.05125
0 0.47125 0.8525 0.02375 0.05