0 0.6325 0.2875 0.0425 0.0925
0 0.6775 0.29 0.045 0.08125
0 0.725 0.29375 0.045 0.0825
0 0.825 0.3025 0.05875 0.06875
0 0.17125 0.395 0.04625 0.08
0 0.225 0.39875 0.055 0.07
0 0.2725 0.40125 0.0375 0.07625
0 0.315 0.40375 0.04375 0.07875
0 0.36 0.40375 0.04125 0.08
0 0.77 0.295 0.04125 0.08
0 0.7225 0.41875 0.0425 0.0675
0 0.44375 0.40875 0.03875 0.0725
0 0.52 0.40625 0.04 0.0725
0 0.56375 0.41125 0.04625 0.07375
0 0.63875 0.40625 0.04375 0.085
0 0.6825 0.41625 0.03625 0.07
0 0.76375 0.41625 0.03625 0.07625
0 0.82 0.36625 0.06 0.0525
0 0.1525 0.5025 0.055 0.08875
0 0.2025 0.505 0.045 0.0875
0 0.26625 0.50375 0.04125 0.07625
0 0.31 0.5075 0.045 0.08125
0 0.5775 0.29 0.04625 0.08125
0 0.4025 0.40875 0.04125 0.07375
0 0.52375 0.29 0.04375 0.07875
0 0.4025 0.19375 0.02875 0.035
0 0.41875 0.29375 0.045 0.06625
0 0.63875 0.045 0.02875 0.0725
0 0.6675 0.0475 0.02875 0.07
0 0.70875 0.035 0.04625 0.0275
0 0.71 0.06875 0.0475 0.03125
0 0.76 0.04625 0.04875 0.08875
0 0.82125 0.05625 0.06 0.07125
0 0.17625 0.16 0.04 0.08625
0 0.21875 0.1625 0.04 0.085
0 0.26 0.1625 0.0375 0.0875
0 0.3025 0.16625 0.045 0.0825
0 0.34375 0.175 0.0275 0.06875
0 0.37125 0.17875 0.02625 0.0625
0 0.4725 0.50625 0.06 0.09875
0 0.4325 0.19625 0.0275 0.035
0 0.4675 0.18375 0.0275 0.065
0 0.49625 0.185 0.02875 0.06625
0 0.54625 0.18125 0.06125 0.075
0 0.60375 0.2075 0.05125 0.02875
0 0.67 0.205 0.075 0.03375
0 0.74 0.1625 0.0575 0.125
0 0.8325 0.1725 0.05875 0.11
0 0.22 0.27625 0.03375 0.08125
0 0.2625 0.28375 0.045 0.0725
0 0.32125 0.2725 0.055 0.10125
0 0.37375 0.29125 0.04125 0.06875
0 0.47 0.28125 0.0525 0.09875
0 0.54 0.50875 0.06375 0.0925
0 0.66375 0.59375 0.03625 0.04375
0 0.66875 0.50875 0.045 0.08875
0 0.60875 0.7075 0.0375 0.05125
0 0.5875 0.02875 0.055 0.03625
0 0.7375 0.71125 0.03875 0.04875
0 0.15875 0.8025 0.0375 0.08125
0 0.21125 0.80375 0.03875 0.0775
0 0.2425 0.7925 0.02125 0.07125
0 0.2725 0.8075 0.03625 0.07375
0 0.39125 0.7925 0.04625 0.09375
0 0.44 0.78375 0.0275 0.0725
0 0.47875 0.7925 0.0475 0.09125
0 0.5625 0.78625 0.04625 0.07125
0 0.56625 0.69625 0.04125 0.03
0 0.615 0.81125 0.05375 0.08125
0 0.7175 0.77375 0.045 0.04875
0 0.765 0.8 0.0425 0.0625
0 0.81875 0.81625 0.04375 0.06875
0 0.1525 0.0325 0.0425 0.0625
0 0.26 0.03375 0.0525 0.06125
0 0.5275 0.04375 0.05375 0.06625
0 0.4825 0.03875 0.03125 0.06875
0 0.4425 0.0375 0.0425 0.07125
0 0.31375 0.03625 0.0475 0.06
0 0.4025 0.0425 0.03375 0.05875
0 0.3625 0.03625 0.04125 0.0675
0 0.67125 0.7825 0.04375 0.0625
0 0.6125 0.5075 0.0625 0.0925
0 0.51875 0.71625 0.04 0.03
0 0.4325 0.68 0.03875 0.0175
0 0.7325 0.51375 0.07625 0.095
0 0.83625 0.46125 0.06625 0.08875
0 0.81 0.55125 0.07125 0.08125
0 0.17125 0.62 0.035 0.06
0 0.13875 0.62125 0.0275 0.06125
0 0.22125 0.62 0.04875 0.0575
0 0.27375 0.6175 0.055 0.0675
0 0.3275 0.61875 0.04625 0.0675
0 0.42625 0.62125 0.045 0.06125
0 0.48 0.62125 0.04 0.065
0 0.535 0.6225 0.0375 0.0675
0 0.47625 0.715 0.04 0.03375
0 0.58125 0.62625 0.0375 0.07125
0 0.70375 0.6375 0.03625 0.0475
0 0.7425 0.64125 0.04375 0.04375
0 0.665 0.64 0.0325 0.04375
0 0.79125 0.68375 0.04625 0.0675
0 0.84375 0.685 0.055 0.07125
0 0.15375 0.70125 0.035 0.05375
0 0.195 0.70375 0.03875 0.05125
0 0.24125 0.7025 0.03625 0.05125
0 0.28 0.7025 0.035 0.05375
0 0.32125 0.71375 0.04125 0.0325
0 0.425 0.7125 0.04125 0.03
0 0.62125 0.63375 0.035 0.05
0 0.56625 0.72375 0.03875 0.02
0 0.695 0.7125 0.045 0.05125
0 0.58875 0.06625 0.055 0.03125