0 0.22625 0.16 0.0375 0.1775
0 0.18375 0.1475 0.04125 0.18375
0 0.14375 0.1325 0.035 0.18875
0 0.54875 0.815 0.01875 0.07125
0 0.61 0.79875 0.015 0.06875
0 0.59375 0.805 0.01375 0.07
0 0.57375 0.81125 0.0225 0.065
0 0.52625 0.825 0.02375 0.08
0 0.63 0.795 0.01875 0.07
0 0.3125 0.3675 0.0175 0.12875
0 0.64 0.67375 0.025 0.05875
0 0.335 0.775 0.0225 0.035
0 0.33875 0.81875 0.02375 0.03625
0 0.33625 0.73375 0.0325 0.0325
0 0.55 0.43625 0.01875 0.07
0 0.57375 0.43625 0.01875 0.0675
0 0.59375 0.43625 0.01625 0.06375
0 0.615 0.43625 0.01875 0.0625
0 0.6375 0.435 0.02 0.0625
0 0.66125 0.435 0.0225 0.065
0 0.26375 0.17625 0.03375 0.15625
0 0.54 0.5675 0.01875 0.07
0 0.585 0.5625 0.0175 0.06625
0 0.605 0.5625 0.01875 0.06625
0 0.62625 0.55875 0.02125 0.0625
0 0.65 0.5575 0.02125 0.06375
0 0.5325 0.69125 0.02 0.0675
0 0.55375 0.6875 0.02 0.0625
0 0.575 0.68375 0.02 0.0625
0 0.59625 0.68 0.02 0.06375
0 0.61875 0.6775 0.0175 0.06
0 0.565 0.56625 0.02 0.06625
0 0.29625 0.1875 0.03 0.15
0 0.47375 0.245 0.01 0.0875
0 0.35 0.20875 0.02125 0.1325
0 0.29125 0.66875 0.0275 0.04125
0 0.25625 0.68625 0.03125 0.04375
0 0.21625 0.71125 0.0325 0.0375
0 0.32625 0.20125 0.02375 0.14375
0 0.35125 0.595 0.025 0.03125
0 0.32375 0.60625 0.0275 0.0425
0 0.29125 0.6225 0.035 0.04375
0 0.255 0.64 0.03375 0.03875
0 0.21375 0.66 0.04 0.06125
0 0.16875 0.6775 0.04 0.04625
0 0.32 0.52 0.04375 0.07625
0 0.23 0.54375 0.05 0.0775
0 0.16875 0.565 0.07 0.09125
0 0.39375 0.3675 0.03125 0.11
0 0.35 0.3675 0.035 0.115
0 0.3225 0.65 0.02625 0.04
0 0.35125 0.63375 0.02625 0.03875
0 0.1725 0.7325 0.0375 0.0475
0 0.2375 0.85125 0.03375 0.03875
0 0.37625 0.21625 0.025 0.12625
0 0.39875 0.225 0.01875 0.1225
0 0.19625 0.88625 0.04625 0.05
0 0.4375 0.235 0.01875 0.11
0 0.4575 0.24 0.0175 0.0975
0 0.23625 0.365 0.03375 0.1475
0 0.31 0.84375 0.0225 0.03625
0 0.4175 0.23 0.015 0.1125
0 0.29125 0.3675 0.0225 0.1375
0 0.30875 0.8 0.02375 0.03625
0 0.3025 0.7575 0.03 0.04
0 0.27625 0.87375 0.02875 0.045
0 0.2425 0.90375 0.03625 0.0425
0 0.19875 0.94125 0.035 0.0375
0 0.2775 0.82 0.03875 0.04125
0 0.265 0.3675 0.02375 0.13875