0 0.4825 0.5575 0.035 0.04875
0 0.7975 0.61875 0.0325 0.08875
0 0.83 0.62125 0.025 0.0775
0 0.86125 0.63125 0.0275 0.07
0 0.69625 0.37875 0.02625 0.06125
0 0.6625 0.39875 0.0325 0.03125
0 0.61375 0.38 0.02375 0.05875
0 0.34625 0.7525 0.015 0.075
0 0.75625 0.6025 0.01875 0.07375
0 0.57625 0.38125 0.025 0.05875
0 0.54375 0.3825 0.025 0.05625
0 0.51 0.3825 0.03 0.05875
0 0.5875 0.28125 0.05 0.05875
0 0.635 0.2925 0.04125 0.03875
0 0.36625 0.77625 0.01875 0.08
0 0.725 0.62875 0.035 0.06875
0 0.39375 0.7325 0.0175 0.05625
0 0.48 0.38375 0.02375 0.05625
0 0.4125 0.73 0.0125 0.055
0 0.6675 0.5625 0.02125 0.04875
0 0.63875 0.5625 0.0275 0.05625
0 0.60875 0.57125 0.02375 0.04125
0 0.58 0.54875 0.01375 0.03
0 0.5625 0.5575 0.01625 0.04
0 0.54 0.5675 0.02125 0.04
0 0.51625 0.57375 0.0225 0.04125
0 0.44625 0.55125 0.03125 0.0325
0 0.4075 0.56875 0.03375 0.03625
0 0.4275 0.7675 0.015 0.0775
0 0.44875 0.765 0.0175 0.0875
0 0.2725 0.15125 0.025 0.08125
0 0.70125 0.56 0.025 0.05
0 0.45125 0.38125 0.0275 0.06125
0 0.38375 0.3825 0.025 0.05375
0 0.24375 0.1675 0.0175 0.0675
0 0.26875 0.715 0.01 0.025
0 0.5275 0.48375 0.03375 0.04875
0 0.48375 0.4825 0.04 0.0575
0 0.43875 0.48375 0.0325 0.04125
0 0.3875 0.4825 0.02375 0.04875
0 0.3575 0.47875 0.03 0.05
0 0.2775 0.77375 0.02 0.085
0 0.305 0.7625 0.0175 0.07875
0 0.33 0.73375 0.0125 0.05875
0 0.31125 0.4825 0.04 0.05875
0 0.32375 0.44125 0.04 0.015
0 0.25875 0.48375 0.04625 0.0475
0 0.25125 0.3825 0.0275 0.05875
0 0.28625 0.385 0.025 0.05875
0 0.415 0.38375 0.02875 0.06125
0 0.31875 0.3825 0.02125 0.055
0 0.82375 0.1675 0.02 0.06
0 0.79375 0.16125 0.03125 0.07
0 0.865 0.265 0.01625 0.055
0 0.845 0.26125 0.02 0.05375
0 0.8225 0.26125 0.02 0.055
0 0.79625 0.2625 0.01625 0.05375
0 0.7725 0.26 0.02 0.05625
0 0.74625 0.26125 0.0225 0.05875
0 0.86375 0.355 0.01875 0.0725
0 0.8325 0.36375 0.0325 0.06375
0 0.78 0.365 0.02625 0.0375
0 0.74 0.37375 0.04125 0.05375
0 0.69 0.285 0.04875 0.04625
0 0.3475 0.38375 0.03125 0.05875
0 0.84625 0.1725 0.0175 0.05375
0 0.4275 0.1675 0.03 0.065
0 0.3725 0.16875 0.02875 0.065
0 0.85125 0.71875 0.02625 0.0475
0 0.49375 0.76375 0.02125 0.08
0 0.4725 0.76375 0.0175 0.08875
0 0.77 0.7575 0.035 0.105
0 0.815 0.75625 0.0425 0.1025
0 0.8575 0.78125 0.03375 0.0575
0 0.4925 0.17375 0.02625 0.05625
0 0.595 0.6275 0.03125 0.01875
0 0.61875 0.65875 0.015 0.0325
0 0.635 0.66125 0.0125 0.03875
0 0.65 0.66125 0.01125 0.03
0 0.6675 0.65625 0.01625 0.03375
0 0.6025 0.65875 0.0125 0.0375
0 0.58625 0.66 0.0125 0.03375
0 0.55875 0.6625 0.02125 0.03125
0 0.49 0.65125 0.0275 0.035
0 0.5225 0.75375 0.02375 0.09
0 0.43 0.66375 0.015 0.03875
0 0.56875 0.47875 0.0375 0.055
0 0.6525 0.4825 0.03625 0.05375
0 0.54625 0.74 0.02 0.06375
0 0.5425 0.285 0.0225 0.055
0 0.51375 0.28125 0.02375 0.0575
0 0.485 0.28125 0.02625 0.0625
0 0.455 0.28125 0.025 0.06125
0 0.42875 0.28 0.025 0.06125
0 0.39875 0.28125 0.0225 0.0625
0 0.37375 0.28375 0.02125 0.055
0 0.32625 0.28125 0.04125 0.0625
0 0.85375 0.49875 0.035 0.09625
0 0.80625 0.49125 0.03625 0.1
0 0.75375 0.48625 0.02125 0.0675
0 0.635 0.74 0.035 0.07125
0 0.73 0.48375 0.01875 0.08875
0 0.69625 0.4825 0.0375 0.06
0 0.6075 0.485 0.03375 0.045
0 0.5725 0.765 0.02125 0.06875
0 0.59875 0.7325 0.02875 0.05375
0 0.26625 0.6525 0.02125 0.0325
0 0.6725 0.73875 0.0325 0.0675
0 0.635 0.16375 0.0425 0.0725
0 0.7175 0.16125 0.03375 0.07375
0 0.37 0.565 0.03 0.04875
0 0.34375 0.555 0.02 0.03375
0 0.3125 0.56125 0.025 0.03125
0 0.25875 0.57125 0.0375 0.04625
0 0.71875 0.745 0.0375 0.08125
0 0.31625 0.62625 0.01125 0.0175
0 0.55625 0.17 0.02875 0.06125
0 0.315 0.66375 0.015 0.02375
0 0.33375 0.65875 0.01625 0.03125
0 0.35 0.6575 0.01375 0.02625
0 0.3675 0.655 0.01375 0.03
0 0.38875 0.6525 0.02 0.0325
0 0.41125 0.66375 0.01375 0.035
0 0.75625 0.16375 0.03 0.0675
0 0.52375 0.1725 0.025 0.0575
0 0.3 0.6325 0.015 0.02875