0 0.355 0.78 0.05875 0.0925
0 0.30375 0.68625 0.0575 0.06875
0 0.25625 0.65875 0.02875 0.05625
0 0.18375 0.68125 0.0425 0.09625
0 0.1425 0.685 0.035 0.09125
0 0.44125 0.57 0.04375 0.07125
0 0.3725 0.575 0.03875 0.07875
0 0.32625 0.5725 0.04375 0.07875
0 0.26125 0.58 0.04625 0.08375
0 0.21625 0.57375 0.03625 0.07625
0 0.1475 0.585 0.035 0.06625
0 0.43125 0.47125 0.0425 0.08375
0 0.37875 0.47625 0.045 0.07375
0 0.3125 0.47625 0.05 0.0875
0 0.24875 0.47625 0.04625 0.08125
0 0.2 0.4725 0.04875 0.07625
0 0.14875 0.47875 0.0425 0.0675
0 0.43125 0.385 0.0425 0.06375
0 0.35875 0.6775 0.04 0.07625
0 0.29375 0.7675 0.04 0.08
0 0.4025 0.68375 0.04125 0.08
0 0.16875 0.785 0.035 0.08625
0 0.37625 0.855 0.0575 0.0475
0 0.84875 0.7275 0.0375 0.0775
0 0.49125 0.8525 0.0325 0.0825
0 0.52125 0.85625 0.01875 0.08125
0 0.5525 0.86 0.03375 0.07625
0 0.5925 0.865 0.025 0.06
0 0.23625 0.7775 0.05 0.085
0 0.64875 0.865 0.02375 0.06375
0 0.67375 0.86375 0.02 0.065
0 0.69875 0.86125 0.025 0.0675
0 0.72625 0.86625 0.02875 0.05625
0 0.76125 0.8525 0.025 0.0925
0 0.79625 0.86 0.03375 0.07375
0 0.83 0.86375 0.02625 0.06625
0 0.86125 0.85625 0.0275 0.08375
0 0.76 0.3575 0.02375 0.075
0 0.1325 0.77875 0.015 0.085
0 0.45 0.675 0.03625 0.0825
0 0.62 0.86375 0.02875 0.06625
0 0.6975 0.36 0.02375 0.07875
0 0.81125 0.72375 0.0325 0.07375
0 0.73 0.48 0.03625 0.085
0 0.7 0.47125 0.02 0.0975
0 0.67625 0.47375 0.025 0.0975
0 0.36625 0.3875 0.05375 0.06125
0 0.6475 0.475 0.0275 0.095
0 0.61875 0.47875 0.03 0.08875
0 0.58625 0.47625 0.0275 0.0875
0 0.56125 0.475 0.0175 0.085
0 0.5375 0.4725 0.02375 0.08625
0 0.49875 0.47625 0.0325 0.08875
0 0.86875 0.35 0.01125 0.09125
0 0.84875 0.35 0.02625 0.0925
0 0.82375 0.35 0.0225 0.0925
0 0.795 0.35 0.03 0.09125
0 0.71875 0.21125 0.025 0.11125
0 0.74625 0.215 0.02625 0.0975
0 0.77625 0.21625 0.02875 0.0975
0 0.805 0.21875 0.0275 0.09375
0 0.83375 0.2125 0.02875 0.10125
0 0.865 0.21125 0.01875 0.09625
0 0.49125 0.36375 0.04125 0.07375
0 0.5425 0.36875 0.05125 0.05625
0 0.59125 0.3425 0.03125 0.01875
0 0.59125 0.37625 0.03 0.04375
0 0.6275 0.35625 0.03625 0.0825
0 0.66125 0.3725 0.0175 0.04875
0 0.67875 0.37 0.0125 0.0575
0 0.77125 0.48625 0.04125 0.07375
0 0.72375 0.38875 0.02875 0.0175
0 0.81125 0.49 0.03375 0.06375
0 0.49375 0.5975 0.045 0.09375
0 0.77 0.7225 0.03125 0.07375
0 0.7325 0.7275 0.03625 0.07875
0 0.695 0.7175 0.0375 0.07625
0 0.655 0.72375 0.0375 0.07
0 0.615 0.7225 0.035 0.07625
0 0.58 0.74375 0.0275 0.0275
0 0.54375 0.72625 0.04 0.0775
0 0.50125 0.72625 0.03875 0.075
0 0.86875 0.595 0.0125 0.075
0 0.8425 0.59 0.03375 0.07125
0 0.81 0.5875 0.0275 0.0725
0 0.75875 0.5825 0.03 0.07
0 0.6975 0.5925 0.03 0.08875
0 0.66375 0.5875 0.03 0.0875
0 0.63875 0.59 0.0175 0.08
0 0.44 0.77375 0.06 0.08375
0 0.435 0.8425 0.05375 0.03625
0 0.4925 0.2175 0.02875 0.10875
0 0.51875 0.22125 0.02 0.1
0 0.5475 0.21875 0.03125 0.09375
0 0.58 0.2175 0.0325 0.09375
0 0.6125 0.21875 0.02625 0.0975
0 0.645 0.215 0.03 0.10375
0 0.6775 0.215 0.02625 0.1025
0 0.6025 0.59625 0.04625 0.09125
0 0.565 0.59625 0.02375 0.08875
0 0.53375 0.59625 0.02875 0.095
0 0.84375 0.4925 0.025 0.05125
0 0.3075 0.38875 0.04875 0.0575
0 0.38875 0.09125 0.04625 0.1
0 0.195 0.3925 0.04375 0.06
0 0.1425 0.2 0.02875 0.065
0 0.8375 0.09375 0.0425 0.07125
0 0.7975 0.0875 0.0325 0.085
0 0.73875 0.115 0.01375 0.03125
0 0.75875 0.115 0.01875 0.03
0 0.71625 0.09125 0.0275 0.07875
0 0.6875 0.095 0.025 0.07125
0 0.19625 0.21 0.04625 0.05875
0 0.65375 0.11875 0.0375 0.025
0 0.6025 0.1075 0.025 0.05125
0 0.57625 0.10625 0.0225 0.055
0 0.55 0.10625 0.02625 0.05375
0 0.19 0.07875 0.0525 0.0975
0 0.2625 0.09375 0.0525 0.09625
0 0.32125 0.1 0.05 0.095
0 0.52 0.09875 0.03125 0.07
0 0.625 0.10375 0.0175 0.055
0 0.44 0.0875 0.04875 0.1
0 0.48375 0.095 0.0325 0.07875
0 0.24625 0.2 0.04375 0.0625
0 0.14625 0.39 0.03875 0.0575
0 0.42625 0.295 0.055 0.065
0 0.36625 0.30125 0.05125 0.0625
0 0.31 0.3 0.0525 0.06125
0 0.2525 0.2975 0.04625 0.06375
0 0.2475 0.39 0.06 0.055
0 0.19625 0.29125 0.0525 0.06875
0 0.14 0.2975 0.03 0.06875
0 0.43375 0.20625 0.04625 0.05875
0 0.36 0.2 0.055 0.0625
0 0.29875 0.2025 0.05125 0.0625