0 0.63 0.1275 0.0175 0.06375
0 0.2625 0.2825 0.04 0.1025
0 0.66625 0.10875 0.03 0.0825
0 0.6075 0.11625 0.02625 0.10375
0 0.70375 0.115 0.0425 0.07875
0 0.23 0.27625 0.0225 0.1
0 0.80375 0.11625 0.04375 0.085
0 0.85625 0.095 0.03625 0.125
0 0.19875 0.29875 0.03375 0.065
0 0.57875 0.11125 0.02875 0.095
0 0.76375 0.13375 0.0425 0.05875
0 0.54625 0.11875 0.03625 0.0975
0 0.2 0.13 0.0225 0.0975
0 0.475 0.13 0.035 0.08125
0 0.44375 0.13 0.025 0.08125
0 0.42 0.13125 0.02125 0.0775
0 0.40125 0.14 0.0175 0.07
0 0.37375 0.13 0.03625 0.08875
0 0.3425 0.13 0.0225 0.08375
0 0.30125 0.1275 0.0575 0.0875
0 0.26125 0.1325 0.02125 0.09
0 0.23 0.1325 0.04 0.10625
0 0.175 0.135 0.04 0.10375
0 0.29625 0.27875 0.0275 0.0925
0 0.51 0.12125 0.035 0.10125
0 0.34125 0.305 0.045 0.06
0 0.3975 0.4225 0.04375 0.08375
0 0.44125 0.29875 0.0425 0.05375
0 0.34 0.8225 0.0425 0.09875
0 0.2925 0.83625 0.0225 0.08125
0 0.8475 0.65 0.0275 0.0625
0 0.8125 0.68 0.04125 0.06
0 0.7225 0.68125 0.04125 0.0725
0 0.68125 0.67875 0.03875 0.0825
0 0.63625 0.68875 0.04 0.07125
0 0.5975 0.685 0.03625 0.085
0 0.5575 0.68125 0.02875 0.0925
0 0.52625 0.70375 0.03375 0.05375
0 0.49 0.67875 0.03 0.0925
0 0.455 0.68375 0.0325 0.0875
0 0.42125 0.685 0.02375 0.08625
0 0.395 0.68125 0.02375 0.08375
0 0.37125 0.6775 0.0225 0.0675
0 0.32375 0.69 0.02125 0.08375
0 0.29875 0.69375 0.0275 0.07875
0 0.27375 0.70125 0.01875 0.09
0 0.24875 0.7 0.025 0.095
0 0.85625 0.56125 0.02875 0.05875
0 0.8275 0.55625 0.0275 0.075
0 0.40375 0.82 0.05625 0.1125
0 0.80125 0.55625 0.0175 0.075
0 0.455 0.8075 0.03125 0.08875
0 0.56875 0.81125 0.0475 0.12375
0 0.84875 0.86375 0.0525 0.01625
0 0.84625 0.8475 0.04625 0.0125
0 0.84125 0.82125 0.04125 0.0125
0 0.8475 0.805 0.0475 0.0125
0 0.84375 0.79125 0.04625 0.0125
0 0.84 0.77 0.04875 0.00875
0 0.8275 0.75 0.0475 0.015
0 0.77875 0.82875 0.03 0.0125
0 0.7725 0.8175 0.03625 0.01
0 0.77625 0.8075 0.0475 0.0125
0 0.775 0.7925 0.04625 0.015
0 0.7225 0.785 0.045 0.02125
0 0.73875 0.8275 0.0425 0.01625
0 0.67 0.83875 0.03375 0.0125
0 0.67 0.8225 0.0325 0.01
0 0.66875 0.815 0.03625 0.0075
0 0.67 0.80375 0.0375 0.01
0 0.67 0.79125 0.03375 0.0125
0 0.66875 0.77875 0.04 0.0125
0 0.665 0.7625 0.035 0.01375
0 0.62125 0.80625 0.05375 0.1275
0 0.51875 0.82875 0.0475 0.11125
0 0.7675 0.56 0.04125 0.0825
0 0.72125 0.57125 0.03625 0.05125
0 0.68875 0.57875 0.0225 0.0575
0 0.5825 0.42375 0.03375 0.07875
0 0.555 0.41625 0.0225 0.095
0 0.5325 0.41875 0.02 0.09375
0 0.51125 0.4175 0.0225 0.0925
0 0.48625 0.41875 0.02625 0.0975
0 0.4525 0.42375 0.03 0.0875
0 0.3575 0.42625 0.03625 0.07625
0 0.32625 0.4275 0.025 0.075
0 0.29 0.435 0.0425 0.09625
0 0.2525 0.42875 0.025 0.0825
0 0.22 0.43375 0.03375 0.0875
0 0.7975 0.2725 0.02875 0.07875
0 0.76875 0.2775 0.0275 0.07375
0 0.73875 0.27125 0.03875 0.08875
0 0.7075 0.275 0.02 0.08375
0 0.68 0.2775 0.025 0.08625
0 0.6525 0.2775 0.03125 0.09375
0 0.62 0.27375 0.03875 0.0875
0 0.585 0.28125 0.035 0.095
0 0.525 0.27875 0.03375 0.095
0 0.48625 0.2975 0.04125 0.0575
0 0.61625 0.4175 0.0325 0.09
0 0.65 0.41625 0.0325 0.08875
0 0.6775 0.4175 0.02625 0.0825
0 0.70375 0.41875 0.02625 0.08875
0 0.66125 0.56125 0.03625 0.09
0 0.635 0.5625 0.0175 0.0925
0 0.615 0.56375 0.02125 0.09125
0 0.59125 0.56625 0.025 0.085
0 0.5675 0.56625 0.02375 0.0775
0 0.54125 0.56625 0.02375 0.08625
0 0.5175 0.55875 0.0275 0.0925
0 0.49375 0.58375 0.01875 0.0725
0 0.46875 0.5775 0.02625 0.08125
0 0.43625 0.5725 0.0225 0.09
0 0.39125 0.305 0.05125 0.0575
0 0.40625 0.57 0.035 0.095
0 0.3625 0.565 0.01875 0.09375
0 0.34 0.56875 0.025 0.09
0 0.30875 0.5675 0.02875 0.0925
0 0.27375 0.59375 0.02875 0.06375
0 0.24 0.5975 0.0375 0.065
0 0.86375 0.4025 0.0225 0.0875
0 0.84 0.40875 0.02375 0.07625
0 0.8075 0.4125 0.03625 0.07625
0 0.775 0.4175 0.02625 0.0875
0 0.73875 0.4175 0.04 0.075
0 0.38125 0.56125 0.01625 0.1025
0 0.765 0.685 0.035 0.06125
0 0.8475 0.24375 0.05375 0.1175