0 0.4625 0.31125 0.045 0.09375
0 0.15375 0.41625 0.045 0.08
0 0.50875 0.31875 0.04125 0.07875
0 0.5525 0.31875 0.0375 0.08
0 0.5925 0.32125 0.0375 0.08
0 0.6375 0.31 0.045 0.1025
0 0.68375 0.32375 0.0375 0.0775
0 0.72375 0.32375 0.0375 0.07875
0 0.765 0.32375 0.04125 0.07875
0 0.85875 0.3275 0.03125 0.0725
0 0.80875 0.3125 0.0425 0.09875
0 0.22875 0.31 0.045 0.085
0 0.38 0.265 0.03875 0.0175
0 0.31 0.6475 0.02375 0.075
0 0.28375 0.645 0.02375 0.075
0 0.25875 0.64625 0.02375 0.07375
0 0.2325 0.64625 0.02375 0.075
0 0.20625 0.645 0.02375 0.075
0 0.1775 0.6425 0.02625 0.075
0 0.86 0.54125 0.025 0.07875
0 0.41625 0.31875 0.04 0.07625
0 0.81625 0.535 0.05625 0.09875
0 0.13875 0.295 0.0275 0.11125
0 0.1775 0.295 0.04625 0.11125
0 0.72625 0.20125 0.03875 0.07875
0 0.205 0.42 0.045 0.08
0 0.27375 0.3125 0.04 0.08
0 0.3225 0.30125 0.04875 0.10875
0 0.37125 0.31625 0.0425 0.0825
0 0.765 0.53875 0.04 0.0825
0 0.25875 0.41125 0.05125 0.0925
0 0.29875 0.52875 0.04625 0.08625
0 0.35 0.425 0.04 0.07375
0 0.6125 0.535 0.05125 0.08875
0 0.66 0.5375 0.04125 0.08125
0 0.71375 0.53625 0.05875 0.0875
0 0.14 0.01 0.02875 0.01875
0 0.1825 0.0575 0.045 0.03
0 0.2225 0.04375 0.03125 0.05875
0 0.255 0.0525 0.02625 0.04625
0 0.56125 0.535 0.03875 0.08625
0 0.255 0.01375 0.0275 0.02625
0 0.32 0.03875 0.02625 0.0775
0 0.34875 0.03875 0.02625 0.0775
0 0.37625 0.04 0.0275 0.075
0 0.41125 0.05 0.03625 0.0625
0 0.4475 0.04125 0.0275 0.08125
0 0.47625 0.05625 0.025 0.05
0 0.34125 0.63875 0.03375 0.08375
0 0.2875 0.03875 0.03375 0.07125
0 0.505 0.53 0.06125 0.095
0 0.45125 0.535 0.04 0.0825
0 0.38875 0.5325 0.0425 0.085
0 0.14 0.05875 0.03 0.02125
0 0.14 0.035 0.02875 0.02375
0 0.3925 0.42875 0.035 0.06875
0 0.4325 0.4275 0.03875 0.07375
0 0.47625 0.4275 0.03875 0.07375
0 0.51625 0.42875 0.03875 0.07375
0 0.55625 0.43125 0.03875 0.06875
0 0.59625 0.43 0.0375 0.06875
0 0.63875 0.43375 0.0375 0.06875
0 0.68125 0.4325 0.0375 0.06875
0 0.73 0.4325 0.05375 0.0725
0 0.77625 0.43375 0.03375 0.07125
0 0.82125 0.4325 0.05 0.07375
0 0.8625 0.43625 0.025 0.0725
0 0.1575 0.52375 0.04125 0.09375
0 0.24375 0.52625 0.0575 0.09625
0 0.3475 0.52125 0.03375 0.0775
0 0.3075 0.42375 0.04 0.07375
0 0.37625 0.64 0.03125 0.08375
0 0.61875 0.8425 0.02625 0.0625
0 0.435 0.6475 0.025 0.08
0 0.3075 0.1875 0.04625 0.07875
0 0.36 0.175 0.045 0.1125
0 0.40125 0.19125 0.035 0.08
0 0.4425 0.1925 0.04125 0.085
0 0.48625 0.1925 0.04125 0.085
0 0.53875 0.18625 0.05 0.10125
0 0.25 0.17125 0.04875 0.11125
0 0.59 0.19625 0.03875 0.08375
0 0.67625 0.19375 0.0425 0.09125
0 0.86125 0.8075 0.02625 0.03875
0 0.83375 0.80625 0.0175 0.04
0 0.80875 0.81375 0.02875 0.055
0 0.765 0.83125 0.0325 0.085
0 0.7375 0.82375 0.0225 0.0725
0 0.6325 0.1975 0.03875 0.08375
0 0.13625 0.19125 0.02125 0.06625
0 0.17625 0.16625 0.05625 0.11625
0 0.8625 0.05375 0.025 0.08375
0 0.4775 0.015 0.0275 0.03
0 0.4075 0.645 0.025 0.08
0 0.5175 0.0425 0.04625 0.0275
0 0.55625 0.04625 0.025 0.07125
0 0.5925 0.07625 0.04125 0.01375
0 0.5925 0.05625 0.04125 0.0225
0 0.59375 0.02875 0.04125 0.0275
0 0.63125 0.06125 0.02625 0.0475
0 0.665 0.05375 0.03 0.07
0 0.69375 0.0575 0.025 0.0625
0 0.72625 0.045 0.035 0.09
0 0.7625 0.0525 0.03375 0.07875
0 0.81375 0.07625 0.05125 0.035
0 0.815 0.04125 0.05375 0.03
0 0.82 0.01125 0.05625 0.0225
0 0.7125 0.82875 0.025 0.08125
0 0.68375 0.83125 0.0275 0.08625
0 0.51625 0.07 0.04875 0.02625
0 0.83125 0.19125 0.08625 0.1025
0 0.3375 0.73375 0.04375 0.05625
0 0.29125 0.73375 0.04375 0.0575
0 0.2475 0.73375 0.0375 0.055
0 0.20625 0.72875 0.0425 0.055
0 0.1325 0.72875 0.01375 0.05375
0 0.16125 0.73375 0.03875 0.05625
0 0.855 0.66375 0.0325 0.06875
0 0.805 0.655 0.04375 0.075
0 0.75375 0.65375 0.05625 0.07875
0 0.61125 0.65375 0.04625 0.0625
0 0.57125 0.64125 0.0275 0.085
0 0.5375 0.64375 0.0275 0.085
0 0.50125 0.6625 0.03625 0.04625
0 0.46375 0.66625 0.0275 0.05
0 0.65125 0.835 0.03125 0.08625
0 0.38625 0.73375 0.04375 0.05625
0 0.4325 0.7325 0.045 0.05875
0 0.7675 0.2 0.03375 0.08125
0 0.515 0.7375 0.0225 0.0475
0 0.47875 0.7325 0.04375 0.05875
0 0.55625 0.84375 0.02625 0.0625
0 0.52625 0.845 0.02625 0.0625
0 0.49 0.8425 0.02625 0.0625
0 0.46 0.84375 0.02625 0.0625
0 0.43125 0.84125 0.02625 0.0625
0 0.40125 0.84 0.025 0.0625
0 0.58625 0.84125 0.02625 0.0625
0 0.34125 0.8275 0.03375 0.085
0 0.30125 0.82875 0.03375 0.085
0 0.2 0.815 0.03375 0.07875
0 0.6425 0.73 0.03 0.05375
0 0.605 0.73625 0.03 0.05375
0 0.57 0.73875 0.0225 0.0475
0 0.3725 0.8425 0.025 0.0625
0 0.54 0.73875 0.0225 0.0475