0 0.76875 0.695 0.07125 0.06
0 0.7675 0.63 0.07375 0.07
0 0.70375 0.6975 0.045 0.065
0 0.64125 0.70125 0.08 0.07125
0 0.5625 0.705 0.0725 0.06125
0 0.06375 0.1375 0.06375 0.06125
0 0.1325 0.0725 0.0925 0.0525
0 0.3975 0.7775 0.04875 0.065
0 0.3975 0.83625 0.0475 0.05375
0 0.0225 0.77375 0.0375 0.06125
0 0.0675 0.77375 0.05 0.06
0 0.115 0.795 0.03625 0.06
0 0.03375 0.82875 0.04375 0.05
0 0.0775 0.83 0.04125 0.0475
0 0.44625 0.82125 0.05 0.065
0 0.49375 0.8225 0.045 0.06125
0 0.5825 0.825 0.045 0.07625
0 0.6375 0.82875 0.06375 0.07125
0 0.70375 0.78375 0.0625 0.065
0 0.70625 0.83875 0.05625 0.04625
0 0.35375 0.78375 0.04 0.0575
0 0.77 0.835 0.05375 0.08875
0 0.43125 0.45125 0.0625 0.0625
0 0.50125 0.46125 0.075 0.08375
0 0.575 0.46375 0.07125 0.08
0 0.65375 0.45875 0.08625 0.07125
0 0.3675 0.5325 0.0575 0.075
0 0.43375 0.54 0.075 0.0625
0 0.5025 0.53125 0.0625 0.045
0 0.57625 0.5275 0.075 0.03625
0 0.65 0.54125 0.07125 0.06625
0 0.72375 0.52875 0.075 0.09125
0 0.7925 0.51 0.0625 0.05375
0 0.85125 0.44625 0.0375 0.07
0 0.9075 0.45125 0.05 0.0625
0 0.3625 0.45625 0.075 0.05
0 0.3525 0.83625 0.0475 0.045
0 0.2975 0.82625 0.04125 0.06875
0 0.31375 0.76625 0.0325 0.05125
0 0.85625 0.3625 0.05125 0.055
0 0.80875 0.36375 0.0375 0.07
0 0.77375 0.365 0.0275 0.07125
0 0.73625 0.3525 0.04875 0.095
0 0.68875 0.35 0.04375 0.09
0 0.635 0.3575 0.05625 0.0975
0 0.5875 0.34625 0.03625 0.07375
0 0.545 0.3675 0.04375 0.07
0 0.5 0.365 0.0425 0.06625
0 0.4625 0.36625 0.03125 0.065
0 0.41375 0.36625 0.04625 0.06875
0 0.37375 0.3675 0.0325 0.0675
0 0.3325 0.355 0.04375 0.08625
0 0.29375 0.355 0.0325 0.08625
0 0.22625 0.4725 0.065 0.065
0 0.15875 0.475 0.0675 0.0575
0 0.23375 0.3975 0.08625 0.0775
0 0.155 0.40375 0.06875 0.06375
0 0.29375 0.5075 0.06875 0.11375
0 0.22375 0.53375 0.065 0.0575
0 0.15875 0.53875 0.065 0.06625
0 0.94625 0.67375 0.0875 0.0625
0 0.85 0.765 0.07375 0.05
0 0.92875 0.76625 0.08375 0.04875
0 0.8475 0.84 0.09375 0.06125
0 0.93125 0.8425 0.0725 0.0575
0 0.98625 0.8425 0.02625 0.06125
0 0.225 0.81125 0.0475 0.065
0 0.27 0.7575 0.03 0.035
0 0.965 0.445 0.07 0.08375
0 0.04875 0.08125 0.06375 0.0425
0 0.85375 0.595 0.08375 0.08
0 0.98125 0.60625 0.03625 0.065
0 0.3425 0.24 0.0375 0.08625
0 0.2925 0.235 0.06 0.095
0 0.21875 0.30375 0.07875 0.065
0 0.1475 0.30125 0.06125 0.07
0 0.0725 0.2975 0.08125 0.06375
0 0.01625 0.2975 0.0275 0.06375
0 0.98125 0.155 0.0375 0.0525
0 0.93375 0.15625 0.055 0.05
0 0.8725 0.15875 0.0575 0.07125
0 0.80875 0.13375 0.0425 0.07625
0 0.77125 0.12375 0.035 0.07625
0 0.74 0.12625 0.02625 0.07125
0 0.70625 0.1325 0.04125 0.0725
0 0.3825 0.24125 0.035 0.07625
0 0.6525 0.1375 0.06375 0.06375
0 0.62875 0.08 0.04875 0.0125
0 0.49875 0.095 0.03625 0.03625
0 0.5675 0.13375 0.0475 0.06875
0 0.5 0.14375 0.0175 0.0475
0 0.4725 0.13875 0.03625 0.05625
0 0.4375 0.14 0.03125 0.0575
0 0.38 0.14375 0.0825 0.04875
0 0.29 0.14875 0.08375 0.0575
0 0.2125 0.14375 0.07375 0.0675
0 0.13375 0.13875 0.075 0.05875
0 0.38125 0.0825 0.085 0.055
0 0.2975 0.0725 0.08375 0.075
0 0.2175 0.0775 0.07625 0.06375
0 0.63125 0.09625 0.04625 0.015
0 0.93 0.60375 0.06625 0.0625
0 0.41875 0.24 0.03625 0.07875
0 0.51125 0.2425 0.0375 0.09
0 0.9625 0.53875 0.075 0.075
0 0.0225 0.63625 0.0375 0.0825
0 0.095 0.61875 0.08875 0.05125
0 0.1775 0.6125 0.07625 0.03625
0 0.08125 0.7025 0.07375 0.07625
0 0.14875 0.7025 0.06375 0.0725
0 0.21375 0.70125 0.06625 0.07125
0 0.27875 0.705 0.06375 0.07625
0 0.355 0.7025 0.065 0.06625
0 0.285 0.62875 0.0575 0.07625
0 0.34875 0.63875 0.0675 0.055
0 0.4225 0.69 0.07 0.0725
0 0.49 0.68875 0.065 0.07625
0 0.55875 0.63375 0.06875 0.0775
0 0.465 0.24375 0.05375 0.08625
0 0.63125 0.63875 0.0775 0.07
0 0.09125 0.5225 0.05875 0.09375
0 0.0775 0.4275 0.0875 0.09875
0 0.98125 0.27125 0.0375 0.07125
0 0.945 0.27125 0.0325 0.07125
0 0.90125 0.2675 0.0475 0.06625
0 0.85625 0.2625 0.03375 0.07625
0 0.81625 0.2425 0.0425 0.0775
0 0.77125 0.24125 0.045 0.07625
0 0.73125 0.24375 0.0325 0.07
0 0.6875 0.23125 0.0525 0.0875
0 0.63625 0.23125 0.0475 0.0875
0 0.59 0.23125 0.04375 0.0875
0 0.54875 0.24 0.03625 0.0725
0 0.855 0.675 0.0925 0.05875
0 0.52875 0.14375 0.03 0.04875