0 0.5875 0.77 0.025 0.05375
0 0.25375 0.75125 0.02 0.065
0 0.23375 0.75125 0.01625 0.06375
0 0.76375 0.785 0.03375 0.03875
0 0.71625 0.77 0.05375 0.05375
0 0.66125 0.7675 0.05 0.06
0 0.6175 0.77 0.02875 0.05375
0 0.5625 0.76 0.0225 0.0525
0 0.28 0.76375 0.0275 0.05125
0 0.42625 0.7225 0.05375 0.01625
0 0.5325 0.7675 0.0275 0.05375
0 0.49125 0.7675 0.04875 0.05375
0 0.44 0.765 0.05 0.0525
0 0.39875 0.765 0.0275 0.04875
0 0.37125 0.74 0.02375 0.0525
0 0.33875 0.76625 0.02625 0.0525
0 0.485 0.72625 0.05625 0.0225
0 0.31 0.76375 0.03125 0.04875
0 0.43375 0.24125 0.045 0.01375
0 0.27375 0.13375 0.03625 0.01875
0 0.49875 0.6575 0.025 0.05875
0 0.47 0.665 0.02875 0.05875
0 0.43875 0.66125 0.03125 0.06625
0 0.385 0.665 0.03125 0.06125
0 0.355 0.66625 0.0275 0.0575
0 0.325 0.66625 0.02875 0.0575
0 0.295 0.665 0.0275 0.06
0 0.2625 0.64 0.025 0.0725
0 0.23625 0.63875 0.02625 0.075
0 0.7675 0.59375 0.0275 0.04375
0 0.68875 0.57375 0.05875 0.075
0 0.63 0.57625 0.05625 0.07375
0 0.57125 0.575 0.05375 0.075
0 0.52 0.57125 0.035 0.07875
0 0.48375 0.5675 0.03375 0.0875
0 0.45 0.565 0.03375 0.08125
0 0.4175 0.56125 0.0275 0.0875
0 0.365 0.57125 0.0575 0.07125
0 0.30375 0.5775 0.055 0.06
0 0.77125 0.50625 0.02 0.03125
0 0.77 0.47125 0.02125 0.02875
0 0.73125 0.47125 0.0425 0.05375
0 0.68375 0.47375 0.0525 0.05375
0 0.635 0.4725 0.0425 0.05875
0 0.56875 0.47625 0.05875 0.0475
0 0.52875 0.67125 0.03375 0.06
0 0.5125 0.47375 0.05125 0.05125
0 0.5625 0.66875 0.0325 0.06375
0 0.6275 0.6475 0.0325 0.02875
0 0.425 0.2625 0.05125 0.02125
0 0.42375 0.28625 0.0525 0.02125
0 0.37375 0.28625 0.04625 0.02375
0 0.37125 0.26 0.04875 0.025
0 0.37125 0.235 0.05 0.0225
0 0.3275 0.265 0.0375 0.02125
0 0.3275 0.2875 0.04125 0.01875
0 0.285 0.28625 0.04125 0.02125
0 0.28375 0.26375 0.04625 0.02
0 0.25 0.3225 0.02 0.035
0 0.23 0.3225 0.01625 0.0375
0 0.76 0.17375 0.04125 0.0375
0 0.72 0.17375 0.0375 0.0375
0 0.76125 0.13375 0.03875 0.03625
0 0.72 0.1325 0.04125 0.04125
0 0.66875 0.13125 0.05875 0.0225
0 0.66375 0.10875 0.06125 0.01875
0 0.66875 0.1575 0.06 0.02125
0 0.61625 0.15625 0.04125 0.02375
0 0.77125 0.6825 0.02 0.0425
0 0.74125 0.6675 0.035 0.07
0 0.70125 0.66875 0.03875 0.0675
0 0.665 0.6675 0.0325 0.07
0 0.62625 0.68125 0.035 0.03
0 0.595 0.68125 0.0275 0.0325
0 0.59625 0.64625 0.02625 0.03375
0 0.4875 0.24625 0.05125 0.01625
0 0.45625 0.475 0.05125 0.045
0 0.3525 0.47375 0.0525 0.03875
0 0.62125 0.40125 0.04375 0.04375
0 0.57125 0.40375 0.04 0.04125
0 0.57125 0.3575 0.03875 0.04375
0 0.5275 0.3675 0.03875 0.035
0 0.525 0.3325 0.04375 0.0225
0 0.5275 0.405 0.045 0.0325
0 0.48 0.40375 0.04125 0.03375
0 0.48625 0.36625 0.04125 0.03625
0 0.44 0.36625 0.03625 0.04
0 0.40375 0.36375 0.03125 0.0375
0 0.4375 0.405 0.03625 0.035
0 0.3975 0.4025 0.04125 0.03
0 0.3575 0.40125 0.03625 0.03375
0 0.35875 0.365 0.03875 0.03125
0 0.32125 0.40125 0.03125 0.0325
0 0.2875 0.40125 0.03375 0.03375
0 0.32 0.365 0.03 0.03125
0 0.28625 0.365 0.03125 0.035
0 0.32625 0.33 0.03625 0.03
0 0.29125 0.33125 0.03125 0.02875
0 0.2525 0.42375 0.02125 0.06875
0 0.23 0.415 0.01875 0.0875
0 0.31625 0.13 0.0425 0.02125
0 0.2725 0.1825 0.03875 0.025
0 0.27375 0.1575 0.035 0.02125
0 0.66875 0.40375 0.04625 0.03875
0 0.675 0.35875 0.04375 0.045
0 0.72125 0.41125 0.03625 0.0325
0 0.31625 0.15375 0.0425 0.02125
0 0.2975 0.4725 0.04875 0.04125
0 0.265 0.53875 0.02125 0.06125
0 0.23875 0.5325 0.02625 0.0675
0 0.7675 0.38875 0.0275 0.0375
0 0.76875 0.35125 0.025 0.03375
0 0.48125 0.265 0.055 0.02125
0 0.4825 0.28875 0.0575 0.02125
0 0.545 0.285 0.06375 0.03
0 0.5475 0.2475 0.06625 0.03875
0 0.74 0.2425 0.0675 0.03625
0 0.7425 0.28375 0.065 0.035
0 0.665 0.1825 0.05875 0.0225
0 0.40625 0.475 0.0475 0.04875
0 0.6125 0.1825 0.045 0.02
0 0.565 0.155 0.05375 0.01875
0 0.5175 0.12875 0.03625 0.02375
0 0.5175 0.15625 0.0375 0.02125
0 0.515 0.18125 0.03625 0.0225
0 0.47125 0.18125 0.05 0.025
0 0.42625 0.1575 0.03875 0.02
0 0.4175 0.18375 0.05375 0.025
0 0.36375 0.1825 0.05125 0.0275
0 0.36625 0.155 0.05375 0.02
0 0.36625 0.1325 0.05 0.02125
0 0.31625 0.18125 0.045 0.02625
0 0.56375 0.18 0.05 0.025
0 0.23375 0.17875 0.0275 0.06375