0 0.21875 0.37875 0.01625 0.09625
0 0.175 0.24 0.02625 0.1025
0 0.61 0.6125 0.0125 0.015
0 0.59625 0.6525 0.015 0.0175
0 0.6125 0.65125 0.01 0.01875
0 0.625 0.65125 0.01 0.02
0 0.6475 0.635 0.0225 0.06625
0 0.66875 0.64375 0.01625 0.045
0 0.69125 0.62125 0.02375 0.02875
0 0.69 0.65125 0.02125 0.02625
0 0.72 0.64875 0.0275 0.03
0 0.745 0.65125 0.01625 0.025
0 0.7625 0.65 0.01125 0.01875
0 0.7775 0.64875 0.01 0.02
0 0.79125 0.6475 0.01125 0.0175
0 0.80875 0.63375 0.02 0.06125
0 0.8325 0.645 0.02125 0.0375
0 0.85625 0.65125 0.02 0.03
0 0.87125 0.6475 0.0075 0.03125
0 0.75125 0.58 0.0125 0.0175
0 0.73625 0.58 0.0125 0.01875
0 0.71625 0.5725 0.0175 0.035
0 0.6925 0.57375 0.025 0.03125
0 0.665 0.575 0.02625 0.03625
0 0.64125 0.5675 0.0175 0.045
0 0.59625 0.61125 0.01375 0.015
0 0.62 0.55875 0.0225 0.06375
0 0.55125 0.55875 0.01125 0.0175
0 0.5525 0.58125 0.015 0.01625
0 0.53125 0.57375 0.0225 0.03125
0 0.49625 0.5675 0.0225 0.045
0 0.47375 0.565 0.0175 0.04625
0 0.45 0.5575 0.0225 0.065
0 0.58625 0.5725 0.04 0.02625
0 0.76625 0.58125 0.0125 0.02
0 0.58 0.63625 0.01375 0.01625
0 0.55875 0.6475 0.01875 0.025
0 0.50625 0.7275 0.03 0.01125
0 0.53125 0.70125 0.02375 0.035
0 0.56125 0.7175 0.02875 0.03375
0 0.59 0.7275 0.01625 0.015
0 0.5875 0.705 0.01125 0.01875
0 0.61375 0.7075 0.0275 0.05125
0 0.64 0.72375 0.0125 0.01375
0 0.655 0.725 0.01 0.015
0 0.6675 0.72375 0.01125 0.01375
0 0.6875 0.70625 0.02375 0.05875
0 0.71125 0.715 0.0175 0.04875
0 0.7375 0.7125 0.02625 0.01875
0 0.74 0.73125 0.03125 0.0125
0 0.77 0.72 0.02875 0.0325
0 0.79875 0.71625 0.01875 0.03375
0 0.8225 0.72625 0.01875 0.02625
0 0.83125 0.6875 0.0125 0.0175
0 0.56 0.62 0.025 0.025
0 0.5275 0.60875 0.025 0.01625
0 0.5325 0.65 0.02875 0.0275
0 0.5 0.6575 0.0275 0.01125
0 0.5 0.64375 0.02875 0.0075
0 0.5 0.63375 0.02625 0.00625
0 0.58125 0.65625 0.01375 0.01625
0 0.4975 0.6175 0.02375 0.02
0 0.4525 0.63 0.02125 0.06125
0 0.84125 0.725 0.00875 0.02
0 0.85625 0.725 0.01 0.0175
0 0.86875 0.72125 0.0125 0.0175
0 0.86125 0.685 0.01125 0.01375
0 0.845 0.68625 0.00875 0.01875
0 0.4725 0.64 0.01625 0.04375
0 0.505 0.71 0.02625 0.01875
0 0.7325 0.54 0.0125 0.02
0 0.76125 0.53875 0.01125 0.01875
0 0.8475 0.465 0.01125 0.01375
0 0.8625 0.46625 0.015 0.01625
0 0.83125 0.44875 0.0125 0.01
0 0.845 0.44875 0.01 0.0075
0 0.86125 0.45 0.01 0.01125
0 0.45625 0.4125 0.0175 0.04375
0 0.52375 0.41375 0.05125 0.08375
0 0.5775 0.40875 0.0475 0.07375
0 0.6375 0.41125 0.06125 0.08
0 0.70625 0.40875 0.0625 0.0775
0 0.78 0.41625 0.06375 0.09625
0 0.835 0.4025 0.04 0.06625
0 0.465 0.31625 0.04125 0.06375
0 0.5125 0.31875 0.03875 0.07375
0 0.56 0.3175 0.04375 0.0775
0 0.60875 0.31625 0.0425 0.075
0 0.65375 0.31375 0.04 0.06125
0 0.865 0.22625 0.01875 0.0725
0 0.84125 0.22625 0.0225 0.065
0 0.80125 0.21625 0.05 0.06375
0 0.75125 0.2175 0.04125 0.0625
0 0.70375 0.21625 0.04625 0.06125
0 0.65125 0.225 0.03625 0.0675
0 0.83375 0.46375 0.01375 0.01375
0 0.60875 0.225 0.04375 0.0725
0 0.5125 0.22625 0.03875 0.0675
0 0.46875 0.22125 0.0475 0.075
0 0.8425 0.31125 0.0425 0.05875
0 0.79625 0.3075 0.04 0.05125
0 0.74875 0.31625 0.04 0.07875
0 0.7 0.31625 0.03875 0.0675
0 0.56125 0.225 0.045 0.0775
0 0.7475 0.54 0.0125 0.02
0 0.8675 0.50125 0.0125 0.0175
0 0.82625 0.50625 0.0175 0.015
0 0.785 0.56625 0.01875 0.05
0 0.81 0.5725 0.02375 0.03375
0 0.83625 0.575 0.025 0.02625
0 0.8625 0.5775 0.01625 0.0275
0 0.445 0.48125 0.0175 0.06625
0 0.475 0.465 0.0225 0.04375
0 0.4725 0.49875 0.03 0.00625
0 0.475 0.51 0.03 0.00875
0 0.5025 0.49875 0.0225 0.0325
0 0.5325 0.50125 0.03 0.02875
0 0.56625 0.5025 0.02875 0.02375
0 0.58125 0.48 0.0125 0.01625
0 0.60125 0.48125 0.01 0.01875
0 0.59375 0.505 0.015 0.01875
0 0.61 0.50625 0.015 0.02
0 0.63375 0.4925 0.03125 0.04375
0 0.66125 0.505 0.015 0.02
0 0.82625 0.4875 0.01625 0.01375
0 0.79625 0.5 0.0325 0.02625
0 0.7675 0.5 0.02125 0.0275
0 0.74125 0.5075 0.03 0.00875
0 0.74125 0.49625 0.02875 0.01
0 0.71125 0.4825 0.025 0.06625
0 0.8525 0.5025 0.01375 0.01625
0 0.6825 0.46125 0.0075 0.00625
0 0.655 0.46125 0.01375 0.00625
0 0.68375 0.475 0.01125 0.0125
0 0.67125 0.47375 0.01 0.01
0 0.65875 0.47375 0.01125 0.01375
0 0.69125 0.50375 0.01125 0.02
0 0.67625 0.50375 0.01125 0.01875
0 0.67 0.4625 0.01 0.0075
0 0.145 0.23625 0.03 0.09625
0 0.475 0.7125 0.01625 0.04125
0 0.455 0.76625 0.01625 0.055
0 0.30125 0.4575 0.0075 0.02875
0 0.3125 0.45875 0.00875 0.0275
0 0.32125 0.45875 0.0075 0.02875
0 0.3325 0.4575 0.00875 0.02375
0 0.3425 0.45625 0.01 0.0275
0 0.35375 0.45875 0.00625 0.025
0 0.3625 0.4575 0.0075 0.02625
0 0.37375 0.4575 0.00625 0.02875
0 0.38375 0.45875 0.00625 0.025
0 0.39375 0.4575 0.0075 0.02625
0 0.405 0.45875 0.0075 0.0325
0 0.41625 0.45875 0.0075 0.02625
0 0.4275 0.4575 0.01 0.02625
0 0.13625 0.5375 0.01375 0.02
0 0.15625 0.52 0.02 0.0575
0 0.18375 0.535 0.0275 0.02875
0 0.18375 0.50375 0.03125 0.025
0 0.1875 0.615 0.02625 0.0325
0 0.14 0.6225 0.0125 0.0225
0 0.16 0.60375 0.0225 0.05125
0 0.39125 0.5325 0.02875 0.02875
0 0.36125 0.53625 0.025 0.0275
0 0.3325 0.535 0.0275 0.025
0 0.29 0.4575 0.0075 0.02875
0 0.3 0.5375 0.02375 0.0275
0 0.2775 0.54 0.0125 0.01625
0 0.2825 0.51875 0.0075 0.01875
0 0.2575 0.5025 0.0275 0.025
0 0.25625 0.53625 0.02625 0.03125
0 0.2275 0.52 0.025 0.0575
0 0.20625 0.53625 0.01125 0.02125
0 0.3025 0.51375 0.015 0.0175
0 0.21 0.62125 0.01375 0.02
0 0.27875 0.45875 0.0075 0.0275
0 0.2575 0.45875 0.00875 0.03
0 0.205 0.2375 0.03 0.1
0 0.2325 0.24 0.0125 0.0875
0 0.25625 0.23375 0.025 0.0975
0 0.30625 0.22875 0.0675 0.11375
0 0.3625 0.23875 0.03875 0.08875
0 0.4075 0.23375 0.0475 0.09
0 0.14 0.37875 0.02125 0.09875
0 0.16 0.37875 0.01125 0.09375
0 0.17625 0.3775 0.01625 0.09625
0 0.195 0.37875 0.01625 0.09625
0 0.2375 0.37875 0.01625 0.09625
0 0.2575 0.37875 0.01625 0.09625
0 0.28125 0.37875 0.01625 0.09625
0 0.30125 0.37875 0.01625 0.09625
0 0.32 0.37875 0.01625 0.09625
0 0.33875 0.3775 0.015 0.0975
0 0.35625 0.3775 0.015 0.0975
0 0.2475 0.45875 0.00875 0.02625
0 0.235 0.45875 0.01 0.0275
0 0.22375 0.45875 0.0075 0.0275
0 0.21125 0.4575 0.0125 0.02875
0 0.195 0.45875 0.01125 0.02625
0 0.18375 0.46 0.00875 0.02375
0 0.2675 0.45875 0.0075 0.0275
0 0.1725 0.45875 0.0075 0.025
0 0.1525 0.45875 0.00625 0.02875
0 0.14125 0.45875 0.00875 0.03
0 0.13 0.45875 0.00875 0.03
0 0.42375 0.38375 0.0225 0.10625
0 0.4 0.38 0.015 0.0975
0 0.38 0.37625 0.015 0.0975
0 0.16125 0.4575 0.00625 0.02875
0 0.45375 0.70125 0.0175 0.05625
0 0.23375 0.6225 0.015 0.02625
0 0.26875 0.5775 0.01625 0.02625
0 0.3 0.84625 0.02375 0.02375
0 0.27375 0.84625 0.0225 0.025
0 0.335 0.87375 0.03125 0.03
0 0.37 0.8775 0.02125 0.025
0 0.36875 0.8425 0.03 0.03375
0 0.40375 0.8625 0.0325 0.0625
0 0.44125 0.86125 0.0325 0.0625
0 0.485 0.85125 0.0325 0.0625
0 0.52875 0.85375 0.04625 0.075
0 0.57 0.8625 0.03125 0.0625
0 0.605 0.8575 0.0375 0.07
0 0.64625 0.86125 0.03875 0.0625
0 0.68625 0.8575 0.03 0.0725
0 0.72125 0.8625 0.0325 0.06
0 0.75625 0.865 0.035 0.06125
0 0.7925 0.86375 0.03 0.06125
0 0.83375 0.8625 0.03 0.0625
0 0.47875 0.7675 0.02125 0.05875
0 0.5025 0.765 0.02 0.0525
0 0.52875 0.76875 0.02125 0.065
0 0.5525 0.77 0.02 0.06125
0 0.57625 0.77 0.02 0.05875
0 0.6 0.7725 0.02125 0.06
0 0.30125 0.875 0.02125 0.02625
0 0.625 0.77 0.02 0.0525
0 0.67375 0.76875 0.02125 0.05625
0 0.70125 0.77375 0.0225 0.0425
0 0.73625 0.775 0.02375 0.04625
0 0.7725 0.77375 0.03125 0.04875
0 0.83625 0.7725 0.0375 0.05
0 0.8625 0.8625 0.02375 0.06125
0 0.65 0.76875 0.02 0.05625
0 0.2625 0.60875 0.015 0.03
0 0.275 0.875 0.02625 0.0275
0 0.17375 0.86125 0.0325 0.0475
0 0.2925 0.5925 0.025 0.02625
0 0.29875 0.62125 0.02625 0.02875
0 0.27625 0.62125 0.00875 0.01875
0 0.3275 0.6075 0.02875 0.04875
0 0.34125 0.56375 0.02375 0.01125
0 0.36 0.61 0.02875 0.05
0 0.39 0.6075 0.025 0.0475
0 0.425 0.61875 0.025 0.02125
0 0.42125 0.59125 0.0275 0.02625
0 0.15 0.68375 0.0275 0.055
0 0.1875 0.6775 0.03625 0.06
0 0.22875 0.68 0.035 0.05875
0 0.2575 0.68875 0.0175 0.045
0 0.2875 0.68875 0.03875 0.04625
0 0.32875 0.69 0.03 0.04
0 0.36 0.6925 0.025 0.0375
0 0.38875 0.695 0.02375 0.03
0 0.14 0.86 0.02875 0.0525
0 0.425 0.775 0.0325 0.03625
0 0.41375 0.7375 0.02625 0.02625
0 0.39125 0.77375 0.02875 0.035
0 0.3625 0.76 0.0225 0.0425
0 0.33 0.7575 0.04 0.0625
0 0.2425 0.8625 0.03625 0.0475
0 0.29125 0.75875 0.035 0.06625
0 0.21125 0.7575 0.03875 0.065
0 0.165 0.7575 0.035 0.0625
0 0.135 0.755 0.01875 0.05875
0 0.42125 0.7 0.02875 0.02375
0 0.4225 0.67 0.02625 0.03
0 0.39 0.665 0.02625 0.02625
0 0.255 0.755 0.02625 0.05
0 0.62375 0.61125 0.01375 0.01625