0 0.68125 0.4475 0.01125 0.045
0 0.40625 0.49625 0.04875 0.0725
0 0.49625 0.48 0.0375 0.0525
0 0.53375 0.47625 0.02875 0.05625
0 0.56 0.47 0.02125 0.04875
0 0.58 0.465 0.01625 0.05
0 0.6 0.46125 0.015 0.045
0 0.61875 0.46125 0.02 0.04625
0 0.63625 0.45625 0.01125 0.0425
0 0.6525 0.45375 0.01625 0.0475
0 0.6675 0.45 0.01375 0.0425
0 0.695 0.44375 0.01375 0.03625
0 0.67875 0.48875 0.01 0.0375
0 0.71625 0.44125 0.00875 0.03125
0 0.7275 0.43875 0.00875 0.0375
0 0.73875 0.435 0.0075 0.03375
0 0.735 0.47375 0.01 0.03125
0 0.725 0.47625 0.00875 0.03375
0 0.71375 0.47875 0.0125 0.0375
0 0.70375 0.48125 0.0075 0.03375
0 0.6925 0.48625 0.0125 0.04125
0 0.3525 0.5 0.05375 0.065
0 0.66625 0.49375 0.015 0.04375
0 0.64875 0.4975 0.0125 0.035
0 0.635 0.5025 0.01 0.04375
0 0.70625 0.44375 0.0075 0.035
0 0.0975 0.8425 0.08375 0.06375
0 0.7225 0.70625 0.01125 0.02625
0 0.2575 0.7775 0.05625 0.08625
0 0.07625 0.22125 0.11 0.18625
0 0.17375 0.22375 0.0475 0.1775
0 0.33625 0.2325 0.04125 0.2
0 0.38 0.245 0.035 0.1775
0 0.42125 0.255 0.03375 0.1675
0 0.4575 0.2775 0.02125 0.14
0 0.485 0.2775 0.02875 0.145
0 0.52875 0.2825 0.0425 0.13875
0 0.56375 0.2825 0.025 0.14125
0 0.5925 0.30125 0.02875 0.105
0 0.61875 0.30125 0.0225 0.11
0 0.64 0.31 0.01375 0.09875
0 0.655 0.31 0.01125 0.09875
0 0.675 0.31375 0.0175 0.09375
0 0.69625 0.31375 0.02125 0.095
0 0.71625 0.31875 0.0125 0.09375
0 0.7275 0.3225 0.00875 0.085
0 0.74125 0.325 0.015 0.0925
0 0.61625 0.50875 0.01125 0.04375
0 0.175 0.53 0.095 0.08
0 0.25625 0.52375 0.0625 0.09125
0 0.085 0.65625 0.0875 0.0825
0 0.175 0.63125 0.08125 0.09
0 0.25125 0.6125 0.07 0.06875
0 0.09 0.75875 0.09875 0.07625
0 0.18 0.73375 0.06875 0.1
0 0.2525 0.69125 0.05875 0.06125
0 0.185 0.8275 0.0675 0.07375
0 0.07625 0.54625 0.1025 0.09125
0 0.575 0.52 0.01375 0.04625
0 0.55625 0.52625 0.02 0.05
0 0.57 0.8125 0.01875 0.04125
0 0.545 0.83375 0.02375 0.065
0 0.51625 0.84625 0.025 0.04875
0 0.58875 0.8325 0.015 0.035
0 0.6075 0.82125 0.01375 0.0425
0 0.73375 0.695 0.01125 0.0325
0 0.63125 0.75375 0.01375 0.04625
0 0.59125 0.7875 0.01375 0.04
0 0.65 0.73875 0.01125 0.0375
0 0.675 0.71125 0.01125 0.035
0 0.69 0.70125 0.0075 0.02875
0 0.7 0.6925 0.01 0.02625
0 0.71125 0.6775 0.00875 0.03
0 0.72 0.6725 0.00625 0.03375
0 0.73125 0.66375 0.01 0.0275
0 0.675 0.67125 0.01625 0.03375
0 0.6625 0.725 0.01125 0.03875
0 0.69125 0.66 0.01375 0.0375
0 0.60875 0.77625 0.02 0.025
0 0.59125 0.73875 0.02 0.04625
0 0.71125 0.71125 0.0075 0.0325
0 0.70125 0.72375 0.01125 0.03125
0 0.69 0.7375 0.00875 0.03875
0 0.6775 0.74875 0.01 0.03625
0 0.66375 0.76625 0.01 0.035
0 0.65 0.7825 0.0125 0.04125
0 0.63375 0.79625 0.01875 0.03375
0 0.5675 0.75625 0.02375 0.05625
0 0.73375 0.72625 0.00875 0.025
0 0.7125 0.74625 0.00625 0.02875
0 0.70125 0.75875 0.01 0.02625
0 0.68875 0.77625 0.01 0.03125
0 0.6775 0.78875 0.0075 0.0325
0 0.66375 0.8025 0.0075 0.03125
0 0.65 0.8225 0.00875 0.03375
0 0.63125 0.84125 0.015 0.04375
0 0.7225 0.73625 0.01 0.02375
0 0.59625 0.5125 0.0225 0.05
0 0.71875 0.63375 0.01 0.03125
0 0.41125 0.69875 0.03125 0.05375
0 0.725 0.51125 0.0075 0.02625
0 0.71375 0.5125 0.01375 0.0275
0 0.7025 0.51875 0.00875 0.035
0 0.6925 0.5225 0.0075 0.03
0 0.68 0.53125 0.0125 0.03375
0 0.665 0.53625 0.0125 0.03125
0 0.6475 0.54375 0.0175 0.04125
0 0.73375 0.50875 0.00625 0.02875
0 0.63125 0.545 0.01 0.0375
0 0.595 0.5625 0.015 0.04625
0 0.57375 0.57375 0.01875 0.04875
0 0.55125 0.57875 0.015 0.0475
0 0.52375 0.595 0.02375 0.0475
0 0.49 0.6 0.03375 0.04625
0 0.49375 0.5475 0.035 0.05875
0 0.52875 0.53625 0.0275 0.0575
0 0.61375 0.55625 0.01625 0.045
0 0.7325 0.62625 0.0125 0.0375
0 0.73375 0.54375 0.01 0.03125
0 0.7025 0.56 0.01125 0.03625
0 0.36375 0.71875 0.05375 0.06
0 0.3625 0.64875 0.045 0.07
0 0.41125 0.63625 0.03875 0.065
0 0.41 0.56375 0.04375 0.06125
0 0.3575 0.57125 0.05 0.05375
0 0.46 0.68375 0.025 0.06125
0 0.49125 0.665 0.02 0.06125
0 0.71375 0.5475 0.01125 0.03375
0 0.52 0.65 0.0275 0.0525
0 0.57 0.6275 0.0225 0.05375
0 0.59375 0.61125 0.015 0.0425
0 0.61375 0.605 0.01875 0.045
0 0.64625 0.59 0.015 0.04125
0 0.6625 0.58375 0.015 0.0275
0 0.6775 0.57125 0.01125 0.03875
0 0.69 0.56625 0.00875 0.0275
0 0.54375 0.645 0.0175 0.0425
0 0.62875 0.6 0.0075 0.03125