0 0.4125 0.90125 0.0475 0.10625
0 0.32375 0.83375 0.02 0.04375
0 0.605 0.96625 0.225 0.06625
0 0.46375 0.92625 0.04625 0.09625
0 0.57875 0.80375 0.02875 0.09625
0 0.75125 0.9225 0.02875 0.04125
0 0.7175 0.885 0.02625 0.11
0 0.68875 0.85375 0.02125 0.1125
0 0.6375 0.82875 0.07375 0.06625
0 0.3625 0.85375 0.045 0.05375
0 0.79375 0.9225 0.0425 0.12875
0 0.8425 0.95 0.0325 0.09875
0 0.55 0.78 0.0275 0.07125
0 0.13875 0.175 0.015 0.0325
0 0.815 0.57875 0.04125 0.12
0 0.8575 0.5975 0.03375 0.13
0 0.13375 0.47 0.01125 0.0475
0 0.14625 0.47 0.0125 0.04875
0 0.15875 0.47875 0.0075 0.04125
0 0.16875 0.485 0.01 0.05125
0 0.18125 0.49125 0.0125 0.04375
0 0.20125 0.5 0.0125 0.0475
0 0.215 0.50375 0.0125 0.05625
0 0.2325 0.525 0.01625 0.02
0 0.235 0.4975 0.01375 0.03
0 0.2525 0.5025 0.02 0.025
0 0.25375 0.53625 0.0225 0.03
0 0.275 0.5275 0.015 0.055
0 0.2875 0.5325 0.00875 0.0675
0 0.30125 0.55 0.01625 0.0325
0 0.32125 0.56125 0.01875 0.04125
0 0.34 0.55875 0.01375 0.055
0 0.35625 0.56625 0.01625 0.07125
0 0.74375 0.55625 0.0675 0.13125
0 0.3725 0.575 0.01625 0.05375
0 0.67375 0.53625 0.05375 0.10625
0 0.51875 0.51 0.02375 0.08125
0 0.765 0.435 0.04 0.07
0 0.8425 0.40875 0.06375 0.13375
0 0.13625 0.3975 0.01375 0.0475
0 0.155 0.40375 0.0225 0.05375
0 0.18625 0.415 0.0125 0.0525
0 0.205 0.41625 0.0075 0.05875
0 0.195 0.41375 0.0075 0.055
0 0.24875 0.42875 0.01 0.055
0 0.26 0.44 0.0075 0.0325
0 0.27625 0.44 0.01875 0.055
0 0.29375 0.44125 0.01625 0.05
0 0.31375 0.44875 0.01875 0.06125
0 0.33375 0.4625 0.015 0.0375
0 0.34875 0.46125 0.0125 0.05875
0 0.365 0.455 0.0175 0.0675
0 0.38875 0.46 0.025 0.0825
0 0.42625 0.46875 0.03875 0.08
0 0.45875 0.48625 0.02125 0.0875
0 0.48875 0.4975 0.02875 0.06375
0 0.625 0.5375 0.03375 0.1075
0 0.7825 0.3625 0.05125 0.05625
0 0.39125 0.58375 0.0175 0.06625
0 0.425 0.5975 0.01625 0.07875
0 0.29375 0.77875 0.01625 0.05875
0 0.31375 0.7775 0.02125 0.06
0 0.2 0.595 0.0175 0.0275
0 0.22 0.5925 0.01875 0.04625
0 0.23875 0.59875 0.0125 0.06625
0 0.25625 0.60125 0.015 0.055
0 0.2725 0.625 0.0175 0.04875
0 0.30125 0.64625 0.01 0.0575
0 0.315 0.6475 0.01375 0.0525
0 0.33125 0.6575 0.015 0.06875
0 0.3475 0.68125 0.01125 0.02375
0 0.36 0.68125 0.0125 0.0525
0 0.37875 0.6825 0.02 0.05375
0 0.4025 0.7 0.02 0.0775
0 0.42375 0.71125 0.02 0.05125
0 0.44875 0.72375 0.025 0.0775
0 0.47875 0.75625 0.02875 0.06375
0 0.505 0.75125 0.02375 0.0775
0 0.52625 0.7675 0.01625 0.0975
0 0.27125 0.77875 0.01625 0.05
0 0.40875 0.5875 0.015 0.0675
0 0.2575 0.7675 0.0125 0.03875
0 0.21875 0.7275 0.0075 0.05875
0 0.4425 0.60125 0.01875 0.07125
0 0.46 0.6225 0.01125 0.06
0 0.47625 0.64125 0.02125 0.03
0 0.5 0.63625 0.01375 0.0725
0 0.5175 0.635 0.02125 0.0725
0 0.54 0.645 0.0225 0.09125
0 0.59375 0.67875 0.0525 0.07125
0 0.6675 0.6925 0.08 0.085
0 0.73875 0.6775 0.0525 0.05625
0 0.73 0.75375 0.0425 0.06125
0 0.77625 0.7425 0.01875 0.125
0 0.80875 0.75625 0.02875 0.1375
0 0.85375 0.77625 0.0375 0.1075
0 0.165 0.55 0.06375 0.03
0 0.13875 0.6675 0.0125 0.0575
0 0.15625 0.68 0.015 0.0475
0 0.1725 0.70125 0.015 0.03
0 0.19125 0.71375 0.01375 0.0425
0 0.20625 0.7225 0.01125 0.05625
0 0.2375 0.76125 0.02125 0.04375
0 0.6675 0.4175 0.06125 0.06875
0 0.17375 0.41 0.00875 0.04875
0 0.5125 0.37375 0.025 0.07875
0 0.3225 0.14125 0.0125 0.05375
0 0.295 0.2525 0.0125 0.05375
0 0.1525 0.17875 0.00875 0.0225
0 0.16125 0.16875 0.0075 0.04375
0 0.17875 0.16125 0.02625 0.05375
0 0.24125 0.1625 0.01625 0.035
0 0.5375 0.38 0.02375 0.09125
0 0.26 0.15125 0.01875 0.05375
0 0.2775 0.14875 0.0075 0.05375
0 0.1325 0.25 0.00875 0.05625
0 0.14375 0.2475 0.00875 0.05125
0 0.155 0.25 0.01125 0.05125
0 0.165 0.25 0.00875 0.05
0 0.175 0.25125 0.00875 0.05125
0 0.18875 0.2475 0.01 0.0475
0 0.25125 0.2475 0.01625 0.06375
0 0.26875 0.24125 0.01625 0.07875
0 0.29875 0.13625 0.02875 0.065
0 0.66125 0.25 0.02625 0.08125
0 0.55 0.24625 0.04625 0.07625
0 0.5075 0.24625 0.03375 0.07375
0 0.46375 0.24 0.03375 0.06625
0 0.43375 0.2375 0.01625 0.0775
0 0.4125 0.23375 0.015 0.0725
0 0.39375 0.24 0.0175 0.08
0 0.36875 0.24 0.02625 0.08
0 0.34125 0.265 0.01875 0.0325
0 0.3225 0.24 0.0125 0.0775
0 0.30875 0.24125 0.01125 0.075
0 0.34 0.14125 0.01625 0.0525
0 0.3725 0.11875 0.045 0.0875
0 0.2825 0.24 0.00875 0.07875
0 0.46375 0.10125 0.01875 0.1
0 0.8475 0.225 0.05375 0.13875
0 0.14 0.3325 0.01625 0.03125
0 0.1625 0.33625 0.02375 0.04
0 0.1825 0.3325 0.0125 0.0425
0 0.195 0.3375 0.01125 0.0375
0 0.24625 0.34625 0.015 0.04875
0 0.265 0.34625 0.01375 0.05
0 0.2775 0.3575 0.00875 0.04125
0 0.795 0.2275 0.05 0.1375
0 0.295 0.34375 0.0225 0.06125
0 0.335 0.3625 0.01625 0.04
0 0.355 0.36 0.0175 0.0575
0 0.375 0.36375 0.01875 0.05125
0 0.39625 0.3725 0.015 0.05125
0 0.41625 0.36875 0.02125 0.0625
0 0.44 0.3725 0.01875 0.07
0 0.46375 0.365 0.0225 0.075
0 0.4875 0.37125 0.02125 0.08125
0 0.31375 0.36 0.01875 0.0425
0 0.4225 0.115 0.04625 0.08
0 0.74625 0.235 0.03875 0.11
0 0.8525 0.05125 0.04375 0.10125
0 0.78875 0.0575 0.0625 0.10875
0 0.73125 0.06 0.0475 0.11
0 0.67625 0.065 0.05625 0.1175
0 0.5675 0.09 0.015 0.095
0 0.48625 0.0975 0.02125 0.10125
0 0.51 0.12375 0.02625 0.04
0 0.5425 0.1225 0.0275 0.03375
0 0.70625 0.24 0.035 0.10375