0 0.7825 0.61625 0.04625 0.03
0 0.3025 0.4725 0.065 0.01875
0 0.30375 0.50125 0.065 0.025
0 0.30375 0.52125 0.05875 0.01375
0 0.29 0.54125 0.05875 0.0175
0 0.28875 0.55875 0.06375 0.0125
0 0.29 0.575 0.06 0.01375
0 0.35125 0.34125 0.04875 0.03625
0 0.35 0.37625 0.05 0.025
0 0.5 0.37125 0.05875 0.04
0 0.57875 0.35375 0.09625 0.07375
0 0.67625 0.35375 0.09125 0.07625
0 0.49875 0.32875 0.06 0.03625
0 0.7525 0.37125 0.05875 0.04375
0 0.81 0.33625 0.045 0.09375
0 0.855 0.35375 0.03875 0.06
0 0.84375 0.45375 0.02625 0.06125
0 0.80125 0.44 0.05625 0.0875
0 0.74625 0.4475 0.03875 0.07125
0 0.695 0.4625 0.05875 0.03625
0 0.695 0.42375 0.06125 0.0375
0 0.6025 0.445 0.0925 0.07625
0 0.525 0.46375 0.055 0.0425
0 0.52625 0.4225 0.0525 0.035
0 0.4575 0.44625 0.0775 0.07125
0 0.4025 0.44875 0.03 0.0575
0 0.36 0.4425 0.05125 0.0575
0 0.21125 0.445 0.045 0.0625
0 0.2825 0.45 0.06875 0.02
0 0.29 0.39125 0.06625 0.09375
0 0.24875 0.335 0.04 0.02
0 0.19 0.36375 0.07375 0.045
0 0.25375 0.0725 0.0575 0.07875
0 0.33875 0.0625 0.08125 0.105
0 0.4225 0.065 0.08125 0.11125
0 0.50875 0.06625 0.0825 0.105
0 0.58125 0.07875 0.06 0.08625
0 0.65125 0.10625 0.06625 0.03375
0 0.655 0.0675 0.06 0.0375
0 0.72625 0.06875 0.06 0.04125
0 0.71875 0.10875 0.06625 0.03125
0 0.7725 0.07125 0.02875 0.115
0 0.81 0.075 0.04 0.10875
0 0.855 0.08 0.04 0.0975
0 0.8525 0.22625 0.04375 0.08125
0 0.1625 0.445 0.0425 0.0625
0 0.8075 0.23125 0.04375 0.07125
0 0.65375 0.28125 0.03 0.0425
0 0.53375 0.275 0.06625 0.04125
0 0.53625 0.2325 0.06625 0.04125
0 0.47125 0.23375 0.05625 0.0325
0 0.4675 0.27375 0.0575 0.04125
0 0.40625 0.27 0.0625 0.04125
0 0.41375 0.23125 0.06125 0.03125
0 0.32375 0.1675 0.105 0.08375
0 0.3225 0.25125 0.0975 0.075
0 0.24375 0.26125 0.0525 0.0525
0 0.17375 0.2525 0.075 0.05875
0 0.14875 0.18875 0.04625 0.0525
0 0.19125 0.31875 0.06625 0.04125
0 0.76375 0.2625 0.03625 0.05875
0 0.18625 0.53875 0.0825 0.06125
0 0.39125 0.54375 0.06 0.06
0 0.45125 0.555 0.05875 0.0375
0 0.51625 0.7625 0.055 0.03625
0 0.58125 0.785 0.06375 0.05875
0 0.63 0.77 0.03125 0.0525
0 0.6725 0.77 0.04875 0.04625
0 0.73375 0.78375 0.05875 0.06125
0 0.78125 0.78 0.035 0.03625
0 0.79 0.74 0.03125 0.0425
0 0.82625 0.73625 0.03125 0.03875
0 0.17125 0.89375 0.065 0.03375
0 0.165 0.85625 0.06375 0.0375
0 0.24 0.88625 0.07 0.05375
0 0.3075 0.88 0.05625 0.0575
0 0.37 0.88125 0.06 0.05875
0 0.4325 0.85375 0.0625 0.03875
0 0.43 0.895 0.06375 0.03625
0 0.5025 0.87375 0.06 0.06125
0 0.565 0.875 0.05625 0.06125
0 0.62375 0.87875 0.06125 0.05375
0 0.6875 0.89 0.06375 0.0375
0 0.68875 0.84875 0.06125 0.04125
0 0.83375 0.89125 0.0375 0.02
0 0.7925 0.89125 0.04 0.0225
0 0.74875 0.88875 0.04 0.03
0 0.7925 0.86375 0.0425 0.0325
0 0.82375 0.7775 0.04 0.03625
0 0.8625 0.765 0.025 0.06
0 0.8325 0.86625 0.03625 0.02625
0 0.4475 0.78 0.0625 0.06
0 0.38375 0.78125 0.0575 0.05875
0 0.3225 0.7825 0.06125 0.06125
0 0.25375 0.78375 0.06125 0.05875
0 0.45375 0.51125 0.05875 0.03625
0 0.5325 0.5375 0.0925 0.07625
0 0.62625 0.53125 0.08875 0.07125
0 0.7775 0.54375 0.04625 0.07875
0 0.825 0.5475 0.04125 0.06625
0 0.86 0.6675 0.02875 0.07125
0 0.8275 0.66625 0.035 0.0775
0 0.78625 0.67125 0.04125 0.07375
0 0.71875 0.6225 0.065 0.0575
0 0.655 0.6175 0.05875 0.0575
0 0.5575 0.61375 0.05625 0.065
0 0.49625 0.62375 0.06375 0.06125
0 0.435 0.62375 0.05875 0.06125
0 0.20125 0.07875 0.04125 0.0625
0 0.37125 0.6225 0.0625 0.05875
0 0.23375 0.62 0.06 0.06125
0 0.17125 0.6225 0.06 0.065
0 0.19375 0.6925 0.0725 0.05125
0 0.33875 0.6825 0.045 0.035
0 0.4075 0.6925 0.06625 0.055
0 0.4575 0.6875 0.02875 0.05
0 0.49625 0.69375 0.04875 0.05875
0 0.565 0.70125 0.055 0.065
0 0.6275 0.7025 0.06 0.06
0 0.685 0.7025 0.0525 0.05875
0 0.73875 0.7025 0.05125 0.05875
0 0.14375 0.7725 0.03375 0.05
0 0.19125 0.78125 0.0575 0.06375
0 0.30375 0.62625 0.06625 0.06
0 0.1575 0.07625 0.04125 0.0625
0 0.69875 0.28125 0.06125 0.035