0 0.73 0.44125 0.04375 0.025
0 0.74625 0.37875 0.04 0.03
0 0.75875 0.3 0.04125 0.01875
0 0.72875 0.33625 0.03125 0.02125
0 0.69875 0.35625 0.0125 0.07125
0 0.67 0.35625 0.03125 0.08125
0 0.64375 0.365 0.01375 0.065
0 0.625 0.36375 0.02125 0.06375
0 0.60625 0.37 0.015 0.055
0 0.58625 0.36875 0.01875 0.0675
0 0.70125 0.475 0.0375 0.02875
0 0.76625 0.485 0.0275 0.0375
0 0.35125 0.47375 0.0225 0.065
0 0.755 0.555 0.03625 0.045
0 0.73625 0.61 0.04375 0.03125
0 0.71875 0.6725 0.04125 0.02875
0 0.64875 0.4875 0.02 0.025
0 0.65125 0.4625 0.0275 0.0175
0 0.62125 0.485 0.0175 0.04375
0 0.5925 0.4775 0.0225 0.0575
0 0.56625 0.4775 0.0225 0.065
0 0.54125 0.4775 0.0225 0.05625
0 0.51375 0.4725 0.02 0.07
0 0.49 0.4725 0.0225 0.0725
0 0.4625 0.47375 0.02375 0.0675
0 0.435 0.47625 0.02 0.06625
0 0.5625 0.36875 0.01125 0.04125
0 0.5475 0.3675 0.015 0.0425
0 0.4625 0.35625 0.0175 0.09125
0 0.52625 0.37625 0.0175 0.01625
0 0.4375 0.23375 0.0225 0.11125
0 0.48 0.25 0.0225 0.0775
0 0.50125 0.24875 0.01625 0.07375
0 0.52125 0.24625 0.02125 0.0775
0 0.545 0.25 0.02125 0.0825
0 0.5675 0.26625 0.02 0.0525
0 0.5875 0.26625 0.02 0.05375
0 0.61 0.26375 0.01875 0.0575
0 0.62625 0.26625 0.01375 0.05625
0 0.655 0.2425 0.03125 0.09625
0 0.68375 0.25125 0.02625 0.07875
0 0.71 0.25125 0.025 0.07875
0 0.505 0.39125 0.015 0.00875
0 0.73375 0.1925 0.0175 0.10875
0 0.7725 0.19375 0.015 0.10125
0 0.22625 0.37 0.0125 0.05
0 0.24375 0.3725 0.02 0.0525
0 0.27 0.37125 0.03125 0.055
0 0.32 0.3375 0.04375 0.0225
0 0.31625 0.375 0.05125 0.04375
0 0.415 0.355 0.025 0.09
0 0.44 0.35625 0.025 0.08875
0 0.40875 0.47375 0.02875 0.06625
0 0.4825 0.35875 0.01875 0.08
0 0.52 0.34375 0.02 0.0225
0 0.50625 0.3675 0.015 0.0175
0 0.7525 0.1925 0.0175 0.10625
0 0.3775 0.4725 0.02625 0.06375
0 0.33 0.4775 0.015 0.055
0 0.30625 0.4675 0.0175 0.05
0 0.59875 0.70625 0.04375 0.02
0 0.59875 0.6775 0.04625 0.0275
0 0.5975 0.64625 0.03375 0.03
0 0.5525 0.64375 0.0475 0.02875
0 0.55125 0.67625 0.04375 0.02875
0 0.55 0.705 0.04 0.02375
0 0.645 0.71375 0.035 0.03125
0 0.5075 0.705 0.03625 0.02375
0 0.46875 0.66875 0.04 0.04125
0 0.4675 0.70625 0.0375 0.0275
0 0.43 0.7025 0.0375 0.035
0 0.39 0.70375 0.04375 0.02625
0 0.3475 0.67 0.03875 0.02
0 0.34625 0.69125 0.0375 0.01625
0 0.5075 0.67 0.0325 0.03625
0 0.34625 0.715 0.03875 0.02375
0 0.6825 0.71375 0.035 0.03125
0 0.68 0.6775 0.035 0.03125
0 0.3425 0.3125 0.04625 0.0225
0 0.75125 0.78125 0.05625 0.1
0 0.69375 0.785 0.04875 0.05625
0 0.65375 0.7875 0.03125 0.0775
0 0.6125 0.8 0.04125 0.0675
0 0.5725 0.82125 0.03125 0.0325
0 0.6425 0.6775 0.035 0.03125
0 0.57375 0.78 0.03125 0.04625
0 0.4475 0.7925 0.04125 0.09
0 0.35375 0.7875 0.0375 0.085
0 0.3175 0.78875 0.03375 0.0775
0 0.285 0.795 0.0225 0.08
0 0.2575 0.79375 0.025 0.085
0 0.23375 0.79125 0.02125 0.08375
0 0.5125 0.78875 0.08625 0.08375
0 0.41625 0.23625 0.01625 0.10875
0 0.3 0.71375 0.05 0.02125
0 0.26125 0.68 0.02375 0.095
0 0.30125 0.67 0.03375 0.02375
0 0.2975 0.64625 0.01875 0.015
0 0.2975 0.6225 0.02375 0.02
0 0.3 0.595 0.02875 0.0225
0 0.3 0.57125 0.03 0.0175
0 0.2975 0.54625 0.025 0.025
0 0.35375 0.58125 0.03625 0.0625
0 0.2625 0.5725 0.03625 0.08375
0 0.23625 0.49375 0.02125 0.00875
0 0.2375 0.46875 0.03125 0.025
0 0.27375 0.45875 0.03 0.00875
0 0.27125 0.47125 0.0275 0.01375
0 0.2675 0.485 0.035 0.00875
0 0.26875 0.49875 0.035 0.01625
0 0.23125 0.5675 0.02125 0.075
0 0.30125 0.6925 0.0475 0.0175
0 0.3625 0.535 0.04 0.0175
0 0.42875 0.54875 0.03125 0.03875
0 0.24 0.6875 0.0125 0.08625
0 0.22375 0.6825 0.01 0.095
0 0.76375 0.67375 0.0325 0.07375
0 0.6925 0.59625 0.02375 0.02875
0 0.6575 0.595 0.04 0.0325
0 0.61 0.5925 0.03375 0.03375
0 0.38875 0.57875 0.02875 0.05875
0 0.69625 0.55875 0.03 0.0425
0 0.6125 0.5525 0.0375 0.04
0 0.565 0.57125 0.03875 0.0825
0 0.51875 0.57125 0.04375 0.07375
0 0.47125 0.58125 0.045 0.02
0 0.42875 0.58 0.03375 0.01875
0 0.47125 0.55375 0.0425 0.03125
0 0.65875 0.55375 0.03875 0.03875
0 0.395 0.2325 0.0225 0.1125
0 0.45875 0.23375 0.01625 0.1125
0 0.3475 0.23625 0.02125 0.1
0 0.32875 0.24875 0.015 0.07375
0 0.3125 0.2475 0.0125 0.07375
0 0.295 0.23125 0.0175 0.1075
0 0.27375 0.2325 0.02375 0.1125
0 0.25 0.23 0.02375 0.11875
0 0.22875 0.22625 0.01625 0.10875
0 0.37125 0.2375 0.02375 0.10375