0 0.15625 0.44 0.02875 0.05625
0 0.38 0.62375 0.03125 0.055
0 0.34625 0.625 0.0275 0.055
0 0.30875 0.625 0.03375 0.05875
0 0.2775 0.62625 0.02 0.0625
0 0.2525 0.625 0.02 0.0575
0 0.23125 0.62875 0.02 0.055
0 0.20875 0.62875 0.01625 0.06
0 0.18875 0.62875 0.01375 0.05375
0 0.17 0.62875 0.0175 0.05875
0 0.15 0.6275 0.01375 0.0575
0 0.13375 0.62875 0.01375 0.055
0 0.45125 0.625 0.03 0.0525
0 0.485 0.625 0.03125 0.05125
0 0.41625 0.62875 0.03125 0.04
0 0.52125 0.6225 0.03 0.0625
0 0.5575 0.6175 0.0275 0.06875
0 0.85375 0.7075 0.03875 0.10625
0 0.80375 0.70125 0.02625 0.11125
0 0.6175 0.6175 0.03125 0.0675
0 0.65375 0.63875 0.03375 0.02125
0 0.69625 0.6375 0.04 0.02
0 0.71125 0.51875 0.05 0.05875
0 0.64 0.5175 0.0375 0.065
0 0.57125 0.52125 0.03375 0.055
0 0.53375 0.5225 0.035 0.05875
0 0.49625 0.525 0.03125 0.05625
0 0.46375 0.5275 0.02875 0.06125
0 0.425 0.53125 0.03125 0.05375
0 0.58625 0.635 0.02 0.03375
0 0.15125 0.7425 0.03875 0.0325
0 0.155 0.7075 0.0325 0.02125
0 0.18375 0.7125 0.02125 0.05875
0 0.1325 0.44375 0.01125 0.05125
0 0.32125 0.795 0.04375 0.0425
0 0.28 0.80625 0.03625 0.0625
0 0.225 0.81375 0.04375 0.0475
0 0.16625 0.815 0.03375 0.05875
0 0.13625 0.8125 0.02 0.0575
0 0.7 0.70125 0.02125 0.06125
0 0.67625 0.70875 0.02375 0.07125
0 0.645 0.7175 0.02875 0.05
0 0.61625 0.71 0.02375 0.05625
0 0.59875 0.705 0.0125 0.06625
0 0.57875 0.71 0.0225 0.06875
0 0.5525 0.70875 0.025 0.07125
0 0.53125 0.6975 0.0125 0.045
0 0.515 0.7 0.01375 0.05125
0 0.49375 0.71125 0.02 0.0725
0 0.47375 0.71 0.01375 0.06625
0 0.45375 0.7075 0.01875 0.06625
0 0.43125 0.71125 0.01875 0.0725
0 0.41125 0.71 0.0175 0.07
0 0.39 0.70875 0.0125 0.0675
0 0.37375 0.7075 0.01 0.0625
0 0.355 0.71125 0.02125 0.0675
0 0.33 0.715 0.01625 0.0625
0 0.30375 0.72625 0.035 0.05625
0 0.2725 0.7225 0.0175 0.055
0 0.2525 0.71875 0.01625 0.0525
0 0.23375 0.72125 0.015 0.05375
0 0.205 0.70875 0.01125 0.05625
0 0.3875 0.5275 0.03125 0.0575
0 0.3575 0.52375 0.02 0.06625
0 0.22 0.70625 0.0075 0.05
0 0.32375 0.525 0.015 0.065
0 0.39875 0.1775 0.04125 0.13
0 0.53625 0.1775 0.04625 0.17125
0 0.595 0.185 0.05375 0.16625
0 0.64875 0.19625 0.04625 0.1875
0 0.705 0.19375 0.05125 0.18125
0 0.75625 0.19625 0.0275 0.16875
0 0.81375 0.3 0.05625 0.10625
0 0.1475 0.3275 0.0375 0.0925
0 0.19125 0.32875 0.02625 0.07625
0 0.24 0.3225 0.05375 0.0825
0 0.285 0.33375 0.0225 0.0725
0 0.315 0.3425 0.01625 0.0575
0 0.34375 0.34625 0.03 0.0625
0 0.38125 0.34 0.02125 0.0875
0 0.46625 0.33375 0.06125 0.07875
0 0.5175 0.33 0.035 0.08
0 0.56125 0.33 0.0425 0.08375
0 0.6125 0.32875 0.04625 0.07625
0 0.66 0.3275 0.035 0.07375
0 0.71 0.32625 0.0425 0.07125
0 0.66 0.435 0.0175 0.07
0 0.63875 0.43125 0.0175 0.06625
0 0.61375 0.44125 0.02375 0.04625
0 0.58125 0.43625 0.03375 0.055
0 0.5425 0.435 0.0325 0.0575
0 0.5075 0.4325 0.02625 0.06625
0 0.34 0.52625 0.01125 0.065
0 0.47125 0.435 0.03875 0.0625
0 0.435 0.4325 0.035 0.0675
0 0.35125 0.1775 0.03625 0.1375
0 0.295 0.14875 0.0625 0.115
0 0.41625 0.33875 0.03 0.08375
0 0.18875 0.14625 0.03 0.1275
0 0.3225 0.8275 0.04125 0.0175
0 0.48 0.8075 0.0325 0.04875
0 0.22875 0.13875 0.0375 0.13
0 0.51375 0.81 0.02375 0.05625
0 0.54375 0.8025 0.02875 0.0725
0 0.57625 0.79875 0.02125 0.07375
0 0.60875 0.79375 0.03625 0.055
0 0.61125 0.83125 0.0375 0.01375
0 0.65125 0.80125 0.0325 0.0575
0 0.44125 0.80125 0.0325 0.06625
0 0.7575 0.54 0.02625 0.12125
0 0.8625 0.31 0.025 0.12
0 0.30375 0.525 0.02 0.07
0 0.285 0.525 0.01 0.0625
0 0.265 0.52375 0.02125 0.05875
0 0.69625 0.79625 0.0475 0.07
0 0.2375 0.525 0.02375 0.06125
0 0.19875 0.44 0.04625 0.05
0 0.23125 0.43625 0.01125 0.0575
0 0.25 0.4425 0.02125 0.05375
0 0.15125 0.14875 0.0375 0.13125
0 0.3 0.43125 0.015 0.05125
0 0.32125 0.445 0.02125 0.045
0 0.27375 0.44375 0.02125 0.05625
0 0.39125 0.43375 0.035 0.06125
0 0.1325 0.52875 0.0125 0.05875
0 0.155 0.53 0.02625 0.06125
0 0.1825 0.52625 0.02875 0.0625
0 0.21 0.5325 0.025 0.05125
0 0.355 0.4325 0.035 0.06625