0 0.46875 0.6025 0.03375 0.0275
0 0.4325 0.61 0.0325 0.02625
0 0.56625 0.64375 0.02875 0.0275
0 0.535 0.6525 0.0275 0.0275
0 0.56625 0.6075 0.02375 0.03125
0 0.615 0.625 0.06625 0.0275
0 0.69375 0.535 0.065 0.0275
0 0.50125 0.58875 0.03 0.045
0 0.6175 0.56125 0.05625 0.035
0 0.61625 0.595 0.06 0.02375
0 0.53625 0.61875 0.0275 0.03
0 0.50125 0.62875 0.02875 0.02125
0 0.35375 0.63125 0.04 0.04
0 0.46875 0.63625 0.0325 0.02625
0 0.35875 0.67375 0.035 0.0325
0 0.36 0.7125 0.03375 0.03625
0 0.31 0.64625 0.03625 0.0375
0 0.31375 0.685 0.0325 0.03125
0 0.32 0.7275 0.035 0.04
0 0.6925 0.59875 0.075 0.03875
0 0.76 0.51125 0.06 0.02
0 0.76125 0.54375 0.05 0.0325
0 0.7625 0.5775 0.05625 0.03125
0 0.30375 0.56375 0.04 0.0375
0 0.3475 0.5575 0.0375 0.045
0 0.395 0.62 0.035 0.0375
0 0.4 0.6575 0.035 0.03125
0 0.40125 0.70125 0.03125 0.03375
0 0.4375 0.68625 0.02875 0.0325
0 0.695 0.56375 0.07125 0.02375
0 0.47 0.67125 0.03125 0.03375
0 0.50375 0.6625 0.03 0.03375
0 0.3875 0.54875 0.0375 0.04
0 0.4325 0.6475 0.02875 0.0275
0 0.17125 0.37125 0.02125 0.0675
0 0.5825 0.34875 0.01125 0.02625
0 0.65125 0.31375 0.015 0.0275
0 0.665 0.31375 0.00875 0.02875
0 0.675 0.31375 0.01 0.02875
0 0.61125 0.345 0.01375 0.02625
0 0.62375 0.34375 0.01 0.02875
0 0.59375 0.3475 0.01125 0.02875
0 0.63625 0.34375 0.0125 0.02625
0 0.6625 0.3425 0.0075 0.02625
0 0.6725 0.3425 0.0125 0.02625
0 0.69 0.315 0.01 0.0225
0 0.7 0.3125 0.01 0.02625
0 0.685 0.3425 0.00875 0.0225
0 0.69375 0.34125 0.0075 0.0225
0 0.65 0.34375 0.015 0.0275
0 0.55875 0.32125 0.01375 0.0275
0 0.5725 0.32125 0.0125 0.02625
0 0.58375 0.32125 0.00875 0.025
0 0.16125 0.43625 0.0325 0.06
0 0.1925 0.4325 0.02375 0.05
0 0.21625 0.43 0.02375 0.0525
0 0.27375 0.39 0.02375 0.095
0 0.30125 0.38625 0.03 0.0925
0 0.3275 0.38625 0.02 0.09125
0 0.35 0.38125 0.0225 0.08125
0 0.37 0.37875 0.015 0.085
0 0.43375 0.39 0.0925 0.06875
0 0.56 0.3725 0.025 0.0575
0 0.63375 0.31625 0.0125 0.02625
0 0.62375 0.31625 0.0075 0.02625
0 0.6125 0.31875 0.01125 0.03
0 0.6025 0.31875 0.01 0.02875
0 0.5925 0.32 0.01 0.02875
0 0.70375 0.34 0.01125 0.025
0 0.615 0.37875 0.0175 0.02875
0 0.62875 0.3775 0.01 0.03125
0 0.64 0.375 0.01 0.02625
0 0.37125 0.19625 0.035 0.1325
0 0.40875 0.2 0.03625 0.125
0 0.455 0.24125 0.04125 0.03125
0 0.50875 0.2025 0.0325 0.10875
0 0.54125 0.20375 0.03125 0.1075
0 0.5725 0.2025 0.025 0.105
0 0.5975 0.20375 0.025 0.1
0 0.62375 0.20375 0.02375 0.10125
0 0.64625 0.20625 0.02 0.09625
0 0.66875 0.2075 0.01875 0.0925
0 0.68875 0.21125 0.02125 0.08625
0 0.71375 0.21125 0.0225 0.08875
0 0.73375 0.2125 0.01625 0.085
0 0.75375 0.21125 0.015 0.08375
0 0.7725 0.2125 0.02 0.08125
0 0.33375 0.19875 0.03125 0.12875
0 0.135 0.4375 0.01875 0.055
0 0.29375 0.19375 0.04375 0.13625
0 0.16375 0.19375 0.04125 0.13875
0 0.65125 0.37375 0.01375 0.02875
0 0.6625 0.3725 0.01 0.0275
0 0.6725 0.37125 0.01 0.0275
0 0.68375 0.36875 0.01125 0.025
0 0.69375 0.36875 0.0075 0.025
0 0.7025 0.36875 0.0075 0.02625
0 0.71375 0.36625 0.01375 0.02875
0 0.72625 0.36375 0.01 0.025
0 0.7375 0.36375 0.01125 0.02375
0 0.71625 0.3375 0.01125 0.02125
0 0.7275 0.3375 0.01125 0.0225
0 0.74 0.33625 0.0125 0.025
0 0.71625 0.30875 0.01125 0.02625
0 0.72875 0.30875 0.01 0.02375
0 0.7425 0.3075 0.015 0.025
0 0.24875 0.19375 0.04125 0.13625
0 0.14375 0.37125 0.03125 0.0675
0 0.53375 0.5825 0.0275 0.0275
0 0.49875 0.51875 0.02875 0.03125
0 0.71875 0.46875 0.02 0.025
0 0.69625 0.4725 0.0225 0.0175
0 0.67 0.48125 0.02125 0.025
0 0.64625 0.485 0.02625 0.0175
0 0.61875 0.4925 0.02125 0.03
0 0.5625 0.5075 0.02875 0.03125
0 0.53375 0.51 0.02875 0.02625
0 0.29875 0.52 0.04125 0.0375
0 0.34375 0.51125 0.04 0.03125
0 0.38375 0.505 0.035 0.04
0 0.42375 0.4925 0.02875 0.03375
0 0.46125 0.485 0.035 0.0425
0 0.495 0.4775 0.025 0.03125
0 0.19875 0.36875 0.03375 0.06125
0 0.46125 0.5275 0.03125 0.03375
0 0.42625 0.53375 0.03 0.0375
0 0.56375 0.5725 0.01875 0.02625
0 0.7425 0.46 0.02125 0.0275
0 0.7625 0.4575 0.0175 0.02125
0 0.59375 0.495 0.02375 0.02625
0 0.52875 0.47125 0.0325 0.03
0 0.18875 0.53625 0.05125 0.04375
0 0.195 0.59 0.05375 0.03875
0 0.78125 0.4575 0.01875 0.02125
0 0.22875 0.67125 0.05125 0.03625
0 0.235 0.715 0.0525 0.03875
0 0.17625 0.73375 0.0575 0.03375
0 0.23625 0.76 0.03625 0.035
0 0.1825 0.7825 0.04875 0.0425
0 0.7825 0.42125 0.0175 0.02125
0 0.17125 0.6875 0.0525 0.03625
0 0.74125 0.42625 0.0225 0.02375
0 0.71875 0.43625 0.0225 0.03
0 0.6975 0.44125 0.01875 0.02
0 0.675 0.44625 0.02375 0.03125
0 0.64875 0.45 0.02875 0.0225
0 0.6225 0.455 0.02375 0.03375
0 0.595 0.46125 0.03 0.0225
0 0.5625 0.4675 0.0325 0.03625
0 0.76375 0.4225 0.02 0.01875