0 0.45 0.6725 0.025 0.07625
0 0.67 0.67 0.02625 0.0725
0 0.7075 0.66 0.03875 0.0575
0 0.83375 0.68875 0.06125 0.035
0 0.76625 0.69 0.0625 0.0325
0 0.84 0.5775 0.06125 0.04375
0 0.76875 0.585 0.065 0.04375
0 0.70125 0.58 0.06 0.04375
0 0.635 0.5775 0.0575 0.04375
0 0.515 0.58625 0.06625 0.04125
0 0.4475 0.5825 0.05875 0.03625
0 0.3825 0.5825 0.055 0.04125
0 0.31875 0.5775 0.06125 0.045
0 0.27 0.57125 0.03375 0.07125
0 0.23125 0.57375 0.035 0.05375
0 0.18375 0.57875 0.05125 0.055
0 0.70375 0.80125 0.02375 0.055
0 0.375 0.48875 0.0525 0.01875
0 0.3725 0.45875 0.05375 0.02375
0 0.315 0.475 0.05375 0.04375
0 0.65375 0.46625 0.04625 0.05625
0 0.59875 0.47375 0.05375 0.04625
0 0.53875 0.47125 0.05625 0.0425
0 0.7125 0.4725 0.05875 0.04375
0 0.81625 0.3625 0.06375 0.045
0 0.745 0.365 0.0625 0.04125
0 0.575 0.67875 0.02625 0.05625
0 0.6775 0.365 0.065 0.045
0 0.60625 0.675 0.02875 0.06625
0 0.48125 0.6725 0.03375 0.075
0 0.73375 0.8025 0.0225 0.05
0 0.76 0.80125 0.025 0.0525
0 0.78875 0.8025 0.02125 0.05
0 0.81625 0.8 0.025 0.05375
0 0.84375 0.79 0.0225 0.05375
0 0.67375 0.8025 0.02125 0.05125
0 0.64375 0.80375 0.0275 0.0475
0 0.615 0.80375 0.025 0.05125
0 0.585 0.79875 0.025 0.05875
0 0.5525 0.8 0.03 0.05625
0 0.52125 0.79125 0.025 0.075
0 0.49125 0.7925 0.025 0.05875
0 0.4625 0.8025 0.01875 0.055
0 0.43625 0.79625 0.02125 0.07375
0 0.4075 0.79125 0.0225 0.08625
0 0.37 0.78875 0.0375 0.08625
0 0.3075 0.79625 0.0775 0.07125
0 0.24 0.79875 0.0575 0.0625
0 0.1925 0.8075 0.02875 0.04625
0 0.19 0.68125 0.04125 0.07
0 0.14375 0.685 0.03625 0.06125
0 0.275 0.68 0.03 0.0675
0 0.24375 0.68125 0.03 0.06625
0 0.41875 0.6725 0.0325 0.07375
0 0.38 0.6725 0.03625 0.07625
0 0.63875 0.67375 0.0275 0.065
0 0.535 0.36 0.0525 0.05625
0 0.22125 0.48 0.0675 0.04625
0 0.425 0.325 0.06 0.0325
0 0.72875 0.12375 0.06625 0.075
0 0.655 0.125 0.0575 0.075
0 0.69375 0.03125 0.0575 0.0375
0 0.635 0.02875 0.0525 0.04
0 0.5775 0.125 0.06375 0.07875
0 0.5675 0.025 0.05625 0.04
0 0.4275 0.13 0.065 0.0675
0 0.80125 0.02625 0.05875 0.035
0 0.37625 0.1375 0.02875 0.06125
0 0.29625 0.12125 0.0525 0.08125
0 0.25375 0.14625 0.02625 0.0375
0 0.41125 0.02625 0.05125 0.04625
0 0.3225 0.02875 0.05375 0.0475
0 0.2625 0.03 0.05375 0.05
0 0.20125 0.02875 0.05625 0.0525
0 0.48375 0.3625 0.045 0.05125
0 0.34375 0.1375 0.02625 0.05625
0 0.8 0.12375 0.06125 0.07
0 0.495 0.13 0.05875 0.06625
0 0.8 0.24375 0.055 0.0475
0 0.4275 0.37 0.05875 0.0525
0 0.74 0.24625 0.05375 0.04625
0 0.31 0.36 0.04875 0.06375
0 0.25625 0.355 0.04875 0.0725
0 0.185 0.2425 0.02625 0.05875
0 0.15375 0.24125 0.0275 0.0575
0 0.23625 0.23625 0.07125 0.07125
0 0.3 0.26125 0.0475 0.02
0 0.29875 0.2325 0.0475 0.02375
0 0.36375 0.36125 0.0525 0.0575
0 0.68125 0.2575 0.045 0.02375
0 0.35125 0.23375 0.04625 0.025
0 0.405 0.24875 0.05375 0.04625
0 0.46375 0.25875 0.04625 0.0325
0 0.51625 0.26 0.04625 0.0275
0 0.5725 0.24875 0.05125 0.045
0 0.6275 0.25625 0.04625 0.02875
0 0.35 0.25875 0.0475 0.0225