0 0.415 0.3325 0.045 0.08125
0 0.575 0.1975 0.0375 0.075
0 0.72625 0.34125 0.07375 0.05
0 0.65625 0.32 0.04625 0.095
0 0.60875 0.32 0.04375 0.09625
0 0.46125 0.3325 0.0425 0.0825
0 0.32875 0.34 0.0375 0.06875
0 0.24125 0.3425 0.0375 0.06875
0 0.18875 0.35375 0.0625 0.04625
0 0.2075 0.21125 0.065 0.05875
0 0.14875 0.21125 0.04625 0.05875
0 0.37 0.33125 0.03875 0.08625
0 0.26625 0.2025 0.04625 0.07875
0 0.3575 0.2 0.045 0.08125
0 0.40125 0.2 0.04125 0.07875
0 0.44375 0.2 0.04 0.08
0 0.48625 0.1975 0.04125 0.0825
0 0.53125 0.19125 0.045 0.09
0 0.55875 0.3225 0.05375 0.09625
0 0.3125 0.20375 0.0425 0.075
0 0.5075 0.33375 0.04375 0.0825
0 0.82875 0.3475 0.04125 0.05375
0 0.615 0.19375 0.04 0.08375
0 0.21875 0.57375 0.02875 0.06875
0 0.25 0.57375 0.03 0.0675
0 0.3425 0.58375 0.0475 0.0425
0 0.3925 0.56625 0.04375 0.0525
0 0.43875 0.57875 0.0475 0.045
0 0.48875 0.5775 0.045 0.04875
0 0.5375 0.5775 0.0425 0.04375
0 0.185 0.58125 0.03125 0.05375
0 0.58375 0.575 0.045 0.04
0 0.69 0.57 0.04625 0.04625
0 0.735 0.56875 0.04 0.045
0 0.77375 0.61375 0.045 0.0325
0 0.82 0.6125 0.04375 0.02875
0 0.8525 0.75125 0.0375 0.04375
0 0.81125 0.74875 0.0375 0.05125
0 0.77 0.7675 0.04125 0.0175
0 0.6225 0.57375 0.02375 0.0425
0 0.78625 0.35 0.04 0.06125
0 0.15125 0.575 0.0325 0.07125
0 0.2025 0.4775 0.03125 0.05625
0 0.82375 0.48625 0.0425 0.05375
0 0.78 0.4875 0.0425 0.055
0 0.7 0.48 0.04375 0.045
0 0.65625 0.48125 0.03875 0.04875
0 0.61375 0.47 0.03875 0.0725
0 0.575 0.4725 0.035 0.07375
0 0.5375 0.47125 0.03625 0.0725
0 0.16875 0.4725 0.0325 0.06625
0 0.50125 0.47625 0.0325 0.07
0 0.42875 0.47875 0.035 0.07125
0 0.38375 0.4925 0.045 0.0425
0 0.33875 0.49125 0.03875 0.045
0 0.29375 0.4725 0.03625 0.0125
0 0.29375 0.4975 0.04125 0.00875
0 0.2925 0.50875 0.03875 0.01125
0 0.2375 0.475 0.03625 0.0625
0 0.46625 0.4775 0.03625 0.0675
0 0.6575 0.1975 0.0375 0.0725
0 0.29125 0.59375 0.0475 0.03
0 0.74375 0.2 0.0375 0.0625
0 0.595 0.875 0.02875 0.0825
0 0.5575 0.9075 0.0425 0.0225
0 0.51375 0.9025 0.04 0.035
0 0.46875 0.9 0.0425 0.0475
0 0.42375 0.9025 0.0425 0.0425
0 0.3775 0.9025 0.0425 0.05
0 0.335 0.91125 0.0375 0.0375
0 0.28125 0.8825 0.0425 0.09375
0 0.225 0.88125 0.0525 0.09875
0 0.18 0.89125 0.03375 0.0925
0 0.14375 0.8925 0.03625 0.09
0 0.14625 0.7825 0.025 0.055
0 0.17375 0.78125 0.02375 0.05375
0 0.2025 0.77375 0.025 0.06
0 0.23625 0.775 0.0375 0.06125
0 0.62625 0.87625 0.03 0.08
0 0.27375 0.75375 0.01875 0.0425
0 0.6725 0.87 0.03125 0.08625
0 0.755 0.86125 0.04 0.0975
0 0.13375 0.67875 0.0175 0.065
0 0.16 0.67875 0.02875 0.06375
0 0.1925 0.68 0.03125 0.06125
0 0.25875 0.67875 0.0325 0.06
0 0.345 0.67125 0.02625 0.0475
0 0.3725 0.67 0.025 0.05
0 0.415 0.6725 0.05125 0.04125
0 0.46875 0.67 0.0525 0.03875
0 0.515 0.67125 0.03625 0.035
0 0.70125 0.2 0.04625 0.06625
0 0.595 0.665 0.0375 0.04375
0 0.63625 0.6625 0.04 0.04375
0 0.685 0.66375 0.05625 0.0375
0 0.8625 0.8575 0.025 0.08875
0 0.83125 0.865 0.03125 0.08375
0 0.7125 0.865 0.03625 0.09625
0 0.2975 0.77375 0.025 0.0625
0 0.55625 0.66625 0.03875 0.04125
0 0.3425 0.77125 0.02 0.0625
0 0.32 0.7725 0.02125 0.0625
0 0.68625 0.05125 0.02375 0.05
0 0.715 0.05125 0.02625 0.05
0 0.48625 0.05 0.02625 0.05375
0 0.65625 0.055 0.0275 0.03875
0 0.6275 0.055 0.02375 0.04
0 0.525 0.04875 0.04625 0.055
0 0.7425 0.05 0.025 0.0475
0 0.44125 0.0525 0.0575 0.05125
0 0.79125 0.06 0.065 0.02875
0 0.3875 0.0575 0.0425 0.04
0 0.345 0.0575 0.04 0.04
0 0.15125 0.05125 0.0525 0.0625
0 0.8625 0.19875 0.02375 0.06125
0 0.82875 0.1975 0.04 0.06375
0 0.19875 0.0475 0.03375 0.07
0 0.5575 0.75375 0.0375 0.08375
0 0.42125 0.74125 0.02375 0.04875
0 0.44875 0.76125 0.0275 0.07
0 0.47875 0.74375 0.025 0.05875
0 0.51625 0.76 0.04125 0.0725
0 0.78625 0.2 0.0425 0.06375
0 0.395 0.7725 0.02625 0.0625
0 0.5725 0.04875 0.04625 0.05875
0 0.6375 0.775 0.03375 0.0375
0 0.6775 0.76125 0.04 0.02
0 0.67875 0.78375 0.0425 0.02
0 0.72375 0.7825 0.04125 0.01375
0 0.725 0.76375 0.04375 0.02125
0 0.6 0.7575 0.04 0.07125
0 0.36875 0.7725 0.025 0.065