0 0.625 0.605 0.04 0.03625
0 0.625 0.5675 0.04 0.03625
0 0.6625 0.11 0.0425 0.02625
0 0.73125 0.08125 0.04 0.02875
0 0.7075 0.10875 0.045 0.02625
0 0.57125 0.56875 0.05375 0.0325
0 0.62 0.11 0.04125 0.02875
0 0.51625 0.07625 0.06 0.02375
0 0.57125 0.605 0.05375 0.0375
0 0.4275 0.50375 0.03625 0.03125
0 0.515 0.605 0.0525 0.03625
0 0.46125 0.60625 0.04875 0.03875
0 0.4625 0.565 0.04875 0.04125
0 0.46625 0.505 0.03875 0.03375
0 0.515 0.505 0.06 0.03375
0 0.51125 0.47 0.06875 0.03625
0 0.46375 0.47625 0.0225 0.025
0 0.5725 0.1075 0.05375 0.03375
0 0.51375 0.56625 0.05375 0.03875
0 0.515 0.105 0.06 0.03
0 0.26 0.49875 0.03375 0.0375
0 0.425 0.10375 0.0375 0.03
0 0.435 0.47375 0.035 0.02875
0 0.81625 0.60375 0.04875 0.03625
0 0.1525 0.50125 0.05125 0.0375
0 0.1525 0.46125 0.05125 0.04
0 0.20625 0.50125 0.04875 0.04
0 0.205 0.46125 0.05 0.04125
0 0.2575 0.46125 0.0425 0.035
0 0.305 0.50125 0.04375 0.03875
0 0.30375 0.46375 0.045 0.03375
0 0.38375 0.135 0.04375 0.03125
0 0.33625 0.135 0.04625 0.03125
0 0.335 0.1 0.04 0.0375
0 0.38375 0.1025 0.04625 0.0325
0 0.36875 0.50125 0.08 0.0375
0 0.71625 0.6 0.03875 0.0375
0 0.715 0.56375 0.04125 0.02875
0 0.66875 0.5675 0.04375 0.03625
0 0.6725 0.605 0.0425 0.03625
0 0.37125 0.46375 0.0775 0.035
0 0.46375 0.105 0.03875 0.03125
0 0.57375 0.50375 0.0525 0.03625
0 0.34 0.17 0.0375 0.03375
0 0.625 0.505 0.0475 0.0375
0 0.65625 0.2325 0.0375 0.03375
0 0.615 0.23375 0.0425 0.03125
0 0.56375 0.23125 0.0575 0.0275
0 0.56375 0.26625 0.0575 0.03125
0 0.61375 0.2675 0.04125 0.03375
0 0.655 0.26875 0.0375 0.03
0 0.69375 0.2675 0.03875 0.03
0 0.7275 0.27875 0.0275 0.07625
0 0.695 0.30125 0.03875 0.03
0 0.695 0.2325 0.03875 0.035
0 0.65375 0.3025 0.04125 0.0325
0 0.56625 0.29875 0.055 0.03125
0 0.45875 0.2675 0.03625 0.02875
0 0.42 0.2675 0.04 0.0275
0 0.4175 0.29875 0.03625 0.03125
0 0.4575 0.3 0.0425 0.03125
0 0.50875 0.30125 0.0575 0.03
0 0.5075 0.26875 0.055 0.03375
0 0.5075 0.23625 0.055 0.03125
0 0.45875 0.235 0.03625 0.03375
0 0.61375 0.30125 0.03875 0.035
0 0.42125 0.2375 0.04 0.03125
0 0.77625 0.28125 0.02625 0.07625
0 0.3925 0.0775 0.045 0.01875
0 0.38375 0.17 0.04625 0.03375
0 0.4275 0.16875 0.035 0.03
0 0.465 0.17 0.0375 0.03375
0 0.5125 0.17125 0.05625 0.03125
0 0.56875 0.1725 0.0575 0.03375
0 0.62 0.17125 0.0425 0.03625
0 0.66625 0.17125 0.045 0.035
0 0.31 0.60375 0.05 0.03625
0 0.1525 0.125 0.0475 0.03
0 0.43375 0.07875 0.035 0.01875
0 0.1525 0.16 0.04625 0.0375
0 0.7925 0.0875 0.0775 0.0375
0 0.7575 0.14875 0.045 0.0775
0 0.8175 0.14875 0.075 0.0825
0 0.8275 0.28 0.0775 0.07375
0 0.37375 0.9925 0.05 0.01375
0 0.4375 0.98125 0.0625 0.01875
0 0.43625 0.955 0.065 0.03125
0 0.3475 0.07375 0.03625 0.01125
0 0.31375 0.07375 0.03 0.015
0 0.85375 0.0875 0.04125 0.0375
0 0.5725 0.46875 0.055 0.0325
0 0.3775 0.23875 0.045 0.0325
0 0.3775 0.3 0.0425 0.02875
0 0.505 0.37 0.05875 0.03625
0 0.50625 0.4075 0.0625 0.03375
0 0.4575 0.40875 0.03375 0.03
0 0.4225 0.40875 0.035 0.03
0 0.30625 0.36625 0.05125 0.03375
0 0.31 0.40375 0.045 0.03125
0 0.26375 0.40375 0.03875 0.0325
0 0.21375 0.39875 0.04625 0.0425
0 0.2075 0.35125 0.05 0.03875
0 0.4575 0.37875 0.03375 0.0275
0 0.1575 0.35125 0.045 0.04375
0 0.83625 0.47625 0.07 0.03375
0 0.5725 0.0775 0.05 0.025
0 0.835 0.5075 0.0725 0.02875
0 0.78 0.4775 0.03375 0.03
0 0.78 0.50875 0.0325 0.02875
0 0.71375 0.465 0.04375 0.0425
0 0.715 0.505 0.04375 0.03625
0 0.67 0.505 0.03875 0.0375
0 0.62625 0.46875 0.045 0.0325
0 0.165 0.39875 0.05 0.045
0 0.3775 0.27 0.0425 0.03
0 0.4225 0.38 0.0375 0.02375
0 0.56875 0.3775 0.055 0.02
0 0.3325 0.2625 0.0475 0.03125
0 0.3275 0.295 0.05625 0.03375
0 0.1925 0.2925 0.04625 0.0325
0 0.13625 0.07875 0.02 0.03375
0 0.69125 0.08125 0.03625 0.02875
0 0.6525 0.0825 0.03875 0.02375
0 0.61625 0.0825 0.03375 0.0225
0 0.15125 0.21625 0.05 0.03625
0 0.1525 0.255 0.04875 0.03875
0 0.56875 0.40625 0.055 0.03625
0 0.1475 0.295 0.0425 0.0375
0 0.855 0.41 0.0375 0.0275
0 0.78875 0.375 0.035 0.02
0 0.79125 0.40375 0.0325 0.0375
0 0.61875 0.37 0.04 0.0225
0 0.6625 0.37 0.04625 0.02375
0 0.715 0.38375 0.0475 0.08
0 0.6675 0.40375 0.03875 0.0375
0 0.62375 0.405 0.045 0.0375
0 0.565 0.35625 0.06 0.02125
0 0.85375 0.3825 0.0375 0.02625
0 0.4675 0.07875 0.03375 0.0175
0 0.16625 0.075 0.035 0.03875
0 0.39125 0.9125 0.1325 0.0425
0 0.3975 0.705 0.05 0.03625
0 0.325 0.67125 0.05 0.03625
0 0.31875 0.7075 0.06125 0.03625
0 0.20375 0.65875 0.06 0.04875
0 0.62125 0.1375 0.0425 0.03125
0 0.57 0.1375 0.05875 0.03125
0 0.5125 0.1375 0.05375 0.0325
0 0.46375 0.1375 0.04125 0.03125
0 0.19875 0.705 0.05125 0.045
0 0.14625 0.66125 0.0425 0.04875
0 0.1475 0.7075 0.04 0.04125
0 0.84375 0.7675 0.05625 0.03875
0 0.7925 0.7675 0.04625 0.03875
0 0.8525 0.81125 0.045 0.04
0 0.7975 0.8125 0.0625 0.0425
0 0.71625 0.7525 0.05875 0.03625
0 0.6575 0.75375 0.06125 0.04
0 0.7175 0.80125 0.055 0.05625
0 0.655 0.8025 0.0675 0.05625
0 0.39875 0.66625 0.04625 0.04
0 0.4475 0.7075 0.0475 0.0375
0 0.4475 0.67 0.04625 0.03625
0 0.5 0.71125 0.055 0.0325
0 0.2525 0.6 0.04875 0.0375
0 0.19375 0.6 0.0575 0.045
0 0.19125 0.55625 0.06125 0.03875
0 0.1425 0.5575 0.03375 0.04625
0 0.14375 0.6025 0.03375 0.0425
0 0.73375 0.66375 0.03125 0.04
0 0.73375 0.70375 0.03125 0.0425
0 0.835 0.70625 0.04 0.03125
0 0.83 0.67375 0.05125 0.0325
0 0.49625 0.80375 0.06 0.035
0 0.78875 0.68875 0.02875 0.05375
0 0.6875 0.70625 0.0575 0.0425
0 0.62625 0.66375 0.06125 0.0425
0 0.625 0.70625 0.06375 0.04
0 0.5625 0.67 0.06125 0.035
0 0.71125 0.1725 0.045 0.0325
0 0.71 0.14 0.04375 0.03
0 0.66625 0.14 0.045 0.02875
0 0.5625 0.7075 0.06 0.0375
0 0.50125 0.67375 0.0525 0.04
0 0.6875 0.665 0.06 0.03875
0 0.5475 0.8075 0.04125 0.0425
0 0.5925 0.80875 0.045 0.04
0 0.59625 0.765 0.04875 0.0325
0 0.5475 0.91625 0.04125 0.04
0 0.42375 0.13625 0.0375 0.03125
0 0.595 0.87375 0.05 0.04125
0 0.59375 0.9175 0.05125 0.04125
0 0.6575 0.8575 0.06875 0.0425
0 0.6575 0.90625 0.06875 0.055
0 0.71875 0.8625 0.04875 0.0425
0 0.71875 0.91 0.05 0.0525
0 0.83375 0.86875 0.04625 0.0425
0 0.55375 0.87375 0.03125 0.04
0 0.83375 0.91125 0.0475 0.04125
0 0.79125 0.915 0.0375 0.0325
0 0.69625 0.98125 0.0775 0.03375
0 0.62 0.98 0.0625 0.04
0 0.565 0.9775 0.0375 0.0425
0 0.52875 0.9775 0.0325 0.0425
0 0.4925 0.9775 0.0375 0.045
0 0.31125 0.985 0.0625 0.02875
0 0.23375 0.9875 0.045 0.01375
0 0.23 0.9625 0.0425 0.0325
0 0.79 0.8775 0.04125 0.04
0 0.2525 0.5625 0.04875 0.03625
0 0.49125 0.91875 0.05875 0.04
0 0.14625 0.86375 0.0375 0.04375
0 0.55 0.76625 0.0325 0.0325
0 0.5 0.75625 0.05625 0.04
0 0.43625 0.77 0.04875 0.04875
0 0.435 0.8125 0.05125 0.035
0 0.3825 0.775 0.04875 0.0375
0 0.385 0.8125 0.04625 0.035
0 0.33875 0.78875 0.03625 0.0775
0 0.30125 0.81125 0.03 0.05
0 0.265 0.78375 0.04125 0.04625
0 0.4925 0.87625 0.06375 0.0425
0 0.245 0.8175 0.045 0.0225
0 0.19625 0.7625 0.0575 0.05375
0 0.145 0.76625 0.03625 0.04375
0 0.145 0.81 0.0375 0.04375
0 0.39375 0.8675 0.12875 0.0475
0 0.29625 0.8975 0.045 0.07625
0 0.24625 0.8775 0.05 0.0625
0 0.195 0.87125 0.04875 0.055
0 0.1925 0.9175 0.05125 0.03875
0 0.14625 0.91375 0.0375 0.05125
0 0.195 0.81125 0.05875 0.0425
0 0.4125 0.5625 0.0475 0.03375
0 0.4125 0.6 0.04875 0.0375
0 0.30875 0.56875 0.05125 0.03125