0 0.83 0.6875 0.09125 0.02
0 0.835 0.66625 0.08375 0.0175
0 0.84125 0.64375 0.08875 0.01625
0 0.16625 0.64 0.11125 0.0125
0 0.9375 0.6675 0.0925 0.01625
0 0.92875 0.6875 0.09125 0.01625
0 0.15625 0.78375 0.1 0.025
0 0.94125 0.6025 0.08875 0.01375
0 0.94125 0.6475 0.095 0.02125
0 0.7375 0.6875 0.0825 0.02
0 0.565 0.64375 0.095 0.02125
0 0.745 0.6425 0.09875 0.02125
0 0.64 0.68 0.0825 0.0425
0 0.5475 0.67625 0.0825 0.025
0 0.4625 0.67375 0.08 0.04625
0 0.37875 0.65 0.0925 0.01875
0 0.375 0.6725 0.08 0.015
0 0.37375 0.68875 0.0775 0.01625
0 0.27375 0.68375 0.10375 0.02
0 0.94875 0.58125 0.085 0.02
0 0.27125 0.6475 0.10125 0.0275
0 0.74125 0.66375 0.09 0.01875
0 0.855 0.5575 0.09625 0.0175
0 0.2675 0.8125 0.1025 0.0175
0 0.84125 0.6 0.09 0.0175
0 0.85 0.75 0.09 0.04
0 0.8375 0.8075 0.09375 0.02125
0 0.945 0.745 0.0875 0.03
0 0.94375 0.77625 0.09125 0.02
0 0.93625 0.80125 0.09875 0.02
0 0.7375 0.805 0.10375 0.02
0 0.73875 0.78125 0.09625 0.01875
0 0.74125 0.7475 0.1075 0.03625
0 0.6175 0.78 0.11 0.08125
0 0.4975 0.80375 0.11 0.02375
0 0.37625 0.5975 0.0975 0.02375
0 0.3925 0.79375 0.09 0.03625
0 0.26375 0.77625 0.105 0.03
0 0.16 0.81375 0.09875 0.02875
0 0.48375 0.57 0.0975 0.02125
0 0.58875 0.5725 0.10625 0.0175
0 0.48375 0.6 0.1025 0.0225
0 0.58625 0.59875 0.095 0.02375
0 0.74375 0.5525 0.0925 0.01625
0 0.74375 0.575 0.085 0.02125
0 0.745 0.6 0.09 0.02125
0 0.84625 0.58 0.09 0.01875
0 0.84375 0.7875 0.08375 0.0175
0 0.49625 0.76 0.12 0.05625
0 0.26125 0.5975 0.08875 0.02125
0 0.2675 0.2925 0.12375 0.02375
0 0.26625 0.265 0.125 0.02625
0 0.26375 0.23125 0.1325 0.02625
0 0.39125 0.235 0.11625 0.02875
0 0.3925 0.2625 0.115 0.01875
0 0.3925 0.2975 0.115 0.02875
0 0.12875 0.29 0.1375 0.02875
0 0.55875 0.27875 0.105 0.02125
0 0.66625 0.26 0.1075 0.01875
0 0.66625 0.28125 0.09625 0.02
0 0.37625 0.56875 0.1 0.02375
0 0.765 0.27 0.025 0.0825
0 0.7975 0.26875 0.03625 0.085
0 0.16625 0.68625 0.10125 0.02375
0 0.56125 0.30125 0.09875 0.02125
0 0.1225 0.26 0.12875 0.0225
0 0.11125 0.22625 0.1325 0.02875
0 0.96125 0.16375 0.0775 0.0775
0 0.10625 0.16625 0.12625 0.03125
0 0.1025 0.13625 0.14 0.0225
0 0.22625 0.16625 0.10875 0.03
0 0.23 0.1375 0.1075 0.025
0 0.36 0.1425 0.13625 0.02875
0 0.36125 0.17625 0.13625 0.035
0 0.4525 0.16 0.03 0.065
0 0.4875 0.15875 0.02125 0.06375
0 0.5125 0.16 0.02125 0.06875
0 0.545 0.16125 0.02875 0.0725
0 0.57875 0.16125 0.0275 0.07125
0 0.65375 0.1775 0.115 0.03
0 0.6525 0.145 0.11875 0.0325
0 0.7675 0.16375 0.04875 0.07625
0 0.865 0.16375 0.095 0.07625
0 0.82875 0.27 0.02625 0.09
0 0.86375 0.27125 0.04125 0.0875
0 0.6675 0.3025 0.09625 0.02
0 0.93875 0.27625 0.03875 0.0925
0 0.4175 0.47375 0.09375 0.0225
0 0.40125 0.50125 0.12 0.02625
0 0.57875 0.49625 0.0925 0.0325
0 0.7175 0.4725 0.0275 0.05
0 0.9 0.27375 0.0225 0.08625
0 0.78625 0.48625 0.0275 0.0725
0 0.82 0.48625 0.0325 0.07
0 0.855 0.485 0.03125 0.06625
0 0.8825 0.485 0.0225 0.06875
0 0.90875 0.48875 0.0275 0.07875
0 0.96 0.5075 0.07375 0.03125
0 0.15125 0.5525 0.11125 0.0175
0 0.15 0.575 0.11 0.025
0 0.15375 0.6 0.10375 0.02125
0 0.27125 0.57125 0.105 0.0175
0 0.2825 0.47625 0.10625 0.02375
0 0.27625 0.50625 0.1175 0.02
0 0.74875 0.475 0.035 0.04625
0 0.15375 0.47125 0.1125 0.02375
0 0.97875 0.2775 0.04125 0.0925
0 0.15125 0.5025 0.12625 0.03
0 0.25375 0.34625 0.1 0.02125
0 0.12375 0.3725 0.11125 0.02
0 0.1275 0.4 0.115 0.03125
0 0.25 0.40375 0.12125 0.025
0 0.25625 0.375 0.1075 0.02375
0 0.1325 0.34375 0.12375 0.0225
0 0.3675 0.37875 0.1125 0.02125
0 0.36875 0.3525 0.11125 0.0275
0 0.15125 0.44625 0.12125 0.0225
0 0.93375 0.3925 0.13125 0.06375
0 0.16625 0.66375 0.1025 0.0125
0 0.48625 0.40625 0.10625 0.02125
0 0.485 0.38125 0.1075 0.0275
0 0.37125 0.40375 0.1075 0.01625
0 0.795 0.39 0.14125 0.08