0 0.295 0.62875 0.02 0.02625
0 0.31875 0.6275 0.02 0.025
0 0.345 0.62125 0.02 0.02
0 0.26625 0.63125 0.025 0.02625
0 0.41 0.56125 0.02125 0.015
0 0.395 0.58125 0.01875 0.02
0 0.42125 0.58375 0.02125 0.0175
0 0.4925 0.54625 0.01 0.01375
0 0.4725 0.54625 0.015 0.0225
0 0.265 0.605 0.0225 0.01625
0 0.435 0.56 0.02375 0.02375
0 0.2925 0.60375 0.025 0.01625
0 0.39 0.67125 0.015 0.0525
0 0.345 0.59875 0.0225 0.01875
0 0.58875 0.26 0.055 0.0375
0 0.63375 0.2675 0.0325 0.02125
0 0.685 0.25 0.04875 0.05
0 0.25375 0.32625 0.0625 0.0575
0 0.25125 0.38125 0.05625 0.04375
0 0.315 0.38 0.04 0.04125
0 0.38625 0.3625 0.0875 0.0625
0 0.495 0.3225 0.05125 0.0425
0 0.49375 0.36875 0.0475 0.0425
0 0.54875 0.3225 0.045 0.03625
0 0.555 0.37 0.0425 0.04125
0 0.6625 0.36125 0.04125 0.03875
0 0.71 0.35625 0.03625 0.035
0 0.75375 0.3575 0.03 0.0425
0 0.67625 0.3275 0.03 0.0175
0 0.655 0.3075 0.03375 0.015
0 0.70875 0.45 0.03125 0.05
0 0.3275 0.575 0.0225 0.0275
0 0.2875 0.57625 0.03 0.02
0 0.2575 0.58125 0.02625 0.02
0 0.265 0.5175 0.03625 0.0225
0 0.325 0.5025 0.03875 0.03125
0 0.38 0.4925 0.05375 0.04125
0 0.32125 0.60125 0.02 0.01875
0 0.435 0.47625 0.035 0.06875
0 0.51125 0.4675 0.0325 0.06125
0 0.5475 0.46 0.02375 0.0625
0 0.5775 0.46375 0.02875 0.05625
0 0.615 0.46125 0.03625 0.05625
0 0.675 0.4525 0.02 0.05875
0 0.74625 0.43875 0.0275 0.0625
0 0.4725 0.47375 0.03625 0.07375
0 0.65125 0.45625 0.02375 0.05625
0 0.725 0.54875 0.015 0.02
0 0.51 0.565 0.0225 0.0125
0 0.565 0.645 0.0125 0.05875
0 0.59125 0.6375 0.01625 0.0625
0 0.61375 0.62875 0.0175 0.05125
0 0.65 0.6275 0.01875 0.05375
0 0.68 0.62625 0.02 0.05875
0 0.70375 0.625 0.01625 0.06
0 0.72375 0.615 0.02 0.05625
0 0.7475 0.60875 0.015 0.055
0 0.71 0.765 0.04 0.0475
0 0.59 0.77125 0.0125 0.015
0 0.61125 0.76 0.01375 0.0225
0 0.63125 0.7525 0.015 0.02375
0 0.6225 0.78125 0.015 0.01125
0 0.6025 0.78625 0.01375 0.0075
0 0.55375 0.77875 0.01375 0.01375
0 0.54375 0.79875 0.01375 0.0075
0 0.5175 0.80125 0.01625 0.0125
0 0.50625 0.7725 0.03 0.0125
0 0.34875 0.83375 0.025 0.01875
0 0.36375 0.85125 0.01625 0.01625
0 0.3875 0.8425 0.0325 0.01875
0 0.34 0.86 0.02375 0.0125
0 0.3575 0.87125 0.0125 0.00625
0 0.3775 0.8675 0.02 0.0175
0 0.25125 0.86875 0.03125 0.0275
0 0.25625 0.90375 0.0425 0.03125
0 0.235 0.7725 0.0225 0.0725
0 0.54375 0.6475 0.01875 0.06
0 0.5225 0.65625 0.0225 0.065
0 0.49 0.66375 0.01875 0.06875
0 0.47 0.6675 0.01875 0.07
0 0.4875 0.56375 0.01 0.01625
0 0.56125 0.52125 0.01375 0.015
0 0.58625 0.51875 0.01625 0.0125
0 0.60625 0.5325 0.0125 0.02125
0 0.5725 0.535 0.02125 0.00625
0 0.54875 0.53875 0.01625 0.01375
0 0.56875 0.5525 0.0125 0.015
0 0.595 0.55125 0.02375 0.02
0 0.65125 0.53375 0.025 0.01375
0 0.67 0.5275 0.0125 0.01625
0 0.69 0.5225 0.0125 0.02
0 0.70875 0.525 0.0175 0.0175
0 0.74125 0.50625 0.01875 0.015
0 0.51875 0.5375 0.01875 0.02125
0 0.74625 0.53 0.0175 0.01375
0 0.5225 0.2525 0.045 0.04125
0 0.68125 0.5475 0.01875 0.01375
0 0.70125 0.54375 0.01625 0.015
0 0.71375 0.50875 0.0125 0.0075
0 0.72125 0.4975 0.0125 0.0075
0 0.66375 0.55 0.0125 0.01
0 0.26125 0.7075 0.02 0.07375
0 0.28875 0.7025 0.025 0.07875
0 0.31625 0.69875 0.01875 0.08
0 0.34375 0.69375 0.0225 0.0825
0 0.36875 0.6875 0.01875 0.08
0 0.4125 0.6725 0.02125 0.06
0 0.44625 0.67625 0.025 0.08125
0 0.75 0.5525 0.0175 0.015
0 0.47 0.25125 0.04875 0.0475
0 0.7475 0.7575 0.02125 0.0525
0 0.36625 0.2525 0.07125 0.035
0 0.41625 0.25375 0.02 0.03375
0 0.24375 0.09875 0.0475 0.05
0 0.3075 0.11 0.06625 0.04875
0 0.4475 0.125 0.0525 0.03625
0 0.515 0.07875 0.05625 0.045
0 0.3775 0.115 0.05125 0.0475
0 0.57625 0.135 0.0425 0.0325
0 0.64 0.13875 0.04125 0.03
0 0.6975 0.14125 0.055 0.03875
0 0.24375 0.2425 0.045 0.05625
0 0.2925 0.25 0.045 0.04
0 0.5225 0.12625 0.05375 0.04375