0 0.63875 0.5625 0.01125 0.055
0 0.6275 0.5675 0.0075 0.055
0 0.6125 0.5075 0.0075 0.05875
0 0.5875 0.6475 0.015 0.06375
0 0.6025 0.64375 0.01125 0.06625
0 0.615 0.6375 0.00875 0.06
0 0.62875 0.6325 0.01375 0.0625
0 0.7225 0.2575 0.01 0.0525
0 0.71625 0.32375 0.00875 0.055
0 0.445 0.45 0.015 0.065
0 0.635 0.5 0.01 0.05375
0 0.6225 0.505 0.01 0.0575
0 0.60125 0.51 0.0125 0.0625
0 0.6475 0.4325 0.01125 0.05625
0 0.72 0.6 0.00875 0.04
0 0.70875 0.60625 0.01 0.04125
0 0.69875 0.61375 0.00875 0.045
0 0.6875 0.61375 0.00875 0.045
0 0.72125 0.55125 0.01375 0.0325
0 0.7025 0.56125 0.01 0.03375
0 0.69 0.565 0.01 0.03625
0 0.72 0.495 0.01125 0.0325
0 0.71 0.4975 0.0075 0.03625
0 0.7 0.5 0.01 0.03625
0 0.735 0.43875 0.0075 0.04625
0 0.63125 0.3675 0.01 0.0625
0 0.64125 0.36625 0.00875 0.0625
0 0.65375 0.365 0.01125 0.06125
0 0.59 0.44125 0.0125 0.0625
0 0.60125 0.43875 0.0075 0.0625
0 0.61125 0.4375 0.01 0.06375
0 0.62375 0.43625 0.01 0.06125
0 0.635 0.43375 0.00875 0.06
0 0.58875 0.5125 0.0075 0.0575
0 0.6175 0.57 0.00875 0.05625
0 0.42 0.36375 0.01375 0.0775
0 0.595 0.5775 0.0075 0.055
0 0.71125 0.44125 0.00625 0.05
0 0.7025 0.44375 0.0075 0.04875
0 0.73875 0.38125 0.0075 0.05
0 0.7275 0.38125 0.00875 0.04875
0 0.71625 0.3825 0.00875 0.05125
0 0.7425 0.325 0.0075 0.0475
0 0.53125 0.2 0.0175 0.08125
0 0.4225 0.28625 0.01375 0.04875
0 0.44 0.28625 0.015 0.05
0 0.4575 0.2875 0.01375 0.04625
0 0.47375 0.29 0.015 0.04875
0 0.49125 0.29375 0.01125 0.045
0 0.50625 0.29375 0.0125 0.04375
0 0.52125 0.295 0.01 0.04375
0 0.535 0.29625 0.01375 0.0425
0 0.71875 0.44125 0.00625 0.04875
0 0.60625 0.575 0.0075 0.055
0 0.7275 0.44 0.00625 0.04625
0 0.49625 0.1925 0.01375 0.09125
0 0.64625 0.4975 0.01 0.05125
0 0.44125 0.365 0.015 0.0775
0 0.42375 0.4575 0.01875 0.07875
0 0.58375 0.58125 0.01125 0.05875
0 0.5275 0.36625 0.01125 0.075
0 0.51125 0.3675 0.015 0.07625
0 0.4925 0.3675 0.015 0.0775
0 0.47375 0.36625 0.01375 0.0775
0 0.45875 0.36375 0.015 0.07875
0 0.10375 0.155 0.03125 0.0575
0 0.31125 0.8025 0.03875 0.085
0 0.4225 0.17625 0.01375 0.095
0 0.44 0.17875 0.015 0.09375
0 0.46 0.18375 0.01625 0.09125
0 0.4775 0.18625 0.015 0.09375
0 0.5125 0.19625 0.0125 0.0875
0 0.14 0.1575 0.03375 0.06375
0 0.725 0.32375 0.00625 0.05125
0 0.20125 0.73125 0.03125 0.08
0 0.22125 0.48 0.0225 0.07625
0 0.24875 0.47875 0.02375 0.07
0 0.29875 0.4725 0.02625 0.06875
0 0.3375 0.4675 0.02625 0.0625
0 0.12125 0.62875 0.02375 0.09625
0 0.15125 0.62 0.02625 0.085
0 0.1875 0.62125 0.02875 0.075
0 0.21875 0.61375 0.0275 0.07375
0 0.2425 0.6025 0.0175 0.0775
0 0.26875 0.6025 0.02625 0.075
0 0.295 0.6 0.01875 0.07
0 0.31625 0.58375 0.01875 0.075
0 0.34125 0.57875 0.0275 0.0775
0 0.19125 0.485 0.02625 0.07875
0 0.1375 0.755 0.03125 0.085
0 0.345 0.32375 0.02625 0.05875
0 0.23625 0.7225 0.03 0.07125
0 0.26375 0.7125 0.02 0.07625
0 0.28875 0.70125 0.0225 0.07125
0 0.335 0.68 0.025 0.07625
0 0.25125 0.8275 0.07 0.0825
0 0.48625 0.50625 0.0125 0.05
0 0.50375 0.50375 0.01375 0.045
0 0.52625 0.50125 0.02 0.04125
0 0.42625 0.55 0.02 0.0725
0 0.42 0.63625 0.02 0.06875
0 0.44 0.63125 0.015 0.065
0 0.45625 0.62375 0.015 0.06875
0 0.17 0.7425 0.0275 0.085
0 0.47375 0.61875 0.01625 0.06625
0 0.1475 0.5 0.0275 0.0925
0 0.3325 0.38625 0.0225 0.0525
0 0.31875 0.32125 0.01625 0.04875
0 0.2975 0.31375 0.02125 0.0525
0 0.2725 0.315 0.0175 0.06125
0 0.2425 0.30125 0.02375 0.06
0 0.2175 0.29875 0.02 0.06625
0 0.185 0.2975 0.02875 0.075
0 0.33375 0.26875 0.0175 0.04375
0 0.31625 0.265 0.00875 0.045
0 0.3025 0.2625 0.0125 0.04625
0 0.28875 0.25875 0.01 0.0425
0 0.33375 0.18125 0.02375 0.06875
0 0.30375 0.1775 0.025 0.075
0 0.2725 0.17 0.02875 0.08
0 0.115 0.50125 0.02125 0.1
0 0.24125 0.1675 0.02875 0.08
0 0.185 0.38125 0.02375 0.0775
0 0.21625 0.38125 0.0225 0.0675
0 0.24625 0.38125 0.02375 0.06625
0 0.61 0.23125 0.0075 0.05125
0 0.4725 0.50875 0.01125 0.05
0 0.2775 0.38125 0.02375 0.05875
0 0.45375 0.51 0.01625 0.0475
0 0.53125 0.44125 0.0125 0.05625
0 0.515 0.44625 0.01375 0.06125
0 0.5 0.44625 0.0125 0.06
0 0.4825 0.4475 0.01375 0.0625
0 0.46625 0.4475 0.015 0.06125
0 0.305 0.38375 0.0225 0.05875
0 0.14875 0.3725 0.02875 0.0875
0 0.49125 0.6125 0.015 0.06875
0 0.1125 0.3775 0.02875 0.0925
0 0.5225 0.60375 0.01375 0.06375
0 0.50625 0.60875 0.0125 0.0675
0 0.60875 0.36625 0.01 0.0675
0 0.59625 0.36625 0.01125 0.065
0 0.6575 0.30375 0.01 0.04375
0 0.64625 0.30375 0.0075 0.045
0 0.6375 0.30375 0.0075 0.04875
0 0.6275 0.3025 0.01 0.04875
0 0.615 0.30125 0.00875 0.04875
0 0.60375 0.3 0.01125 0.04875
0 0.66125 0.24 0.01 0.045
0 0.65 0.24 0.00625 0.04875
0 0.64 0.23875 0.00875 0.0475
0 0.63 0.235 0.00625 0.05
0 0.62125 0.23125 0.01 0.05375
0 0.62 0.36625 0.00875 0.06375
0 0.73375 0.32375 0.0075 0.05125
0 0.6 0.2275 0.0075 0.05125
0 0.52 0.6825 0.01625 0.06875
0 0.5 0.68875 0.015 0.075
0 0.48375 0.6975 0.01625 0.07375
0 0.465 0.70625 0.0175 0.075
0 0.4425 0.71375 0.0175 0.0775
0 0.42125 0.72375 0.02 0.08