0 0.72625 0.375 0.03875 0.0575
0 0.15875 0.49 0.015 0.045
0 0.75875 0.515 0.04125 0.05625
0 0.71 0.51 0.045 0.06875
0 0.68 0.375 0.03375 0.0575
0 0.66375 0.50375 0.02375 0.055
0 0.635 0.4925 0.02125 0.06625
0 0.5925 0.485 0.025 0.05625
0 0.56375 0.47875 0.02625 0.0625
0 0.52625 0.4825 0.02375 0.0625
0 0.49375 0.48 0.02875 0.07
0 0.46125 0.4725 0.0275 0.0625
0 0.4325 0.47 0.0225 0.0675
0 0.32875 0.45375 0.01625 0.0725
0 0.21875 0.43125 0.01875 0.0575
0 0.1825 0.43 0.00625 0.045
0 0.17375 0.49375 0.00625 0.04
0 0.135 0.54 0.01 0.04625
0 0.1525 0.5425 0.0075 0.0425
0 0.14375 0.625 0.02375 0.05
0 0.19625 0.64875 0.01625 0.01875
0 0.2225 0.6525 0.01625 0.00625
0 0.21875 0.66875 0.01875 0.01
0 0.2175 0.68875 0.0175 0.015
0 0.3125 0.455 0.015 0.05
0 0.29 0.4475 0.02375 0.07
0 0.775 0.3775 0.03 0.06125
0 0.19625 0.435 0.015 0.04875
0 0.16875 0.42875 0.01375 0.04875
0 0.135 0.41625 0.01125 0.03625
0 0.235 0.595 0.01625 0.0125
0 0.215 0.57875 0.01875 0.02875
0 0.25375 0.60875 0.01375 0.015
0 0.295 0.60875 0.01875 0.01625
0 0.275 0.6175 0.0175 0.01375
0 0.27375 0.60125 0.01875 0.0125
0 0.32625 0.6075 0.01875 0.015
0 0.31875 0.62625 0.015 0.01
0 0.32 0.63875 0.0125 0.0125
0 0.3425 0.635 0.01625 0.01125
0 0.51125 0.5725 0.02375 0.045
0 0.45375 0.56125 0.025 0.06
0 0.37875 0.57875 0.03375 0.01875
0 0.3475 0.57125 0.02375 0.01875
0 0.32875 0.55625 0.01 0.04
0 0.315 0.545 0.01375 0.0575
0 0.30375 0.53875 0.0075 0.055
0 0.29125 0.535 0.01125 0.05625
0 0.28125 0.53125 0.00625 0.04625
0 0.26875 0.52625 0.01375 0.05625
0 0.24 0.51875 0.0275 0.0525
0 0.815 0.52875 0.04375 0.07375
0 0.14 0.34625 0.02375 0.055
0 0.16 0.3475 0.015 0.05875
0 0.18 0.35125 0.01875 0.06125
0 0.19625 0.35125 0.01 0.05375
0 0.6425 0.37125 0.03375 0.05625
0 0.1525 0.42125 0.0125 0.03
0 0.2125 0.34875 0.01375 0.06375
0 0.81875 0.38375 0.04875 0.0875
0 0.5225 0.375 0.01625 0.06375
0 0.70625 0.76625 0.03625 0.105
0 0.62125 0.7425 0.035 0.0925
0 0.37375 0.66125 0.0225 0.01125
0 0.37875 0.6725 0.02 0.0075
0 0.2425 0.6975 0.015 0.02625
0 0.2625 0.71125 0.02 0.02375
0 0.5475 0.37625 0.0275 0.05125
0 0.3475 0.74 0.0225 0.0225
0 0.33875 0.76625 0.0225 0.02
0 0.1325 0.2725 0.0125 0.04375
0 0.14625 0.275 0.00875 0.03625
0 0.15875 0.2725 0.015 0.04
0 0.175 0.27125 0.01125 0.04
0 0.19375 0.26875 0.02375 0.05125
0 0.5825 0.71375 0.0225 0.07875
0 0.55625 0.70625 0.02 0.0775
0 0.52625 0.70125 0.02375 0.0875
0 0.49875 0.68 0.02 0.0775
0 0.4725 0.66125 0.0175 0.0725
0 0.81375 0.6625 0.03625 0.0825
0 0.76375 0.6425 0.0475 0.06
0 0.70375 0.63625 0.0475 0.0825
0 0.65375 0.62 0.0175 0.06625
0 0.62875 0.61375 0.02125 0.07
0 0.60125 0.59125 0.02 0.04125
0 0.5725 0.58625 0.0225 0.0525
0 0.54125 0.57625 0.03125 0.04125
0 0.76875 0.77625 0.02625 0.0625
0 0.81 0.80125 0.03875 0.0775
0 0.3125 0.74625 0.015 0.02375
0 0.39 0.22625 0.0675 0.1025
0 0.47625 0.36875 0.03625 0.06125
0 0.43375 0.38 0.02 0.05
0 0.35125 0.36 0.01625 0.06375
0 0.335 0.35875 0.01125 0.06125
0 0.32 0.36125 0.015 0.05375
0 0.43125 0.73125 0.055 0.01875
0 0.29 0.35625 0.01 0.0625
0 0.2775 0.355 0.015 0.06
0 0.26 0.3625 0.01875 0.04625
0 0.85 0.1525 0.05 0.15375
0 0.785 0.17 0.0725 0.13375
0 0.71125 0.1775 0.06125 0.1375
0 0.6225 0.2175 0.045 0.07625
0 0.30125 0.36625 0.01125 0.0525
0 0.525 0.21375 0.03375 0.0975
0 0.5625 0.2175 0.035 0.09125
0 0.2325 0.2525 0.04125 0.0775
0 0.44875 0.75625 0.0575 0.02125
0 0.475 0.78875 0.07 0.02375
0 0.525 0.8275 0.07125 0.03125
0 0.595 0.8675 0.015 0.0825
0 0.605 0.37375 0.03375 0.05125
0 0.67875 0.9 0.03375 0.07375
0 0.71875 0.93625 0.045 0.0675
0 0.19 0.50375 0.02 0.04125
0 0.36625 0.64375 0.0225 0.015
0 0.34375 0.65 0.02 0.01375
0 0.46375 0.21875 0.065 0.1
0 0.63625 0.88875 0.04 0.06