0 0.625 0.1875 0.0225 0.08375
0 0.75375 0.17125 0.02125 0.02875
0 0.7275 0.175 0.0225 0.0275
0 0.65 0.18375 0.02375 0.08625
0 0.725 0.20625 0.02125 0.0275
0 0.70125 0.21 0.02 0.0275
0 0.67875 0.21 0.02125 0.02875
0 0.605 0.19 0.01625 0.08375
0 0.7525 0.2025 0.0275 0.02875
0 0.58125 0.21 0.025 0.04875
0 0.52875 0.50375 0.04625 0.07
0 0.51625 0.1975 0.0375 0.08375
0 0.43 0.32875 0.01625 0.03125
0 0.36875 0.34375 0.02 0.0125
0 0.37125 0.33 0.01625 0.00875
0 0.4 0.33625 0.03375 0.02125
0 0.3975 0.31375 0.035 0.01875
0 0.4 0.2925 0.0375 0.015
0 0.34 0.33875 0.03125 0.01875
0 0.34125 0.31375 0.03625 0.02375
0 0.5525 0.21 0.0275 0.05125
0 0.3 0.335 0.04 0.0275
0 0.29625 0.22875 0.03875 0.065
0 0.325 0.23375 0.0125 0.0525
0 0.34125 0.23375 0.01625 0.0525
0 0.37 0.22625 0.02 0.055
0 0.415 0.16 0.03125 0.03625
0 0.425 0.2325 0.0125 0.03125
0 0.44875 0.20625 0.03125 0.085
0 0.485 0.2 0.02125 0.0925
0 0.2975 0.30625 0.045 0.02625
0 0.4 0.22375 0.035 0.0575
0 0.34375 0.64875 0.0125 0.0325
0 0.45 0.32875 0.02 0.03625
0 0.46625 0.7675 0.0175 0.07875
0 0.49 0.7775 0.02375 0.0825
0 0.51375 0.7975 0.01875 0.06125
0 0.53875 0.79625 0.0225 0.0875
0 0.5575 0.79875 0.01375 0.08
0 0.575 0.805 0.015 0.08
0 0.59375 0.81125 0.01875 0.09
0 0.61375 0.815 0.01625 0.095
0 0.63125 0.825 0.015 0.0925
0 0.6525 0.8275 0.02 0.09
0 0.67875 0.84 0.02875 0.0975
0 0.7175 0.8425 0.04 0.03625
0 0.76125 0.85375 0.03875 0.03625
0 0.71875 0.88125 0.0375 0.0375
0 0.76125 0.8925 0.0375 0.03625
0 0.445 0.76125 0.02125 0.08125
0 0.42375 0.755 0.02 0.075
0 0.4025 0.74875 0.02125 0.0775
0 0.38125 0.7425 0.0175 0.07125
0 0.3575 0.65 0.01125 0.03625
0 0.37625 0.64875 0.01875 0.05875
0 0.40125 0.65625 0.0275 0.05875
0 0.43 0.6625 0.02625 0.06
0 0.4525 0.66375 0.01375 0.06625
0 0.4825 0.655 0.04125 0.03125
0 0.48625 0.69125 0.045 0.03625
0 0.7125 0.64 0.035 0.08375
0 0.52125 0.68 0.01875 0.07
0 0.5925 0.695 0.02875 0.0775
0 0.6225 0.70125 0.02375 0.07875
0 0.66125 0.68875 0.04 0.04125
0 0.66125 0.73125 0.0375 0.03625
0 0.715 0.7525 0.04125 0.08625
0 0.76 0.7825 0.0425 0.0525
0 0.36 0.74 0.0175 0.06125
0 0.5475 0.6875 0.02625 0.07375
0 0.64875 0.63 0.05125 0.03125
0 0.5675 0.50875 0.02375 0.06125
0 0.58875 0.62125 0.05 0.0325
0 0.28875 0.45 0.0175 0.02
0 0.3075 0.4225 0.02125 0.02375
0 0.285 0.42375 0.0175 0.02125
0 0.29875 0.3975 0.01875 0.0225
0 0.27875 0.39875 0.01625 0.02375
0 0.27375 0.37 0.01625 0.02125
0 0.72375 0.3425 0.015 0.0975
0 0.705 0.3425 0.01625 0.09625
0 0.67 0.32125 0.03125 0.04875
0 0.64125 0.3125 0.01875 0.06
0 0.6175 0.3125 0.01875 0.05875
0 0.58875 0.31125 0.0325 0.065
0 0.65 0.59625 0.05125 0.03
0 0.59375 0.59 0.04625 0.02625
0 0.31375 0.44625 0.02125 0.02
0 0.36875 0.5775 0.025 0.02875
0 0.4925 0.6 0.04375 0.02875
0 0.4925 0.5675 0.04125 0.03125
0 0.4575 0.58 0.02125 0.05125
0 0.435 0.5775 0.02 0.04625
0 0.55625 0.32625 0.0275 0.0375
0 0.52375 0.3225 0.03125 0.04375
0 0.48375 0.3275 0.0425 0.01875
0 0.6 0.50875 0.01375 0.0425
0 0.40625 0.57375 0.0325 0.0475
0 0.6225 0.515 0.0275 0.0675
0 0.66375 0.5375 0.05 0.0375
0 0.325 0.56125 0.01125 0.04125
0 0.3375 0.56375 0.01 0.0425
0 0.34875 0.565 0.00875 0.04375
0 0.53875 0.6075 0.0425 0.04375
0 0.32 0.4725 0.015 0.01875
0 0.37125 0.5475 0.02875 0.025
0 0.3175 0.5025 0.0175 0.02125
0 0.65625 0.435 0.015 0.0375
0 0.63375 0.4275 0.0225 0.05125
0 0.60625 0.41625 0.0275 0.07125
0 0.57875 0.415 0.02625 0.065
0 0.5525 0.41375 0.01875 0.0625
0 0.52375 0.42625 0.0275 0.045
0 0.495 0.42875 0.02625 0.035
0 0.4675 0.42625 0.02375 0.0325
0 0.29625 0.475 0.01875 0.0225
0 0.76 0.305 0.0425 0.07
0 0.75625 0.41625 0.04875 0.05125
0 0.36875 0.49875 0.0275 0.03125
0 0.3425 0.495 0.01875 0.03375
0 0.39875 0.505 0.02375 0.03
0 0.42625 0.5 0.025 0.03875
0 0.67125 0.44375 0.01375 0.02875
0 0.4875 0.51 0.02875 0.0225
0 0.4075 0.39 0.02375 0.03
0 0.435 0.39125 0.025 0.0275
0 0.4625 0.48875 0.01875 0.015
0 0.37625 0.39 0.02125 0.02625
0 0.3525 0.38875 0.02 0.0275
0 0.33375 0.42 0.02 0.02
0 0.32875 0.39625 0.02125 0.02
0 0.3 0.50125 0.015 0.02125
0 0.46625 0.3925 0.0275 0.03
0 0.4125 0.42375 0.0225 0.03
0 0.4375 0.425 0.0225 0.03
0 0.4925 0.48 0.02125 0.02625
0 0.38 0.42125 0.02375 0.03125
0 0.35625 0.41875 0.02 0.02625