0 0.695 0.16625 0.025 0.035
0 0.52375 0.16375 0.03875 0.04375
0 0.5625 0.15125 0.02625 0.06875
0 0.26 0.245 0.0375 0.0625
0 0.37625 0.15375 0.0175 0.05
0 0.355 0.15375 0.01875 0.05125
0 0.23125 0.13 0.0225 0.095
0 0.26625 0.14 0.025 0.08
0 0.3025 0.13125 0.03875 0.0975
0 0.33375 0.15375 0.02 0.055
0 0.47875 0.1075 0.0375 0.0425
0 0.45375 0.15875 0.04 0.04875
0 0.41625 0.15875 0.0275 0.04875
0 0.39375 0.15625 0.01375 0.04625
0 0.725 0.16625 0.02125 0.035
0 0.74875 0.1675 0.02125 0.0375
0 0.72 0.6625 0.02125 0.06
0 0.37375 0.58375 0.04625 0.02125
0 0.70125 0.74875 0.0325 0.02625
0 0.6525 0.76125 0.06 0.03625
0 0.5925 0.75625 0.055 0.03375
0 0.5475 0.75 0.02125 0.04875
0 0.52375 0.74875 0.0225 0.04875
0 0.5 0.75 0.02 0.05
0 0.45625 0.73625 0.02125 0.04
0 0.405 0.74375 0.01875 0.0425
0 0.38125 0.75375 0.0225 0.04375
0 0.35625 0.75375 0.02375 0.04375
0 0.325 0.75875 0.03125 0.05125
0 0.29125 0.755 0.03 0.04875
0 0.25125 0.7725 0.03625 0.01625
0 0.77125 0.6625 0.02 0.06375
0 0.74625 0.6625 0.02375 0.06625
0 0.73875 0.7475 0.03125 0.04125
0 0.77 0.7525 0.02125 0.04
0 0.23375 0.84 0.02625 0.0225
0 0.2325 0.86375 0.025 0.02
0 0.53375 0.815 0.0325 0.01875
0 0.495 0.85 0.035 0.01
0 0.495 0.83875 0.035 0.0075
0 0.49625 0.82 0.0325 0.0225
0 0.45625 0.84625 0.03625 0.02875
0 0.4575 0.82125 0.03 0.0175
0 0.42 0.85125 0.02625 0.02375
0 0.61375 0.45875 0.03125 0.02375
0 0.38875 0.85375 0.02625 0.0225
0 0.36125 0.82375 0.02625 0.02125
0 0.325 0.86125 0.0275 0.02
0 0.32875 0.83125 0.0275 0.0225
0 0.29375 0.8625 0.02625 0.02
0 0.29625 0.8375 0.0275 0.02375
0 0.26375 0.8625 0.02625 0.01875
0 0.26625 0.84 0.02875 0.02
0 0.35625 0.86125 0.02875 0.0225
0 0.69625 0.6625 0.02125 0.06375
0 0.6725 0.6625 0.02 0.06125
0 0.64875 0.66125 0.0225 0.06125
0 0.71875 0.56 0.0275 0.06125
0 0.6425 0.56625 0.02625 0.06
0 0.6125 0.56625 0.02625 0.055
0 0.58375 0.56375 0.02375 0.06
0 0.5425 0.57875 0.05 0.02375
0 0.49125 0.52375 0.0425 0.02375
0 0.49 0.58 0.05 0.0275
0 0.74625 0.5625 0.0225 0.06125
0 0.43375 0.57 0.0475 0.03375
0 0.38 0.55875 0.05 0.0225
0 0.32 0.58125 0.04625 0.02125
0 0.32 0.55875 0.045 0.0175
0 0.65 0.44125 0.035 0.02625
0 0.275 0.56875 0.0375 0.02375
0 0.23375 0.57375 0.0275 0.0375
0 0.735 0.47625 0.03875 0.0225
0 0.61625 0.4325 0.02625 0.0225
0 0.53375 0.85 0.03625 0.0225
0 0.76875 0.5575 0.01875 0.07
0 0.30125 0.64625 0.03 0.0325
0 0.6225 0.66125 0.025 0.05875
0 0.59875 0.66 0.02125 0.06125
0 0.56375 0.63625 0.02 0.04125
0 0.52875 0.635 0.0375 0.01875
0 0.53875 0.67625 0.045 0.02
0 0.48875 0.665 0.02625 0.05375
0 0.45125 0.6775 0.0325 0.03125
0 0.25625 0.6375 0.03 0.02625
0 0.4125 0.67875 0.03625 0.02875
0 0.4175 0.64375 0.03125 0.02875
0 0.37875 0.645 0.0375 0.02625
0 0.24625 0.66875 0.02375 0.02375
0 0.275 0.68125 0.025 0.0275
0 0.30625 0.6875 0.03375 0.03
0 0.34 0.6875 0.03 0.03
0 0.33625 0.65 0.03 0.0325
0 0.375 0.67875 0.03625 0.0275
0 0.6925 0.46125 0.0325 0.04625
0 0.57625 0.8475 0.045 0.06
0 0.65875 0.83625 0.03375 0.0525
0 0.44625 0.355 0.03125 0.0425
0 0.415 0.35125 0.02375 0.04875
0 0.39625 0.3525 0.01125 0.0475
0 0.3825 0.35375 0.01375 0.04625
0 0.34625 0.34875 0.025 0.05
0 0.31875 0.35 0.025 0.04625
0 0.61875 0.84 0.0375 0.06
0 0.28125 0.34375 0.03625 0.05375
0 0.24375 0.3475 0.02625 0.0525
0 0.47875 0.355 0.03 0.04125
0 0.7625 0.27 0.0375 0.0325
0 0.64375 0.27125 0.05375 0.025
0 0.59875 0.26875 0.0325 0.02875
0 0.55625 0.2425 0.04625 0.0775
0 0.50125 0.25375 0.045 0.0625
0 0.4525 0.25 0.045 0.05875
0 0.4025 0.25125 0.04375 0.0625
0 0.36625 0.26625 0.0125 0.02
0 0.35375 0.26375 0.01125 0.02625
0 0.30125 0.24375 0.0375 0.07375
0 0.7125 0.27 0.0525 0.035
0 0.5125 0.35375 0.0325 0.04125
0 0.6525 0.4725 0.03625 0.02875
0 0.5975 0.3425 0.035 0.03
0 0.7125 0.845 0.0625 0.06125
0 0.76375 0.84125 0.03375 0.06125
0 0.6125 0.48 0.0375 0.015
0 0.5725 0.4625 0.03375 0.0275
0 0.5825 0.43125 0.02875 0.02625
0 0.52625 0.44875 0.0525 0.085
0 0.4675 0.4525 0.05625 0.06625
0 0.40875 0.45 0.05625 0.07125
0 0.34125 0.465 0.02 0.0475
0 0.5475 0.3525 0.03 0.0475
0 0.2875 0.4475 0.02125 0.07625
0 0.2625 0.4475 0.02375 0.07625
0 0.24 0.44875 0.02 0.07375
0 0.3125 0.4475 0.02875 0.0775
0 0.6525 0.3525 0.03375 0.025
0 0.7525 0.38 0.0325 0.04125
0 0.69 0.33875 0.03625 0.0375
0 0.59375 0.3825 0.0375 0.03125
0 0.63625 0.38375 0.0375 0.03
0 0.67375 0.385 0.0325 0.03125
0 0.71625 0.38 0.03375 0.04125
0 0.65375 0.32125 0.03375 0.02875