0 0.7 0.38125 0.04125 0.08625
0 0.5075 0.57375 0.04 0.05125
0 0.6325 0.86 0.03375 0.0425
0 0.66625 0.86 0.03125 0.04125
0 0.70125 0.8575 0.035 0.04125
0 0.2975 0.8025 0.04 0.0425
0 0.33375 0.80125 0.03125 0.04625
0 0.36625 0.80125 0.03375 0.045
0 0.4 0.8 0.0325 0.045
0 0.43625 0.8 0.0375 0.0425
0 0.47375 0.7975 0.035 0.04625
0 0.5975 0.86 0.0325 0.04125
0 0.52125 0.7975 0.0375 0.045
0 0.59 0.79375 0.0325 0.045
0 0.625 0.795 0.03375 0.045
0 0.65875 0.79375 0.0325 0.045
0 0.695 0.79375 0.0375 0.04375
0 0.2875 0.7325 0.04 0.04625
0 0.32375 0.7325 0.03125 0.04625
0 0.35625 0.73375 0.0325 0.04875
0 0.39125 0.7325 0.0325 0.05125
0 0.42625 0.73 0.0375 0.04625
0 0.5575 0.79625 0.0325 0.04875
0 0.565 0.8625 0.0325 0.04625
0 0.5275 0.865 0.04125 0.04125
0 0.47875 0.865 0.03125 0.0425
0 0.7325 0.74375 0.02625 0.04125
0 0.7625 0.74375 0.03125 0.045
0 0.795 0.7425 0.0325 0.04375
0 0.83 0.7425 0.0325 0.045
0 0.31875 0.935 0.0375 0.03625
0 0.355 0.93375 0.03125 0.0375
0 0.3875 0.93375 0.03125 0.0375
0 0.41875 0.9325 0.03125 0.04125
0 0.45125 0.9325 0.03 0.0425
0 0.4875 0.93125 0.0375 0.045
0 0.5375 0.9275 0.035 0.03875
0 0.57 0.92625 0.0275 0.04125
0 0.60125 0.92625 0.03125 0.04375
0 0.63375 0.92625 0.03125 0.0425
0 0.6675 0.925 0.03625 0.0375
0 0.70375 0.925 0.03375 0.04125
0 0.31 0.87125 0.03625 0.03625
0 0.345 0.86875 0.03125 0.04125
0 0.37875 0.8675 0.03625 0.04375
0 0.41375 0.8675 0.03 0.045
0 0.44375 0.865 0.035 0.0425
0 0.465 0.72875 0.035 0.04875
0 0.7325 0.6975 0.025 0.05
0 0.5175 0.72625 0.03125 0.0475
0 0.585 0.72375 0.035 0.0475
0 0.66125 0.38125 0.035 0.08625
0 0.695 0.565 0.035 0.0525
0 0.24375 0.48375 0.04625 0.07875
0 0.2875 0.48125 0.0375 0.085
0 0.3275 0.48 0.04125 0.0825
0 0.36375 0.4825 0.03125 0.07875
0 0.40125 0.48125 0.03875 0.07625
0 0.44125 0.4775 0.0375 0.08125
0 0.50375 0.475 0.03625 0.0825
0 0.65875 0.56625 0.03875 0.05125
0 0.44 0.3875 0.03625 0.08625
0 0.5775 0.47375 0.04 0.08
0 0.61875 0.4725 0.0375 0.0775
0 0.65625 0.47125 0.0375 0.08125
0 0.6975 0.47125 0.03625 0.07875
0 0.24125 0.39 0.04375 0.085
0 0.28 0.3925 0.0325 0.08
0 0.32 0.3925 0.04625 0.08125
0 0.36125 0.39125 0.0325 0.08125
0 0.39875 0.39125 0.0425 0.08125
0 0.54 0.475 0.03625 0.07875
0 0.62 0.5675 0.035 0.0525
0 0.5825 0.57 0.03875 0.0475
0 0.54625 0.5725 0.03375 0.05375
0 0.62 0.72375 0.03625 0.04625
0 0.65625 0.72375 0.035 0.04625
0 0.69375 0.7225 0.035 0.05
0 0.27875 0.66 0.0375 0.05
0 0.315 0.65625 0.03375 0.055
0 0.35125 0.65375 0.0375 0.05
0 0.3875 0.6525 0.03375 0.05375
0 0.42375 0.6525 0.0375 0.0525
0 0.46125 0.65125 0.03625 0.05625
0 0.50875 0.65 0.0425 0.045
0 0.5475 0.64875 0.0325 0.04625
0 0.61875 0.6475 0.03625 0.0525
0 0.65625 0.64625 0.03625 0.04875
0 0.6925 0.64375 0.03875 0.0525
0 0.26125 0.5825 0.0475 0.05125
0 0.3025 0.58 0.03125 0.055
0 0.33625 0.5775 0.03625 0.0525
0 0.37125 0.575 0.03375 0.05625
0 0.41 0.57375 0.0425 0.055
0 0.45 0.57375 0.035 0.055
0 0.5 0.3875 0.04125 0.0825
0 0.55 0.725 0.0325 0.05
0 0.7625 0.69625 0.03375 0.04625
0 0.5825 0.65 0.035 0.0475
0 0.83125 0.69125 0.0275 0.05
0 0.57625 0.19625 0.04 0.09125
0 0.53625 0.1975 0.04125 0.09375
0 0.43625 0.2 0.0375 0.0925
0 0.39375 0.2 0.04125 0.0925
0 0.3525 0.20125 0.04 0.09375
0 0.31125 0.205 0.0425 0.08625
0 0.27 0.20375 0.03875 0.08625
0 0.225 0.2025 0.04875 0.0875
0 0.6975 0.29 0.04125 0.09125
0 0.6575 0.2925 0.0375 0.085
0 0.6175 0.295 0.04125 0.08875
0 0.575 0.295 0.035 0.08625
0 0.535 0.29625 0.0325 0.0875
0 0.495 0.29625 0.04625 0.0875
0 0.4375 0.29875 0.04 0.08875
0 0.61875 0.195 0.03875 0.0925
0 0.3975 0.3 0.04 0.0875
0 0.6575 0.19625 0.03875 0.09625
0 0.23875 0.11 0.04 0.08625
0 0.79875 0.69375 0.03625 0.05
0 0.54375 0.3875 0.04375 0.08125
0 0.58375 0.3875 0.035 0.08125
0 0.6225 0.38375 0.0425 0.09
0 0.67625 0.09875 0.03875 0.09125
0 0.63625 0.09625 0.0325 0.0925
0 0.6 0.09625 0.03875 0.09375
0 0.56125 0.09875 0.035 0.09
0 0.52625 0.09875 0.03375 0.09
0 0.48625 0.0875 0.03625 0.06125
0 0.4275 0.1025 0.03625 0.0875
0 0.3875 0.10375 0.0425 0.08125
0 0.35 0.10625 0.0325 0.08375
0 0.3125 0.10875 0.04 0.08125
0 0.275 0.11 0.0325 0.08625
0 0.7 0.19875 0.0425 0.09125
0 0.35625 0.3025 0.04 0.09
0 0.4925 0.2 0.045 0.0875
0 0.2775 0.3025 0.035 0.0925
0 0.7525 0.37 0.035 0.05125
0 0.78625 0.36875 0.03125 0.055
0 0.85625 0.3625 0.02375 0.04875
0 0.75 0.425 0.03125 0.055
0 0.785 0.42375 0.03625 0.05375
0 0.82625 0.41875 0.03625 0.05
0 0.86 0.4175 0.03 0.05625
0 0.77125 0.4975 0.05 0.06875
0 0.81875 0.49375 0.04 0.065
0 0.8575 0.4925 0.0325 0.06625
0 0.315 0.3025 0.04 0.09
0 0.86 0.69375 0.02875 0.04375
0 0.7675 0.55875 0.04375 0.05
0 0.815 0.55875 0.04 0.03875
0 0.85625 0.55375 0.0375 0.0475
0 0.83125 0.29125 0.0325 0.0425
0 0.795 0.29375 0.0375 0.03625
0 0.825 0.36625 0.035 0.05
0 0.83125 0.245 0.0325 0.0425
0 0.23375 0.3025 0.045 0.09375
0 0.1675 0.45625 0.0825 0.06625
0 0.1975 0.68875 0.07625 0.05
0 0.75625 0.29625 0.04 0.04
0 0.1475 0.81 0.045 0.06125
0 0.21375 0.81375 0.07625 0.05
0 0.15375 0.865 0.05625 0.03875
0 0.22125 0.86125 0.075 0.04375
0 0.76125 0.07625 0.04 0.0575
0 0.20125 0.74125 0.07 0.04625
0 0.76125 0.1375 0.04375 0.06125
0 0.80125 0.1375 0.03375 0.05875
0 0.83625 0.13625 0.03625 0.05875
0 0.79875 0.07625 0.035 0.06
0 0.75875 0.25 0.0375 0.04375
0 0.79375 0.24875 0.03125 0.04625