0 0.56125 0.42875 0.0225 0.08375
0 0.47125 0.42625 0.02875 0.0775
0 0.5025 0.42875 0.035 0.08875
0 0.5325 0.42875 0.0275 0.07625
0 0.48375 0.535 0.02375 0.10375
0 0.7075 0.43125 0.03 0.08375
0 0.62 0.43375 0.02375 0.08
0 0.645 0.43 0.02375 0.085
0 0.675 0.4325 0.02375 0.08375
0 0.71875 0.3275 0.02625 0.08125
0 0.6875 0.33125 0.0275 0.08
0 0.5925 0.435 0.02625 0.08375
0 0.51 0.535 0.0225 0.09
0 0.24875 0.5025 0.025 0.06375
0 0.57625 0.535 0.03 0.09
0 0.6375 0.535 0.03 0.09
0 0.67375 0.5375 0.03375 0.095
0 0.7075 0.5425 0.0275 0.09625
0 0.2 0.5025 0.0225 0.05875
0 0.22375 0.50375 0.0225 0.06125
0 0.275 0.5025 0.02 0.0575
0 0.29875 0.50375 0.0225 0.055
0 0.32875 0.5075 0.02 0.06
0 0.3525 0.50625 0.025 0.065
0 0.37625 0.49875 0.0175 0.06625
0 0.40375 0.50625 0.02625 0.05875
0 0.66125 0.32375 0.025 0.09
0 0.54125 0.53125 0.0325 0.095
0 0.63375 0.3275 0.01625 0.08875
0 0.60625 0.53625 0.02625 0.09125
0 0.57875 0.3275 0.0275 0.09
0 0.85 0.85375 0.0225 0.0675
0 0.82125 0.8525 0.02125 0.06875
0 0.69375 0.8475 0.02125 0.07625
0 0.7625 0.84875 0.01625 0.07375
0 0.79375 0.84875 0.02625 0.06875
0 0.475 0.83375 0.02375 0.07875
0 0.50125 0.8325 0.02 0.07125
0 0.5225 0.835 0.02125 0.06875
0 0.55125 0.83625 0.0225 0.06875
0 0.57875 0.84 0.02 0.06875
0 0.60375 0.845 0.025 0.0775
0 0.63 0.84 0.01875 0.06875
0 0.65625 0.8425 0.025 0.07
0 0.20375 0.8225 0.02 0.05625
0 0.23 0.82375 0.0175 0.06375
0 0.25125 0.8225 0.02125 0.06125
0 0.27625 0.825 0.02125 0.06
0 0.375 0.7525 0.01625 0.05625
0 0.35375 0.74375 0.0175 0.0475
0 0.60875 0.325 0.0225 0.08625
0 0.33125 0.75 0.0225 0.0575
0 0.29875 0.75 0.0225 0.0625
0 0.27625 0.75 0.02125 0.0625
0 0.86375 0.76625 0.02125 0.0775
0 0.2525 0.7475 0.015 0.05
0 0.20125 0.75125 0.02125 0.055
0 0.41625 0.835 0.02 0.06375
0 0.3925 0.82 0.02 0.0425
0 0.36875 0.83125 0.01875 0.065
0 0.32125 0.825 0.01875 0.0525
0 0.29875 0.82625 0.0175 0.06
0 0.23125 0.7475 0.02625 0.0475
0 0.83625 0.7675 0.02875 0.0725
0 0.8 0.76375 0.0225 0.07125
0 0.77375 0.7625 0.02375 0.07625
0 0.62 0.23 0.02875 0.07
0 0.59125 0.22 0.02125 0.08625
0 0.5625 0.2225 0.02625 0.09375
0 0.53375 0.2175 0.0275 0.10625
0 0.505 0.21625 0.0275 0.10625
0 0.4725 0.21375 0.0275 0.10625
0 0.675 0.235 0.0225 0.065
0 0.40125 0.245 0.02875 0.07
0 0.34 0.2425 0.0225 0.0725
0 0.3125 0.24375 0.02625 0.07375
0 0.28125 0.24375 0.025 0.07125
0 0.25375 0.24375 0.02375 0.07625
0 0.22375 0.2325 0.03 0.0925
0 0.1875 0.23375 0.035 0.0925
0 0.37125 0.24375 0.0275 0.0675
0 0.39625 0.75375 0.02125 0.05625
0 0.70375 0.23625 0.0225 0.06375
0 0.81625 0.1875 0.04125 0.0825
0 0.77375 0.67375 0.025 0.065
0 0.80375 0.67625 0.025 0.0675
0 0.83 0.67875 0.0225 0.06625
0 0.8525 0.68125 0.0225 0.07625
0 0.8225 0.5475 0.04125 0.02125
0 0.86375 0.5875 0.02125 0.0625
0 0.73125 0.23625 0.0225 0.065
0 0.83375 0.59 0.02625 0.0575
0 0.78 0.5825 0.02125 0.07625
0 0.84875 0.4825 0.0225 0.0725
0 0.8175 0.48375 0.0275 0.07375
0 0.7925 0.4825 0.0225 0.0725
0 0.86375 0.2925 0.02125 0.06375
0 0.83375 0.29625 0.0275 0.075
0 0.8025 0.5875 0.02 0.06
0 0.42 0.75375 0.01375 0.055
0 0.345 0.83 0.0225 0.05875
0 0.66125 0.75125 0.03125 0.0875
0 0.3175 0.5775 0.02375 0.05625
0 0.26125 0.58 0.0275 0.07375
0 0.23 0.585 0.0275 0.07875
0 0.2025 0.58 0.02375 0.07875
0 0.32125 0.675 0.02375 0.05625
0 0.29375 0.675 0.02125 0.0525
0 0.69375 0.74875 0.0275 0.08375
0 0.245 0.675 0.0175 0.0575
0 0.22375 0.675 0.02375 0.055
0 0.345 0.6775 0.02125 0.0175
0 0.3425 0.5775 0.01875 0.05375
0 0.37125 0.6775 0.01875 0.06
0 0.41875 0.6775 0.0175 0.0575
0 0.4825 0.64125 0.03 0.09125
0 0.515 0.6375 0.02625 0.0875
0 0.5475 0.64375 0.0225 0.08875
0 0.57625 0.6425 0.025 0.09
0 0.605 0.645 0.0225 0.09
0 0.64 0.6425 0.02875 0.08375
0 0.6725 0.6475 0.025 0.0875
0 0.70125 0.64625 0.02875 0.085
0 0.4725 0.7425 0.025 0.0775
0 0.395 0.67625 0.02 0.0625
0 0.505 0.735 0.025 0.07375
0 0.3675 0.58875 0.0175 0.0725
0 0.41125 0.5925 0.01625 0.075
0 0.55 0.32875 0.0225 0.09125
0 0.52375 0.33 0.025 0.09
0 0.495 0.33125 0.02125 0.08375
0 0.46625 0.33 0.01625 0.09
0 0.19625 0.42125 0.025 0.0525
0 0.2275 0.42 0.01875 0.05875
0 0.25 0.42125 0.02 0.06375
0 0.275 0.42 0.02625 0.06375
0 0.29875 0.4275 0.02125 0.06875
0 0.325 0.42 0.02 0.0575
0 0.38875 0.58375 0.01375 0.06625
0 0.3525 0.4225 0.0225 0.0625
0 0.40125 0.41875 0.02375 0.06
0 0.405 0.33125 0.0275 0.0725
0 0.37375 0.33375 0.0225 0.06875
0 0.34625 0.33625 0.02875 0.08125
0 0.31875 0.3275 0.0325 0.065
0 0.28875 0.34 0.02 0.08
0 0.27 0.32875 0.01375 0.05875
0 0.2425 0.33125 0.015 0.06625
0 0.21625 0.33125 0.01875 0.0625
0 0.19 0.33375 0.03 0.0675
0 0.37625 0.42 0.01875 0.065
0 0.5375 0.74375 0.03 0.09
0 0.27 0.6725 0.0175 0.055
0 0.56625 0.745 0.02125 0.09
0 0.62875 0.74625 0.025 0.0875
0 0.595 0.74375 0.03 0.09125