0 0.1775 0.87875 0.0325 0.07
0 0.21125 0.875 0.03625 0.06625
0 0.2475 0.8625 0.035 0.08625
0 0.2825 0.86 0.02625 0.08125
0 0.29875 0.28 0.0425 0.0875
0 0.14375 0.8775 0.03375 0.07
0 0.34 0.85875 0.025 0.0825
0 0.3675 0.86 0.02875 0.07125
0 0.39875 0.85875 0.03125 0.07
0 0.31125 0.85875 0.03125 0.08125
0 0.85625 0.70125 0.02625 0.0575
0 0.69625 0.43625 0.03375 0.08
0 0.8375 0.43375 0.025 0.075
0 0.80375 0.435 0.04 0.075
0 0.76625 0.43375 0.03375 0.07625
0 0.73125 0.435 0.03625 0.08
0 0.4375 0.85625 0.03625 0.06375
0 0.66 0.43625 0.03625 0.08
0 0.6275 0.43625 0.02875 0.08
0 0.59625 0.4375 0.035 0.08
0 0.56125 0.43875 0.03 0.0775
0 0.8625 0.435 0.025 0.07125
0 0.4725 0.85375 0.0325 0.06875
0 0.50625 0.8525 0.03 0.06375
0 0.53625 0.85125 0.03375 0.06375
0 0.765 0.70625 0.03 0.06
0 0.73625 0.70125 0.02625 0.0675
0 0.70625 0.705 0.0325 0.07375
0 0.675 0.57375 0.03375 0.07875
0 0.64125 0.575 0.03125 0.08
0 0.61 0.57625 0.03125 0.08125
0 0.57875 0.5775 0.03125 0.07625
0 0.54375 0.58625 0.03 0.06375
0 0.51 0.5875 0.035 0.06625
0 0.4775 0.5875 0.03125 0.06625
0 0.4425 0.58875 0.0375 0.06375
0 0.40375 0.59 0.03625 0.065
0 0.37 0.59125 0.03125 0.0725
0 0.3375 0.59375 0.03 0.07625
0 0.30375 0.59 0.0375 0.08375
0 0.265 0.59125 0.035 0.08
0 0.2275 0.59 0.03625 0.085
0 0.5675 0.85 0.02875 0.0625
0 0.6 0.84875 0.0325 0.06375
0 0.63375 0.845 0.0325 0.0625
0 0.6625 0.845 0.02625 0.065
0 0.6925 0.8275 0.025 0.09
0 0.15375 0.59375 0.03125 0.07625
0 0.34 0.2825 0.0375 0.09625
0 0.72 0.82375 0.025 0.09375
0 0.79625 0.8125 0.03875 0.095
0 0.83125 0.8125 0.02875 0.09875
0 0.86 0.81125 0.02875 0.1
0 0.26875 0.11375 0.04625 0.085
0 0.22875 0.11375 0.0325 0.085
0 0.19 0.59125 0.03625 0.07875
0 0.7575 0.81625 0.04375 0.09375
0 0.495 0.44 0.03125 0.075
0 0.52875 0.44 0.03375 0.0775
0 0.67375 0.70625 0.02875 0.0725
0 0.58 0.71125 0.0425 0.07125
0 0.615 0.70875 0.02625 0.07125
0 0.46125 0.44375 0.0375 0.08125
0 0.64375 0.70625 0.03 0.075
0 0.2525 0.285 0.04375 0.0925
0 0.75 0.29 0.03875 0.07625
0 0.715 0.29 0.03125 0.07875
0 0.68125 0.29125 0.035 0.075
0 0.64875 0.29125 0.03 0.075
0 0.615 0.2925 0.03625 0.07875
0 0.20875 0.2825 0.0425 0.08625
0 0.57625 0.2875 0.04 0.09375
0 0.53625 0.28625 0.0375 0.085
0 0.86 0.1325 0.03125 0.0775
0 0.49875 0.285 0.03375 0.0975
0 0.42 0.2875 0.0375 0.09
0 0.38 0.28625 0.03875 0.0875
0 0.3125 0.11625 0.03875 0.09625
0 0.36 0.11625 0.05 0.09125
0 0.5175 0.125 0.04125 0.09125
0 0.56 0.1225 0.03875 0.09
0 0.59625 0.12375 0.035 0.09375
0 0.635 0.1275 0.03875 0.085
0 0.6725 0.1275 0.0375 0.0875
0 0.7125 0.13 0.0375 0.08375
0 0.75125 0.13 0.0375 0.08375
0 0.79 0.1325 0.04125 0.07875
0 0.8275 0.13125 0.03125 0.08125
0 0.46125 0.28375 0.04125 0.09125
0 0.78625 0.2925 0.03125 0.07875
0 0.54375 0.71875 0.03125 0.06
0 0.85 0.29 0.0325 0.075
0 0.7075 0.5725 0.02875 0.07625
0 0.73875 0.5725 0.03375 0.075
0 0.7725 0.57125 0.03125 0.08
0 0.8025 0.5725 0.03125 0.075
0 0.835 0.57 0.02875 0.07375
0 0.86125 0.57 0.02625 0.07375
0 0.1475 0.7275 0.02875 0.09
0 0.18 0.7275 0.035 0.09
0 0.215 0.725 0.02375 0.09125
0 0.245 0.7225 0.03125 0.0875
0 0.425 0.44125 0.03125 0.08375
0 0.27875 0.7225 0.0375 0.0875
0 0.31625 0.725 0.035 0.07625
0 0.35 0.725 0.03125 0.0775
0 0.8175 0.2925 0.0325 0.07625
0 0.38125 0.725 0.03125 0.08
0 0.8275 0.70375 0.03 0.06125
0 0.415 0.7225 0.035 0.07625
0 0.45125 0.7175 0.03375 0.07875
0 0.48375 0.71625 0.03 0.07625
0 0.3875 0.44 0.04375 0.07875
0 0.34625 0.43875 0.0375 0.08
0 0.5125 0.72125 0.02875 0.06375
0 0.30375 0.44375 0.04375 0.085
0 0.26 0.43875 0.04625 0.095
0 0.215 0.435 0.0425 0.1025
0 0.16625 0.44375 0.0475 0.0925
0 0.7975 0.70375 0.03125 0.06
0 0.1625 0.2825 0.05 0.0875