0 0.62125 0.22875 0.03375 0.095
0 0.82125 0.11 0.0375 0.0925
0 0.28125 0.595 0.03875 0.0925
0 0.3175 0.595 0.035 0.0925
0 0.35375 0.59375 0.03375 0.09
0 0.38875 0.5925 0.03875 0.09375
0 0.425 0.60375 0.0325 0.07625
0 0.4525 0.6 0.02 0.07
0 0.47875 0.5975 0.03375 0.0825
0 0.5175 0.5975 0.03125 0.08125
0 0.545 0.59625 0.02125 0.08125
0 0.8575 0.11125 0.03375 0.0975
0 0.5725 0.59875 0.02625 0.07875
0 0.605 0.5925 0.03625 0.09125
0 0.64125 0.5925 0.03375 0.09125
0 0.6775 0.59 0.03625 0.09
0 0.23875 0.5925 0.045 0.10375
0 0.71 0.59125 0.03125 0.0925
0 0.78125 0.59125 0.03625 0.09
0 0.82125 0.58625 0.04125 0.09625
0 0.85875 0.5875 0.0325 0.09625
0 0.16875 0.47 0.05375 0.0975
0 0.22375 0.46875 0.04875 0.09875
0 0.275 0.47125 0.04125 0.095
0 0.31375 0.47125 0.035 0.09625
0 0.3525 0.47125 0.03875 0.0975
0 0.38875 0.47125 0.03625 0.0975
0 0.4225 0.4725 0.0275 0.0875
0 0.4525 0.4725 0.03 0.08625
0 0.48375 0.475 0.03 0.085
0 0.51625 0.47375 0.03375 0.08375
0 0.5525 0.47625 0.03625 0.08
0 0.745 0.5925 0.03625 0.09125
0 0.19375 0.5925 0.04625 0.1
0 0.1475 0.5925 0.0425 0.09875
0 0.8575 0.70875 0.03375 0.1025
0 0.14125 0.86875 0.03125 0.1025
0 0.17625 0.865 0.03625 0.10875
0 0.21625 0.865 0.0425 0.1075
0 0.25625 0.86375 0.03375 0.1075
0 0.3 0.865 0.045 0.11875
0 0.34625 0.86125 0.04375 0.1225
0 0.39375 0.85875 0.05 0.11625
0 0.4425 0.8575 0.04625 0.115
0 0.49 0.86 0.04875 0.1175
0 0.53875 0.8625 0.045 0.11
0 0.585 0.8625 0.0475 0.10875
0 0.63125 0.86 0.04625 0.10875
0 0.6775 0.86125 0.04375 0.11125
0 0.7225 0.8625 0.045 0.10875
0 0.77 0.86125 0.04875 0.105
0 0.82375 0.85625 0.04625 0.11125
0 0.86125 0.85625 0.0275 0.11
0 0.82 0.7075 0.04125 0.1025
0 0.76875 0.71125 0.05 0.1025
0 0.72125 0.71125 0.04 0.10375
0 0.675 0.7125 0.04875 0.10125
0 0.6275 0.71125 0.04625 0.09875
0 0.575 0.71125 0.04875 0.10375
0 0.5825 0.47625 0.025 0.07875
0 0.525 0.71125 0.04875 0.1025
0 0.435 0.71125 0.04125 0.09875
0 0.38875 0.71375 0.04625 0.1
0 0.34375 0.715 0.045 0.10375
0 0.295 0.71625 0.0475 0.1025
0 0.2375 0.7175 0.0525 0.1025
0 0.17375 0.72 0.06375 0.1025
0 0.47875 0.7125 0.045 0.10125
0 0.61125 0.46875 0.03 0.09375
0 0.465 0.35375 0.04125 0.09
0 0.67875 0.47 0.03625 0.09125
0 0.71375 0.22875 0.02875 0.09375
0 0.685 0.22875 0.03 0.0925
0 0.65375 0.2275 0.03 0.0925
0 0.64375 0.46875 0.03375 0.0925
0 0.55375 0.235 0.03625 0.085
0 0.51625 0.225 0.03625 0.0975
0 0.475 0.22875 0.04 0.09375
0 0.7475 0.22875 0.035 0.09375
0 0.43375 0.2275 0.04125 0.095
0 0.35125 0.22625 0.04 0.10375
0 0.31 0.225 0.03875 0.1
0 0.26875 0.225 0.045 0.10125
0 0.2225 0.22625 0.03625 0.09625
0 0.1825 0.22625 0.04375 0.09625
0 0.14125 0.22625 0.03125 0.09375
0 0.845 0.35375 0.045 0.08625
0 0.39125 0.22875 0.04 0.09875
0 0.78 0.2275 0.03125 0.0925
0 0.81375 0.2275 0.035 0.09375
0 0.8525 0.2275 0.03875 0.09625
0 0.78625 0.1125 0.03125 0.09125
0 0.755 0.1125 0.03125 0.0925
0 0.72375 0.11 0.03 0.09625
0 0.69125 0.11125 0.03375 0.0975
0 0.6575 0.11125 0.03125 0.09625
0 0.62375 0.11 0.035 0.09375
0 0.5875 0.1125 0.035 0.08875
0 0.5525 0.1125 0.035 0.08875
0 0.515 0.11375 0.03875 0.0875
0 0.4725 0.10625 0.04125 0.10125
0 0.4325 0.10375 0.04 0.10625
0 0.39125 0.1025 0.0425 0.105
0 0.35 0.1025 0.04125 0.1075
0 0.30875 0.10125 0.04 0.10375
0 0.265 0.10125 0.04375 0.105
0 0.21625 0.1125 0.03875 0.07875
0 0.1725 0.11125 0.045 0.08125
0 0.8025 0.3525 0.035 0.0875
0 0.76875 0.3525 0.03125 0.08625
0 0.5875 0.2325 0.03125 0.0875
0 0.70875 0.35375 0.02875 0.08875
0 0.645 0.355 0.03625 0.085
0 0.61125 0.355 0.03 0.085
0 0.58 0.35875 0.03375 0.08
0 0.54375 0.3575 0.03625 0.08
0 0.505 0.3525 0.0375 0.09125
0 0.42625 0.355 0.0375 0.09125
0 0.38625 0.35 0.04 0.10125
0 0.715 0.46875 0.035 0.09125
0 0.34625 0.35 0.03625 0.095
0 0.265 0.35125 0.04375 0.0975
0 0.22 0.35375 0.0425 0.0925
0 0.18125 0.3525 0.0325 0.0925
0 0.1475 0.3525 0.03625 0.09625
0 0.83125 0.46875 0.0425 0.0925
0 0.78875 0.46875 0.03625 0.09125
0 0.7375 0.35375 0.02875 0.08875
0 0.3075 0.35 0.04125 0.0975
0 0.67875 0.35375 0.03 0.08875
0 0.75125 0.47 0.0375 0.09125