0 0.2 0.8225 0.03 0.065
0 0.33625 0.81875 0.03125 0.0625
0 0.3025 0.82 0.03 0.0625
0 0.2675 0.82 0.03125 0.0625
0 0.1375 0.8225 0.02375 0.065
0 0.1675 0.82125 0.03125 0.06625
0 0.23375 0.82125 0.03125 0.0675
0 0.2875 0.9425 0.02875 0.0725
0 0.1875 0.94 0.0325 0.075
0 0.8075 0.93125 0.03125 0.09375
0 0.77125 0.935 0.03375 0.08875
0 0.73625 0.93125 0.0325 0.09125
0 0.665 0.93875 0.0375 0.0775
0 0.62375 0.935 0.035 0.08125
0 0.58625 0.94 0.03375 0.07375
0 0.54875 0.93625 0.03375 0.07125
0 0.51 0.9375 0.0375 0.07875
0 0.46875 0.93875 0.03625 0.08
0 0.4275 0.93875 0.035 0.07375
0 0.3875 0.94125 0.035 0.07
0 0.35375 0.93875 0.03 0.075
0 0.32 0.9425 0.03125 0.07
0 0.255 0.94 0.03125 0.0725
0 0.2225 0.94125 0.0275 0.07625
0 0.15375 0.94 0.0325 0.08125
0 0.70125 0.9375 0.0325 0.0775
0 0.84625 0.70375 0.0325 0.075
0 0.40625 0.81875 0.0325 0.0625
0 0.5675 0.7 0.0325 0.0875
0 0.53375 0.7 0.0325 0.08375
0 0.5 0.7 0.03125 0.08375
0 0.46375 0.7 0.03 0.085
0 0.42875 0.7 0.035 0.085
0 0.39375 0.7 0.03 0.08375
0 0.60375 0.7 0.03375 0.0825
0 0.35875 0.70125 0.0325 0.08125
0 0.29 0.7 0.03375 0.08
0 0.25375 0.70125 0.03125 0.08125
0 0.22 0.70375 0.03125 0.07625
0 0.1875 0.70375 0.02875 0.07625
0 0.15375 0.70375 0.0325 0.0775
0 0.135 0.59125 0.01875 0.07625
0 0.325 0.70125 0.03125 0.08125
0 0.37125 0.81875 0.0325 0.0625
0 0.63875 0.7 0.03 0.0825
0 0.70625 0.7 0.03125 0.0825
0 0.44125 0.8175 0.03125 0.06625
0 0.4775 0.815 0.0325 0.07
0 0.5125 0.8175 0.02875 0.065
0 0.54375 0.81125 0.02875 0.075
0 0.57625 0.8125 0.03 0.08
0 0.6125 0.81125 0.03125 0.07875
0 0.6725 0.7 0.0325 0.08125
0 0.64625 0.8125 0.0325 0.075
0 0.71625 0.81125 0.03875 0.075
0 0.75625 0.815 0.03 0.0675
0 0.7925 0.81 0.0325 0.075
0 0.81125 0.70375 0.03125 0.07625
0 0.77625 0.7 0.0325 0.08375
0 0.74125 0.7 0.03125 0.085
0 0.68125 0.81375 0.02625 0.06375
0 0.16 0.59125 0.03 0.07625
0 0.33 0.47375 0.03375 0.0775
0 0.3725 0.36125 0.05625 0.11625
0 0.8225 0.21625 0.0375 0.07375
0 0.85875 0.215 0.03125 0.07625
0 0.74 0.2 0.02875 0.11
0 0.7075 0.2 0.0275 0.11
0 0.67875 0.2025 0.0275 0.11
0 0.64875 0.20125 0.0275 0.11
0 0.61625 0.20125 0.03 0.11125
0 0.5825 0.20125 0.03 0.11125
0 0.55 0.20125 0.03 0.11
0 0.5175 0.20125 0.02875 0.11125
0 0.485 0.2025 0.0275 0.11125
0 0.45375 0.2025 0.025 0.10875
0 0.42375 0.2025 0.025 0.1125
0 0.40625 0.465 0.03625 0.085
0 0.4425 0.46625 0.0325 0.08375
0 0.47875 0.46625 0.035 0.08625
0 0.515 0.46625 0.0325 0.085
0 0.78125 0.2175 0.04 0.0725
0 0.8425 0.3475 0.04125 0.085
0 0.8025 0.34875 0.03 0.07875
0 0.76875 0.3475 0.03125 0.08375
0 0.28625 0.3525 0.0325 0.0825
0 0.25125 0.3525 0.0325 0.08
0 0.215 0.3525 0.03625 0.0775
0 0.14125 0.35375 0.03125 0.08
0 0.1775 0.35125 0.03375 0.08125
0 0.15375 0.47375 0.03375 0.07625
0 0.18875 0.47375 0.03375 0.07625
0 0.22625 0.4725 0.0325 0.07625
0 0.55125 0.46625 0.0325 0.08375
0 0.26 0.47375 0.03 0.075
0 0.84625 0.93125 0.03875 0.09375
0 0.3675 0.4725 0.03125 0.075
0 0.46375 0.35 0.03875 0.085
0 0.54375 0.35125 0.03625 0.08375
0 0.58 0.35125 0.035 0.0825
0 0.6175 0.35 0.03625 0.0875
0 0.65875 0.34875 0.03375 0.08375
0 0.7325 0.3475 0.03625 0.085
0 0.29375 0.47375 0.0325 0.075
0 0.58875 0.4675 0.03625 0.08625
0 0.3225 0.35125 0.035 0.08375
0 0.6625 0.46625 0.03375 0.08375
0 0.3575 0.5875 0.03625 0.0775
0 0.315 0.59125 0.0375 0.0775
0 0.275 0.59125 0.03375 0.07625
0 0.24 0.59 0.03125 0.07625
0 0.195 0.59125 0.03375 0.075
0 0.39375 0.2025 0.0275 0.11375
0 0.395 0.58625 0.03125 0.08125
0 0.36 0.20125 0.0275 0.11375
0 0.3 0.20125 0.0275 0.11125
0 0.2675 0.2025 0.0275 0.11
0 0.20875 0.2075 0.03 0.1
0 0.1725 0.2075 0.02875 0.10125
0 0.14125 0.20875 0.03 0.1
0 0.62625 0.46875 0.03375 0.0875
0 0.33125 0.2025 0.0275 0.11125
0 0.42875 0.58625 0.0325 0.08125
0 0.425 0.35125 0.0325 0.085
0 0.5025 0.5875 0.0325 0.0775
0 0.6975 0.46375 0.035 0.08625
0 0.7375 0.465 0.0375 0.08125
0 0.775 0.465 0.035 0.0875
0 0.81125 0.46375 0.0325 0.0875
0 0.4675 0.58625 0.03625 0.08125
0 0.86125 0.58125 0.0275 0.085
0 0.82875 0.5825 0.0325 0.085
0 0.8475 0.46625 0.035 0.0875
0 0.7525 0.58125 0.035 0.08625
0 0.71625 0.58125 0.0325 0.08625
0 0.79125 0.58125 0.03375 0.08625
0 0.5725 0.58625 0.03375 0.08
0 0.6075 0.5825 0.0325 0.0875
0 0.64375 0.58125 0.03375 0.08625
0 0.68 0.58125 0.03375 0.08375
0 0.5375 0.58625 0.03 0.07875