0 0.28375 0.64125 0.02125 0.07375
0 0.3925 0.64 0.02125 0.0625
0 0.23125 0.4675 0.0225 0.0575
0 0.26375 0.4675 0.03 0.06375
0 0.295 0.46 0.02375 0.075
0 0.3225 0.4625 0.0275 0.0725
0 0.35375 0.46125 0.01875 0.07375
0 0.38 0.46 0.02625 0.07375
0 0.40625 0.46 0.02375 0.08
0 0.4425 0.46 0.02 0.0725
0 0.47 0.46 0.02625 0.07875
0 0.51125 0.4625 0.01875 0.07125
0 0.535 0.4625 0.02 0.0725
0 0.31625 0.36375 0.02125 0.0625
0 0.35 0.36 0.0225 0.0675
0 0.37875 0.3625 0.02 0.0675
0 0.36375 0.64 0.02625 0.06125
0 0.40125 0.3625 0.01875 0.0625
0 0.45625 0.36125 0.02375 0.07375
0 0.48125 0.36375 0.02 0.07125
0 0.50625 0.36375 0.0225 0.07125
0 0.55625 0.46375 0.015 0.07125
0 0.57875 0.46375 0.02125 0.0725
0 0.605 0.4625 0.0175 0.07375
0 0.62875 0.465 0.01875 0.0725
0 0.65625 0.48125 0.02625 0.03375
0 0.68875 0.48375 0.03 0.03125
0 0.53125 0.36375 0.0175 0.07
0 0.55375 0.36375 0.01625 0.075
0 0.575 0.36375 0.01875 0.0725
0 0.60125 0.3625 0.0225 0.075
0 0.625 0.3625 0.02125 0.075
0 0.43125 0.36375 0.02125 0.06625
0 0.72875 0.465 0.01875 0.06375
0 0.36 0.2925 0.0375 0.02375
0 0.66625 0.365 0.0175 0.07125
0 0.33875 0.64 0.01375 0.0625
0 0.49125 0.21 0.01875 0.0425
0 0.48625 0.17875 0.0425 0.015
0 0.51 0.21 0.00875 0.04375
0 0.52625 0.20625 0.0175 0.05
0 0.47375 0.21 0.0075 0.04625
0 0.45125 0.20875 0.01875 0.04875
0 0.42 0.20375 0.015 0.0525
0 0.40375 0.205 0.00875 0.05375
0 0.38125 0.205 0.01875 0.055
0 0.36375 0.20375 0.01125 0.0575
0 0.3475 0.205 0.015 0.05625
0 0.3125 0.665 0.02625 0.015
0 0.3275 0.2075 0.0175 0.0475
0 0.29125 0.2025 0.01125 0.055
0 0.27625 0.2025 0.01375 0.05375
0 0.24625 0.2175 0.02875 0.0225
0 0.76375 0.14375 0.035 0.0225
0 0.76125 0.10125 0.03875 0.05625
0 0.7225 0.13875 0.03 0.0325
0 0.66 0.12 0.0325 0.06375
0 0.62 0.1225 0.0375 0.0625
0 0.58125 0.12 0.02 0.07
0 0.55125 0.1175 0.01875 0.07125
0 0.52875 0.12625 0.01 0.0525
0 0.51 0.12875 0.01 0.05375
0 0.3075 0.205 0.01375 0.04875
0 0.67875 0.64625 0.02875 0.065
0 0.56 0.645 0.02125 0.05875
0 0.58375 0.6425 0.02625 0.0675
0 0.25625 0.64125 0.02375 0.065
0 0.2275 0.64 0.0175 0.06125
0 0.5425 0.6275 0.01 0.0425
0 0.22875 0.55625 0.01625 0.0575
0 0.275 0.56 0.02625 0.06625
0 0.30875 0.5525 0.02875 0.07375
0 0.3375 0.5525 0.02625 0.0725
0 0.365 0.555 0.02375 0.07
0 0.39125 0.555 0.02375 0.0675
0 0.415 0.5525 0.02 0.0675
0 0.44 0.56 0.02 0.0575
0 0.46375 0.56125 0.02125 0.05625
0 0.49 0.56125 0.01875 0.0575
0 0.525 0.56125 0.0125 0.055
0 0.51 0.56125 0.01375 0.055
0 0.55375 0.56375 0.02 0.0575
0 0.58125 0.56125 0.02125 0.05375
0 0.6075 0.56375 0.0225 0.0525
0 0.69125 0.55625 0.015 0.065
0 0.67375 0.5575 0.01125 0.06625
0 0.655 0.55625 0.01375 0.06375
0 0.63125 0.5625 0.01875 0.05375
0 0.4225 0.64125 0.02625 0.0525
0 0.4525 0.63625 0.0225 0.0525
0 0.48 0.63 0.02375 0.055
0 0.51125 0.6375 0.03875 0.06125
0 0.6125 0.6375 0.02375 0.06
0 0.49125 0.12125 0.01625 0.03125
0 0.49125 0.145 0.0175 0.01375
0 0.46625 0.13 0.01375 0.0425
0 0.44375 0.12625 0.02 0.05125
0 0.7 0.28625 0.01625 0.04
0 0.66125 0.2975 0.03 0.0225
0 0.6275 0.29875 0.02875 0.025
0 0.5975 0.29875 0.0275 0.0225
0 0.5525 0.3025 0.0175 0.01125
0 0.57125 0.29625 0.01 0.0175
0 0.5325 0.29875 0.01625 0.0175
0 0.50125 0.3 0.03625 0.01375
0 0.46375 0.27625 0.02625 0.0175
0 0.46625 0.2975 0.02875 0.01625
0 0.4325 0.27625 0.02875 0.01875
0 0.43375 0.2975 0.02375 0.01625
0 0.35875 0.265 0.0375 0.02375
0 0.3125 0.6425 0.0225 0.02125
0 0.39375 0.30375 0.015 0.01
0 0.4025 0.2875 0.01875 0.00875
0 0.41 0.3 0.00875 0.01125
0 0.3225 0.29625 0.02375 0.02375
0 0.295 0.28125 0.01125 0.05375
0 0.3175 0.2675 0.01375 0.03
0 0.27875 0.28 0.01625 0.0525
0 0.26 0.31 0.02 0.02375
0 0.23375 0.30125 0.02 0.04375
0 0.73625 0.35625 0.0275 0.0575
0 0.77 0.3575 0.02125 0.05375
0 0.70375 0.36375 0.01375 0.0725
0 0.68375 0.365 0.0125 0.07375
0 0.75125 0.2475 0.0225 0.05
0 0.64625 0.36625 0.01375 0.07375
0 0.72625 0.205 0.0175 0.06375
0 0.68125 0.20375 0.01875 0.0625
0 0.41875 0.125 0.02 0.05
0 0.395 0.125 0.02 0.05125
0 0.37 0.1225 0.02125 0.0525
0 0.3475 0.12125 0.01875 0.05375
0 0.31625 0.1125 0.02625 0.075
0 0.2875 0.12125 0.01875 0.05125
0 0.26 0.12125 0.02125 0.05375
0 0.6425 0.63375 0.0225 0.055
0 0.7525 0.665 0.02125 0.02375
0 0.755 0.6425 0.02375 0.00875
0 0.72 0.66125 0.02375 0.02625
0 0.72125 0.6425 0.02625 0.00625
0 0.7225 0.63375 0.02125 0.005
0 0.7225 0.62375 0.02375 0.005
0 0.73875 0.58 0.01625 0.025
0 0.545 0.20875 0.0075 0.04875
0 0.7175 0.57875 0.0175 0.0275
0 0.77125 0.55 0.02 0.025
0 0.74125 0.54625 0.0175 0.02875
0 0.72125 0.54875 0.015 0.02375
0 0.74375 0.40875 0.0225 0.015
0 0.74875 0.4675 0.01625 0.06625
0 0.5625 0.20875 0.01625 0.04875
0 0.58125 0.20625 0.0175 0.055
0 0.62 0.20375 0.0175 0.05875
0 0.64375 0.205 0.015 0.05875
0 0.66 0.205 0.0125 0.06125
0 0.7025 0.20375 0.02 0.06375
0 0.76875 0.57875 0.02375 0.0225
0 0.245 0.38375 0.015 0.05
0 0.265 0.3825 0.01875 0.06875