0 0.365 0.85 0.08125 0.04625
0 0.355 0.67125 0.05625 0.0275
0 0.51875 0.59625 0.045 0.0075
0 0.515 0.60625 0.04625 0.00875
0 0.465 0.60625 0.045 0.00625
0 0.465 0.6175 0.04625 0.0075
0 0.46625 0.62875 0.04375 0.0075
0 0.4625 0.6375 0.04625 0.00875
0 0.465 0.64875 0.04625 0.00875
0 0.465 0.66875 0.04625 0.025
0 0.51625 0.6175 0.0475 0.0075
0 0.515 0.6275 0.0475 0.0075
0 0.51625 0.63625 0.0475 0.00875
0 0.51625 0.6475 0.0475 0.0075
0 0.4175 0.61 0.04125 0.01
0 0.17625 0.88125 0.08 0.01625
0 0.16375 0.91375 0.0775 0.03
0 0.37125 0.59875 0.05125 0.01125
0 0.515 0.6675 0.04625 0.02625
0 0.36125 0.6175 0.045 0.00875
0 0.49625 0.87125 0.05 0.01
0 0.35875 0.6425 0.05 0.02625
0 0.495 0.88375 0.05125 0.0075
0 0.2825 0.90375 0.08375 0.0375
0 0.495 0.90625 0.05 0.025
0 0.4375 0.8925 0.055 0.00875
0 0.43875 0.9125 0.05625 0.015
0 0.36625 0.89875 0.0825 0.0425
0 0.27375 0.8575 0.09125 0.04
0 0.42 0.59875 0.04 0.0125
0 0.68375 0.54 0.065 0.02875
0 0.4125 0.6375 0.04875 0.02625
0 0.4925 0.5475 0.05625 0.03125
0 0.43 0.515 0.0575 0.0275
0 0.42875 0.5475 0.05625 0.03125
0 0.36625 0.5175 0.055 0.02875
0 0.3675 0.54875 0.0575 0.03125
0 0.14625 0.49375 0.0425 0.05
0 0.14875 0.54625 0.0475 0.05
0 0.24 0.52125 0.06 0.03125
0 0.24125 0.55375 0.05375 0.03
0 0.30375 0.52125 0.05625 0.03125
0 0.305 0.5525 0.0575 0.02625
0 0.6875 0.47125 0.065 0.0325
0 0.6825 0.5075 0.0625 0.03
0 0.30125 0.61875 0.055 0.0125
0 0.41125 0.6675 0.0525 0.0275
0 0.7475 0.47 0.05125 0.03125
0 0.80625 0.50625 0.05875 0.02625
0 0.80125 0.5375 0.05625 0.03
0 0.745 0.505 0.05625 0.03125
0 0.74625 0.54 0.05 0.03
0 0.79 0.6025 0.0575 0.04125
0 0.73 0.6025 0.055 0.04
0 0.67375 0.60375 0.05125 0.04
0 0.61875 0.6075 0.05 0.0475
0 0.5675 0.60875 0.05 0.04375
0 0.57 0.655 0.0475 0.04375
0 0.61875 0.65125 0.045 0.0375
0 0.67625 0.64875 0.0575 0.0375
0 0.735 0.6475 0.055 0.04
0 0.79125 0.64625 0.05375 0.04
0 0.8075 0.47375 0.06375 0.0325
0 0.3025 0.63625 0.05875 0.01125
0 0.54875 0.84375 0.0475 0.0125
0 0.3 0.67125 0.04875 0.03
0 0.5525 0.88375 0.04625 0.00875
0 0.55 0.87125 0.05 0.01125
0 0.54875 0.8575 0.05125 0.00875
0 0.49 0.5125 0.0575 0.03125
0 0.59875 0.90125 0.04875 0.01875
0 0.60125 0.88125 0.04625 0.00875
0 0.60125 0.87 0.04625 0.00875
0 0.6 0.85625 0.04875 0.01125
0 0.5975 0.84125 0.04375 0.01125
0 0.59875 0.83 0.04625 0.01
0 0.65625 0.9 0.0525 0.00625
0 0.655 0.90875 0.0525 0.00875
0 0.655 0.89 0.05375 0.01
0 0.65625 0.88125 0.05375 0.00625
0 0.5475 0.90375 0.05 0.02375
0 0.65625 0.87125 0.05875 0.01
0 0.65375 0.84875 0.05375 0.0075
0 0.6525 0.8375 0.0475 0.01125
0 0.65 0.8225 0.05 0.01375
0 0.735 0.88375 0.09625 0.05125
0 0.7325 0.835 0.0975 0.0425
0 0.835 0.8625 0.07875 0.10125
0 0.84875 0.68 0.05125 0.0975
0 0.76625 0.75625 0.095 0.0525
0 0.76375 0.71625 0.09375 0.02375
0 0.6675 0.7625 0.0975 0.0525
0 0.66875 0.72125 0.09875 0.0225
0 0.59 0.77625 0.05 0.025
0 0.59 0.75625 0.0525 0.00875
0 0.59 0.73625 0.055 0.02625
0 0.65375 0.86 0.055 0.0075
0 0.30125 0.64875 0.045 0.00875
0 0.49625 0.8425 0.0475 0.01125
0 0.43875 0.84375 0.05 0.01125
0 0.24125 0.61875 0.04 0.01
0 0.245 0.6325 0.045 0.01125
0 0.24625 0.64375 0.04875 0.00875
0 0.24625 0.67125 0.04625 0.035
0 0.19125 0.67 0.05 0.03625
0 0.15625 0.62625 0.05 0.0325
0 0.145 0.67 0.03875 0.0375
0 0.1825 0.73875 0.05875 0.04
0 0.185 0.78 0.055 0.03625
0 0.25625 0.75625 0.05875 0.03125
0 0.26 0.7875 0.05875 0.02375
0 0.26 0.725 0.06125 0.02375
0 0.31625 0.72375 0.04625 0.025
0 0.315 0.75375 0.05375 0.0275
0 0.49625 0.85875 0.0475 0.01
0 0.3175 0.78375 0.055 0.02625
0 0.37125 0.74 0.055 0.02875
0 0.37375 0.78125 0.05125 0.03125
0 0.4275 0.72125 0.05375 0.01375
0 0.42875 0.74375 0.05625 0.025
0 0.42875 0.77875 0.0525 0.03
0 0.49 0.7125 0.0475 0.00875
0 0.49 0.735 0.04875 0.02
0 0.48125 0.75375 0.0425 0.00875
0 0.4825 0.775 0.0525 0.03
0 0.53625 0.77625 0.0525 0.03125
0 0.5475 0.715 0.02875 0.01125
0 0.5475 0.735 0.02625 0.0225
0 0.4375 0.88125 0.055 0.0075
0 0.4375 0.87 0.055 0.01125
0 0.37 0.72 0.0525 0.01
0 0.555 0.54375 0.05375 0.02625
0 0.77625 0.20875 0.0625 0.01625
0 0.6175 0.53875 0.0625 0.02
0 0.27625 0.15 0.0575 0.025
0 0.55375 0.51125 0.05875 0.0325
0 0.275 0.125 0.05625 0.015
0 0.27375 0.10625 0.0625 0.01625
0 0.2175 0.1225 0.05 0.01625
0 0.1525 0.1 0.05375 0.04375
0 0.15 0.14625 0.05 0.0425
0 0.21875 0.2175 0.065 0.035
0 0.28875 0.21625 0.06625 0.03
0 0.29375 0.25125 0.06625 0.035
0 0.29125 0.28875 0.065 0.03375
0 0.2225 0.28875 0.06625 0.035
0 0.22625 0.2525 0.0625 0.03125
0 0.355 0.21625 0.05625 0.0625
0 0.35875 0.27625 0.05375 0.0525
0 0.415 0.27875 0.05375 0.0575
0 0.41 0.2175 0.05125 0.05875
0 0.47125 0.21625 0.05625 0.05625
0 0.46875 0.27625 0.05 0.05625
0 0.52625 0.2775 0.05 0.0625
0 0.58125 0.22625 0.05625 0.0125
0 0.21375 0.1475 0.0575 0.03
0 0.585 0.24375 0.05625 0.01375
0 0.345 0.14625 0.05875 0.0275
0 0.3425 0.10625 0.0575 0.01375
0 0.59125 0.715 0.05 0.01125
0 0.615 0.08 0.06625 0.02
0 0.61375 0.10375 0.06625 0.02
0 0.61375 0.125 0.06625 0.02
0 0.685 0.08 0.06625 0.02
0 0.685 0.10125 0.06375 0.0175
0 0.6825 0.12375 0.065 0.0225
0 0.76125 0.0775 0.06625 0.01875
0 0.7625 0.1 0.06625 0.01875
0 0.76625 0.1225 0.06875 0.02375
0 0.8225 0.07375 0.03875 0.02
0 0.82 0.09875 0.03875 0.02125
0 0.82375 0.12125 0.04 0.02125
0 0.475 0.10625 0.0625 0.0175
0 0.47375 0.145 0.06 0.02375
0 0.5425 0.1275 0.065 0.02
0 0.40375 0.09 0.0575 0.0125
0 0.41 0.10375 0.06 0.01375
0 0.40875 0.11875 0.06 0.0125
0 0.40875 0.145 0.05875 0.02875
0 0.33875 0.08875 0.0625 0.01875
0 0.34375 0.12125 0.0575 0.0125
0 0.58375 0.285 0.05875 0.03125
0 0.53375 0.75375 0.05 0.01125
0 0.64625 0.22625 0.05375 0.01
0 0.47125 0.38 0.06 0.03375
0 0.4725 0.41625 0.05875 0.0325
0 0.4 0.355 0.06 0.0325
0 0.4025 0.39 0.06125 0.03125
0 0.40625 0.4225 0.06125 0.03125
0 0.32625 0.355 0.06625 0.0325
0 0.645 0.24875 0.055 0.03
0 0.335 0.4225 0.06 0.03125
0 0.24875 0.3575 0.06125 0.03375
0 0.2575 0.39125 0.0625 0.03125
0 0.2625 0.42375 0.0625 0.0275
0 0.36 0.485 0.05625 0.03125
0 0.4275 0.4825 0.0575 0.02875
0 0.48875 0.47625 0.05875 0.02875
0 0.55375 0.47625 0.05875 0.03125
0 0.61875 0.475 0.0625 0.03
0 0.61875 0.50875 0.06375 0.0325
0 0.46375 0.34375 0.0625 0.03125
0 0.53625 0.4125 0.06125 0.02875
0 0.33 0.39 0.0675 0.03125
0 0.53625 0.37875 0.06125 0.03375
0 0.71 0.24125 0.065 0.0375
0 0.65 0.28125 0.06 0.0275
0 0.78125 0.27 0.06625 0.02125
0 0.77875 0.23625 0.065 0.03625
0 0.7875 0.34125 0.06 0.03125
0 0.785 0.3775 0.05625 0.0325
0 0.78 0.4075 0.0525 0.025
0 0.7225 0.34125 0.05875 0.03375
0 0.72125 0.3775 0.05875 0.0325
0 0.7225 0.40875 0.0575 0.02
0 0.6625 0.34125 0.05625 0.03375
0 0.66125 0.37875 0.055 0.0325
0 0.66125 0.41 0.05875 0.02375
0 0.60125 0.3425 0.06125 0.03375
0 0.715 0.27125 0.06 0.0175
0 0.6 0.38 0.06 0.0325
0 0.59875 0.40875 0.06125 0.02125
0 0.5325 0.34375 0.0625 0.03125