0 0.38875 0.6525 0.045 0.04125
0 0.76625 0.7775 0.06125 0.05375
0 0.76875 0.71875 0.06125 0.06
0 0.83875 0.785 0.07125 0.06125
0 0.84125 0.72625 0.0675 0.05125
0 0.84 0.66625 0.06875 0.06375
0 0.1325 0.50875 0.015 0.04375
0 0.14125 0.465 0.02125 0.0375
0 0.185 0.4775 0.01 0.095
0 0.20625 0.48375 0.0275 0.11375
0 0.23375 0.48875 0.025 0.1225
0 0.70125 0.7675 0.06125 0.05375
0 0.26125 0.49 0.02375 0.125
0 0.28875 0.49125 0.0275 0.125
0 0.365 0.49 0.03 0.1275
0 0.39375 0.4925 0.025 0.1275
0 0.42625 0.495 0.0325 0.13375
0 0.4625 0.49625 0.03125 0.13125
0 0.49875 0.49625 0.02875 0.12875
0 0.53625 0.4975 0.0375 0.13125
0 0.5775 0.495 0.03625 0.1275
0 0.61875 0.4975 0.03625 0.13
0 0.66125 0.5075 0.04125 0.14125
0 0.34125 0.4875 0.0125 0.1175
0 0.7025 0.7075 0.06 0.055
0 0.6425 0.69375 0.05375 0.055
0 0.64 0.75125 0.0525 0.0525
0 0.14 0.80875 0.025 0.0325
0 0.135 0.76875 0.02 0.04125
0 0.17125 0.82 0.03 0.04
0 0.17 0.7775 0.03 0.04125
0 0.165 0.73125 0.035 0.04625
0 0.20375 0.82625 0.0325 0.04125
0 0.20375 0.78375 0.03125 0.03875
0 0.20375 0.73875 0.0325 0.045
0 0.24 0.83625 0.03 0.04
0 0.23875 0.7925 0.0325 0.0375
0 0.23875 0.75 0.0325 0.0425
0 0.2775 0.85 0.02875 0.0375
0 0.275 0.80625 0.03125 0.04125
0 0.27375 0.7625 0.03125 0.04125
0 0.31875 0.865 0.0375 0.04875
0 0.3125 0.77125 0.0425 0.04875
0 0.36125 0.875 0.0425 0.04875
0 0.36 0.82875 0.0425 0.0375
0 0.36 0.785 0.04375 0.04625
0 0.4075 0.89 0.04 0.0425
0 0.40625 0.84375 0.04 0.04125
0 0.40375 0.7975 0.04125 0.04625
0 0.585 0.73625 0.0475 0.05625
0 0.75875 0.52 0.02125 0.15875
0 0.38 0.59625 0.04375 0.04375
0 0.7375 0.51125 0.0175 0.14625
0 0.79625 0.52875 0.04625 0.1675
0 0.3325 0.59375 0.04375 0.0475
0 0.14625 0.6175 0.03125 0.03875
0 0.16625 0.57625 0.0325 0.0375
0 0.2375 0.58625 0.0375 0.04
0 0.2 0.58125 0.0325 0.04
0 0.13625 0.5725 0.0225 0.04625
0 0.7525 0.975 0.06375 0.04875
0 0.825 0.9825 0.07375 0.03375
0 0.68125 0.965 0.0625 0.055
0 0.62125 0.8925 0.05875 0.0625
0 0.18375 0.6225 0.03125 0.03875
0 0.61875 0.95 0.0575 0.045
0 0.56125 0.83 0.05375 0.04625
0 0.56125 0.88 0.055 0.0475
0 0.56125 0.9325 0.05125 0.055
0 0.505 0.82 0.04875 0.0475
0 0.505 0.87 0.04875 0.0475
0 0.50625 0.9225 0.04875 0.0475
0 0.4525 0.8075 0.04625 0.05
0 0.45375 0.85875 0.04875 0.04625
0 0.455 0.91 0.0475 0.04875
0 0.38625 0.6975 0.04375 0.04375
0 0.585 0.62875 0.05 0.05
0 0.21625 0.6275 0.03125 0.03875
0 0.2525 0.63375 0.03125 0.03875
0 0.25375 0.675 0.03125 0.03875
0 0.85125 0.53375 0.0475 0.17625
0 0.35875 0.34375 0.02875 0.1375
0 0.205 0.345 0.03375 0.1275
0 0.1575 0.345 0.0525 0.125
0 0.24 0.3425 0.03125 0.13125
0 0.27625 0.34125 0.03625 0.13625
0 0.32 0.3425 0.04125 0.13875
0 0.5275 0.62125 0.0575 0.05125
0 0.53375 0.6725 0.04625 0.04125
0 0.53375 0.72375 0.04625 0.05375
0 0.4825 0.715 0.0475 0.04875
0 0.48375 0.66875 0.045 0.0375
0 0.42625 0.60625 0.04375 0.04625
0 0.435 0.6575 0.045 0.04625
0 0.435 0.70625 0.04375 0.04625
0 0.34 0.64375 0.0425 0.04125
0 0.34 0.69 0.04125 0.0425
0 0.295 0.685 0.03875 0.04125
0 0.2925 0.64125 0.03875 0.0425
0 0.28625 0.59 0.04 0.0475
0 0.15125 0.6575 0.03125 0.03875
0 0.18375 0.66375 0.03125 0.03875
0 0.21875 0.6675 0.03125 0.03875
0 0.705 0.51125 0.04125 0.14625
0 0.58625 0.68125 0.05125 0.04875
0 0.315 0.8175 0.04125 0.04125
0 0.7225 0.13625 0.0625 0.19
0 0.39125 0.34625 0.03 0.1325
0 0.4275 0.3425 0.03625 0.14
0 0.47 0.34125 0.03625 0.14
0 0.2275 0.19 0.03625 0.145
0 0.19 0.1925 0.035 0.13875
0 0.15375 0.19875 0.03125 0.13125
0 0.13125 0.1975 0.01125 0.13875
0 0.84625 0.34125 0.05625 0.1625
0 0.78875 0.34125 0.05125 0.1625
0 0.735 0.34 0.0525 0.15625
0 0.68375 0.34 0.04 0.15375
0 0.64 0.34125 0.04 0.15125
0 0.59625 0.3425 0.03875 0.15125
0 0.55375 0.3425 0.03875 0.1475
0 0.51 0.345 0.03625 0.14
0 0.31125 0.18 0.03875 0.1525
0 0.35375 0.17375 0.03875 0.15375
0 0.2675 0.18625 0.04 0.1475
0 0.44375 0.165 0.04 0.16125
0 0.49125 0.16125 0.0475 0.1675
0 0.5475 0.15375 0.055 0.1725
0 0.59875 0.14375 0.04625 0.18875
0 0.65625 0.14 0.0625 0.19
0 0.78875 0.12875 0.06625 0.20125
0 0.8525 0.11875 0.045 0.20625
0 0.39875 0.17125 0.04125 0.15625