0 0.47375 0.3475 0.05 0.075
0 0.765 0.63625 0.07125 0.0725
0 0.69625 0.6425 0.06625 0.07625
0 0.3175 0.46125 0.04625 0.07
0 0.265 0.46125 0.05 0.0675
0 0.2175 0.46 0.04625 0.07
0 0.16625 0.4625 0.0525 0.075
0 0.16875 0.5325 0.05625 0.065
0 0.21875 0.53125 0.04125 0.0675
0 0.265 0.53 0.05 0.0625
0 0.31625 0.52875 0.04875 0.06125
0 0.36625 0.5325 0.05125 0.065
0 0.425 0.5325 0.0675 0.065
0 0.4975 0.53125 0.07125 0.06375
0 0.56625 0.5325 0.0675 0.0625
0 0.64 0.53125 0.07875 0.06
0 0.70375 0.53 0.0475 0.0625
0 0.7525 0.53375 0.0475 0.0675
0 0.8 0.5325 0.04625 0.0675
0 0.845 0.53375 0.0425 0.0675
0 0.8325 0.35125 0.05125 0.0775
0 0.77625 0.34875 0.05 0.0825
0 0.7225 0.3475 0.05125 0.08125
0 0.66875 0.3475 0.05625 0.08125
0 0.6175 0.34875 0.045 0.0825
0 0.5725 0.35125 0.04375 0.08
0 0.525 0.3475 0.05 0.075
0 0.62875 0.64125 0.06625 0.0775
0 0.835 0.63625 0.07125 0.0725
0 0.36375 0.4625 0.0425 0.07125
0 0.42375 0.46125 0.0775 0.0725
0 0.4975 0.46 0.07 0.07625
0 0.69625 0.71125 0.06625 0.05875
0 0.63 0.71 0.06625 0.05625
0 0.57375 0.7125 0.04375 0.0625
0 0.5725 0.645 0.04375 0.07
0 0.52625 0.6425 0.04375 0.0725
0 0.52875 0.70875 0.04125 0.06
0 0.48125 0.70625 0.04625 0.06125
0 0.4825 0.64 0.0425 0.07375
0 0.43625 0.6375 0.04 0.0725
0 0.43625 0.70625 0.04 0.06375
0 0.3925 0.70875 0.045 0.06375
0 0.3925 0.64125 0.045 0.06875
0 0.345 0.64375 0.0425 0.07
0 0.42625 0.35 0.045 0.07625
0 0.3475 0.71 0.04 0.06
0 0.29875 0.64625 0.0475 0.06875
0 0.255 0.6425 0.0375 0.07
0 0.255 0.70625 0.03875 0.06
0 0.20875 0.71 0.0475 0.0675
0 0.21 0.6425 0.04625 0.065
0 0.15875 0.64 0.04875 0.0725
0 0.15875 0.71 0.04625 0.06625
0 0.85 0.46 0.05 0.0725
0 0.80125 0.46 0.04375 0.0725
0 0.755 0.46125 0.045 0.07125
0 0.70625 0.46 0.05 0.075
0 0.6425 0.46 0.07625 0.07375
0 0.56875 0.45875 0.06875 0.075
0 0.3 0.71125 0.04875 0.0625
0 0.3775 0.35 0.0525 0.075
0 0.3275 0.3475 0.04875 0.0725
0 0.275 0.34375 0.0525 0.07875
0 0.4825 0.24 0.045 0.075
0 0.4375 0.23625 0.04875 0.08125
0 0.3825 0.23625 0.0525 0.0775
0 0.3325 0.2375 0.04625 0.0775
0 0.28125 0.235 0.055 0.0725
0 0.22875 0.23625 0.05 0.07125
0 0.17625 0.235 0.0525 0.06875
0 0.6325 0.88375 0.0725 0.0575
0 0.70125 0.87875 0.06125 0.04625
0 0.7675 0.875 0.07125 0.05375
0 0.83625 0.8775 0.065 0.06
0 0.835 0.80375 0.06375 0.085
0 0.7675 0.8025 0.07 0.09
0 0.53375 0.24125 0.05625 0.07875
0 0.69875 0.805 0.06625 0.095
0 0.565 0.88 0.05625 0.05875
0 0.495 0.88125 0.06625 0.06125
0 0.52375 0.80375 0.07125 0.07875
0 0.4275 0.8125 0.0625 0.08125
0 0.4275 0.87875 0.06 0.05125
0 0.35875 0.88125 0.06875 0.0575
0 0.35875 0.81875 0.06625 0.065
0 0.28875 0.82 0.06625 0.07875
0 0.28875 0.8875 0.06625 0.055
0 0.2175 0.885 0.0625 0.0575
0 0.21875 0.8225 0.05875 0.06625
0 0.15375 0.81375 0.055 0.0775
0 0.1525 0.88125 0.05375 0.05125
0 0.63125 0.8075 0.06625 0.09
0 0.765 0.70875 0.06875 0.06625
0 0.58875 0.24125 0.05125 0.07875
0 0.6875 0.24 0.05 0.07875
0 0.2225 0.345 0.05375 0.08
0 0.16625 0.34375 0.0475 0.08
0 0.295 0.0425 0.05 0.075
0 0.24625 0.04125 0.04875 0.07125
0 0.195 0.04125 0.05 0.07
0 0.14875 0.04125 0.04125 0.07
0 0.15 0.125 0.0425 0.08875
0 0.2 0.125 0.05375 0.09
0 0.25 0.125 0.04375 0.08875
0 0.29625 0.12625 0.0475 0.08875
0 0.35625 0.07875 0.06625 0.05875
0 0.42625 0.08 0.0725 0.0625
0 0.49625 0.08375 0.0675 0.05625
0 0.6375 0.24125 0.04625 0.0775
0 0.5625 0.08625 0.06375 0.06125
0 0.42375 0.14375 0.06375 0.06375
0 0.4925 0.145 0.0725 0.065
0 0.56125 0.15 0.06375 0.055
0 0.61625 0.14 0.03875 0.075
0 0.655 0.14125 0.03875 0.07125
0 0.69875 0.1425 0.045 0.0725
0 0.74 0.1425 0.0375 0.07125
0 0.785 0.14375 0.05125 0.0725
0 0.835 0.14375 0.045 0.0725
0 0.865 0.1425 0.015 0.07
0 0.83375 0.2475 0.0525 0.0825
0 0.7775 0.24375 0.05 0.07125
0 0.7325 0.24 0.03875 0.07875
0 0.35625 0.1425 0.06875 0.065
0 0.835 0.70875 0.07 0.06875