0 0.83625 0.2875 0.0225 0.10875
0 0.1775 0.62 0.0925 0.05125
0 0.43375 0.295 0.025 0.10125
0 0.4 0.295 0.0275 0.10625
0 0.5225 0.29375 0.0275 0.1025
0 0.30125 0.335 0.0275 0.14875
0 0.5775 0.29375 0.0225 0.09625
0 0.55 0.29375 0.02375 0.1
0 0.605 0.2925 0.0275 0.09875
0 0.71125 0.2925 0.01875 0.095
0 0.65875 0.2925 0.0175 0.095
0 0.68625 0.29375 0.02125 0.095
0 0.8625 0.285 0.025 0.1075
0 0.73625 0.29375 0.025 0.1
0 0.18375 0.68375 0.0975 0.05625
0 0.7625 0.29 0.01875 0.09375
0 0.78625 0.2925 0.02 0.09625
0 0.8075 0.2925 0.01625 0.09375
0 0.63375 0.2925 0.02125 0.1025
0 0.25 0.60625 0.02875 0.12
0 0.535 0.56375 0.02 0.1175
0 0.39125 0.5725 0.0275 0.11
0 0.3625 0.5775 0.02125 0.1075
0 0.31875 0.61625 0.02375 0.07
0 0.8525 0.53625 0.01375 0.09125
0 0.82875 0.53875 0.0175 0.09375
0 0.8075 0.54125 0.01375 0.09375
0 0.785 0.54375 0.01875 0.0925
0 0.7625 0.5475 0.015 0.0975
0 0.74125 0.54875 0.0175 0.09375
0 0.7175 0.55125 0.015 0.09375
0 0.28375 0.60375 0.0325 0.12125
0 0.69625 0.55375 0.02 0.10125
0 0.64375 0.55125 0.0225 0.115
0 0.62125 0.555 0.01875 0.11875
0 0.59875 0.55875 0.0175 0.11875
0 0.2425 0.4475 0.03 0.1225
0 0.5725 0.5625 0.02375 0.12
0 0.50875 0.56625 0.02375 0.12375
0 0.48375 0.56875 0.02125 0.1225
0 0.45625 0.57375 0.025 0.125
0 0.42375 0.57625 0.0275 0.115
0 0.6725 0.555 0.02125 0.10375
0 0.865 0.41 0.02 0.10375
0 0.3975 0.43875 0.02375 0.1175
0 0.315 0.45625 0.02125 0.0625
0 0.55875 0.43 0.02375 0.1075
0 0.585 0.43 0.02 0.10375
0 0.61375 0.425 0.02125 0.11125
0 0.64125 0.42375 0.025 0.11
0 0.66875 0.42375 0.0225 0.1075
0 0.69375 0.4225 0.02 0.11
0 0.715 0.42125 0.015 0.11125
0 0.7325 0.41875 0.0175 0.105
0 0.75375 0.4175 0.0225 0.1025
0 0.7775 0.41625 0.0175 0.1025
0 0.79875 0.41625 0.02 0.1025
0 0.82 0.4125 0.01875 0.10125
0 0.84375 0.4125 0.01625 0.1025
0 0.67375 0.12375 0.03375 0.175
0 0.18875 0.78125 0.11375 0.05375
0 0.63 0.12 0.0425 0.17625
0 0.58 0.1175 0.04375 0.17125
0 0.53625 0.1175 0.03875 0.17625
0 0.49 0.1075 0.0425 0.18125
0 0.53125 0.43 0.0225 0.10625
0 0.27375 0.4425 0.025 0.1175
0 0.50375 0.43375 0.02 0.11
0 0.4525 0.43375 0.02125 0.11625
0 0.32125 0.54125 0.03875 0.0625
0 0.17125 0.4675 0.0825 0.0575
0 0.17875 0.53625 0.09 0.055
0 0.3425 0.435 0.02125 0.09875
0 0.36875 0.44125 0.02125 0.12125
0 0.42375 0.43875 0.0275 0.11625
0 0.4425 0.11125 0.0425 0.1825
0 0.335 0.29375 0.03 0.10875
0 0.26375 0.29125 0.0275 0.11625
0 0.2325 0.29125 0.0325 0.115
0 0.1875 0.3575 0.035 0.09
0 0.14625 0.3575 0.03625 0.08875
0 0.17875 0.2625 0.04 0.095
0 0.14 0.265 0.0275 0.0975
0 0.8625 0.14125 0.025 0.155
0 0.8275 0.135 0.035 0.15875
0 0.79 0.1325 0.0325 0.16
0 0.75125 0.13 0.0325 0.155
0 0.71625 0.12375 0.035 0.17
0 0.47875 0.43375 0.02 0.11
0 0.19375 0.8475 0.1225 0.04375
0 0.3675 0.29375 0.02875 0.105
0 0.335 0.88 0.1225 0.09625
0 0.69 0.68 0.02 0.0975
0 0.71375 0.6775 0.01625 0.0975
0 0.73625 0.6775 0.02 0.09125
0 0.76 0.67375 0.02125 0.09
0 0.78 0.67 0.015 0.0875
0 0.7975 0.665 0.01375 0.08875
0 0.4675 0.29625 0.02375 0.105
0 0.6675 0.6825 0.01625 0.09875
0 0.38875 0.10625 0.04875 0.18375
0 0.275 0.09875 0.05 0.18625
0 0.2175 0.095 0.05625 0.18875
0 0.155 0.095 0.05625 0.18125
0 0.815 0.66 0.01625 0.09125
0 0.83625 0.65625 0.015 0.085
0 0.85625 0.65375 0.02 0.0875
0 0.19875 0.90125 0.135 0.05
0 0.3325 0.09875 0.0475 0.18875
0 0.64625 0.6875 0.015 0.10625
0 0.49375 0.295 0.0225 0.1075
0 0.605 0.695 0.0175 0.10125
0 0.56 0.8275 0.08875 0.09625
0 0.6275 0.69 0.01375 0.0975
0 0.6625 0.8075 0.095 0.0925
0 0.20125 0.96125 0.1375 0.045
0 0.28375 0.75125 0.0275 0.11625
0 0.315 0.74625 0.0275 0.11125
0 0.37125 0.735 0.02875 0.1125
0 0.3425 0.73875 0.02125 0.11
0 0.815 0.77375 0.08875 0.0875
0 0.425 0.72625 0.02375 0.10625
0 0.45 0.7175 0.02 0.105
0 0.47875 0.71625 0.0225 0.1025
0 0.505 0.70375 0.02375 0.11875
0 0.5325 0.69875 0.02 0.1175
0 0.58125 0.69875 0.02 0.10625
0 0.39875 0.72875 0.01875 0.10875
0 0.5575 0.705 0.0175 0.10625