0 0.2625 0.9 0.01625 0.01875
0 0.27875 0.79875 0.01625 0.0125
0 0.29625 0.79875 0.01625 0.0125
0 0.31625 0.8 0.01625 0.0125
0 0.3525 0.8 0.01625 0.0125
0 0.33375 0.80125 0.01375 0.01125
0 0.37 0.8 0.01625 0.0125
0 0.38875 0.7975 0.01625 0.0125
0 0.22125 0.81625 0.01625 0.0125
0 0.24125 0.81625 0.01625 0.01375
0 0.26 0.815 0.01625 0.01375
0 0.27875 0.815 0.015 0.0125
0 0.2975 0.81375 0.0125 0.0125
0 0.315 0.815 0.015 0.01375
0 0.33375 0.81625 0.015 0.01375
0 0.35125 0.81625 0.015 0.0125
0 0.37 0.81625 0.0175 0.01125
0 0.39 0.81375 0.01625 0.01125
0 0.26 0.80125 0.01625 0.0125
0 0.22125 0.83125 0.015 0.0125
0 0.24125 0.80125 0.01625 0.0125
0 0.39375 0.7825 0.015 0.015
0 0.26125 0.76875 0.01625 0.01625
0 0.28 0.7675 0.01625 0.01625
0 0.29875 0.7675 0.01625 0.01625
0 0.3175 0.7675 0.01625 0.015
0 0.33625 0.76875 0.01625 0.015
0 0.35375 0.76875 0.01625 0.015
0 0.3725 0.76625 0.01625 0.015
0 0.39125 0.765 0.01625 0.015
0 0.225 0.78625 0.01875 0.01125
0 0.24375 0.78625 0.015 0.0125
0 0.2625 0.78625 0.015 0.0125
0 0.28125 0.785 0.015 0.0125
0 0.3 0.78375 0.015 0.0125
0 0.31875 0.785 0.015 0.0125
0 0.3375 0.785 0.015 0.0125
0 0.35625 0.78375 0.015 0.0125
0 0.375 0.78375 0.015 0.0125
0 0.22125 0.80125 0.015 0.01375
0 0.24 0.83125 0.01625 0.0125
0 0.25875 0.83 0.015 0.01125
0 0.2775 0.82875 0.015 0.01125
0 0.515 0.37 0.0325 0.09125
0 0.47875 0.37 0.03375 0.09
0 0.44375 0.37 0.03 0.09125
0 0.41 0.37 0.03 0.09125
0 0.375 0.37 0.03 0.09125
0 0.33125 0.39125 0.04625 0.0525
0 0.2775 0.39875 0.0525 0.0325
0 0.2775 0.365 0.0525 0.0275
0 0.2225 0.38125 0.04375 0.07375
0 0.30125 0.89875 0.01625 0.02
0 0.1725 0.37875 0.045 0.06875
0 0.13625 0.39125 0.02125 0.05375
0 0.8675 0.205 0.01375 0.09
0 0.8375 0.205 0.0425 0.08875
0 0.795 0.2075 0.035 0.08625
0 0.75875 0.20625 0.03375 0.08625
0 0.7225 0.20625 0.0325 0.09
0 0.5575 0.34625 0.0275 0.0825
0 0.6 0.34875 0.0425 0.08375
0 0.64375 0.34875 0.03625 0.0825
0 0.68375 0.3475 0.03625 0.0825
0 0.29375 0.82875 0.0125 0.01125
0 0.31375 0.83 0.01625 0.01125
0 0.33125 0.8325 0.015 0.01
0 0.35 0.83125 0.015 0.00875
0 0.36875 0.83 0.015 0.01
0 0.38625 0.82875 0.01375 0.01125
0 0.2025 0.9025 0.0175 0.02
0 0.2225 0.9025 0.015 0.01875
0 0.2425 0.7675 0.01625 0.01625
0 0.24125 0.9 0.01625 0.02
0 0.2825 0.89625 0.015 0.01875
0 0.725 0.69625 0.03375 0.0525
0 0.75375 0.6975 0.0175 0.0425
0 0.7725 0.69 0.01625 0.04125
0 0.79875 0.6975 0.02375 0.05125
0 0.82125 0.6775 0.015 0.04625
0 0.84125 0.67375 0.01625 0.04375
0 0.72375 0.3475 0.035 0.0875
0 0.2525 0.525 0.035 0.05625
0 0.2225 0.77 0.0175 0.015
0 0.17125 0.92875 0.01625 0.0275
0 0.15125 0.93 0.01625 0.02875
0 0.13375 0.63875 0.01625 0.02125
0 0.16 0.63625 0.0275 0.02125
0 0.1375 0.66125 0.02375 0.02
0 0.16375 0.66125 0.025 0.02
0 0.135 0.6825 0.02 0.02
0 0.16125 0.6825 0.02375 0.0175
0 0.13625 0.705 0.0225 0.02125
0 0.15875 0.70375 0.01625 0.0225
0 0.185 0.7225 0.02625 0.03125
0 0.2175 0.72 0.03 0.0325
0 0.20875 0.67125 0.0575 0.02125
0 0.25125 0.66875 0.015 0.015
0 0.2725 0.66625 0.0125 0.0175
0 0.29 0.66375 0.01625 0.01625
0 0.29375 0.68375 0.0175 0.01125
0 0.25 0.68625 0.01625 0.01125
0 0.2525 0.7025 0.01875 0.02
0 0.54625 0.59875 0.02375 0.0625
0 0.57625 0.5925 0.02875 0.05875
0 0.60875 0.59375 0.02875 0.06375
0 0.67875 0.67625 0.0125 0.045
0 0.8575 0.345 0.03375 0.09125
0 0.8125 0.3475 0.0375 0.0875
0 0.77 0.35 0.04125 0.09
0 0.6325 0.8675 0.025 0.125
0 0.6575 0.84625 0.02 0.11875
0 0.6875 0.865 0.02875 0.1275
0 0.71875 0.8625 0.0225 0.12625
0 0.73875 0.83625 0.015 0.125
0 0.29125 0.70125 0.01375 0.01875
0 0.75875 0.82375 0.02 0.12375
0 0.83375 0.865 0.02875 0.12375
0 0.8625 0.86625 0.02375 0.09375
0 0.54125 0.71125 0.01625 0.04375
0 0.56125 0.695 0.02 0.04125
0 0.5775 0.6725 0.01 0.03
0 0.60625 0.7075 0.01875 0.05125
0 0.62375 0.69625 0.015 0.04375
0 0.6625 0.68875 0.01875 0.04625
0 0.78125 0.82375 0.01875 0.11375
0 0.6825 0.20375 0.04 0.09375
0 0.275 0.7075 0.015 0.01125
0 0.33375 0.6525 0.0125 0.0175
0 0.435 0.63875 0.01625 0.01125
0 0.4525 0.63625 0.0125 0.00875
0 0.46625 0.635 0.0125 0.0125
0 0.43375 0.6525 0.015 0.0125
0 0.4525 0.6525 0.01375 0.01375
0 0.46875 0.65125 0.01375 0.01375
0 0.13125 0.865 0.0125 0.045
0 0.14875 0.86375 0.0175 0.0425
0 0.17 0.8625 0.0175 0.03875
0 0.1325 0.78375 0.01375 0.03375
0 0.15 0.78375 0.0175 0.03375
0 0.16875 0.78375 0.015 0.03375
0 0.1875 0.78125 0.01625 0.03375
0 0.135 0.9 0.015 0.0225
0 0.155 0.89875 0.01625 0.02375
0 0.17625 0.8975 0.01875 0.025
0 0.1325 0.93125 0.015 0.0325
0 0.465 0.61875 0.0125 0.015
0 0.45 0.62125 0.01375 0.015
0 0.43375 0.6225 0.01375 0.01375
0 0.41 0.72625 0.0175 0.02
0 0.35125 0.65125 0.0125 0.015
0 0.31625 0.67 0.01625 0.01375
0 0.31625 0.6875 0.015 0.0175
0 0.33375 0.69 0.015 0.015
0 0.3525 0.68875 0.0125 0.01875
0 0.3775 0.63125 0.01375 0.01375
0 0.395 0.63 0.015 0.015
0 0.41375 0.63 0.0125 0.015
0 0.31625 0.65125 0.015 0.015
0 0.32125 0.61875 0.01625 0.01375
0 0.3525 0.61875 0.01 0.0175
0 0.3725 0.6875 0.0175 0.02
0 0.39375 0.685 0.01625 0.02
0 0.41375 0.68625 0.0175 0.0225
0 0.37125 0.7075 0.0175 0.01375
0 0.41375 0.7075 0.01625 0.01375
0 0.37125 0.72625 0.0175 0.0175
0 0.39 0.7275 0.015 0.01125
0 0.3375 0.61875 0.0125 0.01625
0 0.64375 0.20375 0.0325 0.0925
0 0.585 0.1875 0.08 0.12875
0 0.255 0.4675 0.03875 0.0475
0 0.4775 0.54 0.01625 0.01625
0 0.48 0.56125 0.015 0.01625
0 0.45375 0.55875 0.0175 0.0175
0 0.43375 0.56 0.01625 0.01875
0 0.41375 0.56 0.0175 0.01625
0 0.455 0.54 0.015 0.01625
0 0.41125 0.54 0.01375 0.015
0 0.4525 0.51875 0.0175 0.01875
0 0.43125 0.52 0.01625 0.0175
0 0.41 0.52 0.01625 0.0175
0 0.4475 0.47625 0.01 0.03
0 0.43125 0.47875 0.0125 0.0275
0 0.41375 0.4775 0.0175 0.03
0 0.2 0.93375 0.02 0.015
0 0.22375 0.935 0.0175 0.0125
0 0.47625 0.51875 0.01625 0.01875
0 0.24375 0.93375 0.01625 0.01375
0 0.4975 0.5175 0.01625 0.01875
0 0.52125 0.54 0.01625 0.015
0 0.32125 0.91625 0.0175 0.0125
0 0.34125 0.915 0.01625 0.0125
0 0.36125 0.915 0.0175 0.0125
0 0.3825 0.91375 0.01625 0.0125
0 0.275 0.04625 0.045 0.09125
0 0.2325 0.04625 0.03375 0.09125
0 0.1675 0.04625 0.05 0.09
0 0.14875 0.54125 0.04625 0.06625
0 0.79625 0.4775 0.065 0.09125
0 0.72125 0.46875 0.05875 0.0875
0 0.66125 0.47375 0.0525 0.0975
0 0.60875 0.475 0.0475 0.095
0 0.5575 0.475 0.035 0.0925
0 0.52 0.55875 0.01875 0.01625
0 0.5 0.5625 0.015 0.01125
0 0.51875 0.51875 0.01625 0.01875
0 0.3 0.9175 0.0175 0.0125
0 0.2625 0.9325 0.015 0.01625
0 0.30125 0.9325 0.0175 0.01625
0 0.45 0.79625 0.01375 0.01
0 0.43125 0.79875 0.01375 0.01
0 0.41375 0.8 0.0125 0.01
0 0.44375 0.93 0.015 0.01125
0 0.4225 0.92875 0.01375 0.01
0 0.405 0.93125 0.015 0.01
0 0.44375 0.91625 0.01625 0.01
0 0.4225 0.91625 0.015 0.01125
0 0.405 0.91875 0.015 0.01
0 0.445 0.905 0.015 0.0075
0 0.42375 0.90375 0.01625 0.0075
0 0.40375 0.90375 0.015 0.0075
0 0.44375 0.89375 0.0125 0.0075
0 0.425 0.89125 0.015 0.0075
0 0.40375 0.8925 0.0175 0.00875
0 0.4125 0.8125 0.01375 0.0075
0 0.28125 0.93 0.015 0.01125
0 0.43 0.81375 0.01375 0.01
0 0.48875 0.84375 0.0525 0.01875
0 0.32125 0.9325 0.01625 0.01375
0 0.34125 0.9325 0.01625 0.015
0 0.36125 0.93125 0.01625 0.01625
0 0.3825 0.93 0.015 0.01375
0 0.41 0.86625 0.01375 0.015
0 0.43 0.8675 0.015 0.01375
0 0.44875 0.8675 0.01375 0.01375
0 0.40875 0.88 0.0175 0.00875
0 0.42875 0.8825 0.015 0.00875
0 0.44875 0.88 0.01375 0.00875
0 0.605 0.86875 0.02625 0.12625
0 0.5725 0.8525 0.0225 0.11625
0 0.5475 0.86875 0.02375 0.12125
0 0.48625 0.77375 0.0525 0.02375
0 0.49 0.87 0.055 0.02125
0 0.44875 0.81375 0.01375 0.01
0 0.28 0.915 0.015 0.01125
0 0.85375 0.47625 0.0425 0.09125
0 0.24125 0.9175 0.01625 0.01125
0 0.46125 0.2525 0.04375 0.05
0 0.50875 0.20375 0.0425 0.04625
0 0.50875 0.2525 0.04125 0.04375
0 0.75375 0.59625 0.03375 0.0525
0 0.71125 0.5925 0.03375 0.05125
0 0.66875 0.58125 0.02625 0.04875
0 0.64 0.5925 0.02625 0.06375
0 0.26125 0.9175 0.015 0.01125
0 0.3875 0.4725 0.0125 0.02625
0 0.37125 0.4725 0.0125 0.02625
0 0.355 0.4725 0.0125 0.02625
0 0.35 0.51625 0.015 0.01875
0 0.37 0.5175 0.01625 0.0175
0 0.39 0.51625 0.015 0.0175
0 0.39125 0.53625 0.0125 0.015
0 0.34875 0.53625 0.01625 0.015
0 0.39125 0.5575 0.015 0.02125
0 0.3725 0.55875 0.015 0.02125
0 0.35125 0.5575 0.01875 0.02125
0 0.32125 0.53625 0.03 0.07
0 0.28875 0.5325 0.0275 0.06875
0 0.46 0.2025 0.0425 0.04375
0 0.4125 0.205 0.0375 0.0425
0 0.2075 0.5225 0.0425 0.05875
0 0.36125 0.2425 0.045 0.0675
0 0.41125 0.2525 0.0425 0.0475
0 0.7425 0.04875 0.04125 0.09625
0 0.6675 0.05375 0.065 0.09375
0 0.58625 0.04875 0.09 0.0975
0 0.46625 0.0475 0.04 0.09375
0 0.42125 0.0475 0.04375 0.09375
0 0.3725 0.0475 0.04375 0.09375
0 0.3275 0.0475 0.04125 0.09375
0 0.32375 0.89875 0.015 0.01875
0 0.34375 0.89875 0.015 0.0175
0 0.36375 0.89625 0.015 0.0175
0 0.505 0.0475 0.035 0.095
0 0.20125 0.91875 0.01625 0.0075
0 0.385 0.895 0.015 0.02
0 0.31 0.24125 0.04875 0.06375
0 0.2625 0.1725 0.0475 0.065
0 0.22125 0.23875 0.02625 0.07125
0 0.26 0.24125 0.04625 0.06625
0 0.86375 0.0525 0.01875 0.0875
0 0.82875 0.055 0.03 0.08375
0 0.78875 0.04875 0.045 0.09625
0 0.22 0.92 0.01375 0.01125
0 0.15875 0.23 0.06625 0.095