0 0.50375 0.6175 0.0375 0.04625
0 0.53625 0.60125 0.0275 0.07125
0 0.14125 0.62875 0.0325 0.09625
0 0.46375 0.62375 0.03875 0.04625
0 0.59875 0.59625 0.035 0.0775
0 0.56625 0.60125 0.02875 0.0675
0 0.4725 0.57375 0.0375 0.02125
0 0.20625 0.6225 0.0375 0.09
0 0.38875 0.61 0.04 0.085
0 0.34875 0.6125 0.0375 0.08125
0 0.30875 0.61625 0.04125 0.08375
0 0.2725 0.61875 0.03125 0.0825
0 0.24125 0.62125 0.03 0.0875
0 0.63375 0.595 0.03375 0.07625
0 0.42625 0.605 0.0325 0.08375
0 0.6625 0.59125 0.02875 0.07875
0 0.42625 0.49875 0.03375 0.06625
0 0.71625 0.5875 0.02375 0.07375
0 0.1475 0.75 0.04125 0.08625
0 0.3925 0.5 0.03375 0.06125
0 0.45875 0.49875 0.03125 0.0625
0 0.49125 0.49875 0.03 0.06125
0 0.5225 0.49625 0.0325 0.06375
0 0.55375 0.49 0.03125 0.07625
0 0.69125 0.59 0.02375 0.0775
0 0.58625 0.48625 0.03 0.07375
0 0.65375 0.48375 0.035 0.0725
0 0.68625 0.485 0.0325 0.07125
0 0.71875 0.4825 0.03 0.06875
0 0.7475 0.48125 0.02375 0.06625
0 0.77875 0.48125 0.03625 0.0675
0 0.76 0.585 0.025 0.07625
0 0.61875 0.49625 0.0325 0.05
0 0.2 0.73875 0.04625 0.0925
0 0.53125 0.8075 0.08 0.07625
0 0.28125 0.73625 0.03125 0.08125
0 0.72625 0.7875 0.01375 0.075
0 0.7 0.815 0.03625 0.03125
0 0.7025 0.77625 0.0325 0.04375
0 0.6625 0.8175 0.0375 0.035
0 0.665 0.77875 0.03875 0.04
0 0.625 0.81875 0.03375 0.0375
0 0.74375 0.785 0.02 0.08
0 0.62625 0.78125 0.03625 0.0375
0 0.59 0.7875 0.03375 0.0375
0 0.3575 0.50125 0.03375 0.06375
0 0.44375 0.825 0.0875 0.085
0 0.3525 0.83125 0.09125 0.09
0 0.245 0.85 0.11875 0.095
0 0.13875 0.875 0.0275 0.09
0 0.59 0.82625 0.03375 0.0375
0 0.765 0.78 0.0225 0.08375
0 0.76625 0.68375 0.0275 0.0675
0 0.73875 0.68625 0.0275 0.0675
0 0.3125 0.7325 0.02875 0.075
0 0.3425 0.72875 0.02875 0.08
0 0.3725 0.725 0.03 0.0775
0 0.39875 0.7225 0.0225 0.0725
0 0.44625 0.71625 0.03125 0.075
0 0.47625 0.71375 0.02875 0.07125
0 0.5025 0.71125 0.02375 0.0725
0 0.52875 0.71 0.02875 0.07375
0 0.55375 0.70625 0.02125 0.0725
0 0.5775 0.70375 0.0225 0.075
0 0.605 0.70125 0.03125 0.075
0 0.6375 0.69875 0.03125 0.075
0 0.6675 0.695 0.025 0.07125
0 0.69 0.69125 0.01875 0.0675
0 0.71125 0.68875 0.025 0.0675
0 0.2475 0.74 0.03375 0.08125
0 0.305 0.47875 0.04125 0.04375
0 0.295 0.315 0.04125 0.0375
0 0.275 0.52125 0.04625 0.03375
0 0.52 0.32875 0.03 0.08125
0 0.55 0.32875 0.02625 0.08125
0 0.59375 0.32375 0.04375 0.095
0 0.6325 0.32375 0.0325 0.0925
0 0.66375 0.32625 0.03125 0.0925
0 0.69625 0.325 0.0325 0.09375
0 0.72125 0.3275 0.01625 0.08625
0 0.745 0.3325 0.02375 0.09
0 0.775 0.33125 0.03625 0.08625
0 0.8 0.20125 0.12 0.12625
0 0.6775 0.195 0.1225 0.11875
0 0.54125 0.18375 0.14375 0.125
0 0.43 0.17375 0.07 0.12625
0 0.35375 0.16875 0.07875 0.12625
0 0.31875 0.5175 0.04125 0.02875
0 0.4875 0.3275 0.03125 0.08375
0 0.45375 0.3275 0.02625 0.08125
0 0.235 0.15875 0.15875 0.1475
0 0.39875 0.325 0.0275 0.08625
0 0.42625 0.32625 0.0275 0.08625
0 0.22625 0.52125 0.04875 0.0375
0 0.13875 0.49625 0.0275 0.095
0 0.1375 0.315 0.025 0.0975
0 0.18 0.34375 0.0375 0.0325
0 0.21875 0.34625 0.03625 0.02875
0 0.22125 0.3125 0.035 0.0375
0 0.18625 0.315 0.03375 0.025
0 0.25875 0.3475 0.0375 0.03
0 0.29875 0.35 0.035 0.03
0 0.3325 0.3225 0.03 0.0225
0 0.33375 0.35 0.0325 0.0325
0 0.36875 0.32 0.03 0.03625
0 0.3675 0.35375 0.0325 0.03
0 0.25625 0.31375 0.0325 0.0375