0 0.27125 0.55 0.0125 0.05125
0 0.895 0.725 0.0325 0.095
0 0.11875 0.59375 0.015 0.05375
0 0.13625 0.59625 0.015 0.05625
0 0.1525 0.5975 0.015 0.05625
0 0.17 0.60125 0.01625 0.05375
0 0.18875 0.605 0.01625 0.05625
0 0.265 0.61625 0.015 0.05625
0 0.28875 0.625 0.015 0.04875
0 0.3075 0.63625 0.0125 0.03625
0 0.325 0.63875 0.015 0.04125
0 0.35625 0.64375 0.0175 0.03625
0 0.385 0.65 0.015 0.04125
0 0.46375 0.65875 0.0175 0.06125
0 0.48625 0.66125 0.01875 0.05625
0 0.505 0.665 0.0125 0.0575
0 0.52875 0.66875 0.02125 0.0575
0 0.55625 0.67375 0.0225 0.0625
0 0.5825 0.6775 0.02125 0.06
0 0.61375 0.605 0.01875 0.06375
0 0.6075 0.68375 0.0225 0.0625
0 0.59125 0.60375 0.025 0.0625
0 0.54 0.59375 0.0225 0.05875
0 0.2575 0.235 0.01625 0.045
0 0.23375 0.23625 0.0175 0.045
0 0.18125 0.2425 0.0125 0.04375
0 0.1675 0.24375 0.0125 0.03875
0 0.15625 0.245 0.0075 0.04125
0 0.1425 0.2425 0.015 0.04625
0 0.1275 0.245 0.01 0.0375
0 0.1125 0.24875 0.01375 0.0325
0 0.09875 0.24875 0.01375 0.03875
0 0.30625 0.555 0.01375 0.04875
0 0.3225 0.5575 0.01375 0.0475
0 0.33875 0.56 0.015 0.04625
0 0.35625 0.56625 0.01375 0.0375
0 0.375 0.57 0.01625 0.03875
0 0.465 0.585 0.02375 0.05875
0 0.49 0.5875 0.01875 0.05625
0 0.51375 0.59 0.02375 0.05875
0 0.56375 0.59875 0.01875 0.06125
0 0.275 0.23875 0.015 0.04
0 0.7225 0.21 0.02125 0.07125
0 0.8075 0.21 0.03 0.06625
0 0.745 0.505 0.02 0.0575
0 0.7675 0.51 0.0175 0.0525
0 0.79125 0.5125 0.01875 0.05625
0 0.81625 0.5125 0.02 0.05625
0 0.84 0.51375 0.02 0.065
0 0.86625 0.51375 0.02125 0.065
0 0.89625 0.51625 0.01875 0.0625
0 0.925 0.51875 0.025 0.06125
0 0.69625 0.6 0.01875 0.0625
0 0.72125 0.59875 0.0175 0.0575
0 0.74125 0.60625 0.01375 0.0675
0 0.7675 0.6075 0.02 0.0675
0 0.79375 0.6075 0.02125 0.0675
0 0.81625 0.61375 0.01625 0.06125
0 0.83875 0.615 0.015 0.06125
0 0.86125 0.61875 0.01625 0.0575
0 0.2875 0.55375 0.01375 0.0475
0 0.72125 0.50375 0.01875 0.0525
0 0.75 0.21125 0.025 0.0675
0 0.9325 0.4225 0.02625 0.0625
0 0.87125 0.4175 0.02375 0.0625
0 0.83625 0.20375 0.01875 0.075
0 0.895 0.1975 0.02375 0.07875
0 0.92375 0.1975 0.0225 0.0775
0 0.95625 0.1975 0.0275 0.08625
0 0.7325 0.30875 0.0225 0.0675
0 0.75625 0.31 0.02375 0.0675
0 0.7875 0.31 0.0225 0.0625
0 0.815 0.3075 0.0225 0.0675
0 0.84875 0.30625 0.02625 0.0675
0 0.88 0.30625 0.02125 0.065
0 0.915 0.30625 0.02625 0.0675
0 0.94625 0.30625 0.03 0.0625
0 0.70875 0.40875 0.01875 0.0675
0 0.75875 0.40625 0.01625 0.07125
0 0.79 0.41125 0.01625 0.0725
0 0.815 0.41 0.0225 0.0725
0 0.8425 0.41625 0.0225 0.0675
0 0.9025 0.42 0.0275 0.06
0 0.2925 0.2375 0.0125 0.0375
0 0.73375 0.4075 0.0175 0.065
0 0.325 0.23875 0.0125 0.045
0 0.3275 0.475 0.01375 0.05125
0 0.30875 0.475 0.01375 0.05125
0 0.28875 0.4725 0.015 0.05
0 0.2725 0.47 0.01375 0.0525
0 0.185 0.45625 0.01375 0.05125
0 0.16875 0.455 0.01375 0.0475
0 0.15375 0.45125 0.015 0.04625
0 0.14 0.44875 0.01 0.045
0 0.125 0.44625 0.0125 0.04875
0 0.10875 0.44625 0.01875 0.0475
0 0.61875 0.435 0.01875 0.075
0 0.59625 0.435 0.0225 0.06875
0 0.5725 0.43375 0.02 0.0725
0 0.5325 0.43375 0.01875 0.0675
0 0.50875 0.43125 0.01625 0.07
0 0.4875 0.43125 0.01625 0.0725
0 0.46875 0.4275 0.0175 0.07125
0 0.34375 0.47375 0.01375 0.05625
0 0.37625 0.39375 0.01625 0.0525
0 0.3775 0.48125 0.01875 0.05375
0 0.48875 0.51375 0.01625 0.0575
0 0.31 0.2375 0.01375 0.04125
0 0.85 0.715 0.035 0.08875
0 0.8075 0.7075 0.03875 0.0925
0 0.74375 0.70125 0.04 0.0825
0 0.9125 0.6225 0.02125 0.0675
0 0.885 0.6225 0.01875 0.05625
0 0.1925 0.53 0.01375 0.04625
0 0.17375 0.53 0.01625 0.0475
0 0.16 0.52625 0.00625 0.04875
0 0.14625 0.52625 0.01375 0.05375
0 0.1325 0.52375 0.0125 0.0475
0 0.11625 0.52125 0.01625 0.05
0 0.61875 0.525 0.02125 0.065
0 0.595 0.52375 0.02 0.06875
0 0.55 0.52375 0.0175 0.05625
0 0.52875 0.52 0.0175 0.0575
0 0.50875 0.51875 0.01375 0.0575
0 0.47 0.51 0.01625 0.05625
0 0.35625 0.395 0.015 0.0625
0 0.5725 0.525 0.01625 0.06
0 0.32 0.39625 0.015 0.0575
0 0.37125 0.31375 0.01625 0.0525
0 0.35375 0.315 0.0125 0.0525
0 0.33625 0.31375 0.01375 0.055
0 0.32 0.3125 0.01625 0.05125
0 0.29 0.31125 0.015 0.0475
0 0.275 0.3125 0.01125 0.05
0 0.1875 0.30625 0.01 0.0375
0 0.17375 0.30625 0.0075 0.03625
0 0.61 0.23125 0.01625 0.095
0 0.16125 0.3075 0.01 0.0375
0 0.1225 0.305 0.00875 0.035
0 0.11125 0.305 0.01 0.035
0 0.0975 0.305 0.01125 0.04
0 0.385 0.2375 0.01125 0.04375
0 0.37125 0.23875 0.0125 0.04375
0 0.355 0.23875 0.01125 0.04125
0 0.3375 0.395 0.015 0.0625
0 0.34125 0.2375 0.01375 0.04125
0 0.13375 0.30625 0.01 0.035
0 0.6325 0.23125 0.0225 0.10125
0 0.1475 0.3075 0.01125 0.0375
0 0.4575 0.245 0.025 0.075
0 0.28375 0.3925 0.01625 0.0575
0 0.30125 0.395 0.01375 0.06
0 0.26375 0.39125 0.02 0.06
0 0.58 0.23875 0.03 0.08375
0 0.18125 0.37875 0.01125 0.055
0 0.165 0.3775 0.01125 0.05375
0 0.13875 0.37625 0.01375 0.05375
0 0.12375 0.37625 0.0125 0.05
0 0.1075 0.3775 0.01375 0.05125
0 0.1525 0.3775 0.01125 0.0525
0 0.585 0.34375 0.0225 0.07625
0 0.5625 0.34625 0.01875 0.06875
0 0.5425 0.34625 0.01875 0.065
0 0.52125 0.3475 0.015 0.05875
0 0.485 0.24375 0.02375 0.07875
0 0.47875 0.3475 0.015 0.0575
0 0.6125 0.3375 0.02125 0.08875
0 0.49875 0.34875 0.015 0.05625