0 0.2425 0.18375 0.03375 0.03625
0 0.28625 0.185 0.045 0.0375
0 0.335 0.18375 0.0475 0.04
0 0.22625 0.515 0.02875 0.08625
0 0.1375 0.51875 0.02 0.07875
0 0.165 0.52375 0.0275 0.07
0 0.1825 0.1425 0.07875 0.11875
0 0.19 0.735 0.06375 0.0375
0 0.16875 0.78375 0.05 0.0425
0 0.13625 0.66625 0.02125 0.04625
0 0.1775 0.65 0.05 0.07375
0 0.195 0.5175 0.0275 0.08
0 0.41 0.1425 0.09375 0.12125
0 0.69875 0.15375 0.0525 0.0975
0 0.6175 0.155 0.05375 0.09625
0 0.7625 0.1625 0.055 0.07875
0 0.8625 0.15125 0.02375 0.035
0 0.825 0.14875 0.04375 0.03875
0 0.74875 0.28125 0.035 0.09375
0 0.67375 0.28875 0.0275 0.075
0 0.6375 0.28125 0.03125 0.09
0 0.60375 0.29 0.02875 0.07375
0 0.57125 0.28875 0.02875 0.07875
0 0.54625 0.29125 0.0175 0.0725
0 0.52 0.28625 0.03125 0.08375
0 0.48625 0.28 0.02875 0.09375
0 0.52375 0.1375 0.125 0.1325
0 0.7075 0.28625 0.03 0.08125
0 0.29875 0.925 0.0525 0.01125
0 0.4525 0.28 0.02875 0.09375
0 0.3325 0.40375 0.04875 0.025
0 0.2825 0.405 0.035 0.07875
0 0.245 0.40375 0.0275 0.08375
0 0.21625 0.405 0.02125 0.08625
0 0.17125 0.375 0.03625 0.09
0 0.13625 0.37125 0.02125 0.0925
0 0.85125 0.5225 0.04625 0.0625
0 0.8025 0.5225 0.04 0.07125
0 0.75625 0.525 0.02625 0.07875
0 0.7225 0.51875 0.02625 0.09375
0 0.3325 0.43375 0.05 0.02625
0 0.695 0.51625 0.02125 0.095
0 0.63625 0.52 0.03625 0.09375
0 0.59125 0.52 0.045 0.0925
0 0.55125 0.52875 0.03 0.0725
0 0.51125 0.515 0.03875 0.095
0 0.47375 0.51375 0.0325 0.09875
0 0.4325 0.51625 0.0425 0.095
0 0.39 0.5175 0.03625 0.09125
0 0.355 0.5175 0.0225 0.09125
0 0.32625 0.52375 0.025 0.07625
0 0.30125 0.515 0.01875 0.0925
0 0.66875 0.5175 0.02375 0.09625
0 0.37875 0.42125 0.03375 0.05375
0 0.41625 0.40625 0.02875 0.08
0 0.45 0.40375 0.02875 0.085
0 0.42125 0.27875 0.0275 0.09375
0 0.39125 0.28125 0.02625 0.09125
0 0.3625 0.28 0.025 0.0975
0 0.32875 0.29 0.0275 0.0725
0 0.29625 0.29125 0.03 0.07375
0 0.26 0.3025 0.03625 0.05
0 0.21 0.27375 0.04875 0.105
0 0.16125 0.2575 0.02625 0.085
0 0.135 0.25625 0.02 0.08125
0 0.85875 0.3175 0.03125 0.07
0 0.8125 0.31125 0.04375 0.05625
0 0.815 0.36375 0.03875 0.0375
0 0.84 0.43625 0.04375 0.07
0 0.7975 0.435 0.0375 0.075
0 0.755 0.40125 0.03125 0.08625
0 0.71875 0.40375 0.03 0.08375
0 0.68875 0.40625 0.025 0.08
0 0.65875 0.40375 0.03125 0.08875
0 0.625 0.40625 0.0275 0.0825
0 0.5925 0.40625 0.0325 0.08375
0 0.555 0.40375 0.03 0.085
0 0.5175 0.4025 0.03375 0.08625
0 0.4825 0.40375 0.03 0.085
0 0.2625 0.665 0.05625 0.15875
0 0.33125 0.65125 0.05875 0.13375
0 0.25625 0.51625 0.02375 0.09
0 0.39625 0.6425 0.05625 0.1225
0 0.3575 0.90875 0.05375 0.01
0 0.36 0.92 0.04875 0.00875
0 0.30625 0.84375 0.035 0.0275
0 0.42625 0.91125 0.0525 0.02875
0 0.48875 0.9075 0.05375 0.0475
0 0.5475 0.905 0.05375 0.055
0 0.61875 0.91 0.0575 0.06375
0 0.6775 0.91125 0.0475 0.065
0 0.46875 0.65625 0.0575 0.14
0 0.53 0.64625 0.05625 0.13
0 0.85875 0.65875 0.03125 0.1125
0 0.82125 0.66125 0.035 0.1125
0 0.7075 0.60875 0.04125 0.04875
0 0.79875 0.945 0.05 0.00875
0 0.7275 0.915 0.045 0.06875
0 0.78375 0.8575 0.045 0.01125
0 0.78125 0.8725 0.0425 0.01
0 0.78125 0.88375 0.04125 0.00625
0 0.6375 0.66625 0.05625 0.16125
0 0.78125 0.89625 0.04375 0.00875
0 0.8 0.93 0.04875 0.01375
0 0.1675 0.92125 0.07875 0.02375
0 0.29375 0.91125 0.05125 0.01
0 0.295 0.89125 0.05 0.00875
0 0.3 0.8725 0.04875 0.0125
0 0.27875 0.51625 0.02 0.09375
0 0.2375 0.915 0.05375 0.01
0 0.23625 0.9025 0.05375 0.01
0 0.35375 0.895 0.05125 0.0075
0 0.235 0.885 0.0525 0.01125
0 0.24875 0.84375 0.0475 0.015