0 0.835 0.64375 0.05625 0.035
0 0.15 0.75125 0.04625 0.0425
0 0.20125 0.7525 0.05625 0.04
0 0.31625 0.75 0.05375 0.04125
0 0.36875 0.745 0.03375 0.04375
0 0.41375 0.745 0.03625 0.0475
0 0.7825 0.645 0.04875 0.0375
0 0.4875 0.73 0.02375 0.075
0 0.455 0.74375 0.035 0.045
0 0.26 0.75125 0.0575 0.04
0 0.73125 0.64375 0.05 0.04
0 0.4675 0.625 0.0275 0.07625
0 0.62625 0.64375 0.04875 0.03875
0 0.575 0.645 0.0525 0.04125
0 0.53375 0.62625 0.03 0.07875
0 0.50125 0.625 0.03375 0.0775
0 0.435 0.625 0.035 0.07625
0 0.4025 0.625 0.03125 0.0775
0 0.36875 0.62625 0.03375 0.07875
0 0.3375 0.625 0.03125 0.07625
0 0.51625 0.73625 0.0275 0.06
0 0.30375 0.62625 0.03375 0.07875
0 0.6775 0.64625 0.0525 0.03375
0 0.5425 0.73875 0.025 0.0525
0 0.3675 0.83625 0.05375 0.08375
0 0.59125 0.74 0.025 0.05125
0 0.27 0.625 0.0325 0.08
0 0.8225 0.82375 0.04 0.08375
0 0.73375 0.8275 0.0475 0.0775
0 0.68625 0.82875 0.04875 0.08
0 0.63375 0.83 0.05 0.0825
0 0.5825 0.83 0.04875 0.0825
0 0.53 0.8325 0.0525 0.08375
0 0.47875 0.83375 0.04625 0.08
0 0.42375 0.83625 0.05625 0.0825
0 0.26375 0.83875 0.065 0.08375
0 0.56625 0.73875 0.02125 0.05375
0 0.20125 0.84125 0.06 0.07875
0 0.85125 0.73625 0.03375 0.04625
0 0.8175 0.7325 0.025 0.055
0 0.79 0.735 0.02 0.05
0 0.765 0.7375 0.02625 0.05
0 0.74 0.735 0.01875 0.05625
0 0.7175 0.73375 0.02625 0.05625
0 0.6925 0.74125 0.02125 0.0425
0 0.66875 0.74 0.02125 0.0475
0 0.64375 0.73625 0.0225 0.0575
0 0.6175 0.7375 0.0275 0.05875
0 0.15 0.84375 0.0425 0.085
0 0.2375 0.625 0.03125 0.07875
0 0.85875 0.825 0.0325 0.08125
0 0.17 0.62375 0.03625 0.085
0 0.345 0.325 0.045 0.05
0 0.3825 0.3175 0.025 0.0675
0 0.41 0.31875 0.0275 0.06625
0 0.4375 0.32125 0.025 0.06625
0 0.465 0.32 0.02875 0.065
0 0.5025 0.325 0.0375 0.0625
0 0.53125 0.32625 0.01875 0.06
0 0.56 0.325 0.03125 0.06375
0 0.60375 0.3275 0.03875 0.06375
0 0.6525 0.32875 0.035 0.06375
0 0.69875 0.33 0.05625 0.06
0 0.7475 0.34875 0.0375 0.025
0 0.77875 0.3425 0.02375 0.04125
0 0.83 0.33125 0.0725 0.11125
0 0.15375 0.4175 0.03375 0.0825
0 0.19 0.4175 0.03375 0.08375
0 0.225 0.42125 0.0325 0.08
0 0.2575 0.42 0.0325 0.08125
0 0.29125 0.4225 0.03125 0.08375
0 0.32375 0.425 0.0325 0.08125
0 0.355 0.42625 0.02875 0.08
0 0.38875 0.43625 0.03875 0.06
0 0.42875 0.42875 0.03375 0.07375
0 0.4625 0.43875 0.035 0.055
0 0.5 0.4375 0.035 0.05625
0 0.53625 0.43875 0.03375 0.05625
0 0.57 0.4325 0.03 0.0725
0 0.61125 0.44875 0.0525 0.04125
0 0.66375 0.4475 0.0475 0.04
0 0.29375 0.325 0.05 0.04875
0 0.71 0.445 0.04375 0.045
0 0.2425 0.3125 0.05 0.075
0 0.1475 0.30625 0.04125 0.07
0 0.78 0.82625 0.04375 0.08125
0 0.15 0.1025 0.045 0.0425
0 0.2725 0.10875 0.05125 0.0375
0 0.3225 0.11125 0.04625 0.03875
0 0.375 0.115 0.045 0.035
0 0.4225 0.12 0.045 0.04
0 0.47 0.11875 0.04625 0.03875
0 0.56625 0.1275 0.03875 0.03625
0 0.61125 0.12625 0.04125 0.0375
0 0.65875 0.12875 0.045 0.0375
0 0.7025 0.13375 0.03875 0.0375
0 0.7475 0.13625 0.0475 0.03875
0 0.805 0.14 0.045 0.03875
0 0.8525 0.1425 0.04375 0.03375
0 0.1575 0.18875 0.0625 0.075
0 0.2325 0.19125 0.07375 0.07125
0 0.30625 0.1925 0.07375 0.06625
0 0.38125 0.1975 0.07 0.07125
0 0.4425 0.2025 0.045 0.0625
0 0.5025 0.20375 0.0625 0.06875
0 0.205 0.62125 0.0325 0.08
0 0.59625 0.2125 0.02625 0.05625
0 0.6225 0.215 0.0225 0.05375
0 0.65 0.21875 0.02625 0.055
0 0.6775 0.22375 0.02875 0.0525
0 0.72 0.21875 0.05375 0.06
0 0.7675 0.22125 0.04 0.05375
0 0.82375 0.225 0.04625 0.06
0 0.86125 0.225 0.02625 0.06
0 0.19125 0.30875 0.04625 0.0775
0 0.7575 0.4475 0.04875 0.04
0 0.56125 0.2075 0.04125 0.065
0 0.5475 0.54625 0.05625 0.0375
0 0.14875 0.5375 0.03875 0.04375
0 0.2425 0.54 0.03375 0.04625
0 0.28625 0.54 0.04875 0.04625
0 0.335 0.53875 0.05 0.04375
0 0.38625 0.54 0.05 0.0425
0 0.43875 0.54 0.05125 0.04375
0 0.19625 0.5375 0.05625 0.0425
0 0.13875 0.6275 0.0225 0.07875
0 0.6025 0.54625 0.05375 0.0375
0 0.65375 0.54 0.04875 0.04375
0 0.78875 0.5425 0.04375 0.0425
0 0.84 0.5425 0.05 0.04125
0 0.49125 0.54375 0.055 0.03375