0 0.405 0.59625 0.015 0.05
0 0.45875 0.3225 0.0325 0.05125
0 0.425 0.325 0.0325 0.04625
0 0.38875 0.32625 0.02375 0.05
0 0.36125 0.32625 0.02625 0.05
0 0.2975 0.31625 0.04875 0.08
0 0.38375 0.595 0.02 0.05375
0 0.72375 0.76125 0.04375 0.03375
0 0.42625 0.5925 0.0225 0.04875
0 0.45 0.5925 0.02 0.04875
0 0.475 0.59125 0.02375 0.05
0 0.505 0.5925 0.02375 0.0525
0 0.5425 0.58625 0.0225 0.05875
0 0.5675 0.58625 0.02375 0.06125
0 0.5925 0.58625 0.02 0.0625
0 0.5475 0.31875 0.01875 0.04375
0 0.57 0.32 0.01625 0.045
0 0.5925 0.3225 0.02 0.05125
0 0.64625 0.315 0.02125 0.05
0 0.26 0.755 0.0175 0.035
0 0.56125 0.49875 0.03 0.06
0 0.59125 0.49875 0.0275 0.06
0 0.62125 0.5 0.0275 0.0625
0 0.66375 0.505 0.02625 0.05
0 0.69 0.50625 0.02 0.05
0 0.76125 0.48625 0.04 0.025
0 0.76 0.515 0.04125 0.02625
0 0.72 0.4925 0.02375 0.0125
0 0.72125 0.50625 0.02875 0.01125
0 0.7225 0.5225 0.025 0.0125
0 0.26 0.6025 0.0425 0.03125
0 0.305 0.59 0.02625 0.06
0 0.33375 0.58625 0.025 0.055
0 0.36 0.5875 0.02375 0.0575
0 0.6175 0.5875 0.02625 0.05875
0 0.65125 0.58875 0.03125 0.0575
0 0.68875 0.59375 0.02 0.05125
0 0.74625 0.585 0.07 0.01875
0 0.2725 0.68125 0.0475 0.03375
0 0.23375 0.685 0.02375 0.02125
0 0.61625 0.76375 0.0575 0.0175
0 0.66625 0.7475 0.035 0.045
0 0.61625 0.73875 0.05875 0.025
0 0.56 0.76625 0.03875 0.0125
0 0.5575 0.75125 0.03625 0.0125
0 0.51875 0.75875 0.0375 0.025
0 0.47375 0.765 0.0325 0.01
0 0.47375 0.74375 0.04 0.02875
0 0.37625 0.7525 0.0175 0.035
0 0.3525 0.7525 0.02125 0.0325
0 0.325 0.75125 0.02625 0.03
0 0.295 0.7525 0.0125 0.03625
0 0.2375 0.7525 0.02125 0.03875
0 0.30625 0.67875 0.01375 0.03125
0 0.51375 0.095 0.10375 0.0925
0 0.33125 0.68875 0.03 0.01375
0 0.3775 0.6825 0.01375 0.03125
0 0.74375 0.60875 0.075 0.025
0 0.71625 0.6775 0.02125 0.02625
0 0.745 0.68375 0.02625 0.03375
0 0.39375 0.75375 0.015 0.0325
0 0.41 0.74875 0.0125 0.02375
0 0.435 0.7475 0.0325 0.02
0 0.435 0.765 0.0325 0.01125
0 0.77125 0.68375 0.02 0.0325
0 0.6875 0.6775 0.02375 0.0425
0 0.61 0.69 0.05 0.02125
0 0.5625 0.68625 0.03125 0.02875
0 0.51875 0.69125 0.03625 0.01875
0 0.4725 0.6725 0.0375 0.04125
0 0.42625 0.6675 0.0275 0.05875
0 0.3975 0.6675 0.02375 0.05875
0 0.3575 0.68125 0.01375 0.03125
0 0.62375 0.085 0.10625 0.10625
0 0.3425 0.0975 0.17125 0.1175
0 0.2325 0.2175 0.0275 0.085
0 0.47125 0.4125 0.025 0.05
0 0.50125 0.41 0.02375 0.06125
0 0.52875 0.4075 0.02375 0.065
0 0.765 0.7675 0.03125 0.02875
0 0.73375 0.0675 0.09375 0.12
0 0.5575 0.405 0.02625 0.075
0 0.5875 0.4025 0.0275 0.06875
0 0.615 0.41375 0.02375 0.055
0 0.6425 0.40375 0.02375 0.0725
0 0.6775 0.3875 0.0425 0.02875
0 0.6825 0.42125 0.04625 0.03375
0 0.25 0.51875 0.04875 0.02875
0 0.3 0.50625 0.025 0.05625
0 0.325 0.50375 0.02 0.055
0 0.35 0.50125 0.02375 0.06
0 0.37625 0.50125 0.02 0.06125
0 0.4025 0.5 0.0275 0.0625
0 0.42875 0.50625 0.02125 0.05
0 0.44875 0.50375 0.0175 0.0525
0 0.4725 0.5 0.02375 0.065
0 0.51625 0.5125 0.04625 0.0375
0 0.4425 0.4075 0.02375 0.07
0 0.415 0.40875 0.0275 0.0725
0 0.27875 0.75125 0.01375 0.035
0 0.3525 0.415 0.03125 0.06
0 0.385 0.41375 0.02625 0.0625
0 0.7475 0.32125 0.05375 0.03125
0 0.74625 0.28 0.05375 0.02875
0 0.695 0.31375 0.02375 0.05125
0 0.66875 0.31375 0.02125 0.05125
0 0.69125 0.19875 0.035 0.0775
0 0.66 0.2 0.025 0.075
0 0.62 0.20875 0.03375 0.07125
0 0.75375 0.21125 0.055 0.05375
0 0.58625 0.20375 0.03 0.07625
0 0.55375 0.205 0.02875 0.075
0 0.23875 0.3275 0.0375 0.055
0 0.51625 0.305 0.03625 0.07625
0 0.495 0.205 0.02875 0.08375
0 0.4625 0.20625 0.03 0.0875
0 0.43125 0.2075 0.02875 0.08125
0 0.36625 0.22 0.0925 0.06375
0 0.2825 0.2125 0.06375 0.07125
0 0.74375 0.37375 0.04625 0.02375
0 0.7425 0.41875 0.0525 0.03
0 0.525 0.2025 0.025 0.085
0 0.3225 0.415 0.02625 0.06125
0 0.29375 0.415 0.0275 0.06125