0 0.60625 0.55 0.04125 0.08625
0 0.75375 0.66 0.03125 0.07
0 0.71875 0.65625 0.02625 0.08
0 0.68875 0.6625 0.03 0.0675
0 0.65 0.6825 0.04125 0.01125
0 0.65 0.66125 0.0425 0.02
0 0.61125 0.68625 0.02875 0.02125
0 0.72375 0.75625 0.0275 0.06375
0 0.62375 0.755 0.0325 0.0575
0 0.75625 0.86875 0.025 0.0775
0 0.73 0.8775 0.0225 0.055
0 0.7 0.875 0.02625 0.0525
0 0.67375 0.8675 0.0225 0.0525
0 0.52875 0.29125 0.03 0.04875
0 0.49375 0.3075 0.03375 0.02375
0 0.57 0.8525 0.045 0.05875
0 0.52125 0.8775 0.045 0.055
0 0.47 0.885 0.04875 0.05375
0 0.60375 0.34375 0.0175 0.0675
0 0.63125 0.33875 0.01875 0.07125
0 0.645 0.55 0.03125 0.08875
0 0.67125 0.3425 0.0225 0.04875
0 0.71 0.3425 0.0225 0.0525
0 0.71875 0.25625 0.04 0.06
0 0.76875 0.3425 0.02375 0.05875
0 0.42625 0.85875 0.02375 0.08125
0 0.47125 0.84 0.04875 0.03375
0 0.64 0.86875 0.01875 0.06
0 0.61125 0.86625 0.02125 0.055
0 0.6825 0.5525 0.0425 0.085
0 0.76 0.55375 0.035 0.08375
0 0.425 0.67 0.03 0.05
0 0.38125 0.635 0.03375 0.03125
0 0.3825 0.67 0.0325 0.03125
0 0.34 0.66625 0.03 0.03375
0 0.31125 0.66625 0.025 0.025
0 0.30625 0.635 0.02625 0.02125
0 0.72125 0.475 0.0275 0.02375
0 0.7525 0.475 0.0325 0.0175
0 0.59125 0.7625 0.01875 0.0225
0 0.26 0.29375 0.0325 0.07625
0 0.33625 0.30625 0.03375 0.03
0 0.405 0.29125 0.02 0.05
0 0.425 0.2875 0.01875 0.05625
0 0.44875 0.28875 0.02 0.0575
0 0.46625 0.27875 0.01 0.07625
0 0.49625 0.2525 0.02625 0.03125
0 0.375 0.86 0.02625 0.07875
0 0.4925 0.28125 0.035 0.02375
0 0.29875 0.30875 0.0325 0.03125
0 0.585 0.78875 0.01875 0.0225
0 0.565 0.74375 0.0225 0.02875
0 0.53625 0.74375 0.02625 0.025
0 0.60625 0.4575 0.02 0.06375
0 0.64375 0.44625 0.04625 0.0175
0 0.645 0.47375 0.04 0.02625
0 0.68625 0.47375 0.03875 0.0275
0 0.6875 0.44625 0.0375 0.025
0 0.6875 0.41875 0.0375 0.02875
0 0.72875 0.425 0.04 0.03625
0 0.725 0.4525 0.03125 0.01625
0 0.235 0.7625 0.02625 0.03375
0 0.23375 0.72875 0.02625 0.02875
0 0.26375 0.72875 0.03 0.0375
0 0.26625 0.765 0.03625 0.03375
0 0.3 0.76375 0.02875 0.03375
0 0.3575 0.7375 0.03 0.03125
0 0.35625 0.7675 0.03 0.01875
0 0.3875 0.71625 0.02875 0.02375
0 0.3875 0.74625 0.03 0.02375
0 0.38875 0.76875 0.035 0.01875
0 0.475 0.74375 0.03875 0.035
0 0.7225 0.55375 0.035 0.08375
0 0.4 0.85875 0.02 0.075
0 0.56625 0.3 0.03 0.0225
0 0.41375 0.4925 0.01875 0.0525
0 0.37125 0.485 0.03375 0.03375
0 0.3375 0.46875 0.02625 0.05875
0 0.30625 0.465 0.02375 0.0325
0 0.26375 0.48875 0.035 0.0375
0 0.6 0.27375 0.0275 0.0525
0 0.44125 0.39 0.0225 0.06625
0 0.4675 0.3925 0.025 0.0625
0 0.49375 0.395 0.02625 0.06625
0 0.52 0.395 0.025 0.065
0 0.56875 0.39375 0.02875 0.06125
0 0.3725 0.58 0.02875 0.01375
0 0.41625 0.39375 0.01625 0.07375
0 0.33625 0.37875 0.0275 0.03125
0 0.28875 0.37875 0.03625 0.03125
0 0.25375 0.385 0.03125 0.02375
0 0.2625 0.81625 0.04625 0.02125
0 0.24375 0.89 0.04375 0.015
0 0.24375 0.87375 0.04875 0.01125
0 0.2475 0.85375 0.04625 0.02375
0 0.29375 0.86625 0.01375 0.06375
0 0.32625 0.85875 0.02125 0.0675
0 0.3475 0.86375 0.025 0.0775
0 0.375 0.375 0.04875 0.03625
0 0.38375 0.5475 0.01625 0.0175
0 0.44125 0.48875 0.01625 0.06375
0 0.5675 0.47 0.03125 0.02375
0 0.34375 0.57125 0.025 0.0325
0 0.3075 0.55 0.02875 0.0175
0 0.295 0.57875 0.03375 0.01875
0 0.25625 0.58125 0.0325 0.0225
0 0.25625 0.555 0.03375 0.02625
0 0.48 0.56875 0.0325 0.01375
0 0.5675 0.51 0.02625 0.05
0 0.52 0.46875 0.025 0.03375
0 0.51125 0.505 0.0625 0.03125
0 0.27375 0.665 0.02875 0.03625
0 0.2375 0.67125 0.03 0.045
0 0.48375 0.58875 0.03125 0.02
0 0.5125 0.585 0.02375 0.015
0 0.56375 0.57375 0.0325 0.02
0 0.565 0.59875 0.03375 0.02125
0 0.515 0.56625 0.03 0.01375
0 0.465 0.485 0.02 0.0625