0 0.22875 0.09 0.05625 0.075
0 0.42375 0.62375 0.02375 0.09125
0 0.3975 0.6225 0.01875 0.0875
0 0.37625 0.6225 0.0225 0.08375
0 0.34875 0.62125 0.0175 0.08375
0 0.32 0.62875 0.02625 0.0775
0 0.28875 0.62875 0.02375 0.07125
0 0.25375 0.6375 0.02625 0.075
0 0.225 0.63375 0.02125 0.08
0 0.19875 0.63125 0.02125 0.08
0 0.15 0.56875 0.04875 0.12375
0 0.86 0.5125 0.01875 0.10375
0 0.835 0.5 0.01125 0.07625
0 0.81625 0.49875 0.0225 0.0825
0 0.79 0.5 0.025 0.08625
0 0.76375 0.5025 0.02625 0.0875
0 0.73875 0.50125 0.01625 0.09375
0 0.71625 0.5 0.02375 0.09
0 0.69125 0.5025 0.0175 0.08875
0 0.66625 0.50125 0.025 0.0875
0 0.64125 0.5 0.0225 0.09125
0 0.61375 0.5025 0.02125 0.08875
0 0.55375 0.5425 0.09 0.01875
0 0.5525 0.505 0.08 0.01875
0 0.4725 0.5 0.0675 0.01375
0 0.4525 0.5425 0.09125 0.01875
0 0.3875 0.515 0.0325 0.07625
0 0.35625 0.515 0.02625 0.07875
0 0.4525 0.62375 0.025 0.08875
0 0.32375 0.52125 0.0325 0.06875
0 0.4775 0.6225 0.02125 0.0925
0 0.51375 0.615 0.01375 0.07
0 0.2925 0.085 0.06125 0.085
0 0.14375 0.7625 0.0375 0.12
0 0.1975 0.75125 0.04375 0.09625
0 0.27125 0.76875 0.04375 0.1125
0 0.32 0.7625 0.04875 0.12
0 0.36875 0.7625 0.04375 0.1125
0 0.41625 0.75625 0.04375 0.12
0 0.46125 0.75 0.045 0.10625
0 0.505 0.74125 0.04 0.095
0 0.54875 0.745 0.0475 0.10625
0 0.5975 0.7425 0.03 0.10125
0 0.63125 0.75125 0.03125 0.12
0 0.6625 0.75875 0.02875 0.10875
0 0.705 0.765 0.0525 0.1075
0 0.75375 0.75875 0.04 0.11375
0 0.8475 0.72625 0.05375 0.02625
0 0.8525 0.79625 0.04375 0.04875
0 0.7975 0.7575 0.04 0.1125
0 0.86875 0.64625 0.01125 0.105
0 0.8375 0.65625 0.0275 0.085
0 0.80625 0.625 0.0275 0.06625
0 0.775 0.6225 0.025 0.09125
0 0.67375 0.615 0.0225 0.08
0 0.63875 0.61875 0.0225 0.09
0 0.61 0.61625 0.0275 0.08375
0 0.57375 0.61625 0.02875 0.08875
0 0.54125 0.6225 0.02375 0.08375
0 0.4975 0.62125 0.01375 0.085
0 0.2975 0.51125 0.015 0.08875
0 0.7075 0.63375 0.02 0.02875
0 0.255 0.5225 0.02625 0.0675
0 0.56375 0.27125 0.035 0.10125
0 0.525 0.27375 0.025 0.09875
0 0.4975 0.27125 0.02 0.10125
0 0.4625 0.28 0.02125 0.1075
0 0.43375 0.2775 0.02375 0.095
0 0.4025 0.27625 0.02875 0.0925
0 0.37375 0.27875 0.01125 0.095
0 0.35125 0.28 0.02375 0.085
0 0.3225 0.28125 0.0125 0.09
0 0.31 0.28375 0.00875 0.0875
0 0.28625 0.2825 0.01375 0.08625
0 0.27125 0.27875 0.01125 0.0975
0 0.24375 0.27875 0.03375 0.0975
0 0.18875 0.2175 0.0325 0.06875
0 0.85875 0.0925 0.0225 0.11125
0 0.7925 0.09625 0.01875 0.01125
0 0.79625 0.0775 0.0175 0.01625
0 0.76625 0.0725 0.03 0.0825
0 0.73125 0.065 0.0275 0.0975
0 0.69375 0.085 0.03875 0.065
0 0.64625 0.08875 0.0525 0.05875
0 0.5875 0.08625 0.055 0.06875
0 0.53125 0.09 0.05 0.06125
0 0.4725 0.095 0.0525 0.05875
0 0.41625 0.0875 0.055 0.07125
0 0.35625 0.08 0.06 0.09625
0 0.28 0.515 0.01375 0.08125
0 0.59875 0.27625 0.025 0.10125
0 0.63625 0.27125 0.02625 0.10125
0 0.82125 0.07625 0.025 0.07625
0 0.6925 0.265 0.02 0.10625
0 0.2225 0.52 0.0275 0.0625
0 0.19125 0.5225 0.03125 0.06875
0 0.67 0.2675 0.01875 0.10375
0 0.865 0.3875 0.01875 0.105
0 0.8325 0.38625 0.03125 0.10375
0 0.7975 0.38875 0.0175 0.09875
0 0.75625 0.3875 0.05875 0.0925
0 0.7075 0.39625 0.03125 0.1075
0 0.63875 0.3975 0.0325 0.105
0 0.60625 0.4 0.0175 0.10875
0 0.57875 0.40125 0.02875 0.11125
0 0.5475 0.4 0.02375 0.12125
0 0.51625 0.40375 0.0325 0.12875
0 0.47875 0.4075 0.02875 0.11125
0 0.67375 0.4025 0.02625 0.1
0 0.41875 0.41375 0.02 0.10875
0 0.80625 0.25 0.0175 0.09125
0 0.44875 0.4125 0.02625 0.11
0 0.835 0.2425 0.03375 0.10875
0 0.86625 0.24625 0.01625 0.1175
0 0.7175 0.26625 0.0175 0.095
0 0.1975 0.38 0.03375 0.1275
0 0.15 0.3775 0.05 0.1375
0 0.23625 0.41375 0.02625 0.10125
0 0.26875 0.42625 0.03 0.1125
0 0.30875 0.41125 0.0325 0.10625
0 0.34875 0.41 0.02375 0.10875
0 0.385 0.4125 0.02875 0.115
0 0.7675 0.25375 0.05625 0.08