0 0.24375 0.47 0.04375 0.045
0 0.2425 0.4275 0.0375 0.03375
0 0.20125 0.47 0.0375 0.04
0 0.20125 0.4275 0.0325 0.03875
0 0.16125 0.475 0.04125 0.0275
0 0.16125 0.44625 0.04125 0.0275
0 0.32625 0.2525 0.09875 0.1525
0 0.225 0.24875 0.1 0.15375
0 0.2225 0.1525 0.1075 0.035
0 0.42625 0.25625 0.0975 0.1475
0 0.52625 0.25375 0.0975 0.16125
0 0.62875 0.2575 0.09625 0.15
0 0.7325 0.26125 0.10375 0.14625
0 0.295 0.43125 0.03125 0.035
0 0.16 0.42 0.04375 0.0225
0 0.295 0.47125 0.0425 0.04
0 0.22625 0.77625 0.04375 0.035
0 0.335 0.4725 0.03375 0.03875
0 0.71 0.77875 0.045 0.02875
0 0.7075 0.74 0.0425 0.0475
0 0.75625 0.7775 0.04 0.03375
0 0.755 0.74 0.04375 0.04
0 0.7525 0.68375 0.0375 0.01875
0 0.75125 0.6625 0.03875 0.02125
0 0.75 0.63625 0.0425 0.02875
0 0.69875 0.68125 0.0425 0.02125
0 0.69625 0.655 0.045 0.02625
0 0.65375 0.68125 0.0375 0.02125
0 0.6525 0.6575 0.03875 0.01875
0 0.6525 0.635 0.04125 0.025
0 0.61 0.67375 0.04375 0.025
0 0.3375 0.43125 0.04 0.0375
0 0.5625 0.6775 0.03625 0.0175
0 0.5625 0.65875 0.0375 0.01875
0 0.565 0.635 0.03875 0.02625
0 0.51375 0.67875 0.0375 0.02125
0 0.5125 0.65125 0.0425 0.02875
0 0.47125 0.675 0.0375 0.01625
0 0.46875 0.655 0.03375 0.02125
0 0.47125 0.63125 0.0375 0.025
0 0.42625 0.6775 0.04125 0.02
0 0.425 0.655 0.04 0.02375
0 0.425 0.63 0.03875 0.02625
0 0.3775 0.66875 0.04 0.03
0 0.33125 0.675 0.04625 0.02125
0 0.33125 0.6525 0.0425 0.02125
0 0.3325 0.6275 0.04 0.025
0 0.6625 0.735 0.03875 0.0475
0 0.6625 0.77625 0.0425 0.03125
0 0.62 0.7375 0.04125 0.04
0 0.62 0.77625 0.04 0.0325
0 0.68 0.48125 0.01 0.03125
0 0.6775 0.45 0.01125 0.0275
0 0.29875 0.63625 0.02125 0.0275
0 0.145 0.16625 0.03875 0.025
0 0.145 0.13625 0.03875 0.03125
0 0.1475 0.25125 0.045 0.13875
0 0.6025 0.82125 0.04625 0.01625
0 0.5925 0.845 0.04375 0.02625
0 0.54625 0.8425 0.03125 0.0275
0 0.23625 0.83 0.0375 0.0225
0 0.1875 0.82625 0.05125 0.02
0 0.45125 0.9175 0.0625 0.03125
0 0.15 0.74875 0.02 0.04125
0 0.18375 0.77625 0.03625 0.035
0 0.28375 0.67125 0.04 0.03
0 0.18125 0.73625 0.03625 0.04
0 0.28125 0.77625 0.04375 0.0275
0 0.28 0.7375 0.04375 0.0475
0 0.32875 0.7775 0.04125 0.03625
0 0.32875 0.7375 0.0425 0.04375
0 0.375 0.775 0.04 0.03375
0 0.375 0.73625 0.04375 0.04125
0 0.42375 0.7725 0.04375 0.03375
0 0.425 0.73375 0.045 0.04375
0 0.4725 0.77375 0.04375 0.0325
0 0.475 0.73375 0.04625 0.04125
0 0.52625 0.7575 0.03375 0.03125
0 0.5275 0.7225 0.03375 0.03375
0 0.56875 0.775 0.0475 0.03375
0 0.57 0.735 0.04625 0.04625
0 0.225 0.7375 0.04375 0.04
0 0.23625 0.675 0.0375 0.02
0 0.60875 0.64375 0.04 0.02625
0 0.23875 0.6275 0.0425 0.02875
0 0.59125 0.56125 0.04125 0.0225
0 0.635 0.5825 0.0425 0.01875
0 0.63375 0.56375 0.04 0.01625
0 0.635 0.545 0.04125 0.02
0 0.76125 0.57875 0.02875 0.0275
0 0.68 0.58625 0.0375 0.02125
0 0.6775 0.5625 0.04125 0.0225
0 0.23875 0.6525 0.04125 0.02
0 0.72375 0.58375 0.0425 0.01625
0 0.72375 0.565 0.0425 0.02125
0 0.72125 0.5425 0.0425 0.02375
0 0.7175 0.43125 0.03625 0.01125
0 0.7425 0.49 0.04125 0.0175
0 0.7425 0.47 0.045 0.01875
0 0.7425 0.44875 0.04625 0.02125
0 0.65125 0.4825 0.03625 0.0275
0 0.65125 0.4525 0.04 0.03125
0 0.61 0.4825 0.04125 0.03125
0 0.6075 0.4525 0.04125 0.02875
0 0.6075 0.4275 0.0425 0.01625
0 0.56625 0.47875 0.0375 0.03125
0 0.51625 0.48125 0.05125 0.0275
0 0.46375 0.48 0.04875 0.0275
0 0.52125 0.45 0.05125 0.03125
0 0.47 0.44875 0.05 0.03
0 0.42125 0.47375 0.035 0.03875
0 0.4225 0.43375 0.035 0.03625
0 0.38125 0.4725 0.04125 0.03875
0 0.3775 0.4325 0.035 0.04
0 0.59125 0.58375 0.03875 0.02125
0 0.54625 0.56 0.045 0.02375
0 0.635 0.52625 0.0375 0.0125
0 0.505 0.535 0.0375 0.01875
0 0.33625 0.5325 0.02375 0.02625
0 0.545 0.58375 0.04375 0.02125
0 0.3375 0.57625 0.02625 0.0225
0 0.25375 0.525 0.035 0.0225
0 0.2525 0.5525 0.04625 0.0225
0 0.25375 0.57625 0.04125 0.01875
0 0.21375 0.565 0.03125 0.02875
0 0.3 0.58 0.03875 0.02125
0 0.17125 0.55 0.04375 0.02375
0 0.1975 0.52125 0.03875 0.02
0 0.15125 0.625 0.0425 0.03125
0 0.14875 0.6525 0.04 0.02
0 0.15 0.675 0.04125 0.0225
0 0.19375 0.62625 0.03625 0.0275
0 0.19375 0.65125 0.03625 0.02
0 0.195 0.67625 0.03625 0.025
0 0.1725 0.575 0.04 0.02125
0 0.29875 0.55875 0.03875 0.02125
0 0.33625 0.555 0.02625 0.01625
0 0.36875 0.58 0.025 0.02375
0 0.4975 0.55875 0.04 0.02375
0 0.5 0.58125 0.0425 0.01875
0 0.4475 0.53625 0.04125 0.02125
0 0.44875 0.56 0.03875 0.02125
0 0.3025 0.53625 0.0425 0.02125
0 0.405 0.5375 0.04125 0.02375
0 0.40625 0.56 0.0425 0.01875
0 0.45125 0.58125 0.04375 0.02125
0 0.3675 0.55625 0.0275 0.02125
0 0.4075 0.5825 0.04 0.02
0 0.3675 0.53125 0.0325 0.02125