0 0.55 0.55875 0.0275 0.045
0 0.58375 0.55875 0.03125 0.04625
0 0.225 0.58125 0.01 0.03625
0 0.4875 0.5575 0.03125 0.04875
0 0.45375 0.55625 0.03625 0.04625
0 0.42 0.5575 0.03 0.04375
0 0.38625 0.55625 0.03 0.04375
0 0.35875 0.57 0.02125 0.02125
0 0.32375 0.57125 0.04125 0.025
0 0.28 0.555 0.03375 0.0475
0 0.24625 0.5825 0.02 0.0375
0 0.59375 0.63375 0.0425 0.00625
0 0.5575 0.6325 0.025 0.04
0 0.59625 0.62375 0.04375 0.00875
0 0.52 0.55875 0.0275 0.04125
0 0.61875 0.55875 0.035 0.04625
0 0.33875 0.20875 0.05625 0.06125
0 0.67625 0.5625 0.01 0.03375
0 0.595 0.64125 0.04375 0.0075
0 0.49875 0.61125 0.02875 0.0125
0 0.49625 0.63875 0.0225 0.03875
0 0.47125 0.64 0.02125 0.03375
0 0.44375 0.615 0.03 0.0125
0 0.445 0.63875 0.02375 0.0275
0 0.4175 0.63375 0.0225 0.04125
0 0.39125 0.63875 0.02625 0.04125
0 0.36375 0.635 0.02125 0.035
0 0.345 0.60875 0.02375 0.01125
0 0.33625 0.63625 0.02375 0.0375
0 0.31 0.63625 0.025 0.03875
0 0.27875 0.63875 0.0275 0.045
0 0.75125 0.55625 0.04 0.06
0 0.70375 0.55625 0.0325 0.05875
0 0.65375 0.57625 0.03 0.0175
0 0.6 0.6525 0.0425 0.01125
0 0.53875 0.71875 0.03125 0.0575
0 0.69625 0.62625 0.04375 0.0175
0 0.55 0.41375 0.01875 0.035
0 0.57625 0.4225 0.01625 0.01875
0 0.56875 0.40625 0.01625 0.01125
0 0.58625 0.40625 0.015 0.0125
0 0.60625 0.40125 0.02 0.05875
0 0.6275 0.40125 0.01875 0.0575
0 0.6475 0.4 0.02 0.05625
0 0.69 0.4 0.06 0.01375
0 0.6975 0.42125 0.065 0.02125
0 0.67375 0.38 0.015 0.02125
0 0.695 0.37875 0.01875 0.02125
0 0.715 0.37875 0.01875 0.02375
0 0.48875 0.4075 0.03875 0.0425
0 0.74 0.39375 0.02125 0.03625
0 0.24 0.50125 0.04 0.0575
0 0.2775 0.48625 0.0275 0.03875
0 0.30875 0.48375 0.03 0.0375
0 0.3375 0.49 0.02375 0.035
0 0.36625 0.49375 0.02875 0.03625
0 0.41 0.48875 0.04 0.04
0 0.45125 0.48875 0.0375 0.04
0 0.4925 0.48875 0.03625 0.0425
0 0.52875 0.48625 0.03375 0.0425
0 0.56375 0.48625 0.0325 0.04125
0 0.5925 0.4775 0.01875 0.01875
0 0.59375 0.49875 0.01875 0.01875
0 0.76375 0.39625 0.0225 0.03625
0 0.44625 0.40875 0.04 0.045
0 0.40375 0.4075 0.03625 0.0475
0 0.3625 0.39875 0.03625 0.06625
0 0.39625 0.22 0.04375 0.04875
0 0.445 0.21375 0.0475 0.06125
0 0.4975 0.21875 0.0475 0.00875
0 0.49875 0.22875 0.05125 0.00875
0 0.55125 0.21 0.04875 0.07
0 0.73125 0.2175 0.1 0.0675
0 0.2375 0.3425 0.02375 0.05125
0 0.32875 0.28 0.0625 0.01125
0 0.29625 0.3175 0.01625 0.06125
0 0.31375 0.3175 0.01375 0.05875
0 0.335 0.3175 0.025 0.05875
0 0.36375 0.31875 0.025 0.05875
0 0.39125 0.31875 0.025 0.06
0 0.45625 0.32125 0.0175 0.05625
0 0.43125 0.34125 0.01625 0.0225
0 0.48 0.31875 0.01375 0.0575
0 0.495 0.32 0.015 0.05875
0 0.51375 0.3175 0.01875 0.05875
0 0.54125 0.33125 0.02 0.02
0 0.5625 0.32875 0.01875 0.02
0 0.59625 0.30875 0.02625 0.07125
0 0.6275 0.31125 0.025 0.06875
0 0.73625 0.33375 0.0875 0.04125
0 0.23375 0.43125 0.025 0.03375
0 0.28375 0.39375 0.03625 0.02875
0 0.27375 0.42 0.04375 0.02125
0 0.32125 0.3975 0.0375 0.06375
0 0.6125 0.4775 0.015 0.0225
0 0.61625 0.5 0.01875 0.0175
0 0.6275 0.455 0.01875 0.025
0 0.63625 0.47875 0.01625 0.01625
0 0.305 0.8275 0.09 0.0825
0 0.76875 0.76125 0.025 0.01875
0 0.77125 0.73625 0.02 0.02625
0 0.73625 0.7375 0.04375 0.02375
0 0.68625 0.71 0.0275 0.04375
0 0.6525 0.72125 0.02875 0.04375
0 0.625 0.705 0.0225 0.06375
0 0.5975 0.70625 0.02125 0.06125
0 0.56875 0.71125 0.02875 0.0675
0 0.28125 0.205 0.05375 0.0675
0 0.50625 0.7 0.02 0.055
0 0.4825 0.71375 0.02 0.06375
0 0.46125 0.7125 0.01375 0.06375
0 0.4475 0.7075 0.01 0.05625
0 0.4325 0.71 0.01375 0.0525
0 0.4175 0.71875 0.0125 0.02375
0 0.39875 0.7275 0.01125 0.0375
0 0.38125 0.715 0.01875 0.05875
0 0.36375 0.71625 0.0125 0.05875
0 0.34 0.71625 0.02 0.055
0 0.3175 0.7175 0.01125 0.04875
0 0.28125 0.73375 0.02875 0.0325
0 0.27875 0.6975 0.0275 0.03125
0 0.24 0.7275 0.0275 0.04
0 0.76875 0.6375 0.02375 0.03125
0 0.74125 0.6275 0.0275 0.0475
0 0.70125 0.6475 0.0475 0.01125
0 0.40125 0.84 0.06625 0.0675
0 0.64625 0.63 0.045 0.05375
0 0.4725 0.83625 0.06125 0.06625
0 0.51625 0.845 0.0175 0.02625
0 0.48625 0.38125 0.03375 0.00875
0 0.45 0.38125 0.035 0.00625
0 0.63625 0.5 0.01625 0.0175
0 0.6575 0.4975 0.01875 0.01875
0 0.675 0.495 0.01125 0.01875
0 0.6525 0.4775 0.01375 0.01875
0 0.715 0.48875 0.01375 0.0325
0 0.72875 0.48875 0.01125 0.03375
0 0.74125 0.48875 0.015 0.035
0 0.75875 0.46625 0.015 0.0375
0 0.775 0.8475 0.01125 0.025
0 0.75625 0.84375 0.02375 0.02375
0 0.72125 0.85 0.0425 0.0275
0 0.7175 0.8125 0.0425 0.03125
0 0.71125 0.7825 0.05 0.01625
0 0.6925 0.85125 0.01125 0.02375
0 0.68 0.8525 0.01125 0.02
0 0.65125 0.85 0.0325 0.02
0 0.65 0.8275 0.03375 0.01375
0 0.61125 0.86125 0.03 0.01
0 0.61125 0.85 0.035 0.01
0 0.615 0.83625 0.03375 0.01375
0 0.585 0.8375 0.015 0.04125
0 0.57 0.8425 0.0125 0.02125
0 0.5525 0.8325 0.02 0.06125
0 0.5325 0.82375 0.01 0.02
0 0.535 0.85375 0.01375 0.0275
0 0.4975 0.89375 0.03 0.03875
0 0.5 0.24 0.05 0.01125
0 0.52625 0.6425 0.02625 0.0275
0 0.5275 0.615 0.025 0.02