0 0.3 0.39 0.02 0.07625
0 0.27875 0.38875 0.02 0.07625
0 0.41625 0.30625 0.01875 0.07625
0 0.39375 0.30625 0.02 0.07625
0 0.37375 0.30625 0.01875 0.07625
0 0.37 0.225 0.01875 0.0625
0 0.41125 0.22375 0.01875 0.06375
0 0.265 0.30375 0.02 0.07625
0 0.2875 0.30375 0.02 0.07625
0 0.31 0.305 0.02 0.07625
0 0.33125 0.305 0.01875 0.07625
0 0.3525 0.3075 0.02 0.07625
0 0.39125 0.22625 0.02 0.0625
0 0.12625 0.59375 0.02 0.06125
0 0.3275 0.225 0.02 0.0625
0 0.32375 0.39 0.02 0.07625
0 0.1025 0.59125 0.02 0.06125
0 0.30375 0.22625 0.02 0.0625
0 0.22 0.7075 0.0175 0.02375
0 0.19625 0.705 0.0175 0.02375
0 0.17625 0.70375 0.0175 0.02375
0 0.15625 0.70125 0.0175 0.02375
0 0.13625 0.70125 0.0175 0.02375
0 0.11625 0.6975 0.0175 0.02375
0 0.21 0.59625 0.01875 0.06625
0 0.18875 0.59625 0.01875 0.06625
0 0.16875 0.595 0.0175 0.06125
0 0.14875 0.595 0.02 0.06125
0 0.3475 0.22375 0.01875 0.0625
0 0.34625 0.39125 0.02 0.07625
0 0.98875 0.29875 0.02125 0.07625
0 0.3925 0.39375 0.0225 0.07625
0 0.4025 0.70875 0.01625 0.03875
0 0.42125 0.70875 0.01875 0.045
0 0.495 0.71625 0.02375 0.04125
0 0.5225 0.7175 0.025 0.04375
0 0.55125 0.72125 0.025 0.0425
0 0.57875 0.725 0.025 0.04
0 0.61 0.7275 0.0275 0.04
0 0.7 0.70875 0.0275 0.09
0 0.72875 0.70125 0.02625 0.0525
0 0.76 0.71 0.0275 0.09125
0 0.78625 0.71125 0.02125 0.0925
0 0.81125 0.71375 0.025 0.0925
0 0.83875 0.7175 0.025 0.0925
0 0.865 0.72 0.025 0.0925
0 0.21 0.50875 0.0175 0.0625
0 0.81625 0.6 0.02875 0.08125
0 0.7825 0.5975 0.02875 0.08125
0 0.7525 0.595 0.02875 0.08125
0 0.72125 0.59375 0.0275 0.08125
0 0.59625 0.63875 0.02 0.06375
0 0.5725 0.63625 0.02 0.06375
0 0.55 0.635 0.02 0.06375
0 0.52625 0.6325 0.02 0.06375
0 0.3825 0.7075 0.01625 0.04
0 0.37 0.3925 0.0225 0.07625
0 0.36125 0.70625 0.01625 0.04
0 0.32625 0.7025 0.01625 0.04
0 0.41625 0.39375 0.0225 0.07625
0 0.28375 0.4725 0.0225 0.0725
0 0.3075 0.4725 0.0225 0.0725
0 0.33125 0.47375 0.02125 0.07375
0 0.35375 0.47375 0.02125 0.07375
0 0.37625 0.47375 0.02125 0.07375
0 0.3975 0.47625 0.02125 0.07375
0 0.42 0.47625 0.01875 0.0725
0 0.28375 0.5525 0.02125 0.07
0 0.3075 0.5525 0.02125 0.07
0 0.33 0.55375 0.02125 0.07
0 0.3525 0.55375 0.02125 0.07
0 0.375 0.555 0.02 0.06875
0 0.39625 0.555 0.02 0.07
0 0.41875 0.55625 0.02 0.07
0 0.29375 0.62625 0.025 0.065
0 0.33625 0.62875 0.0225 0.0675
0 0.3625 0.61875 0.015 0.05125
0 0.38125 0.63 0.01875 0.06875
0 0.4025 0.63125 0.01875 0.06875
0 0.425 0.6325 0.01875 0.06875
0 0.28875 0.7 0.0175 0.03875
0 0.3075 0.7025 0.0175 0.03875
0 0.34375 0.7075 0.01625 0.04
0 0.18375 0.51125 0.02 0.0625
0 0.77375 0.515 0.025 0.0775
0 0.14 0.51 0.02 0.0625
0 0.7125 0.31625 0.0225 0.085
0 0.985 0.39625 0.0275 0.085
0 0.98875 0.4975 0.02125 0.06125
0 0.96625 0.49875 0.02125 0.06
0 0.9825 0.585 0.02375 0.05375
0 0.9575 0.585 0.01875 0.05375
0 0.9025 0.38875 0.02875 0.0375
0 0.87125 0.38625 0.0275 0.035
0 0.84125 0.38625 0.02625 0.0375
0 0.8125 0.385 0.0275 0.03375
0 0.785 0.385 0.025 0.0325
0 0.7575 0.38375 0.02625 0.0325
0 0.7275 0.40875 0.01875 0.08125
0 0.70875 0.4075 0.015 0.0825
0 0.16125 0.51125 0.02 0.0625
0 0.6325 0.39625 0.0225 0.0775
0 0.6075 0.395 0.0225 0.0775
0 0.5825 0.39375 0.0225 0.0775
0 0.55625 0.39375 0.0225 0.0775
0 0.7375 0.315 0.025 0.08625
0 0.7675 0.315 0.025 0.08625
0 0.79375 0.315 0.025 0.08625
0 0.82125 0.31375 0.02625 0.0875
0 0.90875 0.21625 0.02375 0.0975
0 0.88375 0.215 0.02375 0.0975
0 0.8575 0.21375 0.02375 0.0975
0 0.83125 0.215 0.025 0.09875
0 0.80375 0.215 0.025 0.09875
0 0.6625 0.21625 0.01125 0.06625
0 0.645 0.2175 0.02 0.065
0 0.56875 0.22125 0.02 0.065
0 0.54625 0.22 0.02 0.065
0 0.5325 0.39125 0.02125 0.07375
0 0.65875 0.3025 0.01 0.0825
0 0.59375 0.305 0.02125 0.0775
0 0.57 0.305 0.02 0.0775
0 0.5475 0.31375 0.02125 0.06
0 0.52375 0.31375 0.02125 0.05875
0 0.5 0.31375 0.02 0.05875
0 0.47625 0.31375 0.02125 0.05875
0 0.90875 0.315 0.02875 0.08875
0 0.88 0.315 0.02625 0.0875
0 0.85125 0.315 0.02625 0.0875
0 0.64125 0.30375 0.02125 0.0825
0 0.5075 0.39375 0.02125 0.07375
0 0.65625 0.39625 0.02125 0.08
0 0.8775 0.435 0.0375 0.05125
0 0.60375 0.565 0.0225 0.0725
0 0.58 0.56125 0.0225 0.0725
0 0.55625 0.5625 0.0225 0.0725
0 0.53125 0.56125 0.0225 0.0725
0 0.5075 0.55875 0.0225 0.0725
0 0.485 0.5575 0.0225 0.0725
0 0.87625 0.6075 0.02875 0.08125
0 0.84625 0.60375 0.0275 0.08125
0 0.0975 0.2325 0.0325 0.09
0 0.18375 0.23125 0.0225 0.08875
0 0.6275 0.56625 0.0225 0.0725
0 0.07125 0.3375 0.0225 0.065
0 0.12 0.33875 0.02 0.065
0 0.155 0.33875 0.02 0.065
0 0.1875 0.335 0.02125 0.06625
0 0.08375 0.43125 0.0225 0.0625
0 0.10875 0.43125 0.02 0.06375
0 0.13125 0.4325 0.0225 0.0625
0 0.1725 0.43625 0.0225 0.0625
0 0.1975 0.4375 0.0225 0.0625
0 0.095 0.50625 0.02 0.0625
0 0.1175 0.50875 0.02 0.0625
0 0.09625 0.33625 0.0225 0.065
0 0.4825 0.39125 0.02125 0.07375
0 0.48 0.63125 0.02 0.06375
0 0.80125 0.51625 0.02375 0.0775
0 0.855 0.51875 0.0275 0.0775
0 0.82625 0.5175 0.02375 0.0775
0 0.505 0.47875 0.0225 0.0775
0 0.5025 0.63375 0.02 0.06375
0 0.74625 0.5125 0.02375 0.07625
0 0.72125 0.51 0.02125 0.07625
0 0.7025 0.50875 0.01375 0.0775
0 0.64875 0.56625 0.01625 0.075
0 0.53 0.47875 0.0225 0.0775
0 0.555 0.48125 0.0225 0.0775
0 0.57875 0.4825 0.0225 0.0775
0 0.60375 0.48375 0.0225 0.0775
0 0.6275 0.485 0.0225 0.0775
0 0.65 0.48375 0.01625 0.07375
0 0.75875 0.42875 0.0375 0.05125
0 0.7975 0.42875 0.0375 0.05125
0 0.8375 0.4325 0.0375 0.05125
0 0.885 0.52125 0.0275 0.0775
0 0.48125 0.47625 0.0225 0.0775