0 0.77375 0.425 0.05125 0.115
0 0.82375 0.44125 0.0425 0.0825
0 0.15125 0.56125 0.0375 0.08
0 0.71875 0.44625 0.04375 0.075
0 0.245 0.55125 0.0425 0.07625
0 0.28875 0.55625 0.03625 0.08375
0 0.33 0.555 0.045 0.08125
0 0.39875 0.5525 0.045 0.0875
0 0.43875 0.56125 0.03375 0.07
0 0.485 0.515 0.05625 0.02
0 0.46875 0.56625 0.0225 0.06625
0 0.195 0.56125 0.04625 0.08
0 0.70875 0.54875 0.06625 0.1
0 0.51875 0.56375 0.025 0.06375
0 0.54625 0.56125 0.02875 0.0675
0 0.575 0.56375 0.02625 0.07125
0 0.60625 0.56625 0.03375 0.0625
0 0.65125 0.55125 0.04875 0.09625
0 0.79375 0.54625 0.0575 0.09625
0 0.22125 0.67375 0.0425 0.07375
0 0.2625 0.67375 0.04 0.07375
0 0.305 0.67 0.0425 0.06875
0 0.345 0.6675 0.0375 0.075
0 0.39 0.66125 0.04625 0.09
0 0.6675 0.425 0.0525 0.11375
0 0.43125 0.66125 0.03625 0.09
0 0.49375 0.565 0.025 0.06625
0 0.59375 0.45875 0.0825 0.0525
0 0.66 0.1875 0.03625 0.08125
0 0.51375 0.44 0.0525 0.0925
0 0.37 0.30875 0.03125 0.09875
0 0.33875 0.30875 0.03 0.0975
0 0.3075 0.3075 0.03375 0.0975
0 0.275 0.30875 0.03125 0.095
0 0.2425 0.3075 0.03375 0.09625
0 0.20625 0.30875 0.035 0.09625
0 0.17125 0.31875 0.03375 0.07875
0 0.13875 0.32 0.02625 0.085
0 0.8525 0.17625 0.045 0.0975
0 0.80125 0.17875 0.05125 0.095
0 0.75125 0.1875 0.045 0.08125
0 0.52625 0.13375 0.0375 0.03875
0 0.48875 0.13 0.03125 0.0475
0 0.58375 0.4075 0.0825 0.04625
0 0.7025 0.18625 0.04625 0.08
0 0.62625 0.19125 0.03125 0.0725
0 0.48125 0.3025 0.05625 0.1075
0 0.53375 0.31875 0.04625 0.07375
0 0.585 0.30125 0.055 0.10875
0 0.6375 0.3125 0.04625 0.085
0 0.69375 0.2975 0.065 0.11375
0 0.74875 0.31125 0.04 0.08375
0 0.80875 0.29625 0.07625 0.1125
0 0.1575 0.43875 0.04375 0.08875
0 0.20875 0.44375 0.05625 0.08875
0 0.26125 0.44 0.04625 0.085
0 0.33125 0.4525 0.085 0.08
0 0.46 0.44 0.05375 0.0925
0 0.46875 0.6625 0.0375 0.09125
0 0.5025 0.6625 0.0275 0.0925
0 0.48125 0.78875 0.05 0.06375
0 0.58375 0.66 0.02875 0.095
0 0.48875 0.19375 0.03625 0.0775
0 0.43 0.1875 0.0725 0.0825
0 0.3425 0.22 0.09 0.03125
0 0.3425 0.1725 0.09375 0.05875
0 0.255 0.1425 0.07125 0.06875
0 0.25875 0.20375 0.065 0.0525
0 0.17375 0.1725 0.0925 0.12375
0 0.84625 0.03 0.05375 0.05875
0 0.8025 0.03375 0.02875 0.0575
0 0.7675 0.0325 0.0375 0.06125
0 0.7325 0.035 0.03125 0.06375
0 0.68375 0.02 0.05 0.02625
0 0.69 0.0525 0.0525 0.0325
0 0.645 0.035 0.0275 0.0675
0 0.59625 0.03375 0.0675 0.0675
0 0.53375 0.015 0.05125 0.02875
0 0.46875 0.02125 0.0575 0.04
0 0.41 0.02375 0.0625 0.03375
0 0.33625 0.01875 0.0625 0.03
0 0.535 0.0525 0.05375 0.035
0 0.47875 0.055 0.0575 0.0275
0 0.41875 0.05625 0.06 0.0275
0 0.36 0.055 0.0525 0.02875
0 0.2825 0.0525 0.055 0.03125
0 0.22875 0.03875 0.04 0.0675
0 0.19 0.04 0.03875 0.06625
0 0.4025 0.30875 0.0325 0.1
0 0.52375 0.19375 0.0325 0.0775
0 0.53 0.6625 0.0275 0.095
0 0.55875 0.1925 0.03375 0.07375
0 0.66375 0.88125 0.06375 0.085
0 0.61 0.66 0.02375 0.09375
0 0.6375 0.6625 0.03 0.09
0 0.6675 0.66375 0.03 0.0925
0 0.7 0.66375 0.03125 0.0925
0 0.75375 0.66375 0.03 0.08375
0 0.78625 0.66125 0.03125 0.08625
0 0.8325 0.65875 0.03625 0.09
0 0.1425 0.77375 0.03375 0.075
0 0.18125 0.77 0.04375 0.0675
0 0.22375 0.77125 0.04 0.0675
0 0.31625 0.77625 0.02875 0.06625
0 0.34625 0.7875 0.02625 0.06875
0 0.37625 0.78875 0.0325 0.07125
0 0.4075 0.7825 0.02625 0.065
0 0.56125 0.7825 0.0425 0.08625
0 0.66375 0.77625 0.06375 0.09875
0 0.7375 0.765 0.04625 0.07625
0 0.795 0.7825 0.06 0.07875
0 0.165 0.88875 0.06625 0.0925
0 0.2375 0.87 0.04625 0.055
0 0.29375 0.89125 0.055 0.1025
0 0.3475 0.89125 0.0525 0.10125
0 0.3975 0.8875 0.045 0.095
0 0.44875 0.885 0.055 0.09375
0 0.50125 0.885 0.0475 0.0925
0 0.55125 0.885 0.04875 0.095
0 0.60375 0.8925 0.055 0.11
0 0.5925 0.19375 0.03375 0.07125
0 0.425 0.115 0.0675 0.05625
0 0.435 0.3075 0.03125 0.09875