0 0.78625 0.84875 0.01625 0.04625
0 0.5575 0.7425 0.05375 0.04625
0 0.49375 0.7425 0.065 0.04625
0 0.43 0.745 0.05625 0.0475
0 0.36875 0.74125 0.05875 0.05375
0 0.31125 0.73 0.05125 0.0775
0 0.2525 0.73 0.055 0.07625
0 0.1925 0.6875 0.0375 0.04625
0 0.2325 0.08875 0.03125 0.05125
0 0.56 0.69 0.0575 0.05125
0 0.27125 0.145 0.03125 0.045
0 0.315 0.09375 0.055 0.045
0 0.37625 0.09125 0.06 0.045
0 0.38 0.14 0.05625 0.04625
0 0.435 0.0875 0.0475 0.0425
0 0.4375 0.13625 0.05125 0.0525
0 0.4925 0.085 0.05875 0.045
0 0.4925 0.1375 0.05625 0.04875
0 0.55625 0.14125 0.0475 0.04125
0 0.31625 0.14375 0.05125 0.05
0 0.49875 0.6875 0.06 0.05125
0 0.4375 0.68875 0.06 0.05
0 0.38 0.6675 0.04625 0.0425
0 0.83375 0.875 0.03625 0.0575
0 0.82875 0.81125 0.0425 0.04875
0 0.75125 0.88125 0.04875 0.04625
0 0.75375 0.82625 0.04375 0.0575
0 0.69375 0.84375 0.03 0.0525
0 0.63375 0.88125 0.03875 0.05125
0 0.58625 0.86375 0.03375 0.05125
0 0.585 0.81125 0.03375 0.04875
0 0.8225 0.72375 0.0575 0.07125
0 0.76375 0.7325 0.055 0.0775
0 0.7025 0.7325 0.05875 0.08125
0 0.47375 0.8375 0.04375 0.05125
0 0.44 0.8375 0.01875 0.04875
0 0.23125 0.1375 0.03375 0.03875
0 0.35625 0.8475 0.045 0.06
0 0.31 0.84375 0.03875 0.065
0 0.24125 0.875 0.06 0.06875
0 0.19875 0.75875 0.035 0.05875
0 0.16375 0.76 0.03125 0.055
0 0.1575 0.11125 0.04625 0.12
0 0.39625 0.87375 0.03125 0.0575
0 0.84625 0.54625 0.05375 0.05125
0 0.24125 0.59625 0.0625 0.09375
0 0.595 0.255 0.0675 0.06375
0 0.59625 0.19625 0.0625 0.05
0 0.535 0.20875 0.055 0.04125
0 0.53125 0.25625 0.06125 0.05
0 0.46625 0.25375 0.06375 0.05375
0 0.41 0.2525 0.04625 0.055
0 0.40875 0.19 0.04875 0.05625
0 0.35375 0.25 0.05875 0.0675
0 0.30875 0.24875 0.02375 0.0575
0 0.66375 0.24625 0.0625 0.0675
0 0.1725 0.24375 0.045 0.075
0 0.225 0.18375 0.0625 0.0525
0 0.6775 0.1 0.04875 0.02875
0 0.75375 0.08 0.0625 0.05375
0 0.8175 0.1275 0.0575 0.08375
0 0.75375 0.1375 0.05875 0.0525
0 0.695 0.14 0.055 0.0475
0 0.6 0.12875 0.03625 0.06875
0 0.62125 0.61 0.07 0.06125
0 0.6825 0.6025 0.05 0.05625
0 0.23625 0.245 0.04625 0.05875
0 0.725 0.2525 0.04875 0.05625
0 0.85375 0.2525 0.04125 0.05625
0 0.175 0.33625 0.0425 0.08125
0 0.85125 0.39625 0.04625 0.0525
0 0.67875 0.34125 0.06375 0.0575
0 0.6125 0.3425 0.0525 0.0575
0 0.55125 0.33875 0.06 0.05625
0 0.4875 0.34125 0.05375 0.05625
0 0.14875 0.435 0.02875 0.0775
0 0.1875 0.44 0.0375 0.075
0 0.1725 0.55125 0.05375 0.105
0 0.3025 0.59625 0.05375 0.0975
0 0.365 0.59875 0.05625 0.09375
0 0.4325 0.61125 0.055 0.06125
0 0.49625 0.6125 0.0625 0.05875
0 0.7975 0.395 0.05125 0.05625
0 0.73125 0.3975 0.06875 0.055
0 0.6675 0.39875 0.05125 0.05
0 0.61125 0.40125 0.06 0.05375
0 0.54875 0.39875 0.05375 0.0575
0 0.485 0.3975 0.06 0.05375
0 0.42375 0.39875 0.0575 0.05375
0 0.36875 0.40125 0.0525 0.05375
0 0.2475 0.39625 0.0625 0.06
0 0.73875 0.6025 0.06 0.0575
0 0.80625 0.6075 0.065 0.06375
0 0.5575 0.61 0.05125 0.0575
0 0.62 0.485 0.04625 0.06375
0 0.74125 0.54375 0.05375 0.05875
0 0.68375 0.53875 0.03625 0.0625
0 0.62625 0.55125 0.06625 0.06
0 0.56 0.55 0.055 0.06
0 0.5625 0.485 0.06375 0.06875
0 0.495 0.5475 0.06125 0.06375
0 0.49375 0.48 0.0575 0.05375
0 0.43875 0.4825 0.03875 0.0475
0 0.4325 0.54 0.0475 0.05375
0 0.3775 0.5 0.0475 0.08875
0 0.32625 0.49375 0.0475 0.0825
0 0.27125 0.4975 0.04875 0.07375
0 0.79375 0.55 0.05 0.0425
0 0.85625 0.605 0.03625 0.06
0 0.79125 0.50125 0.04875 0.04875
0 0.14375 0.6925 0.03375 0.0425