0 0.70875 0.455 0.01625 0.03
0 0.7725 0.45375 0.0125 0.03125
0 0.365 0.81625 0.0675 0.0525
0 0.34125 0.7425 0.04125 0.01875
0 0.2925 0.81625 0.05125 0.0725
0 0.29125 0.765 0.05 0.02375
0 0.45625 0.69 0.0325 0.03875
0 0.42125 0.7025 0.035 0.03875
0 0.375 0.69 0.03375 0.03625
0 0.3325 0.70625 0.04125 0.02625
0 0.28625 0.7125 0.04375 0.0375
0 0.3325 0.675 0.045 0.03125
0 0.28625 0.6775 0.04375 0.03
0 0.45625 0.61125 0.0425 0.0275
0 0.41125 0.62125 0.0425 0.01625
0 0.34 0.7725 0.0425 0.03125
0 0.3675 0.6225 0.04 0.0175
0 0.36875 0.605 0.04125 0.0175
0 0.325 0.62875 0.03625 0.01375
0 0.32625 0.6125 0.03875 0.01625
0 0.73375 0.675 0.0275 0.02625
0 0.28375 0.6175 0.0375 0.0175
0 0.5575 0.59125 0.03625 0.045
0 0.59375 0.58875 0.03125 0.0475
0 0.63 0.5875 0.03875 0.0475
0 0.585 0.65 0.02625 0.035
0 0.64625 0.67125 0.025 0.0325
0 0.6725 0.66875 0.0225 0.03
0 0.645 0.6375 0.02875 0.02625
0 0.67625 0.6375 0.025 0.0275
0 0.41125 0.60375 0.04125 0.01625
0 0.7525 0.6325 0.02 0.025
0 0.3825 0.75 0.0375 0.0275
0 0.71125 0.4225 0.0125 0.03125
0 0.705 0.67625 0.025 0.0275
0 0.6775 0.7475 0.02875 0.065
0 0.645 0.7525 0.03 0.06875
0 0.615 0.75 0.02625 0.085
0 0.5875 0.7575 0.0275 0.08125
0 0.55625 0.76 0.0325 0.08875
0 0.51125 0.76375 0.04125 0.1
0 0.70625 0.70625 0.02375 0.0275
0 0.7075 0.73375 0.02125 0.02625
0 0.7325 0.72875 0.02125 0.02625
0 0.73375 0.75625 0.02625 0.025
0 0.70625 0.7625 0.025 0.02625
0 0.7575 0.72875 0.0175 0.03
0 0.42875 0.77875 0.04875 0.10375
0 0.7575 0.75625 0.01875 0.0225
0 0.775 0.7225 0.0125 0.03
0 0.775 0.75375 0.01125 0.02625
0 0.42875 0.53875 0.0325 0.035
0 0.3925 0.5425 0.03375 0.03625
0 0.35625 0.54375 0.0375 0.0375
0 0.31875 0.545 0.035 0.03625
0 0.28125 0.5475 0.0375 0.035
0 0.29 0.46625 0.055 0.04375
0 0.345 0.46125 0.0525 0.04875
0 0.3925 0.45875 0.0375 0.04875
0 0.455 0.4625 0.04625 0.04875
0 0.70375 0.2525 0.02375 0.03375
0 0.71 0.365 0.02125 0.02
0 0.47125 0.77 0.03625 0.105
0 0.7725 0.6325 0.01625 0.02375
0 0.28375 0.635 0.0375 0.015
0 0.7525 0.60625 0.02125 0.0225
0 0.27875 0.39125 0.03125 0.04125
0 0.37875 0.285 0.045 0.0625
0 0.4225 0.28875 0.04 0.05875
0 0.46625 0.29375 0.04 0.06125
0 0.5075 0.29875 0.035 0.0575
0 0.5425 0.30875 0.03 0.04125
0 0.57625 0.3125 0.03375 0.04125
0 0.61 0.315 0.03 0.03875
0 0.64 0.31625 0.02875 0.03875
0 0.67 0.32 0.02625 0.0375
0 0.69625 0.3225 0.025 0.03625
0 0.75 0.225 0.0425 0.0175
0 0.75125 0.2575 0.01875 0.04125
0 0.31375 0.3925 0.035 0.04125
0 0.72875 0.25875 0.01875 0.04125
0 0.64375 0.23625 0.025 0.06375
0 0.585 0.2475 0.02875 0.03
0 0.5475 0.235 0.035 0.04
0 0.55375 0.19125 0.04 0.04125
0 0.5175 0.2175 0.01375 0.06
0 0.5025 0.2175 0.0125 0.0575
0 0.4825 0.215 0.02625 0.07
0 0.455 0.21125 0.0275 0.0675
0 0.41 0.20375 0.02875 0.0725
0 0.38125 0.2025 0.02625 0.07
0 0.3475 0.2075 0.03125 0.04
0 0.29875 0.21 0.06375 0.035
0 0.2975 0.1725 0.06 0.035
0 0.67375 0.23875 0.02875 0.0575
0 0.77375 0.605 0.015 0.025
0 0.73375 0.7025 0.02625 0.025
0 0.62875 0.40125 0.02875 0.04
0 0.68875 0.40375 0.0275 0.0375
0 0.66 0.40375 0.02875 0.04125
0 0.3475 0.39375 0.03375 0.04
0 0.55875 0.40375 0.03375 0.0325
0 0.595 0.405 0.0325 0.03125
0 0.55875 0.37 0.03625 0.035
0 0.59625 0.37125 0.03375 0.03375
0 0.57625 0.465 0.04375 0.045
0 0.665 0.51625 0.0325 0.015
0 0.67375 0.53875 0.03 0.02
0 0.70125 0.515 0.02375 0.0275
0 0.64125 0.5375 0.0325 0.0175
0 0.60375 0.52125 0.0375 0.01625
0 0.67125 0.465 0.03875 0.04625
0 0.60375 0.54125 0.03625 0.01625
0 0.55 0.5175 0.03375 0.01875
0 0.5325 0.54125 0.02875 0.02
0 0.49875 0.5425 0.0325 0.02
0 0.38375 0.395 0.0325 0.0375
0 0.67 0.58125 0.03875 0.01625
0 0.67 0.6 0.035 0.015
0 0.70375 0.58625 0.02125 0.02625
0 0.72625 0.61125 0.0225 0.0225
0 0.70125 0.6125 0.02375 0.0225
0 0.72625 0.635 0.025 0.0225
0 0.70125 0.63875 0.0225 0.025
0 0.75625 0.58125 0.01875 0.025
0 0.775 0.57875 0.0125 0.02375
0 0.56625 0.5425 0.035 0.02125
0 0.61375 0.455 0.02875 0.0375