0 0.4575 0.75 0.01 0.06875
0 0.47125 0.75125 0.015 0.07
0 0.4425 0.5175 0.015 0.0725
0 0.75125 0.2375 0.0375 0.06875
0 0.72 0.23875 0.01875 0.06375
0 0.695 0.24125 0.02625 0.06875
0 0.7825 0.32 0.0225 0.1025
0 0.755 0.32375 0.03125 0.095
0 0.72625 0.3275 0.025 0.08875
0 0.69625 0.33 0.03125 0.09125
0 0.6975 0.43375 0.025 0.09375
0 0.725 0.43125 0.0275 0.08875
0 0.75125 0.4275 0.0225 0.095
0 0.78125 0.43125 0.035 0.10125
0 0.78 0.225 0.015 0.05375
0 0.8125 0.43 0.02625 0.1025
0 0.93375 0.4425 0.0425 0.10375
0 0.935 0.5625 0.03625 0.1075
0 0.97375 0.5625 0.04125 0.10875
0 0.84375 0.54125 0.02 0.0975
0 0.8175 0.54 0.03 0.1
0 0.7875 0.5375 0.02875 0.095
0 0.7575 0.5375 0.03125 0.0975
0 0.7275 0.53625 0.02625 0.09
0 0.70125 0.535 0.0275 0.09
0 0.94 0.67875 0.0375 0.09625
0 0.9775 0.6825 0.035 0.10625
0 0.8425 0.43 0.03125 0.1025
0 0.96625 0.79 0.0375 0.10125
0 0.80375 0.21125 0.03 0.07625
0 0.97125 0.3225 0.0375 0.10375
0 0.4675 0.35875 0.0175 0.0725
0 0.4475 0.36125 0.02 0.06625
0 0.43125 0.3625 0.0125 0.0675
0 0.4175 0.3625 0.015 0.06875
0 0.4025 0.36375 0.0125 0.0725
0 0.40625 0.445 0.015 0.075
0 0.42375 0.445 0.0175 0.0725
0 0.45125 0.29 0.02 0.04625
0 0.4425 0.44125 0.015 0.07625
0 0.4675 0.43875 0.01125 0.075
0 0.45875 0.5175 0.01625 0.075
0 0.83125 0.20875 0.02375 0.08375
0 0.4275 0.51875 0.01 0.0675
0 0.41625 0.59375 0.02125 0.06875
0 0.43375 0.59625 0.01125 0.06375
0 0.47875 0.67625 0.01625 0.07
0 0.45375 0.67125 0.02 0.075
0 0.435 0.67125 0.01375 0.07625
0 0.42 0.665 0.01625 0.0675
0 0.42125 0.73625 0.01125 0.0575
0 0.43875 0.7725 0.025 0.0275
0 0.935 0.2 0.03125 0.1075
0 0.97 0.2 0.03875 0.10875
0 0.935 0.325 0.035 0.10875
0 0.41 0.5175 0.02 0.07
0 0.84875 0.76875 0.02 0.09625
0 0.9775 0.445 0.0425 0.10875
0 0.7925 0.76 0.02875 0.09
0 0.5375 0.53875 0.01375 0.075
0 0.5575 0.54 0.01875 0.07875
0 0.595 0.54 0.02125 0.0825
0 0.6175 0.5425 0.02375 0.08
0 0.59875 0.45125 0.03125 0.075
0 0.57375 0.45375 0.015 0.0825
0 0.55375 0.45375 0.02 0.08375
0 0.53375 0.4525 0.02125 0.08125
0 0.82375 0.76625 0.03 0.1
0 0.5325 0.37375 0.0175 0.065
0 0.55 0.37125 0.01625 0.06375
0 0.54 0.6275 0.02125 0.06375
0 0.56625 0.3725 0.015 0.0625
0 0.6075 0.37 0.02375 0.0675
0 0.6 0.27125 0.02625 0.0575
0 0.5775 0.27875 0.0175 0.06625
0 0.5575 0.27875 0.02125 0.06375
0 0.5375 0.2825 0.01375 0.0675
0 0.52 0.28375 0.01875 0.06625
0 0.43625 0.29375 0.01 0.0425
0 0.42125 0.29125 0.0175 0.05
0 0.4075 0.2975 0.01 0.0525
0 0.39125 0.29625 0.02 0.055
0 0.48625 0.75375 0.01375 0.0675
0 0.58375 0.37125 0.01875 0.0625
0 0.56125 0.6275 0.02 0.0775
0 0.57625 0.53875 0.01625 0.08
0 0.60125 0.63125 0.02 0.07625
0 0.7625 0.7575 0.02875 0.0975
0 0.735 0.7525 0.025 0.0875
0 0.7075 0.74625 0.03 0.10125
0 0.7025 0.63375 0.02375 0.09375
0 0.73125 0.635 0.03125 0.0975
0 0.75875 0.63625 0.0225 0.09625
0 0.78875 0.6375 0.03375 0.09375
0 0.81875 0.645 0.025 0.09375
0 0.84625 0.65125 0.0275 0.105
0 0.58125 0.62875 0.01875 0.08
0 0.73625 0.83875 0.0275 0.07125
0 0.76625 0.84375 0.0325 0.05875
0 0.70625 0.835 0.03125 0.065
0 0.61 0.80375 0.02125 0.06625
0 0.625 0.63375 0.02125 0.07875
0 0.63375 0.8075 0.02125 0.075
0 0.5625 0.71125 0.0175 0.0725
0 0.58375 0.715 0.02125 0.07625
0 0.60625 0.7175 0.02125 0.0725
0 0.54125 0.70625 0.02125 0.075
0 0.5475 0.78625 0.01875 0.065
0 0.5675 0.7875 0.01875 0.0625
0 0.58875 0.79625 0.02125 0.08125
0 0.62625 0.72375 0.0175 0.07375