0 0.18625 0.3275 0.0575 0.03625
0 0.245 0.28875 0.06125 0.04
0 0.31 0.28875 0.06375 0.03875
0 0.31375 0.3275 0.05875 0.03625
0 0.25 0.32625 0.065 0.03375
0 0.375 0.28625 0.0625 0.04
0 0.375 0.3275 0.06 0.0375
0 0.43625 0.32625 0.06 0.04125
0 0.305 0.175 0.065 0.03875
0 0.49625 0.285 0.06125 0.0425
0 0.83 0.175 0.0675 0.0375
0 0.8275 0.21375 0.065 0.03625
0 0.16375 0.0475 0.065 0.0425
0 0.16375 0.09125 0.06375 0.04375
0 0.23125 0.05375 0.06625 0.0375
0 0.2325 0.095 0.065 0.04375
0 0.3025 0.095 0.06875 0.04125
0 0.30125 0.055 0.06625 0.03875
0 0.37 0.05625 0.0675 0.0425
0 0.37125 0.09625 0.065 0.03625
0 0.43875 0.09625 0.0625 0.04
0 0.4375 0.055 0.06625 0.04125
0 0.50625 0.05625 0.0675 0.0425
0 0.50625 0.0975 0.065 0.0375
0 0.5725 0.09875 0.065 0.04
0 0.575 0.05625 0.065 0.0425
0 0.645 0.0525 0.06875 0.04375
0 0.64625 0.09625 0.07 0.04125
0 0.715 0.09875 0.0625 0.0375
0 0.71375 0.0675 0.06375 0.0175
0 0.715 0.04375 0.0625 0.025
0 0.7825 0.0325 0.06625 0.015
0 0.78 0.05875 0.065 0.03375
0 0.77875 0.09875 0.0625 0.0425
0 0.845 0.04875 0.05875 0.055
0 0.84375 0.10125 0.06125 0.03875
0 0.83875 0.86 0.0725 0.11875
0 0.7625 0.175 0.06125 0.04375
0 0.435 0.28625 0.05625 0.04
0 0.7625 0.215 0.06125 0.035
0 0.69875 0.17375 0.0625 0.04125
0 0.4975 0.3275 0.05875 0.03875
0 0.55875 0.32625 0.0625 0.03625
0 0.56125 0.28625 0.06375 0.04375
0 0.62375 0.28875 0.055 0.0375
0 0.62375 0.3275 0.06 0.03625
0 0.69 0.32875 0.065 0.035
0 0.6825 0.29125 0.055 0.03625
0 0.75875 0.31125 0.065 0.03125
0 0.75875 0.33625 0.0675 0.0175
0 0.8275 0.29 0.0675 0.0375
0 0.8275 0.38375 0.0725 0.1375
0 0.175 0.17 0.065 0.04375
0 0.1775 0.21125 0.05875 0.03875
0 0.2425 0.215 0.06125 0.03625
0 0.24 0.17625 0.06375 0.03625
0 0.18125 0.28375 0.06125 0.04625
0 0.30875 0.215 0.06125 0.03625
0 0.375 0.21625 0.06375 0.03875
0 0.37125 0.17625 0.06125 0.04
0 0.43875 0.175 0.0675 0.03875
0 0.44 0.21625 0.06125 0.035
0 0.505 0.21625 0.06125 0.03625
0 0.5075 0.175 0.0625 0.03875
0 0.5725 0.1775 0.06375 0.04125
0 0.5725 0.21625 0.065 0.035
0 0.63875 0.21625 0.06125 0.0375
0 0.63625 0.175 0.06 0.04
0 0.7 0.215 0.0625 0.0375
0 0.7375 0.4325 0.06125 0.0325
0 0.14 0.9175 0.0275 0.03
0 0.675 0.3975 0.05125 0.0375
0 0.22 0.8125 0.05875 0.02625
0 0.21625 0.78125 0.05625 0.03125
0 0.275 0.80125 0.045 0.04625
0 0.325 0.80125 0.04875 0.04875
0 0.38 0.8 0.05625 0.045
0 0.435 0.8 0.04875 0.0475
0 0.49125 0.8075 0.06 0.03
0 0.49 0.7725 0.05625 0.0325
0 0.55375 0.77125 0.05625 0.035
0 0.55125 0.80625 0.055 0.03125
0 0.37875 0.76625 0.0525 0.0175
0 0.43375 0.76625 0.05375 0.02
0 0.61 0.775 0.05375 0.03
0 0.61125 0.805 0.05375 0.02875
0 0.67 0.77625 0.05125 0.03125
0 0.72875 0.77375 0.055 0.03125
0 0.7275 0.80625 0.055 0.03125
0 0.7675 0.7625 0.01625 0.03
0 0.775 0.80375 0.035 0.04125
0 0.15125 0.695 0.05 0.03375
0 0.15125 0.72625 0.0525 0.0275
0 0.21 0.72625 0.0625 0.03
0 0.2125 0.69125 0.0575 0.0325
0 0.27 0.7125 0.05 0.05125
0 0.32125 0.71125 0.0475 0.05
0 0.3725 0.7075 0.05 0.05625
0 0.42625 0.70375 0.05 0.0525
0 0.48375 0.715 0.0525 0.02375
0 0.48125 0.68375 0.05375 0.02875
0 0.16125 0.815 0.05375 0.02875
0 0.16 0.7825 0.055 0.02875
0 0.7675 0.91125 0.04625 0.02875
0 0.7725 0.86625 0.05 0.04375
0 0.17875 0.91875 0.04625 0.03125
0 0.22625 0.92 0.0475 0.0275
0 0.13875 0.88625 0.02625 0.02875
0 0.1775 0.8875 0.04625 0.03
0 0.225 0.8925 0.04625 0.02625
0 0.22375 0.865 0.04375 0.025
0 0.175 0.8625 0.045 0.0175
0 0.13875 0.8625 0.025 0.0175
0 0.275 0.86875 0.05375 0.035
0 0.33 0.8675 0.05375 0.035
0 0.38375 0.865 0.0525 0.03125
0 0.43625 0.865 0.05125 0.03125
0 0.38375 0.905 0.05125 0.04625
0 0.4375 0.905 0.05125 0.045
0 0.545 0.68375 0.05875 0.02875
0 0.33 0.9075 0.05125 0.04375
0 0.4875 0.8525 0.04625 0.01375
0 0.54125 0.855 0.05625 0.01875
0 0.49125 0.88125 0.05375 0.03
0 0.49125 0.91125 0.05125 0.0275
0 0.54875 0.91 0.0525 0.02625
0 0.54875 0.88125 0.0525 0.03
0 0.6075 0.85625 0.05875 0.02
0 0.6675 0.85625 0.05625 0.0225
0 0.665 0.88125 0.05375 0.02625
0 0.6075 0.8825 0.055 0.02875
0 0.60625 0.9125 0.05625 0.0275
0 0.66375 0.91 0.055 0.0275
0 0.71875 0.905 0.0475 0.03875
0 0.72125 0.86375 0.04625 0.03875
0 0.27875 0.90875 0.05125 0.04375
0 0.54375 0.71375 0.0575 0.0275
0 0.6025 0.7025 0.05125 0.05125
0 0.6525 0.67625 0.04125 0.01375
0 0.32125 0.535 0.05375 0.03375
0 0.26375 0.5375 0.0575 0.0325
0 0.37875 0.52375 0.05625 0.05625
0 0.4325 0.52375 0.04875 0.0575
0 0.48625 0.5275 0.04875 0.04875
0 0.48625 0.48875 0.0475 0.0275
0 0.53625 0.52625 0.04625 0.0475
0 0.575 0.52625 0.0275 0.05
0 0.61875 0.49375 0.055 0.03875
0 0.61875 0.5325 0.05625 0.035
0 0.67875 0.495 0.06 0.0375
0 0.67875 0.53375 0.06125 0.03625
0 0.73625 0.5275 0.05 0.0375
0 0.7775 0.53 0.02625 0.03375
0 0.73625 0.49125 0.055 0.03125
0 0.78 0.4875 0.0275 0.0275
0 0.17625 0.395 0.05125 0.03875
0 0.1775 0.43375 0.0525 0.035
0 0.26 0.42375 0.06 0.05625
0 0.31875 0.42375 0.05625 0.05375
0 0.3775 0.42375 0.05625 0.0575
0 0.43625 0.4225 0.05375 0.05875
0 0.49875 0.39375 0.06125 0.03875
0 0.49625 0.4325 0.06375 0.03625
0 0.56 0.43125 0.05875 0.03875
0 0.56 0.39 0.055 0.0375
0 0.61875 0.3975 0.0575 0.035
0 0.61875 0.43375 0.0525 0.0325
0 0.67375 0.43375 0.05375 0.035
0 0.32 0.5 0.055 0.03125
0 0.7375 0.39625 0.0625 0.035
0 0.26125 0.5025 0.05875 0.03375
0 0.18625 0.5 0.06 0.03375
0 0.65125 0.68875 0.04375 0.00875
0 0.6525 0.6975 0.0425 0.00875
0 0.65125 0.70875 0.04125 0.00875
0 0.65125 0.71875 0.04125 0.00875
0 0.72875 0.67875 0.05125 0.025
0 0.72875 0.70875 0.05125 0.0325
0 0.6875 0.69625 0.0275 0.05625
0 0.77125 0.7075 0.03 0.03125
0 0.77 0.67875 0.02625 0.02375
0 0.14625 0.6025 0.04 0.03
0 0.1975 0.6 0.06 0.03125
0 0.19875 0.6325 0.05625 0.0325
0 0.1475 0.6325 0.0425 0.0275
0 0.265 0.62 0.0625 0.05375
0 0.18875 0.535 0.05375 0.03375
0 0.3275 0.6175 0.05375 0.055
0 0.44 0.6175 0.05 0.05375
0 0.775 0.59375 0.035 0.0325
0 0.775 0.62625 0.0375 0.03125
0 0.72875 0.62625 0.05375 0.03125
0 0.7275 0.59375 0.055 0.03
0 0.67 0.58625 0.04875 0.02625
0 0.6225 0.585 0.0425 0.03
0 0.385 0.6175 0.05625 0.05625
0 0.6725 0.6225 0.05 0.04
0 0.6225 0.62375 0.04625 0.04
0 0.58375 0.61875 0.0275 0.05375
0 0.54125 0.5825 0.05 0.0175
0 0.5425 0.62125 0.05 0.04875
0 0.49 0.585 0.045 0.02125
0 0.49125 0.62 0.04625 0.04625
0 0.67 0.8075 0.05125 0.02875