0 0.60875 0.57 0.04875 0.0325
0 0.5475 0.5725 0.06875 0.03125
0 0.54875 0.5375 0.06625 0.035
0 0.48125 0.54125 0.06 0.02875
0 0.48125 0.5725 0.06 0.03
0 0.33875 0.5275 0.085 0.0375
0 0.415 0.57375 0.0625 0.03
0 0.34125 0.56875 0.08 0.0425
0 0.27625 0.545 0.04 0.09125
0 0.23125 0.545 0.04625 0.09
0 0.4175 0.53625 0.05625 0.0275
0 0.27625 0.0875 0.0825 0.04375
0 0.28375 0.66875 0.05625 0.025
0 0.17625 0.5775 0.05 0.0275
0 0.72 0.6675 0.05125 0.0225
0 0.66375 0.6925 0.0525 0.02625
0 0.665 0.6675 0.05375 0.0225
0 0.59375 0.69 0.06 0.02875
0 0.595 0.65875 0.0625 0.02875
0 0.53125 0.69125 0.0575 0.02875
0 0.5325 0.6625 0.05875 0.02625
0 0.53375 0.63375 0.0575 0.02875
0 0.48375 0.67125 0.035 0.0675
0 0.72 0.6925 0.0525 0.025
0 0.44375 0.66 0.0375 0.08
0 0.39625 0.66875 0.0525 0.02125
0 0.34375 0.69375 0.0475 0.03
0 0.3425 0.6625 0.04875 0.03
0 0.34125 0.63375 0.05125 0.02375
0 0.17625 0.6725 0.05 0.02375
0 0.18 0.7025 0.05125 0.02875
0 0.22875 0.67 0.0475 0.02625
0 0.23125 0.69875 0.04875 0.0275
0 0.285 0.64125 0.0575 0.025
0 0.39625 0.69625 0.0525 0.02625
0 0.175 0.5475 0.0525 0.0275
0 0.775 0.6675 0.05375 0.02125
0 0.835 0.6575 0.0625 0.03125
0 0.2875 0.69625 0.0575 0.0275
0 0.61 0.535 0.05125 0.03375
0 0.26 0.7975 0.055 0.02125
0 0.2625 0.8225 0.05125 0.025
0 0.20375 0.8075 0.055 0.05125
0 0.14875 0.79625 0.0475 0.025
0 0.15 0.8225 0.04875 0.02375
0 0.32 0.8175 0.06 0.03
0 0.32 0.785 0.06125 0.0275
0 0.77375 0.6925 0.05125 0.025
0 0.3825 0.78 0.05125 0.07125
0 0.46375 0.80875 0.0325 0.03875
0 0.51125 0.80625 0.0575 0.04
0 0.57 0.80875 0.05625 0.0375
0 0.625 0.7875 0.05 0.07375
0 0.68 0.7775 0.05375 0.0875
0 0.74625 0.785 0.0575 0.07375
0 0.80375 0.7875 0.04375 0.07125
0 0.85 0.78875 0.04875 0.06875
0 0.83125 0.69125 0.05625 0.03125
0 0.4275 0.81 0.0375 0.0375
0 0.66625 0.57 0.04875 0.0325
0 0.27625 0.13375 0.0825 0.04375
0 0.72625 0.5125 0.05 0.03125
0 0.1625 0.27125 0.05375 0.0275
0 0.1625 0.24 0.05375 0.03
0 0.23375 0.295 0.07625 0.03625
0 0.23 0.25625 0.0775 0.03625
0 0.3 0.25875 0.05625 0.03625
0 0.67 0.53625 0.05375 0.0325
0 0.36125 0.25875 0.0525 0.1075
0 0.4175 0.26 0.05625 0.1075
0 0.46875 0.265 0.0475 0.09125
0 0.54 0.26625 0.05 0.08875
0 0.58875 0.26875 0.045 0.09125
0 0.63625 0.2675 0.04875 0.09
0 0.71625 0.355 0.0775 0.1
0 0.165 0.3025 0.05375 0.03
0 0.79625 0.3825 0.08125 0.04
0 0.85 0.19125 0.0475 0.04
0 0.85125 0.14875 0.04625 0.04125
0 0.79625 0.1925 0.05875 0.0375
0 0.7975 0.15375 0.055 0.0375
0 0.725 0.19 0.08 0.045
0 0.72625 0.14375 0.0825 0.04375
0 0.71625 0.1 0.0625 0.03375
0 0.63 0.1225 0.105 0.05625
0 0.545 0.1325 0.05875 0.03875
0 0.54375 0.09125 0.05625 0.04
0 0.48625 0.13625 0.05375 0.0325
0 0.1925 0.135 0.08125 0.04
0 0.19 0.09 0.085 0.04375
0 0.80125 0.33875 0.08125 0.04125
0 0.2025 0.40625 0.0575 0.1075
0 0.3025 0.29625 0.0575 0.03625
0 0.30125 0.41125 0.04875 0.09375
0 0.72375 0.5425 0.04875 0.0275
0 0.72125 0.5725 0.055 0.03125
0 0.77625 0.56875 0.0525 0.03375
0 0.78 0.535 0.0525 0.03125
0 0.7825 0.50125 0.0525 0.035
0 0.83625 0.49875 0.0525 0.035
0 0.835 0.53625 0.055 0.03375
0 0.82875 0.56875 0.05 0.03375
0 0.62875 0.44375 0.0575 0.0275
0 0.25375 0.4125 0.04375 0.09625
0 0.555 0.4425 0.07125 0.035
0 0.5575 0.40375 0.0725 0.03625
0 0.43 0.135 0.0575 0.0375
0 0.48625 0.1025 0.0525 0.03375
0 0.63125 0.4125 0.05375 0.03
0 0.35 0.415 0.0425 0.08875
0 0.39375 0.41875 0.04125 0.07875
0 0.48625 0.4425 0.06125 0.03375
0 0.4875 0.40875 0.0625 0.03125
0 0.43375 0.42125 0.03625 0.07375