0 0.40625 0.3975 0.01125 0.0325
0 0.39375 0.4 0.01125 0.03125
0 0.36125 0.41 0.04375 0.01125
0 0.36375 0.3975 0.04875 0.01
0 0.77375 0.30875 0.0125 0.01875
0 0.265 0.38875 0.05125 0.025
0 0.74625 0.31 0.02625 0.02875
0 0.74125 0.27875 0.0275 0.02875
0 0.43125 0.3925 0.0375 0.04125
0 0.35875 0.38125 0.04 0.0125
0 0.47125 0.385 0.03625 0.05125
0 0.62375 0.38625 0.0375 0.01125
0 0.5225 0.40375 0.0475 0.01375
0 0.57625 0.3675 0.0475 0.015
0 0.575 0.38625 0.055 0.015
0 0.57375 0.40375 0.04875 0.01625
0 0.6225 0.4025 0.045 0.01375
0 0.6575 0.38375 0.0175 0.05625
0 0.6925 0.38625 0.04125 0.01375
0 0.68875 0.4025 0.045 0.015
0 0.7425 0.3875 0.0425 0.015
0 0.69625 0.31625 0.04625 0.0125
0 0.5225 0.3875 0.05 0.015
0 0.69375 0.2975 0.0425 0.0175
0 0.45 0.1925 0.02125 0.055
0 0.62375 0.2925 0.015 0.05875
0 0.76875 0.21125 0.02125 0.0425
0 0.74625 0.21 0.01875 0.04125
0 0.715 0.21125 0.03875 0.03625
0 0.675 0.21125 0.04125 0.035
0 0.6425 0.20625 0.02125 0.0475
0 0.61625 0.2025 0.0225 0.0425
0 0.58875 0.2 0.02375 0.0525
0 0.56125 0.2 0.02125 0.0525
0 0.53375 0.19625 0.02625 0.04875
0 0.50375 0.1975 0.025 0.055
0 0.64875 0.305 0.03375 0.035
0 0.47875 0.195 0.02375 0.05625
0 0.44625 0.135 0.02875 0.05375
0 0.41375 0.19125 0.035 0.0525
0 0.26125 0.2975 0.0475 0.0125
0 0.2625 0.3075 0.0425 0.00875
0 0.31 0.30125 0.0425 0.02625
0 0.44375 0.30625 0.05 0.03
0 0.50375 0.30625 0.05 0.03375
0 0.5425 0.295 0.0225 0.055
0 0.5675 0.29625 0.02 0.05
0 0.59625 0.29375 0.02625 0.05
0 0.77 0.36375 0.01875 0.01625
0 0.7725 0.3875 0.01625 0.02
0 0.50875 0.64625 0.02625 0.02375
0 0.63125 0.4825 0.0175 0.04
0 0.3 0.69375 0.06 0.015
0 0.62 0.58375 0.02125 0.02125
0 0.6 0.62875 0.025 0.03125
0 0.6425 0.62375 0.0175 0.04125
0 0.66125 0.6275 0.01125 0.0275
0 0.69125 0.6125 0.035 0.01875
0 0.68125 0.63375 0.0225 0.0125
0 0.7325 0.61625 0.0225 0.03875
0 0.72125 0.67125 0.02625 0.045
0 0.7525 0.67375 0.02 0.03625
0 0.7725 0.66875 0.01375 0.03375
0 0.2425 0.81125 0.01875 0.06
0 0.265 0.81125 0.01625 0.065
0 0.285 0.81875 0.02 0.0475
0 0.30875 0.81625 0.02125 0.04625
0 0.30875 0.67625 0.06625 0.01875
0 0.3625 0.615 0.01375 0.02625
0 0.3975 0.615 0.02125 0.02
0 0.38125 0.65625 0.01875 0.0175
0 0.535 0.6425 0.01875 0.02
0 0.56625 0.62875 0.03375 0.04375
0 0.66875 0.56 0.01875 0.04375
0 0.5875 0.56375 0.015 0.0425
0 0.37875 0.195 0.02875 0.055
0 0.33875 0.1875 0.04375 0.05375
0 0.2925 0.1725 0.0475 0.07375
0 0.33 0.8125 0.00875 0.05
0 0.25125 0.1725 0.03125 0.0775
0 0.505 0.5675 0.045 0.04875
0 0.41875 0.64875 0.02 0.02875
0 0.47 0.6425 0.0325 0.02375
0 0.47125 0.61125 0.03625 0.0275
0 0.45875 0.56875 0.02875 0.02375
0 0.4125 0.57375 0.02875 0.02125
0 0.3975 0.65 0.01125 0.02875
0 0.2275 0.17125 0.0125 0.08125
0 0.36125 0.83125 0.035 0.01625
0 0.3925 0.815 0.01 0.03375
0 0.4025 0.81 0.01125 0.03125
0 0.36 0.495 0.01375 0.03625
0 0.4 0.495 0.015 0.03625
0 0.3775 0.495 0.01875 0.03875
0 0.55 0.485 0.02375 0.04125
0 0.58 0.485 0.0225 0.03875
0 0.5075 0.4875 0.0275 0.03875
0 0.48125 0.48875 0.0225 0.03875
0 0.25625 0.595 0.06375 0.0175
0 0.455 0.49 0.02375 0.0375
0 0.77 0.475 0.02 0.02625
0 0.74375 0.47375 0.0275 0.02375
0 0.74375 0.4475 0.02375 0.025
0 0.765 0.44375 0.01375 0.02125
0 0.715 0.47875 0.025 0.04125
0 0.6825 0.4775 0.025 0.04125
0 0.65625 0.48 0.025 0.03875
0 0.425 0.48875 0.02875 0.03875
0 0.515 0.6175 0.03125 0.03125
0 0.26 0.615 0.06 0.01625
0 0.32625 0.58125 0.02 0.06375
0 0.42375 0.8 0.01625 0.055
0 0.4475 0.80375 0.02625 0.04125
0 0.47625 0.8 0.02 0.04
0 0.49875 0.78 0.02125 0.0575
0 0.52875 0.785 0.02125 0.05375
0 0.55 0.78375 0.0175 0.04625
0 0.5725 0.78 0.02 0.05125
0 0.3025 0.5825 0.0225 0.07
0 0.60375 0.78125 0.0375 0.055
0 0.67375 0.77875 0.02375 0.0375
0 0.70875 0.77875 0.03 0.0325
0 0.7375 0.7675 0.02375 0.0475
0 0.765 0.77 0.02375 0.05125
0 0.24625 0.70375 0.04375 0.00875
0 0.24875 0.7175 0.0475 0.01125
0 0.30625 0.71125 0.05875 0.0125
0 0.645 0.78 0.0275 0.035
0 0.6125 0.48125 0.0175 0.04125