0 0.47625 0.4925 0.0225 0.0325
0 0.73875 0.265 0.0225 0.06
0 0.25 0.34875 0.03375 0.05125
0 0.2875 0.3525 0.02625 0.04125
0 0.3175 0.3525 0.02625 0.04375
0 0.3475 0.3525 0.02875 0.0425
0 0.38125 0.35375 0.02875 0.03875
0 0.4125 0.355 0.03125 0.04375
0 0.4425 0.35375 0.02375 0.04625
0 0.4725 0.3525 0.02625 0.04625
0 0.53375 0.3475 0.03375 0.05125
0 0.615 0.345 0.04375 0.055
0 0.6775 0.34375 0.04 0.05375
0 0.7275 0.34 0.04875 0.0475
0 0.265 0.44125 0.0325 0.05625
0 0.3075 0.42875 0.045 0.03625
0 0.3675 0.43 0.05875 0.04375
0 0.435 0.42875 0.0325 0.04125
0 0.4725 0.43 0.03125 0.04
0 0.55125 0.425 0.01875 0.055
0 0.5725 0.4225 0.02125 0.03875
0 0.60625 0.43625 0.01875 0.0375
0 0.62875 0.43625 0.02125 0.035
0 0.655 0.43125 0.02125 0.0525
0 0.68 0.42875 0.02 0.06375
0 0.7075 0.42125 0.01875 0.0625
0 0.73375 0.425 0.0225 0.0625
0 0.76625 0.43625 0.0275 0.02625
0 0.23375 0.51875 0.02875 0.05
0 0.2725 0.52375 0.0275 0.04875
0 0.70875 0.26125 0.02375 0.0525
0 0.67875 0.265 0.0225 0.04375
0 0.64125 0.26 0.045 0.05375
0 0.60375 0.2725 0.02 0.03875
0 0.24375 0.18125 0.025 0.04875
0 0.27125 0.18125 0.0225 0.04875
0 0.2975 0.18125 0.02125 0.04875
0 0.3325 0.18 0.04125 0.04875
0 0.37 0.1825 0.03 0.06125
0 0.4325 0.18125 0.0225 0.0525
0 0.46625 0.18 0.02375 0.05
0 0.4975 0.14375 0.025 0.02625
0 0.4925 0.18375 0.0225 0.04375
0 0.5175 0.18625 0.01625 0.0325
0 0.54 0.18875 0.015 0.03875
0 0.565 0.1375 0.03125 0.03
0 0.5625 0.1775 0.02375 0.04375
0 0.59625 0.19125 0.02 0.01625
0 0.3075 0.49 0.03625 0.03625
0 0.65875 0.17625 0.03 0.0525
0 0.73125 0.175 0.02625 0.05625
0 0.76 0.17125 0.025 0.0575
0 0.61625 0.19375 0.01625 0.0225
0 0.2425 0.27375 0.02375 0.04375
0 0.27 0.26625 0.02 0.04875
0 0.295 0.2675 0.0225 0.05625
0 0.32 0.26625 0.01875 0.04875
0 0.345 0.26875 0.01875 0.05375
0 0.3725 0.27 0.02625 0.0425
0 0.41875 0.27 0.0375 0.04375
0 0.455 0.26625 0.025 0.0475
0 0.50375 0.26875 0.035 0.04875
0 0.53625 0.2675 0.02 0.04375
0 0.58375 0.27375 0.01125 0.03125
0 0.69875 0.17375 0.03125 0.0625
0 0.35 0.48625 0.03875 0.0325
0 0.56125 0.26625 0.02375 0.0475
0 0.4375 0.49125 0.04 0.02625
0 0.60375 0.65625 0.02375 0.0675
0 0.63125 0.66 0.02625 0.06875
0 0.665 0.66375 0.02125 0.05625
0 0.69375 0.66125 0.025 0.06625
0 0.73125 0.6625 0.0325 0.07375
0 0.76625 0.60625 0.0225 0.05625
0 0.735 0.56875 0.02 0.06375
0 0.70375 0.565 0.0275 0.065
0 0.67625 0.57 0.01375 0.075
0 0.64625 0.5675 0.02375 0.07125
0 0.60875 0.565 0.03125 0.07375
0 0.5775 0.565 0.0175 0.06375
0 0.55 0.57 0.02625 0.06
0 0.5175 0.57125 0.0225 0.0575
0 0.575 0.66 0.0225 0.06375
0 0.4875 0.5675 0.03375 0.06375
0 0.4225 0.56 0.01625 0.0625
0 0.39875 0.56125 0.0175 0.06125
0 0.3775 0.5625 0.01875 0.07125
0 0.3425 0.5625 0.03125 0.0675
0 0.30375 0.58875 0.0375 0.0275
0 0.31 0.555 0.02625 0.01625
0 0.235 0.5975 0.0325 0.07375
0 0.27125 0.59375 0.02 0.06
0 0.73375 0.49375 0.05625 0.03
0 0.6775 0.49375 0.04125 0.0425
0 0.63875 0.4925 0.03125 0.0375
0 0.6 0.48875 0.02875 0.04125
0 0.5625 0.49125 0.0375 0.03375
0 0.39375 0.4925 0.03875 0.0375
0 0.45 0.56375 0.0325 0.06875
0 0.54625 0.66 0.02375 0.06125
0 0.5175 0.4925 0.03875 0.0325
0 0.485 0.6675 0.02 0.03375
0 0.5175 0.65875 0.02875 0.06
0 0.2975 0.7275 0.0175 0.02875
0 0.74 0.7625 0.02875 0.05625
0 0.705 0.75625 0.0325 0.07625
0 0.655 0.75875 0.05375 0.06375
0 0.6075 0.765 0.0225 0.045
0 0.57375 0.7525 0.03625 0.06
0 0.5425 0.76625 0.02375 0.0375
0 0.5125 0.76875 0.02625 0.035
0 0.48125 0.7625 0.0275 0.0375
0 0.4825 0.7225 0.0275 0.03125
0 0.4575 0.74875 0.015 0.0525
0 0.4275 0.74375 0.01875 0.06375
0 0.40375 0.735 0.015 0.04375
0 0.38125 0.74875 0.0225 0.07
0 0.51375 0.73375 0.025 0.03125
0 0.34375 0.7575 0.015 0.04375
0 0.4525 0.63375 0.02875 0.03125
0 0.35875 0.75875 0.0075 0.04125
0 0.455 0.67125 0.025 0.03125
0 0.42125 0.6525 0.0275 0.06375
0 0.3875 0.65375 0.03125 0.06
0 0.31625 0.665 0.01375 0.03625
0 0.3 0.665 0.01125 0.04
0 0.33875 0.65625 0.02125 0.05
0 0.24125 0.6775 0.0225 0.055
0 0.2375 0.75625 0.0175 0.04125
0 0.2575 0.7575 0.01875 0.0375
0 0.28125 0.7475 0.01 0.03875
0 0.32 0.7575 0.01875 0.04625
0 0.27375 0.67375 0.02375 0.05125