0 0.245 0.70625 0.025 0.0175
0 0.225 0.72625 0.0125 0.01375
0 0.225 0.70625 0.01125 0.02125
0 0.2725 0.63125 0.02625 0.015
0 0.245 0.63125 0.0275 0.015
0 0.2725 0.61125 0.025 0.02
0 0.24375 0.61125 0.0275 0.02
0 0.32125 0.6225 0.0575 0.0475
0 0.37375 0.62375 0.0425 0.0425
0 0.40625 0.61125 0.01875 0.07
0 0.43125 0.60875 0.025 0.0675
0 0.245 0.725 0.02375 0.0175
0 0.2725 0.705 0.02375 0.01875
0 0.48375 0.85 0.04875 0.03625
0 0.3525 0.705 0.02 0.0625
0 0.76625 0.6975 0.01875 0.06125
0 0.2375 0.83375 0.02875 0.06375
0 0.27 0.83125 0.0325 0.05875
0 0.32 0.855 0.05375 0.04
0 0.375 0.8475 0.05125 0.03625
0 0.42875 0.815 0.05 0.03625
0 0.42875 0.84875 0.045 0.02625
0 0.4825 0.81 0.0525 0.03625
0 0.5225 0.82625 0.02375 0.0825
0 0.54875 0.82625 0.0225 0.08375
0 0.57375 0.825 0.02375 0.08625
0 0.60375 0.8275 0.02375 0.07875
0 0.62875 0.82625 0.0225 0.0775
0 0.6525 0.82625 0.02125 0.08
0 0.67625 0.8275 0.02 0.07625
0 0.7025 0.82375 0.0225 0.07625
0 0.72875 0.825 0.02625 0.075
0 0.76375 0.82375 0.025 0.07875
0 0.45625 0.61125 0.0225 0.06625
0 0.74 0.72 0.0275 0.01875
0 0.73875 0.70125 0.0275 0.01875
0 0.74 0.6775 0.02875 0.02375
0 0.7075 0.7175 0.02625 0.025
0 0.3775 0.7025 0.02 0.065
0 0.40125 0.70375 0.02125 0.06375
0 0.4275 0.70125 0.01875 0.06375
0 0.44875 0.70125 0.01875 0.065
0 0.47625 0.685 0.0275 0.0325
0 0.4775 0.71875 0.025 0.03125
0 0.50625 0.68625 0.025 0.02875
0 0.505 0.7175 0.025 0.0325
0 0.5325 0.71875 0.025 0.0325
0 0.2725 0.72375 0.02375 0.015
0 0.56125 0.71875 0.025 0.0325
0 0.615 0.71625 0.025 0.0325
0 0.53375 0.68625 0.025 0.0275
0 0.56125 0.685 0.025 0.0275
0 0.5875 0.685 0.025 0.0275
0 0.61625 0.68375 0.025 0.0275
0 0.64375 0.7 0.02625 0.02
0 0.67 0.7 0.02625 0.02
0 0.64375 0.72125 0.02625 0.02
0 0.67125 0.72125 0.02625 0.02
0 0.5875 0.7175 0.025 0.0325
0 0.48125 0.61125 0.02375 0.065
0 0.32875 0.70375 0.02375 0.06875
0 0.5325 0.6075 0.02625 0.0675
0 0.31 0.435 0.03 0.03125
0 0.3425 0.4325 0.03125 0.03375
0 0.40625 0.43375 0.02875 0.02875
0 0.43625 0.435 0.02875 0.03125
0 0.4675 0.4025 0.02875 0.0275
0 0.46875 0.43375 0.0275 0.02875
0 0.49875 0.4025 0.03 0.03
0 0.255 0.41125 0.01375 0.04875
0 0.5 0.43375 0.0275 0.0275
0 0.55125 0.41375 0.02 0.065
0 0.52625 0.43375 0.0225 0.03125
0 0.585 0.41875 0.0225 0.055
0 0.615 0.43125 0.03 0.03375
0 0.64375 0.41875 0.02375 0.05625
0 0.6675 0.4175 0.02 0.05375
0 0.69125 0.415 0.02125 0.06125
0 0.52875 0.39875 0.0225 0.03375
0 0.71375 0.41375 0.0175 0.06375
0 0.23875 0.4175 0.01375 0.0325
0 0.6525 0.26875 0.0275 0.0325
0 0.23875 0.5375 0.02875 0.0175
0 0.27 0.53625 0.0275 0.01625
0 0.37 0.53625 0.02875 0.02875
0 0.4 0.535 0.02625 0.03
0 0.43 0.535 0.0275 0.0275
0 0.45875 0.5075 0.02875 0.025
0 0.49 0.5075 0.02875 0.02625
0 0.65125 0.3025 0.02625 0.02875
0 0.5075 0.61 0.02125 0.065
0 0.42125 0.30125 0.03125 0.02625
0 0.47375 0.30375 0.03 0.02375
0 0.5 0.2875 0.01375 0.05375
0 0.5175 0.2875 0.01625 0.0525
0 0.5375 0.2875 0.01875 0.05625
0 0.62 0.27 0.02875 0.035
0 0.62125 0.305 0.03 0.03
0 0.4225 0.2675 0.02625 0.04
0 0.7725 0.39875 0.01625 0.02875
0 0.27375 0.4125 0.0175 0.04625
0 0.2375 0.5125 0.0275 0.0275
0 0.68875 0.535 0.0275 0.02625
0 0.76 0.50375 0.03 0.0275
0 0.75625 0.53375 0.03 0.02625
0 0.76875 0.58375 0.025 0.02375
0 0.76875 0.6075 0.025 0.01875
0 0.7675 0.62875 0.025 0.02
0 0.74 0.625 0.02625 0.02625
0 0.69125 0.505 0.02875 0.03
0 0.55875 0.6075 0.02125 0.07
0 0.77375 0.43 0.015 0.0275
0 0.7075 0.625 0.02875 0.02375
0 0.585 0.6 0.02625 0.0275
0 0.615 0.58875 0.02375 0.02625
0 0.61875 0.6275 0.02625 0.02625
0 0.645 0.62625 0.02375 0.02875
0 0.67375 0.62875 0.02625 0.0225
0 0.58625 0.62875 0.0275 0.02625
0 0.66125 0.5175 0.02125 0.0625
0 0.72 0.53125 0.0275 0.02625
0 0.52 0.535 0.02625 0.0275
0 0.61 0.535 0.0275 0.0275
0 0.61 0.505 0.0275 0.0275
0 0.46125 0.535 0.0275 0.0275
0 0.49 0.53625 0.02625 0.02625
0 0.57875 0.535 0.0275 0.02875
0 0.58 0.50625 0.0275 0.0275
0 0.55 0.535 0.0275 0.0275
0 0.54875 0.505 0.0275 0.0275
0 0.52 0.50625 0.02625 0.0275
0 0.6375 0.5175 0.02125 0.05625
0 0.26625 0.51 0.025 0.02875