0 0.72125 0.71625 0.0275 0.0325
0 0.6975 0.7325 0.01375 0.03
0 0.75375 0.70875 0.02125 0.0325
0 0.66125 0.79625 0.045 0.02875
0 0.70625 0.77375 0.03 0.05
0 0.65875 0.7575 0.03375 0.025
0 0.65625 0.83625 0.035 0.0325
0 0.61625 0.76375 0.0325 0.02875
0 0.61625 0.80125 0.0375 0.0325
0 0.6125 0.83625 0.035 0.02375
0 0.57125 0.84 0.04 0.03
0 0.5725 0.79875 0.04375 0.03125
0 0.75375 0.76 0.03 0.06
0 0.6625 0.72125 0.03625 0.0325
0 0.405 0.61125 0.04125 0.0325
0 0.53125 0.72625 0.0375 0.0325
0 0.5775 0.72625 0.04125 0.03875
0 0.40375 0.52875 0.04375 0.03375
0 0.40375 0.56875 0.0425 0.0325
0 0.44875 0.5275 0.03875 0.03625
0 0.44875 0.5675 0.03875 0.0325
0 0.57625 0.76625 0.03625 0.02875
0 0.45125 0.60625 0.0425 0.0375
0 0.40125 0.65125 0.04125 0.0325
0 0.44625 0.65 0.04375 0.03375
0 0.49125 0.68625 0.03875 0.0375
0 0.53625 0.685 0.0425 0.0325
0 0.58 0.6875 0.0375 0.035
0 0.49 0.725 0.03875 0.03375
0 0.5325 0.7625 0.0375 0.0275
0 0.35625 0.73625 0.03875 0.03375
0 0.4475 0.6925 0.04125 0.03
0 0.355 0.48375 0.03875 0.03625
0 0.4025 0.485 0.045 0.03625
0 0.45 0.48375 0.03625 0.03625
0 0.4925 0.4825 0.0425 0.03625
0 0.53875 0.48375 0.03625 0.0375
0 0.30625 0.52875 0.05125 0.035
0 0.35375 0.52625 0.03625 0.03875
0 0.31 0.57125 0.04625 0.0325
0 0.35625 0.5675 0.0375 0.03625
0 0.3125 0.61125 0.04625 0.0325
0 0.355 0.61 0.03625 0.0325
0 0.31 0.65375 0.04125 0.03375
0 0.35875 0.64875 0.04125 0.0375
0 0.31125 0.7 0.04375 0.035
0 0.49 0.7625 0.0425 0.0275
0 0.35875 0.695 0.04125 0.0375
0 0.6175 0.685 0.03625 0.03375
0 0.30625 0.7775 0.0475 0.0325
0 0.3525 0.775 0.04 0.035
0 0.30625 0.8175 0.0375 0.035
0 0.3525 0.81625 0.03875 0.03875
0 0.30375 0.8575 0.0525 0.03
0 0.35 0.8575 0.03125 0.0325
0 0.39375 0.85375 0.03875 0.03625
0 0.39625 0.8175 0.04 0.03375
0 0.4 0.7725 0.03625 0.03125
0 0.445 0.76625 0.03875 0.03
0 0.40375 0.73125 0.03875 0.03
0 0.4475 0.73 0.04 0.0325
0 0.40625 0.69125 0.03875 0.02875
0 0.30875 0.73875 0.04125 0.03375
0 0.62 0.7275 0.0375 0.035
0 0.62375 0.6025 0.03625 0.03875
0 0.49375 0.64625 0.04 0.03125
0 0.40625 0.4025 0.04125 0.03375
0 0.45 0.40125 0.0375 0.035
0 0.31 0.44125 0.045 0.0375
0 0.35875 0.44125 0.04125 0.035
0 0.405 0.44375 0.0425 0.03625
0 0.44875 0.44375 0.03875 0.0325
0 0.35625 0.3975 0.0425 0.03375
0 0.56125 0.20375 0.08375 0.02875
0 0.57875 0.26 0.10875 0.01875
0 0.5625 0.29 0.0375 0.03
0 0.6 0.28875 0.03625 0.02875
0 0.64 0.2875 0.03 0.03125
0 0.6 0.32375 0.11375 0.0325
0 0.57625 0.3625 0.075 0.03
0 0.57 0.2325 0.09875 0.0275
0 0.67375 0.365 0.04 0.0375
0 0.31 0.395 0.045 0.0375
0 0.4525 0.35625 0.04375 0.03625
0 0.50375 0.325 0.03125 0.02
0 0.47 0.32375 0.03125 0.01625
0 0.43375 0.32375 0.03125 0.02125
0 0.4675 0.295 0.1 0.02625
0 0.46875 0.26125 0.09625 0.03375
0 0.46375 0.23125 0.09625 0.02
0 0.4975 0.35625 0.035 0.03375
0 0.4625 0.1975 0.1 0.03625
0 0.3575 0.28625 0.1075 0.02875
0 0.35625 0.2575 0.1125 0.02875
0 0.3575 0.22625 0.10875 0.0225
0 0.30875 0.35375 0.04375 0.0375
0 0.35625 0.35625 0.04 0.03875
0 0.405 0.3575 0.04375 0.035
0 0.35875 0.3175 0.10875 0.025
0 0.66875 0.40625 0.035 0.03375
0 0.54125 0.4025 0.0425 0.03625
0 0.59625 0.40125 0.035 0.02875
0 0.6675 0.56625 0.04125 0.03125
0 0.6625 0.605 0.02875 0.04
0 0.665 0.64625 0.0375 0.02875
0 0.62125 0.6425 0.04 0.03625
0 0.58125 0.645 0.0375 0.03875
0 0.58 0.605 0.035 0.03125
0 0.66625 0.525 0.04125 0.03
0 0.5825 0.565 0.0375 0.035
0 0.53625 0.525 0.03875 0.03625
0 0.49125 0.52375 0.04 0.03
0 0.495 0.5625 0.04 0.0275
0 0.49375 0.60375 0.04 0.03875
0 0.5375 0.60625 0.03375 0.03375
0 0.5375 0.645 0.0375 0.035
0 0.5375 0.56375 0.03625 0.03125
0 0.585 0.47375 0.05 0.03
0 0.59 0.50875 0.05125 0.0325
0 0.665 0.48875 0.045 0.03375
0 0.35875 0.195 0.105 0.035
0 0.495 0.4425 0.04 0.0375
0 0.53875 0.44375 0.03875 0.0375
0 0.705 0.69375 0.03375 0.01125
0 0.7475 0.6575 0.035 0.045
0 0.70875 0.66 0.0325 0.0475
0 0.7575 0.61125 0.0375 0.03875
0 0.7125 0.615 0.03875 0.0325
0 0.715 0.585 0.0375 0.0175
0 0.71625 0.475 0.015 0.04
0 0.7 0.47625 0.01125 0.03875
0 0.7725 0.53625 0.025 0.0525
0 0.7375 0.54 0.02875 0.0575
0 0.705 0.53875 0.03 0.06125
0 0.665 0.44375 0.04375 0.03
0 0.66375 0.6825 0.03875 0.03
0 0.49625 0.40125 0.04 0.03125
0 0.59375 0.43875 0.03375 0.02875
0 0.30625 0.4825 0.04375 0.03125