0 0.5375 0.67125 0.0125 0.04875
0 0.6325 0.6725 0.01125 0.0475
0 0.61875 0.67375 0.0125 0.05125
0 0.6025 0.6725 0.00875 0.04625
0 0.5875 0.67125 0.01375 0.04875
0 0.57 0.6725 0.01375 0.05
0 0.5525 0.67125 0.01125 0.045
0 0.52125 0.67125 0.01375 0.04875
0 0.61375 0.3125 0.0175 0.06625
0 0.45 0.67 0.0125 0.04625
0 0.50375 0.36125 0.06125 0.0175
0 0.50375 0.38125 0.06 0.0175
0 0.54625 0.38 0.01875 0.06125
0 0.565 0.38 0.01625 0.06125
0 0.585 0.37875 0.0175 0.06
0 0.61375 0.37875 0.0175 0.0625
0 0.635 0.38 0.01875 0.0625
0 0.655 0.38 0.015 0.065
0 0.67625 0.38 0.0175 0.06375
0 0.69625 0.38 0.0175 0.06125
0 0.71625 0.37875 0.02 0.06125
0 0.22625 0.4425 0.01375 0.06
0 0.245 0.44375 0.01625 0.06125
0 0.26375 0.44375 0.015 0.06
0 0.285 0.445 0.015 0.06125
0 0.32875 0.445 0.0175 0.06
0 0.35625 0.44375 0.01875 0.0575
0 0.435 0.67125 0.0125 0.04875
0 0.41875 0.67125 0.01375 0.04875
0 0.4025 0.67125 0.01625 0.04875
0 0.38625 0.6725 0.0125 0.04625
0 0.37 0.6725 0.0125 0.0475
0 0.35375 0.6725 0.0125 0.0475
0 0.4675 0.67 0.01625 0.0475
0 0.33875 0.6725 0.01125 0.0475
0 0.30375 0.6725 0.0175 0.045
0 0.2875 0.67125 0.01125 0.04625
0 0.2725 0.6725 0.0125 0.04625
0 0.2575 0.6725 0.0125 0.0475
0 0.71875 0.59625 0.01625 0.05
0 0.3775 0.445 0.01625 0.06
0 0.32125 0.67125 0.015 0.045
0 0.30625 0.44375 0.0175 0.06125
0 0.41625 0.445 0.015 0.05875
0 0.67 0.6725 0.0125 0.0475
0 0.6275 0.7475 0.01375 0.05375
0 0.64375 0.7475 0.01375 0.05625
0 0.66125 0.74875 0.01375 0.05625
0 0.67625 0.74875 0.0125 0.055
0 0.6925 0.75 0.01375 0.0575
0 0.70875 0.75 0.01375 0.0575
0 0.27625 0.81375 0.015 0.045
0 0.2925 0.81375 0.01375 0.0475
0 0.58375 0.4425 0.02 0.06125
0 0.61125 0.4425 0.0175 0.05875
0 0.63125 0.44625 0.0175 0.06125
0 0.6525 0.44375 0.0175 0.06
0 0.67375 0.44375 0.01625 0.06
0 0.61125 0.74625 0.015 0.05375
0 0.69375 0.44375 0.0175 0.05875
0 0.5 0.58375 0.01375 0.065
0 0.51625 0.58375 0.0125 0.06625
0 0.53125 0.58375 0.01125 0.06625
0 0.54625 0.58375 0.01375 0.065
0 0.56375 0.5925 0.01375 0.06375
0 0.58 0.5925 0.0125 0.06375
0 0.59375 0.59125 0.0125 0.06
0 0.60875 0.59125 0.01125 0.0625
0 0.62375 0.59125 0.0125 0.065
0 0.6375 0.59125 0.01 0.06375
0 0.6675 0.6 0.01375 0.055
0 0.68375 0.59625 0.01375 0.05125
0 0.70125 0.59625 0.0125 0.05125
0 0.715 0.44125 0.02 0.0625
0 0.5925 0.74625 0.015 0.05375
0 0.57625 0.7475 0.0125 0.05125
0 0.5625 0.7475 0.0125 0.05125
0 0.6875 0.67375 0.0125 0.05
0 0.70375 0.6725 0.0125 0.05125
0 0.265 0.745 0.015 0.04625
0 0.28375 0.74375 0.01625 0.0475
0 0.30125 0.74375 0.01375 0.04625
0 0.31625 0.745 0.01375 0.05
0 0.3325 0.74375 0.01375 0.05
0 0.3475 0.74625 0.01125 0.05125
0 0.3625 0.745 0.01625 0.05125
0 0.38 0.74625 0.01625 0.05125
0 0.395 0.74875 0.0125 0.05625
0 0.395 0.44375 0.01875 0.06125
0 0.455 0.38 0.02 0.0625
0 0.435 0.44375 0.01875 0.05875
0 0.45625 0.44375 0.01875 0.05875
0 0.48375 0.4425 0.0175 0.06375
0 0.50375 0.44375 0.0175 0.06125
0 0.52375 0.4425 0.01875 0.0625
0 0.54375 0.4425 0.01625 0.06
0 0.41 0.74875 0.0125 0.05625
0 0.425 0.74875 0.015 0.05625
0 0.4425 0.75 0.01125 0.055
0 0.45625 0.74875 0.0125 0.05625
0 0.47125 0.74875 0.015 0.055
0 0.4975 0.74625 0.015 0.05
0 0.5125 0.745 0.01 0.04875
0 0.5625 0.44375 0.01625 0.06375
0 0.52875 0.74625 0.015 0.05
0 0.54625 0.74625 0.015 0.05375
0 0.65375 0.67375 0.01375 0.04625
0 0.43375 0.38 0.015 0.0625
0 0.435 0.81875 0.0125 0.05125
0 0.54625 0.81375 0.01125 0.04625
0 0.5225 0.315 0.015 0.0625
0 0.50375 0.3175 0.015 0.06375
0 0.485 0.31625 0.0175 0.06625
0 0.43375 0.31375 0.0175 0.065
0 0.415 0.315 0.01625 0.065
0 0.395 0.315 0.01875 0.065
0 0.37375 0.315 0.0175 0.06375
0 0.3525 0.315 0.02 0.065
0 0.25625 0.31625 0.01875 0.06
0 0.23375 0.315 0.01875 0.0625
0 0.6725 0.81875 0.01625 0.0475
0 0.65625 0.81875 0.0125 0.04875
0 0.64125 0.81875 0.01375 0.0475
0 0.625 0.8175 0.01125 0.04625
0 0.545 0.31375 0.02 0.065
0 0.61125 0.8175 0.0125 0.04625
0 0.5775 0.815 0.01625 0.045
0 0.56125 0.815 0.0125 0.04375
0 0.53125 0.815 0.01125 0.0475
0 0.51625 0.815 0.0125 0.0475
0 0.5 0.815 0.015 0.0475
0 0.45125 0.8175 0.015 0.05375
0 0.42 0.8175 0.01375 0.05375
0 0.40375 0.8175 0.015 0.0525
0 0.38875 0.81625 0.0125 0.05125
0 0.3725 0.81625 0.015 0.05125
0 0.35625 0.815 0.0125 0.0475
0 0.33875 0.81625 0.01125 0.05
0 0.3225 0.815 0.015 0.05125
0 0.3075 0.815 0.01125 0.04875
0 0.595 0.815 0.01375 0.0475
0 0.56375 0.31375 0.015 0.0675
0 0.455 0.31375 0.01875 0.06625
0 0.37375 0.38125 0.01625 0.06
0 0.41625 0.38125 0.0175 0.0625
0 0.395 0.38 0.02125 0.06
0 0.35375 0.38125 0.0175 0.0625
0 0.32375 0.38 0.02375 0.06125
0 0.3 0.37875 0.0175 0.065
0 0.26 0.38 0.02 0.0625
0 0.24125 0.38 0.015 0.06
0 0.28125 0.38 0.01625 0.065
0 0.7175 0.31125 0.01875 0.06625
0 0.69625 0.31125 0.015 0.06625
0 0.67625 0.31125 0.01875 0.06875
0 0.65625 0.3125 0.0175 0.0675
0 0.635 0.3125 0.01875 0.06875
0 0.225 0.38125 0.0125 0.0575
0 0.58375 0.3125 0.0175 0.06375