0 0.575 0.3425 0.0225 0.00875
0 0.58 0.35875 0.02125 0.01625
0 0.725 0.87375 0.01625 0.01375
0 0.72375 0.8575 0.01625 0.01375
0 0.70375 0.8825 0.0175 0.01875
0 0.3325 0.71125 0.03 0.0125
0 0.7575 0.64875 0.045 0.0125
0 0.75 0.62625 0.035 0.03
0 0.6375 0.55875 0.02125 0.0625
0 0.66875 0.86125 0.01875 0.06375
0 0.50625 0.565 0.04375 0.01125
0 0.5125 0.545 0.0425 0.015
0 0.4575 0.55375 0.04875 0.02625
0 0.41125 0.5475 0.04125 0.0275
0 0.35875 0.545 0.0375 0.03
0 0.30875 0.55 0.045 0.02
0 0.2575 0.55375 0.04375 0.0225
0 0.30875 0.53125 0.04875 0.015
0 0.2575 0.53 0.04625 0.01625
0 0.275 0.47625 0.02125 0.055
0 0.32625 0.47875 0.05375 0.0525
0 0.70875 0.63125 0.0425 0.01625
0 0.36375 0.46875 0.01125 0.0725
0 0.40875 0.47375 0.015 0.06125
0 0.42625 0.47375 0.015 0.06375
0 0.4675 0.465 0.0625 0.08125
0 0.565 0.46875 0.0225 0.07125
0 0.65 0.465 0.02625 0.0525
0 0.6875 0.4675 0.04125 0.05125
0 0.74625 0.39125 0.035 0.0525
0 0.70625 0.3925 0.03625 0.05375
0 0.6625 0.395 0.0375 0.04375
0 0.6675 0.55125 0.03125 0.0775
0 0.7 0.55125 0.03 0.075
0 0.73125 0.5625 0.02375 0.0575
0 0.765 0.55 0.03125 0.07625
0 0.38375 0.47 0.0225 0.06625
0 0.6375 0.835 0.03625 0.015
0 0.27375 0.705 0.0275 0.025
0 0.6025 0.86375 0.0325 0.05625
0 0.41125 0.7125 0.03 0.035
0 0.43375 0.71 0.01 0.0375
0 0.46625 0.71625 0.03125 0.02625
0 0.50125 0.71 0.02875 0.0425
0 0.535 0.7075 0.02875 0.0425
0 0.745 0.685 0.0425 0.0275
0 0.74125 0.71625 0.0375 0.0275
0 0.325 0.35625 0.02375 0.0775
0 0.29875 0.35 0.0225 0.0875
0 0.27625 0.34875 0.02 0.0875
0 0.35125 0.35625 0.02625 0.07375
0 0.26 0.3575 0.01 0.065
0 0.24125 0.2025 0.04125 0.0875
0 0.62 0.2925 0.02875 0.06375
0 0.6525 0.3075 0.02875 0.03625
0 0.68375 0.29375 0.02875 0.06125
0 0.71625 0.295 0.03 0.06125
0 0.74375 0.29625 0.025 0.06
0 0.76875 0.29375 0.02375 0.0625
0 0.7325 0.195 0.04125 0.06375
0 0.68875 0.195 0.04125 0.06375
0 0.65 0.185 0.03125 0.08375
0 0.23 0.3575 0.0225 0.07
0 0.3775 0.36875 0.0175 0.05125
0 0.395 0.37 0.01625 0.0475
0 0.41375 0.375 0.01625 0.04
0 0.24375 0.6975 0.0225 0.0175
0 0.235 0.68125 0.02875 0.0125
0 0.2375 0.72125 0.03125 0.01125
0 0.26375 0.62875 0.0375 0.0275
0 0.2275 0.63875 0.0175 0.03125
0 0.22875 0.5975 0.01875 0.02125
0 0.2625 0.59375 0.03875 0.0175
0 0.305 0.62125 0.035 0.025
0 0.315 0.60125 0.0375 0.0075
0 0.34375 0.62375 0.035 0.02
0 0.33375 0.64625 0.02875 0.01125
0 0.3075 0.68625 0.0275 0.0225
0 0.33625 0.68625 0.02125 0.02625
0 0.36375 0.69875 0.0275 0.03375
0 0.39375 0.68625 0.02875 0.01375
0 0.6225 0.395 0.0375 0.04625
0 0.58375 0.3875 0.0225 0.0175
0 0.55 0.3825 0.0275 0.02
0 0.51375 0.36375 0.035 0.0575
0 0.64 0.88125 0.03625 0.02875
0 0.45125 0.36125 0.0225 0.06625
0 0.445 0.32 0.02375 0.01375
0 0.43125 0.375 0.01625 0.04
0 0.60875 0.225 0.02625 0.01875
0 0.5725 0.21625 0.04125 0.07375
0 0.48 0.3625 0.02125 0.0675
0 0.48 0.20875 0.05 0.08625
0 0.3325 0.88875 0.0175 0.01875
0 0.3575 0.86375 0.02375 0.0525
0 0.3875 0.8775 0.03125 0.03375
0 0.38125 0.62125 0.03375 0.0175
0 0.38125 0.645 0.0375 0.01
0 0.4225 0.64 0.0375 0.01375
0 0.42125 0.61875 0.03375 0.01125
0 0.415 0.59875 0.0375 0.02125
0 0.4625 0.63625 0.0375 0.0275
0 0.46125 0.605 0.03625 0.02875
0 0.31625 0.86375 0.0125 0.02125
0 0.5075 0.64 0.045 0.02
0 0.65125 0.63625 0.0425 0.02625
0 0.70875 0.64625 0.0425 0.00875
0 0.425 0.87 0.0375 0.05
0 0.46 0.875 0.02375 0.03875
0 0.4975 0.85625 0.0175 0.05
0 0.51625 0.85625 0.0175 0.05
0 0.54 0.86125 0.02125 0.06125
0 0.56 0.87 0.01375 0.04375
0 0.57625 0.8575 0.0125 0.0525
0 0.52875 0.2175 0.0375 0.07
0 0.505 0.6175 0.045 0.0175
0 0.28375 0.88125 0.01875 0.01875
0 0.54625 0.625 0.02625 0.0475
0 0.2875 0.77875 0.03625 0.05
0 0.4025 0.2025 0.08375 0.1
0 0.25 0.865 0.045 0.05625
0 0.3475 0.205 0.0175 0.08875
0 0.32875 0.2075 0.01625 0.08625
0 0.29 0.23875 0.0525 0.01875
0 0.69375 0.6825 0.04 0.02375
0 0.65875 0.71875 0.03875 0.03
0 0.59375 0.63 0.05875 0.23625
0 0.60625 0.465 0.05 0.0825
0 0.76375 0.785 0.03 0.04125
0 0.715 0.77125 0.025 0.04
0 0.7 0.71375 0.0375 0.02875
0 0.68125 0.76625 0.025 0.03375
0 0.58125 0.79 0.02625 0.03625
0 0.55125 0.78875 0.025 0.0325
0 0.51625 0.7775 0.02625 0.0375
0 0.435 0.79 0.0275 0.03125
0 0.405 0.79125 0.02875 0.03125
0 0.375 0.785 0.0275 0.025
0 0.33125 0.77875 0.0325 0.05
0 0.68375 0.79875 0.02625 0.02375
0 0.25125 0.78625 0.0175 0.04375
0 0.23 0.80125 0.0225 0.015