0 0.7275 0.585 0.02875 0.08
0 0.76 0.585 0.02625 0.085
0 0.2575 0.63125 0.04375 0.02625
0 0.3075 0.62625 0.04125 0.03625
0 0.34375 0.625 0.01875 0.0375
0 0.37 0.61875 0.02625 0.05625
0 0.39875 0.61875 0.025 0.05875
0 0.58375 0.55 0.01875 0.04875
0 0.43625 0.8525 0.035 0.03375
0 0.39125 0.85625 0.03875 0.0325
0 0.34 0.88125 0.0475 0.0075
0 0.3375 0.86875 0.05 0.01
0 0.295 0.85625 0.02125 0.01625
0 0.295 0.8325 0.0325 0.025
0 0.3425 0.84375 0.0475 0.035
0 0.69625 0.54875 0.02875 0.05875
0 0.47375 0.87375 0.0375 0.0075
0 0.66375 0.56 0.025 0.02
0 0.66375 0.535 0.02625 0.025
0 0.60625 0.53875 0.0225 0.065
0 0.67875 0.88125 0.045 0.0425
0 0.6275 0.87875 0.0475 0.04125
0 0.625 0.83875 0.04375 0.02125
0 0.635 0.53375 0.02625 0.0225
0 0.69 0.28 0.01875 0.05375
0 0.635 0.56 0.0275 0.02
0 0.715 0.27875 0.0225 0.05
0 0.7675 0.2675 0.025 0.07375
0 0.2625 0.3775 0.04125 0.03875
0 0.31375 0.3775 0.04625 0.035
0 0.36 0.3675 0.0225 0.05
0 0.3925 0.36 0.02125 0.07
0 0.5 0.56 0.02375 0.0225
0 0.74125 0.27125 0.0225 0.0675
0 0.475 0.8875 0.04 0.0125
0 0.47375 0.5575 0.02375 0.01875
0 0.51 0.51625 0.02625 0.02125
0 0.39625 0.28375 0.02375 0.0475
0 0.3725 0.265 0.01625 0.01375
0 0.3675 0.29125 0.025 0.0275
0 0.335 0.2825 0.03125 0.04625
0 0.27375 0.29125 0.05625 0.0325
0 0.7 0.36875 0.03125 0.0525
0 0.66875 0.3875 0.02625 0.0125
0 0.66875 0.36875 0.02375 0.01875
0 0.64 0.3875 0.02625 0.01125
0 0.6425 0.37 0.025 0.02
0 0.42625 0.2925 0.0325 0.0275
0 0.61375 0.36875 0.02375 0.02
0 0.585 0.3875 0.02375 0.01
0 0.58625 0.36875 0.025 0.02
0 0.55875 0.38875 0.025 0.01375
0 0.56 0.36875 0.025 0.01875
0 0.5225 0.3675 0.035 0.05375
0 0.41875 0.35625 0.025 0.02625
0 0.41875 0.3825 0.025 0.01875
0 0.4525 0.35625 0.02625 0.02625
0 0.45375 0.3825 0.025 0.02
0 0.48625 0.3675 0.035 0.05125
0 0.61125 0.38625 0.02375 0.0125
0 0.475 0.2775 0.0225 0.02
0 0.475 0.29875 0.02125 0.0175
0 0.5 0.2975 0.025 0.02
0 0.53 0.55875 0.02625 0.02375
0 0.5575 0.55875 0.02625 0.0225
0 0.37875 0.445 0.02625 0.02375
0 0.34875 0.47 0.0275 0.01875
0 0.35 0.445 0.02625 0.02625
0 0.315 0.47 0.0275 0.02
0 0.3125 0.44375 0.03 0.025
0 0.27625 0.46 0.02875 0.04
0 0.2325 0.4725 0.0275 0.02125
0 0.2375 0.4425 0.03 0.03125
0 0.57 0.475 0.01875 0.0175
0 0.61375 0.45625 0.01375 0.05125
0 0.69625 0.47125 0.0275 0.0275
0 0.66875 0.47 0.02625 0.025
0 0.6375 0.46875 0.02625 0.02625
0 0.6975 0.4375 0.02875 0.0325
0 0.66875 0.43875 0.02625 0.03375
0 0.6375 0.4375 0.0275 0.03375
0 0.7525 0.3975 0.03125 0.0475
0 0.5625 0.28625 0.0225 0.0425
0 0.54125 0.27875 0.01375 0.06125
0 0.52375 0.2775 0.0175 0.06375
0 0.50375 0.26875 0.0175 0.02625
0 0.67875 0.78625 0.025 0.05
0 0.64 0.7925 0.01875 0.035
0 0.47875 0.8525 0.04625 0.03
0 0.43125 0.6175 0.02375 0.06
0 0.72125 0.67625 0.025 0.07625
0 0.3775 0.47 0.02625 0.01875
0 0.40875 0.44625 0.02625 0.025
0 0.4075 0.47125 0.02625 0.0175
0 0.435 0.4575 0.02 0.04375
0 0.46 0.44125 0.02125 0.025
0 0.46 0.47 0.0225 0.02125
0 0.48125 0.4525 0.0175 0.05625
0 0.75 0.6775 0.0275 0.075
0 0.50375 0.445 0.025 0.0275
0 0.53375 0.45625 0.01875 0.04875
0 0.73125 0.51 0.025 0.01625
0 0.6475 0.27375 0.01375 0.065
0 0.63 0.2775 0.01625 0.06
0 0.6075 0.25 0.01625 0.02375
0 0.60375 0.28625 0.02 0.04375
0 0.58375 0.28125 0.01375 0.05125
0 0.76375 0.4975 0.0325 0.04375
0 0.50625 0.47125 0.0275 0.02
0 0.62 0.78375 0.01625 0.0525
0 0.71125 0.7875 0.02875 0.03125
0 0.74 0.7625 0.01375 0.055
0 0.49125 0.70625 0.01625 0.045
0 0.50875 0.71125 0.015 0.04
0 0.53 0.7125 0.0175 0.0425
0 0.55125 0.71125 0.0175 0.045
0 0.56875 0.71 0.015 0.05
0 0.59125 0.68875 0.02 0.0225
0 0.59375 0.72125 0.02375 0.02125
0 0.6275 0.705 0.02625 0.0225
0 0.625 0.7275 0.02875 0.01375
0 0.3875 0.705 0.02125 0.0525
0 0.365 0.7 0.01625 0.0625
0 0.34375 0.7 0.02 0.06375
0 0.3125 0.6775 0.03625 0.01375
0 0.65375 0.725 0.025 0.0175
0 0.685 0.7025 0.02625 0.02
0 0.29625 0.70875 0.045 0.0275
0 0.7175 0.755 0.02375 0.01125
0 0.7175 0.7375 0.025 0.01625
0 0.7625 0.76 0.02 0.04375
0 0.2325 0.5325 0.0275 0.06875
0 0.27125 0.54875 0.04625 0.0375
0 0.29375 0.515 0.02625 0.0225
0 0.3175 0.53375 0.01625 0.0575
0 0.6 0.78375 0.0225 0.04625
0 0.695 0.6275 0.0175 0.03375
0 0.6625 0.6225 0.02625 0.05875
0 0.63375 0.63625 0.025 0.02125
0 0.60625 0.63875 0.025 0.02375
0 0.4325 0.53125 0.01875 0.025
0 0.40625 0.55875 0.02375 0.0225
0 0.4325 0.55875 0.01875 0.02375
0 0.45 0.5475 0.01375 0.0475
0 0.58 0.6375 0.0225 0.02125
0 0.4775 0.5275 0.02375 0.025
0 0.555 0.6375 0.02125 0.0175
0 0.555 0.615 0.02375 0.02375
0 0.52875 0.6375 0.02375 0.02
0 0.53 0.61375 0.0225 0.0225
0 0.50375 0.63625 0.025 0.0175
0 0.4775 0.625 0.02125 0.04
0 0.50375 0.61375 0.025 0.02375
0 0.455 0.61875 0.02 0.05875
0 0.57 0.78 0.0275 0.05375
0 0.46625 0.70375 0.0175 0.05
0 0.5425 0.7875 0.01625 0.0325
0 0.495 0.795 0.02125 0.01625
0 0.33875 0.53625 0.02125 0.0575
0 0.3625 0.54375 0.02125 0.04375
0 0.40875 0.53 0.025 0.025
0 0.69 0.725 0.025 0.01875
0 0.2875 0.78125 0.025 0.04125
0 0.3125 0.77375 0.0175 0.05125
0 0.3325 0.7775 0.0175 0.05125
0 0.355 0.77375 0.01875 0.0475
0 0.52 0.77875 0.02625 0.05125
0 0.425 0.71625 0.0475 0.0275
0 0.39125 0.77625 0.02625 0.05
0 0.435 0.76375 0.04 0.02125
0 0.43375 0.7875 0.0425 0.0175
0 0.47 0.78 0.02125 0.05
0 0.495 0.7725 0.0225 0.02125