0 0.39125 0.23375 0.05875 0.02875
0 0.33875 0.26375 0.0375 0.0225
0 0.33875 0.23125 0.03875 0.03625
0 0.44625 0.785 0.03125 0.0525
0 0.3925 0.2675 0.06125 0.03125
0 0.4775 0.7925 0.02875 0.035
0 0.54375 0.785 0.03 0.0425
0 0.5725 0.78 0.02375 0.0475
0 0.6 0.78125 0.0225 0.04875
0 0.625 0.78625 0.02375 0.04125
0 0.65 0.78875 0.0225 0.035
0 0.685 0.7875 0.04375 0.0375
0 0.245 0.8575 0.03125 0.07875
0 0.27875 0.8725 0.03 0.05125
0 0.30875 0.8675 0.02625 0.0675
0 0.335 0.865 0.0225 0.06375
0 0.51 0.78375 0.0325 0.05125
0 0.44875 0.22125 0.04625 0.015
0 0.27375 0.555 0.03125 0.06125
0 0.4475 0.2625 0.04625 0.04125
0 0.5925 0.70875 0.02625 0.05
0 0.63375 0.72 0.05125 0.03125
0 0.685 0.72125 0.05 0.04
0 0.275 0.7825 0.045 0.04625
0 0.32375 0.7875 0.045 0.04125
0 0.3575 0.78625 0.02 0.04875
0 0.38125 0.78 0.02375 0.03625
0 0.4475 0.235 0.05 0.01
0 0.38125 0.80625 0.0225 0.01125
0 0.59375 0.225 0.0525 0.01125
0 0.55125 0.26125 0.05125 0.0425
0 0.49875 0.26125 0.04875 0.04125
0 0.505 0.23375 0.04625 0.01
0 0.50625 0.2225 0.05 0.00875
0 0.505 0.21 0.0475 0.01375
0 0.365 0.8625 0.035 0.0625
0 0.40875 0.78625 0.03 0.0525
0 0.39375 0.8525 0.01625 0.0475
0 0.49125 0.8675 0.02875 0.05
0 0.45 0.86125 0.0175 0.0625
0 0.75 0.5425 0.0625 0.03125
0 0.74875 0.50625 0.0625 0.03875
0 0.75375 0.4675 0.05375 0.035
0 0.74 0.64125 0.0575 0.0625
0 0.745 0.73125 0.0675 0.08125
0 0.72625 0.84375 0.07125 0.085
0 0.66625 0.8725 0.04375 0.00875
0 0.66125 0.85375 0.0375 0.00625
0 0.66 0.8425 0.0375 0.01
0 0.66125 0.8625 0.04125 0.00875
0 0.66625 0.8925 0.04375 0.03125
0 0.6275 0.865 0.02375 0.03875
0 0.595 0.87 0.02375 0.04
0 0.5725 0.8725 0.01875 0.04
0 0.55 0.8575 0.02375 0.04
0 0.24125 0.0975 0.01875 0.115
0 0.26375 0.11 0.0175 0.08875
0 0.2925 0.1125 0.035 0.0925
0 0.33625 0.0925 0.045 0.135
0 0.4675 0.8625 0.01625 0.06125
0 0.56625 0.7075 0.0225 0.0525
0 0.52875 0.86125 0.01375 0.06125
0 0.295 0.24875 0.0425 0.06
0 0.25375 0.24375 0.035 0.06875
0 0.74125 0.09 0.025 0.14375
0 0.71375 0.0925 0.025 0.1425
0 0.4225 0.86125 0.02875 0.055
0 0.68375 0.09375 0.025 0.13375
0 0.62 0.09 0.02125 0.14625
0 0.58875 0.08875 0.0275 0.1425
0 0.56125 0.0925 0.02125 0.1475
0 0.53125 0.12375 0.0325 0.07875
0 0.48875 0.09625 0.0375 0.12875
0 0.44125 0.0875 0.0525 0.13875
0 0.3875 0.08875 0.04875 0.14125
0 0.65875 0.09625 0.02125 0.1375
0 0.53625 0.71 0.025 0.05125
0 0.5125 0.86 0.0125 0.06375
0 0.46 0.7225 0.04625 0.02875
0 0.4375 0.3575 0.03125 0.08625
0 0.41125 0.37625 0.02125 0.01625
0 0.4075 0.355 0.01875 0.02
0 0.39 0.37625 0.01625 0.05
0 0.37125 0.37625 0.01875 0.0525
0 0.35125 0.39625 0.01375 0.01
0 0.3525 0.38375 0.01625 0.01
0 0.35125 0.365 0.01625 0.02125
0 0.32625 0.36875 0.03 0.065
0 0.32625 0.31875 0.03 0.03
0 0.295 0.3675 0.03 0.0675
0 0.25875 0.36875 0.035 0.06875
0 0.25875 0.31875 0.045 0.02625
0 0.73625 0.26375 0.03875 0.03375
0 0.69625 0.2625 0.03625 0.035
0 0.5125 0.37875 0.03625 0.05
0 0.6925 0.21875 0.0225 0.0125
0 0.2425 0.5575 0.0275 0.06375
0 0.725 0.2175 0.03625 0.0125
0 0.70125 0.465 0.045 0.05
0 0.6 0.46875 0.0475 0.04125
0 0.5475 0.37875 0.03125 0.05
0 0.585 0.3775 0.0375 0.04875
0 0.625 0.335 0.055 0.0225
0 0.63 0.36 0.04875 0.02375
0 0.635 0.39 0.05625 0.02875
0 0.50375 0.7175 0.0375 0.02875
0 0.69625 0.35625 0.065 0.03125
0 0.69875 0.38625 0.06125 0.0275
0 0.24 0.46375 0.03125 0.04375
0 0.28875 0.46875 0.05875 0.0325
0 0.3625 0.47125 0.04875 0.03625
0 0.41375 0.47125 0.04375 0.03875
0 0.46 0.47125 0.04375 0.03875
0 0.505 0.465 0.04125 0.05125
0 0.55 0.4375 0.04625 0.025
0 0.55125 0.4725 0.04625 0.04
0 0.6025 0.435 0.05125 0.02125
0 0.65 0.46875 0.045 0.03625
0 0.70125 0.23875 0.035 0.0125
0 0.7375 0.2375 0.03625 0.015
0 0.655 0.2375 0.04625 0.01375
0 0.5375 0.55875 0.01625 0.0475
0 0.645 0.5475 0.03 0.0675
0 0.6525 0.2625 0.04875 0.035
0 0.7 0.54 0.0275 0.05875
0 0.6725 0.54625 0.02125 0.0725
0 0.29625 0.64 0.0975 0.03125
0 0.3925 0.6375 0.0825 0.03125
0 0.4625 0.64125 0.0525 0.03875
0 0.52125 0.56 0.01375 0.045
0 0.46625 0.6125 0.055 0.01375
0 0.57125 0.63375 0.04875 0.05125
0 0.62 0.63375 0.0475 0.0525
0 0.67625 0.63375 0.06 0.05625
0 0.25875 0.7125 0.03625 0.04875
0 0.30375 0.72375 0.05125 0.03
0 0.38 0.71375 0.03375 0.04125
0 0.34625 0.7175 0.03 0.04
0 0.4175 0.71 0.03625 0.05
0 0.5175 0.64125 0.05125 0.0425
0 0.61 0.55 0.02875 0.0625
0 0.55625 0.55375 0.01875 0.05625
0 0.505 0.5525 0.015 0.05625
0 0.655 0.2225 0.05 0.01125
0 0.65375 0.20875 0.05125 0.0125
0 0.66875 0.1925 0.0525 0.015
0 0.6025 0.23625 0.0475 0.01
0 0.60125 0.2625 0.04625 0.0375
0 0.58 0.55125 0.02625 0.06
0 0.3125 0.56 0.04 0.04875
0 0.35125 0.5425 0.035 0.03125
0 0.34875 0.58 0.03 0.01
0 0.47375 0.385 0.03625 0.04125
0 0.38375 0.56875 0.035 0.0075
0 0.38625 0.56 0.03125 0.0075
0 0.35 0.56375 0.03125 0.00625
0 0.4875 0.55375 0.0175 0.06
0 0.42125 0.5625 0.035 0.02375
0 0.45875 0.565 0.03375 0.02875
0 0.455 0.5325 0.03 0.0325
0 0.3825 0.57875 0.03375 0.00875
0 0.385 0.54875 0.0325 0.0125