0 0.83875 0.5825 0.07 0.08
0 0.83875 0.485 0.0725 0.08625
0 0.68375 0.49 0.07875 0.08125
0 0.7625 0.48625 0.0725 0.07875
0 0.2675 0.68875 0.065 0.0725
0 0.14125 0.40375 0.02875 0.09125
0 0.1775 0.4025 0.03375 0.085
0 0.25125 0.3975 0.0675 0.09
0 0.32125 0.39625 0.0675 0.09375
0 0.39125 0.39625 0.06875 0.0925
0 0.4525 0.405 0.05 0.0675
0 0.505 0.405 0.0525 0.065
0 0.5525 0.41375 0.03875 0.04625
0 0.59375 0.41375 0.0375 0.04625
0 0.63625 0.395 0.04375 0.07375
0 0.6775 0.39375 0.035 0.0775
0 0.71125 0.39375 0.03125 0.08
0 0.77 0.38875 0.08 0.08375
0 0.84375 0.38875 0.0625 0.0825
0 0.1475 0.3 0.01875 0.08
0 0.17875 0.30125 0.0375 0.08125
0 0.24125 0.29375 0.07 0.09
0 0.3075 0.29125 0.06 0.08875
0 0.37375 0.29125 0.065 0.0875
0 0.43 0.32 0.045 0.03
0 0.48 0.31875 0.0475 0.02625
0 0.43 0.28625 0.04625 0.03375
0 0.47875 0.285 0.04875 0.03625
0 0.525 0.27875 0.0375 0.0425
0 0.6125 0.4925 0.0625 0.07875
0 0.56625 0.2675 0.03875 0.06
0 0.54625 0.4925 0.0625 0.07875
0 0.4375 0.49625 0.0525 0.08125
0 0.49 0.5925 0.0475 0.07125
0 0.44 0.59375 0.05125 0.0725
0 0.3825 0.5925 0.06 0.08
0 0.3225 0.5925 0.05625 0.08
0 0.26 0.595 0.06125 0.0775
0 0.21375 0.595 0.0225 0.075
0 0.19125 0.595 0.02 0.075
0 0.16875 0.5975 0.025 0.0775
0 0.14 0.59875 0.0275 0.075
0 0.85625 0.67875 0.03625 0.0775
0 0.82375 0.67375 0.02625 0.07
0 0.76875 0.67625 0.0825 0.08
0 0.6825 0.675 0.08 0.07375
0 0.61125 0.67625 0.0625 0.06875
0 0.54875 0.6775 0.05875 0.07
0 0.4925 0.68125 0.04875 0.065
0 0.445 0.68375 0.045 0.065
0 0.3925 0.68375 0.055 0.0675
0 0.60625 0.585 0.0575 0.07375
0 0.6775 0.585 0.075 0.075
0 0.76 0.58125 0.08125 0.0725
0 0.3325 0.685 0.06 0.0675
0 0.155 0.5025 0.0275 0.07625
0 0.18875 0.5025 0.025 0.0775
0 0.25 0.49875 0.07 0.0825
0 0.31625 0.49875 0.05625 0.08625
0 0.3775 0.49625 0.0625 0.08625
0 0.49125 0.4975 0.0475 0.0725
0 0.54625 0.58625 0.06125 0.07125
0 0.57 0.315 0.0375 0.03125
0 0.61125 0.27875 0.04 0.03875
0 0.215 0.68875 0.0275 0.07625
0 0.18625 0.6875 0.0275 0.07
0 0.15875 0.69 0.02375 0.07
0 0.8375 0.765 0.06375 0.075
0 0.76625 0.76125 0.07625 0.07125
0 0.69 0.76125 0.07375 0.0675
0 0.61625 0.76375 0.07 0.06875
0 0.54375 0.76625 0.07125 0.0675
0 0.4825 0.7675 0.04625 0.06625
0 0.4325 0.77 0.04875 0.06375
0 0.38125 0.7725 0.05375 0.06375
0 0.3225 0.775 0.0575 0.0675
0 0.14 0.78 0.02875 0.06625
0 0.26375 0.77625 0.05625 0.07
0 0.1725 0.78125 0.02625 0.07
0 0.84375 0.85375 0.0625 0.07125
0 0.7675 0.84875 0.0725 0.06625
0 0.695 0.85375 0.07375 0.0725
0 0.6175 0.8575 0.07625 0.07
0 0.54375 0.86 0.07125 0.07
0 0.4675 0.86125 0.07125 0.06375
0 0.39875 0.86125 0.05875 0.06875
0 0.33625 0.865 0.06125 0.07125
0 0.2725 0.875 0.065 0.0825
0 0.21125 0.87125 0.03375 0.07125
0 0.1775 0.87 0.02875 0.07125
0 0.21 0.78125 0.0375 0.07125
0 0.52625 0.31875 0.0375 0.03125
0 0.85125 0.1675 0.0475 0.10625
0 0.765 0.18125 0.04625 0.085
0 0.61375 0.315 0.0425 0.03125
0 0.65625 0.28875 0.0425 0.07875
0 0.71875 0.2875 0.07875 0.0775
0 0.80375 0.285 0.0875 0.0825
0 0.1475 0.19 0.02875 0.0925
0 0.18 0.1875 0.03125 0.09125
0 0.2325 0.19875 0.0375 0.02875
0 0.27 0.19625 0.035 0.025
0 0.27125 0.22125 0.03625 0.0225
0 0.23375 0.225 0.03375 0.02
0 0.30625 0.17125 0.0375 0.02875
0 0.30875 0.19875 0.03875 0.025
0 0.80625 0.17625 0.03375 0.08125
0 0.31125 0.22375 0.03875 0.02
0 0.3525 0.22 0.03 0.02625
0 0.35 0.1725 0.0275 0.0175
0 0.3825 0.15125 0.0375 0.0525
0 0.42125 0.14875 0.03625 0.05375
0 0.4625 0.1475 0.0425 0.05875
0 0.465 0.20625 0.04125 0.05625
0 0.425 0.205 0.03875 0.055
0 0.38625 0.20625 0.0375 0.05125
0 0.5175 0.1825 0.06375 0.09125
0 0.5875 0.18375 0.0675 0.08625
0 0.645 0.19 0.04125 0.06625
0 0.6825 0.185 0.03125 0.07875
0 0.71875 0.17875 0.04 0.08375
0 0.35 0.19375 0.03375 0.02625