0 0.8425 0.40875 0.02125 0.09125
0 0.82375 0.40875 0.01125 0.09375
0 0.835 0.57125 0.01625 0.10625
0 0.8525 0.57 0.015 0.0975
0 0.86 0.03375 0.0225 0.06625
0 0.79 0.395 0.01375 0.11375
0 0.415 0.70875 0.00625 0.07875
0 0.4625 0.7325 0.01875 0.09125
0 0.48125 0.73 0.015 0.08875
0 0.50125 0.73 0.01625 0.0875
0 0.54125 0.76 0.01125 0.09375
0 0.5625 0.75875 0.015 0.08875
0 0.5825 0.76 0.01625 0.08125
0 0.625 0.74 0.0175 0.08875
0 0.645 0.74 0.015 0.08125
0 0.66625 0.73875 0.015 0.0825
0 0.715 0.71375 0.015 0.07875
0 0.73125 0.715 0.01125 0.07375
0 0.75 0.71125 0.02 0.08375
0 0.79625 0.72 0.0175 0.08125
0 0.81625 0.72125 0.015 0.08125
0 0.40625 0.71 0.00625 0.07875
0 0.8375 0.72125 0.0225 0.08125
0 0.39625 0.71 0.00625 0.07875
0 0.36125 0.7125 0.00625 0.07875
0 0.4025 0.5475 0.02375 0.11375
0 0.3575 0.54125 0.02625 0.12125
0 0.29375 0.54875 0.065 0.1425
0 0.145 0.56625 0.03625 0.14375
0 0.19 0.575 0.01375 0.11625
0 0.2125 0.57125 0.01375 0.11375
0 0.23875 0.5725 0.02375 0.11125
0 0.1475 0.73875 0.0125 0.09375
0 0.17 0.73875 0.015 0.1025
0 0.20375 0.7375 0.01625 0.105
0 0.2275 0.7375 0.0175 0.10125
0 0.80875 0.39375 0.01125 0.11
0 0.295 0.75 0.01375 0.09375
0 0.3175 0.74625 0.015 0.0925
0 0.34625 0.71125 0.0075 0.085
0 0.35375 0.71 0.00625 0.07875
0 0.1375 0.8375 0.015 0.08375
0 0.50125 0.03875 0.03125 0.07375
0 0.45125 0.03125 0.02125 0.06
0 0.41 0.84875 0.01375 0.07625
0 0.4575 0.83 0.02125 0.065
0 0.48625 0.825 0.0175 0.07125
0 0.51 0.83375 0.01875 0.06375
0 0.545 0.8475 0.015 0.06
0 0.58375 0.83 0.03625 0.02375
0 0.65 0.81125 0.08375 0.03125
0 0.745 0.79875 0.085 0.05625
0 0.72125 0.84875 0.10375 0.01375
0 0.7125 0.87 0.09125 0.00875
0 0.61 0.86 0.09 0.01
0 0.62375 0.87875 0.08375 0.00875
0 0.725 0.88125 0.1 0.01375
0 0.80125 0.83125 0.01375 0.1
0 0.8425 0.8275 0.06375 0.115
0 0.395 0.84875 0.01125 0.075
0 0.37875 0.85 0.00875 0.07625
0 0.3675 0.8475 0.0075 0.0775
0 0.34875 0.85 0.01125 0.07625
0 0.4025 0.03625 0.01375 0.0725
0 0.38375 0.03875 0.01375 0.07375
0 0.34625 0.0325 0.01 0.06
0 0.3325 0.035 0.01 0.055
0 0.2925 0.02375 0.02875 0.04625
0 0.24625 0.03125 0.03125 0.0625
0 0.21 0.025 0.03375 0.0475
0 0.50125 0.5775 0.015 0.09125
0 0.1625 0.03125 0.0425 0.06125
0 0.19 0.8525 0.01125 0.06625
0 0.20875 0.855 0.0075 0.065
0 0.22375 0.84875 0.00875 0.06
0 0.24125 0.84375 0.01125 0.06625
0 0.26625 0.845 0.015 0.08125
0 0.29375 0.845 0.01875 0.06875
0 0.3275 0.85125 0.01125 0.0775
0 0.1575 0.84125 0.01375 0.08625
0 0.47875 0.57875 0.01375 0.1025
0 0.27375 0.755 0.015 0.1
0 0.44375 0.57375 0.01625 0.11375
0 0.4625 0.375 0.0125 0.115
0 0.44125 0.3775 0.01375 0.115
0 0.4225 0.375 0.0075 0.1175
0 0.46125 0.5775 0.01375 0.10875
0 0.38125 0.38 0.01125 0.1125
0 0.35625 0.37625 0.00875 0.10875
0 0.345 0.375 0.0075 0.11625
0 0.335 0.375 0.0075 0.1125
0 0.31125 0.38 0.01 0.12
0 0.295 0.38875 0.01375 0.125
0 0.27 0.37125 0.0075 0.1125
0 0.25875 0.37375 0.00625 0.1175
0 0.22875 0.3775 0.0075 0.12875
0 0.2125 0.37125 0.01125 0.13875
0 0.19625 0.36625 0.0075 0.1175
0 0.475 0.3775 0.0075 0.1175
0 0.185 0.37 0.0075 0.115
0 0.51125 0.395 0.0125 0.15
0 0.5475 0.40375 0.01375 0.11375
0 0.75875 0.3925 0.00875 0.1175
0 0.74375 0.39 0.01375 0.11875
0 0.7275 0.3775 0.015 0.12
0 0.735 0.565 0.01375 0.09875
0 0.75125 0.56875 0.015 0.09375
0 0.77125 0.565 0.015 0.09
0 0.6925 0.57625 0.0175 0.09375
0 0.67 0.5775 0.0175 0.10125
0 0.64875 0.58125 0.01875 0.09875
0 0.71125 0.375 0.0125 0.12625
0 0.66375 0.39125 0.03 0.1425
0 0.63625 0.37625 0.015 0.1225
0 0.6175 0.3775 0.015 0.11375
0 0.59375 0.3875 0.02 0.11625
0 0.5625 0.405 0.01375 0.11125
0 0.4975 0.38 0.01 0.11375
0 0.17 0.37125 0.015 0.1225
0 0.4 0.37625 0.0125 0.12
0 0.4575 0.2025 0.01375 0.13625
0 0.82 0.21 0.015 0.13125
0 0.80375 0.2075 0.01625 0.13375
0 0.85875 0.21125 0.0175 0.12
0 0.8375 0.21125 0.01625 0.12875
0 0.82125 0.0325 0.01375 0.06125
0 0.80125 0.03875 0.0175 0.0575
0 0.765 0.03125 0.03125 0.055
0 0.65625 0.035 0.02875 0.05875
0 0.705 0.0375 0.02875 0.06375
0 0.61625 0.03125 0.0125 0.06
0 0.5975 0.0425 0.01875 0.06625
0 0.14125 0.37375 0.02875 0.125
0 0.56125 0.57875 0.01875 0.105
0 0.58125 0.58 0.01625 0.10125
0 0.6025 0.58125 0.01625 0.1025
0 0.77125 0.21375 0.0175 0.12875
0 0.7525 0.2125 0.01375 0.125
0 0.55875 0.0325 0.02625 0.0625
0 0.65 0.22375 0.01125 0.11875
0 0.6975 0.20375 0.03125 0.1475
0 0.43875 0.2025 0.01625 0.14375
0 0.37 0.1925 0.0125 0.13
0 0.35625 0.18875 0.01 0.13625
0 0.325 0.18875 0.00875 0.135
0 0.3025 0.18875 0.025 0.14
0 0.2725 0.18 0.02125 0.1525
0 0.40125 0.19 0.025 0.14125
0 0.185 0.1975 0.01875 0.165
0 0.1425 0.19625 0.0225 0.135
0 0.54125 0.235 0.02 0.16875
0 0.505 0.20625 0.00875 0.11875
0 0.48625 0.20125 0.0075 0.12625
0 0.495 0.21875 0.00875 0.13
0 0.23875 0.185 0.0225 0.14625
0 0.59375 0.2 0.03 0.1375