0 0.51125 0.45375 0.04125 0.05625
0 0.295 0.1575 0.03875 0.09
0 0.43125 0.8225 0.02125 0.06375
0 0.40375 0.82375 0.02 0.06
0 0.36125 0.84625 0.055 0.01625
0 0.3625 0.82375 0.05375 0.025
0 0.3175 0.8225 0.025 0.065
0 0.28125 0.80375 0.035 0.07
0 0.24125 0.81125 0.04125 0.075
0 0.45625 0.8225 0.02 0.06125
0 0.73625 0.71 0.01875 0.05625
0 0.70875 0.7075 0.02375 0.0575
0 0.685 0.70875 0.0175 0.065
0 0.66 0.715 0.02875 0.05
0 0.62875 0.71375 0.02625 0.05
0 0.59875 0.7125 0.03 0.04875
0 0.56875 0.70875 0.0225 0.06625
0 0.5425 0.70875 0.025 0.06
0 0.235 0.1775 0.0275 0.035
0 0.47625 0.81375 0.0175 0.07625
0 0.49625 0.81 0.0175 0.0775
0 0.52875 0.82 0.0225 0.065
0 0.59 0.44875 0.01375 0.06625
0 0.60875 0.44625 0.01 0.01
0 0.605 0.4575 0.005 0.005
0 0.61625 0.45625 0.00625 0.00625
0 0.6025 0.46875 0.01125 0.00875
0 0.61625 0.4675 0.00625 0.01125
0 0.615 0.4775 0.00875 0.00875
0 0.605 0.47875 0.01 0.00625
0 0.63875 0.45625 0.0325 0.0475
0 0.67 0.4575 0.0275 0.04875
0 0.69875 0.45875 0.02375 0.0475
0 0.7225 0.4575 0.02 0.05125
0 0.695 0.8025 0.03625 0.075
0 0.65875 0.8125 0.03 0.07
0 0.62375 0.8125 0.0325 0.08
0 0.5875 0.8125 0.0325 0.08125
0 0.55375 0.82375 0.025 0.05625
0 0.51125 0.70375 0.03625 0.08125
0 0.5525 0.455 0.0275 0.0525
0 0.47125 0.705 0.035 0.0775
0 0.395 0.715 0.03125 0.04625
0 0.24375 0.61875 0.02125 0.02375
0 0.2775 0.61875 0.035 0.0525
0 0.3275 0.625 0.045 0.01
0 0.32875 0.63875 0.0475 0.01125
0 0.37625 0.625 0.04375 0.01
0 0.37625 0.6375 0.04625 0.01125
0 0.42 0.6125 0.035 0.06375
0 0.755 0.53625 0.02625 0.05625
0 0.4575 0.6225 0.03 0.04375
0 0.53 0.6225 0.03875 0.045
0 0.5775 0.62 0.04375 0.05125
0 0.61125 0.62 0.01875 0.0425
0 0.63 0.62375 0.01125 0.0375
0 0.65 0.62375 0.02 0.0375
0 0.67 0.62375 0.0125 0.03875
0 0.68625 0.62375 0.015 0.04
0 0.49 0.61875 0.0275 0.04625
0 0.72875 0.53625 0.01875 0.06
0 0.70875 0.53875 0.015 0.055
0 0.68125 0.5425 0.02625 0.04875
0 0.35625 0.7175 0.03625 0.045
0 0.31875 0.71375 0.0325 0.055
0 0.28125 0.71375 0.035 0.0575
0 0.2425 0.715 0.03375 0.0575
0 0.74625 0.45875 0.025 0.05
0 0.77125 0.45375 0.01875 0.0625
0 0.23625 0.53125 0.02375 0.06625
0 0.2775 0.53 0.04375 0.06375
0 0.325 0.5325 0.02625 0.0625
0 0.35625 0.53375 0.02375 0.05375
0 0.39125 0.545 0.03 0.045
0 0.50875 0.5475 0.03375 0.05
0 0.43125 0.53875 0.025 0.05375
0 0.4675 0.54125 0.025 0.0475
0 0.5925 0.5425 0.02875 0.04125
0 0.55 0.54375 0.03625 0.04125
0 0.62625 0.5375 0.02875 0.04125
0 0.4325 0.715 0.0325 0.045
0 0.7075 0.6225 0.01375 0.03875
0 0.745 0.615 0.0375 0.04875
0 0.44375 0.3675 0.02625 0.0575
0 0.41 0.4575 0.03125 0.0525
0 0.38 0.45875 0.03 0.04375
0 0.34625 0.455 0.03 0.05
0 0.31375 0.45625 0.03125 0.05
0 0.2875 0.45875 0.0175 0.04125
0 0.26875 0.4575 0.015 0.04125
0 0.2475 0.465 0.02375 0.02875
0 0.2275 0.46375 0.01125 0.03
0 0.7625 0.37125 0.02125 0.05875
0 0.73125 0.37 0.02625 0.06125
0 0.7025 0.36625 0.02375 0.06
0 0.61 0.3625 0.0275 0.06375
0 0.58375 0.3625 0.01625 0.065
0 0.5625 0.3625 0.0225 0.06625
0 0.46875 0.36875 0.0225 0.055
0 0.4075 0.3675 0.03875 0.055
0 0.36625 0.36375 0.04125 0.0575
0 0.33375 0.36125 0.0175 0.0575
0 0.3125 0.36125 0.01875 0.0575
0 0.28875 0.36 0.0225 0.0575
0 0.23125 0.35875 0.0225 0.05875
0 0.74375 0.2925 0.04 0.03375
0 0.71125 0.28125 0.0225 0.0525
0 0.44875 0.45625 0.01375 0.05125
0 0.465 0.45625 0.01125 0.055
0 0.43375 0.45625 0.01375 0.05
0 0.68625 0.28 0.0225 0.05625
0 0.3675 0.1725 0.02875 0.075
0 0.40625 0.1725 0.03 0.06375
0 0.44375 0.18125 0.03625 0.05375
0 0.49875 0.19875 0.0525 0.025
0 0.5575 0.1975 0.01875 0.0275
0 0.5875 0.1775 0.035 0.06
0 0.6925 0.18375 0.015 0.06375
0 0.71125 0.1825 0.01 0.055
0 0.73625 0.18 0.0225 0.06375
0 0.4775 0.45625 0.01375 0.04875
0 0.2275 0.26625 0.01375 0.0575
0 0.24625 0.26625 0.0225 0.0575
0 0.7675 0.18 0.02625 0.06375
0 0.3675 0.27 0.02375 0.0625
0 0.6575 0.27875 0.0225 0.05625
0 0.6325 0.2775 0.0225 0.05625
0 0.27375 0.2675 0.025 0.06
0 0.57625 0.27875 0.0275 0.055
0 0.53875 0.285 0.04375 0.03875
0 0.60625 0.27625 0.0225 0.05875
0 0.4475 0.27375 0.0275 0.0575
0 0.42 0.27125 0.0225 0.05875
0 0.395 0.27125 0.025 0.06125
0 0.49125 0.28625 0.04125 0.03125