0 0.84 0.715 0.03625 0.10625
0 0.1675 0.43625 0.035 0.1075
0 0.3525 0.86125 0.035 0.1125
0 0.39375 0.8625 0.02875 0.11375
0 0.4325 0.86125 0.0375 0.11875
0 0.475 0.86625 0.0325 0.12125
0 0.51125 0.86125 0.03 0.1275
0 0.54375 0.835 0.0325 0.07375
0 0.545 0.89625 0.03375 0.0375
0 0.585 0.86125 0.04125 0.1075
0 0.63 0.8575 0.03625 0.1175
0 0.66875 0.85625 0.03125 0.10625
0 0.7075 0.85375 0.0375 0.1075
0 0.74875 0.84125 0.03875 0.10875
0 0.79 0.84125 0.0325 0.1075
0 0.83 0.84375 0.03625 0.1125
0 0.86375 0.8475 0.02125 0.10625
0 0.32 0.8675 0.02625 0.1125
0 0.8375 0.96125 0.0275 0.0775
0 0.285 0.87375 0.035 0.09375
0 0.2025 0.87 0.03125 0.11125
0 0.385 0.28125 0.03375 0.12125
0 0.355 0.2725 0.02375 0.1325
0 0.32125 0.27375 0.02 0.13
0 0.28125 0.285 0.03875 0.09375
0 0.2425 0.2875 0.0325 0.0875
0 0.16375 0.27 0.03875 0.13625
0 0.85625 0.13625 0.0375 0.12875
0 0.81875 0.1225 0.025 0.16
0 0.785 0.12125 0.035 0.155
0 0.755 0.1325 0.02125 0.1325
0 0.7325 0.13125 0.0175 0.13375
0 0.7075 0.145 0.0275 0.09625
0 0.5575 0.57875 0.03125 0.1175
0 0.5225 0.58 0.03 0.11875
0 0.4875 0.585 0.02875 0.12875
0 0.24 0.87125 0.0375 0.105
0 0.42375 0.275 0.03875 0.13125
0 0.8025 0.96625 0.025 0.0675
0 0.7175 0.96375 0.035 0.0725
0 0.1675 0.09375 0.04 0.155
0 0.22 0.09625 0.045 0.145
0 0.2625 0.1025 0.035 0.15
0 0.30625 0.105 0.035 0.1475
0 0.33875 0.11125 0.02875 0.14875
0 0.3725 0.1075 0.0275 0.14125
0 0.40625 0.1125 0.03125 0.15375
0 0.44 0.11625 0.03375 0.14625
0 0.4725 0.115 0.02875 0.1425
0 0.68125 0.1475 0.02125 0.0975
0 0.64625 0.135 0.0325 0.12
0 0.61875 0.14875 0.02375 0.11375
0 0.585 0.14625 0.03375 0.085
0 0.5425 0.13125 0.02875 0.1325
0 0.505 0.12375 0.0375 0.1225
0 0.65 0.44875 0.035 0.14125
0 0.76625 0.96375 0.03 0.07125
0 0.73 0.45625 0.02125 0.0775
0 0.75875 0.44375 0.03375 0.025
0 0.67875 0.965 0.03375 0.06875
0 0.6375 0.96375 0.04875 0.07125
0 0.4475 0.58 0.04375 0.12
0 0.4 0.5825 0.03375 0.12375
0 0.3575 0.58 0.04375 0.12
0 0.31875 0.5775 0.03 0.12625
0 0.29 0.58 0.02625 0.1275
0 0.26125 0.58 0.02 0.12875
0 0.235 0.58125 0.0275 0.1325
0 0.20625 0.57875 0.025 0.1375
0 0.175 0.57375 0.0325 0.13125
0 0.145 0.5725 0.02125 0.07875
0 0.8625 0.45375 0.025 0.0725
0 0.8325 0.435 0.0275 0.1125
0 0.79875 0.44125 0.025 0.1125
0 0.76 0.48375 0.02625 0.0225
0 0.46 0.2775 0.0325 0.1325
0 0.205 0.27125 0.03125 0.13125
0 0.53625 0.28875 0.045 0.11625
0 0.59375 0.58 0.035 0.10125
0 0.6375 0.57875 0.04375 0.10625
0 0.68375 0.5825 0.025 0.1125
0 0.71625 0.575 0.035 0.11625
0 0.75125 0.57625 0.0275 0.12125
0 0.785 0.5925 0.0225 0.09125
0 0.8075 0.58375 0.01875 0.10625
0 0.835 0.58125 0.0275 0.1125
0 0.86125 0.595 0.02625 0.0775
0 0.16875 0.7275 0.02375 0.1125
0 0.2025 0.72875 0.03125 0.105
0 0.235 0.7225 0.0225 0.10125
0 0.17 0.87375 0.0325 0.11125
0 0.26375 0.7175 0.03375 0.1125
0 0.2975 0.72125 0.02625 0.11875
0 0.3275 0.71875 0.025 0.11875
0 0.35875 0.725 0.02625 0.115
0 0.4 0.7225 0.04375 0.1175
0 0.4375 0.7225 0.02875 0.11375
0 0.47 0.725 0.0275 0.12375
0 0.50625 0.72375 0.03875 0.125
0 0.545 0.72375 0.0325 0.125
0 0.57875 0.72125 0.0275 0.1225
0 0.61375 0.71875 0.03875 0.12375
0 0.65 0.72125 0.02625 0.13
0 0.69 0.72 0.0375 0.11875
0 0.7325 0.71375 0.04 0.11875
0 0.7725 0.71875 0.02875 0.125
0 0.80625 0.7175 0.02875 0.11
0 0.495 0.29 0.0225 0.11875
0 0.59625 0.44625 0.02625 0.1
0 0.5675 0.44625 0.03 0.1
0 0.32125 0.44 0.03625 0.1025
0 0.20625 0.43 0.03 0.1125
0 0.24625 0.44 0.03125 0.11
0 0.2825 0.44125 0.0375 0.105
0 0.81125 0.2875 0.04 0.125
0 0.36 0.43875 0.035 0.105
0 0.40125 0.42375 0.045 0.05625
0 0.40375 0.47625 0.03375 0.03125
0 0.4425 0.44125 0.03 0.10375
0 0.4775 0.45 0.02875 0.10625
0 0.50625 0.45 0.0225 0.0875
0 0.53375 0.44625 0.03375 0.105
0 0.7775 0.28375 0.02625 0.1275
0 0.74 0.285 0.0475 0.1225
0 0.70375 0.2925 0.025 0.11875
0 0.6975 0.44 0.03 0.11375
0 0.6125 0.29125 0.03625 0.11875
0 0.84875 0.28625 0.03 0.12375
0 0.57625 0.29125 0.03125 0.1225