0 0.54625 0.4075 0.04625 0.01875
0 0.545 0.43125 0.0425 0.02125
0 0.49875 0.40625 0.04375 0.01875
0 0.4975 0.42875 0.045 0.02125
0 0.685 0.7225 0.01375 0.0425
0 0.7025 0.7275 0.01375 0.04375
0 0.74375 0.7275 0.0175 0.0375
0 0.595 0.4325 0.04625 0.02125
0 0.7625 0.73625 0.015 0.0325
0 0.28 0.7725 0.035 0.04875
0 0.23125 0.7625 0.02375 0.0675
0 0.315 0.7875 0.02625 0.03375
0 0.3525 0.79625 0.0275 0.03125
0 0.72125 0.72625 0.01625 0.04125
0 0.5975 0.41 0.04375 0.01875
0 0.32 0.49625 0.02625 0.02625
0 0.645 0.4175 0.0425 0.0125
0 0.43875 0.50375 0.025 0.025
0 0.40625 0.47 0.02625 0.0275
0 0.4075 0.5025 0.03 0.025
0 0.3775 0.4725 0.02625 0.0275
0 0.3775 0.49875 0.025 0.02375
0 0.3475 0.46625 0.025 0.02375
0 0.35 0.49625 0.02375 0.0275
0 0.3175 0.46375 0.0225 0.02625
0 0.355 0.7675 0.0275 0.02
0 0.28875 0.46375 0.03125 0.025
0 0.28875 0.49375 0.0275 0.0275
0 0.2575 0.46375 0.02375 0.025
0 0.26 0.4925 0.0225 0.0225
0 0.68625 0.41875 0.02125 0.0125
0 0.76125 0.41875 0.02625 0.015
0 0.7525 0.44 0.05125 0.02
0 0.6975 0.43625 0.0475 0.02
0 0.6475 0.4375 0.0475 0.02
0 0.38625 0.80375 0.035 0.02125
0 0.5975 0.82625 0.04 0.0275
0 0.46 0.815 0.03125 0.02625
0 0.48375 0.13375 0.03875 0.03
0 0.44 0.13625 0.02875 0.035
0 0.44125 0.09625 0.035 0.03125
0 0.40625 0.09625 0.03125 0.03375
0 0.40625 0.1375 0.03125 0.035
0 0.3675 0.13375 0.0375 0.035
0 0.3325 0.1325 0.0275 0.03375
0 0.52375 0.13 0.03375 0.04375
0 0.295 0.13375 0.0375 0.0325
0 0.22875 0.13375 0.01625 0.0325
0 0.2775 0.615 0.0325 0.025
0 0.26125 0.3925 0.03875 0.025
0 0.26375 0.4175 0.03875 0.02125
0 0.75 0.34875 0.05 0.0175
0 0.74875 0.32625 0.05375 0.02
0 0.75375 0.30125 0.0525 0.025
0 0.25625 0.13375 0.02875 0.03125
0 0.42375 0.8075 0.03125 0.02375
0 0.3075 0.41625 0.04 0.02
0 0.35375 0.415 0.0375 0.03
0 0.46125 0.7875 0.03375 0.02125
0 0.46 0.7675 0.03 0.01125
0 0.4725 0.755 0.03 0.01
0 0.50375 0.825 0.03875 0.025
0 0.54875 0.82875 0.03625 0.02375
0 0.55375 0.80375 0.0425 0.02125
0 0.505 0.79875 0.0425 0.01875
0 0.30625 0.395 0.0475 0.02
0 0.43625 0.47375 0.0275 0.02875
0 0.68 0.84 0.04 0.02625
0 0.71375 0.83875 0.01375 0.025
0 0.7275 0.84125 0.01 0.02625
0 0.7575 0.845 0.0425 0.035
0 0.68 0.805 0.03875 0.03625
0 0.45 0.4225 0.04875 0.02875
0 0.4025 0.4125 0.04125 0.03
0 0.63875 0.835 0.035 0.02625
0 0.4675 0.47375 0.025 0.025
0 0.69625 0.12875 0.03 0.05
0 0.49875 0.5075 0.02375 0.025
0 0.4675 0.71 0.02375 0.025
0 0.49375 0.71375 0.0225 0.025
0 0.4675 0.685 0.025 0.02125
0 0.49375 0.68875 0.02125 0.01875
0 0.51875 0.7025 0.015 0.045
0 0.53625 0.70625 0.01125 0.04375
0 0.55125 0.7075 0.01375 0.0425
0 0.57875 0.70875 0.01 0.04375
0 0.5925 0.71375 0.01125 0.04375
0 0.60875 0.71625 0.01375 0.04375
0 0.62875 0.71875 0.015 0.045
0 0.65 0.71625 0.01375 0.045
0 0.74125 0.59125 0.02 0.0425
0 0.715 0.59 0.025 0.04375
0 0.69 0.5825 0.01875 0.04
0 0.44 0.695 0.02125 0.0225
0 0.4125 0.69375 0.025 0.02625
0 0.34625 0.68625 0.0325 0.02625
0 0.3175 0.67625 0.02875 0.025
0 0.31125 0.61625 0.02875 0.025
0 0.3475 0.6225 0.03625 0.0275
0 0.38375 0.62375 0.03 0.025
0 0.42125 0.6275 0.03125 0.02375
0 0.45625 0.64375 0.03625 0.01875
0 0.455 0.6225 0.03125 0.01375
0 0.48875 0.63375 0.02 0.02375
0 0.66875 0.5825 0.0175 0.04125
0 0.5175 0.64125 0.03125 0.02875
0 0.58625 0.6325 0.025 0.01375
0 0.59125 0.6525 0.03125 0.01875
0 0.63 0.65125 0.03625 0.02625
0 0.68625 0.6525 0.03875 0.03375
0 0.7275 0.6525 0.035 0.03125
0 0.765 0.66 0.03125 0.03125
0 0.2825 0.6825 0.03625 0.02875
0 0.55125 0.64625 0.02875 0.03
0 0.645 0.58875 0.02 0.0475
0 0.62125 0.58625 0.0225 0.04625
0 0.59625 0.5825 0.02 0.04125
0 0.5625 0.51 0.0275 0.03125
0 0.555 0.13125 0.02625 0.04375
0 0.58875 0.1325 0.03125 0.04125
0 0.6225 0.13375 0.0325 0.04125
0 0.66 0.1325 0.035 0.04125
0 0.69625 0.2975 0.05375 0.0225
0 0.6675 0.72 0.01625 0.045
0 0.59375 0.5075 0.02625 0.02875
0 0.73375 0.13125 0.0325 0.05
0 0.25 0.23125 0.05 0.025
0 0.25375 0.2025 0.0525 0.025
0 0.30375 0.2375 0.04625 0.025
0 0.3075 0.21125 0.03625 0.02
0 0.53 0.51125 0.03 0.0225
0 0.53 0.48125 0.0275 0.02875
0 0.49875 0.47875 0.02875 0.025
0 0.76875 0.13 0.02375 0.05
0 0.46875 0.50625 0.02625 0.03
0 0.6275 0.51125 0.03 0.0325
0 0.6975 0.52 0.03375 0.02875
0 0.575 0.585 0.02 0.04375
0 0.55 0.58125 0.02 0.04125
0 0.52875 0.58 0.02 0.0425
0 0.50625 0.58 0.02 0.04125
0 0.48375 0.5775 0.02 0.03875
0 0.46 0.57375 0.01875 0.03875
0 0.4375 0.57375 0.02 0.03875
0 0.66 0.5175 0.03 0.02875
0 0.415 0.5725 0.02 0.04
0 0.31125 0.565 0.03125 0.0425
0 0.27625 0.5575 0.02875 0.0425
0 0.76375 0.4925 0.03125 0.025
0 0.765 0.525 0.02875 0.03375
0 0.72875 0.49125 0.03125 0.03
0 0.73125 0.5225 0.02625 0.03125
0 0.6925 0.4875 0.03125 0.02875
0 0.355 0.57625 0.04375 0.02
0 0.6925 0.3225 0.045 0.01875
0 0.76625 0.595 0.02375 0.04375
0 0.63875 0.32125 0.05125 0.01875
0 0.47375 0.33625 0.04875 0.03
0 0.41625 0.30125 0.04625 0.03
0 0.42 0.33625 0.0525 0.03125
0 0.36625 0.33 0.04625 0.03375
0 0.255 0.29375 0.04875 0.025
0 0.2575 0.32375 0.0475 0.0275
0 0.76625 0.22875 0.02625 0.0625
0 0.71875 0.24875 0.05375 0.0175
0 0.6625 0.2075 0.05375 0.03625
0 0.66375 0.24125 0.05 0.03
0 0.58125 0.2175 0.03625 0.01
0 0.54375 0.21875 0.02875 0.01125
0 0.54625 0.24375 0.04875 0.0275
0 0.49875 0.23125 0.0375 0.04875
0 0.45 0.1975 0.0375 0.0325
0 0.4575 0.2375 0.03625 0.03625
0 0.4075 0.235 0.04625 0.03375
0 0.3575 0.2325 0.045 0.03625
0 0.69125 0.34625 0.05 0.02
0 0.475 0.30375 0.05375 0.03
0 0.52875 0.3375 0.05375 0.0275
0 0.60375 0.24125 0.05375 0.03
0 0.63625 0.34375 0.04875 0.0225
0 0.63875 0.2975 0.04625 0.02375
0 0.5875 0.295 0.04625 0.025
0 0.58625 0.32 0.0475 0.02
0 0.585 0.34375 0.04625 0.02375
0 0.53125 0.305 0.0525 0.03