0 0.42375 0.47125 0.025 0.035
0 0.39625 0.47625 0.025 0.04375
0 0.36375 0.485 0.0275 0.0375
0 0.475 0.53375 0.01875 0.0325
0 0.33 0.48875 0.0325 0.03875
0 0.50125 0.45375 0.01625 0.03375
0 0.47625 0.46 0.0225 0.03375
0 0.425 0.51125 0.02125 0.0375
0 0.29625 0.4925 0.02875 0.045
0 0.45 0.5025 0.02 0.03375
0 0.475 0.49625 0.02 0.03125
0 0.4975 0.48875 0.015 0.02875
0 0.51625 0.48375 0.0125 0.02625
0 0.30125 0.58375 0.03 0.03875
0 0.335 0.5775 0.03125 0.04
0 0.45125 0.46625 0.02125 0.03375
0 0.3675 0.5625 0.02625 0.035
0 0.42625 0.54875 0.02125 0.0275
0 0.3975 0.52125 0.0275 0.03375
0 0.365 0.525 0.02625 0.03375
0 0.32875 0.53375 0.03125 0.04125
0 0.2975 0.54 0.025 0.0425
0 0.52125 0.41375 0.01125 0.03375
0 0.51875 0.45125 0.0125 0.0275
0 0.45125 0.54 0.02125 0.0325
0 0.39625 0.5575 0.0225 0.03125
0 0.505 0.4175 0.0175 0.03375
0 0.235 0.4525 0.0425 0.05375
0 0.45375 0.425 0.02 0.03625
0 0.1475 0.63375 0.045 0.0525
0 0.14625 0.58 0.04125 0.0525
0 0.14375 0.5275 0.0375 0.055
0 0.29875 0.62875 0.02625 0.04375
0 0.14125 0.46875 0.03125 0.0575
0 0.5775 0.30625 0.015 0.0875
0 0.55875 0.30625 0.02 0.09125
0 0.53875 0.30625 0.015 0.09
0 0.51875 0.305 0.0175 0.09625
0 0.5 0.30625 0.01625 0.09625
0 0.47875 0.305 0.01875 0.1
0 0.4575 0.3075 0.02125 0.105
0 0.43125 0.3075 0.0225 0.10625
0 0.40625 0.305 0.0225 0.115
0 0.38125 0.3025 0.025 0.11875
0 0.15125 0.6875 0.04875 0.05375
0 0.47875 0.42125 0.02625 0.0375
0 0.15 0.74 0.04875 0.0475
0 0.1875 0.4625 0.0475 0.0525
0 0.4275 0.43 0.0275 0.03625
0 0.33625 0.44125 0.035 0.04875
0 0.29 0.44375 0.03875 0.0475
0 0.25125 0.75125 0.04 0.0475
0 0.2025 0.76375 0.0475 0.04875
0 0.25 0.7025 0.03875 0.04375
0 0.2 0.71625 0.04875 0.04625
0 0.24625 0.65375 0.04125 0.04625
0 0.20125 0.66875 0.04125 0.04625
0 0.2425 0.60625 0.04125 0.0475
0 0.195 0.62 0.04 0.04875
0 0.24 0.55875 0.045 0.045
0 0.1925 0.56875 0.04625 0.0475
0 0.2375 0.5075 0.045 0.05125
0 0.19 0.5175 0.0475 0.0525
0 0.1525 0.78875 0.0475 0.05
0 0.33375 0.62 0.0275 0.03375
0 0.56625 0.475 0.01875 0.02375
0 0.395 0.5975 0.0225 0.03625
0 0.6175 0.43125 0.01125 0.025
0 0.63625 0.43 0.0125 0.02625
0 0.65125 0.42625 0.0125 0.025
0 0.66375 0.42125 0.01125 0.02375
0 0.545 0.47625 0.01375 0.025
0 0.425 0.62375 0.02125 0.03375
0 0.6025 0.435 0.01 0.02625
0 0.585 0.47 0.015 0.0225
0 0.62 0.46 0.01375 0.02375
0 0.63375 0.45625 0.0125 0.02375
0 0.65125 0.45375 0.0125 0.02125
0 0.66375 0.45125 0.01125 0.02125
0 0.6625 0.4775 0.01 0.0225
0 0.64875 0.48125 0.01 0.0225
0 0.60125 0.46625 0.0125 0.02375
0 0.58625 0.44125 0.015 0.02875
0 0.56625 0.4425 0.015 0.02875
0 0.54875 0.445 0.01375 0.03
0 0.35125 0.30125 0.02875 0.1225
0 0.4525 0.61125 0.02375 0.03375
0 0.30625 0.71875 0.0275 0.04375
0 0.33375 0.7025 0.015 0.0375
0 0.365 0.69 0.02625 0.03625
0 0.39625 0.67375 0.01875 0.03125
0 0.42625 0.66375 0.02125 0.03375
0 0.45125 0.64625 0.02375 0.02875
0 0.56625 0.40875 0.02125 0.03125
0 0.58875 0.40625 0.0125 0.03125
0 0.6025 0.40375 0.01 0.03125
0 0.62125 0.40125 0.01875 0.02875
0 0.63875 0.4 0.015 0.03
0 0.65375 0.3975 0.0075 0.025
0 0.66625 0.395 0.00875 0.025
0 0.635 0.485 0.01 0.01875
0 0.3675 0.60625 0.02125 0.0375
0 0.61875 0.48625 0.01125 0.0225
0 0.585 0.5 0.0125 0.02125
0 0.645 0.26375 0.00875 0.0575
0 0.59125 0.32125 0.00875 0.0575
0 0.60125 0.32 0.00625 0.0525
0 0.61 0.32 0.00875 0.055
0 0.6175 0.32 0.0075 0.0525
0 0.625 0.32125 0.00625 0.05375
0 0.63625 0.2625 0.00625 0.05625
0 0.6325 0.31875 0.00625 0.0525
0 0.64625 0.32 0.00625 0.05
0 0.33375 0.66125 0.02125 0.0375
0 0.3025 0.67375 0.0325 0.0375
0 0.46875 0.57 0.01 0.02875
0 0.45 0.57625 0.01875 0.0325
0 0.42375 0.5875 0.02375 0.03625
0 0.64 0.32 0.0075 0.05375
0 0.6275 0.2625 0.0075 0.05875
0 0.61875 0.26 0.00625 0.06
0 0.61125 0.25875 0.00875 0.05875
0 0.5675 0.505 0.015 0.01875
0 0.55 0.505 0.01625 0.02375
0 0.66 0.50125 0.0125 0.02375
0 0.64625 0.50625 0.01125 0.02
0 0.63375 0.5075 0.01 0.0225
0 0.61875 0.5125 0.015 0.0225
0 0.6575 0.52875 0.01 0.02
0 0.65625 0.55625 0.0125 0.02875
0 0.595 0.19625 0.01 0.05125
0 0.61 0.2 0.01125 0.05
0 0.625 0.2025 0.0125 0.0525
0 0.63625 0.20875 0.00625 0.0475
0 0.645 0.21 0.00875 0.04875
0 0.5925 0.25875 0.01125 0.06
0 0.60125 0.25875 0.00625 0.06
0 0.6025 0.495 0.01 0.025
0 0.31875 0.3025 0.02625 0.1225
0 0.3625 0.65 0.0225 0.03625
0 0.24375 0.3 0.03125 0.13875
0 0.45875 0.19625 0.02 0.115
0 0.1325 0.1975 0.01375 0.10625
0 0.15375 0.19875 0.0225 0.10125
0 0.1775 0.205 0.02125 0.10625
0 0.13375 0.31375 0.0175 0.11125
0 0.15625 0.31625 0.0225 0.1075
0 0.1825 0.31375 0.0225 0.11125
0 0.20625 0.315 0.02125 0.10375
0 0.235 0.15125 0.0475 0.14125
0 0.2775 0.1575 0.03625 0.14125
0 0.315 0.165 0.03125 0.135
0 0.2 0.20875 0.02 0.1
0 0.37625 0.17875 0.02875 0.12
0 0.58125 0.20875 0.01375 0.0925
0 0.3475 0.17125 0.0275 0.1275
0 0.55625 0.205 0.02625 0.0875
0 0.50125 0.20125 0.01875 0.10375
0 0.52125 0.2025 0.015 0.105
0 0.39375 0.63875 0.02375 0.03375
0 0.435 0.18875 0.02375 0.1225
0 0.2825 0.29625 0.03 0.13125
0 0.40625 0.18125 0.025 0.12125
0 0.48 0.19625 0.01875 0.10875