0 0.3475 0.5225 0.02375 0.09
0 0.44625 0.5225 0.02 0.0875
0 0.69625 0.61375 0.0475 0.0375
0 0.65 0.61625 0.0425 0.04
0 0.6475 0.6575 0.0475 0.0425
0 0.6 0.6575 0.045 0.03875
0 0.55 0.6575 0.04625 0.04125
0 0.6 0.61375 0.0475 0.04125
0 0.5525 0.61 0.04625 0.04875
0 0.50375 0.60875 0.04875 0.04625
0 0.3975 0.6125 0.0475 0.045
0 0.69625 0.655 0.04875 0.04375
0 0.34875 0.6125 0.05125 0.0425
0 0.18875 0.8275 0.0525 0.0425
0 0.2425 0.82125 0.05125 0.045
0 0.29375 0.82 0.05125 0.04125
0 0.3475 0.8175 0.0525 0.04625
0 0.3975 0.81625 0.0475 0.04125
0 0.45125 0.8125 0.04375 0.03875
0 0.49875 0.8125 0.04625 0.04
0 0.1425 0.78 0.035 0.0475
0 0.24 0.615 0.055 0.04375
0 0.295 0.615 0.05375 0.04625
0 0.18625 0.61625 0.04875 0.045
0 0.745 0.6575 0.0425 0.03625
0 0.79375 0.61375 0.04125 0.04
0 0.14375 0.87375 0.03625 0.045
0 0.18875 0.87125 0.05 0.0425
0 0.24125 0.86875 0.0525 0.0475
0 0.29375 0.8675 0.05125 0.0425
0 0.34625 0.86375 0.05 0.0475
0 0.3975 0.8625 0.04625 0.045
0 0.32125 0.5225 0.025 0.0875
0 0.29625 0.52375 0.02375 0.085
0 0.26875 0.5225 0.02375 0.0875
0 0.745 0.6125 0.04625 0.045
0 0.24125 0.5275 0.02375 0.08375
0 0.185 0.5375 0.02625 0.06375
0 0.1575 0.5375 0.02625 0.06375
0 0.13375 0.5325 0.0175 0.07125
0 0.84 0.61375 0.045 0.03875
0 0.83625 0.6575 0.04125 0.03875
0 0.4475 0.85875 0.05125 0.05125
0 0.49875 0.85875 0.04875 0.04875
0 0.1425 0.8275 0.03375 0.045
0 0.78875 0.65875 0.04625 0.04
0 0.215 0.525 0.0275 0.08875
0 0.1425 0.6175 0.03375 0.045
0 0.49875 0.65375 0.045 0.0425
0 0.45125 0.65625 0.04875 0.0475
0 0.78125 0.8625 0.0425 0.03625
0 0.8275 0.8625 0.045 0.03625
0 0.54875 0.83125 0.05 0.04
0 0.6 0.83125 0.04875 0.03875
0 0.64875 0.82875 0.0475 0.0425
0 0.695 0.82625 0.04625 0.03625
0 0.74375 0.825 0.0475 0.03875
0 0.78875 0.8225 0.03875 0.035
0 0.83375 0.82 0.045 0.03875
0 0.7375 0.865 0.04125 0.04
0 0.54875 0.78875 0.05 0.04
0 0.6475 0.785 0.045 0.04125
0 0.69625 0.78375 0.04375 0.0375
0 0.7425 0.78125 0.045 0.04125
0 0.79 0.7825 0.04125 0.03875
0 0.83625 0.77875 0.04375 0.03875
0 0.79125 0.74 0.04375 0.04
0 0.55125 0.74625 0.05 0.04375
0 0.60125 0.7425 0.0425 0.03875
0 0.65 0.74375 0.05 0.0425
0 0.6 0.7875 0.0475 0.03625
0 0.69 0.8675 0.04625 0.035
0 0.64375 0.87 0.045 0.04
0 0.59625 0.87125 0.04625 0.0375
0 0.4 0.6575 0.0525 0.045
0 0.34875 0.6575 0.04875 0.04625
0 0.29625 0.66 0.05125 0.04125
0 0.24 0.66375 0.055 0.05
0 0.18625 0.665 0.055 0.0475
0 0.14125 0.665 0.03125 0.0475
0 0.8375 0.735 0.0475 0.04375
0 0.1875 0.78 0.05 0.0475
0 0.24125 0.7775 0.055 0.04125
0 0.295 0.775 0.04875 0.04625
0 0.34625 0.7725 0.05 0.04125
0 0.3975 0.77 0.05 0.04375
0 0.44875 0.76875 0.05 0.045
0 0.49875 0.76875 0.0475 0.045
0 0.1425 0.7325 0.035 0.045
0 0.18875 0.7325 0.05125 0.04625
0 0.24125 0.73 0.0525 0.0425
0 0.295 0.73 0.05375 0.045
0 0.34875 0.72625 0.05125 0.03875
0 0.4 0.72375 0.0475 0.045
0 0.55 0.87375 0.04625 0.04
0 0.37375 0.525 0.02625 0.0875
0 0.39875 0.525 0.02125 0.09
0 0.4225 0.52375 0.02625 0.09125
0 0.7125 0.36 0.04 0.125
0 0.2075 0.34375 0.0475 0.1325
0 0.25125 0.34625 0.04 0.125
0 0.29625 0.35 0.04625 0.1325
0 0.3425 0.34875 0.0425 0.1325
0 0.385 0.3475 0.04 0.13
0 0.42625 0.3525 0.03875 0.12625
0 0.46625 0.355 0.0375 0.11875
0 0.50625 0.35375 0.04 0.12
0 0.55125 0.36 0.03875 0.12875
0 0.5925 0.36 0.04375 0.12875
0 0.63375 0.36 0.0375 0.125
0 0.6725 0.36 0.0375 0.125
0 0.69875 0.7425 0.04625 0.04
0 0.75375 0.36125 0.04 0.12375
0 0.7925 0.36375 0.03625 0.11875
0 0.83 0.36375 0.03875 0.11875
0 0.17125 0.18625 0.04125 0.13
0 0.85375 0.215 0.03875 0.12125
0 0.81125 0.215 0.04375 0.12125
0 0.76375 0.21375 0.05 0.125
0 0.71875 0.21125 0.03875 0.12625
0 0.6725 0.21 0.05125 0.12125
0 0.62125 0.20625 0.0475 0.1275
0 0.16 0.34375 0.0425 0.13125
0 0.575 0.20625 0.04625 0.12625
0 0.4775 0.2025 0.045 0.1225
0 0.43 0.19875 0.04625 0.13125
0 0.3775 0.19625 0.0525 0.1275
0 0.32625 0.19625 0.04875 0.13
0 0.2725 0.195 0.05625 0.125
0 0.21875 0.19 0.05 0.13625
0 0.52375 0.205 0.045 0.12625
0 0.63625 0.45125 0.015 0.01625
0 0.74375 0.74125 0.04375 0.0425
0 0.5875 0.45 0.01375 0.01375
0 0.47125 0.52375 0.025 0.08625
0 0.61375 0.45125 0.01875 0.01375
0 0.14375 0.46 0.025 0.06875
0 0.17 0.46125 0.02625 0.06625
0 0.1975 0.45625 0.0225 0.04875
0 0.53875 0.52625 0.01875 0.08
0 0.5625 0.52625 0.0275 0.08
0 0.59 0.52625 0.02375 0.08125
0 0.61375 0.52875 0.02375 0.07875
0 0.63875 0.5275 0.02 0.07875
0 0.66125 0.5275 0.02375 0.08125
0 0.6825 0.5275 0.0175 0.08125
0 0.705 0.52875 0.02125 0.08375
0 0.73 0.52875 0.02625 0.08375
0 0.75375 0.52875 0.0225 0.0825
0 0.495 0.52125 0.0225 0.08375
0 0.80125 0.52625 0.02 0.07875
0 0.77875 0.52625 0.0225 0.08125
0 0.61 0.475 0.0125 0.01375
0 0.5875 0.4725 0.01 0.00875
0 0.57 0.4525 0.01125 0.01
0 0.55 0.455 0.0125 0.01625
0 0.5275 0.455 0.01125 0.0125
0 0.4825 0.43125 0.01625 0.01375
0 0.63625 0.47625 0.015 0.01375
0 0.43875 0.43125 0.01125 0.01125
0 0.48125 0.455 0.01125 0.01375
0 0.4625 0.45375 0.01375 0.0125
0 0.44 0.4525 0.0125 0.00875
0 0.85 0.52875 0.02625 0.0775
0 0.46125 0.4325 0.01625 0.01125
0 0.8225 0.52875 0.02375 0.0775