0 0.34625 0.6175 0.04625 0.035
0 0.3125 0.75 0.01875 0.05875
0 0.76 0.755 0.0425 0.0625
0 0.365 0.75375 0.02125 0.06375
0 0.34125 0.7525 0.0225 0.06625
0 0.28625 0.75125 0.02625 0.05625
0 0.2475 0.7575 0.045 0.05
0 0.24125 0.15875 0.02375 0.05
0 0.6325 0.43625 0.02625 0.0425
0 0.44 0.75625 0.0225 0.0625
0 0.415 0.75375 0.02125 0.06125
0 0.46375 0.755 0.02125 0.0625
0 0.49125 0.7575 0.01625 0.06
0 0.50875 0.7575 0.01625 0.06125
0 0.53 0.7575 0.02 0.06125
0 0.55125 0.7575 0.02125 0.06125
0 0.57375 0.7575 0.02 0.06
0 0.595 0.7575 0.02125 0.0625
0 0.23875 0.6325 0.0375 0.00875
0 0.23875 0.62 0.035 0.01125
0 0.24 0.60875 0.04 0.01125
0 0.24125 0.595 0.03875 0.0125
0 0.75625 0.505 0.04875 0.03625
0 0.39 0.75375 0.0225 0.06125
0 0.76625 0.6475 0.0225 0.04
0 0.66 0.7575 0.01875 0.0575
0 0.66875 0.66 0.045 0.00875
0 0.67 0.64125 0.04375 0.0075
0 0.67 0.6325 0.0425 0.01
0 0.67125 0.62125 0.04375 0.00875
0 0.67 0.61 0.045 0.01
0 0.62875 0.645 0.035 0.04375
0 0.5925 0.645 0.035 0.04375
0 0.555 0.64625 0.035 0.0425
0 0.51875 0.64625 0.035 0.0425
0 0.55375 0.6 0.035 0.045
0 0.5175 0.6 0.035 0.04625
0 0.4775 0.65 0.04125 0.0325
0 0.43375 0.65 0.0425 0.0325
0 0.3875 0.6525 0.04375 0.03
0 0.34375 0.6525 0.04125 0.0325
0 0.39125 0.6175 0.04 0.035
0 0.67 0.65125 0.04625 0.00625
0 0.29375 0.6475 0.0525 0.01375
0 0.295 0.63375 0.05125 0.01125
0 0.24 0.6625 0.0375 0.00875
0 0.7575 0.46875 0.0475 0.035
0 0.68125 0.75625 0.02125 0.05875
0 0.2925 0.66 0.05125 0.00875
0 0.575 0.495 0.01125 0.0475
0 0.585 0.4975 0.00875 0.05
0 0.6 0.49125 0.01375 0.06
0 0.61 0.49 0.0075 0.05875
0 0.7425 0.6475 0.0225 0.0425
0 0.63875 0.7575 0.01875 0.05875
0 0.23875 0.6425 0.0375 0.01125
0 0.62 0.49125 0.01 0.05625
0 0.655 0.49 0.01375 0.05875
0 0.67375 0.49 0.01625 0.06375
0 0.69125 0.49 0.0125 0.065
0 0.755 0.43125 0.04875 0.03625
0 0.23875 0.65375 0.0375 0.0075
0 0.6175 0.75625 0.02 0.06125
0 0.6375 0.49 0.0125 0.0575
0 0.49625 0.495 0.01 0.05125
0 0.54625 0.145 0.05875 0.08375
0 0.24 0.42375 0.04 0.0125
0 0.24 0.43625 0.04 0.0125
0 0.24 0.45 0.04 0.01
0 0.24 0.4625 0.04 0.01375
0 0.2275 0.49875 0.015 0.0475
0 0.24375 0.49875 0.01375 0.0475
0 0.25875 0.5 0.015 0.0475
0 0.295 0.44625 0.05 0.0125
0 0.295 0.45875 0.05 0.01
0 0.295 0.46875 0.0475 0.00875
0 0.295 0.48 0.04875 0.01125
0 0.2975 0.49125 0.05125 0.01
0 0.29625 0.50375 0.05125 0.0125
0 0.2975 0.5175 0.05125 0.01375
0 0.68625 0.36375 0.03875 0.02625
0 0.34875 0.46 0.05 0.01375
0 0.34875 0.48625 0.05 0.00875
0 0.35 0.49625 0.05 0.01
0 0.3475 0.5075 0.04625 0.01
0 0.34875 0.51875 0.045 0.01125
0 0.41 0.41125 0.0475 0.01375
0 0.25125 0.34125 0.0075 0.0525
0 0.2375 0.3425 0.0125 0.0575
0 0.225 0.34125 0.01 0.0625
0 0.77125 0.1575 0.0175 0.06375
0 0.61875 0.14375 0.0125 0.05375
0 0.605 0.145 0.0125 0.05625
0 0.59125 0.14625 0.01375 0.0525
0 0.6225 0.07625 0.015 0.04625
0 0.60375 0.07625 0.02 0.0475
0 0.34875 0.47375 0.05125 0.01125
0 0.68875 0.31125 0.03875 0.07125
0 0.65875 0.345 0.00875 0.05875
0 0.64875 0.34375 0.01 0.05625
0 0.26 0.3425 0.00625 0.05375
0 0.265 0.3425 0.005 0.055
0 0.275 0.345 0.005 0.0625
0 0.28125 0.3425 0.005 0.0625
0 0.2875 0.34375 0.005 0.0625
0 0.2975 0.3425 0.00625 0.06
0 0.3025 0.3425 0.005 0.06
0 0.30875 0.3425 0.00625 0.06
0 0.32375 0.34375 0.00875 0.06
0 0.33375 0.345 0.01 0.0575
0 0.34375 0.345 0.01 0.06125
0 0.3575 0.34625 0.01125 0.05875
0 0.375 0.34375 0.00875 0.06
0 0.385 0.3425 0.00875 0.06125
0 0.40375 0.34375 0.01125 0.0575
0 0.415 0.34375 0.01125 0.05625
0 0.4275 0.345 0.00875 0.0625
0 0.63625 0.34625 0.00625 0.0575
0 0.62875 0.34625 0.0075 0.05625
0 0.6225 0.34625 0.00625 0.0575
0 0.5825 0.34625 0.01 0.0575
0 0.5725 0.34625 0.01 0.0575
0 0.56 0.3475 0.00875 0.05375
0 0.35375 0.1625 0.02875 0.02625
0 0.54875 0.34625 0.00875 0.055
0 0.51375 0.34875 0.0125 0.0575
0 0.49375 0.345 0.01125 0.05625
0 0.4825 0.3425 0.00875 0.06
0 0.47 0.345 0.01125 0.0575
0 0.455 0.34375 0.015 0.06125
0 0.43875 0.345 0.0125 0.06375
0 0.53 0.34625 0.01625 0.06
0 0.40625 0.16 0.055 0.0525
0 0.34875 0.4475 0.04875 0.01
0 0.40875 0.45125 0.05 0.01125
0 0.565 0.495 0.0075 0.0475
0 0.55625 0.49625 0.00875 0.04875
0 0.54125 0.495 0.01 0.05125
0 0.5325 0.49625 0.0075 0.05375
0 0.52375 0.4975 0.00875 0.05
0 0.57625 0.4425 0.00875 0.04375
0 0.5675 0.4425 0.00875 0.045
0 0.5575 0.44375 0.0075 0.045
0 0.54 0.445 0.00875 0.0475
0 0.53125 0.4425 0.0075 0.045
0 0.52375 0.44375 0.0075 0.045
0 0.50875 0.49625 0.01375 0.04875
0 0.51 0.44375 0.01375 0.045
0 0.585 0.44375 0.00875 0.04125
0 0.47125 0.4975 0.01375 0.04875
0 0.4975 0.4425 0.01 0.04875
0 0.41 0.42625 0.05 0.0125
0 0.41 0.43875 0.04875 0.01125
0 0.4075 0.465 0.04625 0.0125
0 0.4075 0.49 0.04875 0.01125
0 0.4075 0.5025 0.05125 0.01
0 0.40625 0.4775 0.04625 0.01125
0 0.44375 0.44375 0.0125 0.04875
0 0.4575 0.445 0.01375 0.04875
0 0.47 0.44625 0.0125 0.0525
0 0.4425 0.4975 0.01125 0.045
0 0.4575 0.49625 0.0125 0.045
0 0.4075 0.515 0.05375 0.01375