0 0.645 0.7675 0.0225 0.05625
0 0.81625 0.72125 0.03125 0.1175
0 0.805 0.1825 0.04 0.0775
0 0.68 0.76875 0.03375 0.0475
0 0.7625 0.175 0.03125 0.09
0 0.71625 0.1375 0.0425 0.155
0 0.61 0.755 0.0225 0.0525
0 0.7225 0.735 0.03875 0.11875
0 0.16 0.275 0.03125 0.115
0 0.7825 0.7225 0.02625 0.11125
0 0.855 0.18875 0.04 0.09625
0 0.26875 0.8425 0.1 0.03375
0 0.15125 0.955 0.0525 0.06625
0 0.855 0.76375 0.04 0.07
0 0.66875 0.14875 0.04125 0.1325
0 0.85875 0.69375 0.0325 0.05625
0 0.755 0.7325 0.0225 0.0975
0 0.59375 0.12625 0.03875 0.15375
0 0.6875 0.88375 0.03 0.0775
0 0.52625 0.1225 0.02625 0.145
0 0.15625 0.09125 0.0275 0.12625
0 0.1875 0.1075 0.025 0.0975
0 0.21625 0.1225 0.01625 0.08
0 0.2475 0.08875 0.0375 0.14625
0 0.28625 0.0925 0.03125 0.1525
0 0.32125 0.09125 0.03125 0.1575
0 0.585 0.7625 0.02125 0.05375
0 0.3525 0.10875 0.02625 0.13875
0 0.53875 0.90375 0.075 0.0875
0 0.47375 0.88375 0.0425 0.12
0 0.4175 0.8575 0.03625 0.075
0 0.55875 0.1225 0.02875 0.14625
0 0.3575 0.84625 0.0675 0.04875
0 0.6175 0.85375 0.0775 0.0375
0 0.61375 0.9075 0.0675 0.05875
0 0.73375 0.84875 0.04375 0.05875
0 0.72875 0.9075 0.0475 0.05125
0 0.78125 0.89875 0.04 0.0625
0 0.8225 0.8675 0.03125 0.11625
0 0.85375 0.8625 0.025 0.105
0 0.38625 0.0975 0.0325 0.1575
0 0.42375 0.13375 0.03 0.1025
0 0.4625 0.1375 0.03625 0.09875
0 0.49625 0.1225 0.025 0.135
0 0.26 0.9225 0.105 0.08125
0 0.56 0.7725 0.02 0.05375
0 0.27375 0.2825 0.08875 0.1225
0 0.50375 0.77125 0.02375 0.055
0 0.59875 0.45375 0.05 0.0675
0 0.53875 0.4475 0.03375 0.07375
0 0.4975 0.44625 0.0375 0.07125
0 0.45875 0.44625 0.0275 0.07875
0 0.42375 0.44375 0.03125 0.0775
0 0.38625 0.44125 0.03125 0.08625
0 0.5325 0.7725 0.02875 0.05375
0 0.64875 0.4575 0.045 0.07875
0 0.3175 0.44 0.03875 0.0875
0 0.8475 0.58125 0.03 0.0925
0 0.17125 0.70125 0.09 0.0575
0 0.23375 0.685 0.02625 0.05875
0 0.27625 0.6825 0.0175 0.055
0 0.27875 0.43 0.03125 0.0825
0 0.23875 0.43125 0.03375 0.09375
0 0.1925 0.4275 0.02625 0.1
0 0.8125 0.58625 0.0325 0.08875
0 0.1575 0.4325 0.0275 0.085
0 0.69 0.4525 0.02875 0.0875
0 0.72375 0.6175 0.02625 0.0225
0 0.82 0.45875 0.03625 0.0875
0 0.85875 0.465 0.03125 0.08
0 0.1625 0.55625 0.02875 0.085
0 0.19875 0.55625 0.03375 0.095
0 0.245 0.575 0.045 0.1175
0 0.2875 0.585 0.03125 0.085
0 0.3125 0.52125 0.02375 0.02125
0 0.7575 0.595 0.03125 0.05125
0 0.32125 0.58625 0.02625 0.0825
0 0.39125 0.58125 0.02625 0.08125
0 0.42875 0.58625 0.03875 0.0875
0 0.465 0.585 0.025 0.085
0 0.515 0.59125 0.055 0.075
0 0.5825 0.5875 0.055 0.085
0 0.64125 0.59625 0.05125 0.07625
0 0.68875 0.595 0.03625 0.075
0 0.3575 0.58875 0.03625 0.08875
0 0.8675 0.345 0.01375 0.07375
0 0.84875 0.35 0.015 0.07125
0 0.825 0.35375 0.02625 0.04875
0 0.2425 0.765 0.04625 0.06
0 0.29375 0.75 0.0325 0.03375
0 0.34 0.75375 0.045 0.04375
0 0.60875 0.34125 0.03875 0.045
0 0.6175 0.27625 0.0675 0.075
0 0.55625 0.3175 0.025 0.08
0 0.5225 0.3125 0.0275 0.0875
0 0.165 0.76875 0.0775 0.0325
0 0.4875 0.31375 0.03375 0.08375
0 0.3975 0.3075 0.0375 0.0825
0 0.34875 0.305 0.055 0.07875
0 0.7725 0.835 0.02875 0.04125
0 0.2025 0.2825 0.04375 0.1075
0 0.38625 0.755 0.04 0.04875
0 0.4375 0.76875 0.04625 0.06875
0 0.47625 0.7725 0.02625 0.05875
0 0.445 0.31125 0.0425 0.08
0 0.65625 0.67875 0.02625 0.04625
0 0.61625 0.68125 0.02375 0.05125
0 0.595 0.6825 0.015 0.05125
0 0.7925 0.355 0.03375 0.04625
0 0.80125 0.28875 0.06 0.065
0 0.7475 0.3325 0.02875 0.08875
0 0.6925 0.3375 0.0575 0.06125
0 0.29625 0.67875 0.0175 0.055
0 0.31875 0.68 0.0175 0.05375
0 0.3425 0.68125 0.02375 0.05
0 0.365 0.6825 0.01625 0.0525
0 0.3875 0.6825 0.02125 0.05375
0 0.41 0.68375 0.02 0.04125
0 0.44 0.67 0.015 0.03625
0 0.46625 0.67625 0.02375 0.04875
0 0.49 0.67875 0.01625 0.04875
0 0.50875 0.6775 0.01625 0.04625
0 0.5275 0.67625 0.01 0.0425
0 0.54375 0.67625 0.01625 0.04125
0 0.5725 0.68375 0.02125 0.05
0 0.72375 0.45 0.03 0.0875
0 0.77375 0.46125 0.04625 0.065