0 0.4775 0.28 0.0225 0.0825
0 0.50375 0.28 0.025 0.08625
0 0.52875 0.28125 0.0225 0.08625
0 0.55375 0.2825 0.025 0.08625
0 0.58 0.28625 0.02375 0.08125
0 0.6075 0.28625 0.02625 0.08
0 0.73 0.28625 0.02 0.08375
0 0.70625 0.22 0.0175 0.02375
0 0.72375 0.22 0.015 0.0225
0 0.705 0.28625 0.0275 0.08125
0 0.68 0.28375 0.02 0.08625
0 0.655 0.28375 0.02625 0.085
0 0.45375 0.28 0.02375 0.08
0 0.6325 0.28625 0.0175 0.08
0 0.7425 0.22 0.01625 0.0225
0 0.43 0.28 0.01875 0.08
0 0.6025 0.35625 0.09875 0.02
0 0.3825 0.27875 0.02375 0.08375
0 0.76 0.8425 0.0175 0.02
0 0.74125 0.8425 0.0125 0.02
0 0.74625 0.8225 0.01625 0.01625
0 0.765 0.8225 0.015 0.015
0 0.7625 0.80375 0.01625 0.02125
0 0.745 0.8025 0.015 0.02125
0 0.40625 0.27875 0.0225 0.08125
0 0.69125 0.84 0.08625 0.0175
0 0.27375 0.27125 0.02375 0.08875
0 0.3 0.27375 0.02625 0.08625
0 0.3275 0.275 0.02625 0.08375
0 0.355 0.27625 0.025 0.085
0 0.31375 0.22 0.025 0.01625
0 0.28625 0.2175 0.02375 0.0175
0 0.755 0.28625 0.02625 0.0825
0 0.6 0.37875 0.09625 0.02375
0 0.42 0.4875 0.08875 0.02125
0 0.245 0.8175 0.0225 0.015
0 0.4225 0.81375 0.08625 0.01875
0 0.42 0.83375 0.08625 0.01875
0 0.5125 0.79625 0.08625 0.02
0 0.51125 0.81625 0.08625 0.01875
0 0.51125 0.835 0.08625 0.01875
0 0.6 0.785 0.0825 0.0175
0 0.60875 0.4925 0.09625 0.01375
0 0.60875 0.47375 0.09625 0.0225
0 0.61125 0.44875 0.09625 0.0225
0 0.605 0.81625 0.085 0.02125
0 0.6025 0.83875 0.08375 0.01875
0 0.69125 0.8 0.08375 0.02125
0 0.6925 0.82125 0.085 0.01875
0 0.5125 0.48875 0.08875 0.0225
0 0.51375 0.47 0.09125 0.015
0 0.51375 0.44875 0.08875 0.02
0 0.42 0.4675 0.09375 0.01625
0 0.25875 0.6375 0.02 0.0125
0 0.3125 0.3975 0.095 0.0225
0 0.3125 0.375 0.09125 0.02
0 0.3125 0.35125 0.09375 0.025
0 0.2575 0.62375 0.01875 0.01125
0 0.2375 0.6225 0.01625 0.0125
0 0.42125 0.795 0.0875 0.01625
0 0.69875 0.66125 0.09375 0.01875
0 0.32125 0.83 0.1025 0.02375
0 0.32125 0.7825 0.1025 0.0225
0 0.24375 0.5425 0.02 0.015
0 0.24 0.5575 0.02 0.0125
0 0.23875 0.5725 0.01875 0.0125
0 0.23375 0.465 0.0125 0.02125
0 0.23625 0.485 0.01 0.01625
0 0.31875 0.69125 0.0925 0.01125
0 0.31875 0.7075 0.09375 0.01875
0 0.31875 0.73 0.095 0.02125
0 0.25625 0.7025 0.02 0.01375
0 0.25625 0.71875 0.02375 0.015
0 0.25625 0.73625 0.02 0.01625
0 0.41625 0.69375 0.09625 0.0125
0 0.41375 0.71 0.095 0.0175
0 0.41375 0.73 0.09375 0.02125
0 0.51375 0.7075 0.0925 0.0225
0 0.51125 0.73375 0.0925 0.02125
0 0.60875 0.70875 0.0925 0.03125
0 0.60875 0.73625 0.09375 0.02125
0 0.705 0.71375 0.095 0.02625
0 0.705 0.7375 0.095 0.01875
0 0.2475 0.7975 0.02 0.02
0 0.25375 0.65125 0.0175 0.01125
0 0.24875 0.83375 0.02375 0.01375
0 0.31875 0.805 0.1 0.02375
0 0.2325 0.6525 0.0175 0.0125
0 0.70625 0.49625 0.0925 0.02125
0 0.76875 0.48 0.01625 0.0175
0 0.75875 0.57875 0.0175 0.01875
0 0.73625 0.58 0.02 0.02125
0 0.31625 0.61375 0.09375 0.02
0 0.31625 0.63375 0.09125 0.0175
0 0.3175 0.655 0.09125 0.02
0 0.40875 0.6175 0.08875 0.02
0 0.41 0.63625 0.09 0.015
0 0.42125 0.4475 0.0875 0.02375
0 0.31875 0.48625 0.09875 0.02375
0 0.32 0.46125 0.10625 0.02
0 0.32 0.4375 0.10125 0.02375
0 0.77 0.38125 0.01875 0.025
0 0.765 0.4075 0.02 0.02375
0 0.7025 0.40625 0.0975 0.02125
0 0.705 0.38 0.1 0.02375
0 0.70375 0.35625 0.0975 0.02
0 0.60125 0.40375 0.1 0.02375
0 0.40875 0.35625 0.09125 0.0225
0 0.4075 0.38 0.09125 0.02
0 0.4075 0.4025 0.09625 0.02
0 0.50375 0.40375 0.08875 0.01875
0 0.5025 0.3825 0.08875 0.0225
0 0.5025 0.3625 0.08125 0.015
0 0.75875 0.55625 0.02 0.02125
0 0.70625 0.475 0.0925 0.0175
0 0.73625 0.5575 0.0175 0.02125
0 0.6775 0.55375 0.09625 0.02625
0 0.77 0.49875 0.01875 0.01625
0 0.315 0.52875 0.095 0.02375
0 0.3125 0.55125 0.095 0.0175
0 0.3125 0.5725 0.0925 0.02
0 0.4025 0.575 0.0775 0.015
0 0.4025 0.55625 0.07875 0.01875
0 0.40375 0.53625 0.07625 0.0175
0 0.4875 0.535 0.0875 0.02
0 0.49 0.55625 0.09125 0.01875
0 0.4875 0.575 0.09125 0.0175
0 0.58375 0.5375 0.08875 0.02125
0 0.6975 0.63875 0.09125 0.0225
0 0.69875 0.6175 0.09625 0.01625
0 0.6025 0.6625 0.08875 0.0175
0 0.6 0.6425 0.0875 0.01875
0 0.59625 0.62125 0.09125 0.02
0 0.505 0.65875 0.09375 0.0225
0 0.50125 0.635 0.0925 0.02375
0 0.5025 0.6125 0.09125 0.015
0 0.41125 0.655 0.09125 0.01875
0 0.58125 0.5575 0.09125 0.01875
0 0.58125 0.57875 0.0875 0.0175
0 0.67625 0.57875 0.0975 0.01875
0 0.6775 0.5325 0.09625 0.01375
0 0.2375 0.6375 0.01875 0.01