0 0.7475 0.31625 0.04 0.0775
0 0.15 0.155 0.05 0.08875
0 0.19375 0.15875 0.03375 0.07875
0 0.23875 0.1875 0.055 0.10125
0 0.28 0.205 0.02625 0.0675
0 0.30875 0.20125 0.03 0.07375
0 0.3425 0.20125 0.03125 0.07375
0 0.375 0.20125 0.03125 0.07375
0 0.44 0.20125 0.03125 0.07375
0 0.50375 0.17125 0.03 0.04125
0 0.65125 0.19625 0.0675 0.08125
0 0.58625 0.18875 0.06 0.1
0 0.53875 0.2175 0.03 0.045
0 0.535 0.1725 0.03 0.045
0 0.505 0.215 0.03 0.045
0 0.4725 0.205 0.03125 0.06875
0 0.4075 0.2025 0.03125 0.07375
0 0.71 0.2825 0.03375 0.04875
0 0.2975 0.32375 0.0275 0.07
0 0.67375 0.2825 0.0375 0.04625
0 0.32625 0.32375 0.02875 0.07
0 0.3575 0.3225 0.02875 0.07125
0 0.3875 0.3225 0.03125 0.07125
0 0.42875 0.32375 0.03125 0.07125
0 0.23375 0.32375 0.0325 0.07
0 0.15 0.29 0.01 0.06125
0 0.185 0.28375 0.05875 0.07375
0 0.7075 0.2075 0.045 0.06375
0 0.51125 0.765 0.025 0.0425
0 0.4775 0.32375 0.0325 0.06875
0 0.26625 0.32375 0.0325 0.07
0 0.50875 0.32375 0.03 0.06875
0 0.54 0.325 0.03 0.06625
0 0.5825 0.28625 0.0425 0.0525
0 0.57 0.335 0.02875 0.045
0 0.59875 0.335 0.02375 0.0425
0 0.63625 0.32 0.03375 0.07125
0 0.69625 0.3325 0.03125 0.04875
0 0.7125 0.80375 0.0075 0.105
0 0.66625 0.3325 0.025 0.05
0 0.685 0.785 0.02875 0.0775
0 0.57625 0.6175 0.0425 0.05
0 0.53125 0.61875 0.0375 0.05375
0 0.495 0.61625 0.0325 0.06
0 0.45625 0.61375 0.04 0.06375
0 0.41625 0.615 0.04 0.06375
0 0.37625 0.5925 0.03625 0.02125
0 0.3775 0.63 0.03875 0.03875
0 0.33125 0.6175 0.05375 0.065
0 0.2725 0.6175 0.0575 0.06125
0 0.22 0.6175 0.04 0.07
0 0.62 0.6125 0.0425 0.0625
0 0.18375 0.61625 0.03125 0.07
0 0.75375 0.5125 0.06 0.0775
0 0.70125 0.52125 0.0325 0.075
0 0.66625 0.51375 0.03 0.08125
0 0.63125 0.5275 0.03625 0.05125
0 0.6 0.51 0.02125 0.0675
0 0.57125 0.52375 0.03375 0.0725
0 0.53375 0.5225 0.0325 0.07375
0 0.5 0.52375 0.0325 0.05625
0 0.46125 0.52625 0.04375 0.06875
0 0.4175 0.53625 0.04125 0.05
0 0.145 0.61625 0.04 0.075
0 0.6475 0.6025 0.015 0.04875
0 0.6725 0.61375 0.025 0.05125
0 0.735 0.81375 0.03375 0.10125
0 0.62125 0.66875 0.015 0.01125
0 0.635 0.67625 0.01125 0.0275
0 0.65125 0.68125 0.01875 0.04
0 0.59875 0.6825 0.01375 0.035
0 0.615 0.6975 0.01625 0.04625
0 0.56875 0.6775 0.015 0.0275
0 0.5425 0.70125 0.02125 0.05
0 0.5 0.695 0.045 0.06
0 0.455 0.68875 0.01625 0.0325
0 0.4375 0.6875 0.0175 0.04375
0 0.405 0.675 0.015 0.015
0 0.42125 0.6825 0.01375 0.03125
0 0.405 0.7025 0.01625 0.03125
0 0.38625 0.68875 0.01625 0.03125
0 0.36875 0.68875 0.01625 0.03125
0 0.32 0.69 0.01625 0.03125
0 0.3025 0.69 0.01625 0.03125
0 0.27 0.70625 0.03125 0.04125
0 0.22875 0.71375 0.0475 0.075
0 0.18375 0.7 0.0425 0.05625
0 0.14 0.7075 0.02875 0.065
0 0.745 0.60375 0.0175 0.05125
0 0.7225 0.615 0.025 0.05125
0 0.3725 0.52875 0.04625 0.07625
0 0.32375 0.5275 0.04625 0.07625
0 0.6975 0.6125 0.025 0.05125
0 0.22125 0.5025 0.0325 0.08875
0 0.71125 0.68 0.00625 0.035
0 0.40125 0.82875 0.025 0.1
0 0.14125 0.855 0.03125 0.0625
0 0.17875 0.8425 0.03875 0.0575
0 0.2225 0.85125 0.045 0.0625
0 0.25625 0.83125 0.02125 0.0975
0 0.28 0.83 0.025 0.0975
0 0.3075 0.8175 0.02625 0.09375
0 0.33375 0.82 0.02375 0.09375
0 0.3575 0.81625 0.02125 0.09375
0 0.3775 0.82 0.02 0.095
0 0.6475 0.81 0.0225 0.07375
0 0.62 0.82375 0.03125 0.075
0 0.585 0.7975 0.0275 0.07125
0 0.5625 0.77875 0.01125 0.06375
0 0.47375 0.77375 0.0175 0.05375
0 0.5425 0.82 0.02375 0.10875
0 0.45 0.81375 0.0225 0.1125
0 0.42625 0.82625 0.025 0.1
0 0.7275 0.6925 0.0225 0.045
0 0.67625 0.69125 0.01375 0.03375
0 0.53375 0.67 0.015 0.01125
0 0.1825 0.395 0.0475 0.07875
0 0.18 0.5025 0.04625 0.0875
0 0.76125 0.41125 0.01375 0.07375
0 0.72875 0.41625 0.05125 0.08
0 0.68375 0.4175 0.03625 0.06875
0 0.6475 0.4175 0.025 0.065
0 0.615 0.41875 0.03625 0.06625
0 0.695 0.69875 0.02125 0.045
0 0.14125 0.39375 0.0325 0.08375
0 0.57625 0.415 0.04 0.07
0 0.5 0.4175 0.02375 0.06625
0 0.27125 0.5225 0.0525 0.085
0 0.47 0.4175 0.0375 0.07
0 0.22125 0.4025 0.03 0.0675
0 0.2575 0.41875 0.0425 0.07375
0 0.2975 0.41875 0.03375 0.07375
0 0.33125 0.42 0.0325 0.07
0 0.36375 0.42 0.0325 0.0675
0 0.5375 0.415 0.03375 0.07
0 0.4 0.4175 0.03375 0.07125
0 0.43375 0.42125 0.0325 0.0675