0 0.7725 0.04875 0.0175 0.09
0 0.7475 0.04875 0.0175 0.0925
0 0.71 0.04875 0.03875 0.085
0 0.66 0.0475 0.03875 0.08375
0 0.7975 0.05125 0.015 0.0925
0 0.605 0.04125 0.025 0.07875
0 0.4275 0.0375 0.04 0.06
0 0.53375 0.04125 0.03875 0.07625
0 0.48 0.03625 0.04 0.06125
0 0.36875 0.0275 0.0525 0.0525
0 0.305 0.0275 0.0525 0.04875
0 0.2375 0.025 0.0625 0.04375
0 0.82125 0.05375 0.01625 0.09625
0 0.57375 0.04125 0.02375 0.0775
0 0.255 0.15125 0.04875 0.0875
0 0.82375 0.37125 0.01875 0.04375
0 0.36375 0.13125 0.03625 0.04625
0 0.5975 0.58375 0.03625 0.06875
0 0.6375 0.5825 0.04125 0.07375
0 0.5175 0.59 0.0325 0.0725
0 0.55625 0.58875 0.03125 0.07375
0 0.4675 0.59375 0.0525 0.07375
0 0.4125 0.59875 0.04875 0.07625
0 0.74625 0.57625 0.02875 0.05875
0 0.35875 0.5975 0.04125 0.0825
0 0.285 0.60625 0.03 0.07125
0 0.2425 0.60875 0.03125 0.08
0 0.1775 0.585 0.02 0.0275
0 0.2025 0.5825 0.02125 0.02625
0 0.1775 0.61375 0.02125 0.02375
0 0.20375 0.61 0.0225 0.02375
0 0.31625 0.605 0.02 0.07375
0 0.14 0.69 0.02875 0.07125
0 0.715 0.58 0.02375 0.06625
0 0.7875 0.52125 0.02 0.06875
0 0.37125 0.51875 0.015 0.0475
0 0.3925 0.51875 0.02125 0.0475
0 0.415 0.51875 0.01875 0.0475
0 0.43375 0.51125 0.01125 0.04
0 0.3125 0.165 0.045 0.07375
0 0.47875 0.515 0.01625 0.0475
0 0.6825 0.58 0.03 0.07
0 0.4625 0.46625 0.01625 0.01875
0 0.53875 0.5 0.02875 0.0675
0 0.575 0.4975 0.0275 0.0725
0 0.615 0.4975 0.02625 0.06625
0 0.65625 0.49375 0.02625 0.07125
0 0.68875 0.49125 0.02875 0.06625
0 0.72125 0.49 0.0275 0.06625
0 0.505 0.5 0.02375 0.06875
0 0.1925 0.705 0.045 0.025
0 0.24875 0.72125 0.03 0.08625
0 0.305 0.7 0.07 0.065
0 0.60125 0.845 0.02125 0.07875
0 0.51 0.845 0.0225 0.1025
0 0.4825 0.85 0.0225 0.11375
0 0.455 0.85375 0.0225 0.1175
0 0.425 0.86375 0.0225 0.10625
0 0.3975 0.865 0.02125 0.1075
0 0.57 0.85125 0.0225 0.07875
0 0.37125 0.8675 0.02125 0.11
0 0.26625 0.89125 0.0475 0.0975
0 0.19875 0.90375 0.08125 0.08125
0 0.18125 0.77625 0.05875 0.04125
0 0.185 0.81 0.06125 0.01125
0 0.1875 0.8275 0.06125 0.01125
0 0.315 0.89125 0.035 0.08
0 0.3475 0.8725 0.02 0.1125
0 0.535 0.8525 0.02375 0.0825
0 0.68375 0.8275 0.02 0.1025
0 0.6625 0.83 0.01625 0.1025
0 0.365 0.70625 0.03 0.085
0 0.39625 0.70125 0.02625 0.0825
0 0.42625 0.7025 0.02625 0.07625
0 0.47125 0.7 0.05375 0.0675
0 0.5325 0.69125 0.02375 0.07125
0 0.56 0.6875 0.025 0.0675
0 0.5925 0.68625 0.03125 0.06875
0 0.625 0.685 0.02625 0.06125
0 0.65625 0.6825 0.03125 0.065
0 0.71875 0.68 0.0225 0.065
0 0.74625 0.67125 0.02375 0.06125
0 0.75875 0.72625 0.02125 0.03875
0 0.74125 0.80875 0.0225 0.1
0 0.70625 0.82375 0.0175 0.095
0 0.63125 0.82375 0.0175 0.1
0 0.35125 0.51875 0.015 0.0475
0 0.32875 0.52 0.01875 0.04875
0 0.45625 0.5175 0.02 0.04375
0 0.2825 0.5225 0.0175 0.05
0 0.77875 0.2075 0.02875 0.03
0 0.81 0.13625 0.04125 0.03625
0 0.8475 0.1125 0.02125 0.09125
0 0.8375 0.21875 0.025 0.05375
0 0.86625 0.22375 0.0175 0.0525
0 0.81 0.2075 0.01625 0.03
0 0.7325 0.20375 0.02125 0.02875
0 0.13125 0.3225 0.0125 0.04625
0 0.16625 0.3225 0.015 0.0425
0 0.305 0.52 0.02 0.05125
0 0.2025 0.32625 0.015 0.03875
0 0.24125 0.28875 0.05125 0.0775
0 0.3125 0.2875 0.07375 0.08875
0 0.3725 0.2925 0.03125 0.075
0 0.14875 0.325 0.0125 0.04
0 0.41125 0.305 0.03125 0.0525
0 0.75 0.16875 0.02625 0.03125
0 0.69 0.20125 0.02875 0.0325
0 0.40375 0.13375 0.0325 0.0475
0 0.43875 0.14125 0.02375 0.03875
0 0.475 0.14 0.03625 0.0375
0 0.365 0.18125 0.03375 0.04625
0 0.40875 0.18125 0.035 0.04125
0 0.4525 0.1875 0.03 0.04125
0 0.7175 0.165 0.025 0.0275
0 0.49 0.18875 0.03 0.04375
0 0.56375 0.155 0.02875 0.03125
0 0.57875 0.19625 0.0275 0.03875
0 0.61625 0.15875 0.04125 0.02875
0 0.62125 0.195 0.025 0.03125
0 0.66125 0.1625 0.0275 0.02625
0 0.65625 0.2 0.02875 0.0375
0 0.53875 0.195 0.03875 0.03875
0 0.45625 0.295 0.03625 0.07375
0 0.18375 0.32375 0.01 0.04125
0 0.55 0.305 0.03125 0.0525
0 0.21 0.52375 0.025 0.05625
0 0.17 0.52 0.0425 0.06375
0 0.18375 0.41375 0.03375 0.09125
0 0.25125 0.38625 0.055 0.06625
0 0.5075 0.305 0.04 0.0525
0 0.3825 0.3825 0.055 0.07375
0 0.78875 0.45125 0.01875 0.03875
0 0.49375 0.385 0.04125 0.065
0 0.81 0.4475 0.01625 0.0425
0 0.82875 0.44625 0.015 0.04375
0 0.85875 0.44125 0.025 0.05875
0 0.70625 0.4 0.03375 0.03125
0 0.66875 0.385 0.03375 0.0625
0 0.6275 0.385 0.03875 0.07125
0 0.44125 0.38625 0.05375 0.0675
0 0.2375 0.51875 0.015 0.0525
0 0.26125 0.52 0.01875 0.04875
0 0.81625 0.3 0.02 0.06375
0 0.585 0.30625 0.02375 0.05375
0 0.58875 0.25875 0.03625 0.025
0 0.6175 0.30625 0.03125 0.055
0 0.66625 0.29875 0.04 0.06875
0 0.71 0.2975 0.02875 0.08
0 0.745 0.30125 0.03125 0.08
0 0.78375 0.3 0.0325 0.0775
0 0.5825 0.40875 0.03375 0.02
0 0.70625 0.36125 0.03625 0.0375
0 0.74125 0.385 0.01875 0.0575
0 0.76875 0.38 0.02625 0.0575
0 0.79375 0.37 0.01375 0.0375
0 0.865 0.37375 0.01875 0.03875
0 0.765 0.455 0.015 0.03
0 0.53875 0.38375 0.04125 0.065