0 0.50625 0.8775 0.04625 0.1225
0 0.35375 0.9375 0.03875 0.03625
0 0.4625 0.88125 0.035 0.11125
0 0.42875 0.89 0.03125 0.11875
0 0.39125 0.93625 0.0325 0.04375
0 0.30125 0.9125 0.0375 0.12375
0 0.81625 0.57 0.02625 0.095
0 0.21375 0.93 0.03 0.11875
0 0.78625 0.57375 0.03125 0.09
0 0.755 0.575 0.02875 0.09375
0 0.15 0.775 0.04 0.10625
0 0.69125 0.57875 0.0325 0.09125
0 0.6425 0.58 0.045 0.0975
0 0.59875 0.5825 0.0375 0.105
0 0.56125 0.58375 0.0325 0.1075
0 0.51875 0.5875 0.04375 0.10625
0 0.18625 0.77375 0.0325 0.1125
0 0.23875 0.7925 0.03875 0.04625
0 0.285 0.76 0.0475 0.09625
0 0.33375 0.755 0.045 0.10375
0 0.375 0.75125 0.0375 0.0975
0 0.255 0.9225 0.04875 0.1075
0 0.41375 0.74625 0.035 0.10375
0 0.4775 0.73125 0.03375 0.12125
0 0.52125 0.725 0.04875 0.11
0 0.565 0.72125 0.035 0.1025
0 0.605 0.71625 0.045 0.1
0 0.6425 0.7175 0.03 0.1
0 0.67125 0.71375 0.02625 0.09375
0 0.70125 0.71 0.03125 0.09375
0 0.73375 0.7075 0.0325 0.0975
0 0.7875 0.7 0.0375 0.08625
0 0.84625 0.56625 0.0275 0.09
0 0.82 0.695 0.025 0.0975
0 0.8475 0.69 0.0275 0.09
0 0.17875 0.9275 0.03375 0.1275
0 0.44625 0.7525 0.0275 0.06875
0 0.72125 0.5775 0.0225 0.08375
0 0.65 0.4475 0.04375 0.0925
0 0.44 0.6025 0.02625 0.09375
0 0.73125 0.165 0.02 0.095
0 0.75 0.1625 0.015 0.1
0 0.77 0.165 0.025 0.105
0 0.7925 0.16375 0.0175 0.10625
0 0.81375 0.16375 0.02 0.1075
0 0.83875 0.165 0.02875 0.10875
0 0.7125 0.16375 0.0175 0.0925
0 0.16625 0.31 0.05 0.12875
0 0.26625 0.305 0.0425 0.11125
0 0.3325 0.33875 0.055 0.04
0 0.38375 0.30625 0.04375 0.1075
0 0.425 0.30625 0.0375 0.10875
0 0.4575 0.305 0.025 0.11
0 0.4875 0.3075 0.0325 0.10625
0 0.21875 0.3125 0.0525 0.1225
0 0.5175 0.30375 0.02625 0.10875
0 0.6875 0.1525 0.02375 0.12
0 0.63125 0.14875 0.0275 0.12875
0 0.1925 0.145 0.0425 0.115
0 0.2475 0.15625 0.02875 0.09375
0 0.27625 0.1625 0.0275 0.08375
0 0.30875 0.14 0.035 0.12625
0 0.3375 0.14625 0.0225 0.11375
0 0.35875 0.14 0.01875 0.1225
0 0.66125 0.15375 0.0275 0.12
0 0.38375 0.14125 0.03 0.11875
0 0.4875 0.15 0.03 0.11375
0 0.51625 0.1525 0.025 0.11875
0 0.5425 0.15375 0.0275 0.1125
0 0.55125 0.875 0.035 0.10375
0 0.57125 0.15 0.03 0.11625
0 0.6 0.15125 0.025 0.11375
0 0.4575 0.1575 0.02875 0.1
0 0.475 0.5925 0.04375 0.11375
0 0.54875 0.305 0.03375 0.10625
0 0.63 0.305 0.03875 0.1075
0 0.60625 0.44875 0.0325 0.09375
0 0.68875 0.4425 0.03625 0.10125
0 0.7225 0.44125 0.02875 0.1
0 0.75375 0.44375 0.03375 0.09625
0 0.78625 0.44375 0.02875 0.09375
0 0.83125 0.44 0.035 0.0925
0 0.57625 0.45125 0.02125 0.09375
0 0.86125 0.43875 0.02625 0.0925
0 0.19875 0.6175 0.0375 0.11875
0 0.24375 0.61125 0.0475 0.115
0 0.285 0.60875 0.03625 0.1175
0 0.33125 0.62625 0.0375 0.0825
0 0.37125 0.6075 0.0375 0.09375
0 0.4075 0.605 0.035 0.09625
0 0.155 0.625 0.0475 0.1025
0 0.5825 0.30625 0.035 0.11
0 0.54875 0.45 0.03125 0.09625
0 0.47 0.45375 0.03625 0.10125
0 0.67375 0.30375 0.04125 0.105
0 0.71625 0.30375 0.0425 0.105
0 0.74875 0.30625 0.025 0.1
0 0.77875 0.305 0.0325 0.0975
0 0.81 0.3075 0.03 0.08875
0 0.84125 0.31125 0.03 0.09375
0 0.50875 0.45 0.0375 0.10875
0 0.86375 0.3125 0.01625 0.09
0 0.20125 0.4725 0.04125 0.1125
0 0.24 0.465 0.03125 0.1
0 0.27625 0.4625 0.03875 0.10625
0 0.32125 0.46125 0.045 0.10625
0 0.4 0.45875 0.04 0.10125
0 0.435 0.465 0.02625 0.08625
0 0.15875 0.46875 0.03875 0.1075
0 0.5875 0.8675 0.0325 0.11875
0 0.15 0.14375 0.04 0.115
0 0.65625 0.85375 0.02625 0.1125
0 0.6875 0.85125 0.03125 0.09125
0 0.72125 0.845 0.02875 0.10375
0 0.75375 0.84125 0.0375 0.0975
0 0.81625 0.82375 0.03625 0.0975
0 0.8525 0.82625 0.03375 0.09125
0 0.625 0.86 0.03625 0.10375