0 0.56625 0.5925 0.01875 0.05375
0 0.54125 0.6025 0.02375 0.0375
0 0.51 0.565 0.03 0.01125
0 0.47 0.5725 0.0125 0.03125
0 0.58875 0.5925 0.02375 0.05125
0 0.48 0.60625 0.0175 0.02
0 0.4425 0.57375 0.0325 0.01125
0 0.51375 0.60125 0.02375 0.03625
0 0.61375 0.59125 0.01875 0.0525
0 0.67375 0.59125 0.01875 0.05125
0 0.6525 0.59125 0.0175 0.055
0 0.44875 0.5975 0.02625 0.03125
0 0.72 0.58375 0.0225 0.06875
0 0.75125 0.58375 0.025 0.06375
0 0.77375 0.5925 0.015 0.0425
0 0.23 0.6525 0.01875 0.03625
0 0.2625 0.65375 0.0175 0.035
0 0.28875 0.66375 0.02625 0.0475
0 0.335 0.67125 0.0225 0.03625
0 0.385 0.66875 0.02375 0.0375
0 0.40875 0.66625 0.01875 0.03625
0 0.34125 0.14 0.015 0.0075
0 0.6325 0.59375 0.01625 0.0475
0 0.4175 0.60125 0.02625 0.03625
0 0.32375 0.60125 0.02875 0.04
0 0.39125 0.6025 0.025 0.02875
0 0.3375 0.1275 0.0175 0.0125
0 0.44375 0.51875 0.02625 0.04125
0 0.4175 0.52375 0.02 0.03625
0 0.395 0.5225 0.01875 0.035
0 0.3725 0.52375 0.02125 0.03375
0 0.35125 0.52375 0.01875 0.03125
0 0.32875 0.52625 0.0175 0.035
0 0.4725 0.5175 0.025 0.04125
0 0.50375 0.51875 0.02875 0.04125
0 0.5325 0.51375 0.02125 0.0325
0 0.3925 0.57 0.02125 0.0175
0 0.56125 0.51875 0.02625 0.04
0 0.62125 0.5175 0.0275 0.035
0 0.6575 0.51875 0.03375 0.0425
0 0.7175 0.5275 0.03625 0.01875
0 0.7575 0.5275 0.0375 0.02375
0 0.71375 0.50625 0.0425 0.02
0 0.755 0.50625 0.03625 0.015
0 0.30125 0.52375 0.03125 0.03875
0 0.235 0.5925 0.02375 0.01875
0 0.2875 0.59875 0.03375 0.045
0 0.35875 0.60125 0.02875 0.0375
0 0.59 0.5175 0.02875 0.03875
0 0.76 0.4825 0.035 0.0125
0 0.30125 0.175 0.01875 0.07375
0 0.775 0.65625 0.0125 0.03625
0 0.365 0.73875 0.01625 0.03
0 0.3275 0.71375 0.04125 0.02125
0 0.33125 0.73875 0.0475 0.02625
0 0.29375 0.72375 0.01625 0.0425
0 0.26625 0.74375 0.03 0.02375
0 0.27 0.7125 0.0275 0.0175
0 0.24 0.71125 0.02625 0.01875
0 0.235 0.7425 0.02625 0.02
0 0.75375 0.65875 0.02625 0.0325
0 0.725 0.66 0.0225 0.03375
0 0.38 0.735 0.00875 0.03375
0 0.70125 0.655 0.0175 0.04625
0 0.6425 0.66125 0.02625 0.01625
0 0.60875 0.66125 0.035 0.02625
0 0.575 0.66 0.025 0.03375
0 0.54875 0.6575 0.02375 0.03625
0 0.52125 0.665 0.0225 0.0325
0 0.4975 0.67 0.01625 0.01375
0 0.48125 0.675 0.01625 0.0175
0 0.47875 0.65125 0.02125 0.02
0 0.455 0.6675 0.0125 0.015
0 0.275 0.52625 0.01875 0.03125
0 0.6725 0.6575 0.03 0.0425
0 0.39 0.75 0.01 0.01125
0 0.40375 0.74875 0.0125 0.01125
0 0.3925 0.725 0.0125 0.01625
0 0.77375 0.73 0.01375 0.02375
0 0.75375 0.7325 0.0175 0.01875
0 0.73125 0.72125 0.01 0.03375
0 0.7075 0.7175 0.0225 0.01375
0 0.70625 0.735 0.03375 0.01625
0 0.66875 0.7275 0.01 0.03875
0 0.65625 0.725 0.0075 0.04125
0 0.64625 0.73125 0.0075 0.0275
0 0.63625 0.7325 0.0075 0.02875
0 0.625 0.73375 0.00875 0.0275
0 0.6125 0.73125 0.01125 0.03625
0 0.6 0.73 0.01 0.035
0 0.585 0.73125 0.01125 0.03625
0 0.57 0.73375 0.015 0.0375
0 0.555 0.7325 0.0125 0.035
0 0.5375 0.72875 0.01625 0.04875
0 0.51875 0.73125 0.01875 0.0425
0 0.50375 0.71375 0.01125 0.015
0 0.5025 0.74125 0.01125 0.0325
0 0.4875 0.74875 0.01125 0.01375
0 0.475 0.745 0.00875 0.015
0 0.46125 0.74375 0.01 0.02
0 0.415 0.745 0.0075 0.01375
0 0.725 0.48125 0.03125 0.0125
0 0.2525 0.52125 0.0225 0.0475
0 0.43375 0.665 0.02125 0.03375
0 0.72 0.4425 0.03625 0.02375
0 0.25375 0.2825 0.0325 0.05875
0 0.29 0.2775 0.03625 0.0725
0 0.32625 0.27875 0.0275 0.06125
0 0.36 0.2825 0.02875 0.05375
0 0.3925 0.285 0.03125 0.04875
0 0.425 0.27875 0.02875 0.06125
0 0.45625 0.27875 0.02875 0.06125
0 0.4875 0.27875 0.0275 0.06
0 0.5175 0.275 0.02625 0.06875
0 0.5475 0.28125 0.025 0.06
0 0.58 0.275 0.0325 0.07375
0 0.625 0.295 0.04375 0.0325
0 0.66375 0.285 0.0275 0.05
0 0.695 0.29125 0.0325 0.035
0 0.73125 0.27625 0.03625 0.0675
0 0.23 0.51875 0.0175 0.0475
0 0.2925 0.3625 0.01875 0.04375
0 0.345 0.36125 0.0225 0.0475
0 0.37 0.36375 0.02 0.0475
0 0.7675 0.17375 0.02375 0.08125
0 0.7325 0.17625 0.0375 0.0775
0 0.705 0.1775 0.015 0.075
0 0.6875 0.17625 0.01625 0.07375
0 0.2525 0.18125 0.03125 0.05875
0 0.28 0.1725 0.02 0.07625
0 0.455 0.645 0.01625 0.01625
0 0.32375 0.17625 0.0125 0.06625
0 0.33875 0.1825 0.01375 0.05875
0 0.355 0.18375 0.015 0.0575
0 0.37 0.19 0.01375 0.045
0 0.3875 0.19125 0.01375 0.04
0 0.42375 0.1875 0.01125 0.04625
0 0.39125 0.3625 0.02 0.0475
0 0.44 0.18375 0.01375 0.055
0 0.46875 0.1975 0.01125 0.0325
0 0.48625 0.1825 0.0175 0.05875
0 0.50625 0.1825 0.02125 0.0625
0 0.5325 0.17625 0.0175 0.075
0 0.55125 0.17625 0.0175 0.07375
0 0.57 0.18375 0.01375 0.0575
0 0.595 0.20125 0.02625 0.02625
0 0.62875 0.17875 0.0275 0.0725
0 0.66 0.1775 0.02875 0.06625
0 0.45625 0.195 0.01 0.03375
0 0.425 0.355 0.01625 0.045
0 0.26375 0.36125 0.0225 0.04625
0 0.46 0.34 0.03125 0.02375
0 0.43125 0.455 0.025 0.03875
0 0.46125 0.455 0.02875 0.03625
0 0.3325 0.40875 0.0175 0.01375
0 0.4525 0.37 0.0325 0.0275
0 0.39 0.41125 0.01625 0.02125
0 0.41125 0.41375 0.02125 0.02125
0 0.435 0.4125 0.0225 0.02
0 0.475 0.41625 0.0275 0.025
0 0.51 0.4525 0.02125 0.04125
0 0.48625 0.4575 0.02 0.03375
0 0.5325 0.4475 0.0175 0.05125
0 0.55375 0.44875 0.01875 0.05
0 0.575 0.45625 0.01625 0.0325
0 0.5975 0.45625 0.02125 0.03375
0 0.62875 0.44625 0.01875 0.05125
0 0.65 0.44625 0.01875 0.0525
0 0.67125 0.4525 0.01125 0.0375
0 0.6875 0.45375 0.01625 0.03875
0 0.715 0.41375 0.0175 0.02625
0 0.40875 0.4525 0.01625 0.04375
0 0.38375 0.455 0.02375 0.03625
0 0.34625 0.42375 0.01125 0.00875
0 0.355 0.455 0.01125 0.04125
0 0.4875 0.38 0.0325 0.00625
0 0.48625 0.3725 0.0325 0.00625
0 0.485 0.36125 0.03 0.0125
0 0.5175 0.36375 0.01875 0.0425
0 0.36625 0.455 0.0075 0.04125
0 0.56125 0.3625 0.02 0.0425
0 0.5825 0.36375 0.02125 0.04375
0 0.60375 0.35625 0.0125 0.045
0 0.62375 0.36125 0.01875 0.0475
0 0.64375 0.3625 0.01875 0.0475
0 0.5375 0.36375 0.02 0.04
0 0.715 0.3725 0.02625 0.01875
0 0.685 0.36625 0.02125 0.0175
0 0.745 0.37 0.0275 0.025
0 0.69375 0.34875 0.025 0.01625
0 0.27 0.4525 0.0125 0.04375
0 0.29375 0.455 0.00875 0.0425
0 0.31 0.455 0.0175 0.045
0 0.3275 0.45875 0.015 0.03375
0 0.66375 0.36 0.01875 0.0475