0 0.7275 0.7125 0.01375 0.05125
0 0.75 0.6425 0.01375 0.0575
0 0.7625 0.6425 0.00875 0.05125
0 0.77625 0.64625 0.00875 0.04875
0 0.75 0.71125 0.01625 0.0475
0 0.7725 0.71 0.015 0.05
0 0.70875 0.7125 0.0175 0.05
0 0.6675 0.71125 0.0175 0.05125
0 0.725 0.64625 0.01875 0.015
0 0.67625 0.6475 0.01625 0.05
0 0.6575 0.6475 0.0175 0.04875
0 0.70375 0.6425 0.02125 0.015
0 0.70125 0.66375 0.02125 0.015
0 0.72625 0.66375 0.02375 0.01625
0 0.76875 0.57625 0.02125 0.04
0 0.715 0.62875 0.0225 0.00625
0 0.73375 0.58375 0.0225 0.01125
0 0.69125 0.71 0.02 0.0475
0 0.7675 0.50125 0.025 0.035
0 0.64375 0.355 0.01875 0.0275
0 0.7725 0.325 0.01375 0.02375
0 0.50375 0.41875 0.02875 0.05
0 0.395 0.11125 0.02125 0.02
0 0.41625 0.11 0.0225 0.01625
0 0.39375 0.085 0.01875 0.0225
0 0.415 0.085 0.02 0.02875
0 0.44125 0.085 0.01875 0.065
0 0.46125 0.0825 0.02 0.07875
0 0.49875 0.0975 0.04625 0.04625
0 0.77 0.42875 0.02 0.04125
0 0.7725 0.09375 0.01125 0.055
0 0.71875 0.32375 0.025 0.02375
0 0.64625 0.32875 0.02375 0.01875
0 0.7325 0.6 0.0175 0.01125
0 0.6675 0.35375 0.01625 0.02875
0 0.69 0.355 0.02375 0.0275
0 0.71875 0.355 0.0225 0.02625
0 0.74375 0.35375 0.02125 0.02625
0 0.7725 0.355 0.0125 0.025
0 0.74625 0.32375 0.02375 0.02375
0 0.71125 0.60125 0.02 0.01375
0 0.68875 0.5875 0.02 0.0075
0 0.64375 0.6 0.0175 0.0125
0 0.52125 0.3525 0.015 0.035
0 0.54 0.3525 0.0175 0.03375
0 0.55625 0.34625 0.01125 0.0475
0 0.57625 0.33375 0.02 0.02
0 0.59875 0.33375 0.02 0.01875
0 0.575 0.35875 0.02 0.02
0 0.59875 0.3575 0.02125 0.02375
0 0.2325 0.44 0.02125 0.02125
0 0.255 0.44 0.02 0.02
0 0.275 0.42625 0.01 0.05
0 0.28875 0.42625 0.0125 0.0525
0 0.30875 0.42625 0.015 0.055
0 0.34125 0.42875 0.01875 0.045
0 0.38 0.4375 0.02125 0.02375
0 0.40375 0.4375 0.02 0.02625
0 0.42625 0.43125 0.01375 0.04875
0 0.4425 0.43 0.01375 0.045
0 0.46125 0.4275 0.01375 0.0425
0 0.48 0.4225 0.00875 0.05375
0 0.49125 0.34125 0.04125 0.05375
0 0.62125 0.6 0.02 0.0125
0 0.4625 0.3425 0.00875 0.05625
0 0.40875 0.33875 0.0525 0.05875
0 0.66625 0.6 0.02125 0.01125
0 0.69 0.6 0.0175 0.0125
0 0.62125 0.58875 0.02 0.0075
0 0.645 0.58875 0.01875 0.00625
0 0.66625 0.58875 0.02 0.01125
0 0.37375 0.09375 0.015 0.055
0 0.71 0.585 0.02 0.01
0 0.71375 0.56 0.02375 0.01125
0 0.7125 0.5725 0.0225 0.0075
0 0.62 0.57375 0.02125 0.01375
0 0.64375 0.57375 0.01875 0.01875
0 0.66625 0.5725 0.0175 0.015
0 0.68875 0.57125 0.02125 0.01375
0 0.23875 0.33125 0.0275 0.02125
0 0.23625 0.355 0.025 0.01375
0 0.26125 0.3525 0.02125 0.0175
0 0.28375 0.3425 0.02 0.03875
0 0.30375 0.34125 0.01375 0.03875
0 0.35 0.34 0.0575 0.05625
0 0.4475 0.345 0.0175 0.04875
0 0.3525 0.085 0.02375 0.02125
0 0.68625 0.41375 0.0175 0.0225
0 0.32375 0.09 0.03 0.05625
0 0.47 0.65375 0.0225 0.045
0 0.44375 0.63875 0.02 0.02
0 0.42 0.63875 0.01125 0.025
0 0.3525 0.6425 0.015 0.025
0 0.3875 0.65625 0.045 0.0225
0 0.33 0.64625 0.0125 0.035
0 0.3075 0.65125 0.0175 0.04625
0 0.28875 0.655 0.01125 0.0425
0 0.5 0.6725 0.02875 0.0225
0 0.27 0.655 0.0125 0.0425
0 0.23125 0.6575 0.01625 0.0475
0 0.2275 0.59875 0.01625 0.01875
0 0.3125 0.59375 0.0225 0.02125
0 0.27 0.595 0.02625 0.01875
0 0.34875 0.57625 0.0175 0.04875
0 0.3725 0.57625 0.02 0.04875
0 0.4 0.5725 0.01875 0.0425
0 0.425 0.575 0.02125 0.0475
0 0.25125 0.6575 0.01625 0.04875
0 0.515 0.6425 0.01875 0.0325
0 0.53375 0.64625 0.0075 0.03875
0 0.55 0.65 0.01625 0.04625
0 0.64 0.715 0.03 0.03375
0 0.6025 0.72 0.035 0.03625
0 0.56375 0.7225 0.0375 0.0375
0 0.525 0.72125 0.035 0.04125
0 0.48625 0.72125 0.035 0.035
0 0.4475 0.72375 0.03625 0.03125
0 0.44875 0.69375 0.035 0.01
0 0.40875 0.69625 0.03625 0.015
0 0.40625 0.7225 0.03375 0.0325
0 0.36375 0.725 0.04625 0.02625
0 0.36 0.69875 0.04125 0.01375
0 0.30125 0.72875 0.04125 0.02375
0 0.30625 0.7 0.03875 0.01375
0 0.25375 0.735 0.04375 0.02
0 0.2525 0.7075 0.045 0.02125
0 0.6375 0.6525 0.01625 0.03875
0 0.61875 0.6525 0.01625 0.0375
0 0.59625 0.65 0.02 0.045
0 0.56875 0.64875 0.0125 0.0475
0 0.44625 0.57125 0.0125 0.04375
0 0.35375 0.10875 0.025 0.0225
0 0.46375 0.57 0.01375 0.035
0 0.5725 0.58 0.01125 0.03625
0 0.50375 0.49875 0.01625 0.05
0 0.48375 0.49875 0.01875 0.05125
0 0.4625 0.4975 0.02 0.05125
0 0.43375 0.4975 0.02 0.05125
0 0.375 0.49625 0.02 0.05125
0 0.3475 0.4975 0.02125 0.05375
0 0.31125 0.5025 0.0225 0.0625
0 0.28125 0.50125 0.0225 0.05875
0 0.5225 0.4975 0.0125 0.055
0 0.25875 0.50125 0.01875 0.05875
0 0.71125 0.435 0.02375 0.02375
0 0.71125 0.41 0.02625 0.0225
0 0.68875 0.43875 0.0175 0.0225
0 0.665 0.435 0.0175 0.02875
0 0.63375 0.42875 0.03625 0.035
0 0.6025 0.44375 0.01875 0.025
0 0.5825 0.44125 0.0175 0.02375
0 0.56625 0.42875 0.01 0.0475
0 0.73875 0.415 0.025 0.0575
0 0.5375 0.49875 0.01 0.04875
0 0.555 0.5175 0.015 0.0125
0 0.555 0.5 0.01875 0.0175
0 0.5575 0.58125 0.0125 0.0325
0 0.5575 0.555 0.015 0.0125
0 0.5375 0.5775 0.01875 0.0575
0 0.5175 0.57875 0.01375 0.05375
0 0.5 0.57875 0.015 0.05875
0 0.48125 0.58 0.01375 0.06125
0 0.7425 0.49 0.01875 0.02375
0 0.7425 0.5175 0.02125 0.02
0 0.71625 0.51625 0.0225 0.0225
0 0.69125 0.51875 0.02125 0.0225
0 0.66875 0.515 0.02 0.02375
0 0.6925 0.49125 0.0225 0.0225
0 0.6675 0.49 0.02125 0.0175
0 0.645 0.5175 0.02125 0.0225
0 0.62125 0.51625 0.01875 0.02
0 0.63125 0.49 0.0225 0.01875
0 0.60125 0.51 0.015 0.0275
0 0.58375 0.50625 0.0075 0.03375
0 0.57 0.50625 0.01 0.03625
0 0.59 0.585 0.0175 0.02625
0 0.40375 0.49875 0.02875 0.05125
0 0.55 0.4275 0.0125 0.04625