0 0.26 0.42875 0.03125 0.07625
0 0.2025 0.43875 0.06125 0.06125
0 0.20625 0.395 0.055 0.01375
0 0.1375 0.42125 0.025 0.0825
0 0.18375 0.3775 0.04375 0.01625
0 0.42625 0.535 0.05125 0.0725
0 0.15875 0.56 0.05 0.06125
0 0.2175 0.57625 0.0325 0.08625
0 0.1925 0.5425 0.015 0.09625
0 0.26125 0.545 0.04625 0.07
0 0.3125 0.53375 0.03375 0.08
0 0.36375 0.54 0.06 0.07
0 0.30125 0.4325 0.04 0.0775
0 0.34875 0.425 0.0375 0.08125
0 0.79375 0.4 0.0325 0.0775
0 0.46375 0.42 0.03875 0.07625
0 0.14375 0.31125 0.03625 0.07625
0 0.84875 0.145 0.0525 0.12375
0 0.7975 0.155 0.03375 0.1125
0 0.7575 0.15625 0.04 0.11375
0 0.71125 0.1625 0.04125 0.11125
0 0.66375 0.16375 0.03625 0.1075
0 0.61875 0.16625 0.045 0.1075
0 0.5125 0.17625 0.03625 0.09125
0 0.18875 0.315 0.04625 0.0625
0 0.475 0.1825 0.035 0.09125
0 0.40375 0.185 0.0325 0.08125
0 0.3675 0.18625 0.035 0.0875
0 0.3325 0.185 0.02875 0.0875
0 0.2925 0.18625 0.04125 0.08625
0 0.2425 0.16375 0.05 0.12625
0 0.19875 0.2025 0.0325 0.06125
0 0.165 0.205 0.03125 0.0575
0 0.13625 0.2025 0.0225 0.065
0 0.43875 0.18625 0.03125 0.08375
0 0.2375 0.3025 0.0425 0.07875
0 0.28375 0.29625 0.03875 0.0875
0 0.33875 0.30375 0.0425 0.075
0 0.50375 0.42 0.03625 0.09125
0 0.54125 0.41625 0.03125 0.08
0 0.5825 0.4175 0.04 0.07375
0 0.62125 0.41625 0.03 0.075
0 0.71125 0.4075 0.055 0.08375
0 0.75625 0.4075 0.02875 0.08125
0 0.48125 0.52875 0.05 0.0775
0 0.855 0.35125 0.03875 0.08375
0 0.77625 0.2875 0.0325 0.07375
0 0.7375 0.28 0.0375 0.085
0 0.70375 0.28625 0.01875 0.07125
0 0.66625 0.29 0.0375 0.075
0 0.6275 0.2875 0.03 0.085
0 0.59125 0.28875 0.03375 0.08125
0 0.5575 0.28875 0.02625 0.08375
0 0.52875 0.2925 0.02625 0.08
0 0.48375 0.29375 0.05875 0.08625
0 0.40875 0.2975 0.02875 0.06625
0 0.3775 0.30375 0.02625 0.065
0 0.3925 0.4275 0.035 0.075
0 0.53 0.53125 0.0425 0.08125
0 0.4425 0.2975 0.02125 0.07875
0 0.6275 0.5225 0.06 0.08625
0 0.75875 0.51875 0.03875 0.08375
0 0.71875 0.5225 0.0375 0.085
0 0.85 0.4275 0.04875 0.04625
0 0.35625 0.7125 0.0175 0.05125
0 0.37375 0.7175 0.0125 0.04
0 0.3925 0.7225 0.015 0.04
0 0.795 0.52625 0.03375 0.06375
0 0.41 0.71875 0.015 0.03875
0 0.46375 0.705 0.0175 0.04
0 0.4825 0.71625 0.01625 0.04
0 0.5 0.7025 0.01375 0.02875
0 0.5175 0.70125 0.01375 0.02875
0 0.5525 0.7075 0.045 0.05375
0 0.59875 0.70625 0.03125 0.05125
0 0.43875 0.71625 0.015 0.04125
0 0.63875 0.71625 0.01875 0.04375
0 0.84875 0.53375 0.05125 0.04875
0 0.785 0.61125 0.0275 0.05875
0 0.2975 0.72125 0.03375 0.0625
0 0.57375 0.5225 0.03875 0.07375
0 0.26875 0.63375 0.02 0.0625
0 0.29625 0.63125 0.0175 0.06125
0 0.34 0.635 0.04625 0.06
0 0.38375 0.65125 0.03 0.0425
0 0.85 0.48 0.04875 0.055
0 0.42375 0.64625 0.04125 0.05625
0 0.485 0.625 0.0275 0.05625
0 0.52375 0.62875 0.04 0.0525
0 0.6475 0.6175 0.02875 0.0625
0 0.68375 0.62375 0.03 0.06125
0 0.7375 0.6225 0.03 0.06
0 0.76375 0.615 0.01375 0.055
0 0.45625 0.61125 0.02125 0.0325
0 0.66 0.69375 0.0125 0.03
0 0.57125 0.62375 0.04125 0.06375
0 0.73375 0.86125 0.03125 0.07625
0 0.18625 0.6975 0.01875 0.0725
0 0.21875 0.7025 0.0225 0.085
0 0.2425 0.69875 0.01125 0.07875
0 0.25625 0.705 0.01375 0.0725
0 0.34875 0.8275 0.02 0.08625
0 0.86125 0.8225 0.02625 0.1175
0 0.82875 0.83625 0.03125 0.115
0 0.7825 0.8525 0.05125 0.115
0 0.70875 0.85125 0.01375 0.07
0 0.6875 0.7125 0.0225 0.04375
0 0.68625 0.86875 0.02625 0.09625
0 0.6575 0.865 0.0225 0.10625
0 0.1675 0.7025 0.01625 0.0825
0 0.59875 0.8675 0.0225 0.105
0 0.5725 0.85375 0.01625 0.0925
0 0.62875 0.865 0.02625 0.1125
0 0.525 0.8475 0.015 0.0825
0 0.70625 0.7 0.01125 0.04125
0 0.7225 0.7 0.015 0.04375
0 0.75875 0.70625 0.0175 0.0425
0 0.74 0.69625 0.015 0.03
0 0.8275 0.695 0.05875 0.045
0 0.54875 0.83875 0.02625 0.09375
0 0.14875 0.865 0.0475 0.1
0 0.8275 0.63625 0.05125 0.06125
0 0.1925 0.86625 0.03375 0.11125
0 0.23375 0.87625 0.04125 0.1225
0 0.3125 0.875 0.04375 0.11
0 0.40375 0.8775 0.0375 0.0975
0 0.47125 0.86 0.0275 0.09625
0 0.5 0.8625 0.0275 0.105
0 0.13125 0.72375 0.01125 0.0775