0 0.24875 0.19875 0.01375 0.0925
0 0.275 0.19875 0.0175 0.08625
0 0.31875 0.1925 0.01875 0.0925
0 0.35 0.1925 0.015 0.0825
0 0.36625 0.1925 0.0175 0.08375
0 0.4 0.18125 0.02375 0.0925
0 0.43125 0.175 0.02 0.10375
0 0.50375 0.1625 0.03 0.09875
0 0.53875 0.16375 0.0225 0.1125
0 0.58875 0.1525 0.02 0.10375
0 0.25 0.30625 0.0275 0.09125
0 0.29125 0.30625 0.01375 0.09375
0 0.31375 0.305 0.0175 0.0925
0 0.36875 0.3 0.025 0.09875
0 0.46375 0.1675 0.02125 0.095
0 0.63125 0.15125 0.01875 0.12125
0 0.34625 0.39375 0.0225 0.07375
0 0.75375 0.4675 0.02 0.115
0 0.675 0.95625 0.02375 0.0875
0 0.70625 0.9625 0.0275 0.075
0 0.7375 0.9675 0.03625 0.06375
0 0.1325 0.39375 0.01125 0.08375
0 0.135 0.4875 0.01125 0.0625
0 0.165 0.4875 0.0225 0.06875
0 0.65 0.95 0.02 0.1
0 0.14125 0.585 0.02 0.0675
0 0.19 0.59125 0.0175 0.05875
0 0.1325 0.665 0.0125 0.06
0 0.14625 0.66875 0.0125 0.05625
0 0.1625 0.6725 0.01875 0.065
0 0.18125 0.6775 0.015 0.05625
0 0.13125 0.755 0.01125 0.065
0 0.16625 0.58625 0.025 0.0625
0 0.14875 0.75875 0.0225 0.05875
0 0.5975 0.96 0.05 0.07875
0 0.52 0.945 0.04 0.08625
0 0.21 0.80875 0.0225 0.08
0 0.23125 0.815 0.02 0.06625
0 0.2525 0.8225 0.02125 0.0825
0 0.27625 0.82875 0.025 0.0725
0 0.2975 0.83875 0.0125 0.09125
0 0.3175 0.8475 0.02625 0.09
0 0.55375 0.9575 0.0225 0.085
0 0.3425 0.8625 0.02 0.0875
0 0.38875 0.87875 0.025 0.08625
0 0.4125 0.89 0.02375 0.0875
0 0.43125 0.91625 0.01125 0.05625
0 0.445 0.92 0.015 0.04875
0 0.45875 0.92375 0.0125 0.06
0 0.4775 0.92875 0.02375 0.05
0 0.36375 0.86625 0.01875 0.08125
0 0.6125 0.83125 0.055 0.08
0 0.1575 0.8 0.035 0.0175
0 0.7525 0.16375 0.01 0.125
0 0.775 0.61125 0.03375 0.10875
0 0.8275 0.6125 0.0175 0.095
0 0.855 0.62875 0.015 0.11125
0 0.86875 0.6275 0.01125 0.10625
0 0.69875 0.725 0.00875 0.08375
0 0.70875 0.725 0.00875 0.085
0 0.72 0.60375 0.0375 0.105
0 0.71875 0.72375 0.00875 0.0825
0 0.73375 0.725 0.0075 0.08625
0 0.74375 0.7275 0.0125 0.08125
0 0.7775 0.78125 0.0125 0.1225
0 0.79625 0.78375 0.0175 0.12
0 0.8175 0.79125 0.02125 0.12875
0 0.3975 0.3025 0.01625 0.0925
0 0.725 0.72375 0.00625 0.08375
0 0.7125 0.165 0.0275 0.13625
0 0.865 0.4875 0.01875 0.1075
0 0.81875 0.49 0.01375 0.11625
0 0.76625 0.165 0.0175 0.12
0 0.805 0.1625 0.025 0.125
0 0.83875 0.16 0.01375 0.12625
0 0.855 0.1625 0.0175 0.1225
0 0.705 0.33625 0.0075 0.1125
0 0.7175 0.3375 0.01625 0.11125
0 0.83375 0.49 0.01625 0.11625
0 0.75 0.33 0.0075 0.105
0 0.795 0.335 0.0075 0.10625
0 0.8075 0.335 0.015 0.10875
0 0.86125 0.33875 0.0225 0.11625
0 0.69375 0.4725 0.01375 0.11375
0 0.71 0.47125 0.01625 0.11125
0 0.74 0.4675 0.00875 0.11625
0 0.765 0.33 0.0175 0.10625
0 0.56375 0.8225 0.04 0.095
0 0.1475 0.48625 0.0125 0.06375
0 0.4775 0.78875 0.03375 0.1
0 0.49125 0.395 0.02 0.07875
0 0.51 0.39625 0.015 0.08
0 0.53 0.4025 0.02375 0.0675
0 0.55125 0.40375 0.01625 0.0725
0 0.56875 0.40375 0.01875 0.07125
0 0.5875 0.40375 0.01875 0.06875
0 0.475 0.3975 0.01 0.07625
0 0.62 0.39625 0.035 0.08375
0 0.22625 0.4875 0.05 0.01875
0 0.2825 0.47125 0.05375 0.02
0 0.28375 0.49125 0.0525 0.01875
0 0.3475 0.475 0.07125 0.02
0 0.3475 0.49625 0.07 0.02
0 0.42 0.47875 0.055 0.01875
0 0.225 0.465 0.05375 0.01875
0 0.4175 0.505 0.06125 0.02375
0 0.46125 0.395 0.01875 0.07375
0 0.42375 0.3925 0.02 0.075
0 0.325 0.39375 0.01875 0.075
0 0.305 0.39 0.02 0.07
0 0.28375 0.39375 0.02 0.06375
0 0.265 0.39375 0.0175 0.065
0 0.2475 0.395 0.0175 0.06875
0 0.2325 0.39125 0.00875 0.06375
0 0.4425 0.39375 0.0175 0.0775
0 0.22125 0.3925 0.0125 0.06375
0 0.53125 0.295 0.0225 0.1125
0 0.49125 0.3025 0.01625 0.1025
0 0.51375 0.8 0.035 0.10125
0 0.4275 0.3025 0.02375 0.09875
0 0.39 0.39125 0.02 0.0775
0 0.4075 0.39 0.01125 0.08125
0 0.6175 0.28125 0.03 0.12125
0 0.49625 0.485 0.08375 0.0225
0 0.46875 0.3025 0.01875 0.1
0 0.5825 0.48875 0.08625 0.02375
0 0.35125 0.6475 0.03 0.08125
0 0.38625 0.655 0.03625 0.1
0 0.425 0.6575 0.0425 0.08875
0 0.48375 0.6775 0.03375 0.09125
0 0.54375 0.68875 0.0275 0.1075
0 0.58125 0.6925 0.045 0.09875
0 0.21875 0.71375 0.02125 0.07625
0 0.36875 0.3925 0.0225 0.0725
0 0.24125 0.71875 0.02375 0.0675
0 0.2925 0.73125 0.02875 0.07375
0 0.3175 0.74125 0.0225 0.09125
0 0.36375 0.76125 0.0325 0.085
0 0.4025 0.76875 0.03125 0.09
0 0.49625 0.50875 0.07375 0.0225
0 0.44 0.78125 0.0325 0.095
0 0.32625 0.64 0.0225 0.095
0 0.3025 0.63125 0.02375 0.07625
0 0.265 0.72625 0.02125 0.08375
0 0.28375 0.53875 0.05375 0.02125
0 0.22125 0.52875 0.0525 0.01875
0 0.2775 0.6275 0.02375 0.08375
0 0.22625 0.55375 0.04625 0.0225
0 0.28375 0.5625 0.05625 0.02
0 0.34875 0.54875 0.065 0.02125
0 0.3475 0.5725 0.0625 0.025
0 0.45 0.54 0.08125 0.01625
0 0.57875 0.515 0.085 0.0275
0 0.41875 0.585 0.065 0.0225
0 0.5075 0.57375 0.08625 0.025
0 0.60125 0.615 0.0975 0.025
0 0.50375 0.59875 0.09 0.02
0 0.4225 0.5625 0.0675 0.01875
0 0.60625 0.58625 0.10125 0.02625