0 0.355 0.46875 0.05625 0.02125
0 0.35375 0.445 0.05625 0.02125
0 0.21125 0.7275 0.07125 0.09
0 0.35375 0.41875 0.05625 0.02125
0 0.35125 0.3925 0.05625 0.02125
0 0.415 0.39375 0.05625 0.02125
0 0.42125 0.41875 0.05625 0.02125
0 0.4225 0.46625 0.05625 0.02125
0 0.48375 0.41875 0.05625 0.02125
0 0.48375 0.4425 0.05625 0.02125
0 0.48625 0.4675 0.05625 0.02125
0 0.555 0.47 0.05625 0.02125
0 0.555 0.44625 0.05625 0.02125
0 0.5525 0.4225 0.05625 0.02125
0 0.41875 0.44125 0.05625 0.02125
0 0.29 0.4675 0.05625 0.02125
0 0.08875 0.445 0.05625 0.02125
0 0.095 0.4675 0.05625 0.02125
0 0.2875 0.445 0.05625 0.02125
0 0.28125 0.415 0.05625 0.02125
0 0.2175 0.39125 0.05625 0.02125
0 0.22125 0.41875 0.05625 0.02125
0 0.6225 0.4175 0.05625 0.02125
0 0.22 0.4425 0.05625 0.02125
0 0.08375 0.4175 0.05625 0.02125
0 0.2225 0.4675 0.05625 0.02125
0 0.15875 0.4475 0.05625 0.02125
0 0.20875 0.33 0.04375 0.0375
0 0.16375 0.33125 0.04375 0.03875
0 0.1175 0.33125 0.04375 0.03875
0 0.15625 0.4675 0.05625 0.02125
0 0.3925 0.70125 0.06 0.08125
0 0.15125 0.4175 0.05625 0.02125
0 0.71125 0.80875 0.0625 0.06
0 0.4825 0.59 0.05625 0.09
0 0.6225 0.4675 0.05625 0.02125
0 0.4675 0.7025 0.05375 0.0825
0 0.61875 0.7225 0.065 0.1
0 0.5425 0.7275 0.06375 0.09375
0 0.62125 0.8025 0.0525 0.05
0 0.545 0.8025 0.06625 0.0525
0 0.46125 0.7925 0.06375 0.07375
0 0.38125 0.79125 0.0725 0.07375
0 0.30625 0.78875 0.0675 0.08125
0 0.225 0.80125 0.07 0.05
0 0.1375 0.80125 0.07 0.0475
0 0.13125 0.72625 0.06375 0.0875
0 0.06 0.80125 0.07 0.06125
0 0.05 0.73125 0.07875 0.08125
0 0.96625 0.5975 0.055 0.09125
0 0.9025 0.59125 0.05875 0.09375
0 0.8325 0.58875 0.0625 0.09125
0 0.76125 0.5925 0.065 0.08375
0 0.29875 0.385 0.045 0.02125
0 0.07875 0.59375 0.05625 0.0875
0 0.14 0.58875 0.05625 0.08625
0 0.61625 0.29 0.04375 0.03875
0 0.56875 0.29375 0.04375 0.03875
0 0.5225 0.29375 0.04375 0.0375
0 0.62375 0.44 0.05625 0.02125
0 0.2075 0.58875 0.0625 0.08375
0 0.34625 0.58875 0.05875 0.08625
0 0.415 0.58875 0.0625 0.08375
0 0.31125 0.7 0.05375 0.08125
0 0.55625 0.5925 0.0575 0.09
0 0.6275 0.59125 0.06875 0.09375
0 0.6975 0.58875 0.05625 0.09
0 0.27875 0.5925 0.06125 0.0875
0 0.08875 0.39375 0.05625 0.02125
0 0.66 0.29 0.03625 0.04
0 0.16125 0.29125 0.04375 0.03875
0 0.47625 0.2925 0.04375 0.03875
0 0.79125 0.80875 0.065 0.06125
0 0.88875 0.8125 0.07125 0.06
0 0.8875 0.73125 0.07 0.09375
0 0.79625 0.73 0.06375 0.09125
0 0.71 0.72625 0.06375 0.10125
0 0.97125 0.72875 0.0575 0.09625
0 0.0725 0.33 0.04375 0.03875
0 0.38875 0.29125 0.04375 0.03875
0 0.9675 0.81375 0.06375 0.06
0 0.57 0.33375 0.04375 0.03875
0 0.52625 0.33125 0.04375 0.03875
0 0.48125 0.3325 0.04375 0.03875
0 0.435 0.33125 0.04375 0.03875
0 0.3875 0.3325 0.04375 0.03875
0 0.3425 0.33125 0.04375 0.03875
0 0.2975 0.33 0.04375 0.03875
0 0.25375 0.33 0.04375 0.03875
0 0.615 0.33125 0.04375 0.03875
0 0.3425 0.2925 0.04375 0.03875
0 0.4325 0.2925 0.04375 0.0375
0 0.25125 0.29 0.04375 0.03875
0 0.1175 0.2925 0.04375 0.03875
0 0.0725 0.2925 0.04375 0.0375
0 0.93875 0.28875 0.03625 0.04
0 0.89375 0.29 0.03625 0.04
0 0.845 0.28875 0.03625 0.04
0 0.8 0.29125 0.03625 0.04
0 0.755 0.29 0.03625 0.04
0 0.6975 0.2925 0.03625 0.04
0 0.98 0.29 0.03875 0.0325
0 0.98 0.32375 0.03875 0.0325
0 0.2975 0.29125 0.04375 0.0375
0 0.93625 0.325 0.04 0.0325
0 0.84375 0.325 0.03875 0.0325
0 0.79875 0.3275 0.03875 0.0325
0 0.755 0.3275 0.03875 0.0325
0 0.70625 0.32875 0.04 0.0325
0 0.65875 0.32625 0.03875 0.0325
0 0.20625 0.29125 0.04375 0.03875
0 0.89 0.32625 0.04 0.0325