0 0.74625 0.3025 0.0325 0.07625
0 0.795 0.545 0.035 0.0625
0 0.8475 0.49125 0.0475 0.0875
0 0.8025 0.42375 0.04 0.075
0 0.75875 0.54375 0.02625 0.0625
0 0.76625 0.425 0.03125 0.075
0 0.73125 0.425 0.035 0.07375
0 0.6975 0.4225 0.03375 0.075
0 0.66125 0.42375 0.0325 0.07375
0 0.6775 0.30625 0.035 0.0725
0 0.85375 0.36125 0.04125 0.1
0 0.72625 0.5375 0.03625 0.06875
0 0.37875 0.84 0.03125 0.07375
0 0.78375 0.3025 0.035 0.07875
0 0.345 0.8425 0.0325 0.075
0 0.31375 0.83375 0.02125 0.09125
0 0.83 0.17875 0.03875 0.06875
0 0.8175 0.30625 0.03125 0.07375
0 0.2875 0.835 0.02625 0.08875
0 0.26 0.85375 0.02625 0.0475
0 0.2325 0.8525 0.02 0.05375
0 0.20875 0.85 0.0225 0.04875
0 0.1725 0.84625 0.03 0.05875
0 0.14 0.84625 0.03 0.05875
0 0.71125 0.3025 0.03375 0.07875
0 0.69 0.53625 0.03375 0.07375
0 0.79375 0.1775 0.0325 0.07375
0 0.5625 0.3025 0.035 0.075
0 0.60125 0.3025 0.04 0.0775
0 0.21625 0.40875 0.03125 0.0775
0 0.18 0.41 0.03625 0.075
0 0.14375 0.41 0.03625 0.07375
0 0.48875 0.4175 0.0325 0.075
0 0.5225 0.42 0.02875 0.075
0 0.62625 0.4225 0.03625 0.07375
0 0.5925 0.4225 0.03 0.075
0 0.495 0.17 0.035 0.075
0 0.53125 0.17125 0.03625 0.0775
0 0.57125 0.1675 0.03875 0.08
0 0.60875 0.16875 0.03 0.08375
0 0.645 0.17375 0.03625 0.07375
0 0.68 0.1775 0.03 0.0725
0 0.71625 0.17625 0.03875 0.075
0 0.75625 0.1775 0.03875 0.0725
0 0.255 0.41 0.03875 0.07875
0 0.64 0.30125 0.03625 0.0825
0 0.29875 0.415 0.035 0.07375
0 0.3725 0.415 0.0325 0.07375
0 0.5575 0.42 0.0375 0.07625
0 0.52625 0.2975 0.03625 0.0825
0 0.49 0.2975 0.03625 0.0825
0 0.45375 0.2975 0.035 0.07875
0 0.42 0.295 0.02625 0.08125
0 0.39 0.29375 0.02875 0.08
0 0.36125 0.295 0.0275 0.07875
0 0.3275 0.29375 0.03375 0.0775
0 0.29625 0.29375 0.0275 0.07375
0 0.265 0.2925 0.0275 0.07375
0 0.23625 0.29375 0.0275 0.0725
0 0.20625 0.29125 0.02875 0.07375
0 0.15875 0.29125 0.055 0.0775
0 0.4525 0.41875 0.03625 0.08
0 0.4125 0.41625 0.035 0.0775
0 0.33625 0.415 0.03125 0.075
0 0.79375 0.845 0.04125 0.06875
0 0.8175 0.04125 0.03 0.07875
0 0.655 0.535 0.03375 0.07375
0 0.74375 0.635 0.02875 0.07125
0 0.7125 0.635 0.0325 0.07
0 0.67625 0.635 0.0325 0.07125
0 0.6425 0.63375 0.03375 0.06875
0 0.61 0.635 0.02875 0.0675
0 0.5775 0.63375 0.0325 0.06875
0 0.54375 0.6325 0.03375 0.07
0 0.51 0.63375 0.03 0.07
0 0.47625 0.63125 0.03125 0.07125
0 0.4425 0.6325 0.03125 0.07125
0 0.4075 0.6325 0.02875 0.06375
0 0.37375 0.6325 0.035 0.0675
0 0.33625 0.6325 0.035 0.06375
0 0.3025 0.6325 0.0325 0.065
0 0.2675 0.63375 0.03 0.0675
0 0.23375 0.63125 0.0325 0.07
0 0.2 0.63 0.0325 0.07
0 0.1425 0.7225 0.03125 0.07
0 0.1375 0.63125 0.025 0.07375
0 0.14125 0.5275 0.0325 0.07
0 0.18 0.52875 0.03625 0.07
0 0.77875 0.63625 0.0375 0.0725
0 0.22 0.5275 0.03625 0.0725
0 0.83625 0.61625 0.0425 0.08875
0 0.81375 0.73 0.0375 0.08375
0 0.7575 0.84625 0.0225 0.05875
0 0.73 0.84625 0.02875 0.05875
0 0.7 0.845 0.03 0.0625
0 0.66875 0.84375 0.03125 0.06125
0 0.63375 0.84625 0.03 0.0625
0 0.605 0.84625 0.02875 0.0625
0 0.57625 0.84125 0.02375 0.06625
0 0.54875 0.84125 0.0275 0.06875
0 0.515 0.84625 0.03 0.06375
0 0.48125 0.84625 0.03375 0.065
0 0.4475 0.845 0.03125 0.06375
0 0.41375 0.845 0.03125 0.06375
0 0.655 0.73 0.0375 0.06125
0 0.62 0.73 0.02875 0.0625
0 0.58625 0.72875 0.035 0.06625
0 0.5525 0.72875 0.02875 0.06875
0 0.52125 0.7275 0.0325 0.07
0 0.68875 0.73125 0.0275 0.05875
0 0.71875 0.7325 0.03 0.06125
0 0.75 0.73 0.02875 0.065
0 0.7775 0.73125 0.0275 0.06375
0 0.855 0.735 0.03875 0.075
0 0.25625 0.52875 0.035 0.07375
0 0.16625 0.63125 0.03125 0.075
0 0.33375 0.53 0.03625 0.0775
0 0.2175 0.155 0.0375 0.08
0 0.1775 0.155 0.0375 0.0825
0 0.1475 0.03 0.03 0.05625
0 0.29375 0.52875 0.0375 0.07375
0 0.21875 0.03125 0.035 0.06
0 0.26 0.0325 0.0375 0.0625
0 0.30125 0.03125 0.03875 0.0625
0 0.3425 0.03375 0.035 0.06625
0 0.38375 0.035 0.035 0.0675
0 0.43125 0.03625 0.04375 0.06875
0 0.47875 0.0375 0.04375 0.0725
0 0.52 0.03625 0.0375 0.0675
0 0.55875 0.03875 0.0375 0.075
0 0.5975 0.0425 0.0375 0.07125
0 0.63875 0.04125 0.03625 0.07
0 0.6775 0.04125 0.04125 0.0725
0 0.7175 0.0425 0.03625 0.07375
0 0.75375 0.0425 0.03625 0.075
0 0.7875 0.04125 0.0275 0.08
0 0.83625 0.84375 0.03875 0.065
0 0.85125 0.0425 0.02875 0.0825
0 0.2575 0.1575 0.03625 0.08375
0 0.2975 0.1575 0.04125 0.08125
0 0.18125 0.02875 0.0275 0.0575
0 0.3775 0.1625 0.03375 0.0775
0 0.3725 0.5325 0.03625 0.07625
0 0.48875 0.7275 0.02875 0.06875
0 0.41125 0.5325 0.0375 0.075
0 0.45 0.53375 0.035 0.0725
0 0.48625 0.53375 0.03625 0.0725
0 0.3375 0.16 0.03625 0.08375
0 0.55625 0.535 0.03375 0.0775
0 0.5875 0.53625 0.03 0.075
0 0.62125 0.53625 0.03375 0.07375
0 0.45625 0.73125 0.035 0.0625
0 0.52125 0.5325 0.03375 0.075
0 0.4225 0.735 0.03 0.05875
0 0.38625 0.73375 0.03625 0.0625
0 0.35 0.73375 0.03125 0.06125
0 0.315 0.73375 0.0325 0.055
0 0.28 0.7325 0.0325 0.055
0 0.24375 0.7325 0.0325 0.05625
0 0.20875 0.72625 0.03125 0.06625
0 0.175 0.725 0.0275 0.06375
0 0.4575 0.165 0.0375 0.085
0 0.4175 0.16375 0.03375 0.08