0 0.69 0.49125 0.04625 0.03875
0 0.69 0.53125 0.04 0.04
0 0.74125 0.49 0.04625 0.03875
0 0.8925 0.5775 0.0425 0.0375
0 0.84 0.495 0.04625 0.03875
0 0.8425 0.4525 0.04375 0.035
0 0.6875 0.57125 0.04 0.03
0 0.7875 0.495 0.04625 0.03875
0 0.94375 0.58625 0.04875 0.0425
0 0.685 0.6075 0.04 0.0325
0 0.685 0.685 0.0375 0.0375
0 0.88125 0.62375 0.04625 0.0375
0 0.93625 0.6275 0.04625 0.03625
0 0.935 0.66625 0.05125 0.03875
0 0.94875 0.54 0.04875 0.04125
0 0.8925 0.5375 0.04875 0.03625
0 0.875 0.70375 0.0475 0.04125
0 0.93 0.70875 0.05 0.0425
0 0.97875 0.715 0.04125 0.04
0 0.9825 0.6675 0.03375 0.035
0 0.98125 0.62875 0.03625 0.035
0 0.985 0.5875 0.03 0.03625
0 0.89625 0.49375 0.05 0.03625
0 0.9525 0.49875 0.0475 0.04
0 0.95625 0.4525 0.05125 0.04625
0 0.68625 0.64625 0.0425 0.035
0 0.8975 0.45125 0.0475 0.04125
0 0.78375 0.535 0.04875 0.03625
0 0.84 0.53625 0.04875 0.035
0 0.84125 0.575 0.05 0.0375
0 0.7825 0.5725 0.04875 0.03375
0 0.7325 0.57 0.03875 0.03125
0 0.8325 0.615 0.04875 0.0375
0 0.7775 0.61375 0.045 0.04
0 0.73 0.61 0.0425 0.03875
0 0.7325 0.65 0.0425 0.0325
0 0.77875 0.65375 0.04375 0.035
0 0.82875 0.655 0.04875 0.035
0 0.82625 0.69625 0.04 0.0375
0 0.77875 0.69 0.04375 0.03625
0 0.73125 0.6875 0.04125 0.03875
0 0.735 0.5325 0.03625 0.035
0 0.88125 0.6625 0.05 0.03375
0 0.30625 0.62625 0.03125 0.03375
0 0.7975 0.40875 0.05125 0.045
0 0.29375 0.48125 0.0375 0.035
0 0.33375 0.48125 0.0375 0.04
0 0.29375 0.51875 0.0375 0.035
0 0.34 0.52 0.0375 0.03
0 0.25625 0.5175 0.03125 0.03
0 0.22 0.51375 0.0375 0.03125
0 0.22375 0.54875 0.03375 0.03125
0 0.2525 0.48125 0.035 0.0375
0 0.26 0.55 0.02875 0.02875
0 0.34125 0.555 0.04375 0.0325
0 0.3425 0.59125 0.0425 0.03375
0 0.30125 0.59125 0.03375 0.0325
0 0.26375 0.58625 0.03 0.03625
0 0.2275 0.585 0.03375 0.03625
0 0.235 0.6175 0.035 0.025
0 0.27 0.61875 0.0275 0.025
0 0.2975 0.55375 0.03625 0.03375
0 0.215 0.4775 0.03625 0.03625
0 0.20875 0.44 0.04125 0.03125
0 0.24625 0.44125 0.03 0.0375
0 0.2225 0.27625 0.03875 0.03875
0 0.265 0.275 0.04 0.0425
0 0.31 0.2725 0.03875 0.03875
0 0.31 0.31625 0.04 0.035
0 0.3175 0.36125 0.04 0.04
0 0.27625 0.36375 0.03875 0.04375
0 0.26875 0.3175 0.03875 0.0325
0 0.18625 0.31875 0.035 0.0425
0 0.23 0.32375 0.04375 0.04
0 0.2 0.3625 0.0325 0.03375
0 0.23875 0.36375 0.04 0.035
0 0.24375 0.40375 0.03 0.035
0 0.2075 0.4 0.0375 0.03375
0 0.28125 0.4025 0.03375 0.02875
0 0.325 0.4 0.0425 0.035
0 0.3225 0.44 0.04625 0.03625
0 0.28 0.44125 0.03375 0.03875
0 0.34375 0.6275 0.03375 0.02875
0 0.35 0.6625 0.04125 0.035
0 0.30625 0.65625 0.02875 0.02625
0 0.27125 0.65125 0.0325 0.03125
0 0.45625 0.63125 0.0325 0.0325
0 0.46 0.66875 0.0325 0.0375
0 0.4225 0.66625 0.0375 0.0425
0 0.38875 0.66125 0.02625 0.0325
0 0.7825 0.26375 0.05625 0.05125
0 0.84375 0.25875 0.05625 0.05
0 0.85625 0.31125 0.0475 0.04625
0 0.80125 0.3125 0.05125 0.0425
0 0.74625 0.3125 0.04875 0.04125
0 0.745 0.36 0.04875 0.03875
0 0.8 0.36125 0.0525 0.04625
0 0.85625 0.36125 0.04625 0.04875
0 0.90875 0.35625 0.05125 0.04625
0 0.965 0.355 0.05125 0.04625
0 0.96 0.40375 0.05125 0.045
0 0.905 0.40625 0.05125 0.04625
0 0.85 0.4075 0.045 0.04125
0 0.41875 0.625 0.0375 0.0325
0 0.73875 0.40625 0.045 0.04
0 0.3825 0.625 0.035 0.0325
0 0.41375 0.5875 0.03125 0.035
0 0.23625 0.65 0.03125 0.035
0 0.3625 0.3375 0.04 0.04375
0 0.36625 0.38625 0.0325 0.04125
0 0.41 0.37875 0.04375 0.04125
0 0.41125 0.4275 0.03875 0.04625
0 0.4525 0.42875 0.03875 0.0475
0 0.36875 0.42875 0.0375 0.04
0 0.3725 0.46875 0.0325 0.03875
0 0.4075 0.46875 0.03375 0.03625
0 0.4525 0.4725 0.03875 0.0375
0 0.4525 0.51375 0.04375 0.04
0 0.41125 0.51 0.035 0.03875
0 0.37625 0.51 0.0275 0.03625
0 0.38125 0.55 0.03 0.03875
0 0.4125 0.54875 0.03125 0.035
0 0.45375 0.5525 0.0375 0.03625
0 0.4575 0.595 0.04375 0.0375
0 0.38 0.58875 0.03 0.03375
0 0.79 0.45375 0.045 0.04
0 0.7375 0.44875 0.045 0.04