0 0.25125 0.5075 0.03125 0.03375
0 0.6425 0.565 0.02625 0.0225
0 0.1625 0.67 0.0375 0.06
0 0.20125 0.65 0.04 0.02125
0 0.24125 0.64875 0.03875 0.0275
0 0.20125 0.6725 0.0375 0.01875
0 0.2 0.69125 0.035 0.02
0 0.25 0.67125 0.03875 0.01625
0 0.24875 0.69 0.04375 0.0225
0 0.28625 0.65625 0.02375 0.075
0 0.315 0.65625 0.0275 0.07625
0 0.36375 0.67375 0.0575 0.03875
0 0.3725 0.6325 0.04375 0.03
0 0.41375 0.645 0.0325 0.03375
0 0.44625 0.64375 0.0325 0.035
0 0.48 0.6425 0.03125 0.0325
0 0.61125 0.5625 0.0275 0.0275
0 0.4125 0.67875 0.03 0.02875
0 0.64375 0.59375 0.02625 0.02875
0 0.585 0.59125 0.025 0.02625
0 0.27875 0.57125 0.03 0.06875
0 0.3075 0.57125 0.0275 0.06875
0 0.335 0.57125 0.03 0.07
0 0.36375 0.57375 0.025 0.065
0 0.38875 0.5725 0.025 0.06125
0 0.40875 0.56875 0.01375 0.065
0 0.425 0.56875 0.01875 0.065
0 0.44375 0.5725 0.01875 0.0575
0 0.46 0.5725 0.015 0.0575
0 0.47625 0.57375 0.01375 0.05625
0 0.4925 0.57375 0.01875 0.05625
0 0.51 0.575 0.01625 0.05375
0 0.5275 0.57625 0.01375 0.05875
0 0.5425 0.57625 0.01375 0.06
0 0.56 0.575 0.0225 0.0575
0 0.615 0.59375 0.03125 0.03
0 0.24 0.59625 0.03625 0.02125
0 0.445 0.6775 0.03125 0.03125
0 0.51 0.6775 0.035 0.03375
0 0.47 0.74625 0.06625 0.07375
0 0.5375 0.745 0.07 0.07625
0 0.60875 0.745 0.07 0.07375
0 0.1675 0.85125 0.0525 0.0525
0 0.21875 0.85125 0.04875 0.0525
0 0.27125 0.8525 0.05125 0.055
0 0.3175 0.84875 0.04125 0.06375
0 0.3575 0.84625 0.0375 0.0625
0 0.39625 0.845 0.03875 0.06875
0 0.47625 0.84875 0.11125 0.08125
0 0.5975 0.8475 0.1125 0.0875
0 0.695 0.205 0.025 0.06875
0 0.71625 0.20375 0.01625 0.07
0 0.7325 0.20125 0.015 0.065
0 0.75 0.20125 0.01625 0.0675
0 0.41875 0.74125 0.0225 0.07125
0 0.47625 0.6775 0.03125 0.0325
0 0.395 0.74375 0.0225 0.06625
0 0.3175 0.7525 0.025 0.06125
0 0.545 0.6775 0.035 0.03375
0 0.57875 0.6775 0.03125 0.0325
0 0.51375 0.645 0.03125 0.02875
0 0.54625 0.64375 0.0325 0.03
0 0.58 0.64375 0.03375 0.03
0 0.6125 0.65625 0.03125 0.0325
0 0.64375 0.655 0.03 0.03375
0 0.6125 0.68625 0.0275 0.02125
0 0.64 0.68625 0.02625 0.0225
0 0.1625 0.74875 0.02625 0.06875
0 0.18875 0.7475 0.02375 0.07125
0 0.21125 0.74875 0.0225 0.0725
0 0.23875 0.74375 0.01875 0.0625
0 0.2675 0.745 0.025 0.0625
0 0.2925 0.75 0.0225 0.065
0 0.3725 0.745 0.02 0.065
0 0.23875 0.58 0.03375 0.0125
0 0.24 0.5625 0.03375 0.0175
0 0.19875 0.5975 0.03125 0.01375
0 0.3525 0.31375 0.03 0.07125
0 0.37875 0.31375 0.02375 0.07125
0 0.415 0.305 0.0325 0.08625
0 0.44375 0.3025 0.0225 0.08875
0 0.4675 0.3025 0.0275 0.0875
0 0.16 0.38875 0.04 0.035
0 0.19875 0.3875 0.035 0.03625
0 0.18 0.4225 0.0675 0.03
0 0.2325 0.42 0.02375 0.03375
0 0.26 0.4125 0.025 0.0525
0 0.28625 0.41375 0.02375 0.05
0 0.27875 0.37875 0.03 0.0125
0 0.3125 0.40125 0.02375 0.07125
0 0.33625 0.40125 0.0225 0.0725
0 0.37 0.38375 0.04 0.0325
0 0.3225 0.3175 0.025 0.0625
0 0.36875 0.41875 0.04125 0.0375
0 0.29625 0.31375 0.02625 0.05625
0 0.235 0.3225 0.03125 0.05875
0 0.33875 0.22125 0.0775 0.0625
0 0.41 0.1575 0.06375 0.065
0 0.47375 0.1125 0.05375 0.04625
0 0.47375 0.165 0.05125 0.05375
0 0.47625 0.22125 0.0575 0.045
0 0.41625 0.22125 0.0625 0.05625
0 0.54125 0.17875 0.06625 0.06625
0 0.6025 0.19125 0.05 0.04125
0 0.65625 0.1675 0.0375 0.05125
0 0.65625 0.21625 0.03375 0.04125
0 0.53 0.29625 0.08625 0.10375
0 0.61625 0.295 0.085 0.1
0 0.165 0.31125 0.03125 0.02875
0 0.16375 0.33875 0.03 0.02375
0 0.195 0.3375 0.02875 0.025
0 0.27125 0.3125 0.025 0.0575
0 0.40125 0.40375 0.02 0.07
0 0.41875 0.40125 0.015 0.07625
0 0.43625 0.40125 0.01875 0.075
0 0.4475 0.49 0.02875 0.06625
0 0.4725 0.48625 0.01875 0.075
0 0.49125 0.485 0.01875 0.0725
0 0.51 0.48375 0.01875 0.07625
0 0.53 0.48375 0.01875 0.07625
0 0.54875 0.485 0.01875 0.07125
0 0.5675 0.48625 0.01375 0.065
0 0.58375 0.4825 0.0175 0.0725
0 0.60375 0.4825 0.01875 0.075
0 0.62375 0.485 0.01875 0.0725
0 0.65 0.4875 0.0325 0.07
0 0.15375 0.55625 0.03875 0.0325
0 0.15875 0.59 0.03125 0.03125
0 0.14125 0.49375 0.03125 0.05125
0 0.1975 0.57875 0.035 0.02
0 0.38625 0.48375 0.03125 0.08125
0 0.36125 0.48375 0.02 0.0825
0 0.335 0.48625 0.03125 0.0775
0 0.3075 0.485 0.02375 0.075
0 0.45875 0.405 0.025 0.06625
0 0.48375 0.4025 0.02375 0.06125
0 0.51 0.3975 0.02375 0.07
0 0.53625 0.3975 0.0275 0.07
0 0.56375 0.39625 0.0275 0.07
0 0.59125 0.3975 0.025 0.07125
0 0.62 0.42 0.02875 0.025
0 0.7675 0.2025 0.02125 0.07
0 0.64875 0.41875 0.03 0.0225
0 0.6475 0.39 0.025 0.02875
0 0.17625 0.47125 0.0375 0.0325
0 0.215 0.47 0.0375 0.0375
0 0.25 0.47 0.03125 0.03875
0 0.215 0.5075 0.04 0.03375
0 0.1775 0.5075 0.035 0.03375
0 0.28125 0.4875 0.0275 0.07
0 0.62 0.39125 0.02875 0.02625
0 0.79 0.2025 0.01875 0.0675
0 0.34625 0.75 0.0325 0.055