0 0.6425 0.6425 0.0375 0.0525
0 0.7625 0.63125 0.0375 0.02125
0 0.68 0.64375 0.0325 0.05
0 0.72 0.62875 0.03875 0.025
0 0.72 0.655 0.04125 0.02625
0 0.60875 0.4525 0.04625 0.0625
0 0.23375 0.725 0.0275 0.06375
0 0.265 0.72375 0.035 0.065
0 0.71875 0.565 0.04375 0.02625
0 0.76 0.5325 0.04125 0.0275
0 0.7625 0.56375 0.0375 0.03
0 0.23 0.6275 0.01875 0.05875
0 0.2525 0.63 0.02375 0.055
0 0.28125 0.63125 0.02875 0.0575
0 0.31125 0.62875 0.025 0.055
0 0.715 0.53375 0.0375 0.0325
0 0.33625 0.62625 0.02125 0.05625
0 0.36125 0.625 0.025 0.055
0 0.3875 0.62625 0.02625 0.05625
0 0.4175 0.62375 0.0175 0.05875
0 0.50875 0.62875 0.06 0.025
0 0.505 0.6 0.0625 0.03125
0 0.5025 0.56375 0.05375 0.02625
0 0.5025 0.53 0.05875 0.03375
0 0.56125 0.45125 0.04625 0.0675
0 0.66875 0.535 0.04625 0.0325
0 0.66875 0.565 0.0475 0.02625
0 0.62375 0.56375 0.03875 0.02875
0 0.65875 0.4525 0.04875 0.0625
0 0.70875 0.4775 0.04875 0.015
0 0.7125 0.43 0.05625 0.0225
0 0.71 0.45625 0.0525 0.02125
0 0.76125 0.43125 0.03875 0.02125
0 0.76 0.455 0.0425 0.01875
0 0.7575 0.4775 0.04625 0.01625
0 0.30625 0.5375 0.025 0.05625
0 0.3325 0.5375 0.025 0.05625
0 0.35875 0.5375 0.02375 0.055
0 0.385 0.5375 0.025 0.0525
0 0.41 0.5375 0.025 0.0525
0 0.4375 0.5375 0.02125 0.05
0 0.46125 0.53875 0.02 0.05375
0 0.5475 0.54875 0.02125 0.05125
0 0.58 0.5575 0.03875 0.0325
0 0.62 0.53 0.03875 0.03125
0 0.5 0.49125 0.06625 0.035
0 0.50375 0.45625 0.0625 0.03375
0 0.5025 0.42125 0.0575 0.025
0 0.5 0.385 0.06875 0.0375
0 0.61 0.815 0.02875 0.04625
0 0.5775 0.81375 0.03125 0.0525
0 0.51375 0.815 0.03 0.05875
0 0.48125 0.8125 0.02625 0.05625
0 0.45 0.81375 0.02625 0.05125
0 0.35375 0.81625 0.02875 0.05625
0 0.325 0.815 0.02625 0.0525
0 0.2975 0.81375 0.02625 0.0525
0 0.23 0.8175 0.01875 0.05625
0 0.705 0.72875 0.04375 0.055
0 0.66 0.72625 0.04375 0.0525
0 0.615 0.72625 0.03875 0.05625
0 0.52375 0.7275 0.045 0.05375
0 0.475 0.72625 0.045 0.06
0 0.43 0.72625 0.0375 0.065
0 0.38875 0.7225 0.0425 0.0675
0 0.31 0.72125 0.0425 0.06375
0 0.63875 0.815 0.0275 0.05
0 0.7625 0.65625 0.03625 0.025
0 0.67125 0.81625 0.03125 0.0475
0 0.2275 0.90125 0.01375 0.05875
0 0.5025 0.35 0.06 0.03625
0 0.49875 0.3075 0.07 0.0375
0 0.49625 0.22625 0.045 0.04625
0 0.76125 0.9025 0.03875 0.06125
0 0.71 0.9075 0.05 0.06375
0 0.6625 0.9075 0.03625 0.0625
0 0.61625 0.91875 0.05 0.04375
0 0.58125 0.90375 0.0175 0.05625
0 0.55875 0.905 0.02875 0.05625
0 0.52875 0.91125 0.02625 0.04875
0 0.49625 0.90625 0.035 0.06
0 0.46375 0.9075 0.0225 0.05875
0 0.44 0.90625 0.02375 0.06125
0 0.4175 0.90375 0.02 0.05625
0 0.38375 0.90375 0.03125 0.06375
0 0.345 0.90375 0.03875 0.0575
0 0.30625 0.9025 0.035 0.05875
0 0.26 0.90375 0.04375 0.06125
0 0.745 0.81625 0.04875 0.0575
0 0.44375 0.625 0.02625 0.0575
0 0.43375 0.445 0.0275 0.05875
0 0.45375 0.0875 0.0325 0.09125
0 0.50125 0.0725 0.0425 0.12875
0 0.57875 0.07625 0.04625 0.12625
0 0.62 0.10625 0.0325 0.0625
0 0.6575 0.0975 0.03625 0.07875
0 0.7475 0.1 0.06375 0.0825
0 0.2325 0.21375 0.02125 0.09125
0 0.26625 0.21625 0.0475 0.0875
0 0.385 0.21375 0.0375 0.09625
0 0.4525 0.2225 0.03125 0.09125
0 0.54375 0.22375 0.045 0.09
0 0.6025 0.24 0.06625 0.055
0 0.66375 0.23 0.01625 0.0625
0 0.68625 0.2325 0.0225 0.0625
0 0.7075 0.2325 0.0125 0.06625
0 0.72375 0.23375 0.015 0.065
0 0.7425 0.23625 0.0175 0.05875
0 0.76375 0.2375 0.0175 0.05375
0 0.45875 0.445 0.0225 0.05125
0 0.3875 0.10625 0.035 0.06375
0 0.35125 0.10625 0.03375 0.05625
0 0.34875 0.215 0.0275 0.095
0 0.2775 0.11 0.03375 0.0525
0 0.40625 0.4425 0.02375 0.0575
0 0.315 0.1075 0.03375 0.0575
0 0.38 0.44375 0.02875 0.05625
0 0.32875 0.44375 0.03625 0.05375
0 0.29375 0.4425 0.03125 0.05875
0 0.2575 0.44375 0.03625 0.05875
0 0.23 0.44625 0.0175 0.0575
0 0.69375 0.33625 0.04625 0.085
0 0.655 0.33375 0.01875 0.08875
0 0.62875 0.335 0.03 0.08625
0 0.755 0.335 0.05125 0.08375
0 0.57875 0.3325 0.02375 0.08875
0 0.55 0.33375 0.025 0.08875
0 0.245 0.11125 0.02875 0.0525
0 0.45875 0.3525 0.01625 0.04875
0 0.43375 0.35125 0.0225 0.0575
0 0.405 0.35 0.0225 0.05375
0 0.37875 0.3475 0.025 0.055
0 0.35125 0.34875 0.025 0.0575
0 0.60125 0.33375 0.02125 0.08875
0 0.32125 0.35 0.0275 0.05625