0 0.3825 0.71 0.04625 0.09625
0 0.43 0.7075 0.04625 0.09625
0 0.3275 0.7125 0.05625 0.09875
0 0.4775 0.71125 0.04625 0.095
0 0.23125 0.74375 0.0425 0.0725
0 0.18375 0.74375 0.0425 0.0725
0 0.1425 0.74125 0.03125 0.07125
0 0.61125 0.70375 0.0425 0.095
0 0.65625 0.7075 0.04625 0.10125
0 0.73125 0.705 0.05375 0.095
0 0.175 0.8375 0.04125 0.02375
0 0.1375 0.83875 0.02375 0.025
0 0.26125 0.64375 0.07625 0.07
0 0.86 0.69375 0.03 0.065
0 0.275 0.745 0.04625 0.07625
0 0.18375 0.64875 0.07625 0.075
0 0.75625 0.1675 0.04375 0.10125
0 0.38 0.5925 0.0475 0.095
0 0.79 0.055 0.02875 0.07375
0 0.82375 0.05625 0.0375 0.07375
0 0.71125 0.16625 0.0425 0.0975
0 0.66375 0.165 0.04875 0.10125
0 0.615 0.17125 0.03375 0.0875
0 0.57875 0.17125 0.03 0.08875
0 0.545 0.17 0.035 0.08625
0 0.5125 0.1875 0.03 0.0525
0 0.45875 0.16625 0.03125 0.09625
0 0.425 0.1625 0.02875 0.10375
0 0.39 0.1875 0.04375 0.04125
0 0.33875 0.16125 0.0375 0.08625
0 0.305 0.1625 0.02625 0.08875
0 0.7575 0.04625 0.0325 0.08875
0 0.27125 0.18 0.03875 0.1
0 0.1975 0.175 0.03125 0.105
0 0.16375 0.17875 0.03125 0.10375
0 0.15 0.29875 0.04375 0.11375
0 0.19375 0.3075 0.035 0.10125
0 0.23125 0.30625 0.03625 0.09875
0 0.27125 0.30125 0.03875 0.10875
0 0.31125 0.28375 0.03625 0.09
0 0.345 0.28375 0.0275 0.085
0 0.37375 0.28625 0.02625 0.0825
0 0.4025 0.28875 0.02625 0.0775
0 0.43375 0.28875 0.035 0.08375
0 0.47 0.28375 0.035 0.095
0 0.5075 0.29125 0.03625 0.0875
0 0.235 0.18 0.035 0.0975
0 0.545 0.29 0.03625 0.08875
0 0.72125 0.04625 0.03625 0.08875
0 0.3275 0.5925 0.0525 0.09125
0 0.86 0.8175 0.01625 0.0925
0 0.8375 0.82 0.02625 0.0875
0 0.72625 0.82625 0.04875 0.0925
0 0.67375 0.825 0.04625 0.09625
0 0.62625 0.825 0.045 0.09625
0 0.58125 0.8225 0.0425 0.095
0 0.535 0.825 0.05375 0.0975
0 0.47625 0.81125 0.05 0.08
0 0.425 0.79375 0.03875 0.04
0 0.37625 0.82625 0.04875 0.0925
0 0.32125 0.835 0.05375 0.09
0 0.27125 0.86625 0.0425 0.02625
0 0.22375 0.86875 0.04375 0.02375
0 0.685 0.04625 0.035 0.085
0 0.26875 0.83 0.03875 0.045
0 0.14 0.8625 0.0275 0.02375
0 0.175 0.86375 0.03625 0.0225
0 0.2225 0.035 0.055 0.0675
0 0.15125 0.0525 0.0525 0.0275
0 0.2775 0.035 0.0525 0.06875
0 0.3375 0.035 0.05625 0.07
0 0.385 0.0375 0.0425 0.075
0 0.42625 0.03875 0.035 0.07625
0 0.46625 0.04 0.04 0.07375
0 0.505 0.04375 0.03 0.075
0 0.54 0.045 0.035 0.0775
0 0.5775 0.045 0.03375 0.0775
0 0.6125 0.04375 0.03625 0.08375
0 0.2225 0.83125 0.045 0.0475
0 0.58125 0.29 0.035 0.08875
0 0.65 0.04375 0.035 0.08
0 0.44625 0.5 0.03375 0.065
0 0.53875 0.40375 0.035 0.06875
0 0.49875 0.40125 0.03625 0.08125
0 0.39 0.405 0.03875 0.0725
0 0.3175 0.39875 0.03 0.08125
0 0.2925 0.395 0.0175 0.06125
0 0.27 0.4275 0.025 0.105
0 0.235 0.43 0.03375 0.0925
0 0.20125 0.425 0.03125 0.1025
0 0.165 0.43 0.0375 0.08875
0 0.13625 0.42625 0.02 0.09875
0 0.145 0.54375 0.035 0.09875
0 0.1825 0.54375 0.03625 0.1
0 0.22875 0.54375 0.05 0.09875
0 0.2775 0.53875 0.045 0.095
0 0.3775 0.5025 0.03625 0.0675
0 0.41375 0.50125 0.02875 0.0675
0 0.48125 0.50125 0.03125 0.0625
0 0.5175 0.50125 0.03875 0.0675
0 0.5825 0.4975 0.035 0.0725
0 0.71 0.5 0.035 0.08125
0 0.68125 0.49875 0.02375 0.075
0 0.65125 0.4975 0.03375 0.0725
0 0.6175 0.5 0.03125 0.07375
0 0.5775 0.4 0.03375 0.0825
0 0.6175 0.4025 0.03875 0.075
0 0.46 0.3975 0.04 0.08375
0 0.68375 0.405 0.03 0.075
0 0.43 0.59625 0.04625 0.09875
0 0.4775 0.59375 0.045 0.09625
0 0.52625 0.59375 0.05 0.09
0 0.57875 0.59375 0.0525 0.08875
0 0.67125 0.595 0.04625 0.0875
0 0.65375 0.40375 0.02625 0.07125
0 0.76375 0.5925 0.0475 0.09125
0 0.86125 0.58625 0.0225 0.1025
0 0.83875 0.5875 0.0225 0.09
0 0.84875 0.46375 0.03 0.06125
0 0.74125 0.49375 0.025 0.075
0 0.7175 0.595 0.045 0.08625
0 0.6525 0.29125 0.0325 0.08875
0 0.6875 0.29125 0.0375 0.09125
0 0.72125 0.29125 0.025 0.08625
0 0.7575 0.29375 0.04625 0.09
0 0.79875 0.29625 0.0325 0.09125
0 0.86 0.34 0.02125 0.08875
0 0.78375 0.40625 0.03375 0.075
0 0.74875 0.40625 0.0325 0.07125
0 0.61625 0.2925 0.03625 0.08875
0 0.715 0.40625 0.03125 0.0725