0 0.88625 0.40125 0.05 0.01875
0 0.70625 0.62875 0.0375 0.01875
0 0.8875 0.4175 0.05375 0.01
0 0.885 0.42875 0.05 0.01125
0 0.88375 0.4425 0.0475 0.0125
0 0.95 0.72125 0.03625 0.13625
0 0.93875 0.4575 0.0525 0.015
0 0.87625 0.54 0.04125 0.13125
0 0.92 0.54375 0.04 0.135
0 0.9675 0.5525 0.04375 0.1375
0 0.86375 0.6925 0.0325 0.12875
0 0.90125 0.70625 0.03375 0.13125
0 0.64625 0.605 0.03125 0.0225
0 0.8525 0.825 0.03625 0.09875
0 0.8825 0.45625 0.04875 0.01125
0 0.68875 0.58375 0.04375 0.025
0 0.74625 0.605 0.04125 0.02625
0 0.78625 0.45125 0.04375 0.065
0 0.7425 0.43375 0.0425 0.06
0 0.73875 0.4975 0.04 0.045
0 0.69 0.54875 0.04875 0.03625
0 0.63875 0.55625 0.0425 0.0325
0 0.63375 0.4425 0.05 0.04
0 0.75625 0.545 0.045 0.02125
0 0.75 0.57125 0.04125 0.02375
0 0.68125 0.48 0.03375 0.0825