0 0.48875 0.2 0.05625 0.0325
0 0.82375 0.0625 0.04375 0.04625
0 0.6775 0.63375 0.05375 0.025
0 0.6775 0.60125 0.0525 0.025
0 0.66875 0.575 0.0625 0.01875
0 0.6225 0.63 0.0475 0.03125
0 0.5675 0.635 0.05 0.03625
0 0.56375 0.59625 0.04375 0.0325
0 0.5075 0.635 0.05625 0.02375
0 0.505 0.6075 0.05 0.01875
0 0.50875 0.57625 0.0475 0.03
0 0.265 0.61375 0.05 0.06
0 0.32125 0.615 0.05 0.0625
0 0.38125 0.63 0.055 0.0425
0 0.445 0.6275 0.05875 0.03625
0 0.22125 0.72875 0.02375 0.11375
0 0.1875 0.73125 0.02375 0.11375
0 0.14875 0.73875 0.045 0.1
0 0.1425 0.915 0.0325 0.16875
0 0.205 0.91125 0.07125 0.16375
0 0.26 0.73125 0.0425 0.05875
0 0.31875 0.73 0.04625 0.0625
0 0.32875 0.6825 0.035 0.025
0 0.28 0.68125 0.05125 0.02625
0 0.37375 0.74 0.055 0.03625
0 0.73625 0.6325 0.0575 0.04125
0 0.37625 0.7025 0.05625 0.0375
0 0.7925 0.6275 0.04625 0.0325
0 0.8425 0.52125 0.05125 0.035
0 0.22375 0.46 0.04 0.0775
0 0.17875 0.46125 0.04 0.08
0 0.14 0.46125 0.03 0.09
0 0.16 0.59 0.0475 0.11125
0 0.21 0.595 0.0425 0.11125
0 0.3 0.51625 0.06375 0.02375
0 0.3125 0.48375 0.045 0.02375
0 0.3675 0.49625 0.0475 0.02
0 0.375 0.47 0.04375 0.01875
0 0.355 0.51875 0.02625 0.02125
0 0.39875 0.5175 0.05625 0.035
0 0.47125 0.52 0.05375 0.0325
0 0.46875 0.4775 0.06 0.035
0 0.52875 0.48125 0.0525 0.04
0 0.5325 0.51875 0.05625 0.0325
0 0.59125 0.52125 0.05875 0.04375
0 0.59375 0.48 0.05 0.03125
0 0.83625 0.11875 0.04625 0.04625
0 0.6575 0.52375 0.0575 0.03
0 0.6525 0.46375 0.05875 0.02375
0 0.72125 0.52 0.05375 0.025
0 0.78125 0.52625 0.055 0.03125
0 0.76 0.48375 0.06875 0.02875
0 0.8475 0.61375 0.05 0.0775
0 0.1625 0.33875 0.04375 0.0875
0 0.43625 0.745 0.05375 0.0425
0 0.4975 0.74625 0.05125 0.0425
0 0.44125 0.86 0.05125 0.03625
0 0.3825 0.85 0.0575 0.055
0 0.315 0.86 0.05 0.0225
0 0.32375 0.8225 0.0475 0.025
0 0.265 0.82875 0.0475 0.02375
0 0.26875 0.8625 0.04375 0.03125
0 0.28375 0.93375 0.05 0.0475
0 0.34 0.9725 0.0575 0.04
0 0.34 0.92875 0.0575 0.03875
0 0.3975 0.93125 0.055 0.03875
0 0.39875 0.9775 0.05875 0.0375
0 0.46125 0.97625 0.06 0.03125
0 0.45625 0.93375 0.05875 0.03875
0 0.5175 0.935 0.06 0.04125
0 0.52125 0.97625 0.05625 0.0325
0 0.58 0.9325 0.0575 0.03625
0 0.57875 0.975 0.0575 0.035
0 0.6425 0.97375 0.05625 0.04
0 0.7025 0.9725 0.06 0.045
0 0.73625 0.915 0.0525 0.0325
0 0.81375 0.92625 0.05375 0.03625
0 0.82 0.97 0.04625 0.03625
0 0.76375 0.97375 0.0475 0.03875
0 0.4975 0.86 0.05 0.0375
0 0.43625 0.69875 0.05375 0.03625
0 0.555 0.85875 0.0375 0.03625
0 0.6225 0.82 0.05 0.0375
0 0.49375 0.7025 0.055 0.03125
0 0.55625 0.745 0.05 0.03875
0 0.55375 0.7025 0.04875 0.03625
0 0.6125 0.7025 0.05125 0.03375
0 0.61625 0.74375 0.05 0.035
0 0.675 0.7475 0.05625 0.0275
0 0.67125 0.70625 0.06125 0.02875
0 0.66875 0.67875 0.05 0.01125
0 0.74 0.745 0.06375 0.025
0 0.73625 0.70375 0.0575 0.0375
0 0.80125 0.745 0.05875 0.025
0 0.78875 0.705 0.03875 0.02625
0 0.84875 0.7025 0.0525 0.03125
0 0.85625 0.74375 0.0375 0.03375
0 0.86 0.84875 0.03 0.04625
0 0.8575 0.80375 0.035 0.03125
0 0.80875 0.8575 0.06 0.035
0 0.8025 0.81375 0.05875 0.0375
0 0.74 0.8125 0.0525 0.03625
0 0.74625 0.86 0.05 0.03625
0 0.68625 0.85625 0.05125 0.035
0 0.675 0.80125 0.04125 0.0275
0 0.62375 0.8575 0.05875 0.0275
0 0.585 0.845 0.015 0.07375
0 0.20375 0.335 0.03125 0.10875
0 0.65875 0.49125 0.055 0.02375
0 0.49125 0.2775 0.05125 0.0275
0 0.23875 0.3375 0.0325 0.10625
0 0.54625 0.20625 0.0525 0.03625
0 0.54625 0.2425 0.0675 0.025
0 0.55125 0.27875 0.055 0.0275
0 0.61125 0.28 0.055 0.0275
0 0.615 0.24125 0.05125 0.02875
0 0.61 0.2 0.05375 0.0325
0 0.6725 0.20625 0.0525 0.03125
0 0.675 0.24125 0.0575 0.03375
0 0.67375 0.28 0.055 0.03625
0 0.73625 0.28125 0.05375 0.03125
0 0.795 0.285 0.05125 0.035
0 0.79 0.2475 0.05625 0.03125
0 0.78875 0.21 0.0575 0.0275
0 0.72875 0.205 0.0575 0.03375
0 0.735 0.2425 0.04625 0.03
0 0.84875 0.275 0.05125 0.0475
0 0.845 0.22 0.0475 0.05375
0 0.84875 0.3475 0.05 0.05125
0 0.845 0.40625 0.04875 0.0475
0 0.78875 0.41125 0.05625 0.02625
0 0.785 0.38 0.06375 0.0225
0 0.7925 0.3375 0.05625 0.03125
0 0.7225 0.33625 0.05625 0.03125
0 0.725 0.375 0.06 0.0275
0 0.72875 0.41125 0.0575 0.02875
0 0.66125 0.41 0.055 0.03125
0 0.4275 0.2375 0.05625 0.03125
0 0.665 0.3725 0.0575 0.03
0 0.43 0.2725 0.0625 0.03125
0 0.365 0.23625 0.05625 0.03125
0 0.77625 0.125 0.05375 0.0275
0 0.76875 0.08875 0.05875 0.0225
0 0.76875 0.05375 0.05875 0.035
0 0.70875 0.0525 0.055 0.0275
0 0.7125 0.08875 0.04625 0.0275
0 0.72125 0.12125 0.05625 0.03
0 0.65625 0.12 0.05625 0.03125
0 0.65375 0.08375 0.0575 0.02375
0 0.64875 0.05125 0.05125 0.03125
0 0.5875 0.04625 0.05875 0.03375
0 0.5925 0.08125 0.055 0.02125
0 0.59375 0.115 0.0575 0.03125
0 0.35625 0.10875 0.0675 0.02625
0 0.36125 0.08 0.055 0.0275
0 0.365 0.04375 0.05625 0.03125
0 0.3 0.04125 0.0625 0.0275
0 0.29875 0.075 0.055 0.0275
0 0.295 0.1075 0.05125 0.0275
0 0.1625 0.07625 0.05 0.09875
0 0.1375 0.2025 0.025 0.1025
0 0.16875 0.2025 0.03 0.10375
0 0.2075 0.20625 0.03125 0.1025
0 0.24625 0.2025 0.0325 0.10625
0 0.3025 0.2725 0.05625 0.0325
0 0.3 0.235 0.06125 0.03
0 0.29875 0.195 0.05875 0.03875
0 0.3625 0.19625 0.05125 0.03125
0 0.3625 0.27 0.055 0.0275
0 0.66125 0.33375 0.05625 0.03
0 0.42625 0.1975 0.0575 0.0325
0 0.41875 0.365 0.05875 0.03125
0 0.2875 0.405 0.05375 0.03
0 0.5975 0.33375 0.06 0.03875
0 0.35125 0.40625 0.0675 0.0375
0 0.36 0.3675 0.05875 0.02875
0 0.35375 0.3275 0.05375 0.03125
0 0.41625 0.32625 0.06 0.02625
0 0.4175 0.40375 0.0575 0.03125
0 0.48 0.405 0.05375 0.02625
0 0.47875 0.36625 0.05 0.0325
0 0.48125 0.33125 0.06125 0.0225
0 0.53875 0.33375 0.05625 0.035
0 0.54125 0.37 0.055 0.03125
0 0.605 0.40875 0.05375 0.0325
0 0.6025 0.3725 0.0575 0.0325
0 0.29125 0.36625 0.06625 0.03125
0 0.2925 0.32375 0.06625 0.03125
0 0.48625 0.24 0.04375 0.01875
0 0.5425 0.40875 0.05625 0.0325