0 0.47125 0.17 0.02125 0.055
0 0.31875 0.4325 0.025 0.0725
0 0.41125 0.16875 0.0225 0.05625
0 0.3875 0.17 0.02125 0.0575
0 0.44 0.16625 0.03 0.06125
0 0.4675 0.7175 0.0225 0.0475
0 0.49 0.70875 0.02375 0.06625
0 0.5125 0.70625 0.02125 0.07125
0 0.3575 0.80875 0.01875 0.07625
0 0.38 0.8075 0.02375 0.075
0 0.46875 0.80125 0.02 0.07
0 0.48875 0.805 0.01625 0.07375
0 0.51 0.8075 0.0225 0.08125
0 0.5475 0.8025 0.01625 0.07875
0 0.5675 0.81125 0.02 0.0675
0 0.59375 0.80625 0.02875 0.0775
0 0.65 0.80625 0.0375 0.08625
0 0.69875 0.8125 0.01625 0.06
0 0.72 0.81625 0.02375 0.06375
0 0.76875 0.81 0.025 0.0675
0 0.73875 0.72625 0.03 0.02875
0 0.70125 0.72625 0.0325 0.02875
0 0.7325 0.6825 0.02 0.02125
0 0.705 0.6975 0.03 0.02375
0 0.66625 0.715 0.02875 0.055
0 0.5825 0.71125 0.02 0.0675
0 0.56125 0.70625 0.02 0.0725
0 0.36625 0.16875 0.0175 0.05875
0 0.345 0.16875 0.02 0.0575
0 0.305 0.11375 0.04 0.0525
0 0.32125 0.17125 0.0225 0.05375
0 0.23875 0.575 0.02875 0.02375
0 0.23875 0.52625 0.03375 0.02125
0 0.315 0.615 0.02 0.0575
0 0.34875 0.6225 0.02375 0.06
0 0.7 0.155 0.04375 0.0775
0 0.37125 0.61875 0.02125 0.06125
0 0.395 0.615 0.01875 0.05625
0 0.41625 0.62 0.02125 0.05875
0 0.43875 0.62 0.02375 0.05875
0 0.4625 0.61875 0.02125 0.05875
0 0.485 0.61875 0.0225 0.06125
0 0.50875 0.61875 0.02625 0.06125
0 0.57625 0.6175 0.02375 0.06625
0 0.615 0.61375 0.02625 0.07375
0 0.64 0.62125 0.02125 0.06375
0 0.66375 0.6175 0.0225 0.06625
0 0.6875 0.61875 0.025 0.07125
0 0.71375 0.62375 0.02625 0.06
0 0.745 0.63125 0.02125 0.045
0 0.23875 0.90125 0.0325 0.06125
0 0.42125 0.8075 0.0225 0.075
0 0.34875 0.44125 0.0275 0.06
0 0.75125 0.5375 0.0425 0.05
0 0.2975 0.17125 0.01875 0.05375
0 0.27875 0.17625 0.0175 0.0475
0 0.2575 0.17 0.01875 0.05875
0 0.2375 0.1725 0.02 0.0575
0 0.415 0.70875 0.03375 0.06
0 0.37125 0.71 0.03 0.06375
0 0.34375 0.71125 0.02 0.06
0 0.32375 0.71 0.02 0.05875
0 0.3 0.7125 0.0225 0.05875
0 0.2675 0.7225 0.02 0.035
0 0.415 0.5375 0.01875 0.0475
0 0.435 0.5275 0.02125 0.06875
0 0.45625 0.5275 0.0175 0.0675
0 0.47375 0.5275 0.02 0.07
0 0.495 0.525 0.0225 0.07375
0 0.52 0.525 0.025 0.07625
0 0.55875 0.525 0.0225 0.06875
0 0.58625 0.525 0.025 0.07125
0 0.6325 0.52875 0.03125 0.07375
0 0.25 0.63125 0.025 0.0425
0 0.44625 0.795 0.0175 0.07
0 0.62625 0.70375 0.02125 0.06
0 0.3925 0.5325 0.025 0.05875
0 0.55375 0.43875 0.02375 0.05375
0 0.4675 0.34 0.0225 0.0725
0 0.4925 0.33625 0.02625 0.08125
0 0.5175 0.335 0.02125 0.0775
0 0.54125 0.33375 0.02125 0.08
0 0.56375 0.3325 0.0225 0.07875
0 0.58 0.43875 0.025 0.05375
0 0.60875 0.43375 0.02625 0.07
0 0.52125 0.43125 0.0225 0.07375
0 0.63375 0.4325 0.02125 0.06625
0 0.69625 0.43375 0.02125 0.06375
0 0.72 0.43375 0.02625 0.065
0 0.76 0.435 0.0325 0.0625
0 0.28125 0.53375 0.0225 0.0575
0 0.30625 0.53125 0.02625 0.0625
0 0.335 0.52875 0.02875 0.06375
0 0.37375 0.43875 0.02125 0.0675
0 0.3125 0.89375 0.00875 0.05875
0 0.65625 0.43125 0.02375 0.06875
0 0.59 0.34125 0.02625 0.0625
0 0.49375 0.4325 0.0225 0.075
0 0.44375 0.43875 0.02375 0.0625
0 0.49625 0.16125 0.02 0.07125
0 0.51625 0.16 0.02 0.07125
0 0.535 0.16 0.0175 0.07
0 0.555 0.16125 0.0175 0.0675
0 0.57375 0.1675 0.01875 0.05
0 0.6025 0.16875 0.03625 0.0475
0 0.63125 0.1675 0.01875 0.05
0 0.6525 0.15875 0.01875 0.06625
0 0.47 0.4325 0.02125 0.075
0 0.745 0.17 0.02625 0.045
0 0.3025 0.33375 0.02125 0.0625
0 0.325 0.33375 0.01625 0.0625
0 0.38 0.3475 0.01375 0.05625
0 0.4025 0.355 0.0275 0.04
0 0.4275 0.35375 0.01625 0.04375
0 0.445 0.35 0.0175 0.04875
0 0.29125 0.8225 0.02375 0.0425
0 0.4175 0.44 0.02625 0.05875
0 0.7725 0.1675 0.01625 0.04625
0 0.61625 0.34 0.02625 0.06375
0 0.39375 0.44 0.01875 0.06
0 0.66375 0.34 0.0225 0.06
0 0.59125 0.90625 0.02 0.06375
0 0.64125 0.34 0.01875 0.06375
0 0.52875 0.9025 0.02 0.0675
0 0.5075 0.90125 0.02125 0.06625
0 0.48625 0.905 0.0175 0.06875
0 0.4625 0.905 0.01875 0.0625
0 0.43875 0.905 0.02375 0.06875
0 0.62 0.9075 0.0225 0.06625
0 0.41625 0.9075 0.0175 0.0525
0 0.37875 0.9125 0.0225 0.05
0 0.3475 0.915 0.03125 0.035
0 0.2975 0.90125 0.01875 0.0675
0 0.27 0.9075 0.0225 0.06625
0 0.40375 0.795 0.01125 0.07
0 0.34 0.81 0.0175 0.07
0 0.31625 0.80875 0.025 0.06875
0 0.4 0.91 0.01625 0.0525
0 0.6525 0.89875 0.0175 0.06125
0 0.55 0.9075 0.0175 0.05875
0 0.325 0.89125 0.01375 0.05625
0 0.75875 0.33625 0.025 0.06625
0 0.73375 0.3375 0.01875 0.0625
0 0.705 0.33875 0.025 0.06125
0 0.68375 0.34 0.01875 0.06
0 0.29375 0.4325 0.025 0.075
0 0.77375 0.92 0.01375 0.04875
0 0.2675 0.4325 0.0225 0.075
0 0.73625 0.92 0.02125 0.04125
0 0.70375 0.88625 0.01875 0.04875
0 0.6725 0.90125 0.02125 0.06875
0 0.75625 0.91875 0.01625 0.04