0 0.70375 0.2275 0.05 0.04625
0 0.37375 0.165 0.05375 0.02125
0 0.36375 0.73 0.05 0.04375
0 0.4225 0.72625 0.05375 0.04875
0 0.67125 0.19 0.0425 0.02375
0 0.425 0.20875 0.0625 0.06
0 0.23625 0.19875 0.06125 0.0625
0 0.29875 0.2025 0.06 0.06375
0 0.2975 0.1375 0.06375 0.05875
0 0.245 0.15 0.0375 0.0275
0 0.1575 0.19 0.06375 0.03375
0 0.4775 0.72625 0.05 0.04625
0 0.16375 0.155 0.0775 0.02875
0 0.8475 0.08625 0.03375 0.0575
0 0.36375 0.2075 0.05875 0.05875
0 0.54125 0.7225 0.04875 0.04875
0 0.42125 0.8075 0.05 0.04375
0 0.64375 0.7225 0.0475 0.04375
0 0.83625 0.1875 0.05 0.0275
0 0.78125 0.185 0.04875 0.02375
0 0.7825 0.22625 0.05375 0.055
0 0.725 0.18875 0.045 0.02375
0 0.5775 0.80125 0.05125 0.04375
0 0.525 0.7775 0.04125 0.0225
0 0.8125 0.08375 0.03 0.05625
0 0.3625 0.81375 0.0525 0.04375
0 0.30625 0.81375 0.0475 0.045
0 0.25125 0.815 0.05375 0.0475
0 0.8525 0.7925 0.04375 0.04125
0 0.8025 0.795 0.05 0.0425
0 0.73 0.77 0.05625 0.0225
0 0.85 0.72125 0.04875 0.045
0 0.69125 0.7225 0.04625 0.045
0 0.59375 0.7225 0.04875 0.045
0 0.77875 0.07875 0.03125 0.05875
0 0.305 0.73875 0.055 0.05
0 0.7275 0.0525 0.06875 0.10125
0 0.16625 0.705 0.0825 0.03375
0 0.17625 0.66375 0.07625 0.03
0 0.72625 0.6425 0.0525 0.04375
0 0.85125 0.59625 0.04625 0.03
0 0.805 0.545 0.04 0.0175
0 0.76875 0.57875 0.0475 0.03
0 0.7575 0.54125 0.04625 0.01625
0 0.71375 0.55625 0.0275 0.04
0 0.6725 0.5675 0.0425 0.045
0 0.62 0.59375 0.0525 0.03125
0 0.62125 0.55875 0.0525 0.0325
0 0.56 0.58 0.055 0.0525
0 0.285 0.0475 0.0375 0.06
0 0.2325 0.0375 0.05875 0.07
0 0.16875 0.03625 0.05625 0.0675
0 0.245 0.66375 0.0575 0.05125
0 0.30375 0.66375 0.055 0.05125
0 0.365 0.65875 0.0525 0.04625
0 0.42125 0.65875 0.05 0.05125
0 0.66 0.04875 0.05875 0.09375
0 0.585 0.0625 0.04375 0.0575
0 0.5375 0.0625 0.035 0.05875
0 0.5 0.06125 0.03375 0.065
0 0.4625 0.05625 0.03375 0.0625
0 0.4125 0.04375 0.05625 0.0825
0 0.3625 0.05 0.0375 0.0575
0 0.78125 0.02375 0.03125 0.04625
0 0.32375 0.04875 0.03375 0.06125
0 0.24625 0.74125 0.05875 0.04875
0 0.1325 0.80375 0.015 0.07625
0 0.19125 0.8025 0.02875 0.0725
0 0.1575 0.80375 0.03 0.07375
0 0.64125 0.65375 0.05 0.05
0 0.58625 0.655 0.0525 0.0525
0 0.47625 0.65625 0.05125 0.0475
0 0.835 0.23 0.0475 0.05375
0 0.80375 0.3275 0.0675 0.055
0 0.6425 0.8075 0.0675 0.0475
0 0.65875 0.33375 0.055 0.0375
0 0.425 0.4675 0.05375 0.0325
0 0.5475 0.33125 0.0525 0.03625
0 0.24375 0.4025 0.06375 0.06375
0 0.3675 0.4925 0.055 0.05125
0 0.30875 0.49125 0.06 0.06125
0 0.245 0.49 0.06 0.0575
0 0.36875 0.2825 0.05625 0.04
0 0.1675 0.4425 0.08375 0.03
0 0.58875 0.505 0.04875 0.03375
0 0.30375 0.30625 0.06375 0.065
0 0.58875 0.46875 0.0525 0.03125
0 0.6425 0.505 0.05125 0.0325
0 0.645 0.47 0.05 0.03375
0 0.70625 0.49625 0.0675 0.05375
0 0.7775 0.4975 0.065 0.055
0 0.42625 0.50375 0.0525 0.03375
0 0.845 0.4975 0.0525 0.04875
0 0.48125 0.46875 0.0525 0.03125
0 0.535 0.46875 0.04875 0.03375
0 0.7325 0.32625 0.0675 0.0575
0 0.60375 0.29375 0.055 0.03625
0 0.6025 0.3325 0.05 0.03625
0 0.5475 0.2925 0.0525 0.03625
0 0.4875 0.3175 0.055 0.05625
0 0.4275 0.31625 0.05875 0.05875
0 0.3675 0.32375 0.055 0.03875
0 0.4925 0.58375 0.0525 0.05125
0 0.44625 0.56875 0.02875 0.02875
0 0.39875 0.58875 0.05375 0.04875
0 0.3325 0.5875 0.07 0.0525
0 0.25625 0.58875 0.0725 0.05375
0 0.17375 0.585 0.08625 0.03375
0 0.185 0.5425 0.07125 0.02625
0 0.535 0.50375 0.0525 0.03375
0 0.48 0.50375 0.0525 0.0325
0 0.85625 0.42625 0.03625 0.03625
0 0.16375 0.47625 0.07625 0.03
0 0.79625 0.41625 0.07625 0.05375
0 0.2375 0.30375 0.0625 0.0625
0 0.85625 0.39125 0.03625 0.03
0 0.165 0.3425 0.07875 0.03375
0 0.30875 0.4025 0.0625 0.06375
0 0.375 0.3775 0.05375 0.0375
0 0.1675 0.30875 0.07375 0.02875
0 0.43375 0.38 0.05625 0.03875
0 0.4325 0.42 0.0525 0.03375
0 0.64375 0.42125 0.05375 0.035
0 0.575 0.41 0.07 0.05875
0 0.50125 0.40875 0.07125 0.05875
0 0.37375 0.41625 0.055 0.035