0 0.66625 0.5225 0.02875 0.07125
0 0.53 0.34625 0.02625 0.0675
0 0.4775 0.7125 0.0225 0.06
0 0.5075 0.70875 0.03125 0.07125
0 0.53625 0.7125 0.01875 0.06375
0 0.55875 0.71125 0.0225 0.065
0 0.585 0.7175 0.025 0.025
0 0.62 0.70875 0.0275 0.065
0 0.64875 0.7275 0.02375 0.02375
0 0.6725 0.71 0.0175 0.06875
0 0.69 0.71 0.01375 0.0675
0 0.705 0.70875 0.0125 0.07
0 0.72125 0.70875 0.0175 0.0675
0 0.7175 0.62125 0.03 0.07625
0 0.685 0.62 0.02875 0.0775
0 0.45375 0.7175 0.02 0.05875
0 0.655 0.62625 0.0275 0.06625
0 0.59375 0.625 0.02625 0.07125
0 0.565 0.61875 0.025 0.08375
0 0.53625 0.6175 0.02625 0.085
0 0.505 0.61625 0.0275 0.08625
0 0.475 0.61625 0.0275 0.08625
0 0.445 0.6175 0.02625 0.08625
0 0.41625 0.625 0.025 0.06875
0 0.3875 0.62375 0.02625 0.07
0 0.355 0.62625 0.0275 0.07125
0 0.32625 0.62625 0.02375 0.0725
0 0.29625 0.65 0.02625 0.02875
0 0.26625 0.6225 0.03125 0.08375
0 0.23375 0.6225 0.02875 0.085
0 0.62375 0.61875 0.0275 0.0825
0 0.43 0.7325 0.02125 0.03
0 0.40625 0.73125 0.02125 0.02875
0 0.385 0.725 0.015 0.05125
0 0.6575 0.81625 0.02375 0.03125
0 0.63625 0.82375 0.01625 0.06
0 0.6175 0.835 0.015 0.04125
0 0.595 0.84375 0.0225 0.0225
0 0.59625 0.81875 0.0225 0.0225
0 0.57375 0.83125 0.0175 0.04625
0 0.55125 0.82375 0.0175 0.06125
0 0.525 0.77875 0.01375 0.02125
0 0.53 0.8375 0.01625 0.04
0 0.50375 0.845 0.0275 0.01875
0 0.505 0.8225 0.03 0.0225
0 0.47375 0.8475 0.0275 0.01875
0 0.47125 0.825 0.02375 0.02375
0 0.44875 0.825 0.0175 0.065
0 0.42875 0.82375 0.01875 0.06375
0 0.4 0.84 0.02875 0.0175
0 0.4 0.81875 0.03125 0.0225
0 0.36125 0.82625 0.035 0.06125
0 0.32875 0.8275 0.02125 0.06375
0 0.29875 0.83125 0.0225 0.06125
0 0.265 0.8275 0.02625 0.06375
0 0.23875 0.83375 0.02 0.05625
0 0.23 0.71625 0.02125 0.07
0 0.25375 0.715 0.025 0.07
0 0.29375 0.7225 0.0125 0.04125
0 0.3125 0.7275 0.01625 0.04375
0 0.3325 0.725 0.01125 0.04375
0 0.3475 0.72375 0.015 0.04625
0 0.3675 0.72375 0.01125 0.05
0 0.22625 0.52 0.015 0.0725
0 0.255 0.52 0.035 0.07125
0 0.29375 0.53125 0.0225 0.05625
0 0.3175 0.53125 0.02125 0.05375
0 0.3425 0.2475 0.02375 0.075
0 0.36875 0.24625 0.02375 0.0775
0 0.395 0.2475 0.0225 0.07625
0 0.42125 0.245 0.025 0.08
0 0.44875 0.24375 0.025 0.08
0 0.4775 0.24625 0.02625 0.08125
0 0.53125 0.24375 0.02875 0.0875
0 0.5575 0.2475 0.01625 0.07875
0 0.64 0.245 0.0225 0.08625
0 0.66625 0.24625 0.02375 0.085
0 0.69375 0.24625 0.0275 0.085
0 0.72 0.2475 0.0225 0.08625
0 0.7475 0.2475 0.025 0.08625
0 0.74 0.14 0.05 0.03125
0 0.6925 0.14 0.0375 0.0325
0 0.65625 0.11 0.02875 0.08875
0 0.625 0.115 0.02875 0.07875
0 0.595 0.11125 0.02875 0.08375
0 0.57 0.1325 0.015 0.04375
0 0.5525 0.13125 0.015 0.04375
0 0.53125 0.125 0.0225 0.055
0 0.50375 0.11375 0.02125 0.0775
0 0.48 0.11375 0.02125 0.08
0 0.43625 0.11375 0.0475 0.075
0 0.38875 0.1125 0.0275 0.075
0 0.34 0.1175 0.06 0.06
0 0.29125 0.125 0.0275 0.04375
0 0.24875 0.10375 0.03125 0.08375
0 0.5025 0.345 0.0225 0.07
0 0.315 0.245 0.025 0.075
0 0.66 0.84375 0.02875 0.0225
0 0.28625 0.24375 0.02625 0.075
0 0.47875 0.43375 0.02875 0.075
0 0.34375 0.52125 0.025 0.0725
0 0.3725 0.52125 0.025 0.0725
0 0.43125 0.52375 0.02375 0.06875
0 0.45625 0.525 0.02125 0.06625
0 0.4825 0.52125 0.0175 0.0725
0 0.49875 0.51875 0.01 0.06875
0 0.52 0.54875 0.0275 0.02
0 0.52 0.52625 0.02625 0.01875
0 0.52 0.50375 0.02625 0.0225
0 0.54875 0.5475 0.02625 0.02
0 0.5475 0.525 0.02625 0.02
0 0.54875 0.5025 0.02625 0.02125
0 0.57625 0.54625 0.0275 0.01875
0 0.5775 0.52625 0.02875 0.0175
0 0.5775 0.505 0.02875 0.0225
0 0.60625 0.5475 0.0275 0.01875
0 0.60625 0.525 0.02625 0.02
0 0.60625 0.50375 0.025 0.02
0 0.635 0.52125 0.0275 0.07125
0 0.69625 0.52375 0.0225 0.06625
0 0.7225 0.52375 0.0225 0.06625
0 0.3425 0.43875 0.02625 0.0625
0 0.315 0.43875 0.0225 0.0625
0 0.25375 0.44375 0.015 0.0475
0 0.23 0.445 0.02125 0.05
0 0.39125 0.44 0.02375 0.06125
0 0.4175 0.44 0.0225 0.06125
0 0.44625 0.4625 0.03 0.01625
0 0.445 0.4425 0.02625 0.01875
0 0.53125 0.4325 0.0275 0.0775
0 0.6925 0.81375 0.0275 0.08
0 0.4 0.52375 0.02625 0.07
0 0.27875 0.3925 0.03125 0.17625
0 0.5625 0.435 0.0275 0.07375
0 0.7225 0.34625 0.02125 0.06875
0 0.7475 0.34625 0.0225 0.07125
0 0.65375 0.34625 0.02375 0.07125
0 0.63 0.345 0.02 0.07
0 0.7275 0.81125 0.03625 0.08125
0 0.6975 0.35 0.01875 0.06375
0 0.7425 0.43375 0.01875 0.075
0 0.60625 0.34625 0.02 0.06875
0 0.55875 0.3475 0.02625 0.06625
0 0.2475 0.3725 0.0225 0.045
0 0.315 0.36 0.02375 0.0325
0 0.3475 0.35125 0.02625 0.0175
0 0.34875 0.37 0.02875 0.015
0 0.37375 0.3525 0.01625 0.05375
0 0.445 0.3525 0.0275 0.015
0 0.58375 0.34625 0.02 0.0675
0 0.44375 0.37125 0.02875 0.02
0 0.72125 0.43375 0.01875 0.07375
0 0.6825 0.43375 0.01625 0.07375
0 0.70125 0.43375 0.01625 0.0725
0 0.595 0.43375 0.02875 0.07625
0 0.47375 0.345 0.02625 0.06875
0 0.64625 0.435 0.01625 0.0725
0 0.66375 0.43375 0.01625 0.0725
0 0.62375 0.43375 0.025 0.07375