0 0.63375 0.45625 0.03375 0.07375
0 0.56 0.46125 0.035 0.08375
0 0.51375 0.45375 0.0275 0.075
0 0.47625 0.45875 0.03625 0.08625
0 0.67 0.4575 0.03375 0.07
0 0.715 0.4625 0.03875 0.07625
0 0.75625 0.46 0.04125 0.0775
0 0.80875 0.55625 0.04625 0.13375
0 0.85625 0.565 0.03625 0.1225
0 0.15375 0.5675 0.0325 0.10125
0 0.68375 0.72625 0.02375 0.04625
0 0.40875 0.5575 0.04125 0.0675
0 0.2625 0.5775 0.05625 0.0725
0 0.3575 0.5575 0.04875 0.07
0 0.43 0.47875 0.05 0.04375
0 0.47125 0.56125 0.06375 0.07375
0 0.53625 0.5625 0.0625 0.0725
0 0.5925 0.5625 0.04625 0.07375
0 0.63375 0.57125 0.0325 0.05625
0 0.6575 0.73875 0.02625 0.055
0 0.70375 0.56 0.025 0.0425
0 0.7325 0.55875 0.0325 0.04375
0 0.2075 0.57375 0.04375 0.08
0 0.38 0.44875 0.035 0.09
0 0.23375 0.125 0.0375 0.15625
0 0.17125 0.1325 0.0275 0.1425
0 0.66375 0.85375 0.04625 0.10125
0 0.75375 0.85375 0.03 0.0825
0 0.79125 0.85125 0.0325 0.08125
0 0.82875 0.8775 0.03375 0.06625
0 0.6625 0.3275 0.03375 0.0825
0 0.69875 0.32875 0.0375 0.085
0 0.7375 0.3275 0.04 0.0825
0 0.77875 0.32875 0.03625 0.08
0 0.84125 0.2825 0.02875 0.07875
0 0.8175 0.41375 0.0475 0.0875
0 0.85875 0.41375 0.03125 0.0875
0 0.17 0.4575 0.06375 0.0775
0 0.24 0.4625 0.06375 0.07375
0 0.555 0.14875 0.04 0.10125
0 0.515 0.14875 0.0375 0.09875
0 0.475 0.1475 0.0375 0.0975
0 0.435 0.12875 0.03625 0.15125
0 0.4 0.12625 0.0275 0.14375
0 0.36625 0.1275 0.04 0.14
0 0.32875 0.1325 0.02875 0.1325
0 0.29625 0.13125 0.02875 0.13625
0 0.265 0.1225 0.02625 0.15375
0 0.16625 0.70875 0.0675 0.1
0 0.14 0.13125 0.02875 0.13625
0 0.2 0.13375 0.025 0.13125
0 0.3225 0.45125 0.06375 0.0875
0 0.23625 0.70875 0.07 0.09875
0 0.6725 0.57625 0.035 0.04875
0 0.655 0.12625 0.05 0.145
0 0.7275 0.655 0.02125 0.04625
0 0.74875 0.65625 0.02 0.04875
0 0.6025 0.13 0.045 0.13875
0 0.15 0.86375 0.05 0.0575
0 0.2225 0.85625 0.07875 0.07375
0 0.305 0.8575 0.08 0.06875
0 0.375 0.845 0.04 0.10375
0 0.415 0.8425 0.03375 0.1025
0 0.45875 0.85 0.04125 0.1075
0 0.51625 0.86 0.0625 0.08625
0 0.6275 0.73375 0.02875 0.055
0 0.59125 0.84375 0.075 0.07375
0 0.53375 0.65 0.015 0.04375
0 0.51625 0.64875 0.0175 0.04625
0 0.49125 0.6525 0.02 0.04375
0 0.47 0.65 0.0175 0.0475
0 0.4425 0.65 0.02 0.045
0 0.4075 0.65 0.02125 0.04625
0 0.38875 0.64125 0.015 0.0375
0 0.3675 0.645 0.0175 0.045
0 0.34625 0.64625 0.01875 0.04875
0 0.31875 0.64625 0.01625 0.04875
0 0.29875 0.645 0.0175 0.05125
0 0.8425 0.71625 0.03 0.06375
0 0.8425 0.66375 0.03625 0.0375
0 0.8075 0.71875 0.035 0.08125
0 0.775 0.74125 0.0275 0.05625
0 0.74625 0.74125 0.02875 0.0525
0 0.71375 0.73875 0.03125 0.055
0 0.69875 0.65875 0.01875 0.05
0 0.68125 0.64875 0.01375 0.04
0 0.15375 0.80875 0.05625 0.05
0 0.63625 0.64125 0.01625 0.03625
0 0.29375 0.7275 0.0275 0.05
0 0.5575 0.65375 0.02 0.05125
0 0.6075 0.26875 0.03375 0.03375
0 0.525 0.27375 0.03125 0.02625
0 0.5475 0.32875 0.035 0.08
0 0.51 0.33 0.0275 0.08
0 0.47125 0.30875 0.05125 0.1225
0 0.40125 0.32625 0.07125 0.085
0 0.32875 0.33 0.06875 0.0825
0 0.24125 0.26875 0.035 0.03
0 0.28 0.26875 0.02375 0.03
0 0.25 0.32875 0.0625 0.0725
0 0.1975 0.32625 0.035 0.0775
0 0.15875 0.32875 0.0375 0.075
0 0.86 0.1725 0.0275 0.045
0 0.8225 0.14875 0.0475 0.10375
0 0.7175 0.10875 0.05125 0.175
0 0.68625 0.265 0.04125 0.03375
0 0.58625 0.3275 0.02875 0.08125
0 0.6225 0.3275 0.0375 0.08125
0 0.32375 0.72375 0.02875 0.04875
0 0.62 0.65375 0.01625 0.0425
0 0.6 0.6525 0.01625 0.04625
0 0.57875 0.655 0.0175 0.04875
0 0.58625 0.7225 0.04625 0.05
0 0.54125 0.73375 0.04 0.05875
0 0.49 0.7375 0.0375 0.04875
0 0.44625 0.735 0.04375 0.0575
0 0.39875 0.73625 0.04375 0.0525
0 0.6625 0.65375 0.0175 0.045
0 0.36125 0.72 0.0275 0.03625
0 0.71125 0.85375 0.045 0.1