0 0.6175 0.3225 0.04375 0.0325
0 0.6725 0.3175 0.04375 0.03625
0 0.46625 0.5675 0.06625 0.03125
0 0.61625 0.5325 0.03875 0.03375
0 0.6175 0.57125 0.0425 0.0325
0 0.57125 0.56625 0.04375 0.0325
0 0.57 0.53 0.0425 0.03375
0 0.52375 0.53 0.045 0.0325
0 0.52625 0.5675 0.04125 0.03375
0 0.6075 0.87375 0.0425 0.0325
0 0.465 0.52875 0.065 0.0375
0 0.67625 0.5275 0.04125 0.035
0 0.39625 0.52875 0.06375 0.035
0 0.33 0.5675 0.06125 0.03125
0 0.325 0.53 0.0625 0.03875
0 0.26625 0.56125 0.045 0.03625
0 0.26875 0.52375 0.04 0.0275
0 0.4175 0.81875 0.0425 0.0275
0 0.4225 0.855 0.04125 0.0325
0 0.47125 0.8625 0.04875 0.02875
0 0.31 0.675 0.04375 0.03375
0 0.3975 0.565 0.06125 0.0325
0 0.3125 0.7125 0.0425 0.03125
0 0.67875 0.56625 0.05 0.03625
0 0.27125 0.45125 0.03125 0.0325
0 0.5625 0.7925 0.03875 0.03125
0 0.56125 0.7575 0.03875 0.03125
0 0.60875 0.7625 0.04125 0.03125
0 0.60875 0.795 0.04125 0.03125
0 0.655 0.8 0.04125 0.03125
0 0.655 0.76375 0.04125 0.03125
0 0.3725 0.74875 0.04375 0.03125
0 0.375 0.78125 0.04375 0.02875
0 0.72 0.54375 0.02375 0.06875
0 0.32625 0.78 0.04375 0.02875
0 0.28875 0.755 0.02625 0.04625
0 0.7025 0.87875 0.0425 0.0325
0 0.7025 0.845 0.0425 0.0325
0 0.655 0.83875 0.0425 0.0325
0 0.655 0.87375 0.0425 0.0325
0 0.32625 0.4525 0.06625 0.0375
0 0.32875 0.48875 0.06375 0.03125
0 0.275 0.48375 0.03125 0.03
0 0.325 0.7475 0.04375 0.02875
0 0.51875 0.78875 0.03875 0.03125
0 0.2725 0.70625 0.03 0.03
0 0.70125 0.78875 0.03875 0.075
0 0.70625 0.73 0.04875 0.03375
0 0.65625 0.72625 0.04125 0.03125
0 0.65625 0.68875 0.0425 0.03875
0 0.60875 0.6875 0.04375 0.04
0 0.60875 0.725 0.045 0.03
0 0.56125 0.7225 0.04 0.02875
0 0.56125 0.68875 0.04 0.035
0 0.51625 0.68375 0.04125 0.03875
0 0.70625 0.69125 0.045 0.0375
0 0.5175 0.72125 0.04 0.02875
0 0.4675 0.68 0.0525 0.0375
0 0.4125 0.6775 0.0525 0.0375
0 0.4175 0.71625 0.04875 0.03
0 0.365 0.7125 0.04875 0.03
0 0.36125 0.6775 0.045 0.035
0 0.56125 0.835 0.03625 0.03125
0 0.4725 0.8275 0.045 0.0375
0 0.5175 0.83 0.03625 0.03125
0 0.46875 0.71875 0.05 0.03125
0 0.27125 0.6725 0.03125 0.03
0 0.27 0.6 0.04875 0.03375
0 0.32375 0.6375 0.04625 0.035
0 0.60625 0.8375 0.0425 0.0325
0 0.70375 0.61 0.045 0.03
0 0.70625 0.6425 0.045 0.03
0 0.655 0.6425 0.0425 0.03
0 0.655 0.60875 0.04125 0.03375
0 0.61125 0.6075 0.03625 0.0325
0 0.61 0.64125 0.04 0.03125
0 0.5675 0.645 0.0425 0.03375
0 0.27375 0.63625 0.045 0.035
0 0.56875 0.6075 0.04375 0.03375
0 0.52 0.6425 0.04625 0.035
0 0.47375 0.64125 0.04625 0.03375
0 0.4725 0.60375 0.04625 0.035
0 0.4225 0.6025 0.05125 0.03625
0 0.42375 0.64 0.04875 0.03125
0 0.375 0.63875 0.0475 0.0325
0 0.37 0.6025 0.04625 0.03375
0 0.31875 0.60125 0.04625 0.03125
0 0.52125 0.605 0.04375 0.035
0 0.52125 0.865 0.03625 0.03125
0 0.5175 0.755 0.03875 0.03125
0 0.28625 0.8425 0.03625 0.03
0 0.5225 0.21375 0.04125 0.035
0 0.57 0.205 0.0425 0.03875
0 0.625 0.20125 0.05 0.04
0 0.675 0.20375 0.0425 0.03625
0 0.71875 0.20875 0.035 0.0375
0 0.56625 0.3225 0.03875 0.0375
0 0.5125 0.32375 0.0425 0.0375
0 0.44125 0.32375 0.07 0.04
0 0.45625 0.21 0.06625 0.0425
0 0.37625 0.325 0.05875 0.0425
0 0.30375 0.33125 0.065 0.03375
0 0.71 0.3575 0.05 0.02875
0 0.7075 0.39625 0.02875 0.0425
0 0.675 0.39375 0.0275 0.04375
0 0.615 0.405 0.05 0.03875
0 0.6125 0.36375 0.04625 0.04
0 0.5625 0.36625 0.04 0.03875
0 0.56375 0.405 0.04125 0.03125
0 0.3075 0.2875 0.065 0.04
0 0.5175 0.4075 0.03625 0.03
0 0.41 0.2175 0.02 0.03125
0 0.3725 0.22125 0.04 0.0275
0 0.715 0.2975 0.02625 0.075
0 0.3975 0.28625 0.0575 0.02875
0 0.45875 0.285 0.06125 0.03375
0 0.5125 0.285 0.04125 0.03875
0 0.565 0.28375 0.04375 0.04
0 0.61625 0.2825 0.04875 0.04
0 0.6725 0.27875 0.045 0.04
0 0.3125 0.2525 0.06 0.02875
0 0.37125 0.18375 0.05 0.03875
0 0.38625 0.25375 0.06375 0.03375
0 0.52125 0.2475 0.0375 0.03
0 0.56875 0.24375 0.045 0.0325
0 0.62125 0.24125 0.04875 0.0325
0 0.675 0.24125 0.045 0.0325
0 0.71375 0.24375 0.0275 0.03
0 0.28875 0.20125 0.0325 0.0375
0 0.32875 0.195 0.025 0.03
0 0.32875 0.22375 0.03875 0.02375
0 0.46125 0.24875 0.06875 0.02875
0 0.285 0.81 0.03625 0.02875
0 0.51625 0.36875 0.04125 0.03875
0 0.4525 0.40875 0.07 0.03625
0 0.4525 0.36875 0.07125 0.04125
0 0.61375 0.1425 0.03875 0.0325
0 0.61375 0.17 0.0375 0.01625
0 0.66 0.1675 0.0425 0.0225
0 0.65875 0.13625 0.04375 0.035
0 0.7125 0.135 0.045 0.03875
0 0.71125 0.17 0.04125 0.0275
0 0.47 0.7525 0.04375 0.03125
0 0.4725 0.7875 0.04375 0.03125
0 0.4225 0.7825 0.04375 0.03125
0 0.42125 0.75 0.04375 0.03125
0 0.375 0.85 0.04375 0.03375
0 0.37125 0.81625 0.04125 0.02875
0 0.3275 0.815 0.04125 0.02875
0 0.33 0.8475 0.0425 0.03
0 0.56875 0.1725 0.0425 0.01875
0 0.525 0.18 0.04 0.02625
0 0.57125 0.14375 0.03875 0.035
0 0.47875 0.17625 0.04125 0.01875
0 0.3725 0.39 0.08 0.07125
0 0.3025 0.41125 0.05375 0.035
0 0.295 0.37125 0.065 0.0375
0 0.7025 0.46 0.01875 0.065
0 0.67125 0.48375 0.0375 0.03375
0 0.66875 0.445 0.0325 0.03625
0 0.62625 0.44875 0.04375 0.03875
0 0.625 0.48875 0.04625 0.035
0 0.525 0.1475 0.04125 0.03375
0 0.5625 0.87 0.03625 0.03125
0 0.5775 0.45125 0.0475 0.0375
0 0.57625 0.49 0.04625 0.035
0 0.52875 0.49 0.04125 0.035
0 0.53 0.45125 0.04 0.0375
0 0.4725 0.44875 0.0675 0.0375
0 0.47375 0.4875 0.065 0.03625
0 0.39625 0.49 0.06375 0.035
0 0.395 0.45 0.06375 0.03875