0 0.43625 0.26125 0.03375 0.12625
0 0.40875 0.28 0.01875 0.0825
0 0.3475 0.25375 0.0275 0.12125
0 0.32 0.26125 0.025 0.11375
0 0.25875 0.26375 0.045 0.105
0 0.85875 0.78875 0.0275 0.125
0 0.8175 0.78625 0.0375 0.12875
0 0.75375 0.8 0.0525 0.11
0 0.6625 0.80125 0.0375 0.13
0 0.38 0.2575 0.03125 0.12875
0 0.51375 0.55375 0.0275 0.0725
0 0.485 0.2775 0.0275 0.09625
0 0.42125 0.57625 0.03625 0.0325
0 0.45875 0.575 0.025 0.03
0 0.58875 0.14375 0.0275 0.085
0 0.55375 0.1375 0.03 0.09625
0 0.5175 0.14 0.03375 0.08625
0 0.48125 0.13 0.0325 0.08625
0 0.445 0.13125 0.03 0.08875
0 0.41 0.12875 0.03 0.08625
0 0.36875 0.13 0.03625 0.07625
0 0.33 0.15 0.02625 0.03375
0 0.46125 0.27875 0.0125 0.0925
0 0.33 0.12 0.03125 0.02375
0 0.255 0.10625 0.03625 0.10875
0 0.765 0.3025 0.025 0.07875
0 0.7375 0.30875 0.025 0.06125
0 0.7075 0.3075 0.03125 0.06375
0 0.6775 0.3075 0.0275 0.065
0 0.64625 0.30375 0.03 0.0625
0 0.60125 0.27125 0.0325 0.1175
0 0.56375 0.27125 0.04 0.125
0 0.625 0.8025 0.03125 0.12375
0 0.52125 0.2675 0.0375 0.12375
0 0.295 0.11625 0.0325 0.09875
0 0.83375 0.3975 0.0275 0.07625
0 0.55 0.5525 0.0275 0.08
0 0.8575 0.275 0.02125 0.05625
0 0.2675 0.7875 0.09 0.03875
0 0.17875 0.8525 0.07625 0.06
0 0.17875 0.76875 0.07625 0.1025
0 0.17 0.625 0.08125 0.135
0 0.1925 0.465 0.05875 0.13375
0 0.14125 0.465 0.03 0.145
0 0.19625 0.30125 0.045 0.1125
0 0.14625 0.2875 0.03375 0.13
0 0.19125 0.1275 0.0575 0.145
0 0.14375 0.11875 0.03375 0.15875
0 0.4375 0.4425 0.02125 0.06875
0 0.41125 0.44375 0.025 0.06625
0 0.45875 0.44125 0.015 0.06125
0 0.50625 0.4425 0.01625 0.06625
0 0.5275 0.44375 0.02125 0.06875
0 0.55125 0.4475 0.02 0.06
0 0.58 0.44625 0.02 0.0675
0 0.605 0.45125 0.02125 0.065
0 0.63875 0.4475 0.025 0.0675
0 0.66125 0.44875 0.0125 0.06125
0 0.68125 0.45125 0.01625 0.0625
0 0.70375 0.4525 0.02125 0.065
0 0.72875 0.4525 0.0225 0.06375
0 0.76625 0.45125 0.03 0.0725
0 0.4825 0.4425 0.0225 0.07125
0 0.3825 0.43875 0.0225 0.06625
0 0.36125 0.4375 0.01875 0.07
0 0.3375 0.43875 0.02 0.0675
0 0.83875 0.275 0.01375 0.0575
0 0.82 0.27 0.02 0.06
0 0.85625 0.175 0.02875 0.05625
0 0.8225 0.17375 0.035 0.06125
0 0.78 0.1525 0.01125 0.0975
0 0.765 0.16375 0.0125 0.07625
0 0.74875 0.1625 0.01375 0.07625
0 0.57875 0.82 0.055 0.09
0 0.5125 0.8275 0.06125 0.08125
0 0.355 0.73625 0.06875 0.055
0 0.36875 0.83625 0.10125 0.08375
0 0.26625 0.85625 0.09125 0.0575
0 0.485 0.55125 0.02375 0.0775
0 0.27375 0.7225 0.085 0.03125
0 0.3825 0.5725 0.03 0.0375
0 0.58125 0.555 0.02125 0.07
0 0.61125 0.555 0.02625 0.07125
0 0.67625 0.56 0.0225 0.06625
0 0.6975 0.56 0.01125 0.0625
0 0.71875 0.56625 0.03125 0.05125
0 0.75375 0.57 0.03125 0.04875
0 0.235 0.435 0.025 0.07875
0 0.2625 0.43375 0.02 0.07125
0 0.28875 0.4375 0.025 0.06875
0 0.3125 0.43875 0.01875 0.07125
0 0.80125 0.39625 0.02125 0.0875
0 0.34375 0.56625 0.03375 0.04375
0 0.715 0.66 0.1 0.015
0 0.27875 0.54125 0.09125 0.09375
0 0.33875 0.52625 0.02375 0.0325
0 0.7275 0.1725 0.01375 0.06625
0 0.6925 0.16375 0.04625 0.08
0 0.63375 0.14875 0.05375 0.09375
0 0.8625 0.39875 0.02375 0.0725
0 0.86 0.51 0.02875 0.06
0 0.85375 0.6575 0.02375 0.0475
0 0.8225 0.58125 0.02375 0.01625
0 0.82125 0.59625 0.02375 0.01
0 0.8225 0.61 0.02625 0.0125
0 0.835 0.62625 0.02125 0.01625
0 0.8175 0.655 0.0225 0.045
0 0.7925 0.655 0.025 0.0525
0 0.81375 0.5 0.05 0.07875
0 0.72 0.6775 0.10625 0.01375
0 0.33625 0.63875 0.0225 0.06375
0 0.37125 0.65125 0.0375 0.0825
0 0.23125 0.67 0.02625 0.03875
0 0.41 0.66 0.03875 0.02125
0 0.45 0.66875 0.04625 0.03625
0 0.41125 0.68 0.03375 0.02
0 0.49875 0.6625 0.0425 0.04875
0 0.54375 0.66625 0.04375 0.04375
0 0.5875 0.65 0.035 0.07375
0 0.6175 0.66875 0.025 0.035
0 0.6475 0.6675 0.03125 0.0325
0 0.445 0.6375 0.04125 0.015