0 0.37 0.1025 0.14375 0.15
0 0.255 0.05625 0.07125 0.06125
0 0.26 0.13375 0.07375 0.09
0 0.5675 0.565 0.03625 0.04
0 0.45875 0.565 0.0375 0.0425
0 0.49375 0.56375 0.0325 0.04375
0 0.39625 0.5425 0.08 0.03
0 0.3975 0.57375 0.08 0.03
0 0.33375 0.57875 0.045 0.02375
0 0.5075 0.14125 0.1225 0.06875
0 0.53 0.56375 0.03625 0.0425
0 0.50875 0.07375 0.1225 0.06375
0 0.71375 0.56125 0.03125 0.04375
0 0.74625 0.1125 0.0675 0.12875
0 0.7625 0.2375 0.035 0.03875
0 0.605 0.56375 0.03625 0.04125
0 0.64125 0.56375 0.035 0.03875
0 0.6775 0.56375 0.035 0.04
0 0.75375 0.5625 0.0375 0.04375
0 0.755 0.47125 0.0325 0.04625
0 0.72 0.47375 0.03 0.04375
0 0.6825 0.47 0.03625 0.05
0 0.63375 0.48 0.05625 0.035
0 0.6325 0.445 0.05875 0.0325
0 0.5875 0.47875 0.03125 0.03625
0 0.64 0.11375 0.135 0.12875
0 0.5525 0.47625 0.035 0.03875
0 0.7025 0.79 0.03375 0.0225
0 0.51625 0.47625 0.03625 0.04
0 0.28375 0.39625 0.085 0.02625
0 0.34625 0.385 0.0375 0.04875
0 0.3825 0.3875 0.03375 0.03875
0 0.41875 0.38625 0.03875 0.04125
0 0.45625 0.385 0.035 0.04375
0 0.49375 0.385 0.035 0.04375
0 0.52875 0.38875 0.03375 0.03625
0 0.565 0.3875 0.03625 0.0375
0 0.60125 0.3875 0.035 0.04
0 0.635 0.38625 0.03125 0.03875
0 0.66875 0.38875 0.03 0.03375
0 0.70625 0.38875 0.04125 0.03125
0 0.74875 0.3875 0.04125 0.0325
0 0.755 0.3575 0.04625 0.02375
0 0.7675 0.315 0.0275 0.03125
0 0.73 0.31 0.04375 0.04125
0 0.67875 0.315 0.03875 0.035
0 0.63625 0.31625 0.03625 0.02875
0 0.64125 0.29125 0.0475 0.0125
0 0.6 0.315 0.03 0.035
0 0.565 0.325 0.03125 0.01625
0 0.52875 0.315 0.0375 0.04
0 0.4925 0.31625 0.03375 0.035
0 0.45875 0.3175 0.02875 0.03625
0 0.42625 0.325 0.03125 0.01
0 0.395 0.32 0.02875 0.0275
0 0.36125 0.3175 0.03625 0.0325
0 0.28 0.365 0.08625 0.03125
0 0.27875 0.31125 0.02 0.04625
0 0.25625 0.31 0.02 0.045
0 0.235 0.31125 0.0225 0.0475
0 0.47875 0.4775 0.0325 0.04
0 0.44375 0.4775 0.03875 0.045
0 0.40375 0.47625 0.0375 0.04875
0 0.36625 0.4775 0.03 0.04375
0 0.3325 0.4775 0.02125 0.045
0 0.30625 0.4775 0.02375 0.04375
0 0.28 0.47875 0.02 0.04375
0 0.2525 0.47875 0.02125 0.04125
0 0.72375 0.2375 0.03875 0.035
0 0.68625 0.24 0.035 0.03125
0 0.65 0.22875 0.035 0.0525
0 0.61125 0.23625 0.03875 0.03875
0 0.57625 0.23875 0.03125 0.03
0 0.66375 0.79125 0.04 0.02375
0 0.54375 0.23875 0.02875 0.0325
0 0.47875 0.235 0.03125 0.03875
0 0.22625 0.48 0.015 0.045
0 0.44375 0.2375 0.0325 0.03625
0 0.41 0.23875 0.035 0.03375
0 0.375 0.23875 0.03125 0.035
0 0.34125 0.24 0.035 0.0325
0 0.75875 0.21 0.03875 0.01625
0 0.71125 0.2125 0.0475 0.0125
0 0.3125 0.235 0.02375 0.0475
0 0.28875 0.23375 0.02 0.045
0 0.2675 0.235 0.02125 0.045
0 0.245 0.235 0.0175 0.04625
0 0.2275 0.23375 0.0175 0.0475
0 0.5125 0.2375 0.03625 0.035
0 0.32625 0.3175 0.02625 0.03125
0 0.3 0.31125 0.01875 0.045
0 0.48 0.64625 0.03375 0.0525
0 0.74 0.705 0.03125 0.03
0 0.7 0.70625 0.0425 0.0325
0 0.65625 0.705 0.04 0.03
0 0.65875 0.7375 0.04375 0.03375
0 0.70375 0.74 0.04125 0.0325
0 0.77 0.705 0.0225 0.0275
0 0.67 0.61875 0.065 0.0325
0 0.73 0.61875 0.05 0.0325
0 0.74 0.65375 0.06625 0.035
0 0.6725 0.65375 0.06625 0.03125
0 0.62 0.64375 0.0325 0.0525
0 0.58625 0.645 0.0325 0.05125
0 0.54875 0.64625 0.035 0.055
0 0.515 0.64625 0.03125 0.05375
0 0.44375 0.64625 0.035 0.05375
0 0.40875 0.64875 0.03375 0.0525
0 0.3725 0.64875 0.035 0.05375
0 0.2425 0.64375 0.04375 0.0225
0 0.28625 0.64125 0.0425 0.0275
0 0.33 0.64125 0.045 0.025
0 0.33125 0.66625 0.04375 0.025
0 0.285 0.6675 0.04375 0.02375
0 0.24125 0.6675 0.0425 0.02375
0 0.2425 0.55375 0.04375 0.02875
0 0.24375 0.58 0.0475 0.02125
0 0.29 0.57625 0.03875 0.0275
0 0.3325 0.5525 0.04625 0.02375
0 0.61875 0.725 0.03 0.05875
0 0.585 0.725 0.03875 0.0625
0 0.74375 0.73875 0.04 0.02875
0 0.47875 0.73 0.0325 0.05875
0 0.74375 0.7875 0.04125 0.0225
0 0.7475 0.81625 0.03625 0.02875
0 0.7075 0.815 0.0375 0.03
0 0.66625 0.81875 0.03875 0.02375
0 0.625 0.80625 0.0325 0.055
0 0.59 0.80625 0.03375 0.0525
0 0.55375 0.80625 0.03375 0.05375
0 0.515 0.7275 0.03625 0.06
0 0.4825 0.80875 0.03125 0.0525
0 0.44625 0.81 0.035 0.05375
0 0.41125 0.81125 0.03125 0.0525
0 0.3775 0.81125 0.03125 0.0525
0 0.34875 0.8175 0.02125 0.05
0 0.3275 0.8175 0.0175 0.0475
0 0.51625 0.8075 0.035 0.0525
0 0.31 0.73 0.02625 0.0625
0 0.28 0.82125 0.01875 0.045
0 0.2625 0.82125 0.01625 0.045
0 0.2425 0.82125 0.0175 0.04625
0 0.225 0.82125 0.0125 0.0425
0 0.23125 0.7375 0.02125 0.06875
0 0.25625 0.73375 0.02625 0.065
0 0.285 0.73125 0.0225 0.05875
0 0.33625 0.73125 0.025 0.06375
0 0.37125 0.73625 0.03375 0.0525
0 0.40875 0.73 0.0375 0.0625
0 0.445 0.72875 0.03375 0.06125
0 0.30375 0.82 0.02125 0.04625