0 0.78 0.24375 0.02875 0.11875
0 0.74375 0.24125 0.0425 0.12
0 0.68875 0.25125 0.03875 0.10125
0 0.645 0.255 0.04375 0.1
0 0.2075 0.12875 0.0425 0.04375
0 0.385 0.25625 0.04 0.1025
0 0.33875 0.855 0.0825 0.01375
0 0.33875 0.8375 0.07875 0.01875
0 0.33875 0.82 0.07625 0.0125
0 0.425 0.85875 0.08125 0.015
0 0.42375 0.84375 0.08 0.0125
0 0.42125 0.83125 0.085 0.01125
0 0.41875 0.81625 0.07875 0.01375
0 0.415 0.805 0.085 0.0075
0 0.475 0.24 0.14 0.135
0 0.2525 0.28125 0.0475 0.04375
0 0.41375 0.79375 0.08125 0.015
0 0.5025 0.795 0.0875 0.0275
0 0.50625 0.815 0.08 0.01125
0 0.50875 0.83 0.08625 0.01375
0 0.51 0.84125 0.08875 0.01
0 0.50875 0.85875 0.08375 0.0125
0 0.3025 0.255 0.0425 0.09625
0 0.345 0.255 0.03875 0.09875
0 0.2525 0.235 0.0475 0.0425
0 0.81125 0.2425 0.02375 0.12125
0 0.67875 0.83625 0.08375 0.02375
0 0.16375 0.09875 0.0325 0.10375
0 0.235 0.71125 0.02375 0.09375
0 0.265 0.70875 0.02875 0.0925
0 0.32125 0.70125 0.08 0.10875
0 0.4025 0.7 0.07875 0.10625
0 0.4825 0.7 0.0775 0.10625
0 0.5775 0.6975 0.08875 0.1075
0 0.20625 0.70375 0.0325 0.10875
0 0.83875 0.09125 0.03 0.115
0 0.77625 0.09125 0.0275 0.11625
0 0.74625 0.09125 0.02875 0.11625
0 0.705 0.10375 0.0375 0.0975
0 0.6625 0.10375 0.045 0.095
0 0.615 0.10375 0.0475 0.095
0 0.565 0.1025 0.05125 0.095
0 0.80875 0.09 0.02875 0.1175
0 0.83875 0.24 0.03375 0.12375
0 0.17375 0.70375 0.02875 0.10875
0 0.82125 0.81125 0.035 0.09625
0 0.20875 0.08375 0.04625 0.045
0 0.25625 0.08375 0.04625 0.0475
0 0.255 0.13 0.045 0.04
0 0.3675 0.085 0.1625 0.12
0 0.48625 0.1025 0.0375 0.095
0 0.5225 0.1025 0.0325 0.0975
0 0.14375 0.70375 0.02625 0.105
0 0.59375 0.85 0.07875 0.0225
0 0.5925 0.8125 0.08625 0.01875
0 0.68 0.8575 0.07875 0.01625
0 0.26 0.8375 0.07625 0.015
0 0.6775 0.80875 0.0825 0.02875
0 0.74 0.80875 0.02875 0.08875
0 0.775 0.8075 0.03625 0.08875
0 0.5925 0.83 0.0825 0.015
0 0.25875 0.85375 0.07125 0.01625
0 0.85625 0.40375 0.02625 0.09625
0 0.15125 0.84 0.0425 0.0375
0 0.73 0.5275 0.02875 0.1
0 0.64875 0.55625 0.0975 0.0775
0 0.5575 0.5375 0.0825 0.115
0 0.495 0.54 0.04125 0.11
0 0.45375 0.54 0.04125 0.1125
0 0.35 0.535 0.155 0.12125
0 0.25375 0.55 0.0325 0.09375
0 0.18875 0.5575 0.0325 0.08
0 0.155 0.5575 0.0325 0.0825
0 0.85125 0.6825 0.03125 0.11375
0 0.81375 0.68375 0.04125 0.1125
0 0.77125 0.685 0.035 0.1125
0 0.73375 0.6875 0.03625 0.1075
0 0.665 0.69875 0.08375 0.1075
0 0.19625 0.84125 0.04125 0.03875
0 0.765 0.525 0.03375 0.1025
0 0.8025 0.53 0.0325 0.09375
0 0.22 0.55125 0.02875 0.08875
0 0.15875 0.4025 0.035 0.1025
0 0.19875 0.27875 0.05375 0.045
0 0.845 0.53 0.04125 0.09125
0 0.82125 0.4025 0.0425 0.10125
0 0.75 0.40375 0.085 0.09
0 0.6075 0.42375 0.05375 0.05625
0 0.54875 0.425 0.05875 0.05875
0 0.50125 0.40375 0.03375 0.1
0 0.14875 0.28 0.03875 0.0475
0 0.37875 0.39375 0.13 0.1175
0 0.28625 0.43125 0.04375 0.03875
0 0.28625 0.38625 0.0475 0.0425
0 0.23875 0.3875 0.04375 0.0425
0 0.2375 0.4325 0.0425 0.04375
0 0.46625 0.4025 0.03625 0.10125
0 0.1975 0.4 0.0325 0.03125
0 0.1975 0.43625 0.03625 0.035