0 0.77625 0.91 0.0375 0.02375
0 0.6925 0.90375 0.0325 0.04375
0 0.7275 0.90375 0.03625 0.04
0 0.72875 0.8625 0.03625 0.0425
0 0.6925 0.86375 0.035 0.03875
0 0.7775 0.8875 0.04125 0.02125
0 0.66 0.31625 0.0375 0.105
0 0.7575 0.19125 0.04125 0.09125
0 0.73 0.775 0.0525 0.07875
0 0.63 0.18 0.03875 0.115
0 0.66875 0.18 0.04 0.115
0 0.245 0.31375 0.03875 0.115
0 0.285 0.31375 0.0375 0.1175
0 0.3175 0.32125 0.02125 0.11
0 0.34625 0.32 0.0325 0.10625
0 0.425 0.32 0.1225 0.10625
0 0.50875 0.32 0.04 0.10625
0 0.55375 0.32 0.0475 0.10625
0 0.59625 0.32 0.035 0.1075
0 0.705 0.31875 0.04625 0.10875
0 0.75 0.3175 0.04 0.10625
0 0.79625 0.3175 0.0525 0.105
0 0.84375 0.31875 0.04125 0.10375
0 0.8575 0.1775 0.035 0.11625
0 0.81375 0.1775 0.04625 0.1225
0 0.77625 0.86125 0.04375 0.0275
0 0.65625 0.855 0.03 0.01375
0 0.65625 0.88125 0.03125 0.015
0 0.59375 0.18 0.03125 0.115
0 0.27875 0.895 0.04625 0.0175
0 0.275 0.91375 0.03875 0.01625
0 0.315 0.9125 0.03875 0.01875
0 0.3175 0.8925 0.03375 0.02125
0 0.35625 0.91125 0.0425 0.025
0 0.35625 0.88625 0.0425 0.02375
0 0.35625 0.86375 0.04375 0.02125
0 0.395 0.9 0.03125 0.045
0 0.4325 0.905 0.04 0.04125
0 0.43125 0.86125 0.04 0.045
0 0.475 0.85875 0.04125 0.04625
0 0.475 0.90375 0.04125 0.04375
0 0.655 0.8675 0.03125 0.01125
0 0.51125 0.8675 0.02875 0.03875
0 0.54125 0.90375 0.02625 0.0375
0 0.54125 0.865 0.0275 0.03875
0 0.57125 0.905 0.02625 0.045
0 0.5725 0.86375 0.02875 0.03375
0 0.6 0.8675 0.02375 0.0375
0 0.6 0.905 0.02375 0.03625
0 0.6275 0.91625 0.0275 0.01875
0 0.6275 0.90125 0.02625 0.01375
0 0.6275 0.88625 0.0275 0.0125
0 0.62625 0.87125 0.02625 0.01375
0 0.62625 0.85875 0.02375 0.01375
0 0.65625 0.9075 0.03 0.0375
0 0.5125 0.90625 0.03125 0.03375
0 0.56125 0.17625 0.0325 0.12
0 0.455 0.17875 0.0325 0.1175
0 0.81875 0.88625 0.04375 0.0225
0 0.26375 0.56375 0.02875 0.10375
0 0.29625 0.5625 0.03375 0.10125
0 0.385 0.56625 0.0425 0.09875
0 0.425 0.565 0.035 0.10125
0 0.46125 0.565 0.03625 0.10125
0 0.5275 0.5675 0.045 0.1025
0 0.5675 0.565 0.0325 0.105
0 0.60125 0.56625 0.03375 0.10875
0 0.6425 0.56625 0.04625 0.10875
0 0.685 0.56625 0.03875 0.10875
0 0.71875 0.56875 0.03 0.1
0 0.15875 0.17625 0.04375 0.12125
0 0.19125 0.5575 0.0325 0.07625
0 0.20125 0.17625 0.03875 0.1225
0 0.8 0.5675 0.0375 0.1075
0 0.8575 0.5675 0.03375 0.1075
0 0.79125 0.675 0.06875 0.0775
0 0.71 0.67375 0.09 0.07875
0 0.61875 0.68 0.09 0.06625
0 0.5275 0.68 0.08625 0.06625
0 0.44125 0.68125 0.08625 0.0625
0 0.37125 0.675 0.04 0.0775
0 0.2725 0.675 0.055 0.07
0 0.215 0.67625 0.06 0.07375
0 0.15625 0.68 0.05875 0.06625
0 0.85625 0.77625 0.03625 0.0675
0 0.75875 0.57125 0.045 0.1025
0 0.81875 0.91 0.04 0.02375
0 0.41125 0.44875 0.0475 0.1
0 0.5475 0.44875 0.04125 0.10125
0 0.82 0.8625 0.0425 0.02125
0 0.18625 0.78125 0.05875 0.065
0 0.24625 0.78 0.06 0.0625
0 0.305 0.78125 0.055 0.0675
0 0.36125 0.77625 0.05375 0.07375
0 0.4125 0.77375 0.045 0.0725
0 0.46 0.7725 0.05 0.07625
0 0.50875 0.7725 0.04625 0.07875
0 0.57375 0.77375 0.0525 0.07875
0 0.62375 0.77625 0.04375 0.08375
0 0.67375 0.7775 0.0575 0.08375
0 0.52625 0.1775 0.035 0.12125
0 0.4525 0.44875 0.03125 0.10125
0 0.49 0.18 0.03625 0.11875
0 0.38375 0.17875 0.03125 0.12
0 0.34625 0.1725 0.04125 0.13125
0 0.30625 0.1725 0.03625 0.1325
0 0.26625 0.17625 0.04375 0.12375
0 0.20125 0.31625 0.04625 0.10375
0 0.1575 0.31625 0.0375 0.105
0 0.8375 0.44625 0.0375 0.1125
0 0.79125 0.445 0.05375 0.11
0 0.74125 0.445 0.0425 0.11
0 0.66125 0.44875 0.035 0.1075
0 0.62375 0.4475 0.0375 0.105
0 0.58625 0.44875 0.035 0.1
0 0.41875 0.17875 0.03875 0.11875
0 0.7125 0.18 0.04625 0.11375
0 0.17875 0.41125 0.015 0.085
0 0.21375 0.47625 0.025 0.075