0 0.72125 0.23375 0.02875 0.0475
0 0.6875 0.23 0.02875 0.0575
0 0.72 0.43125 0.02 0.0575
0 0.74125 0.44 0.02125 0.09125
0 0.575 0.205 0.02625 0.0675
0 0.53375 0.18875 0.0475 0.05125
0 0.49 0.1775 0.03625 0.07375
0 0.40625 0.14875 0.04625 0.085
0 0.36125 0.105 0.0475 0.10375
0 0.7675 0.44625 0.02625 0.075
0 0.75 0.24125 0.02125 0.08
0 0.615 0.21625 0.0525 0.03875
0 0.6725 0.42875 0.01625 0.05625
0 0.31875 0.1 0.02875 0.10625
0 0.31625 0.435 0.095 0.12125
0 0.285 0.0975 0.02375 0.095
0 0.25625 0.08125 0.0325 0.13375
0 0.22125 0.07625 0.03375 0.12
0 0.39375 0.40125 0.03125 0.07625
0 0.43 0.40375 0.03875 0.0675
0 0.46625 0.41375 0.03 0.0725
0 0.51375 0.40375 0.03125 0.0725
0 0.55 0.4075 0.0375 0.0625
0 0.5875 0.4175 0.02375 0.06625
0 0.1825 0.07 0.04625 0.12625
0 0.14125 0.0625 0.0275 0.11875
0 0.69375 0.43125 0.02 0.05625
0 0.6475 0.42125 0.02875 0.065
0 0.6175 0.42 0.03 0.06375
0 0.2125 0.43125 0.10125 0.1275
0 0.79375 0.4475 0.02125 0.075
0 0.5175 0.57875 0.025 0.04875
0 0.475 0.5875 0.04625 0.04125
0 0.43 0.59125 0.02875 0.0475
0 0.70875 0.50125 0.03125 0.05625
0 0.6825 0.50625 0.02 0.06625
0 0.65625 0.5025 0.03625 0.0475
0 0.85875 0.45 0.01375 0.0625
0 0.6125 0.5 0.0325 0.05625
0 0.5725 0.50875 0.035 0.06125
0 0.53875 0.50375 0.01875 0.04625
0 0.5125 0.51625 0.03 0.08125
0 0.475 0.51 0.0375 0.0775
0 0.4325 0.51625 0.03125 0.08375
0 0.21125 0.56375 0.0775 0.09875
0 0.31625 0.5725 0.0875 0.0925
0 0.545 0.5825 0.0275 0.0425
0 0.38375 0.85625 0.0225 0.10875
0 0.57625 0.57125 0.02625 0.0525
0 0.64375 0.5775 0.03 0.04
0 0.33 0.875 0.07625 0.14375
0 0.225 0.90125 0.1075 0.11
0 0.3125 0.71625 0.06875 0.075
0 0.22375 0.72625 0.095 0.09375
0 0.155 0.7725 0.0275 0.07
0 0.8525 0.54 0.0275 0.0675
0 0.82125 0.54125 0.01125 0.075
0 0.81 0.54 0.01125 0.0775
0 0.7975 0.53875 0.0125 0.075
0 0.78375 0.545 0.01125 0.06125
0 0.77125 0.5475 0.01375 0.06625
0 0.74625 0.54625 0.025 0.07125
0 0.705 0.565 0.0175 0.04375
0 0.68375 0.57125 0.01625 0.04875
0 0.665 0.57 0.02 0.05
0 0.6025 0.5775 0.02625 0.0575
0 0.81375 0.44875 0.02 0.07
0 0.80125 0.365 0.01875 0.07125
0 0.38625 0.50375 0.03875 0.0625
0 0.845 0.27875 0.01125 0.04875
0 0.83 0.26875 0.0125 0.05375
0 0.63625 0.67 0.01875 0.09
0 0.615 0.66875 0.02125 0.0925
0 0.58875 0.67375 0.02375 0.10125
0 0.55875 0.68 0.035 0.10875
0 0.52125 0.69125 0.03375 0.10125
0 0.48125 0.7 0.035 0.1075
0 0.8375 0.44875 0.015 0.06625
0 0.44375 0.69875 0.0375 0.10625
0 0.86625 0.72625 0.0175 0.065
0 0.42125 0.84625 0.04375 0.11875
0 0.455 0.83125 0.02125 0.1125
0 0.49125 0.82 0.0475 0.13125
0 0.5375 0.8125 0.035 0.12125
0 0.57125 0.8125 0.0275 0.11625
0 0.59875 0.8 0.02625 0.095
0 0.63375 0.7975 0.0375 0.08625
0 0.66375 0.7825 0.025 0.09625
0 0.69375 0.77625 0.03125 0.07375
0 0.72 0.765 0.0175 0.07875
0 0.73875 0.76 0.01625 0.085
0 0.755 0.75625 0.00625 0.1
0 0.77125 0.76125 0.015 0.06625
0 0.785 0.7525 0.01875 0.06625
0 0.8625 0.28 0.01625 0.05
0 0.815 0.7525 0.03125 0.0625
0 0.1375 0.2325 0.0225 0.165
0 0.2 0.25625 0.03375 0.1075
0 0.8575 0.62875 0.02625 0.0825
0 0.835 0.63 0.0175 0.08625
0 0.82 0.6375 0.01375 0.075
0 0.79375 0.64125 0.02875 0.0875
0 0.7625 0.64 0.02 0.07875
0 0.73625 0.64375 0.02375 0.085
0 0.7025 0.665 0.02625 0.06375
0 0.66 0.6625 0.02375 0.0925
0 0.86375 0.37 0.0225 0.06875
0 0.82125 0.3625 0.01875 0.075
0 0.39 0.58875 0.0475 0.05875
0 0.7725 0.38 0.025 0.0425
0 0.72875 0.345 0.02375 0.06375
0 0.6975 0.3425 0.0375 0.055
0 0.665 0.3375 0.025 0.06625
0 0.63625 0.335 0.02875 0.05875
0 0.60375 0.33 0.035 0.08375
0 0.56375 0.31625 0.035 0.06875
0 0.52 0.3125 0.04625 0.07875
0 0.77625 0.26 0.02625 0.04875
0 0.445 0.30125 0.035 0.075
0 0.40625 0.285 0.0375 0.0775
0 0.35 0.285 0.03125 0.10625
0 0.27875 0.26375 0.04375 0.12
0 0.23875 0.27375 0.0275 0.11
0 0.16875 0.27375 0.03125 0.0725
0 0.84625 0.73875 0.02625 0.0575