0 0.8525 0.91875 0.0275 0.05375
0 0.33 0.81125 0.02375 0.0575
0 0.30125 0.8125 0.02875 0.05875
0 0.26625 0.81125 0.02625 0.0575
0 0.78125 0.685 0.0225 0.04625
0 0.7575 0.6825 0.02125 0.05
0 0.71 0.7 0.0225 0.05
0 0.64875 0.71125 0.02625 0.0425
0 0.56625 0.7125 0.02375 0.02
0 0.60375 0.705 0.04625 0.0375
0 0.545 0.69875 0.015 0.06625
0 0.49125 0.71375 0.0525 0.04875
0 0.445 0.70125 0.03125 0.06
0 0.41625 0.7025 0.02625 0.0575
0 0.3675 0.705 0.03375 0.06375
0 0.32875 0.705 0.03 0.06125
0 0.26375 0.70375 0.02625 0.06125
0 0.2325 0.7075 0.03125 0.06125
0 0.16125 0.645 0.05 0.04625
0 0.1475 0.565 0.04375 0.07875
0 0.195 0.56 0.03 0.04625
0 0.235 0.595 0.02625 0.04875
0 0.25875 0.59625 0.02 0.045
0 0.28375 0.595 0.02375 0.0475
0 0.31125 0.59875 0.0225 0.04375
0 0.33875 0.5975 0.0275 0.05375
0 0.36 0.5975 0.0175 0.04375
0 0.38375 0.59375 0.025 0.05375
0 0.36375 0.8125 0.025 0.05875
0 0.395 0.815 0.0275 0.05875
0 0.46625 0.9225 0.02875 0.0525
0 0.8225 0.9225 0.025 0.055
0 0.23625 0.81125 0.02875 0.0575
0 0.82125 0.69 0.0225 0.0475
0 0.84625 0.69875 0.02375 0.045
0 0.845 0.8075 0.02125 0.0625
0 0.81625 0.8125 0.02375 0.06
0 0.79375 0.81125 0.01625 0.0625
0 0.75625 0.8075 0.01875 0.0625
0 0.6825 0.81625 0.02625 0.05
0 0.625 0.81875 0.02375 0.04625
0 0.54875 0.8125 0.025 0.04625
0 0.50125 0.80625 0.02625 0.065
0 0.46375 0.815 0.02875 0.0625
0 0.42625 0.8175 0.02875 0.05625
0 0.41 0.5975 0.0225 0.045
0 0.1375 0.80875 0.02375 0.06125
0 0.26125 0.925 0.03 0.055
0 0.2925 0.9275 0.03125 0.05875
0 0.33375 0.9275 0.0225 0.05625
0 0.36375 0.9275 0.03125 0.06
0 0.39875 0.925 0.0275 0.0625
0 0.51375 0.91125 0.02625 0.06
0 0.555 0.9275 0.01875 0.04875
0 0.61375 0.91625 0.0525 0.03625
0 0.66875 0.9225 0.04625 0.045
0 0.71875 0.92375 0.04875 0.04875
0 0.76125 0.925 0.02875 0.0575
0 0.79125 0.92125 0.0275 0.05625
0 0.43375 0.92625 0.0325 0.0575
0 0.225 0.92625 0.03125 0.06
0 0.43625 0.605 0.02625 0.06875
0 0.29625 0.705 0.03125 0.06
0 0.5025 0.60375 0.025 0.06375
0 0.425 0.36125 0.035 0.06875
0 0.39375 0.35125 0.02375 0.0475
0 0.3675 0.3525 0.02375 0.055
0 0.34125 0.3525 0.02125 0.05375
0 0.3125 0.355 0.02625 0.055
0 0.46875 0.60375 0.03125 0.06375
0 0.26 0.3525 0.02125 0.06
0 0.23375 0.355 0.02 0.05625
0 0.20875 0.355 0.025 0.06125
0 0.18 0.33125 0.0275 0.09375
0 0.1425 0.3325 0.03375 0.08875
0 0.14 0.21 0.0225 0.09875
0 0.66625 0.3525 0.03125 0.08375
0 0.465 0.36375 0.0325 0.0625
0 0.725 0.3525 0.04125 0.09
0 0.82375 0.36625 0.03375 0.0625
0 0.86 0.36375 0.02875 0.06625
0 0.8675 0.2125 0.01375 0.0675
0 0.84 0.21375 0.03125 0.065
0 0.81 0.21375 0.025 0.0675
0 0.7475 0.20125 0.0775 0.0875
0 0.6675 0.2025 0.075 0.09125
0 0.59375 0.2025 0.07125 0.08625
0 0.515 0.20125 0.075 0.095
0 0.43625 0.2 0.07125 0.09
0 0.35625 0.19875 0.08 0.0975
0 0.27875 0.19625 0.07125 0.09125
0 0.19875 0.19625 0.0825 0.09375
0 0.7875 0.3675 0.03625 0.06375
0 0.5025 0.3625 0.03625 0.0625
0 0.28375 0.35375 0.025 0.05375
0 0.6675 0.495 0.03 0.06125
0 0.56625 0.4875 0.02625 0.0775
0 0.61 0.4925 0.02125 0.06625
0 0.6 0.55625 0.0475 0.02375
0 0.7275 0.51375 0.035 0.02875
0 0.78 0.49125 0.03125 0.0625
0 0.82375 0.4925 0.03625 0.06375
0 0.52625 0.49375 0.03125 0.06375
0 0.865 0.6075 0.02 0.06375
0 0.805 0.61625 0.0275 0.0425
0 0.77375 0.61625 0.02875 0.04875
0 0.72875 0.6 0.01125 0.0375
0 0.7175 0.62125 0.00875 0.03625
0 0.67 0.615 0.0475 0.0325
0 0.6175 0.6175 0.0225 0.04625
0 0.83625 0.615 0.03 0.045
0 0.48875 0.49375 0.035 0.0675
0 0.565 0.61625 0.02625 0.045
0 0.4175 0.4925 0.03125 0.06375
0 0.3775 0.49125 0.045 0.06625
0 0.33 0.49125 0.045 0.0725
0 0.27625 0.48875 0.0575 0.0675
0 0.1875 0.4625 0.02125 0.0575
0 0.54375 0.3625 0.03125 0.06625
0 0.575 0.36375 0.03125 0.065
0 0.45375 0.4925 0.0325 0.06
0 0.22375 0.495 0.04625 0.07
0 0.145 0.46375 0.03875 0.0775
0 0.6125 0.36375 0.035 0.06125