0 0.61 0.67 0.04375 0.0325
0 0.45 0.69375 0.04875 0.0625
0 0.39375 0.71 0.05625 0.06
0 0.32625 0.72375 0.0675 0.06
0 0.4975 0.6825 0.0375 0.0225
0 0.5575 0.6725 0.05625 0.04
0 0.6825 0.72625 0.04375 0.0425
0 0.72875 0.64125 0.05 0.035
0 0.75625 0.45625 0.0275 0.06375
0 0.7825 0.54625 0.025 0.09375
0 0.81 0.54 0.02375 0.095
0 0.83625 0.5375 0.02125 0.095
0 0.86125 0.53125 0.0225 0.09875
0 0.13625 0.6625 0.02125 0.1275
0 0.24875 0.73875 0.07 0.055
0 0.75625 0.5575 0.02 0.04125
0 0.4325 0.61125 0.04125 0.06
0 0.73 0.56125 0.02375 0.03875
0 0.665 0.57125 0.0275 0.04625
0 0.63 0.57625 0.03375 0.05
0 0.59125 0.58375 0.03875 0.0475
0 0.54625 0.59125 0.04375 0.055
0 0.505 0.6 0.03375 0.0475
0 0.16875 0.6575 0.0375 0.12
0 0.23 0.64375 0.0525 0.06125
0 0.69375 0.89 0.03625 0.08125
0 0.69625 0.565 0.02625 0.04625
0 0.65625 0.64625 0.04375 0.045
0 0.4675 0.97125 0.03875 0.05625
0 0.29875 0.8425 0.04625 0.02875
0 0.865 0.6675 0.02 0.09625
0 0.8375 0.67375 0.0275 0.0975
0 0.585 0.935 0.03125 0.07
0 0.80875 0.68625 0.02375 0.0875
0 0.77875 0.695 0.025 0.08875
0 0.74375 0.67375 0.04125 0.01375
0 0.7375 0.69125 0.0475 0.0125
0 0.72875 0.72125 0.04125 0.03
0 0.54875 0.95375 0.0325 0.0775
0 0.63125 0.74 0.04625 0.05
0 0.5775 0.75875 0.045 0.015
0 0.54 0.78 0.05375 0.0175
0 0.4775 0.7625 0.02875 0.0375
0 0.4 0.80125 0.04375 0.06625
0 0.44125 0.7775 0.03375 0.05625
0 0.51 0.9625 0.03625 0.0725
0 0.35125 0.83875 0.045 0.02625
0 0.24625 0.86375 0.055 0.025
0 0.54375 0.7375 0.07 0.0125
0 0.735 0.8775 0.0375 0.08625
0 0.24875 0.505 0.03625 0.1
0 0.8225 0.82625 0.03 0.09875
0 0.69375 0.21875 0.02125 0.08875
0 0.67125 0.22375 0.0175 0.0825
0 0.64 0.2275 0.0375 0.07375
0 0.60875 0.21875 0.02125 0.0975
0 0.58125 0.22375 0.03 0.0825
0 0.5475 0.225 0.03125 0.08
0 0.51125 0.22375 0.03125 0.08375
0 0.47875 0.2375 0.0275 0.05625
0 0.44375 0.2125 0.02625 0.10375
0 0.72625 0.22 0.0375 0.09
0 0.41625 0.21125 0.025 0.10625
0 0.345 0.24625 0.03625 0.03375
0 0.30125 0.2225 0.0425 0.08375
0 0.155 0.24625 0.04375 0.04375
0 0.7975 0.39625 0.01875 0.10125
0 0.775 0.365 0.02125 0.03125
0 0.7525 0.35 0.0175 0.06625
0 0.73375 0.345 0.01625 0.08
0 0.715 0.37125 0.01875 0.0275
0 0.68875 0.3475 0.02875 0.07625
0 0.3825 0.2475 0.035 0.03125
0 0.77 0.2375 0.0325 0.04875
0 0.83125 0.2625 0.02625 0.0825
0 0.80125 0.24875 0.0225 0.11125
0 0.6575 0.9 0.03125 0.08625
0 0.845 0.0925 0.03125 0.12625
0 0.815 0.09125 0.025 0.12625
0 0.785 0.12125 0.02625 0.05625
0 0.7575 0.11875 0.0225 0.055
0 0.7275 0.11625 0.03 0.055
0 0.695 0.09875 0.02375 0.09375
0 0.66625 0.1225 0.02125 0.045
0 0.63875 0.10125 0.025 0.0775
0 0.53375 0.105 0.0375 0.05875
0 0.5725 0.1075 0.035 0.06125
0 0.6075 0.11 0.03125 0.05875
0 0.4625 0.09625 0.03875 0.06125
0 0.4275 0.095 0.025 0.0625
0 0.39375 0.09625 0.03875 0.0525
0 0.35375 0.0775 0.03 0.0825
0 0.32375 0.08125 0.02375 0.075
0 0.28875 0.05875 0.03875 0.11625
0 0.24625 0.0575 0.0425 0.115
0 0.1575 0.065 0.04625 0.08
0 0.205 0.06 0.0325 0.1
0 0.65625 0.33625 0.025 0.10125
0 0.79 0.83625 0.03 0.10375
0 0.63 0.33875 0.0225 0.105
0 0.4725 0.49375 0.02875 0.07125
0 0.5525 0.47125 0.03125 0.09
0 0.58375 0.47375 0.0275 0.08125
0 0.6075 0.465 0.01375 0.09125
0 0.625 0.46625 0.015 0.08125
0 0.65 0.47625 0.03125 0.05
0 0.68125 0.47375 0.02625 0.04875
0 0.71 0.4675 0.02625 0.0575
0 0.73375 0.4575 0.015 0.07
0 0.17125 0.82125 0.0925 0.0675
0 0.52625 0.47625 0.01875 0.08875
0 0.1925 0.9125 0.045 0.08875
0 0.345 0.91375 0.0775 0.025
0 0.42125 0.8875 0.06875 0.03375
0 0.48625 0.865 0.05625 0.03375
0 0.54375 0.84625 0.05 0.0375
0 0.5925 0.83125 0.05125 0.03
0 0.645 0.81375 0.04875 0.035
0 0.69625 0.7975 0.05 0.04375
0 0.74 0.77875 0.035 0.04
0 0.85375 0.81875 0.02625 0.1
0 0.26875 0.935 0.0675 0.04125
0 0.5025 0.4925 0.02625 0.075
0 0.62125 0.92375 0.03375 0.07
0 0.44375 0.4875 0.025 0.09375
0 0.285 0.6375 0.05 0.06
0 0.335 0.62625 0.04625 0.06125
0 0.38625 0.61625 0.0475 0.065
0 0.575 0.35375 0.0275 0.0825
0 0.54375 0.34125 0.02875 0.11125
0 0.5125 0.35875 0.02625 0.08625
0 0.48375 0.36 0.02625 0.08625
0 0.45 0.35875 0.02375 0.09125
0 0.41875 0.36 0.03 0.0925
0 0.37875 0.36375 0.03875 0.09125
0 0.31 0.37125 0.03125 0.08375
0 0.33875 0.36 0.02125 0.1025
0 0.1475 0.405 0.04375 0.03875
0 0.19 0.37375 0.04125 0.09125
0 0.1525 0.52 0.05125 0.09625
0 0.2075 0.5125 0.04 0.0975
0 0.2875 0.50125 0.035 0.1
0 0.32375 0.5025 0.02625 0.085
0 0.3525 0.49875 0.02625 0.08375
0 0.38375 0.49375 0.03 0.09375
0 0.415 0.48875 0.02875 0.09375
0 0.60375 0.345 0.02375 0.095