0 0.50125 0.68125 0.0525 0.0625
0 0.555 0.68375 0.04875 0.065
0 0.435 0.51125 0.0275 0.07875
0 0.27375 0.41375 0.025 0.075
0 0.2475 0.41375 0.025 0.075
0 0.22125 0.4125 0.025 0.0725
0 0.19375 0.4125 0.0275 0.07375
0 0.16625 0.41 0.02625 0.07
0 0.13875 0.40875 0.0275 0.0725
0 0.86125 0.30375 0.0275 0.07375
0 0.3 0.41375 0.02625 0.07625
0 0.83375 0.3075 0.0225 0.0675
0 0.78125 0.3075 0.02125 0.06625
0 0.7575 0.305 0.025 0.06375
0 0.72875 0.305 0.02875 0.07
0 0.6225 0.31625 0.0325 0.08125
0 0.5925 0.31625 0.02625 0.08
0 0.53125 0.315 0.0325 0.0775
0 0.5 0.31375 0.02625 0.0775
0 0.8075 0.3075 0.03 0.06625
0 0.32625 0.415 0.025 0.07625
0 0.35125 0.41875 0.0225 0.0725
0 0.38 0.41875 0.02625 0.0775
0 0.51375 0.5125 0.02875 0.07875
0 0.40875 0.51125 0.025 0.0775
0 0.385 0.51 0.02125 0.07625
0 0.3575 0.51125 0.02875 0.0725
0 0.33 0.51125 0.0225 0.07125
0 0.3 0.5125 0.03125 0.0675
0 0.50875 0.08 0.02375 0.0775
0 0.2075 0.5075 0.02875 0.0775
0 0.62625 0.425 0.02875 0.07375
0 0.5975 0.4225 0.025 0.08
0 0.5725 0.42375 0.02375 0.07375
0 0.54625 0.4225 0.02625 0.075
0 0.5175 0.42 0.0275 0.07875
0 0.4875 0.42125 0.0275 0.0775
0 0.45875 0.4175 0.0275 0.08
0 0.43125 0.42 0.02625 0.075
0 0.405 0.42 0.02375 0.07375
0 0.46875 0.3075 0.03375 0.08875
0 0.555 0.51375 0.03125 0.07875
0 0.4325 0.30625 0.03625 0.0875
0 0.37375 0.31125 0.0275 0.0775
0 0.4925 0.19375 0.0325 0.09
0 0.4575 0.195 0.035 0.08625
0 0.42125 0.1925 0.03625 0.09125
0 0.38875 0.19625 0.02875 0.08625
0 0.35875 0.19375 0.02875 0.08375
0 0.325 0.1925 0.03125 0.08375
0 0.28625 0.19 0.03875 0.0875
0 0.525 0.19875 0.02875 0.08375
0 0.1575 0.18625 0.025 0.09
0 0.65125 0.07625 0.04125 0.09375
0 0.61375 0.07625 0.035 0.09375
0 0.57625 0.08 0.03125 0.08375
0 0.37375 0.07 0.0325 0.08875
0 0.4075 0.07125 0.03125 0.0875
0 0.44375 0.075 0.03625 0.08875
0 0.47875 0.075 0.03 0.08875
0 0.2175 0.1875 0.0925 0.09125
0 0.5575 0.2 0.035 0.0825
0 0.60125 0.2 0.02875 0.08125
0 0.64375 0.20375 0.0275 0.07625
0 0.3425 0.30625 0.03125 0.08625
0 0.30875 0.305 0.035 0.085
0 0.24 0.2975 0.02625 0.09375
0 0.20875 0.30375 0.0275 0.07875
0 0.17875 0.3025 0.02875 0.07875
0 0.15125 0.30375 0.02625 0.07875
0 0.86125 0.22375 0.0175 0.045
0 0.83375 0.21 0.01375 0.0725
0 0.83125 0.095 0.03625 0.06125
0 0.7975 0.09 0.0275 0.07
0 0.7675 0.09625 0.02875 0.055
0 0.70875 0.0775 0.05125 0.0925
0 0.8125 0.2075 0.025 0.0775
0 0.75875 0.21875 0.0325 0.05
0 0.7275 0.21 0.02 0.07
0 0.70375 0.21 0.0225 0.06875
0 0.675 0.20375 0.03 0.0775
0 0.4 0.3125 0.02375 0.08
0 0.58375 0.515 0.02375 0.08375
0 0.26625 0.5075 0.02625 0.07625
0 0.64125 0.51625 0.03125 0.08
0 0.85875 0.4775 0.03125 0.055
0 0.82625 0.475 0.03125 0.055
0 0.7975 0.47375 0.02375 0.055
0 0.775 0.475 0.02 0.05375
0 0.74875 0.475 0.02875 0.055
0 0.83375 0.76625 0.0425 0.08125
0 0.7275 0.76125 0.0425 0.08
0 0.68125 0.75875 0.045 0.08375
0 0.63875 0.79125 0.0275 0.015
0 0.63875 0.77125 0.03125 0.02
0 0.60875 0.78875 0.03125 0.01875
0 0.6075 0.76625 0.03 0.025
0 0.85125 0.65625 0.045 0.08375
0 0.81 0.655 0.0375 0.08125
0 0.77125 0.655 0.04 0.0825
0 0.73 0.655 0.04 0.08125
0 0.685 0.65625 0.04375 0.08125
0 0.56375 0.76375 0.04875 0.05875
0 0.515 0.76375 0.0475 0.0575
0 0.47 0.77125 0.0325 0.0375
0 0.4375 0.77 0.0325 0.03625
0 0.40625 0.77625 0.02875 0.02375
0 0.3775 0.77625 0.025 0.02125
0 0.34 0.75125 0.04625 0.05625
0 0.2875 0.75 0.05125 0.0625
0 0.23375 0.75125 0.05 0.06125
0 0.19375 0.7625 0.02875 0.03375
0 0.1625 0.75875 0.03125 0.03375
0 0.62625 0.7025 0.0375 0.02625
0 0.68375 0.52625 0.0325 0.0475
0 0.6125 0.5175 0.02125 0.08375
0 0.68375 0.39 0.0325 0.175
0 0.345 0.6775 0.05125 0.06
0 0.295 0.67375 0.05 0.0625
0 0.24 0.6725 0.05125 0.0625
0 0.18625 0.67125 0.05125 0.06375
0 0.86625 0.39125 0.01625 0.06625
0 0.84 0.39375 0.03125 0.06125
0 0.76 0.38875 0.03625 0.06875
0 0.63625 0.60875 0.035 0.05875
0 0.5975 0.6075 0.0375 0.06
0 0.2575 0.0775 0.02375 0.07125
0 0.39625 0.67875 0.04875 0.06125
0 0.28125 0.0775 0.025 0.0725
0 0.34125 0.07 0.03125 0.08875
0 0.56125 0.605 0.0325 0.0625
0 0.52625 0.60625 0.03375 0.06125
0 0.4825 0.60125 0.05 0.0625
0 0.43125 0.60125 0.0525 0.0625
0 0.37875 0.59625 0.05125 0.0625
0 0.32375 0.5975 0.04375 0.05875
0 0.2775 0.595 0.0425 0.0625
0 0.23375 0.59375 0.045 0.06375
0 0.30875 0.0725 0.0275 0.0825
0 0.45 0.675 0.0475 0.055
0 0.53375 0.07875 0.025 0.07875