0 0.4375 0.45 0.1125 0.02375
0 0.31625 0.4825 0.11125 0.02375
0 0.1925 0.86125 0.115 0.0175
0 0.7725 0.4775 0.1025 0.0225
0 0.85 0.4825 0.0475 0.0175
0 0.7675 0.50375 0.1025 0.02375
0 0.84875 0.50625 0.0525 0.02125
0 0.19875 0.5575 0.11125 0.02125
0 0.31125 0.5575 0.1075 0.02125
0 0.3125 0.5825 0.10875 0.0175
0 0.19875 0.5825 0.11 0.01875
0 0.20125 0.61125 0.11 0.02625
0 0.42125 0.5575 0.105 0.02125
0 0.42625 0.5825 0.1075 0.01875
0 0.425 0.60625 0.105 0.0225
0 0.52875 0.56 0.10125 0.02
0 0.53125 0.58375 0.10125 0.02
0 0.53 0.605 0.09875 0.02
0 0.6375 0.54875 0.10875 0.01625
0 0.6375 0.57375 0.105 0.025
0 0.6375 0.60375 0.105 0.02875
0 0.74875 0.5725 0.105 0.02625
0 0.7475 0.59875 0.10375 0.025
0 0.8425 0.5475 0.065 0.01875
0 0.84125 0.57 0.06625 0.01875
0 0.84125 0.5975 0.0675 0.02125
0 0.8525 0.45875 0.04375 0.02125
0 0.185 0.6525 0.10375 0.01875
0 0.775 0.4525 0.105 0.0225
0 0.54625 0.50625 0.1075 0.03
0 0.755 0.0575 0.09625 0.02875
0 0.6475 0.08625 0.11125 0.03
0 0.65 0.0575 0.1075 0.02375
0 0.5325 0.08875 0.10875 0.01375
0 0.53625 0.06375 0.10125 0.025
0 0.2925 0.075 0.11875 0.025
0 0.17875 0.075 0.10625 0.02625
0 0.2925 0.04375 0.11625 0.0325
0 0.1775 0.03875 0.105 0.0375
0 0.185 0.96875 0.1125 0.0225
0 0.1875 0.94375 0.10875 0.01625
0 0.18625 0.925 0.10375 0.00875
0 0.19375 0.84 0.115 0.0125
0 0.30375 0.8525 0.09875 0.01875
0 0.31 0.8325 0.105 0.01125
0 0.42 0.8675 0.10625 0.01875
0 0.42 0.84625 0.10625 0.015
0 0.5525 0.45125 0.10625 0.02375
0 0.66375 0.4525 0.11125 0.0225
0 0.435 0.47625 0.11375 0.02625
0 0.54875 0.4775 0.10875 0.0225
0 0.66375 0.4775 0.11125 0.0225
0 0.4325 0.50625 0.11 0.025
0 0.6575 0.50625 0.10875 0.0275
0 0.84 0.06 0.0675 0.03125
0 0.1875 0.67375 0.10625 0.0175
0 0.2975 0.6775 0.10875 0.02
0 0.32125 0.7875 0.115 0.02
0 0.20125 0.74625 0.1125 0.0175
0 0.20375 0.7675 0.11375 0.01625
0 0.20375 0.79125 0.11125 0.0225
0 0.465 0.95125 0.08125 0.03875
0 0.54625 0.94375 0.07 0.0425
0 0.62375 0.94375 0.07875 0.0425
0 0.72125 0.92375 0.0925 0.0175
0 0.72 0.945 0.095 0.015
0 0.81875 0.9 0.0825 0.0125
0 0.815 0.92 0.0775 0.01375
0 0.81375 0.9425 0.08 0.01875
0 0.83125 0.8175 0.08625 0.0125
0 0.8275 0.83875 0.0875 0.01375
0 0.8275 0.86 0.09 0.015
0 0.735 0.82375 0.0875 0.0175
0 0.7325 0.84375 0.09 0.01375
0 0.7325 0.865 0.0925 0.015
0 0.6375 0.82 0.095 0.0075
0 0.6325 0.84 0.10125 0.01875
0 0.6325 0.865 0.1025 0.0225
0 0.52875 0.8375 0.1025 0.025
0 0.52625 0.86625 0.10375 0.0225
0 0.3225 0.76375 0.11125 0.02375
0 0.29625 0.65375 0.11125 0.01875
0 0.32125 0.7425 0.1125 0.015
0 0.4375 0.75875 0.10625 0.02125
0 0.29625 0.69875 0.10625 0.0175
0 0.41125 0.66625 0.11 0.01875
0 0.41 0.69125 0.11125 0.03
0 0.52375 0.66875 0.1075 0.02
0 0.52375 0.6925 0.10875 0.02375
0 0.63 0.65 0.09875 0.02375
0 0.63 0.6725 0.0975 0.01625
0 0.63 0.69375 0.09625 0.0175
0 0.73125 0.66375 0.0975 0.025
0 0.73375 0.69 0.09875 0.02
0 0.41875 0.82875 0.1025 0.0125
0 0.83375 0.6425 0.08 0.01625
0 0.835 0.66625 0.08 0.02125
0 0.83 0.69125 0.08875 0.02375
0 0.83375 0.775 0.07875 0.0325
0 0.83625 0.74 0.04875 0.01875
0 0.7475 0.77125 0.07875 0.0375
0 0.65625 0.73875 0.09875 0.01625
0 0.65125 0.75875 0.09875 0.01625
0 0.65 0.78375 0.1 0.02
0 0.545 0.7575 0.095 0.01625
0 0.545 0.785 0.0975 0.02125
0 0.43625 0.73625 0.11125 0.01375
0 0.44 0.7875 0.10625 0.01875
0 0.755 0.09 0.095 0.025
0 0.19625 0.8825 0.1125 0.0175
0 0.395 0.24 0.0975 0.02625
0 0.6625 0.40625 0.10875 0.02625
0 0.77875 0.3525 0.11625 0.02
0 0.775 0.37875 0.105 0.02625
0 0.77125 0.4075 0.10625 0.025
0 0.855 0.38375 0.04 0.02
0 0.84125 0.09125 0.06625 0.02625
0 0.71 0.1675 0.10125 0.025
0 0.85375 0.4075 0.0425 0.01625
0 0.1925 0.48 0.11 0.02875
0 0.31375 0.45625 0.105 0.02125
0 0.2975 0.9575 0.09875 0.015
0 0.2975 0.93875 0.09875 0.01625
0 0.54875 0.40875 0.1125 0.02625
0 0.3 0.92125 0.10375 0.01125
0 0.27875 0.165 0.11125 0.01875
0 0.28125 0.13625 0.11625 0.03375
0 0.395 0.18875 0.0975 0.0325
0 0.3925 0.155 0.09875 0.03125
0 0.3925 0.1225 0.09875 0.03
0 0.50875 0.195 0.12 0.03125
0 0.1925 0.34875 0.12375 0.02375
0 0.505 0.16 0.11625 0.035
0 0.61625 0.2 0.08875 0.02625
0 0.86125 0.2025 0.0275 0.03125
0 0.80125 0.20125 0.085 0.0325
0 0.71375 0.20125 0.0875 0.0275
0 0.1725 0.13 0.09375 0.03125
0 0.4325 0.4075 0.11375 0.0275
0 0.66375 0.37625 0.11125 0.0275
0 0.4325 0.3775 0.11375 0.02625
0 0.79875 0.3075 0.0925 0.0275
0 0.8 0.27625 0.09 0.0275
0 0.85875 0.2775 0.01625 0.08125
0 0.80125 0.25 0.09125 0.01875
0 0.7075 0.30625 0.08875 0.025
0 0.7075 0.28125 0.08875 0.02125
0 0.70375 0.25375 0.09375 0.0175
0 0.39625 0.30125 0.09375 0.03125
0 0.395 0.27 0.09625 0.0275
0 0.50375 0.30375 0.11375 0.0275
0 0.505 0.275 0.11625 0.0225
0 0.54875 0.37625 0.1125 0.03125
0 0.61 0.2775 0.08375 0.02
0 0.61 0.30625 0.0925 0.0275
0 0.50625 0.24375 0.115 0.0275
0 0.4325 0.3475 0.11375 0.02375
0 0.1925 0.37875 0.12375 0.0275
0 0.31625 0.38125 0.11 0.02
0 0.60875 0.2525 0.08125 0.01875
0 0.17125 0.15875 0.0925 0.02125
0 0.3175 0.35625 0.11125 0.02375
0 0.17125 0.24 0.09125 0.02875
0 0.28125 0.24375 0.1225 0.0275
0 0.28 0.27 0.11625 0.02125
0 0.1725 0.2675 0.09375 0.0225
0 0.1725 0.18625 0.09375 0.02625