0 0.5375 0.36875 0.0375 0.08375
0 0.575 0.375 0.03125 0.08625
0 0.61 0.37625 0.0375 0.0825
0 0.4425 0.14625 0.03375 0.09
0 0.82125 0.27625 0.03875 0.09625
0 0.85875 0.28 0.03125 0.09875
0 0.1475 0.31375 0.02875 0.075
0 0.17625 0.315 0.02625 0.0675
0 0.20125 0.3225 0.02375 0.0775
0 0.2325 0.3275 0.03625 0.07625
0 0.84375 0.72625 0.04375 0.06625
0 0.1475 0.65625 0.0325 0.06375
0 0.17875 0.66125 0.0225 0.05625
0 0.265 0.32625 0.02625 0.07625
0 0.20625 0.665 0.03125 0.06125
0 0.365 0.35375 0.03125 0.07875
0 0.3975 0.355 0.02875 0.0775
0 0.43 0.36375 0.0325 0.0825
0 0.64875 0.37875 0.03875 0.0875
0 0.41875 0.65625 0.03 0.0775
0 0.45 0.66375 0.03125 0.06375
0 0.4825 0.66625 0.0325 0.07
0 0.47125 0.26125 0.035 0.08875
0 0.51 0.26375 0.035 0.09375
0 0.54625 0.265 0.03875 0.09125
0 0.58125 0.26625 0.03125 0.09125
0 0.61875 0.27125 0.0325 0.08875
0 0.65875 0.27375 0.03375 0.0875
0 0.7 0.27 0.03625 0.0875
0 0.78375 0.27375 0.035 0.0925
0 0.7125 0.155 0.04 0.1025
0 0.67375 0.15125 0.0375 0.0975
0 0.63625 0.1525 0.03375 0.095
0 0.5925 0.15 0.03625 0.0925
0 0.555 0.15 0.03375 0.09625
0 0.5175 0.14875 0.03125 0.09375
0 0.48 0.14625 0.03875 0.0925
0 0.43375 0.26 0.03125 0.08375
0 0.40125 0.25625 0.02875 0.08375
0 0.3675 0.25375 0.03625 0.0875
0 0.3675 0.1425 0.0325 0.0875
0 0.515 0.67 0.03 0.0625
0 0.55125 0.66625 0.0325 0.0525
0 0.58875 0.6675 0.0325 0.04375
0 0.6175 0.67 0.025 0.0475
0 0.65125 0.7 0.03125 0.0775
0 0.1475 0.11625 0.0425 0.08375
0 0.215 0.12 0.02125 0.08125
0 0.40375 0.145 0.03375 0.09
0 0.2425 0.1175 0.0325 0.08625
0 0.76625 0.71875 0.035 0.07
0 0.73 0.715 0.03375 0.07625
0 0.72875 0.0375 0.0375 0.075
0 0.145 0.2225 0.03375 0.07625
0 0.17625 0.2225 0.025 0.07625
0 0.20375 0.22375 0.0275 0.0775
0 0.23375 0.22375 0.03375 0.07625
0 0.805 0.7225 0.03375 0.075
0 0.26625 0.22625 0.02875 0.085
0 0.62125 0.96875 0.0325 0.06
0 0.46375 0.365 0.035 0.08125
0 0.49375 0.57375 0.03 0.0775
0 0.42125 0.0375 0.035 0.07125
0 0.3825 0.03875 0.03875 0.07125
0 0.2475 0.0275 0.03875 0.05125
0 0.20625 0.02875 0.04125 0.05125
0 0.16625 0.0275 0.02875 0.05125
0 0.14 0.0275 0.02625 0.05125
0 0.83875 0.1425 0.03875 0.1275
0 0.80125 0.13875 0.02875 0.12625
0 0.38375 0.74375 0.03375 0.065
0 0.46 0.035 0.04 0.07
0 0.41375 0.75 0.02625 0.075
0 0.4775 0.76 0.03 0.07625
0 0.50875 0.7675 0.03125 0.06375
0 0.7525 0.525 0.02625 0.055
0 0.54125 0.7725 0.03 0.07625
0 0.57375 0.78 0.0325 0.06125
0 0.605 0.7875 0.02875 0.0725
0 0.46 0.57 0.035 0.06875
0 0.63875 0.79375 0.035 0.05875
0 0.71125 0.7975 0.02875 0.06375
0 0.745 0.80875 0.035 0.0525
0 0.445 0.755 0.03375 0.065
0 0.78125 0.81625 0.03375 0.0675
0 0.525 0.57875 0.0325 0.06625
0 0.54375 0.03625 0.0475 0.07125
0 0.64375 0.54625 0.0675 0.14875
0 0.5975 0.4775 0.02625 0.0725
0 0.56375 0.475 0.035 0.08125
0 0.5275 0.47125 0.03625 0.07125
0 0.49375 0.4675 0.03 0.0825
0 0.45625 0.46 0.0375 0.06875
0 0.42375 0.4575 0.0275 0.07375
0 0.3925 0.455 0.03 0.06625
0 0.36 0.44875 0.03375 0.07875
0 0.23 0.435 0.05875 0.13875
0 0.5 0.035 0.03875 0.07
0 0.1775 0.40875 0.025 0.06875
0 0.855 0.3975 0.03375 0.0825
0 0.80875 0.39375 0.04625 0.08
0 0.765 0.3875 0.03625 0.0875
0 0.6875 0.38125 0.04125 0.08375
0 0.78875 0.53125 0.04125 0.06125
0 0.26625 0.67875 0.03 0.06125
0 0.35125 0.74125 0.02875 0.0725
0 0.6875 0.03875 0.04125 0.07625
0 0.6425 0.03875 0.0475 0.0775
0 0.5925 0.03875 0.0475 0.0775
0 0.1475 0.4075 0.0325 0.06875
0 0.235 0.6725 0.02375 0.0575
0 0.82125 0.825 0.04125 0.07
0 0.14625 0.75 0.025 0.06
0 0.865 0.53125 0.02 0.085
0 0.14625 0.495 0.03375 0.065
0 0.4075 0.93 0.03125 0.07625
0 0.56 0.585 0.03375 0.07875
0 0.59125 0.58875 0.0275 0.0725
0 0.73625 0.6175 0.03125 0.0825
0 0.77375 0.6225 0.0425 0.07375
0 0.8125 0.6275 0.0325 0.085
0 0.8525 0.6375 0.03875 0.08125
0 0.15125 0.57875 0.03125 0.06625
0 0.18 0.58125 0.02375 0.0625
0 0.20875 0.58625 0.02875 0.06625
0 0.23625 0.58875 0.0225 0.06125
0 0.2625 0.59125 0.02625 0.06375
0 0.355 0.64625 0.0325 0.07
0 0.3875 0.65 0.03 0.0625
0 0.44 0.93625 0.0325 0.065
0 0.47625 0.94375 0.03625 0.0725
0 0.51 0.94875 0.0275 0.05875
0 0.54125 0.9575 0.03375 0.07375
0 0.58125 0.9675 0.04625 0.055
0 0.8275 0.535 0.035 0.06125
0 0.85875 0.8325 0.02625 0.07
0 0.17875 0.50125 0.03375 0.07375
0 0.39875 0.55625 0.025 0.065
0 0.17125 0.745 0.02625 0.07
0 0.2025 0.755 0.03125 0.09125
0 0.23125 0.76125 0.025 0.07875
0 0.26 0.76625 0.02875 0.08625
0 0.20125 0.86 0.02875 0.07875
0 0.23 0.86 0.02875 0.08
0 0.3475 0.83 0.035 0.07
0 0.3775 0.8325 0.0275 0.065
0 0.4075 0.83875 0.02625 0.075
0 0.4375 0.84875 0.03125 0.06625
0 0.36875 0.55375 0.03125 0.07125
0 0.46875 0.85375 0.0275 0.0775
0 0.5325 0.87 0.02625 0.07875
0 0.5625 0.88 0.0325 0.06375
0 0.59375 0.8875 0.02875 0.075
0 0.625 0.89375 0.03125 0.06125
0 0.73 0.91 0.0675 0.09875
0 0.8 0.9175 0.06875 0.0875
0 0.855 0.9275 0.03875 0.09875
0 0.34875 0.92125 0.03125 0.07625
0 0.37875 0.92625 0.02875 0.06625
0 0.425 0.565 0.02625 0.075
0 0.5 0.8625 0.035 0.06
0 0.50125 0.3675 0.0325 0.085