0 0.64375 0.59125 0.015 0.0175
0 0.8375 0.74625 0.035 0.055
0 0.80125 0.7375 0.03125 0.065
0 0.74875 0.73 0.02625 0.06
0 0.71875 0.74 0.03 0.04625
0 0.5775 0.62 0.0175 0.01625
0 0.52125 0.62625 0.02125 0.0175
0 0.86625 0.75 0.0175 0.0575
0 0.5 0.62125 0.01625 0.0175
0 0.3825 0.62 0.0275 0.08375
0 0.35375 0.61625 0.0275 0.0775
0 0.3225 0.6175 0.03625 0.07625
0 0.28125 0.63125 0.04375 0.08375
0 0.20875 0.58 0.065 0.11625
0 0.15 0.57625 0.05 0.115
0 0.86875 0.49875 0.0125 0.075
0 0.48 0.5725 0.015 0.015
0 0.49625 0.57125 0.015 0.015
0 0.5125 0.57375 0.015 0.015
0 0.5375 0.57 0.01625 0.01375
0 0.42625 0.61375 0.01875 0.01625
0 0.44375 0.61375 0.0175 0.01625
0 0.78375 0.6325 0.0175 0.01625
0 0.40625 0.61625 0.01875 0.01625
0 0.40875 0.65 0.0175 0.01625
0 0.44375 0.88875 0.025 0.055
0 0.2175 0.8625 0.1025 0.13625
0 0.6125 0.6025 0.01625 0.02
0 0.595 0.6025 0.01625 0.02
0 0.7375 0.6675 0.015 0.01625
0 0.6975 0.6325 0.02 0.0175
0 0.76625 0.6325 0.0175 0.01625
0 0.79875 0.59375 0.0225 0.01125
0 0.855 0.58875 0.035 0.05
0 0.86125 0.645 0.02625 0.06
0 0.80875 0.825 0.01875 0.05
0 0.86625 0.85375 0.01625 0.0725
0 0.8375 0.87375 0.035 0.0725
0 0.80375 0.88 0.02625 0.06
0 0.775 0.87125 0.02625 0.06
0 0.74875 0.8675 0.025 0.05375
0 0.72375 0.86125 0.025 0.05375
0 0.585 0.5725 0.015 0.015
0 0.78875 0.61875 0.0175 0.0075
0 0.60125 0.575 0.015 0.015
0 0.60125 0.89875 0.03 0.055
0 0.57125 0.88625 0.02625 0.0575
0 0.62875 0.59 0.01375 0.01625
0 0.38 0.83875 0.01875 0.0175
0 0.32125 0.8625 0.1 0.12875
0 0.145 0.86 0.03875 0.1325
0 0.79 0.61 0.015 0.00625
0 0.23375 0.13375 0.0525 0.15625
0 0.77125 0.6125 0.015 0.00625
0 0.59375 0.65875 0.015 0.01375
0 0.5775 0.655 0.015 0.01625
0 0.5775 0.6375 0.015 0.01625
0 0.595 0.64125 0.01625 0.01875
0 0.61125 0.66125 0.0175 0.015
0 0.6125 0.645 0.015 0.015
0 0.6125 0.6275 0.0175 0.01875
0 0.59375 0.6225 0.015 0.01625
0 0.5575 0.66125 0.01875 0.015
0 0.54 0.66125 0.01875 0.01625
0 0.52125 0.66125 0.01875 0.015
0 0.55875 0.64625 0.01875 0.01375
0 0.54 0.64375 0.015 0.015
0 0.64875 0.6125 0.015 0.0075
0 0.52125 0.64375 0.01875 0.015
0 0.53875 0.625 0.015 0.015
0 0.50125 0.655 0.01625 0.01625
0 0.5 0.63875 0.01625 0.01375
0 0.4825 0.65625 0.01625 0.0125
0 0.48125 0.64 0.01625 0.01625
0 0.46625 0.65625 0.0175 0.01375
0 0.46375 0.64 0.01625 0.0175
0 0.48 0.62125 0.01625 0.01625
0 0.4625 0.62125 0.0175 0.0175
0 0.445 0.6475 0.0175 0.01375
0 0.44375 0.6325 0.0175 0.01625
0 0.42625 0.64875 0.01625 0.015
0 0.425 0.63125 0.0175 0.01625
0 0.5575 0.62875 0.01875 0.0175
0 0.66625 0.6125 0.01375 0.0075
0 0.63375 0.62 0.015 0.00625
0 0.65 0.62 0.015 0.00625
0 0.75 0.61875 0.015 0.00625
0 0.7525 0.61125 0.015 0.00625
0 0.79625 0.60375 0.01375 0.00625
0 0.77875 0.60375 0.015 0.00625
0 0.76 0.605 0.015 0.00625
0 0.76125 0.5925 0.01875 0.01625
0 0.78 0.59375 0.0175 0.0125
0 0.7425 0.6325 0.01 0.015
0 0.845 0.51 0.03375 0.05375
0 0.68625 0.70875 0.02625 0.01125
0 0.715 0.70875 0.02625 0.01125
0 0.78375 0.8225 0.025 0.01875
0 0.75875 0.82125 0.02125 0.01625
0 0.735 0.82125 0.01875 0.01625
0 0.71125 0.8225 0.01875 0.01625
0 0.68875 0.8225 0.01875 0.01625
0 0.73875 0.65 0.015 0.01625
0 0.71875 0.66625 0.01875 0.015
0 0.71875 0.6475 0.01875 0.015
0 0.7175 0.63 0.0175 0.015
0 0.69875 0.66625 0.01875 0.015
0 0.69875 0.65 0.01625 0.01625
0 0.67125 0.63625 0.02 0.00875
0 0.67 0.6275 0.02 0.0075
0 0.65125 0.635 0.01625 0.0075
0 0.65125 0.6275 0.01625 0.0075
0 0.63375 0.635 0.015 0.00875
0 0.635 0.62625 0.01375 0.00625
0 0.66625 0.62125 0.01375 0.00625
0 0.77 0.61875 0.015 0.00625
0 0.77875 0.455 0.03375 0.04
0 0.4075 0.6325 0.0175 0.01625
0 0.72875 0.515 0.045 0.045
0 0.66 0.9 0.02375 0.05625
0 0.68625 0.905 0.02625 0.06125
0 0.39875 0.83625 0.01875 0.0175
0 0.4175 0.8375 0.01625 0.01625
0 0.38 0.8575 0.01625 0.01625
0 0.775 0.50875 0.0425 0.05875
0 0.41625 0.85375 0.01625 0.01625
0 0.3825 0.87125 0.01625 0.01125
0 0.63125 0.9025 0.03 0.05625
0 0.4 0.87 0.01625 0.01125
0 0.4425 0.8525 0.025 0.01625
0 0.47 0.85125 0.025 0.01625
0 0.495 0.8525 0.025 0.01625
0 0.52125 0.85375 0.025 0.01625
0 0.54625 0.8525 0.025 0.01625
0 0.5725 0.8475 0.025 0.01625
0 0.5975 0.845 0.02125 0.01875
0 0.6225 0.845 0.02125 0.01875
0 0.41875 0.86875 0.01625 0.01125
0 0.16625 0.11875 0.07875 0.0825
0 0.545 0.8925 0.0225 0.05625
0 0.49375 0.89125 0.0225 0.05625
0 0.53625 0.75 0.02625 0.02
0 0.48375 0.76375 0.02625 0.01
0 0.51 0.765 0.025 0.01
0 0.5375 0.765 0.025 0.01
0 0.565 0.705 0.0225 0.015
0 0.56875 0.72375 0.02375 0.02
0 0.59375 0.72375 0.02625 0.02125
0 0.57 0.7475 0.0275 0.02375
0 0.52 0.8925 0.0225 0.05625
0 0.5975 0.74875 0.0225 0.02375
0 0.51125 0.7275 0.0225 0.01375
0 0.53625 0.7275 0.02375 0.01375
0 0.61875 0.705 0.02125 0.0175
0 0.64375 0.70375 0.02375 0.01625
0 0.63125 0.7525 0.02625 0.01875
0 0.655 0.7425 0.02 0.02125
0 0.65625 0.765 0.0225 0.02
0 0.46875 0.88875 0.0225 0.05625
0 0.48625 0.7275 0.0275 0.01375
0 0.51125 0.75 0.02625 0.02
0 0.59125 0.5075 0.04625 0.06
0 0.54125 0.45875 0.045 0.04625
0 0.4125 0.3775 0.0425 0.06875
0 0.3675 0.375 0.0425 0.0675
0 0.3225 0.36125 0.04625 0.09125
0 0.2725 0.36 0.05375 0.09125
0 0.16375 0.315 0.0775 0.055
0 0.16375 0.25875 0.07625 0.0575
0 0.835 0.165 0.07875 0.0925
0 0.76875 0.18125 0.05 0.0625
0 0.46 0.3775 0.04875 0.06625
0 0.72 0.16125 0.0475 0.1
0 0.6375 0.16375 0.04375 0.0975
0 0.5325 0.13125 0.05375 0.1625
0 0.4775 0.15625 0.04625 0.1175
0 0.41625 0.13 0.04625 0.16375
0 0.37 0.13625 0.0425 0.15375
0 0.32875 0.15 0.01625 0.1275
0 0.31125 0.1425 0.01625 0.145
0 0.2825 0.135 0.04125 0.155
0 0.67625 0.17 0.0325 0.08875
0 0.58625 0.45625 0.04375 0.04125
0 0.51 0.375 0.04875 0.06625
0 0.60125 0.385 0.03875 0.0525
0 0.53875 0.5125 0.04875 0.0575
0 0.63375 0.6125 0.015 0.0075
0 0.4975 0.45125 0.04125 0.03125
0 0.48875 0.51125 0.05 0.06125
0 0.40625 0.50625 0.04 0.06125
0 0.36375 0.4925 0.04 0.06875
0 0.31625 0.505 0.05125 0.06875
0 0.265 0.50625 0.0475 0.05375
0 0.55875 0.385 0.04375 0.05125
0 0.1625 0.45375 0.05375 0.0875
0 0.82875 0.3 0.08625 0.125
0 0.44 0.3 0.03875 0.055
0 0.55625 0.33125 0.04125 0.03
0 0.63125 0.33875 0.04125 0.03625
0 0.62875 0.30125 0.04125 0.03875
0 0.695 0.3475 0.05375 0.0425
0 0.69 0.39125 0.04875 0.0425
0 0.64125 0.385 0.0425 0.0525
0 0.81375 0.38625 0.09625 0.04625
0 0.45375 0.765 0.025 0.025
0 0.39875 0.85625 0.01625 0.01625
0 0.39875 0.765 0.02875 0.0225
0 0.77875 0.6675 0.0175 0.01625
0 0.7975 0.66625 0.0175 0.01625
0 0.3475 0.71625 0.015 0.0125
0 0.36375 0.71875 0.015 0.0125
0 0.59125 0.705 0.02875 0.01625
0 0.48375 0.74875 0.03 0.02
0 0.4 0.73875 0.02125 0.0275
0 0.38 0.71875 0.015 0.0125
0 0.33375 0.7275 0.015 0.01
0 0.34875 0.72875 0.015 0.01
0 0.8025 0.64875 0.0175 0.01625
0 0.7825 0.65 0.0175 0.01625
0 0.765 0.65 0.0175 0.01625
0 0.42625 0.765 0.025 0.025
0 0.52125 0.8225 0.0225 0.01375
0 0.5675 0.80875 0.02125 0.0175
0 0.59375 0.82625 0.02125 0.0175
0 0.61875 0.82625 0.02125 0.0175
0 0.80375 0.63125 0.0175 0.01625
0 0.57625 0.60125 0.01875 0.02
0 0.64375 0.82625 0.02125 0.0175
0 0.7025 0.85125 0.015 0.04125
0 0.45375 0.74 0.02625 0.025
0 0.425 0.73875 0.02625 0.025
0 0.38125 0.73125 0.015 0.00875
0 0.365 0.73 0.015 0.00875
0 0.57 0.57125 0.015 0.015
0 0.33375 0.71625 0.015 0.0125
0 0.545 0.82 0.0225 0.01375
0 0.22625 0.71375 0.0725 0.0975
0 0.1575 0.70875 0.06375 0.105
0 0.76 0.6675 0.0175 0.01625
0 0.59875 0.8625 0.0225 0.015
0 0.6275 0.86375 0.0225 0.015
0 0.68125 0.86375 0.0225 0.01625
0 0.655 0.8625 0.0225 0.015
0 0.64625 0.84375 0.0225 0.01625
0 0.67625 0.84625 0.0225 0.01625
0 0.445 0.835 0.0225 0.01375
0 0.47 0.835 0.02125 0.01375
0 0.495 0.835 0.0225 0.01375
0 0.52 0.83625 0.0225 0.01375
0 0.5425 0.83625 0.0225 0.01375
0 0.44625 0.82 0.0225 0.01375
0 0.47125 0.82 0.02125 0.01375
0 0.495 0.82 0.02125 0.01375
0 0.71125 0.46 0.04625 0.03875
0 0.6275 0.73125 0.02625 0.01875
0 0.6375 0.51375 0.0425 0.0475
0 0.6875 0.73875 0.03 0.04625
0 0.6825 0.5125 0.04625 0.0475