0 0.23375 0.6925 0.03 0.0375
0 0.23375 0.6575 0.02875 0.025
0 0.23375 0.62625 0.0275 0.03125
0 0.23375 0.59125 0.02875 0.035
0 0.36875 0.695 0.045 0.035
0 0.3225 0.695 0.04125 0.035
0 0.36625 0.66 0.04125 0.02875
0 0.32125 0.66125 0.0425 0.0275
0 0.27375 0.6625 0.04 0.02875
0 0.4125 0.6525 0.03875 0.035
0 0.45375 0.65 0.03625 0.0375
0 0.41375 0.695 0.0375 0.0375
0 0.45375 0.69375 0.0375 0.04125
0 0.4975 0.58125 0.03875 0.0375
0 0.49875 0.61875 0.03625 0.03125
0 0.53625 0.6175 0.03875 0.0375
0 0.4975 0.65375 0.04 0.03875
0 0.53875 0.655 0.03875 0.03875
0 0.4975 0.69125 0.04375 0.03375
0 0.36625 0.625 0.04125 0.03625
0 0.32125 0.625 0.045 0.03625
0 0.2725 0.58625 0.04125 0.0375
0 0.3225 0.58625 0.0425 0.0375
0 0.31625 0.47875 0.04125 0.0475
0 0.355 0.4775 0.03625 0.0425
0 0.27375 0.52375 0.0475 0.03375
0 0.32 0.52375 0.04125 0.0375
0 0.3675 0.5225 0.04125 0.045
0 0.43375 0.50875 0.07875 0.0325
0 0.43375 0.46875 0.06375 0.025
0 0.51125 0.505 0.0575 0.03
0 0.51125 0.53375 0.05625 0.02625
0 0.36625 0.58625 0.04125 0.03875
0 0.57 0.505 0.0525 0.02875
0 0.575 0.4725 0.04625 0.0275
0 0.62625 0.52 0.0425 0.055
0 0.66875 0.5225 0.04 0.05
0 0.715 0.52375 0.0425 0.05625
0 0.76 0.52125 0.0325 0.05625
0 0.5375 0.69375 0.0325 0.03125
0 0.27375 0.62875 0.04375 0.03625
0 0.3125 0.88 0.0375 0.03125
0 0.27375 0.695 0.03875 0.0325
0 0.57 0.535 0.05375 0.02375
0 0.5875 0.62125 0.04125 0.04125
0 0.74 0.655 0.0525 0.03125
0 0.585 0.65875 0.04125 0.0325
0 0.475 0.82 0.04375 0.03
0 0.5225 0.82 0.05 0.0275
0 0.47875 0.85 0.045 0.0275
0 0.52375 0.85 0.04375 0.03
0 0.52375 0.88375 0.0425 0.03
0 0.47875 0.88125 0.0425 0.03125
0 0.31125 0.84375 0.03875 0.0375
0 0.35 0.84375 0.03625 0.03625
0 0.39375 0.845 0.04125 0.02875
0 0.43125 0.81375 0.035 0.03
0 0.725 0.88375 0.045 0.03125
0 0.62875 0.885 0.04625 0.0325
0 0.57875 0.88625 0.0425 0.03125
0 0.7275 0.8475 0.04875 0.03625
0 0.67625 0.8475 0.05125 0.035
0 0.62875 0.85 0.0375 0.03625
0 0.58 0.84875 0.04875 0.04
0 0.4325 0.87875 0.035 0.03
0 0.3925 0.87875 0.0425 0.02875
0 0.35125 0.87875 0.035 0.03
0 0.67625 0.88375 0.04625 0.03
0 0.39125 0.8125 0.04125 0.03375
0 0.35 0.80875 0.03625 0.03
0 0.31125 0.80875 0.04 0.03
0 0.6325 0.65875 0.0475 0.03625
0 0.585 0.6925 0.04375 0.03125
0 0.63125 0.695 0.045 0.03125
0 0.6875 0.6475 0.05 0.03875
0 0.2675 0.4825 0.04125 0.04
0 0.74 0.6925 0.0525 0.0375
0 0.6875 0.69 0.04875 0.0325
0 0.26625 0.77 0.04 0.04125
0 0.27 0.80875 0.0325 0.03625
0 0.26875 0.84625 0.03875 0.03
0 0.27125 0.88 0.03625 0.03375
0 0.235 0.88 0.02875 0.03375
0 0.23375 0.845 0.0275 0.03
0 0.23375 0.81 0.03 0.0375
0 0.23375 0.76875 0.025 0.04625
0 0.31 0.77 0.04 0.04125
0 0.35125 0.77 0.04 0.0425
0 0.39125 0.7725 0.04 0.045
0 0.43 0.7725 0.03625 0.04375
0 0.4725 0.77875 0.0475 0.0475
0 0.52625 0.7825 0.04375 0.04625
0 0.63125 0.62 0.04375 0.03625
0 0.74375 0.4225 0.07125 0.03125
0 0.43375 0.84625 0.03375 0.02875
0 0.3825 0.36875 0.0375 0.045
0 0.30375 0.3675 0.0375 0.04375
0 0.2575 0.36625 0.04875 0.04625
0 0.67375 0.1575 0.035 0.07875
0 0.715 0.16 0.03125 0.08
0 0.7525 0.16375 0.03375 0.06875
0 0.295 0.225 0.04 0.025
0 0.27875 0.28 0.03125 0.07375
0 0.31375 0.2825 0.03375 0.07375
0 0.2375 0.24875 0.035 0.03875
0 0.2375 0.29375 0.035 0.04
0 0.355 0.28 0.0425 0.0825
0 0.34375 0.36875 0.03875 0.0425
0 0.72125 0.27625 0.06625 0.07125
0 0.55125 0.37 0.0375 0.0425
0 0.59375 0.36875 0.04375 0.04375
0 0.455 0.27375 0.04375 0.09625
0 0.50125 0.27375 0.04625 0.095
0 0.5625 0.27625 0.0625 0.06125
0 0.64625 0.2725 0.06875 0.06875
0 0.745 0.3825 0.07 0.0425
0 0.68125 0.4175 0.0375 0.045
0 0.63875 0.4175 0.0425 0.0475
0 0.59625 0.4175 0.04125 0.04875
0 0.55375 0.41625 0.04 0.04875
0 0.51 0.41625 0.04375 0.04875
0 0.685 0.37 0.04125 0.04125
0 0.64 0.37 0.04125 0.045
0 0.46875 0.36625 0.04 0.04625
0 0.59125 0.155 0.0375 0.07875
0 0.4225 0.36875 0.0375 0.04625
0 0.54875 0.1625 0.03625 0.07625
0 0.4 0.2725 0.0475 0.0975
0 0.50875 0.1525 0.035 0.08875
0 0.46625 0.15 0.0375 0.095
0 0.6325 0.15875 0.03875 0.08
0 0.3975 0.17375 0.0875 0.0375
0 0.46375 0.415 0.04 0.0475
0 0.4225 0.41625 0.0375 0.045
0 0.385 0.415 0.0375 0.0425
0 0.3425 0.41375 0.03625 0.04625
0 0.3025 0.41375 0.03875 0.0475
0 0.2575 0.415 0.04375 0.04625
0 0.29625 0.17125 0.09625 0.04125