0 0.5325 0.2375 0.03375 0.0625
0 0.35375 0.84875 0.03375 0.06625
0 0.7525 0.83375 0.0325 0.0725
0 0.5675 0.2275 0.035 0.0875
0 0.74375 0.7125 0.02875 0.07
0 0.7125 0.7125 0.0325 0.0675
0 0.67875 0.7125 0.0325 0.07125
0 0.64625 0.71625 0.03125 0.06375
0 0.61375 0.7175 0.03375 0.06375
0 0.5775 0.715 0.03375 0.0625
0 0.54375 0.7175 0.03375 0.06375
0 0.51 0.7175 0.03125 0.06375
0 0.4325 0.72 0.0375 0.06875
0 0.3975 0.72125 0.0325 0.07
0 0.36 0.7225 0.03625 0.0625
0 0.32375 0.72125 0.035 0.06875
0 0.80875 0.78625 0.0425 0.05875
0 0.24625 0.72 0.04125 0.0725
0 0.28125 0.85375 0.035 0.05875
0 0.31875 0.8525 0.035 0.05875
0 0.39125 0.8375 0.025 0.075
0 0.42375 0.84 0.03125 0.07875
0 0.4575 0.85 0.02875 0.05625
0 0.48625 0.84125 0.02125 0.07625
0 0.51375 0.83625 0.03 0.08625
0 0.5525 0.84375 0.03375 0.06125
0 0.61375 0.8525 0.02375 0.03625
0 0.6425 0.84625 0.02875 0.05875
0 0.6725 0.845 0.02875 0.0575
0 0.69625 0.84375 0.01625 0.05625
0 0.72125 0.84375 0.0275 0.05625
0 0.24375 0.855 0.03625 0.06125
0 0.6125 0.24875 0.04375 0.04375
0 0.65625 0.4925 0.02375 0.085
0 0.7175 0.2375 0.055 0.0625
0 0.58125 0.36625 0.0325 0.08625
0 0.55 0.375 0.02875 0.07375
0 0.5175 0.37375 0.02875 0.07375
0 0.48375 0.38125 0.035 0.05375
0 0.44875 0.39875 0.02875 0.0225
0 0.42375 0.3825 0.02 0.0525
0 0.4 0.38125 0.025 0.05375
0 0.37625 0.38125 0.02 0.05375
0 0.34625 0.3625 0.03875 0.09375
0 0.30625 0.36 0.04 0.09625
0 0.26375 0.36125 0.0425 0.095
0 0.22 0.36 0.0375 0.09625
0 0.21125 0.21125 0.035 0.11
0 0.2425 0.21375 0.02625 0.10625
0 0.27375 0.215 0.03375 0.1025
0 0.315 0.215 0.03125 0.105
0 0.3475 0.215 0.03 0.105
0 0.3775 0.21625 0.02875 0.10375
0 0.40875 0.21625 0.02875 0.105
0 0.61625 0.375 0.03125 0.075
0 0.65625 0.38 0.04375 0.0625
0 0.70875 0.38 0.05625 0.06375
0 0.7625 0.37875 0.0475 0.0625
0 0.6025 0.49375 0.025 0.09
0 0.5775 0.49625 0.0225 0.08375
0 0.5525 0.495 0.025 0.08625
0 0.525 0.49125 0.0275 0.09375
0 0.49875 0.49 0.02375 0.0975
0 0.47 0.49 0.02875 0.09375
0 0.4425 0.4925 0.025 0.09375
0 0.40375 0.49 0.05125 0.095
0 0.36625 0.4975 0.02125 0.08625
0 0.445 0.2375 0.03875 0.0625
0 0.3425 0.49375 0.025 0.085
0 0.28625 0.49625 0.02625 0.08375
0 0.24625 0.49375 0.05125 0.0875
0 0.25 0.60125 0.04125 0.075
0 0.28875 0.6 0.03 0.0725
0 0.3175 0.60125 0.0225 0.07625
0 0.68375 0.5125 0.03125 0.04875
0 0.72125 0.50875 0.04125 0.05375
0 0.7625 0.51 0.0375 0.05375
0 0.6625 0.23875 0.0525 0.0625
0 0.315 0.49625 0.0275 0.085
0 0.49125 0.24375 0.0475 0.04875
0 0.81625 0.325 0.0525 0.06375
0 0.63 0.4925 0.0275 0.0875
0 0.80625 0.1 0.035 0.07375
0 0.85625 0.23125 0.0375 0.0575
0 0.34375 0.6 0.025 0.07625
0 0.3675 0.60125 0.0225 0.075
0 0.39875 0.60375 0.03375 0.06875
0 0.4325 0.60375 0.03125 0.07
0 0.50625 0.60125 0.02875 0.0725
0 0.535 0.6 0.02875 0.07375
0 0.77 0.24 0.045 0.0625
0 0.7725 0.10125 0.0275 0.07125
0 0.81375 0.23 0.04125 0.06
0 0.85375 0.6325 0.0425 0.0925
0 0.7925 0.615 0.045 0.06875
0 0.755 0.5975 0.025 0.0725
0 0.72375 0.5975 0.03125 0.07125
0 0.69125 0.6 0.03 0.06875
0 0.6575 0.6 0.03375 0.06875
0 0.62375 0.60125 0.03125 0.07
0 0.59375 0.60125 0.0275 0.0675
0 0.565 0.6025 0.02625 0.07
0 0.795 0.70375 0.07 0.05875
0 0.73375 0.0975 0.035 0.0775
0 0.46625 0.6025 0.0325 0.06875
0 0.6525 0.09625 0.03 0.0725
0 0.695 0.09375 0.04375 0.0775
0 0.20375 0.08375 0.03625 0.08
0 0.32625 0.09375 0.03625 0.06375
0 0.36 0.10125 0.0275 0.05125
0 0.28875 0.09 0.03375 0.06875
0 0.3875 0.1025 0.02625 0.04875
0 0.245 0.08625 0.0425 0.075
0 0.465 0.0925 0.03875 0.075
0 0.50625 0.1025 0.04 0.0625
0 0.55 0.1025 0.04125 0.05875
0 0.58625 0.0975 0.0275 0.0675
0 0.62 0.09875 0.035 0.0675
0 0.4225 0.09125 0.04 0.07375