0 0.56375 0.74625 0.02375 0.08375
0 0.6375 0.75 0.02125 0.0675
0 0.615 0.745 0.02125 0.08375
0 0.8025 0.62125 0.0275 0.0675
0 0.8325 0.61875 0.02875 0.06375
0 0.8625 0.61625 0.02875 0.06875
0 0.89125 0.615 0.02375 0.0675
0 0.92 0.61375 0.03 0.07
0 0.94875 0.615 0.02375 0.0725
0 0.97625 0.73875 0.025 0.0675
0 0.9475 0.74 0.02125 0.06125
0 0.92375 0.74 0.02375 0.065
0 0.89 0.73875 0.0275 0.07125
0 0.86 0.74 0.03 0.07375
0 0.825 0.74 0.03125 0.07125
0 0.79 0.7425 0.0325 0.075
0 0.75375 0.7425 0.03125 0.07
0 0.7225 0.7475 0.03125 0.0675
0 0.6925 0.74625 0.0275 0.0725
0 0.66375 0.74125 0.0225 0.0775
0 0.59 0.74625 0.025 0.08125
0 0.9775 0.61375 0.0225 0.07125
0 0.54375 0.2025 0.0375 0.11125
0 0.7375 0.205 0.03375 0.10625
0 0.77375 0.61875 0.02375 0.06875
0 0.23125 0.34 0.04625 0.1025
0 0.1875 0.34 0.0375 0.1
0 0.14125 0.34625 0.04375 0.10125
0 0.09375 0.3425 0.045 0.10125
0 0.0425 0.34375 0.05125 0.1025
0 0.02125 0.19 0.04125 0.11125
0 0.06875 0.19125 0.05 0.1125
0 0.1225 0.1925 0.05125 0.11375
0 0.1725 0.1925 0.03625 0.105
0 0.21875 0.195 0.0475 0.1075
0 0.2675 0.19375 0.04625 0.105
0 0.315 0.19625 0.04375 0.10625
0 0.36375 0.2 0.04375 0.11
0 0.41125 0.2 0.045 0.1125
0 0.4575 0.20125 0.04375 0.1075
0 0.5025 0.2025 0.03625 0.10625
0 0.58125 0.205 0.0375 0.10625
0 0.62125 0.20375 0.03625 0.1025
0 0.66125 0.20625 0.03625 0.10125
0 0.69875 0.2075 0.03375 0.1075
0 0.77875 0.20875 0.035 0.1
0 0.74625 0.6175 0.02875 0.07
0 0.22625 0.5 0.04 0.0975
0 0.685 0.62 0.02375 0.065
0 0.60125 0.35125 0.03 0.09625
0 0.63375 0.34875 0.0325 0.09375
0 0.67125 0.35 0.035 0.0925
0 0.7075 0.3525 0.03125 0.08625
0 0.74125 0.35375 0.0325 0.08875
0 0.77375 0.35375 0.03125 0.095
0 0.80875 0.3525 0.0325 0.09125
0 0.84 0.35125 0.03125 0.09
0 0.86875 0.3525 0.025 0.08875
0 0.9225 0.34 0.06 0.0875
0 0.9725 0.35625 0.03625 0.07875
0 0.97625 0.48875 0.03125 0.08625
0 0.9425 0.4825 0.025 0.08375
0 0.9125 0.48875 0.03 0.0825
0 0.88125 0.48875 0.03 0.0875
0 0.85125 0.49 0.02875 0.08375
0 0.81625 0.49 0.03375 0.08875
0 0.565 0.35 0.0325 0.09375
0 0.53125 0.35125 0.03 0.0975
0 0.49625 0.35 0.03375 0.09375
0 0.45625 0.34875 0.0425 0.09375
0 0.0225 0.77 0.03875 0.07
0 0.0625 0.77 0.035 0.07
0 0.0975 0.765 0.02875 0.07125
0 0.13125 0.7625 0.03375 0.07
0 0.16875 0.7625 0.035 0.07
0 0.20625 0.7625 0.03625 0.07
0 0.245 0.76 0.03375 0.0625
0 0.28125 0.77 0.0375 0.06375
0 0.7825 0.49 0.03 0.09
0 0.31625 0.765 0.03125 0.065
0 0.38875 0.76 0.03125 0.075
0 0.42375 0.75375 0.0325 0.075
0 0.4875 0.7425 0.02375 0.07875
0 0.51125 0.7475 0.02375 0.09125
0 0.53875 0.7475 0.02625 0.085
0 0.27875 0.34875 0.0475 0.095
0 0.36875 0.3475 0.045 0.1025
0 0.41375 0.34875 0.04125 0.09875
0 0.35375 0.76375 0.0375 0.07
0 0.7475 0.49375 0.0325 0.0925
0 0.71625 0.4925 0.0225 0.08625
0 0.685 0.49125 0.03125 0.08875
0 0.11375 0.6275 0.03625 0.07625
0 0.15625 0.6375 0.03625 0.06875
0 0.195 0.63625 0.035 0.07625
0 0.23375 0.62875 0.03625 0.0825
0 0.2725 0.62625 0.03875 0.08125
0 0.31375 0.62625 0.0375 0.08875
0 0.3525 0.62375 0.03625 0.08
0 0.38625 0.62875 0.02875 0.06375
0 0.07875 0.61625 0.03 0.08375
0 0.41625 0.6225 0.03125 0.07375
0 0.47875 0.6225 0.03 0.07625
0 0.81625 0.21125 0.03375 0.1
0 0.51 0.6275 0.02875 0.0625
0 0.53875 0.63 0.0275 0.0675
0 0.56875 0.62125 0.03 0.07375
0 0.59875 0.62 0.02625 0.07375
0 0.6275 0.61875 0.02625 0.07125
0 0.65625 0.61875 0.02875 0.0675
0 0.44875 0.625 0.02625 0.07375
0 0.71375 0.61875 0.03125 0.06875
0 0.03875 0.6275 0.04125 0.085
0 0.05625 0.49625 0.0375 0.0875
0 0.65 0.49 0.03125 0.09125
0 0.61625 0.50125 0.03 0.07375
0 0.58375 0.4975 0.03125 0.0875
0 0.54625 0.49 0.03625 0.0925
0 0.49625 0.495 0.03125 0.08125
0 0.465 0.4975 0.02875 0.0875
0 0.4325 0.4875 0.0325 0.10125
0 0.395 0.4925 0.03875 0.09
0 0.01625 0.49375 0.0325 0.09625
0 0.35375 0.49625 0.03625 0.08875
0 0.27125 0.5 0.04375 0.09625
0 0.97375 0.215 0.03125 0.09875
0 0.9375 0.2125 0.0375 0.10375
0 0.84625 0.21125 0.02 0.1
0 0.87875 0.2475 0.03 0.05875
0 0.18375 0.5 0.04375 0.095
0 0.14 0.4975 0.04 0.095
0 0.0975 0.505 0.04125 0.0725
0 0.31375 0.49625 0.0375 0.09125
0 0.4575 0.755 0.03125 0.07125