0 0.65125 0.44 0.065 0.02625
0 0.77125 0.1925 0.045 0.0375
0 0.215 0.51625 0.04625 0.03375
0 0.16 0.51375 0.05625 0.03375
0 0.23 0.47875 0.0475 0.0375
0 0.17375 0.47625 0.055 0.03625
0 0.65375 0.4075 0.05 0.02375
0 0.5875 0.4375 0.0525 0.025
0 0.2675 0.17 0.045 0.035
0 0.5525 0.375 0.05375 0.01875
0 0.85125 0.30875 0.0425 0.03875
0 0.54125 0.29375 0.035 0.03375
0 0.5475 0.3325 0.03625 0.035
0 0.59875 0.33375 0.05625 0.03125
0 0.715 0.34125 0.0425 0.0275
0 0.76125 0.34125 0.045 0.0275
0 0.72 0.19125 0.0475 0.04
0 0.8125 0.34375 0.0475 0.0275
0 0.1575 0.38125 0.05375 0.02125
0 0.22 0.3775 0.05 0.02875
0 0.27875 0.38375 0.045 0.03125
0 0.155 0.41 0.055 0.03875
0 0.21125 0.415 0.0475 0.035
0 0.2625 0.4175 0.04875 0.03375
0 0.85625 0.34625 0.0375 0.03125
0 0.54 0.4025 0.04375 0.03
0 0.5975 0.5375 0.0525 0.035
0 0.66375 0.19 0.055 0.035
0 0.44625 0.17625 0.03625 0.03625
0 0.405 0.17375 0.0375 0.035
0 0.4475 0.135 0.03625 0.04
0 0.49 0.1375 0.0375 0.04375
0 0.54375 0.1425 0.0525 0.04
0 0.60125 0.145 0.0525 0.03625
0 0.405 0.13375 0.035 0.04375
0 0.66375 0.1475 0.05625 0.04125
0 0.77125 0.15125 0.0475 0.04
0 0.82125 0.1525 0.0425 0.04125
0 0.16 0.16125 0.05375 0.035
0 0.215 0.16625 0.05125 0.035
0 0.36375 0.17625 0.0425 0.035
0 0.31625 0.16875 0.0475 0.03625
0 0.72125 0.14875 0.04625 0.03625
0 0.365 0.13375 0.03375 0.04125
0 0.31875 0.13 0.045 0.04125
0 0.27125 0.1275 0.04625 0.045
0 0.15375 0.58125 0.0475 0.035
0 0.2025 0.58125 0.04875 0.03125
0 0.15125 0.62 0.0475 0.03125
0 0.205 0.61875 0.0475 0.03375
0 0.5925 0.63875 0.055 0.03875
0 0.65 0.7075 0.0525 0.04125
0 0.65125 0.74875 0.055 0.035
0 0.6025 0.78625 0.045 0.0275
0 0.65125 0.7875 0.04125 0.0325
0 0.805 0.30875 0.04625 0.03625
0 0.60375 0.18625 0.0575 0.04
0 0.54 0.18125 0.0575 0.03375
0 0.4875 0.18125 0.03875 0.035
0 0.1625 0.11875 0.06 0.0425
0 0.22 0.125 0.05 0.04125
0 0.65 0.53875 0.04625 0.0325
0 0.755 0.31 0.04 0.03125
0 0.6575 0.335 0.05625 0.03375
0 0.65625 0.3025 0.05625 0.02875
0 0.71 0.31 0.04125 0.025
0 0.66125 0.91125 0.05375 0.05625
0 0.64125 0.8575 0.04625 0.03875
0 0.595 0.90875 0.0625 0.0575
0 0.2925 0.9025 0.0525 0.0325
0 0.29625 0.855 0.0525 0.03875
0 0.82125 0.1975 0.04875 0.03875
0 0.21 0.20125 0.04875 0.035
0 0.26375 0.205 0.045 0.03375
0 0.3125 0.2075 0.04625 0.0325
0 0.36125 0.21125 0.03625 0.03125
0 0.40375 0.215 0.04 0.03625
0 0.445 0.2175 0.0375 0.035
0 0.4875 0.2175 0.04 0.03375
0 0.155 0.1975 0.055 0.0325
0 0.60125 0.22375 0.06 0.0325
0 0.59625 0.30125 0.0575 0.03
0 0.54125 0.21875 0.055 0.0375
0 0.6675 0.275 0.05875 0.02
0 0.60125 0.27125 0.0625 0.0275
0 0.2575 0.31125 0.04875 0.035
0 0.1525 0.30625 0.05 0.03375
0 0.2575 0.2725 0.0475 0.0375
0 0.20625 0.31 0.04625 0.035
0 0.205 0.26875 0.0475 0.04375
0 0.1525 0.26625 0.05125 0.0425
0 0.82125 0.23375 0.04625 0.0325
0 0.77375 0.23 0.04625 0.0325
0 0.7225 0.23 0.05 0.03125
0 0.665 0.225 0.06 0.0325