0 0.475 0.73875 0.0225 0.1025
0 0.37 0.31625 0.03 0.03875
0 0.3675 0.355 0.03 0.02875
0 0.1875 0.8125 0.0325 0.13875
0 0.2225 0.80125 0.03625 0.1175
0 0.26 0.795 0.035 0.13
0 0.3 0.78625 0.045 0.11375
0 0.34125 0.76875 0.035 0.12375
0 0.38125 0.7625 0.04375 0.11375
0 0.4175 0.75 0.02875 0.11
0 0.4475 0.74375 0.02875 0.1
0 0.325 0.30875 0.04875 0.12875
0 0.49875 0.7275 0.02125 0.0975
0 0.54875 0.7175 0.0275 0.095
0 0.57375 0.715 0.02 0.1025
0 0.605 0.70375 0.035 0.0825
0 0.6325 0.70125 0.01875 0.08875
0 0.65375 0.69625 0.02375 0.0775
0 0.6775 0.6875 0.0225 0.095
0 0.7 0.67875 0.02125 0.08
0 0.72 0.675 0.01625 0.08875
0 0.74125 0.6675 0.025 0.07375
0 0.765 0.65625 0.02 0.0875
0 0.5225 0.72375 0.02375 0.10625
0 0.27875 0.31 0.04125 0.13125
0 0.2325 0.3125 0.05 0.12875
0 0.17875 0.65375 0.04625 0.1225
0 0.15125 0.8225 0.04 0.11875
0 0.4475 0.54 0.02875 0.0175
0 0.81125 0.54375 0.02375 0.09375
0 0.7875 0.54375 0.02375 0.09375
0 0.7675 0.55 0.0175 0.08375
0 0.74625 0.5525 0.0225 0.09
0 0.7225 0.5575 0.02375 0.08
0 0.69875 0.56625 0.0225 0.1
0 0.675 0.57125 0.02625 0.08875
0 0.64875 0.57625 0.0225 0.0975
0 0.625 0.575 0.025 0.0975
0 0.59875 0.5775 0.025 0.10125
0 0.815 0.42 0.025 0.0375
0 0.545 0.59375 0.025 0.105
0 0.51625 0.5975 0.03 0.0975
0 0.49 0.6025 0.025 0.10625
0 0.46125 0.60625 0.03 0.10125
0 0.4325 0.61 0.025 0.11125
0 0.40375 0.615 0.03375 0.1025
0 0.37375 0.62125 0.025 0.115
0 0.345 0.6225 0.0325 0.11125
0 0.3025 0.6275 0.045 0.11875
0 0.22125 0.6475 0.0375 0.13625
0 0.785 0.65125 0.01875 0.07625
0 0.72625 0.205 0.01875 0.08125
0 0.80375 0.65 0.0175 0.07875
0 0.14625 0.95625 0.0425 0.08625
0 0.1875 0.31375 0.03625 0.13125
0 0.1475 0.3125 0.0425 0.1375
0 0.65625 0.1375 0.03625 0.01875
0 0.86 0.22 0.025 0.07875
0 0.83125 0.21625 0.03125 0.07
0 0.735 0.77 0.02125 0.0725
0 0.7575 0.7625 0.0225 0.08625
0 0.7775 0.755 0.0175 0.07125
0 0.79875 0.74875 0.02125 0.085
0 0.8 0.215 0.03125 0.07125
0 0.5525 0.45625 0.03125 0.08875
0 0.76625 0.22125 0.02875 0.065
0 0.58125 0.45 0.0275 0.1025
0 0.60875 0.4475 0.025 0.09625
0 0.6325 0.4475 0.02125 0.095
0 0.655 0.445 0.02375 0.0875
0 0.68 0.44375 0.02625 0.08875
0 0.70625 0.44125 0.02 0.085
0 0.7275 0.43875 0.02375 0.09125
0 0.75 0.43375 0.01875 0.0825
0 0.14 0.6525 0.03125 0.15375
0 0.8225 0.4625 0.025 0.04
0 0.74375 0.205 0.01375 0.08
0 0.5225 0.45875 0.02625 0.09375
0 0.4925 0.4625 0.03 0.0875
0 0.45 0.44 0.035 0.02875
0 0.3075 0.91875 0.0425 0.11
0 0.35 0.91 0.04 0.11
0 0.39 0.90375 0.0325 0.09375
0 0.42 0.8875 0.02875 0.10625
0 0.45125 0.875 0.02875 0.10625
0 0.47875 0.86125 0.0225 0.11
0 0.5 0.85875 0.02 0.10625
0 0.525 0.84875 0.025 0.0925
0 0.55375 0.84125 0.02875 0.07625
0 0.57875 0.82625 0.025 0.07625
0 0.60375 0.8225 0.0275 0.07625
0 0.62875 0.8075 0.02125 0.08875
0 0.65125 0.8 0.0225 0.075
0 0.675 0.79 0.02125 0.09625
0 0.695 0.7825 0.01875 0.08
0 0.715 0.7775 0.01875 0.09
0 0.4075 0.3225 0.0375 0.025
0 0.4075 0.34375 0.0375 0.0175
0 0.40875 0.36375 0.0375 0.02
0 0.43625 0.3325 0.02 0.08125
0 0.5175 0.31875 0.0425 0.1125
0 0.40875 0.49875 0.02625 0.0175
0 0.4525 0.49 0.0275 0.0125
0 0.195 0.9525 0.05 0.095
0 0.71 0.2075 0.01375 0.075
0 0.57125 0.58625 0.02875 0.0875
0 0.6725 0.195 0.015 0.095
0 0.57125 0.31875 0.01875 0.065
0 0.55 0.3175 0.0225 0.06875
0 0.6925 0.20625 0.01875 0.08125
0 0.24375 0.1325 0.04 0.155
0 0.27875 0.135 0.02875 0.14875
0 0.315 0.1375 0.04125 0.1525
0 0.62625 0.325 0.02625 0.07625
0 0.35125 0.1675 0.02875 0.09125
0 0.41875 0.15875 0.02625 0.13
0 0.44625 0.15875 0.0275 0.12625
0 0.47125 0.16125 0.0225 0.12
0 0.49625 0.16375 0.02625 0.12625
0 0.52375 0.16375 0.0275 0.125
0 0.5525 0.17 0.02875 0.13125
0 0.38625 0.1575 0.03625 0.13625
0 0.575 0.185 0.01625 0.09875
0 0.7 0.325 0.025 0.08
0 0.75125 0.3225 0.02625 0.08
0 0.13875 0.13 0.0225 0.14375
0 0.165 0.1175 0.0275 0.1675
0 0.2025 0.12625 0.04125 0.1575
0 0.44125 0.47 0.0225 0.0175
0 0.41 0.475 0.03125 0.02
0 0.3725 0.465 0.03875 0.11875
0 0.725 0.32375 0.025 0.0825
0 0.3375 0.46625 0.02875 0.1225
0 0.2625 0.4725 0.03625 0.1375
0 0.2175 0.47625 0.05 0.1275
0 0.17125 0.48125 0.04125 0.13875
0 0.13875 0.485 0.025 0.1325
0 0.80875 0.3675 0.0175 0.04375
0 0.78125 0.32625 0.0325 0.05
0 0.3025 0.46625 0.0425 0.12375
0 0.59875 0.1925 0.025 0.085
0 0.77625 0.43125 0.03375 0.08625
0 0.6525 0.1975 0.02125 0.08875
0 0.625 0.21125 0.0275 0.05