0 0.72875 0.40125 0.0075 0.02625
0 0.73625 0.4 0.00875 0.02375
0 0.74625 0.4 0.01125 0.02375
0 0.75625 0.39875 0.00625 0.0225
0 0.7625 0.3975 0.0075 0.025
0 0.695 0.4275 0.00875 0.02625
0 0.66375 0.43 0.01 0.02875
0 0.675 0.4275 0.00875 0.02625
0 0.685 0.42875 0.00875 0.02625
0 0.71875 0.40125 0.01 0.02625
0 0.705 0.4275 0.01125 0.02625
0 0.6525 0.43 0.00875 0.0275
0 0.70875 0.4 0.00875 0.025
0 0.66625 0.40125 0.01125 0.0275
0 0.6875 0.39875 0.00875 0.0275
0 0.6775 0.4 0.01 0.025
0 0.715 0.4275 0.00875 0.02625
0 0.655 0.40125 0.01 0.0275
0 0.74 0.3725 0.01 0.02625
0 0.73125 0.37375 0.00875 0.025
0 0.7225 0.37375 0.0075 0.025
0 0.71375 0.37375 0.0075 0.025
0 0.70375 0.37375 0.00875 0.02625
0 0.695 0.3725 0.0075 0.02625
0 0.685 0.3725 0.01125 0.025
0 0.67375 0.37375 0.01 0.0225
0 0.63875 0.46125 0.00875 0.0275
0 0.69875 0.39875 0.0075 0.02625
0 0.725 0.42875 0.01 0.02625
0 0.7625 0.425 0.0075 0.025
0 0.74375 0.425 0.01 0.025
0 0.4425 0.56625 0.03375 0.04
0 0.40125 0.57625 0.045 0.03875
0 0.37 0.63375 0.01875 0.0325
0 0.34875 0.63375 0.02125 0.0325
0 0.32875 0.63875 0.01375 0.04125
0 0.30875 0.64125 0.02 0.035
0 0.28625 0.65 0.0225 0.0375
0 0.26375 0.65 0.025 0.03625
0 0.36875 0.5925 0.01875 0.04625
0 0.34875 0.59375 0.02 0.04375
0 0.32625 0.5975 0.01625 0.04125
0 0.30625 0.59875 0.02125 0.0375
0 0.28375 0.60625 0.02125 0.0475
0 0.26 0.61 0.02625 0.04
0 0.76 0.45125 0.01 0.02375
0 0.75125 0.45125 0.00875 0.02375
0 0.74125 0.4525 0.00875 0.025
0 0.7325 0.4525 0.00625 0.025
0 0.7225 0.455 0.00875 0.0225
0 0.715 0.45375 0.00875 0.0225
0 0.705 0.455 0.0075 0.02625
0 0.62875 0.4625 0.01125 0.02875
0 0.6825 0.45625 0.00875 0.025
0 0.67375 0.4575 0.00875 0.02375
0 0.66375 0.46 0.01 0.0275
0 0.6525 0.46 0.01125 0.02875
0 0.75375 0.425 0.0075 0.0225
0 0.735 0.42625 0.0075 0.02375
0 0.69375 0.45375 0.01 0.02625
0 0.67 0.71875 0.0225 0.02
0 0.64125 0.43125 0.01125 0.0275
0 0.41875 0.4025 0.01875 0.05125
0 0.39875 0.40375 0.01875 0.05125
0 0.37625 0.4025 0.01875 0.05125
0 0.35625 0.4025 0.02 0.05125
0 0.33125 0.4 0.02625 0.05
0 0.30625 0.40125 0.0225 0.055
0 0.285 0.4 0.02 0.0575
0 0.44 0.4025 0.01875 0.05125
0 0.77375 0.28875 0.015 0.07875
0 0.73875 0.2825 0.02 0.0875
0 0.72 0.2825 0.01625 0.0875
0 0.7025 0.27875 0.02 0.0925
0 0.67875 0.27875 0.02375 0.09
0 0.65875 0.27375 0.01625 0.09875
0 0.635 0.27 0.02875 0.0925
0 0.61125 0.26375 0.02 0.095
0 0.75625 0.28875 0.015 0.0775
0 0.58375 0.26375 0.0375 0.09625
0 0.26 0.3575 0.02375 0.03125
0 0.30875 0.3575 0.0225 0.03
0 0.2625 0.46625 0.02125 0.08875
0 0.2375 0.46625 0.025 0.08875
0 0.56125 0.38375 0.015 0.055
0 0.54625 0.3825 0.015 0.0575
0 0.52875 0.3825 0.01875 0.05875
0 0.5125 0.3825 0.01375 0.05875
0 0.49625 0.385 0.015 0.0625
0 0.285 0.3575 0.0225 0.02875
0 0.48125 0.38375 0.0125 0.06125
0 0.455 0.3825 0.01 0.06375
0 0.4325 0.36375 0.01375 0.02625
0 0.41625 0.3625 0.0175 0.02625
0 0.39625 0.36125 0.02 0.025
0 0.37625 0.36 0.01875 0.02875
0 0.355 0.35875 0.02 0.0275
0 0.33125 0.35875 0.0225 0.02875
0 0.4675 0.3825 0.01125 0.0625
0 0.60125 0.4625 0.015 0.0275
0 0.5525 0.2575 0.02375 0.11
0 0.49 0.2475 0.0275 0.115
0 0.555 0.445 0.015 0.0625
0 0.58125 0.37125 0.015 0.0275
0 0.595 0.37125 0.01 0.0275
0 0.60625 0.37125 0.01 0.02875
0 0.61625 0.3725 0.00875 0.02625
0 0.62875 0.3725 0.01375 0.02625
0 0.64125 0.3725 0.00875 0.02625
0 0.54125 0.44625 0.0125 0.06375
0 0.65125 0.3725 0.0125 0.02625
0 0.6025 0.4025 0.0175 0.0275
0 0.61875 0.40125 0.01125 0.0275
0 0.63 0.4025 0.01125 0.0275
0 0.6425 0.4025 0.01125 0.0275
0 0.6025 0.4325 0.015 0.0275
0 0.61625 0.4325 0.01125 0.0275
0 0.64625 0.72375 0.02 0.02625
0 0.6625 0.3725 0.0075 0.02625
0 0.52125 0.25375 0.03375 0.10375
0 0.52625 0.44625 0.015 0.065
0 0.49125 0.4525 0.015 0.07375
0 0.45625 0.245 0.03625 0.11
0 0.4225 0.2425 0.03 0.11375
0 0.3825 0.23875 0.04375 0.10375
0 0.34125 0.23125 0.04125 0.12
0 0.3 0.23 0.04125 0.11875
0 0.255 0.2225 0.0375 0.13375
0 0.28625 0.47375 0.0225 0.06375
0 0.50875 0.4475 0.02 0.0625
0 0.30875 0.47375 0.02125 0.06375
0 0.3575 0.47125 0.02125 0.06125
0 0.3775 0.47 0.01875 0.0625
0 0.39875 0.4675 0.01875 0.0575
0 0.4175 0.4675 0.01875 0.05625
0 0.4375 0.46625 0.02125 0.05625
0 0.45875 0.45375 0.015 0.07625
0 0.47375 0.45375 0.015 0.07625
0 0.33375 0.47125 0.02375 0.06125
0 0.61625 0.4625 0.01 0.02875
0 0.62875 0.43375 0.01125 0.0275
0 0.53125 0.665 0.04 0.0225
0 0.445 0.61125 0.0375 0.03375
0 0.48125 0.60375 0.03125 0.03375
0 0.51375 0.5575 0.03375 0.0325
0 0.39 0.78625 0.0375 0.0275
0 0.39125 0.825 0.0375 0.02625
0 0.5925 0.64625 0.0225 0.0225
0 0.56625 0.755 0.02625 0.02375
0 0.4025 0.62 0.0425 0.03375
0 0.56375 0.7225 0.02375 0.025
0 0.56625 0.655 0.02375 0.025
0 0.43125 0.69125 0.0375 0.02875
0 0.53625 0.77125 0.03125 0.0225
0 0.53125 0.69625 0.04125 0.02875
0 0.43 0.73125 0.035 0.0275
0 0.54625 0.5525 0.0275 0.0325
0 0.51625 0.59625 0.035 0.03125
0 0.56625 0.68625 0.025 0.02625
0 0.54875 0.58875 0.03 0.0325
0 0.39125 0.74375 0.03875 0.02625
0 0.64375 0.63125 0.02125 0.02125
0 0.33875 0.71625 0.06125 0.025
0 0.33875 0.755 0.05625 0.0325
0 0.33875 0.7975 0.06125 0.03625
0 0.34 0.84125 0.0625 0.03375
0 0.39125 0.7025 0.04125 0.02875
0 0.71875 0.6425 0.01875 0.0225
0 0.75 0.6325 0.0375 0.0175
0 0.62 0.6375 0.02375 0.02125
0 0.6975 0.64875 0.02 0.02125
0 0.64375 0.66125 0.0225 0.0225
0 0.6175 0.6675 0.02375 0.0225
0 0.5925 0.67625 0.0225 0.0225
0 0.74875 0.605 0.03875 0.01625
0 0.7175 0.6125 0.01625 0.02
0 0.69625 0.6175 0.01875 0.025
0 0.67125 0.625 0.0275 0.02
0 0.67 0.65625 0.02625 0.0225
0 0.58125 0.5825 0.03 0.035
0 0.53625 0.73375 0.02875 0.02375
0 0.61 0.58 0.02625 0.03
0 0.7475 0.6625 0.03625 0.015
0 0.71875 0.67375 0.02 0.02125
0 0.69625 0.68 0.02375 0.02125
0 0.67 0.68625 0.02375 0.02125
0 0.6025 0.5425 0.04 0.035
0 0.50125 0.785 0.0325 0.0225
0 0.50125 0.74875 0.03375 0.0275
0 0.4275 0.77125 0.0375 0.025
0 0.43 0.81125 0.03875 0.025
0 0.47 0.6825 0.03375 0.02875
0 0.59 0.71 0.0225 0.02
0 0.6175 0.70125 0.02625 0.025
0 0.4675 0.72 0.035 0.0275
0 0.46625 0.75875 0.03625 0.0275
0 0.4675 0.79875 0.0325 0.02125
0 0.595 0.7425 0.02375 0.0275
0 0.62125 0.73375 0.02625 0.02625
0 0.64375 0.69375 0.025 0.02125
0 0.71625 0.70125 0.01875 0.0175
0 0.63625 0.57375 0.0225 0.02625
0 0.65875 0.5675 0.02125 0.0275
0 0.7475 0.69125 0.03625 0.0125
0 0.70125 0.5275 0.035 0.0275
0 0.73 0.52375 0.02125 0.025
0 0.75125 0.52 0.01875 0.02625
0 0.77125 0.51625 0.01875 0.025
0 0.7075 0.5575 0.0225 0.0225
0 0.6825 0.5625 0.0225 0.0275
0 0.7475 0.55 0.0175 0.02625
0 0.73 0.55375 0.0175 0.025
0 0.6925 0.71125 0.01875 0.01875
0 0.24375 0.8775 0.05 0.03125
0 0.24375 0.83125 0.04875 0.0325
0 0.47875 0.5625 0.0375 0.0375
0 0.24125 0.7775 0.04375 0.0525
0 0.7675 0.54625 0.01875 0.0225