0 0.68375 0.7075 0.03625 0.0625
0 0.44625 0.695 0.02375 0.07875
0 0.64 0.70375 0.0375 0.06875
0 0.5975 0.7075 0.03375 0.065
0 0.55875 0.705 0.03 0.0625
0 0.5175 0.71625 0.0325 0.03625
0 0.47875 0.695 0.03125 0.07625
0 0.2675 0.69 0.03 0.08375
0 0.37375 0.7 0.035 0.0725
0 0.3375 0.69 0.025 0.09
0 0.3025 0.6875 0.03375 0.085
0 0.235 0.6875 0.03 0.085
0 0.19875 0.71375 0.03625 0.03375
0 0.19875 0.67125 0.0325 0.04625
0 0.87125 0.58375 0.00625 0.095
0 0.72375 0.7075 0.0375 0.0675
0 0.41375 0.6975 0.035 0.07625
0 0.77 0.71875 0.03625 0.05125
0 0.25875 0.875 0.05125 0.02625
0 0.81375 0.71 0.0375 0.06875
0 0.86125 0.83625 0.0275 0.145
0 0.82 0.84 0.05 0.14125
0 0.77 0.8375 0.04 0.14125
0 0.69875 0.84125 0.095 0.1425
0 0.61625 0.83875 0.0475 0.12
0 0.56375 0.835 0.05 0.125
0 0.50875 0.84 0.04625 0.1225
0 0.44 0.87125 0.05 0.0175
0 0.43875 0.8475 0.05 0.02125
0 0.405 0.8325 0.00875 0.06625
0 0.39 0.835 0.01125 0.05375
0 0.37375 0.845 0.01375 0.05125
0 0.325 0.8225 0.0675 0.13125
0 0.24875 0.83625 0.03875 0.02375
0 0.2575 0.80125 0.04 0.02125
0 0.19 0.88375 0.05125 0.0175
0 0.19 0.8575 0.0475 0.00875
0 0.1875 0.83 0.045 0.01625
0 0.19875 0.805 0.04875 0.02125
0 0.20625 0.7775 0.04625 0.0175
0 0.855 0.70625 0.03875 0.07875
0 0.76125 0.67 0.03125 0.03125
0 0.85375 0.585 0.01875 0.0975
0 0.19875 0.57375 0.02 0.085
0 0.64875 0.58625 0.02375 0.08625
0 0.64125 0.46375 0.0275 0.07875
0 0.60875 0.465 0.025 0.07625
0 0.58125 0.4725 0.02 0.05875
0 0.5575 0.4625 0.025 0.075
0 0.52875 0.4575 0.0275 0.08125
0 0.49625 0.4575 0.025 0.08
0 0.46375 0.46125 0.02625 0.07625
0 0.43875 0.45875 0.02 0.075
0 0.415 0.46125 0.01875 0.0725
0 0.3825 0.45625 0.0275 0.07625
0 0.35 0.45875 0.02625 0.075
0 0.67125 0.46375 0.025 0.07375
0 0.2625 0.45 0.03125 0.08125
0 0.18375 0.4825 0.02875 0.01375
0 0.8425 0.34 0.05 0.07375
0 0.7875 0.3475 0.04625 0.05125
0 0.74875 0.33375 0.0275 0.08625
0 0.71 0.3325 0.04125 0.085
0 0.67375 0.33875 0.02375 0.075
0 0.65 0.3375 0.01625 0.07
0 0.63125 0.3375 0.01125 0.06875
0 0.61 0.33375 0.0275 0.0725
0 0.58125 0.34375 0.0175 0.0575
0 0.82875 0.58375 0.025 0.0925
0 0.2225 0.45 0.03875 0.07625
0 0.71875 0.46625 0.02625 0.0825
0 0.75375 0.4675 0.02875 0.07875
0 0.78875 0.46625 0.035 0.0825
0 0.80375 0.58375 0.02 0.0925
0 0.7825 0.58375 0.0175 0.0925
0 0.76 0.5825 0.02125 0.0925
0 0.735 0.58625 0.01875 0.09
0 0.70875 0.585 0.0275 0.08375
0 0.67875 0.595 0.02625 0.065
0 0.6225 0.58 0.02 0.09
0 0.59625 0.5775 0.0225 0.09375
0 0.57125 0.575 0.02375 0.10125
0 0.5425 0.57625 0.0225 0.09875
0 0.51625 0.56875 0.02 0.0925
0 0.48875 0.5925 0.02625 0.06125
0 0.46 0.59375 0.02375 0.06
0 0.4225 0.5725 0.03625 0.02375
0 0.41875 0.60875 0.045 0.02375
0 0.37375 0.5975 0.0325 0.05125
0 0.34125 0.585 0.0175 0.07125
0 0.3175 0.58625 0.01875 0.06875
0 0.295 0.58375 0.0225 0.07
0 0.26875 0.58 0.02125 0.07625
0 0.245 0.57375 0.01875 0.0825
0 0.22375 0.5775 0.02125 0.075
0 0.1725 0.5725 0.03 0.08125
0 0.8675 0.47125 0.015 0.0775
0 0.83375 0.4675 0.045 0.07875
0 0.49375 0.3325 0.02875 0.075
0 0.46375 0.33125 0.02625 0.065
0 0.55625 0.32625 0.02375 0.08125
0 0.40375 0.31625 0.04375 0.09625
0 0.43875 0.32 0.01625 0.0925
0 0.16875 0.08 0.0675 0.03625
0 0.16375 0.15625 0.06125 0.10875
0 0.23 0.2 0.03375 0.0275
0 0.26875 0.1975 0.04 0.03375
0 0.39125 0.2025 0.04 0.035
0 0.47625 0.17875 0.05 0.08
0 0.51375 0.18875 0.02125 0.0775
0 0.54375 0.18875 0.02625 0.07375
0 0.5775 0.18625 0.03125 0.0825
0 0.6125 0.185 0.03125 0.085
0 0.6475 0.18625 0.035 0.0875
0 0.33125 0.16125 0.0725 0.1075
0 0.73625 0.185 0.03375 0.09
0 0.36 0.34125 0.035 0.0475
0 0.6925 0.18625 0.04125 0.0875
0 0.3275 0.32375 0.02 0.075
0 0.305 0.3175 0.01875 0.08625
0 0.25 0.31625 0.02375 0.0875
0 0.27875 0.32125 0.02375 0.07625
0 0.1925 0.3075 0.03 0.09625
0 0.165 0.325 0.0225 0.0675
0 0.8625 0.18625 0.02375 0.1
0 0.82125 0.18375 0.05 0.09875
0 0.77375 0.19 0.03 0.09125
0 0.225 0.31625 0.0225 0.08875