0 0.145 0.41625 0.01625 0.1
0 0.59125 0.4325 0.0125 0.095
0 0.62125 0.4375 0.0125 0.1
0 0.16 0.41875 0.01125 0.10625
0 0.65375 0.43875 0.0125 0.10125
0 0.63875 0.44 0.01 0.09875
0 0.67 0.4375 0.01375 0.105
0 0.71875 0.43875 0.0125 0.11
0 0.70375 0.4375 0.0125 0.1075
0 0.73875 0.4375 0.025 0.10125
0 0.785 0.43625 0.01125 0.09
0 0.17875 0.41625 0.0175 0.105
0 0.6875 0.44375 0.01125 0.10375
0 0.76875 0.435 0.0125 0.09375
0 0.28125 0.44375 0.025 0.05
0 0.215 0.42375 0.01125 0.1025
0 0.23 0.41625 0.01125 0.105
0 0.24625 0.41625 0.01375 0.1025
0 0.4025 0.4275 0.04125 0.105
0 0.4425 0.4225 0.01875 0.10125
0 0.4675 0.4225 0.015 0.10375
0 0.48125 0.42 0.00875 0.10625
0 0.4925 0.42125 0.0075 0.10625
0 0.5025 0.4225 0.0075 0.10625
0 0.5725 0.425 0.01125 0.1
0 0.5575 0.42375 0.0125 0.09875
0 0.53125 0.4225 0.02125 0.1025
0 0.51125 0.425 0.0075 0.1
0 0.80625 0.435 0.00875 0.0925
0 0.19875 0.4225 0.01375 0.10125
0 0.98875 0.45 0.02125 0.08625
0 0.66375 0.56875 0.015 0.0925
0 0.9425 0.45125 0.01625 0.09375
0 0.95125 0.17 0.02125 0.09
0 0.915 0.17 0.02125 0.09
0 0.89 0.17 0.02125 0.09
0 0.86125 0.16125 0.01625 0.0725
0 0.03 0.28375 0.05875 0.02375
0 0.07875 0.285 0.0225 0.02375
0 0.05375 0.3875 0.0275 0.07375
0 0.085 0.33 0.05375 0.02125
0 0.98875 0.17 0.02125 0.09
0 0.05625 0.5575 0.0225 0.10125
0 0.0675 0.66125 0.0475 0.055
0 0.11625 0.66125 0.04625 0.05125
0 0.155 0.65875 0.02625 0.06
0 0.1825 0.6575 0.025 0.0625
0 0.21125 0.65875 0.02625 0.06125
0 0.23625 0.645 0.01875 0.0825
0 0.26 0.645 0.02125 0.0875
0 0.2925 0.65125 0.02875 0.06
0 0.0625 0.455 0.02 0.05625
0 0.5475 0.28625 0.00875 0.105
0 0.085 0.2575 0.02375 0.02625
0 0.0875 0.2275 0.02125 0.0275
0 0.5975 0.28875 0.01125 0.115
0 0.5275 0.285 0.01375 0.11125
0 0.49 0.28125 0.01125 0.10875
0 0.505 0.2825 0.01625 0.1125
0 0.40875 0.27875 0.01625 0.10875
0 0.43875 0.2825 0.02 0.11375
0 0.4675 0.285 0.0225 0.1175
0 0.34125 0.27625 0.01375 0.10875
0 0.3575 0.2775 0.01375 0.1125
0 0.38875 0.2775 0.00875 0.10875
0 0.31625 0.2775 0.0175 0.11
0 0.24375 0.2725 0.01625 0.11375
0 0.27 0.2725 0.0125 0.1175
0 0.28625 0.2725 0.015 0.1175
0 0.19 0.2775 0.02 0.10875
0 0.16 0.2725 0.02 0.09875
0 0.12875 0.2725 0.025 0.11
0 0.03375 0.22875 0.06625 0.025
0 0.0275 0.2575 0.055 0.02125
0 0.32375 0.6525 0.02375 0.06125
0 0.3475 0.6425 0.01875 0.08
0 0.39625 0.65 0.025 0.07875
0 0.4225 0.65 0.02 0.08
0 0.64 0.29 0.0125 0.10375
0 0.655 0.29 0.01125 0.1
0 0.615 0.29 0.01125 0.1125
0 0.72375 0.2925 0.00875 0.105
0 0.71 0.29375 0.01 0.10625
0 0.74 0.295 0.01 0.1
0 0.77125 0.3 0.01 0.095
0 0.80625 0.30625 0.01375 0.0975
0 0.82375 0.29625 0.01625 0.1
0 0.9575 0.30375 0.03125 0.105
0 0.905 0.305 0.03375 0.0975
0 0.845 0.305 0.02125 0.1075
0 0.87125 0.30375 0.02375 0.10625
0 0.9925 0.30625 0.015 0.10375
0 0.67625 0.28875 0.02125 0.1075
0 0.88 0.445 0.0225 0.09625
0 0.825 0.44 0.015 0.09
0 0.84875 0.43875 0.01375 0.08875
0 0.91875 0.44625 0.01875 0.09375
0 0.62625 0.29125 0.00875 0.1025
0 0.96125 0.4525 0.01125 0.09875
0 0.7575 0.62125 0.08875 0.015
0 0.75375 0.56625 0.01375 0.0875
0 0.365 0.64125 0.00875 0.07875
0 0.3775 0.6475 0.01125 0.08125
0 0.45125 0.65 0.0225 0.08
0 0.475 0.64875 0.0175 0.08125
0 0.5 0.65 0.01875 0.07875
0 0.5225 0.65 0.01875 0.08125
0 0.54875 0.64875 0.02125 0.0825
0 0.57375 0.6525 0.02625 0.08
0 0.695 0.575 0.0175 0.1
0 0.31625 0.4475 0.0275 0.0575
0 0.59375 0.5625 0.01125 0.0825
0 0.6125 0.56125 0.0125 0.07875
0 0.64 0.56625 0.01375 0.09125
0 0.9625 0.58125 0.0225 0.09375
0 0.99 0.57625 0.02 0.0875
0 0.9225 0.5725 0.0225 0.085
0 0.8825 0.57875 0.025 0.09375
0 0.82375 0.57375 0.0175 0.09125
0 0.84875 0.57625 0.02625 0.09625
0 0.77625 0.565 0.01625 0.08125
0 0.58375 0.28625 0.01125 0.11875
0 0.56 0.28625 0.0125 0.10375
0 0.5 0.7975 0.02625 0.055
0 0.37125 0.7725 0.07375 0.01625
0 0.29 0.815 0.08625 0.01875
0 0.28875 0.7975 0.08625 0.015
0 0.28875 0.77875 0.08625 0.01875
0 0.20125 0.815 0.0875 0.01875
0 0.2 0.79625 0.085 0.01625
0 0.37125 0.7925 0.07375 0.02
0 0.2 0.7775 0.08625 0.01875
0 0.1175 0.79125 0.025 0.05875
0 0.09375 0.7925 0.01625 0.05625
0 0.05625 0.78875 0.0525 0.06875
0 0.0125 0.78625 0.025 0.07
0 0.3625 0.4425 0.01375 0.065
0 0.34375 0.4425 0.015 0.06
0 0.14375 0.78375 0.02 0.08125
0 0.4475 0.815 0.07375 0.01875
0 0.3725 0.815 0.07375 0.02
0 0.4475 0.79375 0.07375 0.02
0 0.6625 0.36 0.0975 0.01375
0 0.53 0.35625 0.09625 0.0125
0 0.98375 0.7775 0.03125 0.10125
0 0.9425 0.7775 0.045 0.1
0 0.89625 0.78 0.0375 0.09875
0 0.85 0.7775 0.04625 0.10125
0 0.4475 0.7725 0.0725 0.01875
0 0.76625 0.78 0.03625 0.0975
0 0.80625 0.78 0.03875 0.095
0 0.67875 0.77875 0.04125 0.0975
0 0.63125 0.7775 0.04625 0.09875
0 0.585 0.78 0.04375 0.1
0 0.5475 0.78625 0.0225 0.0775
0 0.52375 0.79 0.01875 0.07
0 0.72375 0.7775 0.0425 0.105
0 0.2575 0.34875 0.11 0.0125