0 0.7725 0.88 0.05875 0.05125
0 0.51125 0.10375 0.0775 0.03875
0 0.51125 0.05375 0.07625 0.04625
0 0.49375 0.91625 0.06875 0.02875
0 0.565 0.91625 0.05875 0.0275
0 0.56125 0.8775 0.06 0.04625
0 0.5975 0.045 0.0825 0.045
0 0.69875 0.87625 0.05625 0.04125
0 0.595 0.10125 0.0775 0.04875
0 0.77625 0.03 0.08125 0.05
0 0.7675 0.08875 0.08125 0.04875
0 0.62875 0.87625 0.06625 0.04375
0 0.8475 0.07375 0.055 0.05
0 0.8475 0.20375 0.055 0.045
0 0.84875 0.16625 0.0525 0.02625
0 0.775 0.165 0.085 0.0425
0 0.685 0.035 0.08625 0.0425
0 0.68125 0.09 0.08125 0.05375
0 0.155 0.12875 0.0425 0.06
0 0.16875 0.2525 0.0375 0.05375
0 0.21125 0.08 0.05 0.04125
0 0.26625 0.07625 0.04375 0.0425
0 0.31875 0.07125 0.05375 0.04125
0 0.3225 0.1175 0.0475 0.0325
0 0.51875 0.3475 0.05 0.03875
0 0.2075 0.13 0.05 0.03625
0 0.3825 0.07375 0.04625 0.04125
0 0.38125 0.11625 0.04875 0.03
0 0.4425 0.1125 0.05875 0.0325
0 0.16 0.35375 0.04625 0.0625
0 0.17875 0.4625 0.04625 0.065
0 0.23625 0.4675 0.05 0.0275
0 0.2325 0.43 0.05 0.0325
0 0.4925 0.8725 0.06875 0.0475
0 0.29375 0.46875 0.05 0.0325
0 0.29 0.43 0.05125 0.02875
0 0.34875 0.47 0.05125 0.03
0 0.44 0.065 0.05375 0.045
0 0.14 0.46375 0.02625 0.0675
0 0.4175 0.91 0.0725 0.025
0 0.69125 0.17125 0.07375 0.03375
0 0.3425 0.90375 0.07 0.03125
0 0.3375 0.24 0.0575 0.03625
0 0.22 0.2475 0.0475 0.03625
0 0.215 0.32125 0.04875 0.045
0 0.275 0.3175 0.05125 0.0425
0 0.335 0.315 0.055 0.04
0 0.3925 0.31 0.05125 0.0325
0 0.45625 0.30625 0.055 0.0375
0 0.52 0.3025 0.05625 0.03625
0 0.585 0.29875 0.05875 0.04
0 0.64875 0.295 0.05375 0.04375
0 0.7125 0.3 0.05625 0.04125
0 0.7775 0.29625 0.06375 0.04875
0 0.22125 0.365 0.0475 0.03875
0 0.2775 0.3625 0.05125 0.03125
0 0.33375 0.36 0.05125 0.035
0 0.4 0.35375 0.05 0.04
0 0.46 0.35 0.05125 0.0375
0 0.275 0.24375 0.05125 0.03625
0 0.2675 0.20125 0.05 0.03875
0 0.32625 0.1975 0.0575 0.045
0 0.4 0.235 0.0525 0.03375
0 0.26375 0.9 0.07125 0.0375
0 0.1975 0.88125 0.045 0.06375
0 0.15 0.88125 0.0425 0.0625
0 0.77625 0.21375 0.075 0.0375
0 0.83875 0.33 0.05125 0.04375
0 0.84 0.285 0.04875 0.02875
0 0.7775 0.34375 0.05125 0.04
0 0.71375 0.345 0.05875 0.0375
0 0.415 0.87125 0.07 0.04125
0 0.645 0.34375 0.0525 0.04625
0 0.6925 0.21625 0.07375 0.0425
0 0.61 0.175 0.07125 0.0325
0 0.61125 0.22625 0.07375 0.05375
0 0.53125 0.18 0.075 0.03625
0 0.5325 0.225 0.0725 0.05
0 0.4575 0.19 0.055 0.04375
0 0.4625 0.235 0.05 0.03375
0 0.39 0.19 0.05875 0.04
0 0.34625 0.43125 0.04875 0.035
0 0.4075 0.4625 0.045 0.03375
0 0.26625 0.12375 0.05 0.0375
0 0.465 0.4625 0.05 0.0375
0 0.61625 0.64375 0.06875 0.03125
0 0.685 0.68375 0.07125 0.02875
0 0.68625 0.64375 0.0625 0.04125
0 0.75625 0.6825 0.06625 0.03125
0 0.75625 0.6425 0.07125 0.03625
0 0.835 0.665 0.07875 0.05625
0 0.8225 0.80125 0.04625 0.04125
0 0.61625 0.68375 0.06625 0.03375
0 0.82625 0.7525 0.05 0.04
0 0.4 0.42375 0.04375 0.03125
0 0.765 0.7575 0.05625 0.04875
0 0.6975 0.7625 0.05625 0.04375
0 0.695 0.80375 0.05625 0.03375
0 0.62375 0.8075 0.0575 0.03375
0 0.625 0.76125 0.06875 0.0425
0 0.555 0.7575 0.0525 0.04
0 0.76625 0.81125 0.055 0.04
0 0.5475 0.6425 0.05625 0.035
0 0.54875 0.68125 0.055 0.03
0 0.4775 0.64 0.0725 0.0275
0 0.46125 0.53125 0.05125 0.0325
0 0.3975 0.53125 0.04625 0.0275
0 0.34375 0.535 0.0475 0.0375
0 0.29125 0.575 0.04875 0.04125
0 0.2875 0.53375 0.05 0.0375
0 0.23625 0.5725 0.045 0.035
0 0.2325 0.53375 0.0475 0.04125
0 0.13875 0.56125 0.025 0.07
0 0.1775 0.5575 0.04 0.06375
0 0.1875 0.66375 0.05 0.06
0 0.14125 0.66375 0.03125 0.06375
0 0.33 0.675 0.07625 0.03125
0 0.34 0.64875 0.06875 0.01375
0 0.2575 0.64625 0.0525 0.015
0 0.255 0.675 0.0625 0.0325
0 0.40625 0.6725 0.06625 0.03875
0 0.48375 0.6775 0.07 0.03125
0 0.55625 0.8025 0.05125 0.0325
0 0.48625 0.8025 0.07375 0.03375
0 0.58625 0.345 0.055 0.04
0 0.48375 0.75875 0.07125 0.045
0 0.77625 0.575 0.06 0.03875
0 0.775 0.52625 0.07125 0.0375
0 0.41375 0.8 0.05625 0.0325
0 0.70625 0.9225 0.055 0.03625
0 0.7025 0.53375 0.06 0.04
0 0.6375 0.52875 0.05375 0.03125
0 0.5775 0.57375 0.055 0.04625
0 0.64 0.57125 0.05125 0.045
0 0.515 0.5725 0.05 0.0375
0 0.515 0.5325 0.05 0.0325
0 0.46375 0.5725 0.0475 0.0425
0 0.405 0.57 0.05 0.035
0 0.345 0.575 0.0425 0.035
0 0.84125 0.8775 0.06625 0.04375
0 0.8425 0.925 0.055 0.04
0 0.635 0.91875 0.06125 0.03375
0 0.575 0.52875 0.05625 0.03375
0 0.8475 0.525 0.055 0.03875
0 0.705 0.5775 0.06 0.03375
0 0.84125 0.44625 0.05 0.05125
0 0.415 0.76 0.0625 0.04125
0 0.3425 0.78875 0.07 0.05125
0 0.27 0.7825 0.0625 0.0475
0 0.2 0.77 0.05875 0.06625
0 0.1475 0.76875 0.0375 0.0625
0 0.4525 0.42 0.0525 0.0275
0 0.52125 0.46125 0.05375 0.03625
0 0.5175 0.41875 0.05875 0.0325
0 0.57875 0.46 0.055 0.0425
0 0.77625 0.92625 0.055 0.0325
0 0.8475 0.57 0.05375 0.03875
0 0.58 0.415 0.05125 0.03
0 0.645 0.415 0.05625 0.03125
0 0.71 0.46375 0.0625 0.03375
0 0.71125 0.42 0.06625 0.03875
0 0.7775 0.46375 0.0625 0.04375
0 0.77875 0.41375 0.06125 0.04125
0 0.645 0.45875 0.05125 0.04375