0 0.27375 0.15875 0.04625 0.0825
0 0.7475 0.84875 0.03 0.0225
0 0.40875 0.4875 0.0425 0.08625
0 0.455 0.48875 0.05 0.08375
0 0.75 0.885 0.03375 0.025
0 0.3325 0.1575 0.06375 0.09
0 0.4925 0.15875 0.0375 0.085
0 0.4075 0.165 0.0225 0.07125
0 0.4325 0.16625 0.025 0.07125
0 0.45875 0.16375 0.0275 0.075
0 0.71375 0.86125 0.03375 0.025
0 0.54625 0.1925 0.06375 0.0175
0 0.54875 0.1675 0.06125 0.02875
0 0.59625 0.15625 0.0325 0.08875
0 0.38125 0.16375 0.025 0.075
0 0.71375 0.89 0.03375 0.025
0 0.8125 0.58875 0.04875 0.09125
0 0.6375 0.86125 0.03375 0.0275
0 0.6475 0.19125 0.06125 0.0225
0 0.33 0.375 0.04125 0.09375
0 0.19875 0.43125 0.06625 0.0675
0 0.145 0.43 0.03875 0.06375
0 0.18125 0.50125 0.075 0.06875
0 0.2625 0.48625 0.02375 0.08
0 0.67625 0.86375 0.03125 0.0225
0 0.2925 0.485 0.0325 0.0925
0 0.36375 0.485 0.04375 0.08875
0 0.845 0.77125 0.0475 0.07125
0 0.725 0.585 0.0275 0.08375
0 0.7625 0.58875 0.04 0.09125
0 0.63875 0.89 0.03875 0.02625
0 0.67625 0.89 0.03625 0.02625
0 0.32625 0.48375 0.03125 0.09
0 0.64875 0.1675 0.05875 0.02125
0 0.7175 0.1825 0.025 0.04
0 0.74625 0.15625 0.02625 0.085
0 0.7075 0.68375 0.04 0.0675
0 0.74625 0.68 0.04 0.07375
0 0.7825 0.67875 0.0275 0.06125
0 0.81625 0.68 0.04 0.05875
0 0.80875 0.26875 0.02875 0.08875
0 0.77375 0.265 0.0325 0.09375
0 0.20375 0.795 0.06625 0.06
0 0.66625 0.6825 0.03875 0.06625
0 0.19875 0.87125 0.0675 0.0625
0 0.30375 0.89625 0.03125 0.01875
0 0.28875 0.83625 0.03125 0.01875
0 0.32 0.83625 0.03125 0.01875
0 0.33375 0.89 0.0225 0.03125
0 0.3625 0.89 0.03 0.03625
0 0.39375 0.89 0.03125 0.03625
0 0.4225 0.89 0.025 0.03625
0 0.26875 0.8975 0.03125 0.01875
0 0.44875 0.89 0.025 0.03625
0 0.61375 0.6825 0.065 0.06625
0 0.48 0.68375 0.06375 0.06875
0 0.29125 0.3725 0.035 0.0975
0 0.6325 0.37875 0.0475 0.0925
0 0.58625 0.38 0.045 0.08875
0 0.54 0.37625 0.04 0.095
0 0.5025 0.37625 0.0325 0.095
0 0.4675 0.3775 0.03625 0.0925
0 0.425 0.38 0.045 0.09125
0 0.545 0.68375 0.06375 0.0675
0 0.37625 0.37875 0.045 0.08875
0 0.19375 0.3225 0.0725 0.07625
0 0.8375 0.2675 0.02625 0.085
0 0.495 0.58875 0.0325 0.09375
0 0.53 0.58875 0.03 0.09
0 0.28125 0.685 0.06875 0.06375
0 0.34875 0.68375 0.06375 0.07
0 0.41375 0.68375 0.065 0.07
0 0.255 0.375 0.03375 0.09875
0 0.47375 0.89 0.02375 0.03125
0 0.5 0.88875 0.02375 0.03125
0 0.5275 0.88875 0.02375 0.03125
0 0.4675 0.77625 0.03875 0.0625
0 0.50625 0.76375 0.03625 0.06125
0 0.54375 0.765 0.03875 0.06125
0 0.585 0.775 0.04 0.0625
0 0.625 0.77375 0.03875 0.06625
0 0.66375 0.775 0.03875 0.06625
0 0.71625 0.7625 0.04125 0.06125
0 0.42875 0.775 0.03625 0.06875
0 0.7575 0.7625 0.03875 0.065
0 0.31875 0.265 0.0375 0.095
0 0.2825 0.265 0.035 0.09375
0 0.24875 0.2625 0.03125 0.0975
0 0.8625 0.16375 0.02375 0.08125
0 0.835 0.15625 0.02875 0.0925
0 0.80125 0.155 0.03 0.09
0 0.77375 0.15875 0.025 0.0825
0 0.79875 0.7625 0.04 0.065
0 0.3125 0.775 0.03875 0.06375
0 0.27375 0.77125 0.035 0.0675
0 0.5525 0.84375 0.0225 0.03375
0 0.55375 0.88875 0.02375 0.03125
0 0.58125 0.8875 0.02375 0.03125
0 0.60625 0.88625 0.02375 0.03125
0 0.42875 0.835 0.025 0.0225
0 0.475 0.85625 0.0275 0.0325
0 0.50125 0.84125 0.0225 0.0325
0 0.73625 0.26375 0.035 0.1
0 0.66125 0.27125 0.03625 0.0825
0 0.6225 0.26875 0.04 0.0875
0 0.58125 0.27 0.03875 0.09125
0 0.54 0.26625 0.03625 0.09875
0 0.5025 0.265 0.035 0.09875
0 0.46625 0.2675 0.03375 0.095
0 0.42875 0.2675 0.04 0.095
0 0.39 0.26625 0.035 0.09375
0 0.355 0.265 0.0325 0.095
0 0.5275 0.84375 0.0225 0.0325
0 0.5175 0.485 0.035 0.09125
0 0.55125 0.48125 0.03 0.085
0 0.3875 0.77375 0.04 0.0675
0 0.62125 0.4825 0.04125 0.08875
0 0.7475 0.8275 0.0325 0.015
0 0.86 0.37125 0.0275 0.09875
0 0.82875 0.375 0.035 0.09375
0 0.58375 0.4825 0.0325 0.085
0 0.7875 0.375 0.0375 0.0925
0 0.74875 0.37625 0.0375 0.0925
0 0.71 0.37375 0.035 0.095
0 0.86125 0.88875 0.02625 0.02125
0 0.81875 0.8525 0.03375 0.02125
0 0.8275 0.8875 0.03875 0.02375
0 0.7825 0.85 0.0325 0.02375
0 0.785 0.875 0.03 0.0225
0 0.67375 0.3775 0.03125 0.09
0 0.43625 0.58875 0.03875 0.08625
0 0.7075 0.83 0.03625 0.015
0 0.71375 0.48375 0.0325 0.0925
0 0.745 0.48125 0.02625 0.08875
0 0.7725 0.4825 0.0275 0.085
0 0.85125 0.4825 0.03375 0.08875
0 0.81 0.48375 0.035 0.09125
0 0.18875 0.685 0.07 0.07
0 0.26375 0.5925 0.03375 0.09
0 0.31625 0.6 0.0675 0.07
0 0.3825 0.6 0.0625 0.07
0 0.195 0.60875 0.06875 0.06625
0 0.6775 0.4825 0.03625 0.095