0 0.6375 0.46375 0.05625 0.0325
0 0.46625 0.2425 0.04375 0.02375
0 0.5825 0.46125 0.04625 0.04125
0 0.5825 0.42125 0.04625 0.03
0 0.63625 0.425 0.05875 0.03875
0 0.53 0.4225 0.05 0.03875
0 0.51625 0.2425 0.04875 0.02375
0 0.4725 0.21125 0.05625 0.035
0 0.26875 0.225 0.04625 0.04625
0 0.41625 0.20875 0.05375 0.025
0 0.36375 0.21 0.04875 0.02125
0 0.35 0.23875 0.03875 0.03
0 0.31125 0.225 0.03375 0.0475
0 0.7225 0.46625 0.06375 0.04625
0 0.21625 0.22375 0.05375 0.04625
0 0.7875 0.02 0.06625 0.01625
0 0.78625 0.0375 0.06375 0.01375
0 0.4125 0.23875 0.0575 0.03125
0 0.82375 0.1925 0.0725 0.0375
0 0.29625 0.35875 0.06 0.0425
0 0.59625 0.355 0.065 0.055
0 0.83125 0.235 0.0875 0.0425
0 0.57375 0.235 0.06 0.0375
0 0.7825 0.055 0.05875 0.015
0 0.63625 0.23625 0.0575 0.03625
0 0.6325 0.2 0.05875 0.03
0 0.69375 0.2 0.0575 0.035
0 0.695 0.23625 0.0575 0.035
0 0.75625 0.23375 0.05625 0.03875
0 0.19125 0.31375 0.0625 0.03875
0 0.2525 0.315 0.05625 0.04125
0 0.3125 0.315 0.0575 0.0375
0 0.17875 0.3575 0.0675 0.045
0 0.24 0.36 0.0475 0.0425
0 0.35875 0.3575 0.0575 0.04125
0 0.41875 0.3575 0.05875 0.04375
0 0.48875 0.355 0.06 0.0525
0 0.54 0.35625 0.035 0.05
0 0.6675 0.35875 0.0675 0.045
0 0.7825 0.0725 0.06 0.01625
0 0.67875 0.875 0.03375 0.03
0 0.71875 0.035 0.06375 0.015
0 0.83875 0.89125 0.05625 0.06
0 0.78125 0.89125 0.055 0.0575
0 0.7225 0.87875 0.0425 0.03875
0 0.4375 0.90875 0.04125 0.0275
0 0.4525 0.84375 0.02125 0.0275
0 0.3525 0.86375 0.035 0.025
0 0.395 0.855 0.04125 0.0175
0 0.42625 0.85125 0.0175 0.0225
0 0.72 0.83125 0.03625 0.025
0 0.50125 0.91375 0.0425 0.04
0 0.56 0.86625 0.05875 0.0325
0 0.5625 0.9025 0.05 0.035
0 0.6175 0.86 0.0475 0.03375
0 0.615 0.8975 0.05 0.035
0 0.6525 0.83625 0.0175 0.03375
0 0.6725 0.83875 0.0175 0.03625
0 0.69125 0.83875 0.01625 0.03875
0 0.6525 0.87375 0.01375 0.0325
0 0.50375 0.87875 0.04375 0.0225
0 0.72125 0.0175 0.06375 0.015
0 0.53125 0.46375 0.05125 0.0375
0 0.2425 0.09875 0.09375 0.04
0 0.7175 0.055 0.06375 0.015
0 0.71625 0.0725 0.06375 0.015
0 0.65375 0.015 0.065 0.015
0 0.65375 0.035 0.065 0.015
0 0.65 0.05375 0.065 0.015
0 0.64875 0.0725 0.065 0.015
0 0.84375 0.10625 0.06125 0.0375
0 0.84375 0.07125 0.0575 0.02625
0 0.15625 0.09875 0.06125 0.03875
0 0.78125 0.1025 0.0625 0.0375
0 0.6475 0.1025 0.0625 0.04
0 0.57875 0.1 0.0625 0.045
0 0.5125 0.1 0.06375 0.04
0 0.6725 0.90125 0.05375 0.01875
0 0.45125 0.1025 0.055 0.03625
0 0.44625 0.07375 0.0675 0.0125
0 0.3875 0.1025 0.0675 0.03625
0 0.3225 0.10125 0.05875 0.03625
0 0.71375 0.1025 0.0625 0.0375
0 0.47875 0.46125 0.0475 0.04125
0 0.8325 0.3525 0.085 0.04
0 0.36875 0.46375 0.055 0.0425
0 0.79375 0.75 0.06 0.03625
0 0.85125 0.755 0.0475 0.03125
0 0.8525 0.69375 0.04375 0.035
0 0.85375 0.65625 0.0425 0.03625
0 0.795 0.68875 0.06375 0.04375
0 0.71 0.63375 0.055 0.02625
0 0.7175 0.68 0.0525 0.05125
0 0.6275 0.69125 0.0475 0.04
0 0.5775 0.69125 0.04875 0.035
0 0.52625 0.6875 0.04375 0.04625
0 0.4775 0.67625 0.04625 0.045
0 0.42625 0.6825 0.05 0.035
0 0.43375 0.6425 0.035 0.03625
0 0.79625 0.78625 0.05875 0.03125
0 0.37125 0.69 0.0525 0.04125
0 0.26 0.68125 0.05125 0.03375
0 0.32 0.64375 0.05625 0.0325
0 0.265 0.645 0.05125 0.0325
0 0.21125 0.655 0.035 0.05
0 0.33 0.51875 0.025 0.03125
0 0.3575 0.52 0.02625 0.03125
0 0.30875 0.57875 0.065 0.04
0 0.2525 0.57125 0.04375 0.04125
0 0.195 0.57625 0.06375 0.04625
0 0.3675 0.575 0.045 0.03875
0 0.4225 0.57625 0.0575 0.04125
0 0.4775 0.5725 0.04625 0.03875
0 0.60125 0.57875 0.06125 0.04
0 0.315 0.68125 0.05125 0.035
0 0.71875 0.575 0.04 0.04
0 0.85125 0.78875 0.0475 0.03375
0 0.72875 0.745 0.0625 0.02625
0 0.51875 0.78625 0.04875 0.0275
0 0.4725 0.76 0.035 0.06
0 0.4275 0.77125 0.04625 0.055
0 0.37375 0.77875 0.05 0.04125
0 0.375 0.73875 0.05 0.025
0 0.3175 0.74625 0.05625 0.03375
0 0.3175 0.78375 0.05375 0.0325
0 0.25875 0.74625 0.05625 0.035
0 0.25875 0.78375 0.05625 0.035
0 0.1975 0.74625 0.06 0.03875
0 0.19875 0.785 0.06125 0.035
0 0.2075 0.9075 0.0525 0.02875
0 0.21125 0.88125 0.055 0.02
0 0.72875 0.78125 0.0625 0.03875
0 0.26 0.86875 0.03625 0.02875
0 0.30625 0.90375 0.04125 0.0175
0 0.30375 0.88375 0.04375 0.0175
0 0.30625 0.86 0.05 0.02625
0 0.40875 0.87625 0.04875 0.02125
0 0.42625 0.46625 0.05375 0.04
0 0.35 0.90625 0.04 0.025
0 0.39375 0.9075 0.04125 0.02625
0 0.5175 0.7525 0.045 0.0325
0 0.57125 0.78625 0.045 0.0275
0 0.57375 0.7575 0.04375 0.02875
0 0.62 0.7825 0.0425 0.03125
0 0.6675 0.77 0.04625 0.03375
0 0.665 0.7375 0.0475 0.025
0 0.25875 0.90875 0.04375 0.0275
0 0.66625 0.57875 0.0625 0.03875
0 0.67125 0.6825 0.03125 0.05875
0 0.53625 0.58 0.065 0.04375
0 0.77375 0.58 0.06375 0.04625
0 0.8575 0.4175 0.03375 0.0125
0 0.85875 0.46875 0.0325 0.035
0 0.81125 0.44625 0.05875 0.01
0 0.81375 0.43375 0.0575 0.01
0 0.81 0.4175 0.05625 0.01375
0 0.8125 0.47 0.05625 0.03375
0 0.18125 0.4625 0.0625 0.035
0 0.18 0.425 0.06375 0.0325
0 0.30875 0.46625 0.05625 0.03875
0 0.2475 0.45125 0.0575 0.01625
0 0.24375 0.47375 0.06 0.02125
0 0.25 0.42375 0.05375 0.035
0 0.38375 0.41125 0.05125 0.01625
0 0.86 0.43375 0.03 0.01125
0 0.365 0.43125 0.05375 0.01875
0 0.6025 0.54125 0.06375 0.03
0 0.325 0.42125 0.02375 0.0375
0 0.85875 0.44625 0.03125 0.00875
0 0.83875 0.5825 0.06125 0.04625
0 0.5425 0.53125 0.04625 0.03375