0 0.655 0.74125 0.035 0.04125
0 0.63125 0.79875 0.0225 0.04375
0 0.65875 0.78375 0.03125 0.04375
0 0.69375 0.745 0.025 0.0225
0 0.19875 0.08125 0.03375 0.14125
0 0.7325 0.71125 0.01 0.0775
0 0.62625 0.75625 0.0225 0.03875
0 0.745 0.7025 0.0125 0.0625
0 0.765 0.69625 0.0275 0.07375
0 0.71625 0.72 0.0225 0.06
0 0.8575 0.63 0.03375 0.07625
0 0.58125 0.82375 0.01875 0.06375
0 0.61125 0.80125 0.0125 0.06875
0 0.59875 0.80625 0.01375 0.0775
0 0.5575 0.85 0.03 0.07625
0 0.52875 0.87 0.025 0.0525
0 0.4925 0.88625 0.02625 0.05625
0 0.46875 0.905 0.0225 0.07125
0 0.4375 0.92125 0.03375 0.05875
0 0.3925 0.95375 0.0475 0.0925
0 0.34375 0.95875 0.04625 0.0825
0 0.8225 0.50875 0.045 0.05
0 0.80375 0.65125 0.01 0.0425
0 0.8175 0.64625 0.015 0.06125
0 0.79125 0.6675 0.01625 0.0575
0 0.2625 0.115 0.0725 0.08
0 0.68625 0.47375 0.0175 0.07875
0 0.3475 0.595 0.03875 0.03375
0 0.85875 0.3175 0.01875 0.0175
0 0.865 0.3475 0.01625 0.035
0 0.82875 0.33625 0.03875 0.08125
0 0.785 0.3425 0.0475 0.06875
0 0.7525 0.35 0.01125 0.06375
0 0.74 0.35 0.01125 0.06375
0 0.7125 0.56 0.0125 0.07
0 0.7275 0.36 0.01375 0.0825
0 0.60125 0.625 0.01375 0.02625
0 0.71375 0.36125 0.01375 0.08
0 0.6975 0.36375 0.015 0.08625
0 0.67875 0.36625 0.01375 0.0875
0 0.66375 0.36875 0.01625 0.09375
0 0.64625 0.37375 0.0175 0.08625
0 0.6225 0.3775 0.02125 0.0925
0 0.69875 0.56625 0.0125 0.05625
0 0.59375 0.38375 0.03625 0.08125
0 0.72625 0.55125 0.01625 0.0525
0 0.77625 0.525 0.04125 0.0525
0 0.52125 0.12125 0.02875 0.1075
0 0.5775 0.125 0.02875 0.1075
0 0.6025 0.12625 0.02 0.11
0 0.62 0.1425 0.0175 0.07875
0 0.65875 0.13375 0.05125 0.10375
0 0.7125 0.135 0.055 0.1
0 0.75 0.1525 0.01375 0.0725
0 0.74375 0.53625 0.02 0.0425
0 0.7675 0.155 0.01875 0.06875
0 0.84375 0.16 0.045 0.0825
0 0.14375 0.2825 0.03 0.12625
0 0.185 0.2775 0.05 0.13375
0 0.23 0.27625 0.03875 0.13125
0 0.29875 0.295 0.04875 0.0675
0 0.34375 0.29375 0.04125 0.07
0 0.155 0.07875 0.0525 0.14875
0 0.8 0.15125 0.04 0.0975
0 0.49375 0.13 0.025 0.08875
0 0.5625 0.39375 0.0125 0.085
0 0.515 0.4325 0.01875 0.0375
0 0.6625 0.25875 0.0125 0.07375
0 0.645 0.26 0.01875 0.0925
0 0.625 0.26 0.02 0.0925
0 0.60625 0.26375 0.01625 0.08125
0 0.5875 0.2675 0.02 0.08375
0 0.5675 0.2675 0.0175 0.08125
0 0.53875 0.26375 0.0275 0.07
0 0.675 0.26 0.01 0.07125
0 0.5175 0.31 0.06375 0.01125
0 0.48375 0.2625 0.03 0.07625
0 0.45 0.31625 0.06375 0.0225
0 0.45375 0.26875 0.02625 0.0725
0 0.4275 0.2675 0.0275 0.07375
0 0.40125 0.2725 0.0175 0.10375
0 0.38 0.27 0.025 0.11375
0 0.31375 0.2375 0.03875 0.03875
0 0.51125 0.2625 0.02375 0.07625
0 0.5425 0.41375 0.02625 0.05625
0 0.68625 0.2575 0.0125 0.06625
0 0.72875 0.265 0.0075 0.07375
0 0.4875 0.43375 0.03375 0.03375
0 0.44875 0.43125 0.03625 0.05375
0 0.42125 0.43625 0.01625 0.06
0 0.39875 0.4325 0.0275 0.075
0 0.36125 0.46875 0.0375 0.03375
0 0.3175 0.47 0.05125 0.03125
0 0.365 0.43375 0.04 0.0375
0 0.7175 0.2675 0.01625 0.0675
0 0.31875 0.43625 0.05 0.0325
0 0.2475 0.45125 0.05125 0.115
0 0.18 0.455 0.0525 0.1025
0 0.13875 0.46 0.02625 0.12375
0 0.84 0.25625 0.0425 0.07375
0 0.795 0.25 0.0475 0.0825
0 0.76125 0.25375 0.015 0.06375
0 0.74375 0.25875 0.02125 0.055
0 0.3175 0.3875 0.04125 0.0325
0 0.465 0.12625 0.025 0.0975
0 0.55 0.1225 0.02625 0.1125
0 0.40875 0.145 0.0325 0.04625
0 0.62125 0.61125 0.02375 0.045
0 0.58875 0.64375 0.0125 0.03375
0 0.575 0.65 0.0175 0.06
0 0.55125 0.65375 0.0275 0.05
0 0.48375 0.65625 0.015 0.07375
0 0.46375 0.665 0.0225 0.065
0 0.42875 0.69375 0.0475 0.12125
0 0.37 0.71375 0.06875 0.08
0 0.2925 0.75625 0.04 0.12875
0 0.24625 0.775 0.04375 0.1075
0 0.6425 0.60875 0.01875 0.05
0 0.20625 0.79875 0.03375 0.125
0 0.2725 0.6525 0.08375 0.04125
0 0.8675 0.41625 0.01375 0.06375
0 0.85 0.4175 0.02125 0.05875
0 0.43875 0.11875 0.02375 0.095
0 0.77625 0.44375 0.0475 0.06125
0 0.74375 0.45375 0.01125 0.0725
0 0.7325 0.455 0.00875 0.07
0 0.7225 0.46 0.01 0.08
0 0.71125 0.46375 0.0125 0.07375
0 0.7 0.47 0.00875 0.08625
0 0.165 0.8125 0.0475 0.09625
0 0.66125 0.59 0.0125 0.0475
0 0.81875 0.43125 0.035 0.07
0 0.68375 0.58375 0.01 0.03875
0 0.67375 0.59 0.00875 0.05125
0 0.36625 0.1275 0.04875 0.08125
0 0.32 0.12125 0.0425 0.06875
0 0.42875 0.57125 0.03125 0.025
0 0.46 0.5475 0.02125 0.08
0 0.4825 0.54375 0.02 0.08125
0 0.35125 0.62875 0.04125 0.02875
0 0.39 0.61625 0.0375 0.025
0 0.42875 0.6 0.03 0.02375
0 0.5075 0.52375 0.02375 0.03
0 0.395 0.5825 0.03625 0.03875
0 0.51875 0.5725 0.0425 0.01375
0 0.505 0.55125 0.02375 0.02375
0 0.6575 0.4825 0.01125 0.08125
0 0.635 0.48625 0.015 0.0775
0 0.62375 0.4925 0.00625 0.09125
0 0.6475 0.48375 0.0075 0.08375
0 0.5825 0.51125 0.01875 0.08
0 0.56625 0.51625 0.0125 0.08875
0 0.5475 0.52125 0.02375 0.0775
0 0.6075 0.50125 0.025 0.075
0 0.67125 0.47875 0.0125 0.08875