0 0.68125 0.54 0.0475 0.0775
0 0.84 0.5025 0.03875 0.06125
0 0.86875 0.505 0.0125 0.0625
0 0.73 0.55 0.04625 0.05375
0 0.84125 0.3875 0.0375 0.075
0 0.54875 0.5375 0.04625 0.08625
0 0.4125 0.54 0.04125 0.09
0 0.6425 0.56375 0.02625 0.0375
0 0.50125 0.53375 0.04125 0.09625
0 0.4575 0.54 0.04125 0.08875
0 0.3675 0.53875 0.0425 0.08875
0 0.7525 0.405 0.04375 0.0825
0 0.60625 0.565 0.03 0.03
0 0.7025 0.4075 0.05 0.08375
0 0.2025 0.69125 0.0375 0.0375
0 0.52875 0.40375 0.045 0.09
0 0.4825 0.405 0.03875 0.0825
0 0.43875 0.40125 0.0425 0.09625
0 0.39375 0.40125 0.04 0.0925
0 0.34875 0.39875 0.04 0.09375
0 0.30375 0.4 0.0425 0.09
0 0.25875 0.40125 0.04 0.09
0 0.2 0.54875 0.025 0.07875
0 0.14625 0.55 0.0425 0.075
0 0.1525 0.665 0.055 0.095
0 0.2025 0.65125 0.0325 0.04
0 0.165 0.38375 0.07875 0.12375
0 0.265 0.7825 0.01875 0.0375
0 0.5725 0.405 0.03625 0.08125
0 0.28625 0.78125 0.01875 0.03375
0 0.6075 0.9025 0.04125 0.12
0 0.47125 0.08625 0.03125 0.13
0 0.54625 0.62125 0.0275 0.03125
0 0.55 0.6725 0.03375 0.0675
0 0.51 0.655 0.035 0.10375
0 0.47375 0.6575 0.0325 0.1
0 0.435 0.66 0.035 0.0975
0 0.31875 0.08 0.03625 0.13
0 0.28125 0.08 0.0325 0.12875
0 0.2425 0.07625 0.03625 0.13625
0 0.15625 0.08 0.06125 0.11625
0 0.84625 0.88 0.0525 0.09875
0 0.80125 0.91125 0.035 0.07625
0 0.35875 0.07375 0.03625 0.115
0 0.3975 0.0775 0.03625 0.1325
0 0.43625 0.0825 0.03625 0.1325
0 0.50375 0.0925 0.03 0.11625
0 0.53625 0.08875 0.03 0.125
0 0.575 0.09125 0.04 0.1225
0 0.6225 0.08875 0.04625 0.10875
0 0.665 0.095 0.0325 0.12
0 0.70125 0.09625 0.0325 0.12375
0 0.74125 0.115 0.04 0.0875
0 0.7825 0.12 0.04 0.0825
0 0.85125 0.11625 0.01125 0.0625
0 0.60625 0.645 0.03 0.08875
0 0.5825 0.6375 0.01625 0.0625
0 0.63125 0.64375 0.01375 0.08125
0 0.65375 0.6775 0.03 0.04875
0 0.3075 0.78 0.02125 0.03125
0 0.3325 0.76 0.015 0.0325
0 0.35125 0.77625 0.01875 0.035
0 0.3925 0.75 0.0175 0.02875
0 0.355 0.74375 0.0175 0.0125
0 0.4125 0.7725 0.0175 0.03625
0 0.43375 0.77125 0.0175 0.03375
0 0.455 0.7725 0.0175 0.03125
0 0.4725 0.7525 0.0125 0.0275
0 0.49375 0.77125 0.01875 0.03125
0 0.515 0.76875 0.0175 0.03125
0 0.86625 0.1075 0.01375 0.06
0 0.53375 0.77 0.0175 0.03375
0 0.57625 0.74375 0.01375 0.03625
0 0.5275 0.735 0.01625 0.01
0 0.20375 0.81 0.05 0.10625
0 0.15125 0.80625 0.0525 0.09875
0 0.85375 0.62625 0.03 0.07875
0 0.82 0.6125 0.03 0.095
0 0.7275 0.6525 0.01 0.095
0 0.745 0.65375 0.0225 0.09375
0 0.68 0.64375 0.01375 0.0775
0 0.69875 0.64875 0.01875 0.08625
0 0.715 0.67375 0.01125 0.0575
0 0.55625 0.76875 0.01875 0.0325
0 0.135 0.2425 0.02 0.075
0 0.27625 0.545 0.04375 0.0775
0 0.1675 0.2025 0.04 0.0375
0 0.28125 0.9225 0.02875 0.11
0 0.80625 0.72875 0.0275 0.0925
0 0.73875 0.91 0.035 0.09125
0 0.695 0.89625 0.0425 0.11875
0 0.65125 0.89875 0.04125 0.11875
0 0.32125 0.54 0.045 0.0875
0 0.1675 0.25 0.03625 0.05125
0 0.56125 0.8875 0.04 0.10875
0 0.51375 0.91 0.0475 0.1125
0 0.725 0.75875 0.01 0.05875
0 0.465 0.9225 0.04625 0.08375
0 0.26875 0.66625 0.03625 0.09125
0 0.31 0.66625 0.03875 0.08875
0 0.35375 0.6675 0.04375 0.095
0 0.395 0.6625 0.0375 0.085
0 0.39125 0.92125 0.03 0.1
0 0.35875 0.92 0.03125 0.095
0 0.85375 0.725 0.0325 0.09
0 0.1525 0.94625 0.055 0.10625
0 0.2125 0.9425 0.05 0.115
0 0.425 0.92 0.03 0.1075
0 0.70125 0.7775 0.0325 0.04625
0 0.31875 0.93125 0.04375 0.0925
0 0.6325 0.765 0.01125 0.0375
0 0.25125 0.25375 0.04625 0.09
0 0.29875 0.25375 0.0425 0.1
0 0.33875 0.26125 0.0275 0.0875
0 0.37 0.26125 0.03125 0.08625
0 0.4025 0.26125 0.02875 0.085
0 0.43375 0.26 0.02875 0.08625
0 0.46125 0.2625 0.0225 0.08625
0 0.48375 0.26375 0.01875 0.085
0 0.51 0.26125 0.025 0.09
0 0.55 0.26125 0.02875 0.0875
0 0.58625 0.265 0.035 0.0825
0 0.61875 0.265 0.025 0.0875
0 0.6625 0.77625 0.0375 0.04625
0 0.64625 0.26 0.0225 0.095
0 0.6975 0.26125 0.01875 0.09375
0 0.72625 0.27625 0.0325 0.0675
0 0.7625 0.255 0.03125 0.11
0 0.8475 0.2375 0.0275 0.0975
0 0.595 0.76375 0.01875 0.03875
0 0.6175 0.77375 0.01625 0.04625
0 0.6725 0.26125 0.02875 0.0975