0 0.465 0.65 0.0275 0.06125
0 0.7025 0.6575 0.0075 0.07875
0 0.4975 0.65375 0.01875 0.0725
0 0.57125 0.635 0.03 0.07375
0 0.64 0.66125 0.02125 0.085
0 0.6725 0.66 0.0225 0.0775
0 0.72125 0.65625 0.01375 0.08125
0 0.82375 0.64875 0.0225 0.08
0 0.73875 0.655 0.00625 0.08375
0 0.81125 0.75625 0.025 0.05875
0 0.74875 0.6525 0.01125 0.09
0 0.7775 0.65125 0.02875 0.08375
0 0.86625 0.67 0.015 0.08
0 0.845 0.66 0.0175 0.08125
0 0.43625 0.65625 0.02375 0.0625
0 0.73125 0.655 0.00625 0.08375
0 0.36125 0.66125 0.015 0.05875
0 0.85125 0.55625 0.01375 0.07375
0 0.41 0.67375 0.01625 0.06625
0 0.82625 0.55625 0.00625 0.07375
0 0.2075 0.77 0.04375 0.06875
0 0.83375 0.55625 0.0075 0.07625
0 0.8425 0.555 0.00625 0.075
0 0.8675 0.54625 0.015 0.07625
0 0.14375 0.66375 0.0225 0.09875
0 0.17625 0.66125 0.02875 0.095
0 0.34875 0.66 0.00875 0.05875
0 0.2025 0.66 0.01625 0.0875
0 0.23875 0.68125 0.01625 0.105
0 0.255 0.6825 0.015 0.105
0 0.27 0.68375 0.015 0.1025
0 0.30375 0.66125 0.035 0.07
0 0.33625 0.6575 0.0125 0.065
0 0.385 0.67 0.01125 0.07375
0 0.39625 0.67375 0.01125 0.0675
0 0.2225 0.6825 0.015 0.1025
0 0.24375 0.7625 0.0225 0.0475
0 0.825 0.8425 0.04875 0.02125
0 0.3025 0.76 0.01875 0.08125
0 0.39625 0.85375 0.05125 0.02
0 0.455 0.815 0.05625 0.02
0 0.4525 0.845 0.0475 0.0225
0 0.51 0.84875 0.0625 0.0225
0 0.58125 0.8375 0.06 0.02125
0 0.62875 0.83375 0.02875 0.03375
0 0.65875 0.82875 0.025 0.03
0 0.33625 0.81375 0.0675 0.02
0 0.7 0.8375 0.05125 0.02125
0 0.77 0.8525 0.05625 0.02125
0 0.8175 0.82 0.0525 0.01625
0 0.8175 0.79875 0.05625 0.015
0 0.86375 0.84625 0.0225 0.0175
0 0.7675 0.8225 0.03125 0.03375
0 0.86625 0.75125 0.0175 0.06125
0 0.8125 0.555 0.01375 0.07375
0 0.72 0.8175 0.05625 0.015
0 0.27875 0.75875 0.0225 0.03875
0 0.33625 0.8575 0.06 0.01125
0 0.265 0.85625 0.05875 0.02
0 0.35 0.75625 0.01875 0.06875
0 0.37875 0.7475 0.015 0.0575
0 0.40625 0.755 0.03375 0.06875
0 0.44625 0.76 0.0325 0.07875
0 0.5 0.76 0.01875 0.0775
0 0.53 0.75625 0.0225 0.08125
0 0.5825 0.74625 0.0375 0.08
0 0.3275 0.84125 0.06375 0.01625
0 0.6425 0.7675 0.02375 0.0825
0 0.725 0.7575 0.02125 0.07875
0 0.75375 0.7575 0.02125 0.075
0 0.14 0.8325 0.03 0.06125
0 0.135 0.7725 0.02 0.055
0 0.19875 0.82125 0.05 0.02125
0 0.19875 0.8525 0.0625 0.02125
0 0.2575 0.82375 0.05875 0.01875
0 0.69125 0.7625 0.0275 0.06875
0 0.80125 0.55625 0.01 0.07375
0 0.16625 0.76 0.02375 0.06125
0 0.76875 0.545 0.01125 0.07125
0 0.8225 0.3175 0.0175 0.09625
0 0.79625 0.31375 0.02625 0.095
0 0.76125 0.31875 0.02125 0.07625
0 0.7325 0.3175 0.01125 0.08625
0 0.7225 0.3175 0.0075 0.085
0 0.71125 0.33 0.01 0.085
0 0.70125 0.33125 0.00875 0.08125
0 0.68375 0.31375 0.00875 0.0875
0 0.84875 0.31125 0.0225 0.095
0 0.6725 0.3125 0.0125 0.09
0 0.64 0.31375 0.0125 0.0925
0 0.61375 0.315 0.02375 0.08875
0 0.57875 0.32 0.02625 0.09125
0 0.55125 0.31625 0.02375 0.09625
0 0.5225 0.31375 0.02125 0.09875
0 0.4975 0.31125 0.02 0.09625
0 0.53875 0.6525 0.0175 0.07625
0 0.5175 0.6525 0.01875 0.0725
0 0.6525 0.31375 0.01125 0.09125
0 0.13625 0.44125 0.02 0.0975
0 0.16125 0.435 0.01375 0.095
0 0.17375 0.43625 0.01 0.09375
0 0.52125 0.4375 0.01125 0.08125
0 0.49625 0.4325 0.02 0.085
0 0.46875 0.4325 0.01625 0.0875
0 0.44375 0.435 0.0125 0.0775
0 0.4325 0.435 0.00875 0.0775
0 0.4125 0.4275 0.01625 0.08
0 0.38625 0.425 0.0125 0.0925
0 0.37 0.425 0.01625 0.09125
0 0.35 0.42625 0.01 0.09375
0 0.33625 0.4275 0.01625 0.09125
0 0.31625 0.43875 0.01375 0.09875
0 0.3 0.43875 0.015 0.0975
0 0.28 0.42625 0.0125 0.0875
0 0.2675 0.42625 0.0125 0.08875
0 0.2425 0.435 0.0125 0.0925
0 0.2275 0.435 0.0175 0.09375
0 0.20625 0.43 0.01375 0.09625
0 0.1925 0.43 0.01375 0.095
0 0.7825 0.5475 0.015 0.06875
0 0.475 0.315 0.0175 0.09875
0 0.5325 0.43875 0.01125 0.08
0 0.44375 0.315 0.0175 0.09
0 0.41625 0.32 0.01 0.08875
0 0.58125 0.195 0.03125 0.1
0 0.5525 0.1875 0.0225 0.1025
0 0.5275 0.18375 0.02 0.105
0 0.49875 0.18375 0.02625 0.10125
0 0.47375 0.18875 0.02 0.1
0 0.445 0.19125 0.0225 0.09625
0 0.42125 0.1925 0.0225 0.10125
0 0.38875 0.19 0.0275 0.1
0 0.61625 0.185 0.02625 0.10375
0 0.36125 0.1925 0.0175 0.0975
0 0.30125 0.1875 0.01125 0.105
0 0.29125 0.1875 0.01 0.1025
0 0.2675 0.18125 0.01125 0.0975
0 0.25375 0.18 0.015 0.0975
0 0.22625 0.18625 0.025 0.09875
0 0.19875 0.1875 0.02125 0.10375
0 0.16 0.18625 0.025 0.0975
0 0.13375 0.18625 0.0175 0.10125
0 0.335 0.1925 0.025 0.09625
0 0.6425 0.18875 0.0225 0.10125
0 0.6725 0.18875 0.02375 0.10375
0 0.69875 0.18875 0.02375 0.105
0 0.39125 0.3125 0.015 0.09
0 0.3775 0.3125 0.0125 0.09125
0 0.35625 0.31375 0.01125 0.09125
0 0.345 0.31375 0.01 0.09125
0 0.31625 0.31375 0.01375 0.09375
0 0.30375 0.3125 0.01125 0.095
0 0.285 0.3125 0.0175 0.09375
0 0.2525 0.31375 0.0125 0.09625
0 0.2375 0.31125 0.01375 0.1
0 0.2025 0.31625 0.025 0.10125
0 0.16875 0.31 0.0225 0.10875
0 0.135 0.31375 0.02 0.09875
0 0.8375 0.19125 0.0175 0.09125
0 0.81375 0.195 0.01125 0.09375
0 0.7925 0.185 0.01625 0.09
0 0.77875 0.18625 0.01 0.09
0 0.76375 0.18625 0.0125 0.0975
0 0.75 0.1875 0.01375 0.0925
0 0.7275 0.2025 0.01875 0.095
0 0.42625 0.32 0.01 0.0875
0 0.5475 0.43 0.00875 0.07625
0 0.6925 0.6575 0.01125 0.08
0 0.5825 0.4325 0.02 0.0875
0 0.70375 0.5375 0.01375 0.07875
0 0.6925 0.54 0.00875 0.07375
0 0.295 0.5525 0.015 0.0725
0 0.67 0.5425 0.02375 0.085
0 0.315 0.55125 0.015 0.08125
0 0.33 0.5525 0.01375 0.08
0 0.6325 0.545 0.0275 0.085
0 0.73125 0.55125 0.02125 0.0875
0 0.605 0.54375 0.0175 0.08875
0 0.52875 0.54375 0.02 0.085
0 0.49875 0.55125 0.02125 0.0925
0 0.47125 0.54875 0.02 0.08875
0 0.4425 0.55 0.02 0.09125
0 0.415 0.54625 0.015 0.0875
0 0.35875 0.55 0.01 0.07875
0 0.5575 0.43 0.01125 0.07625
0 0.56875 0.53875 0.0225 0.08875
0 0.4 0.54625 0.015 0.08625
0 0.3725 0.54875 0.01625 0.08
0 0.6475 0.4375 0.0125 0.08875
0 0.28125 0.55125 0.01125 0.07375
0 0.84875 0.44 0.01375 0.07375
0 0.835 0.4375 0.01375 0.07875
0 0.8025 0.4325 0.02125 0.0825
0 0.7775 0.4375 0.02125 0.08875
0 0.6925 0.4375 0.025 0.08875
0 0.6725 0.44 0.01125 0.0875
0 0.6625 0.44 0.01 0.08875
0 0.1475 0.55625 0.01625 0.07875
0 0.135 0.55625 0.01 0.08
0 0.26125 0.55 0.015 0.07875
0 0.635 0.4375 0.01125 0.08875
0 0.225 0.56375 0.015 0.075
0 0.21375 0.5625 0.0075 0.0775
0 0.19 0.55375 0.01 0.07125
0 0.17875 0.5525 0.00875 0.07375
0 0.605 0.4325 0.02 0.09125