0 0.49125 0.26875 0.02875 0.0775
0 0.435 0.26875 0.0275 0.08125
0 0.4625 0.27 0.02375 0.08
0 0.405 0.2675 0.03 0.0775
0 0.37375 0.26625 0.02875 0.08
0 0.3425 0.26375 0.02625 0.0775
0 0.31 0.26375 0.02375 0.0775
0 0.2825 0.2625 0.025 0.07375
0 0.25 0.25875 0.03 0.07625
0 0.5225 0.27125 0.02875 0.0775
0 0.11875 0.25125 0.02875 0.07125
0 0.585 0.2775 0.02875 0.07625
0 0.21875 0.25875 0.02875 0.075
0 0.61625 0.27625 0.025 0.07
0 0.5775 0.2275 0.01875 0.02625
0 0.60875 0.22875 0.03 0.02125
0 0.64625 0.25625 0.025 0.07375
0 0.67375 0.255 0.02625 0.07625
0 0.7025 0.255 0.01875 0.07375
0 0.73125 0.2575 0.025 0.0725
0 0.76125 0.25875 0.02625 0.0725
0 0.55375 0.27375 0.0225 0.08125
0 0.1875 0.25875 0.0275 0.07125
0 0.28 0.35125 0.03 0.07
0 0.42625 0.4325 0.025 0.06125
0 0.085 0.25 0.0275 0.075
0 0.79125 0.2625 0.02625 0.0725
0 0.13 0.3475 0.03375 0.07625
0 0.0975 0.3475 0.0275 0.07625
0 0.19875 0.42 0.02375 0.06875
0 0.17 0.42 0.025 0.06625
0 0.19625 0.3475 0.02625 0.07125
0 0.15375 0.2525 0.025 0.075
0 0.165 0.34875 0.02625 0.0725
0 0.39625 0.4325 0.025 0.06125
0 0.255 0.425 0.02125 0.065
0 0.25375 0.35375 0.02 0.07125
0 0.22625 0.3525 0.02875 0.0725
0 0.28125 0.425 0.02625 0.06625
0 0.31 0.42875 0.02375 0.06375
0 0.31 0.35625 0.02625 0.07125
0 0.33875 0.43 0.02625 0.06625
0 0.33875 0.3575 0.025 0.07375
0 0.3675 0.43125 0.0275 0.06375
0 0.3675 0.35875 0.02375 0.07375
0 0.2275 0.42375 0.02625 0.06375
0 0.8225 0.26375 0.0225 0.07125
0 0.22375 0.705 0.02875 0.065
0 0.875 0.26375 0.01875 0.07125
0 0.64875 0.54125 0.0275 0.07875
0 0.1475 0.51 0.05375 0.035
0 0.14625 0.4775 0.0275 0.02375
0 0.1725 0.48 0.02125 0.025
0 0.50625 0.715 0.02625 0.05625
0 0.475 0.71625 0.02625 0.06125
0 0.6225 0.5375 0.01875 0.06875
0 0.4425 0.71625 0.02375 0.05625
0 0.51 0.645 0.0275 0.07125
0 0.4775 0.64875 0.02375 0.06875
0 0.44375 0.64875 0.03 0.06875
0 0.53625 0.55625 0.02875 0.07
0 0.50875 0.5575 0.02 0.07375
0 0.48 0.57375 0.0275 0.07875
0 0.53875 0.64375 0.025 0.08
0 0.44625 0.57375 0.02625 0.07625
0 0.59875 0.55125 0.025 0.07
0 0.9325 0.71125 0.1025 0.0875
0 0.6025 0.63875 0.02625 0.08375
0 0.62875 0.6375 0.02375 0.07375
0 0.6575 0.63375 0.03125 0.0775
0 0.56625 0.715 0.02375 0.065
0 0.59875 0.715 0.0275 0.06375
0 0.6275 0.72 0.02125 0.07
0 0.56875 0.5525 0.02625 0.07375
0 0.66125 0.715 0.02625 0.07375
0 0.72625 0.67875 0.0875 0.05125
0 0.725 0.7275 0.09 0.04
0 0.83 0.6275 0.09125 0.05375
0 0.8225 0.68125 0.09125 0.04875
0 0.81875 0.72875 0.08625 0.0425
0 0.92875 0.6 0.07125 0.1175
0 0.7325 0.6225 0.1 0.05875
0 0.41 0.64125 0.0275 0.075
0 0.38 0.64125 0.03125 0.07625
0 0.3425 0.64125 0.0275 0.0725
0 0.2625 0.545 0.02625 0.075
0 0.20875 0.5925 0.02375 0.0675
0 0.11 0.6125 0.0375 0.075
0 0.07375 0.61125 0.03 0.075
0 0.13625 0.42125 0.035 0.06125
0 0.1 0.42 0.02875 0.06625
0 0.295 0.5425 0.03125 0.0725
0 0.94125 0.2225 0.0225 0.02125
0 0.835 0.215 0.0225 0.01875
0 0.80625 0.21625 0.01875 0.01375
0 0.99125 0.27125 0.01625 0.0625
0 0.96375 0.27 0.02375 0.07
0 0.935 0.26875 0.02625 0.06625
0 0.905 0.26625 0.02125 0.07125
0 0.91375 0.21875 0.025 0.01875
0 0.33 0.525 0.035 0.065
0 0.3725 0.525 0.035 0.07125
0 0.2475 0.63125 0.02875 0.075
0 0.30875 0.6375 0.02625 0.07875
0 0.4125 0.71125 0.0275 0.0625
0 0.37875 0.7125 0.025 0.06
0 0.345 0.70875 0.0275 0.06
0 0.31375 0.71125 0.025 0.05875
0 0.28375 0.70875 0.0225 0.0625
0 0.2525 0.70625 0.0225 0.065
0 0.96875 0.2225 0.0225 0.02
0 0.18875 0.70125 0.03 0.07375
0 0.9925 0.22375 0.01375 0.02
0 0.1575 0.7025 0.025 0.0775
0 0.125 0.70125 0.025 0.07875
0 0.0925 0.6975 0.02875 0.07625
0 0.0575 0.695 0.03125 0.085
0 0.28 0.63125 0.025 0.07875
0 0.85125 0.26375 0.0225 0.06625
0 0.84375 0.39875 0.11 0.0525
0 0.53625 0.715 0.02375 0.0575
0 0.95 0.4575 0.1 0.04875
0 0.53875 0.4325 0.025 0.06625
0 0.5125 0.43375 0.0225 0.06625
0 0.48375 0.4325 0.02625 0.06875
0 0.455 0.4325 0.025 0.0625
0 0.53125 0.36375 0.02875 0.06625
0 0.50375 0.36125 0.0225 0.07375
0 0.4775 0.36125 0.0275 0.07
0 0.45125 0.3625 0.0175 0.06875
0 0.59625 0.43375 0.02375 0.07375
0 0.56875 0.43375 0.02375 0.06625
0 0.59125 0.3625 0.02875 0.06875
0 0.56125 0.36375 0.02375 0.06625
0 0.64875 0.38375 0.025 0.01875
0 0.62 0.3825 0.01875 0.02375
0 0.65125 0.43625 0.02875 0.0725
0 0.625 0.435 0.0225 0.06625
0 0.84 0.455 0.10375 0.04375
0 0.395 0.36125 0.025 0.075
0 0.42625 0.36 0.0275 0.07875
0 0.57125 0.64 0.025 0.08
0 0.725 0.44875 0.10625 0.05