0 0.295 0.6725 0.0375 0.06875
0 0.27 0.4925 0.0375 0.0075
0 0.2525 0.67375 0.035 0.0725
0 0.61 0.41875 0.04125 0.08
0 0.545 0.41375 0.04 0.0725
0 0.4675 0.4075 0.04375 0.08625
0 0.4075 0.415 0.04875 0.085
0 0.34125 0.4025 0.05375 0.06875
0 0.285 0.40625 0.04625 0.08375
0 0.22 0.4075 0.05375 0.0675
0 0.15625 0.4125 0.06125 0.0875
0 0.6775 0.3125 0.0425 0.07875
0 0.6675 0.41875 0.0575 0.09
0 0.60125 0.29875 0.04125 0.0775
0 0.46375 0.2875 0.0575 0.0775
0 0.4075 0.29625 0.04875 0.07625
0 0.3325 0.3075 0.04375 0.08375
0 0.26 0.2975 0.0575 0.075
0 0.19625 0.2975 0.0625 0.0775
0 0.14375 0.29625 0.0375 0.07875
0 0.79625 0.66375 0.0525 0.07375
0 0.73625 0.66 0.0525 0.07625
0 0.33625 0.67625 0.04125 0.0675
0 0.535 0.28375 0.0625 0.07125
0 0.18 0.49875 0.03625 0.08875
0 0.22 0.52875 0.0375 0.01
0 0.25875 0.53 0.0375 0.01
0 0.18875 0.6725 0.06625 0.07
0 0.66625 0.58875 0.05375 0.0625
0 0.62125 0.5875 0.03125 0.065
0 0.565 0.58875 0.0725 0.06625
0 0.5025 0.58875 0.045 0.065
0 0.45875 0.59125 0.035 0.07
0 0.425 0.59 0.0325 0.0725
0 0.36 0.58375 0.075 0.065
0 0.29625 0.5925 0.04 0.05875
0 0.24 0.58875 0.06 0.06375
0 0.17375 0.58875 0.0375 0.06
0 0.66625 0.51125 0.03875 0.055
0 0.615 0.50875 0.0525 0.05375
0 0.56125 0.515 0.04 0.03375
0 0.49875 0.49625 0.07125 0.075
0 0.385 0.53125 0.03875 0.0125
0 0.3325 0.52875 0.04625 0.0125
0 0.2675 0.5 0.0375 0.0075
0 0.23125 0.5025 0.0375 0.01
0 0.22375 0.51375 0.0375 0.01
0 0.26 0.515 0.0375 0.01
0 0.8125 0.53 0.06375 0.08125
0 0.3775 0.675 0.03625 0.06625
0 0.74875 0.53 0.05375 0.08125
0 0.79625 0.36375 0.05375 0.12
0 0.3025 0.8425 0.0525 0.065
0 0.36625 0.85125 0.06 0.0525
0 0.43 0.85375 0.04875 0.0525
0 0.49 0.85 0.0525 0.0575
0 0.5725 0.86375 0.075 0.03875
0 0.65125 0.86625 0.07875 0.0375
0 0.73375 0.8725 0.07875 0.0475
0 0.815 0.875 0.0775 0.04125
0 0.23375 0.8475 0.04625 0.055
0 0.165 0.04125 0.06 0.07125
0 0.3325 0.0425 0.06875 0.07625
0 0.48125 0.025 0.0625 0.04125
0 0.565 0.03875 0.0575 0.075
0 0.66 0.02875 0.05625 0.0525
0 0.79375 0.025 0.09125 0.04625
0 0.85125 0.36125 0.0475 0.12125
0 0.8525 0.665 0.045 0.07
0 0.4425 0.68125 0.07375 0.05875
0 0.2625 0.04 0.06625 0.0775
0 0.19625 0.83625 0.01875 0.07
0 0.40875 0.0375 0.0625 0.06625
0 0.68 0.67875 0.04125 0.0725
0 0.1625 0.82875 0.02875 0.08375
0 0.8575 0.18125 0.035 0.1325
0 0.81 0.18625 0.05375 0.13
0 0.7525 0.18625 0.0575 0.13
0 0.68375 0.17375 0.05625 0.10125
0 0.57125 0.18375 0.055 0.0975
0 0.47375 0.165 0.06 0.09125
0 0.7425 0.36 0.045 0.12125
0 0.33875 0.18125 0.0575 0.09
0 0.26625 0.19 0.0525 0.08375
0 0.19875 0.1775 0.05875 0.0825
0 0.5075 0.67875 0.03875 0.07
0 0.5675 0.6775 0.08 0.075
0 0.4075 0.1725 0.04875 0.1
0 0.635 0.6775 0.04375 0.07