0 0.96375 0.42875 0.035 0.0375
0 0.82375 0.49875 0.03875 0.04
0 0.86625 0.4975 0.03625 0.04
0 0.91 0.4975 0.045 0.04125
0 0.9575 0.4975 0.0475 0.04
0 0.82375 0.5375 0.03625 0.03625
0 0.8175 0.60375 0.04375 0.03875
0 0.91 0.5375 0.0425 0.035
0 0.95625 0.53625 0.0425 0.035
0 0.86125 0.60125 0.03875 0.04
0 0.9025 0.60375 0.04 0.03375
0 0.9475 0.6025 0.0425 0.03625
0 0.81875 0.645 0.0375 0.0375
0 0.92375 0.42875 0.03875 0.03625
0 0.86625 0.5375 0.04 0.0375
0 0.62625 0.65875 0.055 0.0575
0 0.17125 0.71375 0.0175 0.025
0 0.51875 0.65875 0.0425 0.06
0 0.17375 0.755 0.03125 0.025
0 0.135 0.745 0.03375 0.0425
0 0.09375 0.74875 0.03375 0.04375
0 0.0575 0.74875 0.035 0.0525
0 0.88375 0.3875 0.03875 0.04
0 0.92625 0.3875 0.03875 0.04
0 0.96625 0.3875 0.0375 0.04
0 0.84 0.4275 0.04375 0.03625
0 0.8825 0.42875 0.03875 0.035
0 0.01625 0.66375 0.0275 0.0425
0 0.07875 0.665 0.025 0.0375
0 0.0475 0.665 0.0325 0.04125
0 0.1075 0.665 0.0275 0.03875
0 0.1375 0.66625 0.02375 0.04
0 0.165 0.68125 0.02125 0.03375
0 0.235 0.66875 0.08 0.07875
0 0.32 0.6675 0.07875 0.0775
0 0.4025 0.665 0.08 0.08
0 0.4725 0.66375 0.04375 0.05875
0 0.57 0.66 0.0525 0.05625
0 0.01875 0.75125 0.03625 0.0425
0 0.545 0.55875 0.04125 0.04625
0 0.315 0.75625 0.0775 0.0475
0 0.555 0.3175 0.05625 0.02125
0 0.77625 0.28125 0.03375 0.09625
0 0.73125 0.295 0.055 0.06375
0 0.6675 0.29625 0.05 0.06125
0 0.61 0.285 0.05125 0.0375
0 0.5525 0.28375 0.0575 0.04125
0 0.51 0.3025 0.02375 0.0525
0 0.48375 0.30375 0.02625 0.05
0 0.4375 0.32 0.0575 0.01375
0 0.035 0.3025 0.0425 0.035
0 0.08125 0.30125 0.04 0.03125
0 0.13125 0.2975 0.035 0.02375
0 0.20375 0.315 0.05375 0.01625
0 0.19625 0.2925 0.06125 0.0225
0 0.2625 0.29375 0.05875 0.0225
0 0.265 0.315 0.065 0.01375
0 0.32125 0.31625 0.045 0.0125
0 0.3225 0.2875 0.04625 0.03625
0 0.3775 0.31875 0.0575 0.01375
0 0.6125 0.3175 0.055 0.02125
0 0.2375 0.755 0.0725 0.045
0 0.035 0.39125 0.06875 0.04625
0 0.20375 0.38 0.055 0.07125
0 0.395 0.7525 0.07125 0.04875
0 0.47125 0.75375 0.075 0.04625
0 0.55125 0.75625 0.08125 0.0475
0 0.63125 0.74875 0.075 0.05
0 0.74 0.755 0.0625 0.03125
0 0.83875 0.3875 0.04375 0.0425
0 0.7625 0.375 0.03 0.05875
0 0.73125 0.375 0.025 0.0575
0 0.70375 0.37625 0.02375 0.05625
0 0.67625 0.375 0.025 0.05625
0 0.64875 0.37625 0.025 0.05625
0 0.61875 0.37625 0.0275 0.05875
0 0.59 0.37625 0.025 0.0575
0 0.565 0.37625 0.02125 0.05375
0 0.45125 0.38375 0.0475 0.08625
0 0.405 0.38875 0.0425 0.0875
0 0.35875 0.3875 0.04375 0.08375
0 0.3075 0.38375 0.04625 0.08375
0 0.25625 0.3825 0.045 0.0825
0 0.10125 0.3975 0.05625 0.0325
0 0.86 0.6425 0.0425 0.03625
0 0.3775 0.29875 0.05875 0.02125
0 0.945 0.64 0.04375 0.035
0 0.5775 0.47625 0.04875 0.04
0 0.52375 0.48875 0.0525 0.0475
0 0.4675 0.4875 0.05 0.04125
0 0.4125 0.48875 0.0525 0.04875
0 0.36125 0.4775 0.0425 0.0575
0 0.31375 0.4775 0.04125 0.05625
0 0.2625 0.47625 0.04375 0.05875
0 0.20375 0.47875 0.045 0.05375
0 0.63375 0.47875 0.0475 0.03875
0 0.1325 0.48875 0.015 0.03875
0 0.0775 0.49 0.03 0.035
0 0.04625 0.48875 0.025 0.0375
0 0.01875 0.48875 0.0275 0.03875
0 0.9 0.7175 0.0425 0.04375
0 0.855 0.71875 0.04375 0.04125
0 0.81 0.71875 0.04375 0.03875
0 0.43875 0.29875 0.05375 0.02
0 0.90125 0.64125 0.03625 0.03625
0 0.10875 0.48875 0.02625 0.04125
0 0.68875 0.47375 0.04875 0.0475
0 0.94375 0.715 0.04 0.04625
0 0.01375 0.565 0.02625 0.06625
0 0.74 0.4725 0.045 0.04875
0 0.725 0.66875 0.0375 0.055
0 0.675 0.65125 0.04 0.0325
0 0.67625 0.685 0.04125 0.02125
0 0.58875 0.56125 0.04375 0.04625
0 0.5 0.56125 0.0425 0.04875
0 0.45375 0.56125 0.0425 0.0475
0 0.40875 0.56 0.04125 0.045
0 0.355 0.57 0.045 0.06125
0 0.63125 0.55625 0.0375 0.0525
0 0.26125 0.56375 0.04375 0.0475
0 0.215 0.56125 0.04375 0.05
0 0.16875 0.5925 0.01125 0.03625
0 0.15375 0.57125 0.015 0.0275
0 0.1325 0.575 0.01125 0.04875
0 0.11625 0.5725 0.01625 0.0525
0 0.08625 0.58375 0.035 0.03
0 0.3075 0.56125 0.0425 0.04875
0 0.04625 0.58375 0.03875 0.03125