0 0.7525 0.13375 0.045 0.09625
0 0.765 0.62125 0.03125 0.08
0 0.71375 0.59625 0.02125 0.07
0 0.68625 0.595 0.025 0.07125
0 0.65875 0.595 0.02375 0.07125
0 0.6025 0.6 0.02125 0.03625
0 0.63125 0.595 0.02625 0.06875
0 0.52625 0.59625 0.03 0.07625
0 0.4975 0.595 0.0225 0.07125
0 0.4725 0.595 0.02375 0.0725
0 0.445 0.6025 0.025 0.04625
0 0.36625 0.59375 0.025 0.07
0 0.3375 0.595 0.0225 0.0675
0 0.30875 0.5925 0.02875 0.06375
0 0.70375 0.14125 0.0375 0.09
0 0.23625 0.60875 0.0275 0.06375
0 0.2525 0.88 0.02 0.03375
0 0.27375 0.8775 0.01875 0.045
0 0.32375 0.86625 0.01875 0.06
0 0.35 0.8675 0.02625 0.065
0 0.37625 0.86625 0.01875 0.0625
0 0.4025 0.87 0.0225 0.0675
0 0.42875 0.87 0.02375 0.07
0 0.7675 0.52625 0.02125 0.08125
0 0.74 0.505 0.025 0.075
0 0.71375 0.50625 0.02125 0.07375
0 0.6875 0.50625 0.025 0.075
0 0.66125 0.50625 0.02375 0.07375
0 0.22875 0.6975 0.01875 0.0575
0 0.26125 0.69625 0.04 0.06125
0 0.26 0.73625 0.05125 0.015
0 0.2675 0.75625 0.0525 0.02
0 0.555 0.15125 0.02375 0.0625
0 0.5275 0.15375 0.02625 0.06
0 0.49125 0.14 0.03 0.085
0 0.465 0.145 0.0175 0.08125
0 0.445 0.145 0.0175 0.08
0 0.41875 0.15125 0.025 0.06875
0 0.3025 0.1375 0.0225 0.0875
0 0.2775 0.14125 0.0225 0.08375
0 0.255 0.14625 0.01875 0.0725
0 0.23 0.14875 0.0225 0.0675
0 0.73625 0.68625 0.01875 0.0525
0 0.23 0.88125 0.01875 0.03125
0 0.76125 0.80125 0.0275 0.06625
0 0.635 0.50375 0.02375 0.07375
0 0.6775 0.76625 0.03375 0.075
0 0.60375 0.7725 0.03125 0.07875
0 0.2325 0.3375 0.02 0.07125
0 0.56875 0.7725 0.0325 0.08125
0 0.53125 0.77375 0.02625 0.07875
0 0.5 0.77375 0.02625 0.08375
0 0.46875 0.76 0.0225 0.05625
0 0.27375 0.79875 0.02125 0.06
0 0.2525 0.79875 0.01625 0.055
0 0.23 0.7975 0.01875 0.06
0 0.4125 0.77375 0.02875 0.08125
0 0.38125 0.78 0.0225 0.06875
0 0.35 0.78125 0.025 0.0725
0 0.3225 0.77875 0.0225 0.06125
0 0.64125 0.7675 0.035 0.07
0 0.60875 0.505 0.02375 0.07375
0 0.58125 0.505 0.0275 0.07375
0 0.55625 0.50125 0.01875 0.07625
0 0.5325 0.86875 0.02125 0.06875
0 0.56125 0.86875 0.0275 0.06875
0 0.59625 0.87 0.035 0.0725
0 0.62875 0.86125 0.02375 0.055
0 0.66125 0.86875 0.0375 0.06875
0 0.6975 0.87 0.025 0.07125
0 0.73 0.875 0.03125 0.08
0 0.54625 0.6825 0.02875 0.065
0 0.575 0.6825 0.02375 0.06375
0 0.6025 0.68375 0.02625 0.06625
0 0.6325 0.68125 0.0275 0.065
0 0.71125 0.6875 0.02125 0.0525
0 0.61375 0.3125 0.02875 0.08875
0 0.5075 0.86875 0.0225 0.06875
0 0.58375 0.31375 0.0275 0.0875
0 0.52625 0.3125 0.0225 0.09625
0 0.50375 0.31625 0.02 0.09
0 0.48125 0.31625 0.02 0.08625
0 0.45875 0.3175 0.02 0.0875
0 0.4375 0.315 0.02 0.0875
0 0.415 0.315 0.02 0.08625
0 0.39375 0.31625 0.01875 0.08625
0 0.37125 0.315 0.02125 0.08625
0 0.3475 0.31625 0.02125 0.08875
0 0.32625 0.315 0.0175 0.08875
0 0.7675 0.71625 0.02625 0.06875
0 0.3025 0.31625 0.02375 0.08625
0 0.27875 0.31625 0.02125 0.08375
0 0.55375 0.31625 0.0275 0.08875
0 0.58375 0.145 0.025 0.0725
0 0.48125 0.87 0.02 0.07
0 0.645 0.31375 0.02875 0.08625
0 0.53125 0.50375 0.0225 0.075
0 0.505 0.505 0.02125 0.07375
0 0.48 0.50625 0.02625 0.0725
0 0.455 0.505 0.02 0.07375
0 0.42875 0.50375 0.025 0.0725
0 0.40375 0.505 0.0225 0.07125
0 0.37875 0.505 0.02 0.07625
0 0.35375 0.505 0.02625 0.0725
0 0.32625 0.505 0.02125 0.07125
0 0.3025 0.505 0.0225 0.075
0 0.24 0.52125 0.02625 0.06625
0 0.74875 0.41 0.025 0.075
0 0.64125 0.41125 0.025 0.07625
0 0.45625 0.86875 0.02625 0.07125
0 0.61375 0.41125 0.02375 0.0775
0 0.5625 0.41375 0.025 0.07625
0 0.535 0.41375 0.02375 0.075
0 0.50875 0.41375 0.025 0.07375
0 0.4575 0.41375 0.0275 0.0775
0 0.43 0.415 0.0225 0.0775
0 0.40625 0.4125 0.01875 0.07625
0 0.37875 0.41375 0.02625 0.075
0 0.29875 0.41375 0.03125 0.075
0 0.235 0.435 0.02625 0.08
0 0.765 0.3225 0.02625 0.08375
0 0.73875 0.315 0.02375 0.08625
0 0.7075 0.31625 0.0325 0.085
0 0.675 0.31375 0.02375 0.08125
0 0.58875 0.41125 0.02125 0.075
0 0.65625 0.135 0.045 0.1025