0 0.295 0.29625 0.0225 0.10125
0 0.15 0.445 0.025 0.1025
0 0.26625 0.29875 0.03375 0.1075
0 0.24 0.3 0.01125 0.09625
0 0.18 0.31 0.07875 0.075
0 0.19125 0.43125 0.05 0.08
0 0.27 0.44 0.025 0.09875
0 0.445 0.4275 0.015 0.1025
0 0.345 0.43125 0.01875 0.09125
0 0.3675 0.43375 0.0175 0.0925
0 0.3975 0.43125 0.01625 0.0975
0 0.42375 0.4325 0.015 0.09375
0 0.50625 0.42875 0.02875 0.10375
0 0.47125 0.42875 0.02375 0.09625
0 0.3275 0.29625 0.02 0.1125
0 0.31 0.43625 0.0175 0.0975
0 0.36375 0.2975 0.025 0.11
0 0.74375 0.15 0.025 0.105
0 0.43125 0.2925 0.02375 0.11
0 0.53625 0.43 0.015 0.0975
0 0.66875 0.16125 0.0175 0.08375
0 0.705 0.14375 0.03125 0.08375
0 0.78 0.1325 0.02875 0.09375
0 0.7775 0.2925 0.025 0.1025
0 0.7475 0.29125 0.02 0.1
0 0.72375 0.28625 0.02375 0.1
0 0.6925 0.2875 0.01875 0.1075
0 0.665 0.29125 0.02 0.0975
0 0.645 0.295 0.01875 0.1
0 0.61375 0.29 0.01875 0.1025
0 0.575 0.29875 0.01875 0.1
0 0.5125 0.295 0.01875 0.10875
0 0.48875 0.2975 0.02125 0.105
0 0.46 0.29 0.01875 0.1075
0 0.40125 0.29625 0.02375 0.10625
0 0.56875 0.4225 0.02125 0.09875
0 0.5425 0.29375 0.025 0.1125
0 0.62625 0.42875 0.01625 0.09625
0 0.42375 0.685 0.0325 0.09125
0 0.4575 0.68375 0.01625 0.08625
0 0.48875 0.69375 0.01875 0.10625
0 0.51375 0.68875 0.0225 0.0975
0 0.55875 0.68375 0.01875 0.0975
0 0.6 0.69 0.01625 0.09875
0 0.615 0.6875 0.01625 0.09375
0 0.63625 0.68375 0.0275 0.0875
0 0.665 0.685 0.03125 0.09
0 0.71375 0.69125 0.035 0.08875
0 0.765 0.69 0.0275 0.09375
0 0.82 0.82 0.105 0.02375
0 0.70875 0.82125 0.11125 0.02625
0 0.59625 0.82625 0.1 0.0275
0 0.4825 0.825 0.1075 0.0275
0 0.39125 0.6875 0.01375 0.09875
0 0.2825 0.76 0.09875 0.02375
0 0.365 0.6875 0.03125 0.09625
0 0.29125 0.6925 0.03125 0.0875
0 0.64125 0.15875 0.015 0.08
0 0.60625 0.1575 0.02125 0.09125
0 0.56625 0.15625 0.0325 0.08875
0 0.52 0.1575 0.0275 0.11
0 0.48 0.1525 0.015 0.10125
0 0.6025 0.42625 0.015 0.09625
0 0.44625 0.14875 0.01375 0.10875
0 0.42 0.15125 0.02125 0.1
0 0.38125 0.1525 0.0275 0.09625
0 0.35 0.155 0.0225 0.0925
0 0.30125 0.15875 0.02375 0.1
0 0.2225 0.155 0.02375 0.1125
0 0.26125 0.15375 0.02 0.11625
0 0.15625 0.145 0.025 0.0675
0 0.2575 0.6875 0.025 0.09
0 0.32375 0.69 0.02625 0.09375
0 0.3975 0.75 0.09 0.0275
0 0.57875 0.69375 0.01375 0.10625
0 0.255 0.82375 0.095 0.03375
0 0.255 0.56875 0.025 0.09875
0 0.2825 0.5675 0.02125 0.08875
0 0.305 0.5625 0.01875 0.0875
0 0.3275 0.57 0.0175 0.09625
0 0.35125 0.56125 0.015 0.09875
0 0.375 0.56 0.02125 0.0975
0 0.3925 0.56875 0.0075 0.10375
0 0.4125 0.56125 0.02125 0.1
0 0.4325 0.55625 0.01125 0.1075
0 0.4525 0.55625 0.0175 0.09
0 0.47625 0.55625 0.02125 0.0925
0 0.4975 0.56 0.01875 0.09875
0 0.52375 0.5625 0.0275 0.10125
0 0.5475 0.56375 0.01625 0.0975
0 0.57125 0.56 0.02125 0.0975
0 0.6 0.55625 0.01875 0.09625
0 0.63 0.55375 0.02 0.09625
0 0.66 0.55875 0.02375 0.09875
0 0.68 0.55 0.01625 0.09
0 0.705 0.55625 0.0225 0.0975
0 0.37125 0.82625 0.11 0.02125
0 0.76625 0.55375 0.0275 0.09625
0 0.76375 0.4175 0.02625 0.10875
0 0.7325 0.4175 0.0225 0.10125
0 0.70375 0.425 0.025 0.1025
0 0.67875 0.425 0.0175 0.09125
0 0.64875 0.425 0.01875 0.09875
0 0.19125 0.67 0.03125 0.065
0 0.15125 0.65125 0.0425 0.0925
0 0.73375 0.5525 0.0175 0.0875
0 0.15875 0.54875 0.01875 0.085
0 0.1425 0.79125 0.03375 0.1175
0 0.18375 0.545 0.02 0.09
0 0.185 0.79125 0.02625 0.105
0 0.1325 0.55125 0.015 0.08375