0 0.22 0.33625 0.03875 0.10125
0 0.18875 0.32 0.02375 0.08
0 0.1525 0.33875 0.0325 0.09125
0 0.86125 0.21875 0.0275 0.05125
0 0.83125 0.2175 0.025 0.05375
0 0.80625 0.215 0.0225 0.04875
0 0.78125 0.2125 0.0225 0.0525
0 0.75625 0.21375 0.0275 0.055
0 0.72625 0.21375 0.03 0.0575
0 0.6525 0.2125 0.03 0.0675
0 0.2575 0.34125 0.02625 0.1
0 0.62375 0.21125 0.0275 0.07
0 0.5675 0.21 0.02625 0.0725
0 0.53875 0.20875 0.02875 0.0675
0 0.5125 0.2075 0.02375 0.06875
0 0.48625 0.2075 0.02625 0.06625
0 0.45625 0.205 0.0275 0.07375
0 0.42625 0.20125 0.0275 0.065
0 0.4 0.2 0.02375 0.06625
0 0.33875 0.20625 0.0225 0.1075
0 0.6025 0.7 0.0225 0.09125
0 0.6275 0.7 0.02625 0.0875
0 0.595 0.21125 0.0275 0.06875
0 0.7125 0.695 0.025 0.08
0 0.285 0.34375 0.0275 0.09625
0 0.3475 0.34375 0.0225 0.095
0 0.30875 0.20875 0.03125 0.1075
0 0.8175 0.79 0.03375 0.085
0 0.78375 0.7925 0.03125 0.08
0 0.75 0.7925 0.03375 0.08
0 0.71375 0.79375 0.03375 0.07625
0 0.6275 0.79625 0.05375 0.07375
0 0.555 0.8125 0.04 0.0675
0 0.5175 0.81125 0.03375 0.06375
0 0.48375 0.81125 0.03375 0.06375
0 0.44875 0.8125 0.0325 0.06625
0 0.3175 0.34375 0.0375 0.095
0 0.41375 0.81875 0.035 0.055
0 0.31875 0.81375 0.02625 0.04125
0 0.285 0.80375 0.03125 0.105
0 0.2525 0.80125 0.03125 0.0975
0 0.22 0.8 0.03125 0.09625
0 0.18375 0.7975 0.02875 0.10125
0 0.15 0.805 0.03625 0.08875
0 0.855 0.6975 0.025 0.0825
0 0.82875 0.7 0.025 0.08375
0 0.805 0.7 0.0225 0.08125
0 0.77625 0.70125 0.03 0.08125
0 0.345 0.7925 0.02625 0.11
0 0.74375 0.7025 0.03375 0.0775
0 0.7675 0.60375 0.02375 0.08125
0 0.42375 0.30375 0.02625 0.085
0 0.51625 0.6075 0.02375 0.08375
0 0.4875 0.61 0.03 0.0825
0 0.455 0.6075 0.02875 0.08625
0 0.4275 0.6075 0.02625 0.085
0 0.39875 0.60625 0.0275 0.0875
0 0.3425 0.5675 0.02125 0.09
0 0.3175 0.56375 0.0225 0.085
0 0.29 0.57125 0.03375 0.08875
0 0.25375 0.56625 0.02875 0.09
0 0.22125 0.57125 0.03125 0.0875
0 0.19125 0.56625 0.03 0.085
0 0.15625 0.565 0.035 0.0875
0 0.86375 0.5125 0.0225 0.0875
0 0.83875 0.51375 0.025 0.085
0 0.81125 0.51375 0.02875 0.0825
0 0.78375 0.515 0.025 0.07875
0 0.75625 0.515 0.0275 0.08
0 0.54375 0.6075 0.03 0.0775
0 0.5725 0.61 0.02625 0.0825
0 0.6025 0.61125 0.03 0.08125
0 0.63125 0.60875 0.025 0.0825
0 0.51125 0.70375 0.02875 0.08875
0 0.485 0.7075 0.0225 0.0875
0 0.4575 0.705 0.02875 0.0825
0 0.42875 0.705 0.02375 0.08625
0 0.4025 0.705 0.03 0.07125
0 0.345 0.6875 0.01625 0.09
0 0.31875 0.695 0.0325 0.09375
0 0.28875 0.69 0.025 0.08625
0 0.7275 0.515 0.025 0.08125
0 0.26 0.6925 0.03125 0.08125
0 0.19875 0.6925 0.0325 0.08
0 0.165 0.69625 0.03375 0.08375
0 0.13625 0.70125 0.02125 0.07625
0 0.85125 0.605 0.0225 0.08375
0 0.79375 0.6025 0.025 0.085
0 0.2775 0.205 0.02875 0.1125
0 0.7425 0.6075 0.0275 0.08125
0 0.71375 0.605 0.02625 0.08375
0 0.23 0.6925 0.0275 0.08125
0 0.3975 0.3025 0.02375 0.08875
0 0.63625 0.52 0.035 0.0875
0 0.58125 0.51875 0.025 0.08875
0 0.525 0.40625 0.0325 0.0875
0 0.46625 0.40625 0.03125 0.09
0 0.43375 0.405 0.0275 0.08875
0 0.4075 0.4025 0.025 0.09375
0 0.84875 0.3075 0.03 0.09125
0 0.81875 0.3075 0.02875 0.09125
0 0.79 0.3075 0.0275 0.09
0 0.76 0.31 0.0325 0.09625
0 0.73 0.31 0.02375 0.09625
0 0.65 0.31125 0.02875 0.09
0 0.6225 0.30875 0.0225 0.08625
0 0.59625 0.30875 0.0275 0.08625
0 0.56875 0.30875 0.02625 0.0875
0 0.54 0.30875 0.02625 0.08625
0 0.5125 0.3075 0.0275 0.08875
0 0.48125 0.30625 0.02875 0.09125
0 0.45125 0.30625 0.02875 0.09125
0 0.55375 0.40875 0.02625 0.08625
0 0.5825 0.41125 0.02875 0.08875
0 0.61125 0.41125 0.02875 0.08875
0 0.64125 0.41125 0.03125 0.09125
0 0.5525 0.5175 0.03 0.08625
0 0.52125 0.51875 0.025 0.08875
0 0.49375 0.51625 0.0275 0.09125
0 0.4625 0.5175 0.0275 0.08625
0 0.4325 0.5125 0.02625 0.0825
0 0.4025 0.50875 0.03125 0.09
0 0.34625 0.45 0.0275 0.08
0 0.315 0.45125 0.03375 0.08375
0 0.6075 0.52125 0.025 0.08625
0 0.28375 0.45 0.0275 0.085
0 0.2175 0.45125 0.03 0.08375
0 0.1525 0.45 0.03375 0.08875
0 0.8625 0.40625 0.025 0.0875
0 0.83625 0.4075 0.02625 0.085
0 0.80625 0.4075 0.03125 0.085
0 0.77625 0.40875 0.0275 0.0825
0 0.7475 0.40875 0.0275 0.0875
0 0.7225 0.4075 0.0225 0.0875
0 0.24875 0.44875 0.03 0.0875
0 0.85125 0.78625 0.03125 0.08125
0 0.14625 0.21 0.03 0.0975
0 0.57375 0.705 0.0325 0.08125
0 0.2425 0.235 0.02375 0.0575
0 0.21 0.21375 0.03625 0.0975
0 0.17875 0.21375 0.02625 0.09125
0 0.54375 0.705 0.02875 0.08375