0 0.42125 0.6525 0.025 0.02
0 0.38375 0.37375 0.02125 0.06125
0 0.35375 0.3675 0.03 0.07875
0 0.3275 0.375 0.01625 0.06125
0 0.3 0.37125 0.02625 0.06625
0 0.23875 0.34125 0.0375 0.06
0 0.77375 0.2725 0.01375 0.055
0 0.7325 0.265 0.035 0.06625
0 0.7 0.26375 0.0275 0.06875
0 0.61375 0.26875 0.0275 0.06125
0 0.58375 0.26375 0.02875 0.07125
0 0.54875 0.2675 0.02875 0.0625
0 0.5175 0.27 0.01875 0.06125
0 0.49125 0.26875 0.0325 0.06375
0 0.45625 0.2625 0.03125 0.0675
0 0.41375 0.27625 0.0525 0.04125
0 0.365 0.215 0.04125 0.035
0 0.36375 0.26875 0.04625 0.06125
0 0.33375 0.26875 0.01125 0.0625
0 0.3175 0.265 0.02 0.06625
0 0.29625 0.26125 0.02 0.075
0 0.41 0.38 0.02375 0.05
0 0.3325 0.64875 0.03 0.06375
0 0.37125 0.6525 0.03 0.0625
0 0.42 0.675 0.02375 0.01875
0 0.61875 0.725 0.04625 0.04625
0 0.57 0.72625 0.0475 0.0325
0 0.46625 0.735 0.0525 0.035
0 0.41125 0.72625 0.05 0.0375
0 0.36125 0.725 0.04625 0.0325
0 0.3075 0.71875 0.04875 0.0275
0 0.2575 0.73 0.025 0.0725
0 0.23125 0.735 0.02 0.06875
0 0.75375 0.65 0.02125 0.055
0 0.25875 0.27125 0.01625 0.0575
0 0.73125 0.65375 0.01625 0.06125
0 0.705 0.66375 0.0075 0.04375
0 0.69 0.6575 0.01875 0.0575
0 0.67125 0.655 0.01875 0.0625
0 0.60375 0.645 0.02375 0.06875
0 0.55375 0.64875 0.025 0.0625
0 0.52125 0.64625 0.0175 0.06625
0 0.50375 0.65125 0.01625 0.0625
0 0.47125 0.6525 0.02875 0.0675
0 0.44375 0.67625 0.02125 0.02375
0 0.71625 0.6625 0.01125 0.045
0 0.23375 0.21125 0.02625 0.08375
0 0.4425 0.475 0.02 0.05125
0 0.4675 0.4575 0.02375 0.02875
0 0.42 0.56125 0.015 0.0525
0 0.4375 0.56875 0.0175 0.055
0 0.455 0.57125 0.01125 0.0425
0 0.4675 0.565 0.01125 0.05375
0 0.48625 0.57125 0.025 0.0375
0 0.51375 0.55375 0.025 0.02625
0 0.515 0.5825 0.025 0.02625
0 0.5425 0.5525 0.025 0.02625
0 0.5425 0.58 0.02625 0.02625
0 0.39125 0.57625 0.03625 0.03125
0 0.5675 0.565 0.02375 0.05625
0 0.615 0.56375 0.02625 0.06125
0 0.63875 0.565 0.0225 0.0625
0 0.6775 0.53875 0.045 0.035
0 0.67375 0.575 0.04375 0.035
0 0.70875 0.5575 0.0125 0.05625
0 0.72625 0.565 0.015 0.035
0 0.74625 0.53625 0.025 0.02125
0 0.7575 0.57125 0.01875 0.04125
0 0.23625 0.6275 0.0175 0.07125
0 0.59 0.565 0.02 0.0575
0 0.36 0.55625 0.025 0.07
0 0.33625 0.56125 0.01875 0.05875
0 0.305 0.53 0.04 0.015
0 0.46875 0.4875 0.02375 0.02625
0 0.4975 0.46875 0.025 0.06125
0 0.5225 0.475 0.0225 0.04875
0 0.54875 0.4575 0.02125 0.02625
0 0.54875 0.48875 0.02375 0.025
0 0.57125 0.4725 0.01875 0.05625
0 0.59375 0.46125 0.02375 0.02625
0 0.595 0.48875 0.025 0.02375
0 0.6225 0.48875 0.03 0.02375
0 0.62125 0.4625 0.02875 0.0275
0 0.65 0.46125 0.02375 0.0275
0 0.65 0.48875 0.025 0.025
0 0.6875 0.475 0.0225 0.055
0 0.715 0.4875 0.03125 0.02875
0 0.7175 0.46 0.03 0.02625
0 0.745 0.47125 0.0175 0.06
0 0.76375 0.47375 0.01875 0.05375
0 0.76875 0.43875 0.02375 0.01375
0 0.2275 0.54 0.01375 0.06375
0 0.24625 0.54375 0.0225 0.05875
0 0.29375 0.57625 0.0525 0.0425
0 0.66625 0.71875 0.04375 0.035
0 0.22625 0.83125 0.0125 0.07375
0 0.245 0.83375 0.01875 0.065
0 0.26875 0.8325 0.02125 0.06125
0 0.605 0.0075 0.0525 0.0125
0 0.6075 0.035 0.05625 0.03875
0 0.65375 0.0275 0.03625 0.05375
0 0.40875 0.34375 0.0225 0.01875
0 0.42 0.46625 0.02 0.075
0 0.3975 0.47125 0.0175 0.0625
0 0.255 0.62875 0.01875 0.07125
0 0.34625 0.47375 0.0275 0.0575
0 0.3225 0.475 0.01875 0.05375
0 0.3 0.4625 0.0225 0.075
0 0.24375 0.4475 0.01625 0.06375
0 0.2275 0.42375 0.0125 0.02
0 0.775 0.3725 0.01125 0.06375
0 0.7525 0.3775 0.03 0.0525
0 0.7225 0.37625 0.02875 0.05625
0 0.69125 0.36875 0.025 0.07
0 0.66375 0.37375 0.0275 0.06125
0 0.6325 0.37375 0.02375 0.06375
0 0.60375 0.3725 0.0275 0.06625
0 0.55125 0.37375 0.02625 0.06125
0 0.52125 0.375 0.03125 0.0675
0 0.49125 0.365 0.0275 0.07875
0 0.44125 0.37125 0.03 0.0625
0 0.55 0.0325 0.0575 0.045
0 0.48875 0.03 0.06375 0.05125
0 0.37125 0.46875 0.02125 0.05875
0 0.36 0.025 0.06 0.04875
0 0.7025 0.81375 0.055 0.01875
0 0.72125 0.785 0.0475 0.03125
0 0.67375 0.78375 0.04125 0.025
0 0.62875 0.83 0.03375 0.0475
0 0.59 0.83625 0.0425 0.04375
0 0.58875 0.795 0.035 0.025
0 0.5375 0.84 0.04375 0.035
0 0.69 0.84375 0.04375 0.03375
0 0.5375 0.8 0.04375 0.04
0 0.49 0.79 0.04375 0.03
0 0.45125 0.85125 0.035 0.02125
0 0.45 0.83125 0.04 0.015
0 0.44875 0.81 0.03625 0.02375
0 0.4225 0.02625 0.0625 0.04625
0 0.35625 0.8 0.0425 0.04875
0 0.30875 0.81 0.03875 0.07
0 0.49375 0.83 0.03375 0.04
0 0.73375 0.84375 0.045 0.03125
0 0.44375 0.78625 0.035 0.01375
0 0.28875 0.66125 0.03375 0.04625
0 0.77 0.81875 0.02125 0.02875
0 0.29875 0.025 0.05875 0.04625
0 0.24375 0.025 0.04375 0.0475
0 0.76875 0.85 0.02375 0.03125
0 0.7725 0.7525 0.01625 0.065