0 0.85875 0.84 0.0325 0.04375
0 0.175 0.695 0.0475 0.0425
0 0.22375 0.6925 0.05 0.0425
0 0.275 0.69375 0.0475 0.045
0 0.325 0.69375 0.0475 0.045
0 0.375 0.6925 0.0525 0.0425
0 0.81625 0.83875 0.0475 0.04375
0 0.14 0.7375 0.02625 0.0425
0 0.2275 0.73875 0.04375 0.03875
0 0.275 0.73875 0.0475 0.0425
0 0.325 0.7375 0.045 0.0425
0 0.37375 0.73875 0.04625 0.0425
0 0.4225 0.7375 0.04625 0.0425
0 0.4725 0.73875 0.0475 0.045
0 0.17875 0.74 0.05 0.04125
0 0.765 0.84125 0.05125 0.04375
0 0.71125 0.835 0.0525 0.04125
0 0.86 0.79625 0.03 0.03875
0 0.70375 0.6175 0.04875 0.04375
0 0.755 0.6175 0.0475 0.0425
0 0.805 0.6175 0.05125 0.04375
0 0.85375 0.6175 0.04125 0.04375
0 0.70125 0.66375 0.04875 0.045
0 0.75375 0.6625 0.0475 0.0425
0 0.80375 0.66375 0.05 0.045
0 0.8525 0.66375 0.04375 0.045
0 0.71375 0.74375 0.05375 0.045
0 0.76875 0.74625 0.05125 0.045
0 0.8225 0.75 0.04875 0.04375
0 0.86375 0.74875 0.0225 0.05
0 0.71125 0.78875 0.05375 0.04125
0 0.76625 0.795 0.05 0.0425
0 0.81625 0.795 0.04875 0.03875
0 0.51875 0.69375 0.05 0.04625
0 0.77375 0.57 0.05375 0.0425
0 0.57125 0.695 0.05 0.0425
0 0.5725 0.74 0.05 0.04375
0 0.52375 0.83125 0.05 0.04375
0 0.575 0.83125 0.05125 0.04375
0 0.6275 0.83125 0.04875 0.0425
0 0.86375 0.33875 0.02125 0.11
0 0.13625 0.485 0.01875 0.08
0 0.1575 0.48125 0.0225 0.08375
0 0.57375 0.78625 0.05125 0.045
0 0.18 0.48 0.02125 0.0825
0 0.22625 0.47875 0.0225 0.08375
0 0.25 0.4775 0.02125 0.0875
0 0.27375 0.4775 0.02375 0.08625
0 0.2975 0.4775 0.02125 0.08125
0 0.32 0.4775 0.02375 0.08125
0 0.34375 0.47625 0.0225 0.085
0 0.2025 0.47875 0.0225 0.085
0 0.5225 0.785 0.05 0.04375
0 0.47375 0.83125 0.05 0.045
0 0.47375 0.78375 0.045 0.04125
0 0.625 0.78375 0.05125 0.04625
0 0.1425 0.78125 0.03125 0.04125
0 0.14375 0.82375 0.03375 0.04
0 0.18125 0.7825 0.04625 0.03625
0 0.18625 0.82625 0.04625 0.0425
0 0.23 0.7825 0.04625 0.04
0 0.23375 0.825 0.04625 0.0425
0 0.27625 0.78 0.0475 0.03875
0 0.28125 0.8275 0.04625 0.04375
0 0.32625 0.78375 0.04875 0.03875
0 0.33 0.8275 0.05 0.0425
0 0.375 0.78375 0.04375 0.0425
0 0.42375 0.785 0.05 0.0425
0 0.38 0.8275 0.04375 0.04375
0 0.425 0.82875 0.045 0.04375
0 0.52125 0.74 0.0475 0.04125
0 0.3675 0.475 0.0225 0.085
0 0.65125 0.60875 0.0525 0.04375
0 0.55125 0.61 0.04625 0.04375
0 0.1525 0.36125 0.03875 0.10875
0 0.18875 0.35875 0.03375 0.11125
0 0.22625 0.35875 0.03875 0.10875
0 0.26625 0.35625 0.03625 0.11125
0 0.30375 0.35625 0.0375 0.1125
0 0.34125 0.355 0.0325 0.11125
0 0.85625 0.20125 0.03625 0.115
0 0.3775 0.355 0.04125 0.11
0 0.45125 0.35125 0.0325 0.1125
0 0.4875 0.35125 0.0375 0.11375
0 0.53 0.35 0.04125 0.115
0 0.57 0.3475 0.03375 0.11625
0 0.6075 0.3475 0.03875 0.115
0 0.6475 0.345 0.04 0.1175
0 0.41625 0.3525 0.035 0.115
0 0.815 0.20125 0.04125 0.11375
0 0.77375 0.2025 0.04125 0.11
0 0.735 0.20625 0.03375 0.11625
0 0.1475 0.235 0.03125 0.10625
0 0.18125 0.23375 0.03 0.11
0 0.21625 0.23125 0.04125 0.10625
0 0.2575 0.2275 0.04 0.11375
0 0.29625 0.2275 0.03625 0.1125
0 0.33375 0.225 0.0375 0.11375
0 0.3725 0.225 0.03875 0.1125
0 0.41 0.22 0.03375 0.11875
0 0.44875 0.21875 0.04375 0.11875
0 0.49125 0.21875 0.035 0.12375
0 0.52875 0.21375 0.035 0.1175
0 0.56625 0.21375 0.04 0.11875
0 0.61 0.2125 0.0425 0.11625
0 0.65125 0.21 0.03625 0.11625
0 0.695 0.20875 0.04625 0.11375
0 0.6925 0.34125 0.04 0.1175
0 0.60125 0.61 0.04875 0.04375
0 0.7325 0.34 0.035 0.11625
0 0.80875 0.34 0.0275 0.1075
0 0.175 0.615 0.04375 0.04125
0 0.22125 0.615 0.045 0.04
0 0.26875 0.61375 0.0425 0.04125
0 0.31375 0.6125 0.04625 0.04375
0 0.36125 0.61375 0.04375 0.04375
0 0.40625 0.56625 0.04625 0.045
0 0.315 0.56875 0.0475 0.04375
0 0.455 0.5675 0.045 0.0425
0 0.4075 0.6125 0.04625 0.0425
0 0.455 0.61125 0.0475 0.04125
0 0.50375 0.61125 0.0475 0.0425
0 0.54875 0.565 0.04625 0.0425
0 0.59875 0.56375 0.04875 0.0425
0 0.65 0.56125 0.04625 0.04375
0 0.5025 0.565 0.04375 0.04
0 0.26625 0.56875 0.0475 0.0425
0 0.21875 0.57 0.04375 0.0425
0 0.1725 0.57125 0.04375 0.04125
0 0.48875 0.47125 0.0225 0.08375
0 0.51375 0.47375 0.0225 0.0825
0 0.5375 0.47125 0.02375 0.08625
0 0.56125 0.47 0.02 0.08375
0 0.58625 0.47 0.02375 0.085
0 0.6125 0.46875 0.02625 0.085
0 0.6375 0.47 0.0225 0.085
0 0.66 0.4675 0.02 0.08625
0 0.695 0.475 0.04375 0.12625
0 0.74 0.47375 0.0425 0.1275
0 0.7875 0.4725 0.045 0.12875
0 0.83375 0.47 0.04375 0.12875
0 0.86625 0.47 0.0175 0.1325
0 0.13875 0.57125 0.02375 0.04375
0 0.13875 0.6175 0.025 0.0425
0 0.7725 0.3375 0.0425 0.1175
0 0.3925 0.47375 0.02375 0.085
0 0.46375 0.47 0.025 0.0875
0 0.43875 0.4725 0.0225 0.08625
0 0.415 0.47375 0.02 0.08375