0 0.64125 0.64875 0.04625 0.04375
0 0.37 0.48125 0.04375 0.03
0 0.32375 0.48125 0.0425 0.03
0 0.27625 0.48 0.0425 0.02875
0 0.23125 0.48 0.0475 0.03
0 0.18625 0.48875 0.0325 0.07625
0 0.15 0.49 0.03 0.075
0 0.8575 0.32 0.025 0.12375
0 0.82125 0.32875 0.0375 0.1025
0 0.77875 0.36125 0.04375 0.04125
0 0.77875 0.315 0.0425 0.04625
0 0.72875 0.3575 0.0475 0.04375
0 0.73 0.31 0.04875 0.045
0 0.675 0.3575 0.04875 0.045
0 0.67625 0.30625 0.04625 0.055
0 0.635 0.34125 0.02875 0.08
0 0.60625 0.34125 0.0275 0.0775
0 0.575 0.33 0.03125 0.1
0 0.72875 0.16125 0.04625 0.04625
0 0.68875 0.64875 0.04875 0.04375
0 0.73 0.20875 0.04625 0.04375
0 0.78 0.2075 0.04875 0.0425
0 0.84125 0.1625 0.0575 0.1375
0 0.14375 0.33 0.02875 0.095
0 0.23 0.51 0.0425 0.03
0 0.18375 0.34625 0.045 0.06375
0 0.27125 0.3275 0.03125 0.1025
0 0.305 0.3275 0.03125 0.1025
0 0.34 0.3325 0.0375 0.0925
0 0.38125 0.3325 0.03875 0.09125
0 0.4825 0.3225 0.08125 0.115
0 0.54125 0.33125 0.03125 0.1025
0 0.23 0.34625 0.04375 0.06375
0 0.27625 0.51125 0.045 0.03
0 0.325 0.51125 0.04625 0.0275
0 0.37375 0.5125 0.04375 0.02875
0 0.66375 0.47625 0.03375 0.0975
0 0.70625 0.4625 0.04375 0.0425
0 0.7525 0.46125 0.04375 0.04125
0 0.72625 0.90875 0.02625 0.095
0 0.6975 0.91 0.0275 0.09375
0 0.66625 0.915 0.02875 0.08625
0 0.62875 0.47625 0.0325 0.1025
0 0.635 0.9175 0.0275 0.08625
0 0.57875 0.91375 0.0275 0.0925
0 0.54625 0.90375 0.0325 0.115
0 0.5125 0.90375 0.03 0.11125
0 0.47875 0.90375 0.03 0.1125
0 0.44625 0.90375 0.03125 0.11125
0 0.4075 0.9125 0.03375 0.09125
0 0.6075 0.9125 0.02625 0.09625
0 0.6875 0.1725 0.0325 0.11625
0 0.595 0.4825 0.02625 0.08875
0 0.52375 0.47625 0.035 0.1
0 0.1575 0.93625 0.04875 0.0625
0 0.2275 0.91375 0.07125 0.0875
0 0.3725 0.915 0.03 0.0875
0 0.80875 0.89875 0.1225 0.105
0 0.42 0.51 0.03375 0.03
0 0.45625 0.47 0.0325 0.1125
0 0.5625 0.475 0.0325 0.09875
0 0.49 0.46875 0.03 0.1125
0 0.55375 0.175 0.0325 0.1075
0 0.51875 0.17375 0.03125 0.11
0 0.48625 0.17125 0.03 0.1175
0 0.45375 0.1725 0.03125 0.115
0 0.36875 0.16875 0.12375 0.12375
0 0.2175 0.16 0.15125 0.14625
0 0.5875 0.17625 0.03 0.10875
0 0.65375 0.1825 0.03125 0.0975
0 0.77875 0.1625 0.0525 0.045
0 0.83375 0.75875 0.0725 0.11375
0 0.79 0.625 0.03625 0.0925
0 0.74375 0.64875 0.04875 0.04125
0 0.62125 0.175 0.03125 0.11
0 0.70625 0.50625 0.04375 0.04
0 0.7525 0.50375 0.045 0.0425
0 0.82375 0.46375 0.0925 0.12
0 0.16375 0.64375 0.035 0.06625
0 0.22625 0.62 0.07125 0.10875
0 0.82875 0.6225 0.0375 0.0925
0 0.745 0.60125 0.04625 0.04375
0 0.455 0.60625 0.04375 0.04
0 0.5 0.60625 0.04375 0.03875
0 0.54375 0.60625 0.04375 0.04
0 0.59 0.60625 0.045 0.04125
0 0.45625 0.65 0.0425 0.04125
0 0.50125 0.64875 0.0425 0.04125
0 0.5475 0.65 0.0425 0.0425
0 0.59125 0.65 0.045 0.0425
0 0.38 0.615 0.07625 0.10875
0 0.86 0.62125 0.02 0.09375
0 0.3025 0.6175 0.0775 0.1125
0 0.19375 0.76 0.03 0.12
0 0.1625 0.75875 0.02875 0.11375
0 0.395 0.755 0.05875 0.0425
0 0.395 0.7975 0.05875 0.03875
0 0.4425 0.77625 0.0325 0.08375
0 0.475 0.775 0.03 0.085
0 0.51 0.765 0.0325 0.10625
0 0.5425 0.7625 0.03125 0.11375
0 0.5775 0.76375 0.03375 0.11125
0 0.345 0.76375 0.03375 0.10625
0 0.64875 0.7675 0.03125 0.10125
0 0.685 0.7625 0.035 0.0375
0 0.61375 0.76875 0.03125 0.1025
0 0.7275 0.75125 0.04625 0.0475
0 0.7725 0.75125 0.04125 0.0425
0 0.72625 0.7975 0.04125 0.04125
0 0.77125 0.79625 0.0475 0.04375
0 0.3075 0.76375 0.03875 0.10875
0 0.26375 0.76375 0.03875 0.10875
0 0.225 0.76 0.02625 0.11875
0 0.685 0.8 0.03375 0.0325