0 0.705 0.3775 0.0275 0.05625
0 0.5775 0.3925 0.0225 0.03
0 0.6125 0.37375 0.0275 0.065
0 0.665 0.375 0.0325 0.065
0 0.5525 0.3675 0.015 0.06125
0 0.735 0.3925 0.01875 0.03
0 0.515 0.48875 0.0375 0.02625
0 0.43125 0.555 0.045 0.025
0 0.51875 0.44875 0.0425 0.03125
0 0.5625 0.4475 0.0425 0.03375
0 0.56375 0.4875 0.0425 0.0375
0 0.61 0.4875 0.03875 0.03375
0 0.60875 0.445 0.03875 0.03375
0 0.66125 0.48625 0.04625 0.03125
0 0.4625 0.46125 0.04625 0.0225
0 0.71625 0.485 0.0525 0.02875
0 0.76125 0.3825 0.02375 0.04875
0 0.46375 0.43625 0.0475 0.025
0 0.4975 0.87875 0.02625 0.05
0 0.465 0.3875 0.05375 0.02
0 0.705 0.44875 0.05125 0.0325
0 0.38125 0.56125 0.0425 0.0675
0 0.76 0.8725 0.025 0.0425
0 0.72125 0.8775 0.02625 0.05375
0 0.6925 0.8875 0.0275 0.06375
0 0.6625 0.8825 0.02375 0.06875
0 0.57 0.875 0.02625 0.03375
0 0.53375 0.885 0.0275 0.065
0 0.465 0.41 0.05125 0.02
0 0.46625 0.88625 0.03125 0.065
0 0.38625 0.8975 0.0275 0.0525
0 0.35375 0.9025 0.025 0.05375
0 0.27125 0.9075 0.04125 0.04125
0 0.45875 0.2425 0.05375 0.02875
0 0.4575 0.2725 0.05 0.025
0 0.4575 0.3025 0.04875 0.02375
0 0.45875 0.3325 0.06 0.02875
0 0.4625 0.36125 0.0575 0.02375
0 0.425 0.89375 0.02875 0.05625
0 0.76375 0.48125 0.035 0.03625
0 0.615 0.80125 0.05625 0.05875
0 0.25875 0.58375 0.05 0.02625
0 0.69375 0.14 0.03375 0.10375
0 0.65625 0.145 0.0375 0.10375
0 0.59 0.1825 0.065 0.02
0 0.3125 0.2225 0.0375 0.0975
0 0.2775 0.2175 0.03125 0.09875
0 0.24125 0.22 0.03625 0.10375
0 0.72625 0.15 0.03125 0.08875
0 0.27875 0.09625 0.06125 0.0675
0 0.68375 0.57 0.01375 0.04625
0 0.66375 0.56875 0.02625 0.04625
0 0.615 0.57375 0.02625 0.04
0 0.57875 0.56625 0.02625 0.0425
0 0.50375 0.56875 0.03125 0.0425
0 0.335 0.56 0.0475 0.08125
0 0.71 0.57125 0.025 0.0525
0 0.7575 0.14375 0.02875 0.09875
0 0.5225 0.27125 0.03375 0.06625
0 0.55 0.27375 0.01625 0.05875
0 0.27625 0.34375 0.055 0.065
0 0.3375 0.34125 0.06375 0.0725
0 0.55 0.6625 0.03375 0.01125
0 0.54875 0.67625 0.0325 0.01375
0 0.50625 0.65875 0.0425 0.05
0 0.4675 0.63375 0.02625 0.03125
0 0.7675 0.5575 0.02625 0.05
0 0.7375 0.56 0.02125 0.06625
0 0.76375 0.2675 0.03375 0.065
0 0.7325 0.26625 0.02375 0.06625
0 0.70375 0.2675 0.03125 0.0625
0 0.67125 0.26625 0.03125 0.0725
0 0.6375 0.27 0.03125 0.065
0 0.6 0.275 0.03125 0.055
0 0.57 0.27375 0.02 0.05625
0 0.425 0.685 0.04625 0.07
0 0.35875 0.69125 0.0425 0.0725
0 0.355 0.63875 0.0475 0.02375
0 0.415 0.7875 0.03 0.0475
0 0.55875 0.79625 0.05 0.0475
0 0.66875 0.8075 0.04375 0.05375
0 0.7375 0.79625 0.06 0.05
0 0.235 0.90375 0.03125 0.05
0 0.32 0.7825 0.0325 0.025
0 0.31625 0.73375 0.0325 0.0225
0 0.31875 0.70375 0.03625 0.02625
0 0.275 0.8175 0.0525 0.02
0 0.27375 0.79375 0.0525 0.0225
0 0.26875 0.76625 0.055 0.02375
0 0.27 0.73375 0.04875 0.0175
0 0.265 0.70875 0.05 0.02
0 0.26125 0.67625 0.05125 0.0275
0 0.265 0.64625 0.055 0.02875
0 0.26 0.615 0.05125 0.02375
0 0.485 0.8025 0.05 0.0525
0 0.26 0.555 0.05125 0.0275
0 0.7375 0.7175 0.03125 0.0225
0 0.66125 0.72625 0.03875 0.03125
0 0.3875 0.785 0.01875 0.04375
0 0.36 0.785 0.02625 0.04125
0 0.235 0.7875 0.0125 0.04875
0 0.32375 0.81125 0.0425 0.02
0 0.54875 0.6425 0.03125 0.01875
0 0.58125 0.65375 0.03 0.0675
0 0.62125 0.65 0.03125 0.0325
0 0.66625 0.66 0.0325 0.03125
0 0.72375 0.6525 0.04125 0.04625
0 0.76 0.64 0.02875 0.04375
0 0.46625 0.7325 0.02875 0.04875
0 0.49625 0.725 0.01875 0.05
0 0.52875 0.72375 0.03625 0.04625
0 0.5675 0.72125 0.04125 0.04
0 0.61375 0.71875 0.04875 0.035
0 0.70125 0.72375 0.02875 0.03875
0 0.46375 0.49 0.04875 0.02625