0 0.1525 0.7325 0.0525 0.04
0 0.2875 0.415 0.01875 0.08375
0 0.8625 0.67 0.025 0.08
0 0.7175 0.77 0.0425 0.0075
0 0.82625 0.2675 0.025 0.0825
0 0.19125 0.41625 0.06 0.03875
0 0.24 0.4175 0.03125 0.08
0 0.265 0.4 0.015 0.055
0 0.50375 0.41375 0.025 0.0925
0 0.36625 0.41875 0.025 0.08875
0 0.39375 0.41875 0.02625 0.08375
0 0.4275 0.42 0.0275 0.08125
0 0.465 0.42 0.03125 0.08125
0 0.5325 0.4175 0.025 0.08625
0 0.56 0.415 0.02125 0.09625
0 0.5825 0.415 0.02125 0.0925
0 0.825 0.67625 0.03625 0.075
0 0.20625 0.73375 0.0525 0.02625
0 0.3175 0.4225 0.0325 0.08625
0 0.14375 0.85 0.035 0.0575
0 0.60125 0.82375 0.03 0.00875
0 0.48875 0.81 0.04625 0.12875
0 0.71 0.8125 0.0425 0.00625
0 0.71375 0.825 0.04125 0.0125
0 0.6575 0.81 0.04375 0.0075
0 0.6575 0.8 0.045 0.00625
0 0.66 0.79 0.04625 0.00875
0 0.66 0.78125 0.04875 0.00625
0 0.66375 0.76875 0.04125 0.00875
0 0.66375 0.7575 0.04375 0.01
0 0.79625 0.6775 0.02875 0.0775
0 0.18875 0.84875 0.0425 0.0525
0 0.605 0.8125 0.03625 0.00875
0 0.60875 0.785 0.04375 0.01
0 0.61625 0.77125 0.04375 0.01
0 0.55375 0.77625 0.04375 0.01125
0 0.54 0.795 0.0425 0.01
0 0.54625 0.8075 0.045 0.00875
0 0.54125 0.82375 0.04125 0.01125
0 0.31 0.81 0.04625 0.1425
0 0.37125 0.79625 0.04625 0.11375
0 0.43375 0.79875 0.04875 0.11625
0 0.61 0.79625 0.0425 0.01
0 0.73875 0.6725 0.035 0.07875
0 0.275 0.665 0.03125 0.09375
0 0.65375 0.6675 0.03125 0.0925
0 0.4925 0.54625 0.02375 0.095
0 0.46625 0.5375 0.01625 0.09625
0 0.44125 0.5425 0.0275 0.10625
0 0.40875 0.5425 0.02875 0.105
0 0.37375 0.54625 0.025 0.0975
0 0.3425 0.5425 0.03 0.1025
0 0.3 0.53875 0.02625 0.0975
0 0.265 0.56125 0.0375 0.06375
0 0.21875 0.52375 0.04125 0.04375
0 0.1775 0.5275 0.04125 0.03125
0 0.14 0.5225 0.02125 0.0425
0 0.61 0.44875 0.01875 0.02375
0 0.8625 0.41875 0.02375 0.0825
0 0.83125 0.41625 0.035 0.08625
0 0.78625 0.415 0.0325 0.09125
0 0.74875 0.4175 0.0275 0.0875
0 0.7125 0.41625 0.025 0.0825
0 0.68 0.42 0.03 0.085
0 0.64 0.44875 0.03 0.02875
0 0.51875 0.54875 0.01875 0.09125
0 0.54625 0.56 0.02875 0.07
0 0.575 0.55 0.02 0.0925
0 0.60125 0.54875 0.0225 0.09125
0 0.6175 0.65125 0.03625 0.04625
0 0.615 0.69625 0.03625 0.03625
0 0.5725 0.66625 0.03375 0.09
0 0.5375 0.67 0.03125 0.08875
0 0.50125 0.67125 0.035 0.09
0 0.4675 0.67 0.02625 0.09125
0 0.44 0.66625 0.02375 0.0925
0 0.4175 0.6625 0.0175 0.0875
0 0.395 0.66625 0.02625 0.095
0 0.69375 0.66625 0.04125 0.0925
0 0.345 0.665 0.03125 0.09
0 0.21625 0.625 0.0625 0.015
0 0.86 0.54625 0.02375 0.09
0 0.8075 0.53875 0.05125 0.09125
0 0.765 0.54 0.03 0.10625
0 0.735 0.5625 0.02125 0.06
0 0.70875 0.5425 0.0275 0.10125
0 0.67875 0.545 0.0225 0.09875
0 0.65375 0.545 0.02 0.0975
0 0.62875 0.54625 0.02 0.0975
0 0.315 0.665 0.0275 0.0875
0 0.715 0.78125 0.0425 0.01
0 0.71125 0.79125 0.04125 0.00625
0 0.725 0.26625 0.02625 0.08875
0 0.415 0.30125 0.055 0.0275
0 0.41375 0.27125 0.05125 0.03
0 0.41375 0.23875 0.05 0.02875
0 0.71 0.74625 0.04375 0.00625
0 0.7675 0.82375 0.03875 0.01
0 0.77 0.81125 0.04 0.0075
0 0.7725 0.80125 0.045 0.01
0 0.7725 0.79 0.04125 0.0075
0 0.77125 0.78 0.03875 0.00875
0 0.77125 0.7675 0.0425 0.00875
0 0.765 0.745 0.04625 0.00875
0 0.65375 0.82375 0.04125 0.00875
0 0.825 0.8525 0.02125 0.0475
0 0.85 0.85625 0.02125 0.04875
0 0.8575 0.11 0.035 0.0525
0 0.41375 0.21 0.05 0.02625
0 0.47625 0.27125 0.0625 0.08625
0 0.5325 0.28375 0.04375 0.05875
0 0.57125 0.2625 0.02875 0.1
0 0.6025 0.26875 0.02625 0.09125
0 0.63375 0.26375 0.0275 0.09875
0 0.66375 0.26375 0.02375 0.095
0 0.695 0.265 0.02375 0.09125
0 0.75875 0.26625 0.0275 0.0875
0 0.795 0.27125 0.03375 0.08625
0 0.3725 0.2025 0.02625 0.02375
0 0.3275 0.20125 0.03125 0.0225
0 0.77125 0.75625 0.04125 0.00875
0 0.3325 0.2675 0.02875 0.09875
0 0.20875 0.09875 0.02625 0.1
0 0.3675 0.2675 0.035 0.10125
0 0.2675 0.1025 0.03125 0.09875
0 0.30375 0.105 0.03125 0.0875
0 0.70875 0.80125 0.03875 0.01
0 0.3375 0.10375 0.0325 0.09
0 0.375 0.10375 0.03125 0.09
0 0.4125 0.1025 0.035 0.08875
0 0.45 0.10375 0.03125 0.09125
0 0.48125 0.10375 0.02625 0.09
0 0.51125 0.10375 0.015 0.08375
0 0.53125 0.105 0.0225 0.08
0 0.56 0.09875 0.03 0.09125
0 0.23625 0.0925 0.02375 0.11875
0 0.6325 0.0925 0.03625 0.1075
0 0.59375 0.10125 0.0325 0.08875
0 0.29625 0.26625 0.03625 0.1
0 0.2325 0.28125 0.0325 0.07
0 0.71125 0.75625 0.04125 0.00875
0 0.195 0.27125 0.0275 0.07
0 0.26375 0.26625 0.02375 0.1
0 0.76625 0.0875 0.04125 0.12125
0 0.73 0.105 0.0275 0.0725
0 0.7 0.10375 0.025 0.07375
0 0.6675 0.09 0.03 0.1075
0 0.81375 0.08625 0.045 0.1125