0 0.44875 0.55 0.03 0.07125
0 0.81 0.2075 0.02875 0.10375
0 0.19375 0.3075 0.03125 0.08375
0 0.51125 0.55625 0.02875 0.07625
0 0.83875 0.205 0.0275 0.10875
0 0.86375 0.2075 0.02125 0.115
0 0.16125 0.30875 0.0325 0.0825
0 0.5425 0.5575 0.02375 0.06875
0 0.22625 0.30875 0.03375 0.085
0 0.48125 0.55375 0.0275 0.07375
0 0.41625 0.5475 0.02875 0.07875
0 0.7775 0.2075 0.03375 0.1
0 0.235 0.535 0.0375 0.06375
0 0.2975 0.31875 0.0225 0.08
0 0.85875 0.4575 0.03125 0.10125
0 0.82375 0.46 0.0375 0.095
0 0.7825 0.455 0.0425 0.08375
0 0.74125 0.4525 0.03625 0.0875
0 0.7025 0.44625 0.03375 0.09625
0 0.66625 0.44625 0.035 0.09375
0 0.63125 0.445 0.03125 0.09375
0 0.6975 0.2125 0.04625 0.08875
0 0.74625 0.2075 0.0275 0.1
0 0.29625 0.54375 0.03625 0.06125
0 0.32375 0.31875 0.03 0.08
0 0.85375 0.585 0.0425 0.0925
0 0.39 0.3175 0.03375 0.08875
0 0.26 0.42125 0.0325 0.08
0 0.29125 0.425 0.03 0.075
0 0.3225 0.4275 0.03125 0.08125
0 0.3525 0.425 0.02625 0.07625
0 0.39125 0.4325 0.03375 0.085
0 0.4275 0.43 0.0325 0.0875
0 0.4675 0.4325 0.04375 0.085
0 0.505 0.43875 0.02625 0.08875
0 0.535 0.44 0.02875 0.08875
0 0.5625 0.44 0.02375 0.085
0 0.195 0.42125 0.03125 0.08375
0 0.14375 0.4875 0.02625 0.0825
0 0.35625 0.3175 0.0325 0.0875
0 0.13375 0.34 0.0175 0.09375
0 0.84875 0.3375 0.03625 0.09375
0 0.78125 0.335 0.04 0.09
0 0.73125 0.33 0.045 0.09875
0 0.57375 0.565 0.025 0.08
0 0.6875 0.33 0.02625 0.09875
0 0.635 0.33125 0.02125 0.08875
0 0.5975 0.325 0.02625 0.08875
0 0.57125 0.32625 0.02625 0.09125
0 0.54125 0.325 0.02875 0.09375
0 0.51 0.3225 0.03375 0.08875
0 0.47375 0.3225 0.03875 0.09125
0 0.4275 0.31875 0.04125 0.0925
0 0.165 0.41125 0.025 0.07
0 0.605 0.5675 0.03125 0.07125
0 0.20125 0.76625 0.025 0.06625
0 0.14125 0.61 0.03125 0.09375
0 0.22125 0.20125 0.03 0.08
0 0.1875 0.2 0.03375 0.08
0 0.15625 0.20125 0.02625 0.07875
0 0.22625 0.4225 0.0325 0.08
0 0.17125 0.765 0.02875 0.0675
0 0.14 0.75375 0.02875 0.09875
0 0.84875 0.70625 0.03 0.07375
0 0.81 0.70875 0.03875 0.07375
0 0.7725 0.70625 0.03375 0.07875
0 0.73625 0.69625 0.0325 0.07875
0 0.70125 0.695 0.035 0.0725
0 0.66625 0.6925 0.0325 0.08125
0 0.63375 0.6875 0.03 0.07875
0 0.25375 0.19875 0.03375 0.08375
0 0.60125 0.685 0.03125 0.0825
0 0.53875 0.6775 0.0275 0.07625
0 0.50625 0.67125 0.03125 0.07
0 0.4775 0.665 0.02625 0.08125
0 0.44875 0.66125 0.03 0.075
0 0.4175 0.66 0.02625 0.07625
0 0.385 0.65625 0.03125 0.07375
0 0.355 0.65 0.0275 0.0875
0 0.32625 0.64375 0.02875 0.0775
0 0.29625 0.6425 0.03 0.085
0 0.26375 0.6375 0.0325 0.07625
0 0.2325 0.63375 0.02875 0.08125
0 0.205 0.6325 0.025 0.07625
0 0.1775 0.63125 0.02625 0.08
0 0.56875 0.67875 0.03125 0.075
0 0.2875 0.2 0.035 0.0875
0 0.3275 0.20125 0.04375 0.085
0 0.39375 0.20625 0.0375 0.0775
0 0.67 0.5725 0.03375 0.07375
0 0.70625 0.58375 0.03 0.06875
0 0.74 0.58375 0.03375 0.07
0 0.7775 0.5825 0.03375 0.09
0 0.85 0.8475 0.05 0.11625
0 0.78125 0.83875 0.03 0.1
0 0.75 0.8375 0.025 0.1
0 0.7175 0.84625 0.03125 0.075
0 0.68375 0.83875 0.035 0.06625
0 0.64875 0.83375 0.03125 0.075
0 0.615 0.82875 0.035 0.07
0 0.58125 0.8275 0.03 0.07375
0 0.55125 0.8225 0.0225 0.06375
0 0.525 0.81875 0.0275 0.06125
0 0.4975 0.8125 0.02625 0.0725
0 0.46 0.8075 0.03375 0.06875
0 0.43125 0.805 0.0225 0.0675
0 0.4075 0.80375 0.0225 0.07125
0 0.375 0.8 0.03 0.06375
0 0.34625 0.7925 0.02625 0.07625
0 0.31625 0.785 0.03 0.06875
0 0.28375 0.78125 0.03 0.07625
0 0.2575 0.7775 0.0225 0.0675
0 0.23125 0.7775 0.03125 0.06875
0 0.65375 0.21375 0.0375 0.0875
0 0.5825 0.20625 0.0475 0.09375
0 0.54 0.2075 0.0375 0.09125
0 0.50125 0.20625 0.0375 0.0875
0 0.465 0.20875 0.035 0.085
0 0.6375 0.5725 0.03125 0.07625