0 0.31625 0.53 0.0375 0.10625
0 0.76125 0.34375 0.0225 0.1025
0 0.395 0.51875 0.04 0.11375
0 0.355 0.53 0.035 0.105
0 0.25125 0.5325 0.09625 0.12125
0 0.16625 0.54375 0.06625 0.13375
0 0.0975 0.55 0.07125 0.1225
0 0.025 0.545 0.04625 0.08625
0 0.965 0.2775 0.0425 0.09625
0 0.93 0.34625 0.0375 0.07125
0 0.8775 0.33625 0.0575 0.1025
0 0.83125 0.33 0.02125 0.1075
0 0.02375 0.38125 0.04625 0.12125
0 0.08125 0.37625 0.06375 0.1075
0 0.475 0.52 0.03625 0.10375
0 0.13875 0.38375 0.0475 0.0975
0 0.23 0.34375 0.03 0.1725
0 0.28 0.35 0.0325 0.14375
0 0.31375 0.34125 0.03125 0.1625
0 0.35875 0.35 0.04125 0.1425
0 0.40625 0.36 0.05375 0.12125
0 0.4625 0.3475 0.0375 0.14125
0 0.5025 0.34125 0.0375 0.14875
0 0.5325 0.34125 0.0175 0.1075
0 0.5675 0.35 0.02625 0.11625
0 0.60375 0.3375 0.02625 0.105
0 0.63625 0.3475 0.0375 0.0875
0 0.6725 0.335 0.03 0.1225
0 0.71375 0.33625 0.055 0.11875
0 0.19 0.345 0.0475 0.17625
0 0.50625 0.50875 0.025 0.085
0 0.43375 0.50875 0.0325 0.08125
0 0.58875 0.5075 0.03375 0.0875
0 0.2875 0.66 0.06125 0.065
0 0.36375 0.655 0.06875 0.07375
0 0.42625 0.6425 0.055 0.065
0 0.50125 0.63375 0.07625 0.05375
0 0.57125 0.62625 0.0525 0.06625
0 0.63125 0.61625 0.06375 0.0625
0 0.21625 0.66875 0.075 0.07
0 0.68125 0.61125 0.035 0.065
0 0.7675 0.60125 0.05125 0.075
0 0.81125 0.59875 0.0375 0.08
0 0.8775 0.58875 0.04125 0.08625
0 0.90625 0.59 0.01625 0.0825
0 0.93625 0.5825 0.03875 0.06625
0 0.97375 0.5775 0.0325 0.0775
0 0.72 0.60625 0.03875 0.07125
0 0.5475 0.51 0.03125 0.09
0 0.12125 0.68625 0.08 0.0925
0 0.80625 0.47875 0.0375 0.1075
0 0.6225 0.5025 0.0325 0.095
0 0.66375 0.49375 0.0475 0.11375
0 0.7025 0.4975 0.02 0.0875
0 0.73125 0.49 0.035 0.1025
0 0.76875 0.4875 0.02875 0.095
0 0.04125 0.695 0.075 0.075
0 0.7975 0.33625 0.04625 0.1175
0 0.86625 0.48375 0.0425 0.11125
0 0.89875 0.4775 0.0225 0.115
0 0.93 0.465 0.03625 0.10375
0 0.97875 0.465 0.03875 0.11125
0 0.835 0.4825 0.02125 0.11625