0 0.73875 0.4625 0.0375 0.03375
0 0.71625 0.50375 0.035 0.04
0 0.675 0.50625 0.04375 0.04
0 0.65875 0.47 0.08125 0.02375
0 0.6275 0.5025 0.045 0.03875
0 0.4225 0.64375 0.0825 0.04625
0 0.265 0.61 0.05375 0.03625
0 0.25875 0.6475 0.0425 0.0375
0 0.32875 0.6475 0.09125 0.04125
0 0.51125 0.64625 0.08625 0.04125
0 0.59375 0.6475 0.0725 0.0475
0 0.65875 0.65375 0.045 0.035
0 0.52625 0.455 0.05125 0.03375
0 0.2675 0.57125 0.05125 0.0375
0 0.57625 0.4575 0.0425 0.04125
0 0.6 0.28125 0.055 0.02375
0 0.525 0.495 0.0475 0.04125
0 0.4675 0.35375 0.075 0.035
0 0.475 0.32 0.05625 0.02625
0 0.41125 0.31375 0.06375 0.0175
0 0.54375 0.31875 0.06125 0.02
0 0.5475 0.36 0.06875 0.035
0 0.70875 0.6575 0.04375 0.045
0 0.57625 0.5 0.04125 0.03375
0 0.6075 0.3175 0.0525 0.04125
0 0.66375 0.365 0.04875 0.04125
0 0.7325 0.3375 0.04875 0.02125
0 0.71875 0.36875 0.04625 0.04
0 0.7625 0.37 0.03375 0.0375
0 0.41 0.49 0.0525 0.04625
0 0.47 0.49375 0.06125 0.03875
0 0.60875 0.36125 0.04875 0.0425
0 0.7575 0.6625 0.04375 0.04375
0 0.36125 0.74125 0.04 0.0925
0 0.71 0.615 0.05 0.0375
0 0.765 0.88125 0.03 0.06125
0 0.72875 0.88125 0.0375 0.0625
0 0.68125 0.8875 0.04875 0.0575
0 0.67625 0.8325 0.04 0.04375
0 0.6325 0.88 0.04 0.065
0 0.39 0.34625 0.07375 0.04375
0 0.59 0.87875 0.03875 0.065
0 0.5475 0.88125 0.04 0.0675
0 0.50375 0.8775 0.0375 0.0725
0 0.415 0.87375 0.035 0.075
0 0.37125 0.875 0.0475 0.0775
0 0.3275 0.87 0.03875 0.08625
0 0.2625 0.8875 0.07125 0.05
0 0.2725 0.835 0.065 0.05
0 0.7375 0.76 0.04875 0.06
0 0.68 0.76125 0.045 0.06
0 0.63125 0.75625 0.04 0.06375
0 0.65625 0.6075 0.0475 0.035
0 0.6425 0.56125 0.04625 0.03875
0 0.69375 0.56875 0.0475 0.03875
0 0.74125 0.56875 0.045 0.0375
0 0.42125 0.585 0.07125 0.03625
0 0.34625 0.58 0.075 0.0375
0 0.75875 0.61625 0.04 0.0425
0 0.2525 0.7125 0.0625 0.0475
0 0.31125 0.74 0.05 0.09125
0 0.41 0.75375 0.04875 0.06
0 0.45625 0.755 0.03625 0.06125
0 0.50125 0.7575 0.04625 0.05875
0 0.54375 0.755 0.03 0.0625
0 0.58375 0.75375 0.0425 0.06
0 0.2525 0.76125 0.06375 0.0475
0 0.4575 0.875 0.04375 0.07125
0 0.26875 0.3375 0.05 0.04625
0 0.325 0.29375 0.0525 0.0425
0 0.69875 0.10625 0.05 0.03875
0 0.7525 0.1075 0.045 0.04125
0 0.25375 0.18625 0.045 0.04375
0 0.30375 0.195 0.05375 0.03875
0 0.305 0.15 0.05 0.04375
0 0.35875 0.15375 0.05375 0.04125
0 0.415 0.1575 0.05 0.04375
0 0.645 0.10375 0.05 0.03375
0 0.415 0.20125 0.05375 0.0375
0 0.4675 0.2075 0.04875 0.035
0 0.52 0.16875 0.04375 0.03125
0 0.5175 0.20875 0.0475 0.04375
0 0.56125 0.215 0.035 0.045
0 0.6075 0.2175 0.045 0.04125
0 0.565 0.18125 0.035 0.01875
0 0.32375 0.33875 0.0525 0.04375
0 0.46875 0.16625 0.05 0.0425
0 0.5925 0.09625 0.05 0.045
0 0.36 0.19625 0.0525 0.04125
0 0.4425 0.08125 0.0775 0.0525
0 0.525 0.0875 0.0825 0.0425
0 0.3325 0.25375 0.05 0.03
0 0.2825 0.25125 0.04375 0.03375
0 0.7525 0.23 0.04625 0.04125
0 0.745 0.18625 0.05125 0.03875
0 0.6975 0.18375 0.0375 0.04
0 0.7 0.22875 0.04875 0.0375
0 0.65375 0.2225 0.04125 0.045
0 0.26875 0.29375 0.04875 0.0375
0 0.255 0.0225 0.0475 0.03875
0 0.255 0.065 0.05 0.04125
0 0.30375 0.0325 0.04125 0.0425
0 0.3 0.075 0.0375 0.04
0 0.3625 0.07625 0.0825 0.04125