0 0.8025 0.6425 0.02 0.0475
0 0.5425 0.65625 0.04125 0.04875
0 0.39625 0.54625 0.01875 0.0425
0 0.41875 0.54125 0.01875 0.05
0 0.45875 0.52875 0.0475 0.0725
0 0.545 0.52875 0.025 0.0675
0 0.57 0.53375 0.025 0.065
0 0.5975 0.53 0.01875 0.06875
0 0.7725 0.64625 0.0325 0.04625
0 0.64875 0.6575 0.03125 0.0325
0 0.61625 0.66 0.02875 0.03125
0 0.58375 0.65875 0.02875 0.0375
0 0.3775 0.54625 0.01625 0.03875
0 0.5075 0.53 0.045 0.0725
0 0.63875 0.54375 0.0125 0.03875
0 0.4425 0.66625 0.0325 0.03625
0 0.3975 0.67125 0.0475 0.04125
0 0.35 0.67375 0.0425 0.03375
0 0.30375 0.66375 0.0375 0.06125
0 0.2525 0.67 0.0525 0.05
0 0.17 0.62 0.0775 0.0975
0 0.16375 0.47125 0.0625 0.14125
0 0.855 0.52625 0.035 0.05625
0 0.6225 0.545 0.01625 0.04
0 0.83625 0.64 0.02 0.045
0 0.6525 0.54375 0.015 0.04
0 0.675 0.5425 0.02 0.03625
0 0.7075 0.52875 0.0275 0.065
0 0.735 0.53 0.02375 0.05875
0 0.49 0.6525 0.055 0.06
0 0.155 0.8025 0.05875 0.07
0 0.865 0.85875 0.01875 0.095
0 0.28375 0.78875 0.0325 0.07625
0 0.47 0.94625 0.02625 0.09
0 0.49625 0.92875 0.02 0.11
0 0.52 0.925 0.02 0.10375
0 0.54375 0.9225 0.02125 0.1025
0 0.565 0.9225 0.02 0.0975
0 0.58875 0.91875 0.01875 0.1
0 0.43875 0.9475 0.03 0.08625
0 0.60625 0.90875 0.01625 0.1
0 0.65 0.8975 0.01125 0.09875
0 0.66625 0.8925 0.015 0.0975
0 0.69 0.89125 0.02 0.095
0 0.7175 0.895 0.02625 0.0975
0 0.745 0.91 0.025 0.07625
0 0.81 0.875 0.02875 0.11
0 0.63125 0.91125 0.0225 0.10625
0 0.2225 0.78875 0.065 0.0925
0 0.77625 0.83125 0.02 0.05125
0 0.84875 0.7425 0.015 0.0525
0 0.325 0.7875 0.03875 0.075
0 0.36375 0.7825 0.03375 0.0675
0 0.4 0.7825 0.03375 0.06625
0 0.43875 0.7775 0.03 0.0675
0 0.5175 0.77375 0.04 0.0625
0 0.565 0.77125 0.04125 0.06625
0 0.375 0.8975 0.0775 0.10875
0 0.56 0.72375 0.0325 0.01625
0 0.64375 0.76125 0.0325 0.06375
0 0.70625 0.755 0.04125 0.05375
0 0.74875 0.7475 0.01875 0.0625
0 0.77125 0.74875 0.01375 0.055
0 0.7925 0.75125 0.02 0.06375
0 0.8275 0.74875 0.02375 0.0575
0 0.60625 0.755 0.035 0.0825
0 0.77125 0.90375 0.02375 0.075
0 0.81 0.52875 0.03375 0.05625
0 0.23375 0.285 0.03125 0.06875
0 0.8675 0.3225 0.015 0.05875
0 0.8225 0.32125 0.03625 0.06125
0 0.78625 0.32 0.0275 0.06
0 0.73875 0.29875 0.05625 0.08625
0 0.64875 0.31125 0.03625 0.06
0 0.61625 0.31 0.01875 0.0575
0 0.5925 0.3025 0.0275 0.0625
0 0.56375 0.3025 0.02625 0.0625
0 0.53375 0.30125 0.02375 0.065
0 0.50625 0.30125 0.0275 0.06625
0 0.46375 0.2825 0.045 0.1025
0 0.765 0.185 0.02 0.07875
0 0.7425 0.18625 0.0175 0.0775
0 0.2425 0.40375 0.0325 0.065
0 0.71625 0.17 0.025 0.10625
0 0.67375 0.16375 0.02 0.1125
0 0.6525 0.16375 0.0175 0.10875
0 0.26875 0.28375 0.03625 0.07125
0 0.61875 0.1625 0.045 0.11125
0 0.56875 0.1525 0.04375 0.10875
0 0.51625 0.15125 0.05 0.1125
0 0.465 0.14625 0.04125 0.10875
0 0.415 0.14125 0.05 0.1175
0 0.365 0.145 0.035 0.07875
0 0.32125 0.15 0.04375 0.06375
0 0.275 0.14125 0.0425 0.07125
0 0.235 0.14375 0.03125 0.0625
0 0.185 0.09375 0.06 0.15625
0 0.69375 0.16875 0.015 0.105
0 0.28375 0.405 0.0375 0.0675
0 0.85 0.32375 0.01625 0.05625
0 0.375 0.4075 0.035 0.07
0 0.31375 0.275 0.04625 0.1
0 0.36 0.28375 0.03875 0.08875
0 0.4125 0.28 0.0475 0.09625
0 0.77 0.53125 0.0325 0.05625
0 0.15875 0.3025 0.0675 0.12
0 0.86125 0.1925 0.02625 0.10375
0 0.83 0.18625 0.02125 0.10375
0 0.8075 0.18625 0.01625 0.1
0 0.7875 0.18375 0.0175 0.105
0 0.3575 0.545 0.0175 0.04375
0 0.35875 0.4925 0.02 0.04875
0 0.3275 0.40625 0.04 0.07
0 0.31625 0.54625 0.01875 0.0425
0 0.29375 0.545 0.01875 0.0425
0 0.275 0.54625 0.015 0.0425
0 0.3375 0.5425 0.0175 0.045
0 0.23125 0.545 0.01625 0.045
0 0.41875 0.41 0.03125 0.06875
0 0.4525 0.41 0.02875 0.06375
0 0.25375 0.54375 0.02125 0.0425
0 0.5275 0.41625 0.03125 0.06375
0 0.56625 0.41125 0.04125 0.0725
0 0.605 0.40875 0.03625 0.07375
0 0.48875 0.4125 0.03 0.06375
0 0.6825 0.4125 0.04875 0.065
0 0.73375 0.41625 0.0475 0.0625
0 0.79625 0.425 0.03 0.0575
0 0.82875 0.42375 0.03375 0.05625
0 0.86125 0.42625 0.02625 0.055
0 0.64 0.4125 0.03 0.06375