0 0.385 0.29 0.03 0.12625
0 0.41875 0.2875 0.03625 0.13125
0 0.44875 0.2875 0.02375 0.1325
0 0.4775 0.29 0.0325 0.1275
0 0.2725 0.42625 0.055 0.1275
0 0.2225 0.42625 0.04375 0.1275
0 0.85 0.31 0.03375 0.11
0 0.8175 0.31 0.03 0.11
0 0.78875 0.30875 0.0275 0.11375
0 0.72 0.30625 0.03625 0.115
0 0.68625 0.30375 0.03 0.1125
0 0.6575 0.305 0.025 0.10875
0 0.6275 0.305 0.03 0.10625
0 0.60125 0.3 0.0225 0.11625
0 0.5775 0.29875 0.02375 0.115
0 0.55375 0.30375 0.025 0.105
0 0.53 0.30375 0.02125 0.105
0 0.50625 0.2925 0.025 0.13
0 0.35 0.28875 0.0325 0.125
0 0.75625 0.3075 0.03375 0.11125
0 0.32125 0.2875 0.0275 0.1225
0 0.6525 0.16 0.02 0.1075
0 0.2625 0.285 0.03125 0.12375
0 0.6725 0.1625 0.01875 0.11125
0 0.3925 0.03125 0.03125 0.055
0 0.215 0.13375 0.02625 0.12875
0 0.24 0.13 0.0225 0.13375
0 0.265 0.13125 0.02625 0.13375
0 0.29 0.13875 0.0225 0.1175
0 0.315 0.14 0.025 0.11875
0 0.34375 0.1375 0.02625 0.1275
0 0.37375 0.13 0.03 0.14125
0 0.405 0.13375 0.03 0.14625
0 0.435 0.1275 0.02875 0.15875
0 0.6025 0.13625 0.03 0.1525
0 0.2925 0.28875 0.0275 0.11875
0 0.575 0.13875 0.025 0.14875
0 0.52 0.12875 0.02125 0.165
0 0.31875 0.4275 0.03625 0.1225
0 0.49375 0.12625 0.03125 0.16
0 0.46375 0.12625 0.02625 0.15875
0 0.69625 0.1625 0.03 0.11125
0 0.72375 0.165 0.02375 0.11625
0 0.63 0.1375 0.02375 0.15375
0 0.77375 0.16875 0.02125 0.1125
0 0.795 0.17125 0.02125 0.1075
0 0.8225 0.16375 0.02625 0.12875
0 0.85375 0.16375 0.0325 0.13125
0 0.22875 0.285 0.03625 0.1225
0 0.54625 0.1375 0.03125 0.1475
0 0.74875 0.1675 0.025 0.11125
0 0.56625 0.43875 0.025 0.10375
0 0.41375 0.45625 0.04125 0.07
0 0.385 0.85 0.03875 0.0375
0 0.3525 0.8575 0.02625 0.08875
0 0.3275 0.8575 0.0225 0.09
0 0.29375 0.89 0.03875 0.02625
0 0.29375 0.85625 0.04 0.04125
0 0.26 0.8675 0.0275 0.08125
0 0.2325 0.8675 0.02625 0.0825
0 0.865 0.69875 0.02 0.08375
0 0.83875 0.7 0.0275 0.0825
0 0.38625 0.885 0.04125 0.0325
0 0.81125 0.70625 0.02625 0.07625
0 0.7475 0.69625 0.02 0.085
0 0.73 0.72125 0.0125 0.04625
0 0.70375 0.70125 0.03375 0.08875
0 0.66625 0.70125 0.04 0.09
0 0.625 0.7025 0.02 0.0925
0 0.60125 0.7025 0.02625 0.095
0 0.55125 0.695 0.015 0.09625
0 0.5325 0.7 0.02125 0.105
0 0.51 0.70375 0.02125 0.09625
0 0.77375 0.70125 0.03 0.07625
0 0.42125 0.845 0.02875 0.11375
0 0.44875 0.8425 0.02625 0.10875
0 0.4775 0.84125 0.03125 0.1125
0 0.17375 0.905 0.0425 0.105
0 0.13875 0.905 0.02625 0.10625
0 0.1675 0.7875 0.0475 0.11375
0 0.13375 0.7875 0.015 0.11375
0 0.1525 0.66 0.04 0.1275
0 0.15 0.52 0.0475 0.13
0 0.1625 0.36375 0.03125 0.1525
0 0.135 0.3625 0.01875 0.14625
0 0.145 0.20125 0.03875 0.155
0 0.85875 0.825 0.02375 0.09875
0 0.8325 0.82875 0.025 0.105
0 0.80625 0.82625 0.0275 0.10875
0 0.775 0.82375 0.03375 0.10375
0 0.72875 0.835 0.01625 0.0975
0 0.705 0.83625 0.02875 0.0975
0 0.6775 0.835 0.0225 0.1025
0 0.65375 0.84875 0.0225 0.0725
0 0.63 0.84 0.02375 0.09125
0 0.6025 0.8425 0.02875 0.09625
0 0.5725 0.84375 0.03125 0.09375
0 0.54 0.845 0.03125 0.09625
0 0.48625 0.705 0.025 0.09875
0 0.38125 0.44 0.02 0.10125
0 0.45625 0.7075 0.03 0.09
0 0.36875 0.71 0.02 0.09375
0 0.3 0.5625 0.02625 0.115
0 0.26875 0.565 0.03375 0.12
0 0.2325 0.5675 0.0375 0.11625
0 0.865 0.44625 0.02 0.09875
0 0.83375 0.47875 0.035 0.03
0 0.80125 0.455 0.02375 0.07375
0 0.7725 0.45125 0.025 0.08625
0 0.7425 0.45125 0.0325 0.0875
0 0.72 0.44625 0.01125 0.09875
0 0.33125 0.56625 0.0325 0.11625
0 0.69875 0.445 0.02875 0.095
0 0.6475 0.44 0.03 0.10375
0 0.6125 0.44 0.02375 0.10375
0 0.59 0.44 0.02125 0.10375
0 0.54125 0.4375 0.02375 0.10875
0 0.51625 0.43625 0.025 0.10875
0 0.4925 0.43375 0.015 0.1075
0 0.4725 0.435 0.02375 0.11125
0 0.4475 0.45625 0.02375 0.07125
0 0.44375 0.39125 0.035 0.0475
0 0.6725 0.44 0.01875 0.10375
0 0.365 0.565 0.0325 0.115
0 0.39375 0.56625 0.02625 0.115
0 0.4225 0.56375 0.0275 0.11
0 0.34625 0.71375 0.025 0.08625
0 0.3175 0.71625 0.03125 0.0925
0 0.2875 0.71875 0.0275 0.0875
0 0.2575 0.72 0.03 0.09125
0 0.2275 0.7225 0.03 0.0875
0 0.85375 0.57125 0.0325 0.09375
0 0.82625 0.57 0.02125 0.09125
0 0.8025 0.5725 0.025 0.08625
0 0.77375 0.57375 0.02875 0.09
0 0.745 0.57125 0.02875 0.095
0 0.715 0.57125 0.03 0.09375
0 0.68625 0.5775 0.02625 0.08
0 0.6575 0.5775 0.03 0.08125
0 0.63125 0.5675 0.0225 0.10125
0 0.6025 0.575 0.03375 0.0875
0 0.575 0.565 0.01875 0.10625
0 0.55375 0.56625 0.0225 0.10625
0 0.53375 0.5625 0.01875 0.11125
0 0.51 0.565 0.0275 0.11375
0 0.48375 0.565 0.0225 0.11375
0 0.45125 0.56375 0.02875 0.10875
0 0.39375 0.70875 0.02625 0.09125
0 0.50875 0.84 0.03 0.10875
0 0.35375 0.42875 0.0325 0.12375