0 0.2875 0.16 0.04 0.10875
0 0.1475 0.15875 0.03 0.105
0 0.18375 0.16 0.03375 0.10125
0 0.245 0.16625 0.04125 0.0975
0 0.325 0.1625 0.025 0.11125
0 0.80625 0.19375 0.02375 0.0825
0 0.46875 0.18 0.025 0.0875
0 0.26625 0.80125 0.03375 0.0825
0 0.3 0.79625 0.03125 0.08375
0 0.335 0.7975 0.03 0.09
0 0.155 0.9025 0.02625 0.08125
0 0.18625 0.9025 0.02625 0.07875
0 0.215 0.90125 0.02375 0.07875
0 0.245 0.9025 0.02375 0.07875
0 0.27375 0.90375 0.02125 0.0825
0 0.305 0.9 0.02375 0.08
0 0.33375 0.9025 0.025 0.085
0 0.37375 0.8875 0.03 0.11375
0 0.41 0.885 0.02875 0.11375
0 0.2 0.8025 0.03625 0.08375
0 0.4475 0.8825 0.03625 0.11125
0 0.5225 0.87875 0.0275 0.10875
0 0.565 0.8825 0.03375 0.10875
0 0.85125 0.83875 0.04125 0.03
0 0.3725 0.75125 0.03 0.11
0 0.41125 0.72875 0.02875 0.11125
0 0.445 0.72875 0.03 0.11
0 0.52 0.76 0.02625 0.10875
0 0.555 0.76 0.025 0.09875
0 0.5825 0.75875 0.025 0.105
0 0.6175 0.6925 0.03875 0.065
0 0.725 0.72625 0.05875 0.04
0 0.72625 0.7825 0.0625 0.04625
0 0.49 0.8825 0.02625 0.11
0 0.7875 0.705 0.04625 0.06125
0 0.15875 0.8025 0.03 0.0825
0 0.15875 0.69875 0.03375 0.09375
0 0.3975 0.165 0.10375 0.115
0 0.6975 0.2825 0.06875 0.0625
0 0.6925 0.35125 0.0625 0.06625
0 0.75625 0.35375 0.05625 0.06
0 0.835 0.29375 0.0625 0.06875
0 0.83125 0.36 0.0625 0.06
0 0.15625 0.4675 0.03875 0.07875
0 0.195 0.4675 0.03 0.08
0 0.24625 0.4675 0.06 0.07875
0 0.3225 0.46625 0.07375 0.08125
0 0.14625 0.5825 0.03 0.1
0 0.18125 0.58125 0.0275 0.1
0 0.33375 0.69 0.0325 0.0875
0 0.22125 0.5825 0.03875 0.10375
0 0.295 0.59125 0.02375 0.0875
0 0.325 0.59 0.02375 0.0825
0 0.35375 0.575 0.02375 0.07375
0 0.39 0.5725 0.02625 0.09125
0 0.4175 0.5725 0.02375 0.095
0 0.44 0.5725 0.01625 0.0875
0 0.465 0.58375 0.02875 0.10875
0 0.49375 0.59 0.0225 0.10375
0 0.52125 0.58875 0.02125 0.10375
0 0.545 0.59 0.02 0.10125
0 0.57625 0.59125 0.0275 0.10875
0 0.605 0.5875 0.02125 0.10375
0 0.25875 0.59125 0.03125 0.0825
0 0.7875 0.775 0.04625 0.06125
0 0.48125 0.71875 0.03 0.10375
0 0.845 0.71 0.045 0.065
0 0.63625 0.18625 0.02125 0.085
0 0.61 0.185 0.02125 0.08
0 0.5825 0.1875 0.0225 0.085
0 0.55375 0.18125 0.02625 0.0775
0 0.52625 0.18375 0.0225 0.0875
0 0.83875 0.77375 0.04125 0.055
0 0.82625 0.61625 0.01625 0.05625
0 0.85125 0.61875 0.01625 0.0525
0 0.42 0.4525 0.01875 0.11
0 0.44625 0.45 0.01875 0.10875
0 0.47625 0.4525 0.0225 0.11375
0 0.505 0.45125 0.02625 0.11125
0 0.6675 0.1875 0.02625 0.0775
0 0.535 0.455 0.02375 0.11125
0 0.59 0.46125 0.02 0.115
0 0.6175 0.455 0.0225 0.10625
0 0.64375 0.45875 0.01625 0.1075
0 0.6675 0.45625 0.02375 0.10375
0 0.695 0.45875 0.0225 0.11375
0 0.72375 0.4575 0.02625 0.11375
0 0.75125 0.46 0.015 0.1075
0 0.77375 0.45875 0.0225 0.105
0 0.80125 0.46125 0.01875 0.11
0 0.86 0.46 0.02875 0.11
0 0.83 0.46125 0.0225 0.10875
0 0.49875 0.18125 0.02875 0.0825
0 0.56375 0.45375 0.0225 0.11
0 0.69625 0.19 0.02 0.0825
0 0.80125 0.62125 0.01375 0.05125
0 0.75125 0.19 0.0225 0.08125
0 0.6325 0.57625 0.0175 0.09375
0 0.65875 0.5775 0.02375 0.08875
0 0.6325 0.34375 0.04625 0.0775
0 0.6975 0.62 0.02 0.06125
0 0.725 0.62125 0.0225 0.06125
0 0.72375 0.1875 0.025 0.075
0 0.7825 0.6225 0.02 0.055
0 0.80375 0.56375 0.02 0.0525
0 0.83 0.56 0.01875 0.0525
0 0.8575 0.56125 0.01875 0.04875
0 0.57875 0.34375 0.04375 0.08
0 0.52625 0.34125 0.0525 0.0775
0 0.48125 0.33875 0.02875 0.08125
0 0.75625 0.62375 0.0225 0.0625
0 0.415 0.33625 0.0275 0.08125
0 0.77875 0.19125 0.02625 0.0775
0 0.44375 0.33875 0.02375 0.075
0 0.835 0.195 0.025 0.07625
0 0.15375 0.3175 0.03375 0.10875
0 0.1875 0.32 0.025 0.10375
0 0.22375 0.32125 0.0325 0.10125
0 0.86375 0.19625 0.02125 0.07875
0 0.26 0.32 0.03125 0.1025
0 0.29625 0.3225 0.03 0.10125
0 0.3275 0.32125 0.02375 0.105
0 0.3625 0.33375 0.02625 0.0875
0 0.38875 0.335 0.0225 0.08375