0 0.1525 0.27625 0.055 0.06125
0 0.21 0.28875 0.05875 0.03625
0 0.38 0.18 0.06 0.0625
0 0.35375 0.28125 0.075 0.0575
0 0.42125 0.2925 0.0575 0.0375
0 0.14875 0.17625 0.0475 0.0575
0 0.14875 0.11625 0.0475 0.06125
0 0.205 0.175 0.05875 0.05875
0 0.26375 0.17625 0.0575 0.0625
0 0.32125 0.17875 0.05625 0.05875
0 0.2775 0.2825 0.07125 0.0525
0 0.21375 0.25375 0.055 0.02875
0 0.32875 0.13125 0.0575 0.0325
0 0.4425 0.19125 0.05625 0.04125
0 0.22875 0.51625 0.05125 0.0325
0 0.44375 0.5175 0.0525 0.0325
0 0.44375 0.55 0.0525 0.03375
0 0.3925 0.55 0.04875 0.0325
0 0.34 0.55125 0.05 0.03
0 0.28625 0.55125 0.0525 0.03375
0 0.23125 0.55125 0.05625 0.0325
0 0.18375 0.54 0.03625 0.0275
0 0.1425 0.5375 0.03375 0.05875
0 0.8525 0.5075 0.045 0.0325
0 0.85125 0.54 0.04625 0.03
0 0.51625 0.52375 0.08875 0.065
0 0.60375 0.525 0.08625 0.0625
0 0.4425 0.105 0.06 0.0425
0 0.3275 0.0975 0.0575 0.035
0 0.27125 0.12375 0.05375 0.04375
0 0.515 0.17625 0.09 0.06875
0 0.60375 0.17875 0.08375 0.0725
0 0.66875 0.205 0.04125 0.02125
0 0.66875 0.175 0.04125 0.035
0 0.72625 0.19875 0.05875 0.03625
0 0.71625 0.17 0.0525 0.025
0 0.71625 0.1375 0.0525 0.03625
0 0.84625 0.2 0.05625 0.0375
0 0.69375 0.5225 0.07875 0.0625
0 0.28375 0.5175 0.05375 0.0325
0 0.33875 0.5175 0.05375 0.03375
0 0.39125 0.51625 0.04875 0.0325
0 0.1475 0.45125 0.04375 0.05875
0 0.79125 0.28375 0.08125 0.0675
0 0.80125 0.35375 0.0925 0.07
0 0.7225 0.2875 0.045 0.06125
0 0.725 0.35375 0.05625 0.06625
0 0.64375 0.28625 0.11 0.06625
0 0.53125 0.2875 0.10875 0.07125
0 0.6425 0.35375 0.105 0.06625
0 0.53125 0.35625 0.10875 0.0675
0 0.14875 0.365 0.04625 0.0575
0 0.44625 0.37875 0.0525 0.035
0 0.39125 0.37875 0.055 0.035
0 0.3325 0.37875 0.055 0.03375
0 0.78 0.1625 0.06375 0.0325
0 0.27375 0.3775 0.0575 0.035
0 0.77 0.4425 0.06625 0.0675
0 0.7 0.4425 0.06875 0.06875
0 0.615 0.445 0.10125 0.065
0 0.515 0.445 0.08875 0.06875
0 0.44375 0.4275 0.05375 0.035
0 0.44375 0.4625 0.0525 0.035
0 0.38875 0.42625 0.055 0.03375
0 0.39125 0.4625 0.05125 0.035
0 0.33375 0.42625 0.05625 0.03375
0 0.3375 0.46125 0.05375 0.03375
0 0.2725 0.4625 0.055 0.035
0 0.215 0.46125 0.055 0.035
0 0.21625 0.3775 0.05625 0.0375
0 0.77875 0.12625 0.065 0.03875
0 0.78625 0.2 0.05625 0.03375
0 0.14125 0.615 0.03125 0.05375
0 0.38875 0.61 0.04875 0.05
0 0.325 0.615 0.0725 0.0525
0 0.25375 0.615 0.0675 0.05125
0 0.44 0.14875 0.05625 0.04125
0 0.51125 0.6725 0.07875 0.045
0 0.44375 0.67625 0.0475 0.04875
0 0.385 0.6775 0.06875 0.05
0 0.315 0.68 0.06875 0.0525
0 0.2525 0.68 0.0525 0.0475
0 0.20125 0.6725 0.045 0.03375
0 0.1425 0.6825 0.035 0.05
0 0.585 0.68 0.05125 0.0425
0 0.65 0.67125 0.07625 0.0425
0 0.71625 0.67125 0.04875 0.02875
0 0.78375 0.66625 0.07875 0.045
0 0.85 0.6775 0.04875 0.03125
0 0.83 0.735 0.0525 0.05125
0 0.705 0.74125 0.05 0.045
0 0.655 0.7425 0.0475 0.04375
0 0.60625 0.74375 0.04625 0.045
0 0.53375 0.7475 0.0975 0.04875
0 0.45875 0.74125 0.04625 0.0475
0 0.41 0.745 0.04625 0.0475
0 0.33375 0.75 0.10125 0.04875
0 0.2525 0.75125 0.0525 0.0475
0 0.44125 0.61 0.04875 0.04875
0 0.52 0.60125 0.0875 0.0625
0 0.60625 0.60125 0.08375 0.0625
0 0.69375 0.60125 0.07875 0.0575
0 0.84125 0.13 0.055 0.035
0 0.8425 0.16625 0.055 0.02875
0 0.4975 0.03375 0.03875 0.06
0 0.19625 0.7525 0.05625 0.0575
0 0.60125 0.035 0.05625 0.0625
0 0.6575 0.035 0.0525 0.06625
0 0.71 0.035 0.04625 0.06625
0 0.75125 0.04375 0.03125 0.055
0 0.545 0.03375 0.05375 0.06125
0 0.8175 0.04625 0.0325 0.0575
0 0.7825 0.04375 0.03375 0.05625
0 0.7725 0.5975 0.0775 0.055
0 0.84375 0.60875 0.0525 0.03375
0 0.76625 0.5175 0.065 0.05375
0 0.145 0.7525 0.04 0.05375
0 0.1875 0.02875 0.035 0.0525
0 0.225 0.0275 0.04125 0.05375
0 0.85375 0.04875 0.035 0.055
0 0.15125 0.0275 0.035 0.0525