0 0.7425 0.2825 0.01625 0.07875
0 0.71625 0.26375 0.02375 0.05625
0 0.6875 0.26625 0.025 0.05375
0 0.655 0.26875 0.02625 0.05
0 0.35625 0.7275 0.07875 0.18875
0 0.70125 0.455 0.025 0.04125
0 0.765 0.28375 0.02375 0.08
0 0.85625 0.27625 0.02125 0.08625
0 0.81125 0.28 0.0175 0.08
0 0.8325 0.27625 0.01625 0.09
0 0.6025 0.2675 0.02375 0.0525
0 0.8525 0.53625 0.0425 0.07875
0 0.77375 0.5375 0.0975 0.0725
0 0.7925 0.45875 0.11625 0.05375
0 0.80375 0.37375 0.14125 0.05
0 0.715 0.33875 0.02 0.0475
0 0.6925 0.3375 0.02 0.0475
0 0.79 0.2825 0.0175 0.0825
0 0.57875 0.2675 0.0175 0.0525
0 0.34375 0.2675 0.0325 0.05375
0 0.52625 0.2675 0.0225 0.0575
0 0.15875 0.7775 0.06 0.1025
0 0.82125 0.61875 0.10375 0.0575
0 0.8325 0.7125 0.08375 0.06875
0 0.37875 0.5625 0.02125 0.04625
0 0.3525 0.56 0.02375 0.0475
0 0.215 0.7775 0.0475 0.10375
0 0.27375 0.7725 0.0625 0.1075
0 0.44375 0.26625 0.02875 0.0575
0 0.555 0.26375 0.025 0.05625
0 0.47375 0.2675 0.01875 0.05875
0 0.30125 0.5625 0.025 0.05
0 0.25875 0.53125 0.045 0.11125
0 0.20625 0.5375 0.04875 0.10375
0 0.40875 0.56125 0.02375 0.04125
0 0.2925 0.27 0.035 0.06
0 0.37875 0.27375 0.02625 0.05625
0 0.41125 0.26875 0.02875 0.0475
0 0.49875 0.2675 0.02375 0.05625
0 0.3275 0.5625 0.0225 0.04875
0 0.4325 0.5625 0.0175 0.045
0 0.67125 0.45375 0.0275 0.04375
0 0.325 0.17875 0.02375 0.06875
0 0.5675 0.455 0.025 0.0375
0 0.54125 0.4575 0.02 0.045
0 0.515 0.455 0.025 0.04
0 0.48125 0.45625 0.0225 0.04375
0 0.4575 0.45375 0.02 0.04375
0 0.425 0.46 0.02125 0.0375
0 0.40125 0.45625 0.025 0.04125
0 0.37375 0.45625 0.02125 0.04125
0 0.34625 0.4575 0.02375 0.0425
0 0.3175 0.45875 0.02 0.04375
0 0.29375 0.46 0.02125 0.04375
0 0.46 0.7825 0.11875 0.08625
0 0.59125 0.7825 0.125 0.0775
0 0.45625 0.6925 0.1125 0.05375
0 0.57125 0.685 0.10625 0.055
0 0.69 0.67875 0.11125 0.07125
0 0.72875 0.78375 0.11875 0.08375
0 0.865 0.1575 0.01875 0.1025
0 0.83875 0.15875 0.0275 0.1075
0 0.80875 0.16 0.02875 0.10375
0 0.46625 0.6275 0.1125 0.0625
0 0.5775 0.6225 0.105 0.06375
0 0.6975 0.61375 0.115 0.05375
0 0.58 0.34 0.02125 0.04375
0 0.60125 0.33875 0.0175 0.045
0 0.59 0.4525 0.02125 0.04625
0 0.62125 0.45375 0.0225 0.03875
0 0.55625 0.34 0.02125 0.04375
0 0.5275 0.3375 0.02375 0.05375
0 0.3 0.5075 0.02 0.04125
0 0.70625 0.4025 0.025 0.04125
0 0.68 0.405 0.025 0.04125
0 0.6525 0.40625 0.025 0.04
0 0.6 0.4025 0.025 0.04125
0 0.5725 0.40625 0.025 0.04125
0 0.54625 0.40125 0.0225 0.03875
0 0.51875 0.39875 0.0225 0.04375
0 0.48875 0.39875 0.0225 0.04375
0 0.4675 0.4 0.01625 0.045
0 0.44125 0.4 0.02125 0.04625
0 0.415 0.4 0.02 0.04625
0 0.2975 0.17875 0.025 0.06875
0 0.38625 0.405 0.02125 0.04625
0 0.32375 0.40375 0.02125 0.04625
0 0.28875 0.40625 0.02125 0.04625
0 0.28375 0.3425 0.02625 0.04625
0 0.64375 0.45375 0.0175 0.04
0 0.3125 0.34125 0.0275 0.04625
0 0.34125 0.34125 0.0275 0.04625
0 0.37 0.34125 0.0225 0.04625
0 0.39625 0.34 0.0225 0.04625
0 0.42125 0.3425 0.0225 0.04625
0 0.44625 0.3425 0.02375 0.04625
0 0.47125 0.34125 0.02375 0.04625
0 0.5 0.34 0.02375 0.05375
0 0.355 0.40375 0.02125 0.04625
0 0.3225 0.50875 0.02 0.04125
0 0.83375 0.78375 0.0825 0.0675
0 0.37875 0.51125 0.02 0.03375
0 0.67625 0.56 0.02 0.0425
0 0.355 0.50875 0.02 0.03375
0 0.62 0.55875 0.02 0.0425
0 0.59625 0.5625 0.02 0.0425
0 0.57 0.56 0.025 0.0375
0 0.53875 0.56375 0.0225 0.035
0 0.5125 0.56125 0.0225 0.0425
0 0.48125 0.5625 0.02125 0.03875
0 0.4575 0.5625 0.01875 0.04125
0 0.74875 0.19 0.025 0.0425
0 0.7775 0.18875 0.02125 0.04375
0 0.77875 0.14 0.025 0.0425
0 0.75125 0.1425 0.025 0.04375
0 0.71375 0.18125 0.02625 0.065
0 0.685 0.1775 0.02375 0.06625
0 0.655 0.17875 0.02625 0.06375
0 0.62625 0.18 0.0225 0.0675
0 0.5975 0.1775 0.02875 0.0725
0 0.56875 0.1825 0.0225 0.05875
0 0.54125 0.18 0.0225 0.06625
0 0.51625 0.18125 0.02 0.07125
0 0.49 0.18 0.02375 0.07375
0 0.46125 0.18125 0.02375 0.07375
0 0.4325 0.17875 0.02875 0.0725
0 0.40375 0.18 0.0225 0.0725
0 0.3775 0.18375 0.02625 0.07
0 0.34875 0.18 0.02 0.07
0 0.70125 0.56375 0.02 0.0425
0 0.7025 0.5075 0.02 0.0425
0 0.6425 0.5625 0.02 0.0425
0 0.48375 0.50875 0.02 0.03375
0 0.40625 0.50625 0.02 0.03375
0 0.6125 0.50625 0.02 0.0425
0 0.43 0.50875 0.02 0.03375
0 0.635 0.50875 0.02 0.0425
0 0.4575 0.505 0.02 0.03375
0 0.15125 0.5375 0.05125 0.10875
0 0.675 0.51 0.02 0.0425
0 0.51 0.50625 0.02 0.03375
0 0.58375 0.50875 0.02125 0.03125
0 0.5325 0.5075 0.02125 0.03125
0 0.56125 0.50875 0.01875 0.03125
0 0.67125 0.34 0.02 0.0475
0 0.64625 0.34 0.02 0.0475
0 0.62375 0.34 0.02 0.0475