0 0.25 0.68625 0.05875 0.045
0 0.48 0.54625 0.0275 0.095
0 0.44875 0.55125 0.03 0.0875
0 0.39 0.54625 0.03 0.095
0 0.3575 0.5475 0.03375 0.09375
0 0.26625 0.5875 0.0525 0.05
0 0.22875 0.5925 0.01875 0.04
0 0.20375 0.67375 0.02625 0.06875
0 0.14875 0.5925 0.0325 0.04875
0 0.1425 0.68375 0.035 0.05375
0 0.17625 0.67125 0.025 0.06125
0 0.31375 0.5875 0.045 0.0525
0 0.18375 0.59 0.03625 0.055
0 0.8125 0.56625 0.02875 0.04
0 0.53875 0.54625 0.03125 0.095
0 0.855 0.40125 0.02125 0.06125
0 0.3125 0.685 0.06125 0.04625
0 0.76625 0.47 0.04125 0.04625
0 0.81625 0.47 0.035 0.05125
0 0.86125 0.48 0.0275 0.06125
0 0.86625 0.56625 0.01625 0.04375
0 0.50875 0.545 0.0275 0.0925
0 0.84 0.5625 0.0225 0.04625
0 0.75625 0.56375 0.0275 0.04625
0 0.7225 0.55 0.0325 0.07625
0 0.66 0.5475 0.02875 0.0825
0 0.63125 0.55125 0.0275 0.0775
0 0.6 0.5475 0.03 0.085
0 0.56875 0.54625 0.02625 0.0925
0 0.7825 0.56375 0.025 0.045
0 0.36 0.67 0.03 0.0675
0 0.28125 0.7725 0.0275 0.09125
0 0.42 0.6575 0.0275 0.09
0 0.82625 0.39625 0.02875 0.04625
0 0.81375 0.65125 0.03125 0.08625
0 0.84375 0.65 0.0275 0.09125
0 0.8675 0.6475 0.015 0.095
0 0.15375 0.78875 0.045 0.065
0 0.78125 0.6525 0.03 0.09125
0 0.205 0.79 0.04625 0.07
0 0.25 0.77625 0.02875 0.08625
0 0.3125 0.77375 0.0325 0.095
0 0.345 0.76875 0.0325 0.1
0 0.3775 0.76875 0.0325 0.10125
0 0.41375 0.765 0.0325 0.1075
0 0.4875 0.76875 0.0475 0.09125
0 0.53125 0.76875 0.03875 0.0925
0 0.565 0.7525 0.02 0.04125
0 0.5875 0.74625 0.02875 0.05
0 0.615 0.7425 0.02625 0.04875
0 0.65 0.78625 0.02875 0.04875
0 0.675 0.7675 0.02375 0.075
0 0.7475 0.65375 0.03375 0.09
0 0.7125 0.655 0.03125 0.08625
0 0.67625 0.65125 0.03875 0.095
0 0.635 0.6525 0.0375 0.09125
0 0.57625 0.6525 0.025 0.0825
0 0.55125 0.65875 0.02375 0.09125
0 0.52625 0.65875 0.025 0.095
0 0.5 0.65875 0.0225 0.09375
0 0.475 0.65875 0.02125 0.0975
0 0.44875 0.655 0.02875 0.0975
0 0.39 0.655 0.02875 0.09625
0 0.78875 0.39875 0.03375 0.04875
0 0.79375 0.75375 0.03375 0.075
0 0.72125 0.4325 0.0325 0.085
0 0.35125 0.295 0.03625 0.05875
0 0.27875 0.32 0.04125 0.0925
0 0.21875 0.3375 0.0175 0.06
0 0.19125 0.33125 0.03125 0.07375
0 0.15875 0.3325 0.02625 0.07125
0 0.13625 0.3275 0.02125 0.07625
0 0.85375 0.21875 0.0425 0.05375
0 0.80375 0.22625 0.03125 0.0525
0 0.76875 0.21625 0.0375 0.05625
0 0.69625 0.76125 0.015 0.07625
0 0.72875 0.1975 0.03625 0.0925
0 0.6925 0.21 0.03375 0.065
0 0.65625 0.2075 0.03125 0.0725
0 0.6325 0.2225 0.01375 0.04625
0 0.6175 0.22125 0.01375 0.04625
0 0.5975 0.22625 0.02375 0.0325
0 0.57125 0.21125 0.01875 0.065
0 0.21625 0.22625 0.01875 0.04375
0 0.24 0.22375 0.02375 0.04375
0 0.265 0.20375 0.025 0.08
0 0.305 0.1975 0.025 0.09625
0 0.3325 0.20125 0.025 0.08625
0 0.36125 0.21875 0.02375 0.05
0 0.35 0.34625 0.0275 0.04
0 0.38625 0.20125 0.0225 0.085
0 0.4325 0.21 0.0175 0.0675
0 0.44875 0.2225 0.0125 0.045
0 0.46875 0.23 0.02375 0.03125
0 0.50375 0.20625 0.03625 0.07375
0 0.535 0.20875 0.02125 0.07375
0 0.55375 0.2125 0.015 0.06375
0 0.41125 0.2 0.025 0.0875
0 0.755 0.39875 0.03 0.05
0 0.3875 0.31875 0.0325 0.09625
0 0.45375 0.31625 0.0225 0.09875
0 0.6575 0.42875 0.035 0.09375
0 0.62125 0.42875 0.035 0.0925
0 0.5825 0.42375 0.03125 0.0975
0 0.54875 0.43 0.02625 0.08875
0 0.51875 0.43125 0.03 0.095
0 0.4875 0.43125 0.0275 0.0925
0 0.45375 0.42875 0.0375 0.095
0 0.3825 0.44 0.02375 0.06875
0 0.355 0.44125 0.02625 0.06375
0 0.3275 0.43625 0.02625 0.0775
0 0.3025 0.445 0.02125 0.06375
0 0.27875 0.44625 0.02125 0.06
0 0.24125 0.42375 0.04625 0.08625
0 0.21125 0.47125 0.02 0.0175
0 0.2075 0.45125 0.0175 0.0175
0 0.18 0.46625 0.035 0.02875
0 0.17875 0.43625 0.03375 0.02625
0 0.48375 0.3125 0.03125 0.105
0 0.51875 0.31375 0.0325 0.10125
0 0.555 0.31375 0.03125 0.10375
0 0.59 0.315 0.03375 0.09875
0 0.64375 0.32125 0.0225 0.07375
0 0.66875 0.3225 0.02 0.075
0 0.4225 0.31625 0.035 0.0975
0 0.69125 0.32375 0.01875 0.07375
0 0.7375 0.32625 0.02 0.06875
0 0.755 0.325 0.0125 0.05
0 0.79 0.32375 0.02875 0.05125
0 0.86125 0.3175 0.02625 0.0575
0 0.13125 0.4425 0.0125 0.0725
0 0.14875 0.455 0.01625 0.04375
0 0.71625 0.3375 0.02 0.04875
0 0.72375 0.765 0.035 0.07375
0 0.14625 0.19625 0.03875 0.105
0 0.845 0.76375 0.0425 0.07875
0 0.16875 0.52375 0.07125 0.03375
0 0.27625 0.5225 0.12125 0.03
0 0.75875 0.76375 0.0325 0.07625
0 0.185 0.1975 0.03375 0.10125