0 0.585 0.1875 0.0325 0.095
0 0.62 0.18875 0.03125 0.095
0 0.4125 0.485 0.0275 0.07875
0 0.475 0.485 0.03125 0.07375
0 0.56 0.49375 0.13 0.05625
0 0.65625 0.4875 0.05375 0.07375
0 0.70875 0.48625 0.04625 0.075
0 0.75875 0.4875 0.04375 0.07875
0 0.81 0.485 0.055 0.07375
0 0.23375 0.5925 0.11 0.02875
0 0.34375 0.5925 0.105 0.03
0 0.45625 0.59375 0.105 0.02375
0 0.2375 0.62125 0.10875 0.025
0 0.34875 0.62125 0.1025 0.02375
0 0.4575 0.62125 0.1025 0.02125
0 0.5625 0.6175 0.10375 0.03
0 0.67 0.61625 0.10125 0.02375
0 0.78 0.58625 0.10625 0.025
0 0.77625 0.61375 0.1 0.02375
0 0.355 0.72125 0.1 0.02375
0 0.25125 0.75 0.10625 0.02125
0 0.35875 0.74875 0.10125 0.02625
0 0.4625 0.7175 0.09875 0.0225
0 0.4625 0.74375 0.10375 0.02375
0 0.44375 0.485 0.03125 0.075
0 0.56625 0.715 0.10125 0.0225
0 0.37875 0.48375 0.0275 0.07625
0 0.3175 0.48375 0.03125 0.0775
0 0.685 0.1875 0.02625 0.09
0 0.73625 0.18625 0.0625 0.0925
0 0.79125 0.18625 0.0425 0.0925
0 0.84625 0.1875 0.05625 0.0925
0 0.21625 0.32 0.1275 0.04125
0 0.2175 0.3575 0.1275 0.02875
0 0.3 0.34375 0.0325 0.08625
0 0.33625 0.345 0.03 0.0825
0 0.37 0.3425 0.0325 0.0825
0 0.40375 0.34375 0.02875 0.0775
0 0.4375 0.34625 0.03125 0.08375
0 0.5275 0.32125 0.13125 0.03125
0 0.5275 0.35625 0.13 0.03125
0 0.61125 0.3475 0.03 0.0875
0 0.645 0.3475 0.03125 0.08125
0 0.68625 0.34625 0.045 0.08125
0 0.73 0.34625 0.02875 0.08
0 0.7725 0.3475 0.045 0.08375
0 0.815 0.3475 0.03375 0.08125
0 0.235 0.46125 0.1225 0.03125
0 0.23625 0.49375 0.1225 0.02625
0 0.34875 0.485 0.02875 0.07625
0 0.66875 0.71125 0.1 0.02625
0 0.2475 0.725 0.105 0.02125
0 0.5675 0.74 0.10125 0.02
0 0.7775 0.03625 0.06 0.06625
0 0.72 0.0325 0.05 0.0625
0 0.61125 0.03125 0.1525 0.055
0 0.4525 0.0325 0.16 0.05375
0 0.33875 0.02875 0.03 0.04875
0 0.31 0.03 0.02375 0.05
0 0.2075 0.0275 0.1625 0.0525
0 0.2275 0.185 0.1675 0.09625
0 0.385 0.19 0.145 0.08875
0 0.48125 0.18875 0.035 0.09375
0 0.77125 0.70875 0.09875 0.02125
0 0.51625 0.18875 0.0325 0.0975
0 0.55125 0.18625 0.03125 0.0925
0 0.84375 0.03625 0.0625 0.0675
0 0.76 0.83875 0.09 0.0225
0 0.65375 0.18875 0.0325 0.09375
0 0.66125 0.84625 0.09125 0.0175
0 0.66625 0.73875 0.0925 0.02375
0 0.76875 0.735 0.0925 0.02125
0 0.835 0.72375 0.02375 0.0675
0 0.17375 0.825 0.0925 0.015
0 0.16875 0.85 0.07875 0.02
0 0.25875 0.85 0.095 0.01875
0 0.35875 0.8275 0.10125 0.01875
0 0.36 0.84875 0.09625 0.02
0 0.46125 0.82625 0.10125 0.02
0 0.46125 0.84875 0.09625 0.02125
0 0.5625 0.82125 0.09875 0.02125
0 0.76125 0.815 0.09375 0.01875
0 0.565 0.8475 0.095 0.01875
0 0.6625 0.825 0.0975 0.02