0 0.17375 0.79625 0.01375 0.0525
0 0.3325 0.72 0.0175 0.05625
0 0.35625 0.7375 0.0125 0.02
0 0.38 0.72875 0.0325 0.03875
0 0.41125 0.71875 0.01875 0.05375
0 0.89625 0.79625 0.025 0.05125
0 0.4575 0.72 0.015 0.0575
0 0.47625 0.72 0.02 0.05625
0 0.4975 0.7175 0.0175 0.0525
0 0.51625 0.72 0.01875 0.05875
0 0.0975 0.8075 0.01875 0.04625
0 0.15125 0.7975 0.0225 0.0575
0 0.43625 0.72 0.02 0.05625
0 0.865 0.79625 0.03 0.055
0 0.73625 0.80125 0.0375 0.0525
0 0.79875 0.7975 0.02 0.0525
0 0.27875 0.81375 0.02875 0.025
0 0.305 0.80125 0.01875 0.055
0 0.325 0.8025 0.01875 0.05375
0 0.345 0.8 0.01875 0.05
0 0.36375 0.79375 0.01125 0.045
0 0.38125 0.7975 0.01875 0.06
0 0.4025 0.8 0.02 0.055
0 0.42625 0.8 0.02375 0.0575
0 0.4625 0.8 0.03 0.03125
0 0.4925 0.7975 0.02375 0.05125
0 0.52625 0.79875 0.03625 0.05375
0 0.5625 0.79875 0.03125 0.0525
0 0.595 0.79875 0.03125 0.05375
0 0.62875 0.79875 0.03 0.05375
0 0.6625 0.8 0.0325 0.05125
0 0.0725 0.79375 0.02875 0.07125
0 0.83 0.79875 0.03375 0.05375
0 0.0425 0.79875 0.02375 0.0625
0 0.00375 0.805 0.0075 0.04125
0 0.77125 0.79875 0.03125 0.05125
0 0.19 0.8025 0.0175 0.05125
0 0.2125 0.8 0.01875 0.05125
0 0.2325 0.7975 0.0175 0.055
0 0.2525 0.7975 0.01625 0.05
0 0.5375 0.72 0.01875 0.0575
0 0.56375 0.72 0.0325 0.05375
0 0.59875 0.72125 0.03125 0.0525
0 0.63125 0.72 0.03375 0.05375
0 0.695 0.72125 0.03125 0.05375
0 0.72625 0.72 0.0275 0.055
0 0.76 0.71875 0.035 0.05625
0 0.7975 0.71875 0.0325 0.05625
0 0.83 0.73 0.02875 0.03375
0 0.69625 0.80125 0.03375 0.0525
0 0.01875 0.8075 0.01875 0.04375
0 0.86375 0.72375 0.03625 0.04375
0 0.265 0.72 0.01625 0.05125
0 0.27125 0.53375 0.05375 0.075
0 0.1975 0.645 0.0125 0.0475
0 0.18125 0.64 0.01625 0.0575
0 0.16375 0.63875 0.0175 0.0575
0 0.13875 0.64125 0.02125 0.055
0 0.0925 0.61375 0.01875 0.0625
0 0.0725 0.6125 0.015 0.0625
0 0.01 0.70375 0.01875 0.06875
0 0.05375 0.61875 0.01625 0.0525
0 0.03625 0.61875 0.0175 0.05
0 0.01875 0.61625 0.01375 0.05125
0 0.005 0.60875 0.01 0.06625
0 0.8925 0.53 0.04125 0.0675
0 0.84875 0.53 0.03875 0.06875
0 0.8075 0.53125 0.04125 0.06375
0 0.755 0.53125 0.0475 0.07125
0 0.715 0.53625 0.0325 0.06
0 0.67625 0.53625 0.03875 0.0575
0 0.0725 0.40625 0.01375 0.07125
0 0.0925 0.4125 0.02625 0.05875
0 0.2175 0.64625 0.02375 0.045
0 0.2425 0.63875 0.02125 0.06125
0 0.26625 0.64 0.0225 0.055
0 0.84875 0.63375 0.03 0.0625
0 0.53125 0.64 0.0225 0.0575
0 0.5525 0.635 0.015 0.06125
0 0.57375 0.63875 0.02125 0.05875
0 0.595 0.64 0.02125 0.05
0 0.62375 0.64375 0.03125 0.04375
0 0.46375 0.6425 0.02 0.0525
0 0.4425 0.645 0.02 0.045
0 0.40875 0.62625 0.02875 0.05875
0 0.38375 0.6425 0.015 0.05
0 0.15 0.41625 0.02625 0.0975
0 0.36875 0.64125 0.00875 0.05125
0 0.3425 0.6375 0.015 0.05
0 0.32 0.6325 0.0275 0.06125
0 0.29 0.645 0.015 0.04
0 0.65625 0.63875 0.03125 0.05125
0 0.69125 0.6425 0.03375 0.04375
0 0.725 0.63375 0.03125 0.0625
0 0.7575 0.63375 0.03 0.06125
0 0.7875 0.635 0.0275 0.0625
0 0.8175 0.63125 0.02125 0.06
0 0.3575 0.6375 0.01 0.055
0 0.50875 0.6475 0.01625 0.04375
0 0.18375 0.41375 0.035 0.1025
0 0.24875 0.42125 0.02875 0.08125
0 0.01 0.51125 0.01625 0.065
0 0.8875 0.42375 0.03375 0.0625
0 0.8475 0.395 0.0375 0.125
0 0.805 0.39625 0.04125 0.12375
0 0.01 0.41625 0.0175 0.055
0 0.03125 0.4175 0.02 0.05
0 0.05375 0.4075 0.01875 0.07375
0 0.71875 0.40125 0.03875 0.115
0 0.67125 0.40125 0.04875 0.12125
0 0.62125 0.40625 0.04125 0.11125
0 0.5825 0.43 0.03375 0.065
0 0.545 0.42 0.03125 0.08625
0 0.5075 0.41875 0.03375 0.08625
0 0.47 0.41875 0.035 0.08375
0 0.43375 0.41125 0.02875 0.095
0 0.40625 0.415 0.025 0.09375
0 0.37875 0.4175 0.02375 0.0875
0 0.34625 0.42375 0.03125 0.07875
0 0.31625 0.4225 0.025 0.08
0 0.03375 0.5325 0.02375 0.025
0 0.05 0.5075 0.0325 0.015
0 0.0575 0.53125 0.0225 0.02625
0 0.0825 0.51625 0.0225 0.0575
0 0.2175 0.415 0.025 0.095
0 0.03125 0.70125 0.01625 0.07
0 0.05625 0.70125 0.02875 0.06875
0 0.0875 0.72 0.025 0.03625
0 0.15625 0.72125 0.015 0.05375
0 0.175 0.7225 0.01875 0.05
0 0.195 0.72 0.01625 0.05375
0 0.2275 0.71125 0.0125 0.035
0 0.2425 0.71 0.0125 0.03625
0 0.2825 0.425 0.03125 0.0825
0 0.3 0.71 0.01625 0.035
0 0.62125 0.53 0.065 0.07375
0 0.57125 0.5425 0.02375 0.04875
0 0.54625 0.54375 0.02625 0.04375
0 0.5075 0.5325 0.04375 0.0675
0 0.4625 0.53125 0.04125 0.0725
0 0.4225 0.53625 0.035 0.06125
0 0.39 0.53625 0.0275 0.065
0 0.22125 0.54625 0.03125 0.0525
0 0.16 0.535 0.0775 0.08125
0 0.31625 0.7125 0.0125 0.03875
0 0.48625 0.64625 0.02125 0.04375