0 0.69125 0.36 0.0375 0.0325
0 0.61125 0.38875 0.04 0.02375
0 0.65375 0.39 0.03625 0.0225
0 0.2675 0.36375 0.0225 0.02375
0 0.61 0.35875 0.04125 0.03
0 0.24125 0.365 0.025 0.02125
0 0.20375 0.3925 0.035 0.0325
0 0.1675 0.395 0.03125 0.03125
0 0.16625 0.365 0.0375 0.025
0 0.135 0.395 0.01875 0.03125
0 0.81 0.32375 0.035 0.02625
0 0.575 0.38875 0.03125 0.03125
0 0.65125 0.36 0.0375 0.03375
0 0.76875 0.3 0.03125 0.02125
0 0.59875 0.3 0.0225 0.025
0 0.62125 0.30125 0.0175 0.02125
0 0.80875 0.2975 0.0375 0.025
0 0.65125 0.3 0.03125 0.025
0 0.67875 0.3 0.02 0.02125
0 0.59875 0.3275 0.025 0.02625
0 0.5425 0.38875 0.03125 0.03125
0 0.62375 0.3275 0.02375 0.02625
0 0.6525 0.3275 0.0275 0.025
0 0.6775 0.32625 0.0225 0.0275
0 0.7025 0.30125 0.025 0.02125
0 0.73375 0.30125 0.03625 0.02125
0 0.7725 0.325 0.03375 0.02375
0 0.70375 0.32625 0.025 0.02625
0 0.735 0.325 0.0325 0.025
0 0.50875 0.38875 0.0325 0.03125
0 0.3575 0.36625 0.02875 0.02875
0 0.57375 0.3575 0.0275 0.0225
0 0.23625 0.33125 0.0275 0.0275
0 0.26625 0.33 0.0275 0.03
0 0.29375 0.32875 0.02625 0.03
0 0.325 0.33 0.02875 0.02875
0 0.3625 0.32875 0.03125 0.0275
0 0.39625 0.3275 0.03375 0.02875
0 0.43 0.3275 0.03 0.0275
0 0.39375 0.29875 0.02875 0.02125
0 0.42625 0.2975 0.03 0.03125
0 0.4625 0.29375 0.0325 0.02625
0 0.4975 0.29375 0.03375 0.0275
0 0.5325 0.295 0.03 0.0275
0 0.57 0.2975 0.03125 0.01875
0 0.46375 0.3275 0.03 0.03125
0 0.47125 0.38875 0.0325 0.02875
0 0.5 0.3275 0.03625 0.03
0 0.24 0.395 0.02875 0.03125
0 0.3275 0.365 0.0275 0.0275
0 0.2975 0.365 0.03 0.0275
0 0.27 0.39375 0.02625 0.03125
0 0.2975 0.395 0.02875 0.02875
0 0.32875 0.39375 0.02875 0.02625
0 0.39375 0.36375 0.04 0.02375
0 0.365 0.39625 0.0375 0.025
0 0.4 0.3925 0.03125 0.0325
0 0.4325 0.3925 0.03 0.02875
0 0.43375 0.36125 0.035 0.0275
0 0.47125 0.3575 0.03625 0.02625
0 0.50625 0.3575 0.0325 0.0275
0 0.54125 0.355 0.03125 0.0275
0 0.53375 0.325 0.02875 0.0275
0 0.56625 0.325 0.03 0.02875
0 0.4325 0.265 0.03 0.03
0 0.1675 0.11 0.03 0.05
0 0.15375 0.5775 0.035 0.03125
0 0.1925 0.5775 0.03875 0.0325
0 0.24 0.59 0.04 0.05875
0 0.16 0.61125 0.04125 0.02875
0 0.2 0.61125 0.03625 0.03
0 0.27875 0.595 0.03625 0.0575
0 0.32 0.59375 0.03625 0.0525
0 0.3225 0.55625 0.0475 0.01625
0 0.35625 0.5925 0.03125 0.05125
0 0.39125 0.60125 0.03 0.03
0 0.39125 0.57125 0.03 0.02875
0 0.425 0.57125 0.035 0.02875
0 0.4275 0.6025 0.03375 0.02875
0 0.46625 0.595 0.0375 0.035
0 0.505 0.595 0.0325 0.035
0 0.5425 0.5925 0.03625 0.035
0 0.5775 0.5925 0.03 0.035
0 0.63125 0.56125 0.06375 0.035
0 0.69375 0.56 0.05875 0.03625
0 0.81875 0.51625 0.03625 0.03
0 0.75125 0.555 0.05375 0.0325
0 0.77875 0.5175 0.035 0.02625
0 0.13875 0.11 0.02625 0.04625
0 0.26125 0.535 0.0575 0.02125
0 0.31875 0.485 0.05875 0.01625
0 0.32 0.50875 0.06 0.02125
0 0.32 0.5325 0.05375 0.02125
0 0.36875 0.49625 0.0325 0.03125
0 0.4025 0.495 0.03125 0.03
0 0.43625 0.4925 0.03375 0.02875
0 0.36625 0.5275 0.03 0.02625
0 0.4 0.52625 0.03375 0.02625
0 0.43875 0.525 0.035 0.03
0 0.4775 0.495 0.0425 0.0275
0 0.48125 0.525 0.04125 0.02625
0 0.52125 0.5225 0.03125 0.03125
0 0.62125 0.48625 0.065 0.0325
0 0.68 0.4875 0.05 0.03
0 0.62625 0.52 0.065 0.03
0 0.69 0.52 0.06 0.03125
0 0.73875 0.4875 0.03875 0.03125
0 0.78125 0.48625 0.04375 0.03125
0 0.7425 0.51875 0.03625 0.0275
0 0.805 0.555 0.05125 0.03125
0 0.6325 0.595 0.06375 0.0275
0 0.6975 0.59375 0.06 0.03125
0 0.74625 0.62625 0.0525 0.03125
0 0.79875 0.62375 0.05 0.03625
0 0.7475 0.66 0.05 0.03125
0 0.8 0.65875 0.05 0.0325
0 0.75625 0.69625 0.045 0.03375
0 0.80625 0.69125 0.05 0.0325
0 0.76625 0.73125 0.04875 0.0275
0 0.82125 0.72625 0.05375 0.035
0 0.76 0.76125 0.0475 0.02375
0 0.81125 0.7575 0.04875 0.02375
0 0.1425 0.72875 0.03375 0.0375
0 0.14125 0.7625 0.03125 0.025
0 0.14625 0.79 0.0425 0.02625
0 0.1875 0.725 0.05 0.03125
0 0.18875 0.75625 0.05625 0.02375
0 0.19625 0.7875 0.0475 0.0275
0 0.23625 0.74125 0.0375 0.0525
0 0.24375 0.785 0.03875 0.02625
0 0.27875 0.7375 0.04125 0.05
0 0.69 0.67125 0.05125 0.02125
0 0.635 0.67125 0.05125 0.02125
0 0.6925 0.63625 0.05 0.04625
0 0.63875 0.635 0.0525 0.0475
0 0.7575 0.59 0.04875 0.02875
0 0.80875 0.5875 0.045 0.03
0 0.16 0.6525 0.04125 0.03125
0 0.2 0.6525 0.03375 0.03375
0 0.16375 0.68625 0.04 0.03
0 0.2 0.68625 0.0325 0.03125
0 0.2425 0.66875 0.0375 0.05625
0 0.285 0.6675 0.0375 0.0575
0 0.32375 0.65875 0.0375 0.05625
0 0.25875 0.51125 0.06125 0.02125
0 0.365 0.65375 0.03625 0.05875
0 0.43375 0.6575 0.03375 0.06125
0 0.4775 0.64125 0.0375 0.03125
0 0.515 0.64 0.03375 0.0325
0 0.5525 0.63875 0.0375 0.0325
0 0.59375 0.6375 0.03625 0.03
0 0.4725 0.6725 0.035 0.025
0 0.5125 0.67 0.03875 0.02625
0 0.5525 0.67 0.03375 0.02625
0 0.5875 0.67 0.0325 0.03
0 0.4025 0.65625 0.02 0.055
0 0.32125 0.735 0.03875 0.05625
0 0.25625 0.485 0.06125 0.02375
0 0.2175 0.51125 0.02125 0.02
0 0.63625 0.23625 0.0275 0.0275
0 0.6075 0.23625 0.02875 0.03
0 0.5775 0.26125 0.02875 0.03
0 0.54375 0.2625 0.0325 0.02875
0 0.5775 0.2275 0.0275 0.0325
0 0.54125 0.2275 0.04 0.03625
0 0.50625 0.26625 0.03125 0.0175
0 0.47125 0.26125 0.03375 0.02625
0 0.40125 0.265 0.03125 0.03
0 0.365 0.265 0.03125 0.02875
0 0.3325 0.26375 0.02875 0.03
0 0.30375 0.26375 0.0275 0.03
0 0.27375 0.265 0.02625 0.03125
0 0.2425 0.26375 0.0275 0.0275
0 0.20875 0.27375 0.035 0.01375
0 0.1725 0.2725 0.035 0.0125
0 0.13875 0.2725 0.02625 0.0125
0 0.4675 0.22875 0.03625 0.03125
0 0.42875 0.22875 0.03625 0.0325
0 0.66625 0.23625 0.02875 0.02875
0 0.3925 0.2325 0.03375 0.0325
0 0.69375 0.23625 0.02375 0.02875
0 0.7575 0.24 0.0275 0.0275
0 0.3575 0.2975 0.035 0.03
0 0.325 0.29875 0.02875 0.02875
0 0.29375 0.2975 0.03 0.02875
0 0.265 0.29875 0.02625 0.03125
0 0.23375 0.29875 0.03125 0.03
0 0.20375 0.33125 0.03125 0.02625
0 0.2025 0.3 0.03 0.02875
0 0.17125 0.33125 0.03375 0.02875
0 0.165 0.30125 0.0425 0.0275
0 0.1375 0.33 0.025 0.02625
0 0.82375 0.265 0.03375 0.02375
0 0.79125 0.2675 0.03125 0.02625
0 0.7575 0.2675 0.03 0.025
0 0.72625 0.2675 0.02625 0.025
0 0.6975 0.26625 0.025 0.0275
0 0.66875 0.2675 0.02375 0.02625
0 0.64 0.26625 0.02625 0.0275
0 0.60875 0.26625 0.02875 0.025
0 0.78875 0.23875 0.03375 0.025
0 0.72375 0.23875 0.0325 0.03125
0 0.36 0.23125 0.03 0.03125
0 0.32875 0.23125 0.025 0.0325
0 0.29625 0.2325 0.03375 0.02875
0 0.50375 0.45375 0.03125 0.02125
0 0.5375 0.45375 0.0325 0.01875
0 0.5725 0.455 0.03375 0.01875
0 0.6075 0.42625 0.04125 0.02125
0 0.645 0.4225 0.03125 0.0275
0 0.685 0.42125 0.04125 0.03125
0 0.7275 0.42 0.04125 0.03375
0 0.76875 0.42 0.04 0.03375
0 0.81125 0.41875 0.04375 0.0325
0 0.61125 0.45125 0.03875 0.02125
0 0.65 0.45125 0.03625 0.0225
0 0.68875 0.45 0.0375 0.0225
0 0.73 0.45 0.04125 0.02375
0 0.7725 0.45 0.03875 0.02375
0 0.8125 0.4475 0.03875 0.01875
0 0.165 0.48625 0.0775 0.02875
0 0.215 0.48625 0.02 0.02875
0 0.16625 0.515 0.075 0.0225
0 0.1675 0.53875 0.0725 0.02
0 0.47125 0.45375 0.0275 0.0225
0 0.57125 0.4275 0.03 0.03
0 0.53875 0.4275 0.035 0.03
0 0.50375 0.4275 0.0325 0.02625
0 0.2675 0.23375 0.025 0.03125
0 0.24 0.235 0.02375 0.03
0 0.2075 0.24875 0.03375 0.0325
0 0.77125 0.39 0.0375 0.0225
0 0.81625 0.3875 0.04375 0.0225
0 0.16375 0.43 0.0775 0.025
0 0.21875 0.43125 0.02625 0.0275
0 0.16625 0.45875 0.0775 0.025
0 0.21875 0.45875 0.0225 0.0275
0 0.21875 0.5375 0.02375 0.0225
0 0.26125 0.43 0.055 0.025
0 0.3175 0.42875 0.05625 0.025
0 0.36375 0.4275 0.0325 0.0275
0 0.3175 0.45625 0.05375 0.025
0 0.36375 0.455 0.03375 0.025
0 0.39875 0.425 0.035 0.025
0 0.43625 0.425 0.03125 0.025
0 0.40125 0.45375 0.0325 0.025
0 0.435 0.4525 0.03125 0.0275
0 0.47125 0.4275 0.03125 0.02625
0 0.26 0.4575 0.05625 0.0225
0 0.36 0.73375 0.0375 0.05375
0 0.8225 0.48375 0.03625 0.03125
0 0.43 0.72875 0.0375 0.05125
0 0.26875 0.17 0.03125 0.04875
0 0.3025 0.17 0.03125 0.045
0 0.3375 0.16875 0.035 0.0475
0 0.37375 0.17125 0.0325 0.04625
0 0.41875 0.1675 0.055 0.05125
0 0.47625 0.1675 0.055 0.05
0 0.53375 0.17 0.055 0.0525
0 0.23375 0.17 0.035 0.0475
0 0.59125 0.17 0.05375 0.05
0 0.70125 0.1675 0.055 0.05125
0 0.7575 0.1675 0.0525 0.05
0 0.81375 0.16875 0.0575 0.0475
0 0.13875 0.2475 0.02625 0.0325
0 0.17125 0.24875 0.035 0.03125
0 0.6925 0.39 0.04 0.0225
0 0.7725 0.36 0.04 0.035
0 0.645 0.17 0.05125 0.05
0 0.815 0.3575 0.04 0.03375
0 0.1975 0.16875 0.03625 0.04875
0 0.395 0.73125 0.02875 0.0575
0 0.20125 0.11 0.03375 0.05125
0 0.23125 0.11 0.02625 0.0525
0 0.26 0.11125 0.03 0.05125
0 0.29125 0.11125 0.03 0.05125
0 0.325 0.1125 0.02875 0.04875
0 0.355 0.11125 0.0275 0.0475
0 0.385 0.1125 0.0275 0.04625
0 0.16125 0.16875 0.0325 0.04875
0 0.42625 0.10875 0.0525 0.0525
0 0.53875 0.11125 0.06 0.05
0 0.595 0.11125 0.05125 0.05125
0 0.64875 0.11125 0.05 0.05
0 0.7025 0.11125 0.055 0.05125
0 0.755 0.1125 0.04875 0.05125
0 0.81 0.1125 0.05625 0.04875
0 0.1325 0.1675 0.01375 0.0475
0 0.48125 0.11 0.05375 0.05
0 0.7325 0.39 0.03625 0.0225
0 0.73125 0.35875 0.04 0.03625
0 0.47125 0.74 0.035 0.025
0 0.70375 0.76375 0.0525 0.02625
0 0.5975 0.76625 0.03375 0.02625
0 0.56375 0.77 0.03 0.02875
0 0.52625 0.76875 0.04 0.02875
0 0.485 0.76875 0.0325 0.0275
0 0.59875 0.735 0.03625 0.02625
0 0.6525 0.73125 0.05125 0.03875
0 0.55625 0.7375 0.03875 0.025
0 0.5125 0.7375 0.0425 0.025
0 0.7075 0.7275 0.05 0.035
0 0.645 0.76375 0.05625 0.02625
0 0.5575 0.705 0.03875 0.035
0 0.5125 0.705 0.04125 0.035
0 0.47 0.7075 0.0375 0.03
0 0.43375 0.77375 0.0525 0.0325
0 0.37625 0.77625 0.05625 0.03125
0 0.32625 0.78 0.035 0.0325
0 0.28375 0.7825 0.04125 0.0275
0 0.6 0.70375 0.03875 0.0325