0 0.4075 0.785 0.03 0.01375
0 0.4075 0.7675 0.03 0.01875
0 0.40625 0.7475 0.03 0.0175
0 0.4 0.72875 0.02875 0.01875
0 0.37625 0.805 0.025 0.01875
0 0.37625 0.78625 0.025 0.0175
0 0.375 0.76625 0.02375 0.0175
0 0.5375 0.7425 0.0275 0.02
0 0.4375 0.7625 0.025 0.01875
0 0.66 0.795 0.015 0.03375
0 0.67875 0.79625 0.0175 0.0325
0 0.62 0.7925 0.0225 0.0475
0 0.61875 0.73 0.02 0.0425
0 0.70375 0.79875 0.02875 0.03125
0 0.7325 0.79875 0.0275 0.03
0 0.75375 0.765 0.01 0.03
0 0.765 0.765 0.00875 0.03
0 0.49625 0.27875 0.0125 0.04125
0 0.475 0.2825 0.0125 0.04
0 0.45875 0.28375 0.015 0.04125
0 0.44375 0.28375 0.015 0.04
0 0.6425 0.79625 0.015 0.0325
0 0.4225 0.28 0.01375 0.04625
0 0.3875 0.2775 0.01375 0.04625
0 0.3675 0.3275 0.01625 0.04375
0 0.35125 0.3275 0.01375 0.045
0 0.33375 0.3275 0.0175 0.0425
0 0.3125 0.3275 0.015 0.04375
0 0.29375 0.32625 0.01625 0.04375
0 0.27625 0.32625 0.015 0.04875
0 0.7525 0.79875 0.0075 0.03125
0 0.76375 0.79875 0.00875 0.03125
0 0.77375 0.8 0.00875 0.03125
0 0.76375 0.73375 0.01375 0.03
0 0.77625 0.755 0.0075 0.03
0 0.405 0.28 0.0175 0.045
0 0.41 0.805 0.03 0.0175
0 0.67875 0.76125 0.01625 0.0325
0 0.6425 0.76125 0.01625 0.03125
0 0.44125 0.785 0.02375 0.02
0 0.44125 0.80625 0.02375 0.01875
0 0.4675 0.72125 0.02375 0.02
0 0.465 0.74375 0.02375 0.01875
0 0.46625 0.765 0.025 0.0175
0 0.4675 0.785 0.02625 0.01625
0 0.46875 0.80625 0.0225 0.01875
0 0.49125 0.73375 0.02125 0.03125
0 0.4925 0.7675 0.02 0.03125
0 0.49375 0.8 0.02 0.03
0 0.37 0.745 0.025 0.01875
0 0.53875 0.765 0.03 0.0175
0 0.65875 0.76 0.01625 0.0325
0 0.53875 0.78375 0.0275 0.0175
0 0.5675 0.7425 0.02625 0.01375
0 0.57 0.76 0.0275 0.0125
0 0.57 0.77625 0.02625 0.01375
0 0.5675 0.79125 0.025 0.01375
0 0.56875 0.8075 0.02875 0.01375
0 0.5975 0.755 0.02 0.025
0 0.595 0.77875 0.02 0.02125
0 0.59625 0.80375 0.02 0.0225
0 0.53625 0.69375 0.0275 0.015
0 0.64125 0.725 0.01875 0.035
0 0.66125 0.72375 0.015 0.035
0 0.67875 0.72375 0.01625 0.03625
0 0.5375 0.80375 0.02625 0.02
0 0.3375 0.80375 0.035 0.025
0 0.6375 0.3375 0.03875 0.0125
0 0.3 0.7775 0.0325 0.0225
0 0.405 0.45875 0.02625 0.0225
0 0.43375 0.46 0.02375 0.0225
0 0.46125 0.46 0.025 0.02125
0 0.48875 0.46 0.025 0.02
0 0.56125 0.47 0.05125 0.045
0 0.59875 0.48 0.02125 0.01875
0 0.6375 0.46875 0.02875 0.04875
0 0.68125 0.47125 0.03375 0.04875
0 0.72375 0.42375 0.03125 0.02375
0 0.7175 0.44625 0.02875 0.01875
0 0.71625 0.46625 0.025 0.0175
0 0.7175 0.4875 0.0275 0.01875
0 0.7475 0.48125 0.02 0.02875
0 0.51125 0.6275 0.01625 0.04
0 0.52875 0.6275 0.01625 0.03875
0 0.54625 0.62875 0.015 0.04125
0 0.56625 0.62875 0.0175 0.03875
0 0.375 0.45875 0.0275 0.0225
0 0.3175 0.45875 0.02625 0.0225
0 0.2875 0.46 0.02875 0.02125
0 0.49 0.43625 0.02625 0.02
0 0.6375 0.325 0.0425 0.01
0 0.56375 0.34375 0.04125 0.02375
0 0.52875 0.33 0.01625 0.045
0 0.51125 0.33 0.01625 0.045
0 0.49375 0.32875 0.0125 0.04375
0 0.47625 0.32875 0.015 0.04625
0 0.45875 0.32875 0.01625 0.045
0 0.44125 0.32875 0.01625 0.0475
0 0.5825 0.62875 0.015 0.04
0 0.42375 0.33 0.0125 0.0475
0 0.38875 0.3275 0.0175 0.045
0 0.52875 0.27875 0.01625 0.04375
0 0.5125 0.27875 0.0125 0.0425
0 0.6975 0.3325 0.0325 0.0475
0 0.73625 0.3325 0.03875 0.04375
0 0.76875 0.3325 0.02375 0.04375
0 0.2825 0.41125 0.02875 0.0225
0 0.4625 0.435 0.025 0.01875
0 0.40625 0.32875 0.01625 0.045
0 0.30125 0.80375 0.035 0.025
0 0.60125 0.62875 0.01875 0.03875
0 0.63625 0.63 0.0175 0.0375
0 0.4925 0.39125 0.01875 0.0175
0 0.5175 0.3925 0.0225 0.015
0 0.5175 0.435 0.02375 0.01875
0 0.52125 0.46 0.025 0.0225
0 0.28375 0.435 0.02875 0.02125
0 0.31375 0.435 0.0275 0.02
0 0.34625 0.43625 0.0275 0.02
0 0.375 0.435 0.0275 0.01875
0 0.405 0.435 0.0275 0.01875
0 0.43375 0.43625 0.0275 0.02
0 0.63875 0.35125 0.0375 0.01
0 0.40625 0.6275 0.0325 0.03875
0 0.41125 0.585 0.0325 0.04125
0 0.2975 0.7275 0.03875 0.025
0 0.3 0.75375 0.035 0.02125
0 0.33625 0.7525 0.0325 0.02125
0 0.33875 0.7775 0.03625 0.02375
0 0.38 0.39125 0.02375 0.01625
0 0.4075 0.39125 0.0225 0.01625
0 0.435 0.39125 0.0225 0.015
0 0.465 0.39125 0.025 0.015
0 0.655 0.62875 0.015 0.03875
0 0.5625 0.585 0.0175 0.03875
0 0.58 0.58625 0.015 0.03875
0 0.59625 0.58625 0.0175 0.04
0 0.685 0.62875 0.01625 0.03875
0 0.7025 0.62875 0.01625 0.0375
0 0.72125 0.62875 0.01875 0.03875
0 0.32625 0.62125 0.04375 0.045
0 0.61875 0.62875 0.015 0.04125
0 0.37125 0.62125 0.03125 0.0375
0 0.34625 0.4125 0.025 0.0225
0 0.3075 0.38875 0.02625 0.0175
0 0.3375 0.39125 0.025 0.01875
0 0.375 0.4125 0.025 0.02
0 0.40375 0.4125 0.02625 0.02125
0 0.43125 0.41375 0.0275 0.0225
0 0.46625 0.4125 0.03125 0.02
0 0.51875 0.41375 0.0275 0.01875
0 0.31375 0.4125 0.0275 0.01875
0 0.34625 0.45875 0.02375 0.0225