0 0.315 0.55 0.03125 0.0125
0 0.23875 0.10875 0.03625 0.01
0 0.7725 0.67625 0.01625 0.015
0 0.7375 0.61375 0.01625 0.01
0 0.73625 0.62875 0.0175 0.0125
0 0.75 0.69875 0.01875 0.015
0 0.74875 0.6825 0.01875 0.01125
0 0.75 0.6675 0.01875 0.015
0 0.72875 0.695 0.01875 0.01375
0 0.71 0.69375 0.015 0.01375
0 0.71125 0.6775 0.015 0.01
0 0.715 0.665 0.015 0.0125
0 0.71 0.65 0.015 0.01
0 0.69625 0.66 0.01375 0.00875
0 0.69375 0.6725 0.01375 0.01
0 0.69375 0.6825 0.01375 0.00625
0 0.6925 0.69625 0.015 0.0125
0 0.67625 0.69 0.00875 0.00625
0 0.67875 0.68 0.01 0.0075
0 0.67875 0.67 0.01 0.00625
0 0.67875 0.6575 0.01 0.01125
0 0.665 0.64375 0.01125 0.06625
0 0.65125 0.64125 0.0125 0.07375
0 0.77 0.6925 0.01875 0.01
0 0.635 0.65 0.0125 0.0775
0 0.77125 0.70625 0.0175 0.01375
0 0.2675 0.7475 0.0225 0.0475
0 0.37875 0.53875 0.025 0.04125
0 0.4075 0.54125 0.0225 0.03875
0 0.33875 0.55625 0.01 0.00875
0 0.35375 0.55875 0.0125 0.01
0 0.77125 0.80125 0.01625 0.075
0 0.75 0.8 0.015 0.07625
0 0.68625 0.78875 0.0325 0.07875
0 0.65375 0.77 0.0275 0.0775
0 0.625 0.75875 0.025 0.07375
0 0.5925 0.75875 0.0275 0.0725
0 0.56125 0.74875 0.025 0.0575
0 0.5325 0.77625 0.025 0.06
0 0.50625 0.7525 0.01875 0.06
0 0.4775 0.7625 0.02125 0.06875
0 0.45375 0.76 0.0225 0.0625
0 0.4275 0.74875 0.0275 0.07
0 0.40125 0.7525 0.01875 0.05125
0 0.36 0.75875 0.02125 0.05125
0 0.335 0.755 0.02 0.05625
0 0.3125 0.74625 0.02125 0.0575
0 0.29 0.75 0.01875 0.04875
0 0.25625 0.705 0.04875 0.02
0 0.62125 0.64875 0.0125 0.0775
0 0.60375 0.65 0.01125 0.075
0 0.58625 0.64875 0.015 0.075
0 0.695 0.5825 0.0175 0.01
0 0.7325 0.5725 0.015 0.01125
0 0.715 0.56875 0.015 0.01125
0 0.69625 0.57 0.0175 0.01
0 0.69625 0.55625 0.0175 0.0125
0 0.6575 0.56125 0.05375 0.0175
0 0.6 0.55625 0.0525 0.01625
0 0.60125 0.535 0.05375 0.01625
0 0.565 0.55625 0.0125 0.03
0 0.54 0.5525 0.025 0.045
0 0.51375 0.5475 0.0175 0.0425
0 0.4875 0.5475 0.02625 0.04125
0 0.46375 0.5475 0.015 0.0175
0 0.43625 0.55625 0.03 0.015
0 0.44 0.53125 0.02375 0.02875
0 0.305 0.48625 0.01375 0.03
0 0.28375 0.48125 0.01875 0.03375
0 0.34625 0.5125 0.02 0.02875
0 0.26125 0.54875 0.0375 0.01
0 0.24625 0.53375 0.02125 0.01125
0 0.28375 0.53 0.02 0.0175
0 0.71375 0.58375 0.01625 0.01
0 0.73125 0.58625 0.01625 0.01
0 0.74875 0.58375 0.01375 0.01125
0 0.7525 0.5725 0.015 0.00875
0 0.5625 0.64625 0.01875 0.085
0 0.515 0.6125 0.01 0.04875
0 0.53375 0.64375 0.02125 0.0825
0 0.5 0.67625 0.0225 0.01375
0 0.48125 0.63125 0.02125 0.0675
0 0.46125 0.62625 0.01125 0.065
0 0.4475 0.625 0.0125 0.065
0 0.42875 0.62625 0.01125 0.06875
0 0.41375 0.625 0.01125 0.06625
0 0.39625 0.625 0.01125 0.0675
0 0.76125 0.46 0.04 0.02375
0 0.3825 0.62125 0.01125 0.06625
0 0.31125 0.65625 0.01625 0.00625
0 0.3125 0.645 0.0125 0.005
0 0.3075 0.63625 0.01375 0.00875
0 0.30625 0.61375 0.015 0.01875
0 0.2775 0.62875 0.0175 0.04625
0 0.24625 0.63 0.01625 0.0375
0 0.2275 0.58125 0.01375 0.03875
0 0.23 0.6225 0.01 0.03625
0 0.76625 0.52125 0.02875 0.0275
0 0.7625 0.56125 0.015 0.0075
0 0.35375 0.62125 0.02125 0.04625
0 0.24375 0.095 0.03375 0.00875
0 0.76 0.43375 0.0425 0.025
0 0.70625 0.3925 0.04125 0.01875
0 0.23375 0.22375 0.02625 0.045
0 0.25625 0.215 0.01125 0.06125
0 0.27125 0.215 0.0125 0.0625
0 0.28625 0.215 0.0125 0.06375
0 0.31125 0.2 0.03125 0.095
0 0.33875 0.2275 0.0175 0.04375
0 0.3625 0.2125 0.02625 0.06875
0 0.39875 0.23625 0.04125 0.02375
0 0.4 0.21 0.04125 0.025
0 0.435 0.225 0.0225 0.04625
0 0.45875 0.2325 0.01875 0.035
0 0.46 0.195 0.02 0.0325
0 0.485 0.195 0.0225 0.0325
0 0.4825 0.2325 0.02125 0.035
0 0.50625 0.235 0.0175 0.03125
0 0.5325 0.19875 0.0225 0.03
0 0.5325 0.165 0.01875 0.0325
0 0.55625 0.1575 0.02125 0.03375
0 0.5575 0.19625 0.02125 0.03125
0 0.5275 0.23375 0.02125 0.03375
0 0.55375 0.23375 0.025 0.0325
0 0.76625 0.085 0.0125 0.035
0 0.58 0.23375 0.0225 0.0375
0 0.7525 0.08375 0.01 0.0375
0 0.7175 0.07875 0.02625 0.0525
0 0.29875 0.0725 0.03125 0.00875
0 0.30125 0.0825 0.03125 0.005
0 0.2975 0.09 0.03375 0.005
0 0.29875 0.10625 0.0325 0.0075
0 0.29875 0.0975 0.03 0.005
0 0.335 0.0875 0.03125 0.00625
0 0.33875 0.0975 0.03375 0.0075
0 0.34 0.1075 0.03125 0.0075
0 0.365 0.07875 0.03375 0.0075
0 0.36875 0.09 0.02625 0.0075
0 0.375 0.09875 0.03375 0.005
0 0.375 0.1075 0.0325 0.0075
0 0.4175 0.09 0.0175 0.045
0 0.4725 0.08375 0.03125 0.05
0 0.5075 0.085 0.03125 0.04875
0 0.54 0.08375 0.02875 0.05125
0 0.5775 0.0825 0.0375 0.05
0 0.61375 0.0825 0.02875 0.04625
0 0.61 0.0275 0.02875 0.05125
0 0.6475 0.085 0.03125 0.04125
0 0.68625 0.0775 0.02875 0.055
0 0.7375 0.08375 0.01125 0.0375
0 0.5825 0.1975 0.02125 0.03
0 0.60375 0.23625 0.01875 0.02875
0 0.6325 0.23375 0.025 0.0375
0 0.55625 0.35375 0.0325 0.0125
0 0.58875 0.3425 0.02875 0.03
0 0.625 0.33625 0.03375 0.0475
0 0.665 0.3475 0.0375 0.03125
0 0.705 0.34875 0.03625 0.03125
0 0.7525 0.35 0.04125 0.03125
0 0.23125 0.4325 0.025 0.0275
0 0.27125 0.43375 0.04625 0.03
0 0.31875 0.435 0.04125 0.03
0 0.365 0.4375 0.0475 0.02875
0 0.415 0.43875 0.045 0.02875
0 0.45875 0.44 0.035 0.03125
0 0.4975 0.44125 0.035 0.03125
0 0.53625 0.44125 0.03375 0.02875
0 0.57875 0.40375 0.0375 0.03
0 0.62 0.40375 0.03875 0.0275
0 0.57625 0.44875 0.03625 0.025
0 0.61875 0.4475 0.04375 0.035
0 0.665 0.44875 0.04375 0.0325
0 0.7125 0.45375 0.0475 0.0225
0 0.70875 0.41875 0.04125 0.02625
0 0.55375 0.33875 0.0275 0.00875
0 0.51875 0.34 0.0325 0.03625
0 0.485 0.335 0.02875 0.04
0 0.455 0.33 0.02375 0.04625
0 0.6325 0.19625 0.02375 0.03875
0 0.65625 0.2025 0.015 0.0275
0 0.655 0.23625 0.0175 0.03
0 0.6775 0.23375 0.02375 0.03625
0 0.68125 0.2 0.025 0.02625
0 0.70625 0.2 0.02 0.025
0 0.70125 0.23375 0.02125 0.03375
0 0.725 0.2325 0.02 0.035
0 0.72875 0.19875 0.02 0.025
0 0.75 0.2325 0.02375 0.03875
0 0.75875 0.40375 0.04375 0.025
0 0.75375 0.19375 0.025 0.03375
0 0.7725 0.23375 0.01625 0.035
0 0.2375 0.3375 0.0175 0.0175
0 0.2575 0.335 0.02 0.02375
0 0.2875 0.33 0.0325 0.0375
0 0.31125 0.32625 0.01 0.04375
0 0.32375 0.3275 0.01 0.035
0 0.34125 0.33 0.01125 0.03625
0 0.3475 0.54 0.0225 0.00875
0 0.37875 0.34125 0.00875 0.02875
0 0.41625 0.3275 0.0125 0.035
0 0.7575 0.15625 0.025 0.0375
0 0.3675 0.34 0.0075 0.02875
0 0.72125 0.79125 0.02875 0.07875