0 0.455 0.29375 0.02625 0.075
0 0.5925 0.32125 0.02875 0.03125
0 0.5625 0.32125 0.03 0.03
0 0.5975 0.29 0.02875 0.03125
0 0.5625 0.29125 0.04 0.02875
0 0.53125 0.25875 0.02875 0.035
0 0.5325 0.2925 0.03 0.03125
0 0.53125 0.32125 0.035 0.02375
0 0.505 0.30375 0.015 0.05875
0 0.4825 0.3025 0.02875 0.0575
0 0.43 0.28125 0.0275 0.04625
0 0.62625 0.32125 0.03 0.03125
0 0.37375 0.30625 0.02875 0.0625
0 0.34875 0.29375 0.02 0.08875
0 0.3225 0.29375 0.03 0.08875
0 0.29 0.29375 0.03 0.09
0 0.26625 0.2875 0.015 0.07875
0 0.23875 0.2975 0.03375 0.06625
0 0.20625 0.28625 0.02875 0.09625
0 0.13 0.275 0.02375 0.08875
0 0.09875 0.2675 0.03625 0.07875
0 0.06625 0.27125 0.02875 0.08625
0 0.03125 0.26625 0.04125 0.095
0 0.43 0.32125 0.0275 0.02125
0 0.62625 0.29 0.03125 0.03125
0 0.875 0.55125 0.03 0.01875
0 0.6775 0.3075 0.02625 0.06375
0 0.89125 0.69625 0.035 0.04125
0 0.9225 0.69125 0.03125 0.05
0 0.0075 0.59375 0.01375 0.07
0 0.04625 0.5875 0.015 0.07625
0 0.06875 0.58875 0.03125 0.08
0 0.09875 0.5925 0.025 0.06125
0 0.1325 0.6 0.02875 0.05625
0 0.1575 0.5875 0.01875 0.07625
0 0.84875 0.70375 0.04125 0.015
0 0.17375 0.6 0.00875 0.05125
0 0.2275 0.60125 0.05375 0.03625
0 0.2875 0.6 0.04875 0.03625
0 0.3475 0.60625 0.0525 0.0325
0 0.3475 0.56625 0.05625 0.03125
0 0.5225 0.59875 0.04125 0.05
0 0.5725 0.59875 0.05125 0.0475
0 0.62625 0.6 0.055 0.05125
0 0.67875 0.595 0.05125 0.06125
0 0.19 0.5975 0.02 0.045
0 0.725 0.60875 0.02375 0.065
0 0.84875 0.67875 0.045 0.0275
0 0.80375 0.67875 0.04375 0.03375
0 0.17 0.68625 0.02125 0.07
0 0.19125 0.68625 0.02 0.06875
0 0.22875 0.68 0.045 0.07875
0 0.275 0.68 0.04375 0.0775
0 0.31625 0.68 0.0375 0.075
0 0.35 0.6775 0.02875 0.08
0 0.39375 0.695 0.0425 0.05625
0 0.43875 0.69875 0.04625 0.0475
0 0.80375 0.7075 0.0425 0.02375
0 0.495 0.67 0.04375 0.035
0 0.5375 0.7025 0.04375 0.02875
0 0.49125 0.7 0.0475 0.03375
0 0.63 0.6775 0.02375 0.07125
0 0.6525 0.67875 0.01875 0.0725
0 0.6725 0.67875 0.02125 0.075
0 0.69125 0.67875 0.01625 0.07625
0 0.72375 0.69 0.045 0.05
0 0.76625 0.6925 0.03 0.0525
0 0.54125 0.665 0.0475 0.0425
0 0.74875 0.6125 0.02125 0.06
0 0.775 0.6175 0.0225 0.06875
0 0.79625 0.62 0.01625 0.0625
0 0.84625 0.55125 0.02125 0.02125
0 0.875 0.5275 0.02875 0.0275
0 0.9125 0.5325 0.0225 0.05125
0 0.94375 0.53375 0.03625 0.05
0 0.9675 0.5325 0.00625 0.0475
0 0.98125 0.5325 0.02125 0.04875
0 0.88625 0.6175 0.0375 0.05125
0 0.92 0.6175 0.0275 0.05125
0 0.82625 0.54 0.02125 0.04875
0 0.95 0.635 0.0275 0.02125
0 0.9925 0.6325 0.01375 0.015
0 0.99375 0.615 0.01 0.01375
0 0.9725 0.615 0.03 0.01375
0 0.94625 0.61625 0.01625 0.01875
0 0.9475 0.5925 0.02375 0.0225
0 0.9925 0.55 0.01375 0.01625
0 0.99375 0.52875 0.01125 0.01625
0 0.6525 0.3075 0.02375 0.06375
0 0.975 0.635 0.02 0.02
0 0.80875 0.5375 0.01375 0.045
0 0.78875 0.54125 0.0225 0.03875
0 0.7525 0.5325 0.04875 0.055
0 0.81875 0.59625 0.0225 0.02125
0 0.815 0.61625 0.03125 0.015
0 0.81 0.63625 0.0225 0.02125
0 0.835 0.6275 0.0225 0.0375
0 0.85625 0.62625 0.02 0.03375
0 0.3375 0.5125 0.03125 0.05875
0 0.3 0.48 0.02125 0.04125
0 0.27125 0.49875 0.0175 0.07125
0 0.24125 0.50125 0.02375 0.065
0 0.20875 0.51625 0.04625 0.04125
0 0.17 0.53625 0.025 0.0175
0 0.1725 0.51375 0.02 0.0175
0 0.1725 0.4875 0.02 0.0125
0 0.14875 0.50125 0.01875 0.0225
0 0.15375 0.46875 0.02875 0.0275
0 0.11625 0.4825 0.01875 0.065
0 0.0825 0.48625 0.0325 0.0675
0 0.04875 0.48125 0.03375 0.07
0 0.015 0.48125 0.02625 0.07875
0 0.1525 0.68625 0.0125 0.07
0 0.1325 0.69 0.025 0.05625
0 0.0275 0.5875 0.02125 0.07625
0 0.0925 0.69 0.0175 0.0675
0 0.7325 0.41875 0.03 0.04875
0 0.705 0.4225 0.0225 0.04125
0 0.68 0.41 0.0225 0.06875
0 0.63375 0.37125 0.05 0.035
0 0.6375 0.41875 0.05875 0.045
0 0.5925 0.4075 0.025 0.06875
0 0.5675 0.4075 0.01875 0.0725
0 0.54375 0.4075 0.02625 0.0725
0 0.7675 0.36375 0.01625 0.08875
0 0.52 0.40375 0.02 0.06375
0 0.495 0.4 0.0275 0.03375
0 0.465 0.39375 0.03 0.02875
0 0.46375 0.42625 0.0325 0.035
0 0.43375 0.415 0.02625 0.0575
0 0.4125 0.4125 0.01375 0.055
0 0.395 0.41 0.02 0.0625
0 0.37375 0.40875 0.0225 0.06125
0 0.35 0.4075 0.0225 0.06375
0 0.495 0.43 0.03 0.03125
0 0.79375 0.3675 0.03 0.0775
0 0.8825 0.36875 0.03125 0.0875
0 0.9125 0.37 0.0275 0.0825
0 0.70375 0.3225 0.02875 0.02875
0 0.70625 0.29125 0.02375 0.03375
0 0.7025 0.2575 0.03125 0.0225
0 0.72875 0.30375 0.0225 0.0675
0 0.755 0.29875 0.0275 0.0775
0 0.84875 0.24625 0.03375 0.03
0 0.82 0.27 0.01125 0.05625
0 0.84375 0.2825 0.03625 0.03125
0 0.87625 0.2825 0.02875 0.0325
0 0.9025 0.2725 0.0225 0.05375
0 0.92375 0.25875 0.0275 0.02375
0 0.925 0.28625 0.02875 0.02875
0 0.95125 0.265 0.02375 0.06875
0 0.97125 0.265 0.0125 0.06875
0 0.98875 0.27375 0.02125 0.05
0 0.11125 0.6925 0.0175 0.06375
0 0.9625 0.39625 0.02375 0.0275
0 0.9675 0.37125 0.02375 0.02625
0 0.94125 0.37 0.02375 0.025
0 0.31125 0.425 0.05125 0.035
0 0.31125 0.3875 0.04875 0.0375
0 0.9425 0.39625 0.01625 0.02875
0 0.2425 0.405 0.025 0.075
0 0.67 0.50375 0.02125 0.06625
0 0.6525 0.515 0.0125 0.04375
0 0.63875 0.51375 0.0125 0.0425
0 0.62125 0.50375 0.02 0.065
0 0.605 0.50375 0.0125 0.06625
0 0.5875 0.50125 0.01875 0.07125
0 0.565 0.49625 0.01875 0.0775
0 0.54375 0.50125 0.02375 0.0675
0 0.52125 0.5025 0.025 0.0675
0 0.4925 0.50625 0.025 0.06375
0 0.44125 0.505 0.02125 0.06125
0 0.4175 0.5025 0.025 0.0725
0 0.39 0.5025 0.0275 0.06625
0 0.3625 0.5025 0.02625 0.0625
0 0.0125 0.6875 0.02125 0.06375
0 0.03125 0.6875 0.01625 0.06375
0 0.055 0.68875 0.02125 0.06875
0 0.27125 0.3975 0.025 0.085
0 0.0725 0.68875 0.0125 0.0675
0 0.6925 0.50375 0.025 0.07125
0 0.7175 0.505 0.0225 0.06875
0 0.46625 0.50125 0.025 0.065
0 0.785 0.45625 0.035 0.06625
0 0.20125 0.38 0.06125 0.0275
0 0.755 0.4575 0.0225 0.06375
0 0.20375 0.41625 0.05625 0.045
0 0.1525 0.37625 0.0225 0.09125
0 0.12625 0.3775 0.02375 0.0875
0 0.1025 0.37375 0.0275 0.08875
0 0.05125 0.38 0.0275 0.07
0 0.02 0.37625 0.02875 0.07625
0 0.9875 0.37875 0.025 0.06375
0 0.07375 0.3825 0.015 0.07
0 0.98625 0.47625 0.02625 0.02375
0 0.965 0.4625 0.015 0.0525
0 0.9475 0.46125 0.02 0.04875
0 0.92625 0.45625 0.02125 0.05625
0 0.9 0.45875 0.0275 0.06125
0 0.8725 0.455 0.025 0.0675
0 0.985 0.4525 0.0175 0.0325
0 0.815 0.45375 0.02375 0.06125
0 0.84375 0.4525 0.03125 0.0625