0 0.64125 0.45125 0.015 0.0925
0 0.8225 0.49375 0.0325 0.11
0 0.8525 0.7625 0.04375 0.1025
0 0.8575 0.5025 0.03375 0.1075
0 0.665 0.4525 0.02875 0.0975
0 0.6325 0.32625 0.02 0.0675
0 0.6 0.44 0.02375 0.08625
0 0.5775 0.4325 0.02 0.09375
0 0.62125 0.44125 0.01875 0.09375
0 0.78875 0.48375 0.03 0.10375
0 0.5575 0.42875 0.01875 0.0925
0 0.51875 0.42 0.0225 0.0875
0 0.84625 0.34875 0.0325 0.08
0 0.81375 0.34375 0.02875 0.08125
0 0.59125 0.315 0.01875 0.07875
0 0.7825 0.34125 0.02625 0.08125
0 0.75625 0.3375 0.02625 0.0775
0 0.72875 0.335 0.02125 0.07625
0 0.705 0.33125 0.02125 0.0775
0 0.53875 0.4225 0.01625 0.08375
0 0.68 0.33 0.02125 0.07375
0 0.61125 0.325 0.01625 0.0625
0 0.45625 0.5775 0.01875 0.05375
0 0.695 0.4625 0.025 0.1
0 0.72625 0.46625 0.03375 0.10375
0 0.76 0.47625 0.0275 0.1
0 0.805 0.74375 0.04125 0.105
0 0.76 0.72 0.04125 0.1
0 0.71875 0.7025 0.04375 0.09875
0 0.67625 0.68125 0.04 0.09125
0 0.6375 0.66375 0.0375 0.085
0 0.435 0.56875 0.02125 0.05625
0 0.60375 0.64625 0.03125 0.0825
0 0.52125 0.6175 0.0225 0.08
0 0.49375 0.60125 0.025 0.07125
0 0.47375 0.58875 0.01375 0.0575
0 0.50375 0.30625 0.01375 0.06875
0 0.52125 0.31 0.01375 0.06875
0 0.53875 0.31 0.015 0.07625
0 0.555 0.3125 0.01875 0.075
0 0.57375 0.315 0.015 0.0775
0 0.555 0.62875 0.0425 0.075
0 0.65625 0.3275 0.02375 0.06875