0 0.305 0.23125 0.0625 0.05125
0 0.79875 0.4875 0.04625 0.04125
0 0.85 0.48375 0.05 0.0425
0 0.8675 0.565 0.01375 0.05875
0 0.215 0.64875 0.02625 0.055
0 0.14 0.41 0.02875 0.06625
0 0.18125 0.40875 0.04875 0.0575
0 0.2275 0.40625 0.04 0.06125
0 0.2675 0.40625 0.0375 0.06125
0 0.305 0.405 0.03625 0.0625
0 0.345 0.40375 0.0375 0.06875
0 0.385 0.4075 0.03875 0.06
0 0.62625 0.5775 0.01875 0.0325
0 0.60625 0.5775 0.0175 0.0325
0 0.58375 0.58125 0.025 0.0275
0 0.24125 0.23 0.05875 0.05
0 0.51625 0.57875 0.05 0.0325
0 0.465 0.58 0.05125 0.03125
0 0.41625 0.57875 0.04625 0.0375
0 0.365 0.58 0.05125 0.0375
0 0.75125 0.4875 0.0425 0.04
0 0.3125 0.58 0.05 0.03375
0 0.26125 0.58 0.05125 0.03625
0 0.3875 0.22875 0.02 0.0525
0 0.3575 0.23125 0.0375 0.05625
0 0.17625 0.2275 0.06625 0.05875
0 0.55625 0.58125 0.025 0.02625
0 0.3825 0.4925 0.03 0.04625
0 0.65625 0.49125 0.045 0.03875
0 0.71 0.575 0.0275 0.03625
0 0.21125 0.5825 0.045 0.03875
0 0.735 0.575 0.0225 0.03625
0 0.76125 0.58 0.025 0.02625
0 0.79 0.58 0.02625 0.02625
0 0.81625 0.5775 0.025 0.03875
0 0.845 0.57625 0.02875 0.04
0 0.14 0.49875 0.02375 0.0375
0 0.16375 0.5 0.0225 0.03625
0 0.18875 0.4975 0.0225 0.03625
0 0.21375 0.4975 0.02375 0.0375
0 0.2475 0.4925 0.04 0.04375
0 0.28375 0.495 0.03 0.0375
0 0.3175 0.495 0.03125 0.03875
0 0.35 0.495 0.03125 0.0375
0 0.4525 0.495 0.045 0.0375
0 0.49125 0.4925 0.02875 0.04375
0 0.86125 0.21625 0.025 0.04625
0 0.8325 0.2125 0.025 0.05375
0 0.80375 0.2125 0.025 0.05375
0 0.76625 0.20875 0.04375 0.06375
0 0.71875 0.2075 0.0475 0.065
0 0.6 0.22125 0.04375 0.05
0 0.53625 0.22375 0.075 0.04875
0 0.47375 0.22625 0.0475 0.05
0 0.42375 0.225 0.05125 0.05625
0 0.52375 0.49 0.03125 0.04125
0 0.5625 0.49125 0.0425 0.0375
0 0.61 0.49 0.045 0.03875
0 0.70375 0.4875 0.045 0.03875
0 0.1625 0.5825 0.04875 0.0375
0 0.3025 0.325 0.04375 0.0475
0 0.70625 0.77 0.035 0.045
0 0.13875 0.75625 0.025 0.075
0 0.705 0.4 0.045 0.06375
0 0.6575 0.40125 0.045 0.06
0 0.61375 0.40125 0.0375 0.0625
0 0.575 0.4025 0.0375 0.0625
0 0.53625 0.4025 0.0375 0.05875
0 0.4975 0.405 0.03625 0.0575
0 0.7 0.6625 0.03375 0.0525
0 0.73 0.65375 0.025 0.06875
0 0.7575 0.65625 0.02625 0.07
0 0.45875 0.40625 0.0375 0.06125
0 0.4225 0.405 0.03375 0.05875
0 0.2275 0.755 0.0275 0.07625
0 0.75375 0.4125 0.05 0.03625
0 0.1975 0.75625 0.0275 0.07625
0 0.785 0.6625 0.0225 0.05625
0 0.8075 0.6625 0.0225 0.05625
0 0.845 0.66125 0.045 0.05875
0 0.66375 0.7725 0.04625 0.045
0 0.5625 0.7725 0.05 0.04125
0 0.52125 0.75375 0.0275 0.08
0 0.4925 0.7525 0.02875 0.07875
0 0.46125 0.75375 0.02875 0.075
0 0.4025 0.7525 0.03 0.0775
0 0.3175 0.755 0.035 0.075
0 0.28625 0.755 0.025 0.075
0 0.25625 0.755 0.0275 0.075
0 0.68 0.58125 0.02875 0.02625
0 0.1675 0.75625 0.0275 0.075
0 0.80375 0.41125 0.045 0.03875
0 0.6525 0.58125 0.025 0.02625
0 0.175 0.3175 0.04125 0.06125
0 0.63625 0.66375 0.03 0.05375
0 0.60375 0.66375 0.03 0.05375
0 0.5725 0.66375 0.02875 0.055
0 0.53875 0.65875 0.03375 0.06125
0 0.48 0.65875 0.0325 0.0625
0 0.44375 0.6575 0.0325 0.06125
0 0.41125 0.65875 0.0275 0.06125
0 0.37875 0.66 0.03375 0.0625
0 0.34375 0.6575 0.03125 0.0675
0 0.31125 0.6575 0.0275 0.06875
0 0.16875 0.66 0.0325 0.06625
0 0.13875 0.66125 0.025 0.065
0 0.82875 0.73625 0.04375 0.045
0 0.7825 0.7575 0.04625 0.07125
0 0.74125 0.77 0.0325 0.04625
0 0.66875 0.66375 0.0275 0.05125
0 0.8525 0.41375 0.04375 0.0425
0 0.855 0.3175 0.0175 0.0425
0 0.79375 0.325 0.0375 0.025
0 0.7525 0.325 0.04125 0.025
0 0.70375 0.3075 0.0525 0.0575
0 0.34875 0.32375 0.0425 0.04625
0 0.65625 0.31 0.0375 0.06
0 0.575 0.31125 0.0425 0.0575
0 0.53 0.3125 0.04 0.0575
0 0.48125 0.31625 0.04375 0.0575
0 0.4375 0.32375 0.04375 0.0475
0 0.83 0.315 0.02875 0.0375
0 0.3925 0.32125 0.04375 0.0425