0 0.27125 0.3825 0.02125 0.08375
0 0.2325 0.39 0.02125 0.065
0 0.3775 0.48 0.02 0.07
0 0.25 0.38 0.01375 0.08
0 0.29375 0.3825 0.02 0.0825
0 0.3675 0.38625 0.02375 0.0825
0 0.35375 0.47875 0.0225 0.0675
0 0.69 0.265 0.025 0.0775
0 0.66 0.26625 0.0275 0.075
0 0.62875 0.265 0.03 0.07625
0 0.5975 0.26625 0.0275 0.0725
0 0.57 0.2675 0.025 0.07
0 0.54375 0.26625 0.025 0.06875
0 0.34 0.38375 0.025 0.08
0 0.37875 0.28625 0.01875 0.07625
0 0.33625 0.28875 0.02 0.07375
0 0.315 0.2875 0.01875 0.07125
0 0.29375 0.2875 0.01875 0.07125
0 0.2725 0.2875 0.02 0.07
0 0.24875 0.28875 0.02 0.0725
0 0.22375 0.28875 0.025 0.07625
0 0.3575 0.28625 0.02 0.0725
0 0.3325 0.47875 0.0175 0.06625
0 0.84 0.35375 0.02375 0.0675
0 0.2875 0.47625 0.0175 0.07
0 0.135 0.74 0.01875 0.05875
0 0.16 0.745 0.02875 0.065
0 0.245 0.74375 0.025 0.07625
0 0.27 0.74875 0.02125 0.07625
0 0.2925 0.7525 0.01875 0.07375
0 0.3175 0.7575 0.025 0.07375
0 0.3425 0.76375 0.02125 0.0725
0 0.37125 0.77125 0.03125 0.07875
0 0.2375 0.6475 0.02 0.07125
0 0.25875 0.64875 0.01875 0.07125
0 0.27875 0.65125 0.0175 0.07125
0 0.31 0.47625 0.0225 0.07
0 0.29875 0.65375 0.01875 0.07
0 0.3425 0.6625 0.02125 0.07375
0 0.3625 0.66375 0.0175 0.07375
0 0.38375 0.665 0.01875 0.07625
0 0.3075 0.56125 0.02375 0.08
0 0.33125 0.5625 0.0225 0.08375
0 0.35625 0.565 0.02125 0.08125
0 0.38 0.5675 0.02125 0.08375
0 0.22375 0.47375 0.02125 0.07125
0 0.245 0.475 0.01875 0.07
0 0.5175 0.26875 0.025 0.07375
0 0.26625 0.475 0.02 0.07125
0 0.32 0.6575 0.0175 0.06875
0 0.4725 0.36375 0.025 0.0625
0 0.5175 0.3625 0.02 0.06
0 0.11375 0.735 0.02125 0.06375
0 0.5425 0.8225 0.02 0.05125
0 0.6575 0.765 0.0225 0.0525
0 0.6325 0.76125 0.02 0.05125
0 0.60875 0.75375 0.02125 0.0575
0 0.58375 0.7525 0.0225 0.05
0 0.56 0.74875 0.02375 0.05125
0 0.53625 0.745 0.01875 0.05
0 0.515 0.74125 0.01875 0.0475
0 0.49375 0.73625 0.01875 0.05125
0 0.47 0.7325 0.02125 0.04875
0 0.6625 0.69 0.025 0.05375
0 0.635 0.69125 0.02375 0.05125
0 0.61 0.6875 0.02 0.0475
0 0.5675 0.82875 0.02375 0.055
0 0.55875 0.68375 0.025 0.04375
0 0.5125 0.67 0.02 0.055
0 0.46875 0.665 0.02625 0.0575
0 0.665 0.61375 0.02125 0.0625
0 0.63875 0.625 0.025 0.07125
0 0.615 0.6275 0.01875 0.07
0 0.59375 0.6275 0.01875 0.07125
0 0.5725 0.625 0.0175 0.07
0 0.545 0.59875 0.01875 0.0575
0 0.52375 0.5975 0.02125 0.0575
0 0.50375 0.59375 0.015 0.06125
0 0.4875 0.58875 0.015 0.06
0 0.67875 0.53125 0.02 0.0625
0 0.65625 0.53 0.0225 0.05875
0 0.53375 0.67125 0.02 0.05125
0 0.59625 0.83375 0.02375 0.05125
0 0.655 0.845 0.02375 0.05625
0 0.73375 0.785 0.02125 0.05875
0 0.61375 0.36375 0.0225 0.065
0 0.63875 0.36375 0.0225 0.06625
0 0.66375 0.36375 0.02125 0.06375
0 0.68625 0.36375 0.02 0.07
0 0.46875 0.43875 0.0225 0.06125
0 0.49125 0.43875 0.02 0.05875
0 0.5125 0.43875 0.01875 0.06
0 0.535 0.44 0.0225 0.06
0 0.55875 0.44125 0.02125 0.06125
0 0.58375 0.44 0.025 0.0625
0 0.60875 0.4425 0.02125 0.0625
0 0.6325 0.44375 0.0225 0.0625
0 0.65875 0.445 0.025 0.06125
0 0.68375 0.44375 0.01875 0.065
0 0.49 0.52 0.01875 0.0575
0 0.5125 0.52125 0.02125 0.0575
0 0.535 0.52125 0.02 0.05625
0 0.5575 0.5225 0.02125 0.05625
0 0.58125 0.525 0.02 0.0575
0 0.76875 0.70875 0.025 0.06125
0 0.74 0.7025 0.025 0.06125
0 0.9875 0.82375 0.02375 0.0725
0 0.95625 0.8175 0.03125 0.065
0 0.9225 0.8125 0.02875 0.06375
0 0.8875 0.80875 0.035 0.06625
0 0.85375 0.80375 0.0275 0.06375
0 0.82 0.7975 0.025 0.0625
0 0.79125 0.79375 0.0275 0.05875
0 0.75875 0.78875 0.025 0.0625
0 0.49625 0.3625 0.02 0.0575
0 0.09 0.73 0.02 0.0625
0 0.06 0.66 0.0175 0.0475
0 0.17 0.6775 0.02 0.05125
0 0.97625 0.735 0.02875 0.0725
0 0.94625 0.73125 0.0275 0.06875
0 0.91625 0.72625 0.0275 0.0675
0 0.88375 0.72125 0.02875 0.065
0 0.85375 0.71625 0.0225 0.06125
0 0.79625 0.71 0.02125 0.0625
0 0.895 0.355 0.02375 0.06375
0 0.92375 0.35625 0.0225 0.065
0 0.95375 0.3575 0.02625 0.06875
0 0.98375 0.3575 0.025 0.06875
0 0.76125 0.27 0.02375 0.05375
0 0.78625 0.26875 0.0225 0.0575
0 0.81125 0.26375 0.02375 0.05875
0 0.83875 0.26375 0.02375 0.05625
0 0.63 0.52875 0.02625 0.05875
0 0.86375 0.26375 0.0225 0.0575
0 0.89 0.26125 0.02125 0.05625
0 0.91625 0.2625 0.02125 0.05625
0 0.945 0.26 0.0225 0.05875
0 0.97125 0.25875 0.02625 0.06125
0 0.0475 0.45 0.0225 0.06625
0 0.14625 0.37375 0.025 0.0675
0 0.12125 0.37375 0.02 0.06625
0 0.10125 0.3725 0.01625 0.06375
0 0.0825 0.37125 0.02 0.06375
0 0.74875 0.61375 0.02125 0.075
0 0.77875 0.61625 0.025 0.0725
0 0.8075 0.6175 0.025 0.07375
0 0.83625 0.62 0.02375 0.07375
0 0.815 0.35625 0.0225 0.0625
0 0.7875 0.35375 0.02125 0.06375
0 0.76 0.35375 0.0225 0.06375
0 0.9725 0.45375 0.02875 0.06625
0 0.9425 0.45125 0.02125 0.06625
0 0.915 0.45375 0.025 0.06375
0 0.8875 0.4525 0.02375 0.07
0 0.86 0.45 0.02375 0.0675
0 0.8325 0.44875 0.02375 0.0625
0 0.805 0.45 0.02375 0.06
0 0.77875 0.45 0.02 0.0625
0 0.7525 0.45 0.02875 0.06875
0 0.0625 0.37375 0.0175 0.06375
0 0.97 0.54625 0.02625 0.06875
0 0.91 0.5425 0.025 0.0625
0 0.8825 0.54125 0.025 0.06625
0 0.85375 0.5375 0.025 0.06375
0 0.825 0.53875 0.02375 0.06375
0 0.7975 0.53375 0.025 0.06875
0 0.77 0.52875 0.0175 0.07125
0 0.74625 0.52625 0.02 0.0725
0 0.98625 0.635 0.0225 0.07625
0 0.9575 0.635 0.02625 0.07625
0 0.9275 0.63 0.02625 0.0775
0 0.8975 0.6275 0.025 0.07375
0 0.8675 0.62125 0.025 0.07125
0 0.94 0.54125 0.02875 0.065
0 0.06625 0.725 0.02375 0.06
0 0.04125 0.37375 0.02375 0.065
0 0.125 0.295 0.01625 0.06125
0 0.08625 0.4525 0.02 0.06125
0 0.1075 0.4525 0.0175 0.05875
0 0.1275 0.45375 0.0175 0.06125
0 0.15125 0.455 0.025 0.06375
0 0.05 0.52375 0.01625 0.06125
0 0.07125 0.52625 0.02 0.05875
0 0.0925 0.525 0.0225 0.0575
0 0.11375 0.5275 0.015 0.0625
0 0.13375 0.53125 0.02 0.0625
0 0.15625 0.53125 0.0225 0.0625
0 0.0675 0.45125 0.015 0.06125
0 0.05125 0.60125 0.02125 0.0625
0 0.10625 0.60625 0.0175 0.06
0 0.12875 0.61 0.0225 0.06125
0 0.15125 0.61375 0.0175 0.0625
0 0.17125 0.61625 0.0175 0.06625
0 0.8675 0.355 0.0225 0.065
0 0.07875 0.6625 0.01625 0.05125
0 0.09625 0.665 0.01375 0.05
0 0.1125 0.6675 0.015 0.05
0 0.13 0.67 0.02 0.05375
0 0.15 0.67375 0.01625 0.05
0 0.0725 0.6025 0.02 0.06375
0 0.145 0.29375 0.01875 0.06125
0 0.605 0.52625 0.0225 0.05875
0 0.10625 0.29375 0.01625 0.06
0 0.08875 0.29625 0.01625 0.06
0 0.07125 0.29625 0.015 0.06
0 0.05375 0.2975 0.0175 0.06
0 0.03375 0.2975 0.02 0.05875