0 0.5225 0.58125 0.02125 0.04375
0 0.55 0.56 0.02375 0.04
0 0.435 0.58 0.0275 0.06125
0 0.24875 0.535 0.035 0.03625
0 0.2975 0.5725 0.0325 0.07875
0 0.3325 0.5725 0.035 0.07625
0 0.37125 0.5725 0.0325 0.07125
0 0.4025 0.55875 0.0275 0.06875
0 0.46375 0.57875 0.0275 0.05375
0 0.495 0.58375 0.025 0.04125
0 0.73875 0.54875 0.0275 0.03875
0 0.68875 0.57375 0.025 0.03875
0 0.7675 0.58125 0.0275 0.04
0 0.23 0.6025 0.01875 0.045
0 0.65375 0.59 0.035 0.05
0 0.6175 0.5875 0.02875 0.05125
0 0.5875 0.58875 0.02875 0.05
0 0.62 0.5375 0.045 0.03625
0 0.66625 0.5375 0.0375 0.03
0 0.76125 0.47 0.02625 0.0425
0 0.73 0.4675 0.03125 0.05
0 0.69 0.46375 0.035 0.05625
0 0.495 0.53375 0.02875 0.04
0 0.2625 0.5975 0.03 0.04375
0 0.5125 0.6675 0.04125 0.07125
0 0.26875 0.6925 0.02625 0.05625
0 0.3225 0.8875 0.01875 0.0775
0 0.285 0.91625 0.03375 0.02625
0 0.24875 0.91625 0.0325 0.02375
0 0.265 0.79375 0.03375 0.03125
0 0.30875 0.78 0.0375 0.06125
0 0.35875 0.765 0.03625 0.05625
0 0.48375 0.78125 0.02875 0.06125
0 0.445 0.785 0.03875 0.05625
0 0.4 0.7825 0.04125 0.05375
0 0.58125 0.755 0.03875 0.045
0 0.76875 0.78625 0.025 0.05375
0 0.73625 0.785 0.03375 0.0525
0 0.69375 0.785 0.04 0.05125
0 0.7675 0.68 0.0275 0.0525
0 0.73125 0.67875 0.0375 0.05375
0 0.68625 0.6775 0.04125 0.0575
0 0.64375 0.67625 0.03375 0.05375
0 0.60375 0.675 0.04 0.0575
0 0.56125 0.6825 0.0375 0.05625
0 0.6475 0.4625 0.035 0.055
0 0.4675 0.67 0.04125 0.065
0 0.4175 0.66625 0.04 0.06875
0 0.37625 0.6725 0.04 0.055
0 0.3325 0.6725 0.03125 0.05125
0 0.30125 0.6625 0.02125 0.045
0 0.23875 0.6925 0.02625 0.0575
0 0.65625 0.41875 0.0625 0.02375
0 0.46625 0.41 0.01375 0.01875
0 0.54125 0.455 0.0275 0.0525
0 0.755 0.345 0.02875 0.0875
0 0.76625 0.2375 0.02875 0.07125
0 0.71375 0.25125 0.055 0.04625
0 0.66 0.2325 0.0325 0.075
0 0.62125 0.235 0.02625 0.06875
0 0.59125 0.23125 0.03125 0.07125
0 0.33875 0.88625 0.0125 0.06875
0 0.7075 0.1025 0.03375 0.1
0 0.66625 0.0975 0.035 0.11125
0 0.62625 0.095 0.03 0.09875
0 0.5775 0.10125 0.04875 0.08625
0 0.59375 0.345 0.01375 0.06875
0 0.5275 0.08 0.03875 0.1175
0 0.38 0.0925 0.07875 0.07875
0 0.30625 0.07375 0.04 0.11125
0 0.53625 0.24125 0.0575 0.04875
0 0.53625 0.19875 0.05625 0.0325
0 0.48 0.2225 0.0325 0.07625
0 0.43125 0.2225 0.03125 0.07875
0 0.39125 0.22125 0.03125 0.065
0 0.3575 0.21875 0.02875 0.06875
0 0.32 0.2175 0.0325 0.07375
0 0.285 0.2125 0.0325 0.07375
0 0.75375 0.10375 0.04125 0.105
0 0.465 0.08875 0.07 0.095
0 0.6025 0.46125 0.04 0.05125
0 0.6175 0.345 0.02125 0.06375
0 0.6825 0.3475 0.02375 0.07375
0 0.50875 0.45625 0.03375 0.0525
0 0.48 0.455 0.015 0.0575
0 0.46125 0.45375 0.015 0.06
0 0.44375 0.45375 0.01625 0.05875
0 0.48375 0.41625 0.01625 0.0175
0 0.44875 0.41375 0.01625 0.01875
0 0.4225 0.46125 0.01875 0.05125
0 0.4025 0.46 0.0175 0.05
0 0.38 0.45 0.015 0.0625
0 0.3675 0.45125 0.0075 0.06375
0 0.31 0.4725 0.05875 0.0125
0 0.6425 0.3475 0.02375 0.06875
0 0.3075 0.45625 0.06125 0.01375
0 0.24375 0.43 0.04125 0.04625
0 0.29875 0.33 0.03125 0.06375
0 0.33375 0.33 0.02125 0.0575
0 0.365 0.335 0.025 0.06375
0 0.4 0.33625 0.025 0.065
0 0.45125 0.34125 0.03375 0.075
0 0.57 0.34375 0.02625 0.07375
0 0.5225 0.345 0.02625 0.07875
0 0.495 0.3425 0.025 0.07
0 0.51875 0.29375 0.06375 0.01625
0 0.70875 0.35125 0.0225 0.07375
0 0.315 0.44 0.06125 0.02
0 0.24375 0.30625 0.04625 0.06875
0 0.265 0.75875 0.04 0.03375
0 0.57875 0.9 0.0325 0.04
0 0.54125 0.8525 0.04 0.03625
0 0.49125 0.89375 0.0375 0.05375
0 0.4875 0.8475 0.02875 0.03
0 0.45 0.9 0.03875 0.045
0 0.44625 0.845 0.03625 0.02125
0 0.4075 0.89125 0.03625 0.05875
0 0.365 0.89625 0.035 0.0475
0 0.365 0.8525 0.04 0.02875
0 0.63 0.90625 0.03875 0.04125
0 0.65875 0.865 0.03125 0.04
0 0.7025 0.90125 0.03625 0.04625
0 0.745 0.89625 0.03375 0.0525
0 0.5325 0.89625 0.04125 0.045
0 0.5975 0.85875 0.0425 0.03