0 0.32625 0.76875 0.04 0.035
0 0.325 0.7325 0.04 0.0325
0 0.6475 0.59875 0.0575 0.07625
0 0.36625 0.76875 0.0375 0.03375
0 0.365 0.73625 0.035 0.02875
0 0.4025 0.765 0.03 0.0325
0 0.405 0.73125 0.03375 0.0325
0 0.27875 0.7 0.0375 0.035
0 0.2375 0.705 0.04125 0.03
0 0.3325 0.65 0.0375 0.03875
0 0.2775 0.73625 0.0375 0.0275
0 0.2 0.68625 0.03125 0.02125
0 0.19875 0.72 0.02875 0.03375
0 0.44375 0.77 0.04125 0.0325
0 0.37375 0.61625 0.03875 0.0975
0 0.33125 0.6075 0.03375 0.03375
0 0.28875 0.61 0.035 0.03875
0 0.24625 0.61125 0.03875 0.03125
0 0.195 0.61375 0.04125 0.02875
0 0.2375 0.735 0.035 0.0275
0 0.525 0.7275 0.0375 0.03
0 0.56625 0.69875 0.04 0.0325
0 0.60125 0.73375 0.03625 0.03
0 0.59875 0.6125 0.02875 0.1
0 0.56375 0.77125 0.04 0.03125
0 0.52375 0.7625 0.035 0.0325
0 0.79625 0.62125 0.04125 0.03625
0 0.48625 0.75625 0.03125 0.03125
0 0.7525 0.6225 0.0425 0.035
0 0.70875 0.62 0.0425 0.03
0 0.9275 0.66875 0.0475 0.0325
0 0.92375 0.7025 0.03875 0.03
0 0.9225 0.7375 0.04375 0.035
0 0.9175 0.77125 0.03375 0.02875
0 0.56125 0.735 0.03375 0.03125
0 0.8 0.66375 0.11875 0.03125
0 0.68125 0.7 0.11375 0.03125
0 0.80125 0.70125 0.1175 0.0325
0 0.88375 0.7 0.03 0.03
0 0.88 0.73375 0.04125 0.03125
0 0.79875 0.73625 0.12125 0.03
0 0.68125 0.7325 0.11375 0.03125
0 0.68 0.76875 0.11375 0.0325
0 0.80125 0.77125 0.11875 0.02875
0 0.88 0.76875 0.03125 0.03
0 0.445 0.735 0.04125 0.03
0 0.19 0.575 0.045 0.04
0 0.68 0.665 0.12 0.03375
0 0.24125 0.57375 0.04875 0.0375
0 0.1575 0.77125 0.03375 0.03125
0 0.15125 0.73625 0.04375 0.03375
0 0.29 0.40375 0.025 0.09625
0 0.2575 0.40375 0.03375 0.09625
0 0.22125 0.40375 0.03375 0.09375
0 0.185 0.4 0.03625 0.09875
0 0.15375 0.40125 0.02625 0.09875
0 0.12 0.39875 0.03625 0.09875
0 0.08375 0.4025 0.03375 0.0925
0 0.04375 0.3975 0.03625 0.09875
0 0.96375 0.27375 0.035 0.1125
0 0.92625 0.27625 0.03625 0.11
0 0.88625 0.275 0.03875 0.10875
0 0.85125 0.275 0.03125 0.1075
0 0.8125 0.27375 0.03625 0.10875
0 0.77625 0.27625 0.0325 0.1075
0 0.73875 0.2775 0.03375 0.10375
0 0.6975 0.2775 0.03125 0.1025
0 0.66375 0.275 0.03375 0.105
0 0.625 0.27875 0.0375 0.10375
0 0.585 0.27875 0.035 0.10375
0 0.51 0.27875 0.03625 0.115
0 0.32 0.28 0.03375 0.10625
0 0.355 0.275 0.03375 0.105
0 0.39625 0.27625 0.03875 0.10625
0 0.32625 0.40375 0.03625 0.09875
0 0.15 0.7 0.0425 0.03375
0 0.36125 0.40125 0.03 0.10375
0 0.43625 0.4025 0.0375 0.1075
0 0.2875 0.65 0.0375 0.0375
0 0.1175 0.7725 0.04 0.0325
0 0.07625 0.77 0.04 0.0325
0 0.40875 0.61125 0.0275 0.1
0 0.445 0.61375 0.03875 0.095
0 0.94125 0.51625 0.01625 0.06875
0 0.96125 0.51875 0.02125 0.07
0 0.98375 0.5175 0.02 0.0675
0 0.6575 0.39875 0.0375 0.10375
0 0.6975 0.39875 0.03125 0.09625
0 0.73 0.40375 0.02625 0.09875
0 0.77 0.39875 0.0325 0.1025
0 0.80625 0.4025 0.03125 0.105
0 0.845 0.39875 0.035 0.1075
0 0.8825 0.40125 0.0325 0.1025
0 0.9225 0.39875 0.0325 0.10125
0 0.9575 0.40125 0.03125 0.1025
0 0.9875 0.39875 0.02375 0.10125
0 0.61625 0.40375 0.0325 0.1
0 0.58125 0.40375 0.03 0.10125
0 0.545 0.405 0.035 0.10125
0 0.50875 0.405 0.0325 0.1025
0 0.47125 0.405 0.03375 0.10375
0 0.39625 0.40125 0.035 0.105
0 0.24625 0.6475 0.0375 0.04
0 0.47 0.2775 0.035 0.11125
0 0.9 0.515 0.01625 0.0675
0 0.19875 0.50125 0.02625 0.07625
0 0.22875 0.5 0.02875 0.07875
0 0.265 0.50875 0.02375 0.08
0 0.29375 0.50625 0.03125 0.0825
0 0.4475 0.70125 0.03625 0.035
0 0.05625 0.2725 0.0375 0.10625
0 0.09375 0.275 0.0325 0.10375
0 0.4875 0.6125 0.03625 0.09625
0 0.525 0.61375 0.0375 0.09625
0 0.6725 0.52 0.03375 0.06125
0 0.64 0.51625 0.03125 0.06
0 0.59 0.51875 0.04875 0.06
0 0.49875 0.5175 0.04125 0.06125
0 0.46 0.51875 0.0375 0.06125
0 0.42 0.51625 0.04 0.0625
0 0.38 0.51875 0.03625 0.0575
0 0.3425 0.50875 0.0275 0.08
0 0.32 0.5075 0.01375 0.07875
0 0.13125 0.2725 0.0375 0.1075
0 0.92 0.51875 0.02375 0.065
0 0.1725 0.27625 0.04125 0.10375
0 0.2275 0.28125 0.03125 0.09625
0 0.25375 0.28125 0.015 0.095
0 0.2825 0.28125 0.0375 0.10375
0 0.60375 0.76875 0.03625 0.03375
0 0.36375 0.70125 0.03875 0.0325
0 0.87625 0.62375 0.03875 0.03125
0 0.92125 0.62875 0.03875 0.0325
0 0.56375 0.6125 0.0375 0.0975
0 0.175 0.49625 0.02125 0.07125
0 0.435 0.27625 0.03125 0.11
0 0.485 0.71625 0.035 0.03875
0 0.0475 0.5025 0.03 0.085
0 0.205 0.64875 0.045 0.03375
0 0.165 0.64625 0.03375 0.04
0 0.15125 0.605 0.03125 0.0275
0 0.9225 0.5875 0.03625 0.03875
0 0.875 0.51625 0.0225 0.075
0 0.8375 0.58625 0.04125 0.04
0 0.74875 0.585 0.045 0.0325
0 0.14875 0.49625 0.0275 0.0725
0 0.7075 0.51875 0.035 0.06625
0 0.9625 0.585 0.035 0.03875
0 0.96 0.62125 0.02875 0.02875
0 0.15 0.575 0.035 0.03
0 0.06375 0.64875 0.04 0.035
0 0.835 0.625 0.0375 0.0325
0 0.05875 0.60875 0.04625 0.03625
0 0.11375 0.5025 0.02625 0.0825
0 0.08125 0.505 0.0325 0.0825
0 0.705 0.5825 0.0375 0.0375
0 0.88125 0.58875 0.03875 0.035