0 0.2075 0.58 0.035 0.0775
0 0.7975 0.3875 0.02 0.06875
0 0.455 0.535 0.04125 0.09875
0 0.4125 0.545 0.04125 0.08
0 0.3725 0.5775 0.025 0.05125
0 0.33125 0.5925 0.0525 0.03125
0 0.3225 0.55 0.03625 0.0175
0 0.2875 0.57125 0.0225 0.07125
0 0.26125 0.5725 0.025 0.07125
0 0.235 0.57375 0.01875 0.08
0 0.175 0.59125 0.02 0.08
0 0.145 0.5925 0.0375 0.08375
0 0.51125 0.53 0.05875 0.09125
0 0.86125 0.38625 0.02625 0.0575
0 0.76875 0.39125 0.02875 0.07625
0 0.74625 0.39875 0.01625 0.07125
0 0.7225 0.40375 0.02125 0.07625
0 0.70125 0.40125 0.02 0.0775
0 0.6625 0.3975 0.02125 0.095
0 0.6325 0.40875 0.03625 0.08
0 0.59375 0.415 0.04 0.06625
0 0.55125 0.41625 0.03375 0.075
0 0.51125 0.415 0.045 0.09125
0 0.4525 0.41625 0.04 0.09
0 0.83 0.39125 0.0375 0.06375
0 0.4125 0.4225 0.0375 0.09875
0 0.555 0.52375 0.02875 0.09375
0 0.62625 0.525 0.03 0.07375
0 0.5225 0.67 0.05125 0.05375
0 0.48 0.65625 0.03 0.08125
0 0.44875 0.66125 0.03 0.0875
0 0.41875 0.6675 0.03125 0.0875
0 0.385 0.7025 0.02875 0.03375
0 0.3525 0.70375 0.03 0.03375
0 0.31625 0.68875 0.02375 0.07375
0 0.29125 0.69125 0.0225 0.07375
0 0.25875 0.7 0.03375 0.0625
0 0.2325 0.705 0.0175 0.0675
0 0.595 0.53375 0.03125 0.0575
0 0.205 0.71625 0.02625 0.06625
0 0.1425 0.725 0.03 0.0725
0 0.86125 0.49 0.02625 0.0775
0 0.83625 0.495 0.0225 0.06875
0 0.81125 0.49625 0.02375 0.07625
0 0.785 0.5025 0.02375 0.0625
0 0.76 0.50875 0.02625 0.07375
0 0.735 0.49875 0.02375 0.09375
0 0.71 0.5 0.025 0.09375
0 0.6875 0.5225 0.0175 0.0525
0 0.65875 0.515 0.025 0.08
0 0.17875 0.72 0.0275 0.075
0 0.56625 0.61875 0.03625 0.04125
0 0.37375 0.4225 0.04 0.09375
0 0.30625 0.43125 0.03375 0.0925
0 0.165 0.3025 0.035 0.09375
0 0.85625 0.15125 0.025 0.07625
0 0.8225 0.1475 0.04125 0.09
0 0.7875 0.1475 0.02625 0.09
0 0.74375 0.135 0.03125 0.085
0 0.71625 0.14875 0.03375 0.1
0 0.68125 0.16125 0.0325 0.07875
0 0.6475 0.155 0.03 0.06875
0 0.61875 0.16875 0.025 0.04125
0 0.57875 0.155 0.04125 0.08125
0 0.19875 0.30125 0.03125 0.09625
0 0.53875 0.15375 0.03125 0.07875
0 0.48625 0.1375 0.025 0.10875
0 0.4575 0.13375 0.04125 0.13
0 0.41 0.15375 0.0525 0.09125
0 0.36375 0.15125 0.0375 0.0825
0 0.335 0.175 0.01875 0.035
0 0.29875 0.13875 0.045 0.10875
0 0.25625 0.1425 0.035 0.09375
0 0.2175 0.15125 0.035 0.09375
0 0.1825 0.16125 0.03375 0.07875
0 0.14375 0.16875 0.035 0.06125
0 0.51125 0.1575 0.0225 0.07
0 0.3375 0.42625 0.02875 0.09875
0 0.22625 0.3025 0.025 0.09375
0 0.28125 0.2975 0.02 0.06875
0 0.2675 0.43875 0.04125 0.0875
0 0.2125 0.445 0.05 0.0725
0 0.16875 0.45625 0.0225 0.075
0 0.1425 0.45375 0.03125 0.08
0 0.85 0.2625 0.045 0.06125
0 0.81375 0.2775 0.0275 0.0725
0 0.78125 0.275 0.03625 0.07625
0 0.745 0.2775 0.03625 0.09125
0 0.70125 0.28625 0.04 0.06625
0 0.63875 0.31125 0.02875 0.01625
0 0.255 0.30625 0.03125 0.0875
0 0.6375 0.27375 0.03125 0.04375
0 0.5775 0.2825 0.03125 0.09375
0 0.5525 0.31 0.02375 0.02625
0 0.5525 0.2775 0.02375 0.02125
0 0.52 0.28375 0.04125 0.09125
0 0.47875 0.28375 0.03375 0.085
0 0.44625 0.3 0.035 0.08875
0 0.41625 0.30625 0.0225 0.0875
0 0.3875 0.3 0.035 0.075
0 0.34875 0.2875 0.03375 0.09375
0 0.31625 0.29125 0.03 0.1
0 0.60625 0.28125 0.02375 0.09625
0 0.56375 0.6575 0.02375 0.03875
0 0.5225 0.625 0.0425 0.0375
0 0.6175 0.63375 0.03 0.09
0 0.42625 0.81625 0.05125 0.08
0 0.4825 0.81 0.03125 0.095
0 0.56 0.77875 0.02875 0.08875
0 0.60625 0.7775 0.04 0.07875
0 0.6425 0.76625 0.02875 0.0675
0 0.6675 0.755 0.0225 0.085
0 0.36 0.83875 0.04 0.085
0 0.69375 0.755 0.02125 0.0825
0 0.75125 0.73875 0.0325 0.0725
0 0.79125 0.73875 0.03875 0.0675
0 0.81875 0.72875 0.01875 0.06375
0 0.8425 0.72125 0.02375 0.065
0 0.59125 0.6525 0.01375 0.06
0 0.865 0.72 0.01875 0.08125
0 0.72125 0.75 0.02875 0.07875
0 0.27375 0.83625 0.06 0.01375
0 0.52375 0.77875 0.0325 0.0925
0 0.25875 0.8875 0.07875 0.02
0 0.76125 0.605 0.0225 0.06875
0 0.67625 0.6225 0.0225 0.07625
0 0.65 0.62625 0.0275 0.07875
0 0.3125 0.87125 0.01125 0.035
0 0.78875 0.59875 0.03125 0.06875
0 0.7325 0.61625 0.0275 0.07
0 0.8475 0.59625 0.02375 0.06375
0 0.81875 0.59875 0.0225 0.06875
0 0.1475 0.81875 0.02 0.03625
0 0.1775 0.82625 0.025 0.03375
0 0.155 0.86125 0.02 0.03125
0 0.18625 0.86125 0.025 0.025
0 0.1775 0.90625 0.05875 0.01625
0 0.86875 0.59875 0.01125 0.055
0 0.70375 0.6175 0.02625 0.07625