0 0.115 0.34875 0.025 0.07375
0 0.09125 0.3475 0.02 0.07125
0 0.3825 0.37875 0.0675 0.0675
0 0.135 0.35125 0.01625 0.06875
0 0.94625 0.615 0.02375 0.115
0 0.9825 0.62125 0.035 0.1175
0 0.155 0.36 0.01875 0.06
0 0.31375 0.37875 0.01875 0.05875
0 0.1975 0.36375 0.01125 0.06
0 0.5425 0.39875 0.0825 0.09125
0 0.2175 0.3575 0.025 0.0725
0 0.26625 0.36625 0.035 0.06
0 0.33625 0.37625 0.02375 0.06
0 0.88 0.605 0.0375 0.1125
0 0.17375 0.3575 0.0175 0.06375
0 0.845 0.60125 0.0275 0.12
0 0.3 0.45875 0.02125 0.06625
0 0.7775 0.5975 0.02625 0.1075
0 0.2175 0.44375 0.02125 0.05875
0 0.63375 0.4 0.08875 0.09375
0 0.25 0.4525 0.01875 0.07125
0 0.27375 0.455 0.02625 0.06625
0 0.32125 0.46125 0.02 0.0725
0 0.34375 0.46625 0.0225 0.0625
0 0.81 0.59375 0.0375 0.11
0 0.37625 0.46875 0.02625 0.05
0 0.51125 0.54 0.025 0.08
0 0.5375 0.54625 0.025 0.08875
0 0.565 0.55375 0.025 0.0825
0 0.59 0.56 0.02375 0.0975
0 0.61875 0.5675 0.03125 0.0875
0 0.7425 0.585 0.04125 0.0975
0 0.485 0.54 0.02625 0.08125
0 0.72375 0.415 0.0425 0.105
0 0.69125 0.2575 0.02875 0.10875
0 0.795 0.41875 0.03375 0.1125
0 0.37375 0.2575 0.01625 0.08875
0 0.39375 0.26 0.025 0.09125
0 0.42375 0.2625 0.0325 0.09125
0 0.46125 0.26375 0.02625 0.085
0 0.49125 0.26 0.025 0.09
0 0.51875 0.26 0.02875 0.08875
0 0.35375 0.26125 0.02 0.08125
0 0.54375 0.26125 0.02 0.09
0 0.63125 0.25875 0.0275 0.0975
0 0.66125 0.25625 0.03 0.10375
0 0.7225 0.25875 0.03125 0.11
0 0.75875 0.25875 0.03375 0.10625
0 0.835 0.24875 0.1175 0.1275
0 0.2 0.44125 0.01375 0.06375
0 0.57125 0.25875 0.0275 0.09625
0 0.76125 0.415 0.03125 0.1075
0 0.32125 0.27625 0.02625 0.06
0 0.25625 0.27 0.025 0.06
0 0.83 0.41375 0.03625 0.1225
0 0.86625 0.42 0.03375 0.12875
0 0.90375 0.42 0.04125 0.1275
0 0.94 0.42375 0.03125 0.13375
0 0.9775 0.425 0.04125 0.12875
0 0.0875 0.26125 0.02 0.0775
0 0.29125 0.27375 0.03375 0.06125
0 0.11 0.26 0.0175 0.0775
0 0.14125 0.2575 0.0175 0.0775
0 0.16125 0.25875 0.02125 0.07875
0 0.1875 0.27125 0.0175 0.0525
0 0.20375 0.27125 0.01625 0.0525
0 0.22 0.26875 0.015 0.06
0 0.235 0.27 0.015 0.06125
0 0.125 0.26 0.0125 0.08125
0 0.18375 0.44 0.01625 0.06
0 0.6 0.26 0.0275 0.09875
0 0.26 0.71 0.015 0.065
0 0.32375 0.63375 0.02125 0.075
0 0.345 0.63875 0.02125 0.08
0 0.10875 0.6525 0.01 0.05375
0 0.12125 0.65375 0.0125 0.0525
0 0.1325 0.6575 0.01 0.06125
0 0.1575 0.67 0.035 0.06875
0 0.1825 0.685 0.01625 0.0625
0 0.2 0.68625 0.0175 0.06125
0 0.30375 0.62875 0.015 0.06375
0 0.2225 0.68875 0.02375 0.06875
0 0.20375 0.5275 0.015 0.0625
0 0.2775 0.7175 0.015 0.06875
0 0.29375 0.72 0.01375 0.06625
0 0.30625 0.7225 0.01 0.07125
0 0.32125 0.73125 0.02 0.05625
0 0.3425 0.74 0.0175 0.07625
0 0.36375 0.74 0.01625 0.1025
0 0.385 0.7425 0.02375 0.1
0 0.2425 0.705 0.01625 0.0575
0 0.43875 0.7575 0.02625 0.09
0 0.2875 0.625 0.01625 0.06875
0 0.25 0.61625 0.01 0.06875
0 0.25125 0.5375 0.01625 0.07
0 0.26875 0.5375 0.01625 0.07
0 0.28625 0.53875 0.01875 0.07375
0 0.30875 0.545 0.0225 0.0625
0 0.345 0.55375 0.02 0.06875
0 0.47375 0.625 0.0325 0.055
0 0.50875 0.645 0.03375 0.08125
0 0.55625 0.65625 0.025 0.0625
0 0.2675 0.61875 0.02125 0.06125
0 0.585 0.6525 0.03125 0.06875
0 0.6825 0.7075 0.03875 0.10875
0 0.7225 0.71125 0.03625 0.1025
0 0.76375 0.72875 0.03875 0.115
0 0.8125 0.73125 0.02375 0.09
0 0.84375 0.7275 0.02625 0.0825
0 0.2 0.6 0.01375 0.06
0 0.21625 0.6025 0.0175 0.065
0 0.235 0.60875 0.01625 0.06375
0 0.645 0.65625 0.02625 0.0425
0 0.48375 0.77875 0.02375 0.11875
0 0.5175 0.785 0.03875 0.10875
0 0.55625 0.7775 0.03375 0.095
0 0.11 0.57375 0.00875 0.055
0 0.1025 0.50125 0.0175 0.05875
0 0.1175 0.50125 0.01 0.06125
0 0.13 0.505 0.01375 0.05625
0 0.1425 0.50875 0.01125 0.0625
0 0.16 0.51125 0.02 0.055
0 0.17625 0.51625 0.01 0.065
0 0.23625 0.53125 0.015 0.05875
0 0.18625 0.59375 0.01125 0.07125
0 0.1725 0.5875 0.01625 0.0575
0 0.15625 0.58625 0.01 0.05875
0 0.145 0.5825 0.01125 0.05
0 0.13375 0.5775 0.01125 0.06
0 0.12125 0.575 0.01125 0.0525
0 0.18875 0.52 0.0125 0.06
0 0.155 0.435 0.015 0.0575
0 0.6075 0.82375 0.03625 0.1
0 0.64625 0.83125 0.03625 0.085
0 0.68375 0.8325 0.03625 0.07375
0 0.715 0.8325 0.02625 0.08
0 0.17 0.43875 0.0125 0.0625
0 0.87375 0.73375 0.03 0.08
0 0.22 0.53 0.015 0.0625
0 0.94875 0.745 0.03 0.07125
0 0.14 0.435 0.015 0.06
0 0.12625 0.4325 0.01 0.06375
0 0.115 0.43 0.01 0.06
0 0.1025 0.43 0.01375 0.06125
0 0.98125 0.75 0.0325 0.06125
0 0.91125 0.7625 0.035 0.11125