0 0.46 0.615 0.06 0.0675
0 0.11125 0.1925 0.02125 0.05375
0 0.9775 0.8075 0.045 0.0725
0 0.925 0.8075 0.0525 0.07
0 0.87 0.8125 0.05625 0.06625
0 0.8125 0.81625 0.055 0.06125
0 0.74125 0.825 0.025 0.04625
0 0.75125 0.61375 0.0325 0.06875
0 0.78875 0.61625 0.03 0.0675
0 0.1775 0.2825 0.0125 0.055
0 0.15875 0.2825 0.02 0.055
0 0.13875 0.28125 0.015 0.055
0 0.11875 0.2825 0.0225 0.0525
0 0.7675 0.825 0.02375 0.04875
0 0.71 0.61625 0.03375 0.0625
0 0.07 0.19 0.01875 0.055
0 0.86125 0.61125 0.03625 0.075
0 0.085 0.7125 0.03625 0.06875
0 0.12125 0.7125 0.03 0.07
0 0.15375 0.715 0.03 0.06625
0 0.1875 0.7125 0.0375 0.06125
0 0.2425 0.70875 0.05125 0.05375
0 0.3025 0.71875 0.06 0.0525
0 0.09 0.19125 0.0175 0.05125
0 0.35625 0.71375 0.0375 0.0675
0 0.4675 0.7175 0.0575 0.04
0 0.515 0.715 0.03375 0.055
0 0.55 0.715 0.0325 0.06
0 0.58125 0.7175 0.0275 0.055
0 0.0375 0.22625 0.04375 0.0675
0 0.04 0.29375 0.04375 0.05875
0 0.4075 0.72 0.05875 0.04875
0 0.235 0.81875 0.03375 0.06625
0 0.0975 0.2825 0.01625 0.05375
0 0.825 0.61625 0.03375 0.06625
0 0.815 0.71375 0.03125 0.06125
0 0.8575 0.71 0.0425 0.0675
0 0.90875 0.71 0.0525 0.0675
0 0.9575 0.715 0.03 0.0525
0 0.985 0.71 0.02125 0.06375
0 0.28625 0.83375 0.0575 0.0325
0 0.7825 0.71375 0.0325 0.06125
0 0.01375 0.8125 0.02625 0.07375
0 0.0825 0.82625 0.02625 0.05625
0 0.6725 0.6175 0.035 0.06125
0 0.1875 0.8375 0.05625 0.02625
0 0.63125 0.6175 0.0375 0.06125
0 0.58125 0.61875 0.05875 0.0575
0 0.5225 0.62 0.05625 0.05375
0 0.0475 0.8175 0.04 0.07
0 0.74875 0.71375 0.03125 0.06125
0 0.71625 0.715 0.03 0.06
0 0.68 0.7175 0.03 0.055
0 0.17125 0.1925 0.0175 0.05375
0 0.15125 0.1925 0.02125 0.0525
0 0.13125 0.1925 0.0175 0.0525
0 0.71625 0.825 0.0225 0.04875
0 0.69125 0.83 0.02 0.03375
0 0.66625 0.8225 0.02625 0.04625
0 0.63625 0.8225 0.0325 0.0475
0 0.60125 0.8225 0.03375 0.04875
0 0.57 0.825 0.0275 0.0425
0 0.5225 0.82375 0.055 0.02875
0 0.46375 0.8325 0.05125 0.0325
0 0.40625 0.83625 0.0575 0.02625
0 0.34625 0.835 0.05625 0.0275
0 0.60875 0.70125 0.025 0.0525
0 0.6475 0.71875 0.03 0.055
0 0.0775 0.28125 0.01875 0.05625
0 0.12875 0.82875 0.05625 0.0425
0 0.30375 0.5075 0.06625 0.075
0 0.61125 0.21375 0.05375 0.075
0 0.515 0.5125 0.02625 0.06125
0 0.46625 0.51875 0.05875 0.05875
0 0.4225 0.2775 0.06375 0.025
0 0.42125 0.3025 0.0675 0.0225
0 0.47375 0.28125 0.03625 0.0675
0 0.51125 0.2825 0.03625 0.06875
0 0.55875 0.2125 0.0475 0.075
0 0.545 0.52 0.03 0.0525
0 0.55875 0.28625 0.04875 0.065
0 0.3425 0.61375 0.04 0.06625
0 0.29 0.62125 0.05625 0.05625
0 0.41875 0.51625 0.03125 0.0575
0 0.37125 0.5175 0.0575 0.0575
0 0.24375 0.51375 0.04875 0.06125
0 0.17625 0.515 0.06125 0.06125
0 0.11125 0.5175 0.05875 0.055
0 0.3975 0.61375 0.0575 0.0675
0 0.57625 0.52 0.03 0.05625
0 0.62375 0.50625 0.04375 0.075
0 0.66875 0.51 0.04 0.07
0 0.25625 0.28375 0.05 0.06375
0 0.30125 0.28375 0.0375 0.0625
0 0.36125 0.2475 0.065 0.03625
0 0.35625 0.29125 0.0675 0.04625
0 0.24 0.62375 0.0325 0.0525
0 0.205 0.6225 0.03625 0.055
0 0.165 0.61375 0.0375 0.07125
0 0.125 0.61375 0.04 0.0725
0 0.08125 0.61375 0.0425 0.07125
0 0.04 0.6125 0.03875 0.07375
0 0.9675 0.51 0.04125 0.07125
0 0.91625 0.5075 0.04375 0.07875
0 0.8775 0.5075 0.0275 0.07125
0 0.84 0.50625 0.03875 0.07625
0 0.79125 0.51875 0.04375 0.05125
0 0.75 0.51 0.02875 0.0675
0 0.71 0.5075 0.04 0.07
0 0.05875 0.51 0.03875 0.07625
0 0.22 0.29125 0.01625 0.04625
0 0.01875 0.50875 0.03625 0.07875
0 0.93125 0.4075 0.04 0.05125
0 0.11875 0.405 0.03625 0.0575
0 0.075 0.3975 0.04375 0.075
0 0.025 0.39625 0.0425 0.07625
0 0.98 0.28125 0.04 0.0725
0 0.93125 0.29 0.04625 0.05875
0 0.87875 0.28 0.0525 0.07125
0 0.82125 0.28 0.05375 0.075
0 0.76375 0.28875 0.0375 0.055
0 0.71375 0.2825 0.0525 0.07
0 0.66 0.2925 0.04625 0.05
0 0.04625 0.715 0.0375 0.06625
0 0.0125 0.71375 0.02375 0.06875
0 0.97375 0.61 0.0325 0.07125
0 0.9375 0.61375 0.035 0.06625
0 0.9 0.61125 0.03625 0.07375
0 0.66375 0.23375 0.04 0.0625
0 0.61 0.285 0.05 0.0625
0 0.155 0.405 0.03125 0.05625
0 0.97375 0.4075 0.0375 0.05375
0 0.1925 0.405 0.035 0.05625
0 0.265 0.405 0.035 0.05625
0 0.88875 0.40625 0.04375 0.05375
0 0.84125 0.405 0.04875 0.055
0 0.79875 0.4 0.025 0.06625
0 0.745 0.40625 0.0325 0.0525
0 0.75625 0.36625 0.055 0.0275
0 0.69125 0.36 0.05 0.01625
0 0.69875 0.405 0.0525 0.06
0 0.22875 0.40625 0.03375 0.05625
0 0.64375 0.40125 0.04875 0.06375
0 0.545 0.39625 0.0425 0.075
0 0.49 0.42125 0.06125 0.025
0 0.48875 0.39 0.0625 0.025
0 0.42375 0.4075 0.06125 0.05375
0 0.3725 0.405 0.03125 0.05875
0 0.3375 0.4025 0.03375 0.06125
0 0.3025 0.405 0.03375 0.06125
0 0.59125 0.3975 0.04375 0.07375
0 0.2 0.29 0.0225 0.04875