0 0.38125 0.31875 0.1125 0.02875
0 0.6075 0.225 0.11125 0.01
0 0.1575 0.22375 0.065 0.01125
0 0.3775 0.22625 0.11625 0.01125
0 0.25875 0.365 0.1275 0.0125
0 0.49375 0.31375 0.10875 0.03125
0 0.26 0.3425 0.12625 0.03
0 0.15625 0.2025 0.0625 0.02625
0 0.1575 0.17375 0.065 0.0275
0 0.25625 0.22125 0.125 0.0125
0 0.2575 0.2 0.1225 0.02875
0 0.38 0.34625 0.1125 0.02625
0 0.38125 0.3675 0.11375 0.0125
0 0.5725 0.46375 0.02875 0.0875
0 0.49375 0.345 0.1075 0.02875
0 0.495 0.3675 0.1075 0.01375
0 0.605 0.30375 0.1075 0.025
0 0.60375 0.33 0.10625 0.02
0 0.605 0.35125 0.11 0.02125
0 0.605 0.36875 0.11 0.01
0 0.72625 0.30125 0.13125 0.02125
0 0.7275 0.325 0.1375 0.025
0 0.60625 0.46625 0.03125 0.09125
0 0.63875 0.46625 0.03 0.08875
0 0.67 0.465 0.03125 0.09
0 0.7275 0.35 0.13625 0.01875
0 0.7275 0.3675 0.135 0.0125
0 0.2575 0.17125 0.1225 0.02625
0 0.3775 0.20375 0.1175 0.03125
0 0.73125 0.19625 0.1325 0.03
0 0.49375 0.22625 0.11125 0.01375
0 0.5425 0.46625 0.03125 0.08875
0 0.4725 0.44875 0.10625 0.02875
0 0.47125 0.47875 0.10875 0.02625
0 0.47125 0.5 0.10875 0.01375
0 0.3575 0.455 0.11625 0.0275
0 0.3575 0.4825 0.11875 0.025
0 0.3575 0.5025 0.11875 0.00875
0 0.23875 0.485 0.115 0.025
0 0.15125 0.46125 0.05125 0.02625
0 0.15125 0.48875 0.05125 0.0225
0 0.155 0.60125 0.06 0.02625
0 0.155 0.6275 0.05875 0.02375
0 0.37875 0.17375 0.1175 0.025
0 0.155 0.64375 0.06 0.00875
0 0.26375 0.06625 0.1225 0.02875
0 0.38375 0.0775 0.1125 0.01375
0 0.59 0.05375 0.11125 0.02625
0 0.5875 0.07625 0.1125 0.01875
0 0.72875 0.06375 0.13 0.03125
0 0.7325 0.165 0.13375 0.03
0 0.7025 0.46375 0.03 0.0875
0 0.73125 0.22375 0.1325 0.02125
0 0.60875 0.18125 0.11125 0.025
0 0.60875 0.20625 0.11125 0.0275
0 0.49375 0.16875 0.11125 0.03125
0 0.495 0.20125 0.11125 0.03125
0 0.16125 0.06875 0.0725 0.02875
0 0.7375 0.46375 0.03375 0.09
0 0.24 0.50375 0.1125 0.00625
0 0.155 0.7875 0.05875 0.01375
0 0.26875 0.92125 0.125 0.01625
0 0.27 0.89875 0.12625 0.02625
0 0.24625 0.64375 0.1125 0.01
0 0.165 0.89875 0.08 0.03
0 0.59875 0.725 0.12625 0.0325
0 0.7175 0.7575 0.0775 0.05875
0 0.7175 0.71 0.10375 0.025
0 0.73375 0.64375 0.125 0.01375
0 0.735 0.6225 0.12375 0.0275
0 0.73375 0.59375 0.12375 0.0275
0 0.72625 0.56875 0.115 0.02125
0 0.6 0.64125 0.12875 0.015
0 0.16375 0.92125 0.0775 0.01375
0 0.27 0.86875 0.12625 0.0275
0 0.6 0.6175 0.12875 0.03
0 0.60125 0.585 0.13 0.03125
0 0.46875 0.64 0.11125 0.01625
0 0.46875 0.6175 0.10875 0.02625
0 0.47 0.5875 0.1125 0.03125
0 0.35875 0.6425 0.10625 0.01
0 0.36 0.6225 0.105 0.02625
0 0.36 0.59625 0.10625 0.025
0 0.36 0.56875 0.105 0.02625
0 0.39 0.87375 0.10625 0.03125
0 0.3875 0.90375 0.1075 0.025
0 0.155 0.765 0.05875 0.03
0 0.50125 0.86375 0.11 0.0375
0 0.38625 0.92625 0.10875 0.01125
0 0.59875 0.75875 0.13375 0.03
0 0.60125 0.785 0.13125 0.0175
0 0.4775 0.725 0.11125 0.0325
0 0.4775 0.7575 0.10875 0.03125
0 0.4775 0.7825 0.11 0.02125
0 0.6175 0.90625 0.12125 0.02625
0 0.62 0.87625 0.12 0.0325
0 0.245 0.62625 0.1125 0.0225
0 0.36875 0.735 0.105 0.0325
0 0.36875 0.765 0.10625 0.02625
0 0.36875 0.78375 0.105 0.01125
0 0.24875 0.73 0.12875 0.03125
0 0.25 0.7625 0.1275 0.03
0 0.25125 0.78375 0.125 0.0125
0 0.49875 0.89875 0.10875 0.03125
0 0.49875 0.92375 0.11125 0.015