0 0.135 0.3025 0.015 0.10125
0 0.8275 0.82125 0.035 0.135
0 0.86 0.155 0.02875 0.0875
0 0.8275 0.15 0.03375 0.08625
0 0.78625 0.155 0.03625 0.0775
0 0.17125 0.305 0.04125 0.09625
0 0.74625 0.16 0.02125 0.065
0 0.86125 0.85875 0.02625 0.0525
0 0.86125 0.795 0.02625 0.06875
0 0.41375 0.27375 0.065 0.0775
0 0.25 0.26875 0.0325 0.08375
0 0.49375 0.3825 0.03625 0.07625
0 0.45625 0.38375 0.035 0.08375
0 0.785 0.8225 0.03625 0.12625
0 0.41625 0.3825 0.03625 0.07875
0 0.34125 0.38 0.03375 0.08
0 0.3 0.37875 0.0375 0.08375
0 0.26125 0.37875 0.03875 0.0825
0 0.2175 0.38 0.04 0.075
0 0.71875 0.1525 0.03375 0.0825
0 0.15875 0.1175 0.06375 0.11125
0 0.6325 0.27875 0.03875 0.0825
0 0.5975 0.28 0.0325 0.07625
0 0.54875 0.27625 0.06375 0.07875
0 0.48125 0.27375 0.0625 0.08
0 0.36 0.27375 0.03625 0.0775
0 0.325 0.27375 0.0325 0.08
0 0.28625 0.27 0.03875 0.08
0 0.21625 0.27 0.03 0.0775
0 0.7425 0.835 0.03625 0.1075
0 0.78 0.27625 0.04 0.08375
0 0.6575 0.83625 0.0425 0.1125
0 0.46 0.48 0.045 0.07625
0 0.51 0.48 0.0525 0.07375
0 0.41125 0.47625 0.0525 0.0825
0 0.34375 0.47875 0.06625 0.08375
0 0.27625 0.47625 0.06375 0.0725
0 0.21875 0.47625 0.04125 0.07875
0 0.15875 0.43875 0.0625 0.0425
0 0.16375 0.4775 0.0625 0.03625
0 0.16875 0.5175 0.055 0.03
0 0.155 0.6375 0.035 0.12875
0 0.56375 0.48 0.04875 0.075
0 0.7025 0.83625 0.04 0.1075
0 0.27125 0.575 0.04 0.075
0 0.31375 0.59125 0.03875 0.05125
0 0.34625 0.58875 0.0225 0.045
0 0.38625 0.5825 0.0425 0.06125
0 0.4325 0.58125 0.045 0.06125
0 0.48 0.58125 0.04625 0.05875
0 0.52625 0.58125 0.04875 0.05375
0 0.5675 0.58375 0.02625 0.05375
0 0.595 0.58125 0.0225 0.055
0 0.685 0.27625 0.05625 0.0875
0 0.23125 0.57625 0.035 0.065
0 0.6175 0.4825 0.04875 0.075
0 0.66625 0.4825 0.04125 0.07125
0 0.7175 0.48375 0.05125 0.0675
0 0.685 0.15125 0.03125 0.07875
0 0.65 0.14875 0.02875 0.0825
0 0.615 0.14625 0.03 0.08
0 0.5825 0.1475 0.02875 0.07875
0 0.54625 0.145 0.03125 0.08
0 0.50625 0.12875 0.04 0.1075
0 0.46125 0.12375 0.045 0.11375
0 0.3975 0.1225 0.07625 0.11375
0 0.31375 0.12125 0.0825 0.1125
0 0.235 0.1125 0.075 0.12625
0 0.5375 0.3825 0.03375 0.07625
0 0.57375 0.385 0.0325 0.07875
0 0.6125 0.38625 0.0375 0.08
0 0.6525 0.3825 0.0325 0.0775
0 0.69 0.38125 0.03875 0.0775
0 0.72875 0.3825 0.035 0.075
0 0.76875 0.38375 0.03875 0.07375
0 0.80875 0.3925 0.0375 0.055
0 0.855 0.39 0.04 0.06375
0 0.85 0.50375 0.035 0.1075
0 0.8175 0.505 0.0225 0.10625
0 0.79 0.5025 0.02625 0.10625
0 0.7625 0.48125 0.025 0.0775
0 0.73875 0.27625 0.04 0.0875
0 0.81625 0.2675 0.02875 0.0675
0 0.195 0.63875 0.03375 0.125
0 0.86875 0.2675 0.01125 0.06875
0 0.28625 0.6825 0.01875 0.03875
0 0.42625 0.68125 0.02 0.0425
0 0.40625 0.68125 0.01625 0.04125
0 0.3875 0.68125 0.01875 0.04
0 0.48375 0.83875 0.03125 0.11125
0 0.4525 0.83625 0.025 0.11
0 0.42625 0.83625 0.02625 0.11375
0 0.39375 0.83625 0.0275 0.11
0 0.36875 0.835 0.0225 0.1175
0 0.51375 0.66875 0.04375 0.0675
0 0.84375 0.26875 0.02625 0.07
0 0.34375 0.8375 0.02625 0.11375
0 0.31375 0.84125 0.025 0.11
0 0.2875 0.8425 0.02875 0.1075
0 0.26125 0.845 0.02125 0.10875
0 0.235 0.8425 0.0275 0.11125
0 0.2025 0.8425 0.0275 0.1125
0 0.15625 0.8325 0.06125 0.13125
0 0.2425 0.68125 0.03125 0.04625
0 0.2675 0.6825 0.01375 0.04125
0 0.32875 0.68125 0.01625 0.04
0 0.51375 0.8375 0.02375 0.11125
0 0.445 0.6825 0.0175 0.0425
0 0.56625 0.84125 0.02375 0.105
0 0.62125 0.84875 0.02875 0.08875
0 0.6175 0.58625 0.02125 0.05375
0 0.6475 0.585 0.0225 0.04875
0 0.68375 0.57625 0.035 0.06875
0 0.71875 0.5775 0.03375 0.07375
0 0.75375 0.595 0.025 0.03625
0 0.7875 0.59625 0.03125 0.03875
0 0.86375 0.65375 0.02125 0.095
0 0.83125 0.65875 0.04 0.0925
0 0.79125 0.66125 0.03875 0.08625
0 0.69625 0.68125 0.02 0.05125
0 0.53875 0.84125 0.02 0.10125
0 0.31 0.68125 0.01625 0.04
0 0.71625 0.67875 0.01625 0.03625
0 0.7375 0.6775 0.015 0.045
0 0.75625 0.68 0.0175 0.04
0 0.67375 0.67125 0.015 0.03875
0 0.6575 0.67 0.01625 0.04
0 0.64 0.67875 0.015 0.0425
0 0.62 0.6775 0.02125 0.04625
0 0.60125 0.67875 0.01625 0.0475
0 0.565 0.6675 0.04625 0.06875
0 0.5925 0.85 0.025 0.0825