0 0.62625 0.28875 0.07875 0.05625
0 0.56125 0.1425 0.0375 0.0475
0 0.28375 0.07125 0.04125 0.06125
0 0.22625 0.08625 0.0625 0.075
0 0.23375 0.16375 0.07125 0.0725
0 0.15875 0.15 0.06375 0.0925
0 0.15 0.0825 0.04875 0.03875
0 0.18375 0.02125 0.065 0.0425
0 0.80375 0.3425 0.045 0.055
0 0.85875 0.32375 0.0325 0.06875
0 0.825 0.435 0.04875 0.0775
0 0.85 0.05625 0.05 0.08875
0 0.29375 0.135 0.04375 0.0375
0 0.32375 0.18375 0.0625 0.045
0 0.56125 0.085 0.04375 0.05375
0 0.3375 0.14 0.04125 0.02375
0 0.4125 0.05125 0.0775 0.06125
0 0.40375 0.12 0.0775 0.055
0 0.40875 0.18625 0.07125 0.05625
0 0.4725 0.19375 0.04 0.06125
0 0.4725 0.13 0.03875 0.05375
0 0.47125 0.06375 0.0375 0.06625
0 0.515 0.075 0.03875 0.06125
0 0.5175 0.13625 0.03875 0.05375
0 0.52 0.2 0.04375 0.05625
0 0.565 0.2 0.035 0.0475
0 0.60125 0.205 0.0275 0.0475
0 0.60375 0.1475 0.0275 0.05625
0 0.3375 0.08875 0.04 0.0575
0 0.7 0.28625 0.055 0.04125
0 0.2025 0.285 0.11125 0.0475
0 0.83875 0.19375 0.045 0.12
0 0.7025 0.78375 0.03875 0.11625
0 0.75 0.775 0.0375 0.05
0 0.79375 0.7325 0.0375 0.06625
0 0.84375 0.7125 0.04125 0.06125
0 0.71125 0.67 0.04375 0.04625
0 0.75875 0.65625 0.01875 0.0325
0 0.7925 0.63875 0.025 0.03125
0 0.8175 0.62125 0.01875 0.02875
0 0.84375 0.61625 0.02125 0.02875
0 0.74125 0.58375 0.03 0.05125
0 0.8075 0.55625 0.02875 0.04875
0 0.8475 0.54 0.03125 0.0625
0 0.77375 0.56875 0.03125 0.0425
0 0.19875 0.80375 0.13 0.05625
0 0.32625 0.75375 0.10625 0.05125
0 0.19125 0.72 0.12875 0.0475
0 0.325 0.68125 0.115 0.04125
0 0.19125 0.6375 0.1325 0.05625
0 0.685 0.58 0.07 0.10625
0 0.6525 0.815 0.03875 0.1
0 0.42625 0.65 0.09 0.2
0 0.65 0.725 0.06 0.03625
0 0.4325 0.90625 0.11 0.1875
0 0.645 0.45375 0.05625 0.05125
0 0.77875 0.125 0.0425 0.07
0 0.77875 0.21125 0.0625 0.08625
0 0.72375 0.17 0.02375 0.04125
0 0.57 0.40125 0.06875 0.05
0 0.56125 0.3475 0.04625 0.0475
0 0.69625 0.39125 0.045 0.045
0 0.7025 0.44125 0.04625 0.0375
0 0.63875 0.395 0.05875 0.0425
0 0.725 0.21875 0.01875 0.04125
0 0.6975 0.165 0.01875 0.05
0 0.69875 0.21875 0.02875 0.04625
0 0.65875 0.06 0.04375 0.04875
0 0.635 0.16125 0.025 0.04375
0 0.635 0.2125 0.0325 0.04875
0 0.665 0.21625 0.02625 0.0475
0 0.66625 0.16375 0.03 0.04875
0 0.66125 0.1125 0.04125 0.0375
0 0.30375 0.93875 0.1225 0.1225
0 0.585 0.83375 0.065 0.11625
0 0.5175 0.61625 0.07875 0.18125
0 0.315 0.60875 0.11375 0.05
0 0.58125 0.45875 0.0625 0.05125
0 0.6 0.59625 0.06125 0.1125
0 0.63625 0.34375 0.07 0.045
0 0.295 0.35 0.10375 0.06875
0 0.1775 0.3525 0.10375 0.075
0 0.18875 0.43125 0.12375 0.065
0 0.19 0.51875 0.11875 0.0625
0 0.31625 0.495 0.10125 0.05625
0 0.305 0.4275 0.0875 0.0575
0 0.41625 0.4875 0.08125 0.05375
0 0.50375 0.47625 0.0875 0.0475
0 0.405 0.4175 0.1 0.055
0 0.49 0.35 0.08375 0.05
0 0.3975 0.3525 0.09 0.06
0 0.48875 0.28875 0.08125 0.0625
0 0.39125 0.285 0.09375 0.07
0 0.49625 0.4125 0.075 0.05125