0 0.56875 0.28 0.02125 0.0175
0 0.8175 0.28625 0.01875 0.055
0 0.79375 0.28625 0.02375 0.05625
0 0.76625 0.24875 0.02875 0.0425
0 0.7625 0.29125 0.02 0.03625
0 0.73875 0.2925 0.0225 0.045
0 0.71125 0.27875 0.015 0.06125
0 0.64875 0.28625 0.02625 0.04375
0 0.6575 0.24 0.02875 0.04625
0 0.62125 0.28 0.02125 0.07
0 0.6 0.27375 0.0175 0.065
0 0.5725 0.30125 0.02625 0.01625
0 0.5025 0.2825 0.02 0.05625
0 0.53625 0.27875 0.03625 0.05375
0 0.68625 0.29125 0.01875 0.045
0 0.4775 0.23375 0.02125 0.0375
0 0.33625 0.22625 0.025 0.04875
0 0.84125 0.2875 0.02125 0.06
0 0.36125 0.275 0.0175 0.055
0 0.38 0.27125 0.015 0.0525
0 0.405 0.275 0.02375 0.06125
0 0.3525 0.7075 0.02375 0.0375
0 0.42625 0.27375 0.02 0.0625
0 0.44875 0.2375 0.02 0.05
0 0.4775 0.28125 0.015 0.05
0 0.45375 0.28875 0.025 0.0425
0 0.2525 0.26625 0.025 0.06
0 0.22625 0.26375 0.01875 0.0175
0 0.22125 0.285 0.02375 0.0175
0 0.1875 0.26125 0.03375 0.07
0 0.4225 0.71375 0.03 0.02375
0 0.3325 0.2775 0.02875 0.04625
0 0.295 0.26875 0.045 0.06625
0 0.86625 0.29625 0.01625 0.03875
0 0.38125 0.4675 0.02625 0.0525
0 0.14125 0.38125 0.02375 0.045
0 0.84375 0.47 0.0275 0.05
0 0.81 0.47125 0.0325 0.045
0 0.72875 0.46875 0.05125 0.04375
0 0.67 0.46625 0.05 0.04875
0 0.62 0.47 0.02875 0.05875
0 0.56 0.46625 0.02625 0.065
0 0.53125 0.465 0.03 0.065
0 0.1375 0.54625 0.0225 0.0625
0 0.46 0.46 0.05625 0.0575
0 0.35 0.46375 0.02875 0.05875
0 0.315 0.4625 0.0325 0.06
0 0.28 0.46 0.03625 0.065
0 0.18625 0.465 0.02625 0.0575
0 0.155 0.45625 0.0325 0.0775
0 0.58375 0.5475 0.02375 0.06125
0 0.40375 0.6825 0.0325 0.02
0 0.4125 0.46875 0.03375 0.05375
0 0.16875 0.54375 0.025 0.0625
0 0.2625 0.545 0.02125 0.0625
0 0.29625 0.54375 0.02875 0.06375
0 0.1775 0.39125 0.03625 0.0225
0 0.1675 0.3625 0.01875 0.03
0 0.18875 0.3675 0.025 0.02375
0 0.225 0.3575 0.0425 0.02625
0 0.22375 0.39125 0.04 0.0325
0 0.26625 0.37875 0.0325 0.0575
0 0.31 0.37625 0.04 0.07375
0 0.3475 0.3825 0.03 0.05875
0 0.3775 0.37625 0.03 0.06
0 0.41625 0.37375 0.0375 0.09375
0 0.46125 0.375 0.04375 0.07375
0 0.5175 0.375 0.03375 0.0925
0 0.5575 0.37 0.03625 0.0875
0 0.61875 0.39125 0.03 0.0575
0 0.7175 0.39375 0.03625 0.04125
0 0.76 0.39375 0.04 0.0425
0 0.85625 0.39375 0.03625 0.0475
0 0.14375 0.33125 0.02 0.04375
0 0.45625 0.67375 0.0275 0.0125
0 0.32125 0.7075 0.02625 0.03375
0 0.4575 0.7125 0.02875 0.02
0 0.78125 0.54 0.04375 0.04125
0 0.8075 0.72 0.04 0.03875
0 0.7675 0.72125 0.0375 0.045
0 0.71875 0.72125 0.0525 0.0475
0 0.66125 0.72125 0.05375 0.04625
0 0.60875 0.7675 0.0225 0.06125
0 0.58375 0.7675 0.02 0.0625
0 0.5625 0.75875 0.0175 0.04875
0 0.8525 0.72375 0.04 0.04125
0 0.5375 0.76375 0.02125 0.0475
0 0.4925 0.75875 0.015 0.04875
0 0.45625 0.77625 0.01875 0.0675
0 0.76875 0.66125 0.03375 0.03875
0 0.7175 0.6625 0.0525 0.0425
0 0.6575 0.665 0.0525 0.04375
0 0.6125 0.7 0.025 0.04375
0 0.555 0.71125 0.03 0.01875
0 0.52375 0.69 0.0325 0.0225
0 0.515 0.77 0.02125 0.06
0 0.525 0.715 0.0275 0.01875
0 0.66 0.79625 0.0525 0.04375
0 0.76625 0.79 0.035 0.0425
0 0.48625 0.855 0.02125 0.06375
0 0.5275 0.86 0.02375 0.0825
0 0.55875 0.86625 0.02125 0.07875
0 0.58375 0.86 0.02375 0.08
0 0.32625 0.84625 0.02 0.04125
0 0.3025 0.84875 0.02 0.0375
0 0.82625 0.5425 0.0375 0.045
0 0.13625 0.62625 0.02 0.0675
0 0.71875 0.7925 0.05125 0.04625
0 0.24375 0.85625 0.0525 0.0575
0 0.14 0.87625 0.0275 0.0575
0 0.6475 0.84375 0.01875 0.03125
0 0.62375 0.8375 0.01375 0.04625
0 0.8575 0.865 0.035 0.03625
0 0.8125 0.86875 0.03875 0.04625
0 0.76375 0.87125 0.05 0.0475
0 0.70875 0.8725 0.05375 0.04875
0 0.8125 0.79375 0.0375 0.04625
0 0.19375 0.86 0.0375 0.05
0 0.4025 0.86 0.03 0.07
0 0.48875 0.7075 0.0275 0.0175
0 0.33125 0.545 0.0325 0.06375
0 0.3875 0.71125 0.02875 0.02375
0 0.29375 0.62375 0.0325 0.06375
0 0.33125 0.62375 0.03375 0.06125
0 0.3825 0.625 0.02875 0.05375
0 0.4125 0.625 0.0275 0.0575
0 0.43875 0.6225 0.02375 0.0575
0 0.475 0.6175 0.04125 0.065
0 0.51375 0.62 0.025 0.0625
0 0.16625 0.6275 0.02625 0.05625
0 0.54 0.61875 0.0225 0.06375
0 0.59625 0.6175 0.02 0.05625
0 0.66375 0.6025 0.055 0.05
0 0.73 0.6025 0.06375 0.04875
0 0.77875 0.60125 0.03625 0.04625
0 0.82375 0.60125 0.04375 0.045
0 0.14375 0.70875 0.0175 0.04125
0 0.1725 0.7075 0.02875 0.0375
0 0.4925 0.68625 0.025 0.0175
0 0.56875 0.62125 0.0275 0.06375
0 0.43125 0.7725 0.0225 0.07125
0 0.36 0.8625 0.0325 0.06875
0 0.41875 0.54625 0.03 0.07
0 0.61625 0.54875 0.02125 0.065
0 0.66875 0.53375 0.04875 0.04125
0 0.72875 0.5375 0.05625 0.04875
0 0.25125 0.79125 0.03625 0.04375
0 0.21625 0.76875 0.03125 0.05125
0 0.17125 0.79375 0.03875 0.04625
0 0.855 0.66125 0.04 0.04125
0 0.81125 0.66125 0.0425 0.045
0 0.38375 0.54375 0.03375 0.06625
0 0.4575 0.6925 0.0275 0.01625
0 0.315 0.7825 0.0225 0.065
0 0.36 0.77875 0.02125 0.06875
0 0.3875 0.7875 0.015 0.0425
0 0.4075 0.76625 0.02125 0.065
0 0.55875 0.54875 0.02375 0.06125
0 0.5275 0.54625 0.03 0.05875
0 0.49875 0.55 0.02375 0.05375
0 0.4575 0.54375 0.04125 0.0675
0 0.28625 0.7825 0.02375 0.0525