0 0.08625 0.84625 0.015 0.0475
0 0.535 0.50875 0.05375 0.10125
0 0.61 0.49375 0.045 0.08875
0 0.665 0.4875 0.04375 0.0875
0 0.71125 0.48625 0.04625 0.08875
0 0.765 0.4975 0.0525 0.08875
0 0.805 0.49 0.025 0.0925
0 0.85875 0.49625 0.0525 0.09375
0 0.9075 0.5175 0.0275 0.08375
0 0.955 0.5175 0.03625 0.08
0 0.91375 0.645 0.02625 0.06125
0 0.94 0.6425 0.025 0.06125
0 0.9675 0.63125 0.02375 0.0775
0 0.98875 0.6325 0.01875 0.08
0 0.0125 0.75875 0.0225 0.0825
0 0.03875 0.75625 0.02375 0.085
0 0.0675 0.75625 0.02375 0.08625
0 0.105 0.75375 0.05 0.0875
0 0.145 0.7525 0.0275 0.08875
0 0.17 0.7525 0.02125 0.09
0 0.19375 0.75125 0.0225 0.09
0 0.21875 0.755 0.02625 0.0875
0 0.475 0.535 0.04875 0.05
0 0.47625 0.46875 0.0475 0.05375
0 0.61875 0.84875 0.03125 0.05
0 0.40625 0.5025 0.0475 0.09
0 0.94875 0.385 0.02375 0.11375
0 0.98125 0.38375 0.0275 0.115
0 0.83375 0.3625 0.0625 0.06375
0 0.66 0.3625 0.0525 0.06125
0 0.59875 0.36125 0.05625 0.0625
0 0.53875 0.36375 0.045 0.06375
0 0.48625 0.3675 0.0525 0.06375
0 0.37375 0.36875 0.05 0.0625
0 0.315 0.36625 0.05875 0.06375
0 0.2575 0.3675 0.05375 0.06125
0 0.24625 0.74625 0.0275 0.095
0 0.19875 0.36875 0.06125 0.06
0 0.07625 0.3725 0.06 0.05875
0 0.01625 0.37625 0.03 0.0475
0 0.03125 0.49125 0.0475 0.08125
0 0.11125 0.4925 0.05875 0.0975
0 0.06875 0.5075 0.0225 0.07625
0 0.17125 0.50125 0.05125 0.08875
0 0.2175 0.4975 0.03875 0.08125
0 0.26125 0.5075 0.04625 0.095
0 0.3125 0.51375 0.05 0.08125
0 0.3575 0.48375 0.0375 0.05
0 0.13875 0.37125 0.05375 0.05875
0 0.2725 0.7425 0.02 0.07625
0 0.2975 0.75375 0.025 0.08125
0 0.32375 0.7525 0.02375 0.08
0 0.9875 0.85 0.02375 0.04
0 0.65 0.8475 0.02625 0.05125
0 0.67875 0.8475 0.03 0.05
0 0.71 0.84625 0.03125 0.05375
0 0.74125 0.8475 0.02875 0.0525
0 0.7775 0.84875 0.0325 0.0525
0 0.80875 0.84625 0.02625 0.055
0 0.185 0.845 0.04625 0.0575
0 0.23625 0.84125 0.04625 0.05625
0 0.275 0.8425 0.025 0.06125
0 0.95625 0.8525 0.03375 0.04375
0 0.3025 0.8425 0.02375 0.0575
0 0.35 0.84375 0.02125 0.0625
0 0.375 0.84375 0.02125 0.0575
0 0.4025 0.85 0.02375 0.04875
0 0.4325 0.84875 0.025 0.04375
0 0.4675 0.85375 0.03125 0.0425
0 0.49875 0.85 0.0225 0.05
0 0.52875 0.84875 0.025 0.05125
0 0.55875 0.84875 0.0275 0.05125
0 0.10625 0.84375 0.0225 0.055
0 0.14375 0.84375 0.02625 0.05625
0 0.325 0.8425 0.01875 0.06
0 0.92125 0.38625 0.025 0.11875
0 0.92 0.85 0.03125 0.04625
0 0.8475 0.855 0.035 0.04
0 0.36 0.75125 0.04625 0.0775
0 0.41375 0.7525 0.05 0.07875
0 0.4525 0.74875 0.02375 0.0775
0 0.4775 0.7475 0.0225 0.07875
0 0.5025 0.7475 0.02375 0.07875
0 0.5275 0.74125 0.0225 0.09125
0 0.5525 0.74125 0.02 0.0925
0 0.5775 0.7425 0.0225 0.0825
0 0.05875 0.84375 0.03 0.05125
0 0.6 0.73125 0.02 0.07375
0 0.885 0.8525 0.03375 0.04375
0 0.6275 0.74375 0.0275 0.08375
0 0.68 0.73375 0.02 0.075
0 0.71 0.74625 0.025 0.08125
0 0.73625 0.745 0.02375 0.08125
0 0.7625 0.745 0.0225 0.08
0 0.7925 0.745 0.02625 0.07875
0 0.82875 0.745 0.04 0.08
0 0.8725 0.74875 0.03875 0.07
0 0.9125 0.75 0.03125 0.06375
0 0.94875 0.75125 0.0325 0.065
0 0.9825 0.75125 0.0325 0.06375
0 0.65625 0.74 0.02375 0.08375
0 0.9725 0.24875 0.02375 0.11875
0 0.5875 0.85125 0.025 0.0475
0 0.87125 0.24625 0.05625 0.11375
0 0.68125 0.25625 0.055 0.115
0 0.6275 0.25875 0.05 0.1125
0 0.57125 0.26 0.0575 0.11
0 0.515 0.2575 0.05125 0.1125
0 0.4575 0.26 0.05625 0.11125
0 0.39875 0.2575 0.05625 0.11375
0 0.33875 0.2575 0.06125 0.12
0 0.27875 0.255 0.055 0.11125
0 0.19 0.26 0.065 0.11375
0 0.1125 0.25875 0.075 0.11625
0 0.0325 0.2575 0.0575 0.11375
0 0.01 0.84375 0.01875 0.0575
0 0.94125 0.25 0.02625 0.11625
0 0.79375 0.3125 0.055 0.015
0 0.73625 0.2475 0.04625 0.1025
0 0.79625 0.24625 0.06 0.105
0 0.03 0.8425 0.01875 0.055