0 0.84 0.13625 0.04375 0.1275
0 0.815 0.2925 0.0325 0.11
0 0.8575 0.28625 0.03375 0.11375
0 0.51125 0.18375 0.02375 0.07625
0 0.48375 0.18625 0.02375 0.075
0 0.45125 0.175 0.035 0.10125
0 0.41375 0.17875 0.035 0.1025
0 0.37625 0.17875 0.035 0.11
0 0.2875 0.18625 0.0425 0.1
0 0.23875 0.18875 0.04375 0.1025
0 0.1625 0.1825 0.04875 0.13
0 0.585 0.1775 0.02125 0.07625
0 0.56 0.17875 0.025 0.07875
0 0.6225 0.15625 0.04625 0.11375
0 0.6575 0.15625 0.0225 0.10875
0 0.6825 0.155 0.02125 0.105
0 0.715 0.1675 0.03625 0.08375
0 0.75625 0.15875 0.035 0.09375
0 0.795 0.13875 0.04125 0.12125
0 0.46375 0.8525 0.01625 0.08625
0 0.335 0.18125 0.0425 0.1025
0 0.48625 0.8525 0.01875 0.0875
0 0.815 0.4175 0.025 0.09125
0 0.28 0.73875 0.02875 0.055
0 0.39625 0.7425 0.02625 0.055
0 0.42625 0.7425 0.0275 0.0575
0 0.46 0.74125 0.0275 0.05625
0 0.49125 0.74125 0.0275 0.0575
0 0.525 0.71 0.02625 0.05125
0 0.62625 0.74375 0.03125 0.0525
0 0.58875 0.7425 0.0375 0.05375
0 0.555 0.74125 0.025 0.05625
0 0.6625 0.74375 0.03625 0.0525
0 0.69875 0.7425 0.03125 0.05375
0 0.7575 0.71875 0.07625 0.08875
0 0.84 0.72375 0.06875 0.095
0 0.51 0.63625 0.03 0.055
0 0.47625 0.6425 0.03125 0.045
0 0.4425 0.64 0.0275 0.0525
0 0.405 0.6325 0.04 0.0675
0 0.3575 0.63375 0.0475 0.065
0 0.3125 0.63625 0.0375 0.06125
0 0.3125 0.7375 0.0275 0.0525
0 0.34 0.7375 0.02375 0.0525
0 0.36875 0.74125 0.0275 0.05625
0 0.48625 0.335 0.0275 0.0575
0 0.2175 0.7025 0.06625 0.1075
0 0.45125 0.44625 0.0275 0.05875
0 0.1625 0.70875 0.0325 0.09
0 0.4225 0.4475 0.02375 0.05625
0 0.395 0.44875 0.02375 0.05875
0 0.36625 0.44875 0.03 0.06
0 0.3325 0.445 0.03 0.07
0 0.3 0.4475 0.02875 0.06875
0 0.26125 0.4475 0.04625 0.06375
0 0.27625 0.635 0.03125 0.06
0 0.21375 0.475 0.03625 0.11125
0 0.14375 0.4875 0.03625 0.09375
0 0.61125 0.43875 0.03 0.06375
0 0.64625 0.4375 0.035 0.06
0 0.6825 0.4325 0.0325 0.06
0 0.72 0.4225 0.03 0.0825
0 0.755 0.4175 0.02625 0.0875
0 0.78625 0.41625 0.02875 0.08625
0 0.8425 0.41625 0.025 0.08875
0 0.515 0.33375 0.0275 0.06375
0 0.18 0.475 0.02375 0.10875
0 0.545 0.6325 0.03125 0.06125
0 0.5875 0.635 0.05 0.05375
0 0.64125 0.6325 0.05375 0.06125
0 0.58875 0.325 0.02875 0.06875
0 0.65125 0.32375 0.0325 0.065
0 0.68875 0.3175 0.035 0.07125
0 0.73625 0.305 0.03625 0.09125
0 0.42875 0.53375 0.04125 0.06625
0 0.39125 0.54625 0.0275 0.04125
0 0.36375 0.55 0.0125 0.03875
0 0.34875 0.55125 0.015 0.035
0 0.365 0.51125 0.0175 0.01625
0 0.55 0.31875 0.04 0.08375
0 0.33 0.55125 0.01375 0.0375
0 0.2975 0.55125 0.0125 0.0375
0 0.28375 0.55125 0.01125 0.04125
0 0.26875 0.5525 0.01375 0.0375
0 0.25 0.54875 0.01375 0.03625
0 0.205 0.59625 0.07375 0.0575
0 0.145 0.6075 0.03875 0.04375
0 0.56375 0.4375 0.05875 0.0675
0 0.515 0.44375 0.0325 0.06
0 0.48 0.445 0.02875 0.05875
0 0.31375 0.55125 0.01375 0.03875
0 0.16625 0.8275 0.0725 0.1225
0 0.13875 0.35375 0.0275 0.055
0 0.21625 0.34625 0.0225 0.06
0 0.69625 0.63375 0.04625 0.05625
0 0.84 0.6175 0.06875 0.09
0 0.7625 0.62125 0.08 0.08125
0 0.84375 0.5175 0.0625 0.07625
0 0.7025 0.54375 0.02 0.03125
0 0.76125 0.525 0.0925 0.055
0 0.6675 0.53 0.03875 0.06
0 0.62625 0.53125 0.04 0.0625
0 0.585 0.5275 0.0375 0.065
0 0.1775 0.3525 0.04 0.05625
0 0.55625 0.52875 0.01375 0.04125
0 0.52 0.54625 0.01625 0.0375
0 0.50125 0.5475 0.015 0.035
0 0.51875 0.515 0.01625 0.02
0 0.4725 0.52625 0.03875 0.06375
0 0.45625 0.33375 0.02625 0.0625
0 0.34125 0.33125 0.0625 0.08625
0 0.295 0.3425 0.0225 0.06125
0 0.27 0.345 0.02 0.06
0 0.24375 0.34625 0.02375 0.05875
0 0.53875 0.54625 0.015 0.03625
0 0.24 0.8275 0.07 0.12
0 0.7775 0.30125 0.035 0.09125
0 0.31625 0.86 0.02375 0.07125
0 0.2925 0.84375 0.01625 0.06875
0 0.51875 0.85 0.02 0.0875
0 0.54375 0.85125 0.0225 0.09125
0 0.56375 0.845 0.01625 0.09
0 0.58625 0.85375 0.01875 0.0925
0 0.6075 0.85375 0.02 0.09125
0 0.63 0.85375 0.0175 0.09
0 0.65 0.8425 0.01625 0.085
0 0.67125 0.8525 0.01875 0.0925
0 0.42375 0.85125 0.02125 0.09125
0 0.3425 0.86 0.025 0.07
0 0.71625 0.8475 0.01875 0.08875
0 0.77625 0.85125 0.095 0.10125
0 0.37125 0.8575 0.02625 0.06875
0 0.44375 0.8525 0.0175 0.08625
0 0.69375 0.85125 0.02 0.09125
0 0.39875 0.86125 0.02375 0.0675
0 0.85125 0.85125 0.04625 0.1025