0 0.8475 0.885 0.025 0.1
0 0.14375 0.6925 0.03625 0.07625
0 0.18 0.69375 0.03125 0.075
0 0.2125 0.69375 0.03 0.075
0 0.245 0.69375 0.0275 0.075
0 0.2775 0.695 0.03 0.07375
0 0.31 0.695 0.03 0.075
0 0.3425 0.69375 0.03 0.075
0 0.6475 0.695 0.02875 0.065
0 0.37375 0.69375 0.02875 0.07375
0 0.465 0.6925 0.02875 0.075
0 0.49625 0.6925 0.03 0.07375
0 0.52875 0.6925 0.03 0.07375
0 0.56 0.69125 0.025 0.07125
0 0.59 0.6925 0.0275 0.06875
0 0.1575 0.79875 0.03 0.07
0 0.21875 0.79875 0.0275 0.06875
0 0.405 0.6925 0.03 0.07375
0 0.61875 0.69375 0.025 0.0625
0 0.68 0.69375 0.025 0.065
0 0.8625 0.43125 0.02375 0.1075
0 0.3625 0.585 0.03 0.07625
0 0.39625 0.585 0.03125 0.0775
0 0.43 0.585 0.0275 0.0775
0 0.46125 0.58625 0.03 0.075
0 0.49625 0.585 0.03125 0.07625
0 0.5275 0.58625 0.02875 0.07375
0 0.56 0.58625 0.03 0.07375
0 0.8375 0.23 0.0325 0.0575
0 0.5925 0.585 0.03 0.07875
0 0.625 0.58625 0.02625 0.075
0 0.655 0.5875 0.02875 0.07375
0 0.71375 0.585 0.0275 0.07
0 0.68375 0.58875 0.02625 0.075
0 0.7675 0.5675 0.03875 0.085
0 0.7675 0.69375 0.02625 0.065
0 0.74 0.69375 0.025 0.07
0 0.71 0.69125 0.02875 0.06875
0 0.2475 0.79875 0.025 0.07125
0 0.28125 0.80125 0.03 0.0725
0 0.31125 0.80125 0.02625 0.07375
0 0.34125 0.8 0.02875 0.0725
0 0.6875 0.89625 0.0275 0.0675
0 0.57 0.8975 0.0275 0.06625
0 0.145 0.89875 0.03 0.06875
0 0.17625 0.8975 0.0275 0.0675
0 0.21 0.8975 0.02875 0.06625
0 0.24 0.8975 0.0275 0.065
0 0.27125 0.8975 0.025 0.06375
0 0.3025 0.89875 0.03 0.065
0 0.33125 0.9 0.02375 0.06875
0 0.36125 0.9 0.02625 0.0675
0 0.39 0.8975 0.02625 0.06375
0 0.42 0.89625 0.0275 0.065
0 0.45 0.89625 0.0275 0.0675
0 0.48 0.8975 0.0275 0.065
0 0.51 0.89625 0.0275 0.0675
0 0.54 0.8975 0.02625 0.065
0 0.8625 0.16 0.025 0.0625
0 0.71625 0.895 0.02625 0.065
0 0.32875 0.585 0.03125 0.07375
0 0.75375 0.895 0.02875 0.0675
0 0.8175 0.8825 0.02375 0.10125
0 0.37125 0.79875 0.02625 0.07125
0 0.4025 0.79875 0.0325 0.07125
0 0.4625 0.7975 0.02625 0.07125
0 0.4925 0.7975 0.02875 0.0725
0 0.5225 0.7975 0.02625 0.07125
0 0.5525 0.7975 0.02625 0.07125
0 0.5825 0.78625 0.0275 0.04875
0 0.64 0.7975 0.03 0.0675
0 0.67125 0.7975 0.025 0.065
0 0.70125 0.79625 0.02625 0.0675
0 0.73 0.79375 0.0275 0.06875
0 0.76125 0.79375 0.0275 0.06875
0 0.82125 0.62625 0.025 0.105
0 0.85125 0.6275 0.02375 0.105
0 0.825 0.7625 0.025 0.1075
0 0.85125 0.76 0.02 0.1025
0 0.79875 0.76 0.02 0.11125
0 0.79 0.8825 0.02375 0.1025
0 0.29625 0.5825 0.03125 0.075
0 0.865 0.23875 0.01875 0.05125
0 0.22625 0.585 0.03375 0.07625
0 0.3775 0.36875 0.0375 0.07
0 0.3375 0.36875 0.0375 0.07375
0 0.29875 0.3675 0.03625 0.0725
0 0.25625 0.365 0.04 0.07125
0 0.215 0.36625 0.03875 0.07
0 0.17625 0.365 0.035 0.06875
0 0.14 0.365 0.03125 0.06875
0 0.79375 0.25875 0.04125 0.06875
0 0.755 0.2575 0.0325 0.07375
0 0.7125 0.2525 0.035 0.08125
0 0.67375 0.25375 0.035 0.07875
0 0.635 0.2575 0.03625 0.07
0 0.8625 0.52625 0.025 0.03625
0 0.55875 0.2525 0.0375 0.0825
0 0.51875 0.25125 0.0375 0.08
0 0.47875 0.255 0.0375 0.0725
0 0.43875 0.255 0.0375 0.0725
0 0.41375 0.37 0.02875 0.06625
0 0.39875 0.25375 0.0375 0.0725
0 0.4425 0.37 0.02625 0.065
0 0.50875 0.37 0.03 0.06625
0 0.2625 0.5875 0.0325 0.07125
0 0.6775 0.48 0.0275 0.07
0 0.6475 0.48 0.02375 0.0675
0 0.61625 0.48 0.03125 0.0675
0 0.71 0.4825 0.03125 0.0675
0 0.7525 0.48375 0.0275 0.06125
0 0.78375 0.485 0.02625 0.0575
0 0.82875 0.435 0.03375 0.11
0 0.78625 0.37 0.03125 0.06375
0 0.7525 0.37125 0.02875 0.0625
0 0.7225 0.37125 0.02375 0.0625
0 0.69375 0.37125 0.02625 0.06625
0 0.6625 0.3725 0.02875 0.065
0 0.63125 0.37125 0.02875 0.065
0 0.6025 0.37375 0.025 0.0675
0 0.5725 0.3725 0.03 0.065
0 0.54125 0.37125 0.03 0.0675
0 0.4725 0.36875 0.03125 0.065
0 0.35875 0.2525 0.03625 0.0725
0 0.5975 0.25625 0.035 0.07125
0 0.4875 0.4775 0.03 0.07375
0 0.835 0.16 0.025 0.05875
0 0.825 0.5325 0.04125 0.0275
0 0.58375 0.48 0.03 0.07
0 0.5525 0.48 0.02625 0.06875
0 0.52 0.4775 0.02875 0.0725
0 0.32 0.2525 0.0375 0.075
0 0.15 0.47125 0.03 0.07875
0 0.18375 0.47375 0.03125 0.07375
0 0.22 0.47375 0.03125 0.08
0 0.255 0.47625 0.03125 0.075
0 0.28875 0.475 0.03125 0.07375
0 0.3225 0.47375 0.03 0.0725
0 0.35625 0.475 0.03125 0.07125
0 0.39 0.47625 0.03 0.07125
0 0.4225 0.47625 0.03 0.0725
0 0.455 0.47875 0.03125 0.07625
0 0.15875 0.5825 0.03125 0.075
0 0.7525 0.1425 0.02125 0.065
0 0.7225 0.1425 0.03 0.0625
0 0.79625 0.15 0.0325 0.0525
0 0.61125 0.1025 0.06 0.0175
0 0.27875 0.25 0.03625 0.0775
0 0.23875 0.2475 0.0375 0.075
0 0.19875 0.2475 0.04 0.07625
0 0.15625 0.24875 0.0375 0.0775
0 0.155 0.11 0.025 0.1075
0 0.69 0.14375 0.03 0.06
0 0.315 0.11125 0.0275 0.1025
0 0.35 0.115 0.0275 0.10625
0 0.1925 0.58375 0.03 0.07375
0 0.44 0.115 0.0275 0.105
0 0.4775 0.1375 0.035 0.0625
0 0.51625 0.14125 0.0325 0.06375
0 0.55625 0.14 0.035 0.06
0 0.625 0.1425 0.03 0.05875
0 0.5925 0.1425 0.02875 0.0575
0 0.6575 0.145 0.03125 0.0625
0 0.4025 0.115 0.03375 0.10625