0 0.7875 0.30125 0.0375 0.08
0 0.865 0.45375 0.02 0.0575
0 0.83625 0.43 0.02875 0.105
0 0.80625 0.43 0.03 0.10625
0 0.7775 0.43 0.0275 0.10625
0 0.28625 0.82 0.03125 0.06125
0 0.74875 0.4275 0.025 0.105
0 0.71875 0.425 0.035 0.1075
0 0.55 0.31 0.025 0.055
0 0.57875 0.31 0.03 0.055
0 0.60375 0.30875 0.0225 0.05625
0 0.63875 0.31875 0.0325 0.03625
0 0.68375 0.4225 0.03125 0.10875
0 0.71625 0.30125 0.03125 0.08
0 0.75 0.29625 0.0325 0.08875
0 0.8375 0.31 0.05875 0.07375
0 0.6775 0.31125 0.04125 0.0625
0 0.255 0.81875 0.03125 0.05875
0 0.48625 0.28375 0.02875 0.10375
0 0.175 0.6875 0.02875 0.06875
0 0.1425 0.685 0.0325 0.065
0 0.86375 0.585 0.02125 0.0775
0 0.83375 0.585 0.03625 0.07875
0 0.8 0.58375 0.03125 0.0825
0 0.765 0.5825 0.0375 0.08
0 0.7275 0.58375 0.0375 0.07875
0 0.68875 0.58375 0.03625 0.0825
0 0.655 0.58 0.02875 0.0775
0 0.62125 0.58 0.03875 0.07875
0 0.585 0.57875 0.03125 0.08125
0 0.55125 0.57 0.02625 0.09125
0 0.52375 0.57 0.02625 0.0925
0 0.495 0.57125 0.02625 0.08625
0 0.20875 0.68625 0.03625 0.07125
0 0.465 0.57 0.02625 0.08625
0 0.40375 0.57 0.0325 0.0925
0 0.36125 0.56625 0.05 0.09625
0 0.31125 0.5925 0.04 0.06
0 0.275 0.5875 0.03125 0.0725
0 0.2375 0.58625 0.035 0.0725
0 0.16375 0.58375 0.0325 0.075
0 0.135 0.58625 0.02 0.06625
0 0.595 0.425 0.035 0.10875
0 0.5475 0.4225 0.055 0.10625
0 0.49875 0.4275 0.03125 0.0975
0 0.46625 0.425 0.0325 0.0925
0 0.43375 0.42375 0.03 0.09375
0 0.405 0.425 0.02875 0.095
0 0.36125 0.425 0.05625 0.09375
0 0.43375 0.56875 0.025 0.09125
0 0.51875 0.28625 0.03125 0.1025
0 0.245 0.68625 0.035 0.07125
0 0.31125 0.68875 0.03375 0.0725
0 0.45375 0.28375 0.0375 0.1
0 0.4175 0.2825 0.035 0.10125
0 0.38125 0.2825 0.035 0.10125
0 0.345 0.2825 0.03625 0.10125
0 0.84875 0.16 0.0525 0.0725
0 0.8 0.14875 0.03125 0.09
0 0.75875 0.17 0.04875 0.0475
0 0.7125 0.1675 0.04 0.05
0 0.6625 0.1625 0.0525 0.06
0 0.61125 0.1525 0.0425 0.08
0 0.5725 0.13125 0.0325 0.11875
0 0.54125 0.13125 0.02875 0.1175
0 0.30625 0.2225 0.03875 0.08125
0 0.15875 0.34625 0.0375 0.06875
0 0.27875 0.6875 0.03125 0.06875
0 0.19375 0.34375 0.0375 0.0775
0 0.27 0.34625 0.0325 0.075
0 0.30625 0.35125 0.03375 0.06375
0 0.1375 0.47875 0.02375 0.0725
0 0.16875 0.48 0.03625 0.07375
0 0.20375 0.48375 0.035 0.06625
0 0.2425 0.48125 0.03125 0.07625
0 0.5075 0.13125 0.03125 0.11625
0 0.47375 0.13 0.035 0.1125
0 0.44125 0.13125 0.03 0.1125
0 0.41 0.13 0.03125 0.11125
0 0.3775 0.12625 0.0325 0.1225
0 0.345 0.12625 0.02875 0.12375
0 0.39125 0.71375 0.0275 0.04875
0 0.35375 0.6925 0.04125 0.09375
0 0.23375 0.35 0.03875 0.0675
0 0.4275 0.69875 0.045 0.07875
0 0.2775 0.4825 0.0375 0.07375
0 0.31625 0.81625 0.02625 0.07
0 0.2975 0.0825 0.04 0.07875
0 0.15 0.2125 0.03625 0.08375
0 0.18875 0.2175 0.03375 0.075
0 0.2275 0.21875 0.04125 0.0775
0 0.2675 0.21875 0.0375 0.0875
0 0.3125 0.4825 0.0325 0.07375
0 0.86875 0.83375 0.0125 0.06125
0 0.8475 0.82875 0.0225 0.06625
0 0.825 0.82 0.0225 0.085
0 0.79875 0.8275 0.025 0.06625
0 0.7075 0.705 0.04 0.07125
0 0.66875 0.70375 0.03625 0.07375
0 0.625 0.705 0.03875 0.07
0 0.5875 0.7025 0.03625 0.07625
0 0.5475 0.70375 0.04125 0.07875
0 0.5075 0.705 0.0375 0.075
0 0.76625 0.83625 0.0275 0.05
0 0.35625 0.82 0.03875 0.07125
0 0.39375 0.82375 0.03625 0.06375
0 0.43375 0.8225 0.035 0.065
0 0.4725 0.825 0.03875 0.0625
0 0.5075 0.8125 0.0275 0.09
0 0.5375 0.81375 0.02875 0.0875
0 0.57125 0.81875 0.035 0.07375
0 0.60875 0.825 0.03875 0.06
0 0.645 0.8175 0.0225 0.08125
0 0.67 0.82 0.0275 0.07625
0 0.26125 0.08125 0.03125 0.08125
0 0.70375 0.8275 0.03625 0.065
0 0.2225 0.0775 0.04 0.0775
0 0.14375 0.07625 0.035 0.07125
0 0.22375 0.815 0.02875 0.06875
0 0.1925 0.81875 0.0275 0.06
0 0.16125 0.8175 0.0275 0.05625
0 0.13625 0.81375 0.02 0.055
0 0.85875 0.70625 0.0325 0.0775
0 0.82375 0.70625 0.03 0.0775
0 0.78875 0.70875 0.03875 0.07
0 0.74875 0.70625 0.03875 0.07375
0 0.18125 0.07875 0.03875 0.0725
0 0.7375 0.825 0.03 0.07