0 0.39375 0.68125 0.0125 0.09
0 0.4075 0.68375 0.01375 0.09625
0 0.7225 0.13625 0.03125 0.10625
0 0.39875 0.57625 0.01875 0.09
0 0.3825 0.5775 0.01125 0.08875
0 0.36375 0.57875 0.02 0.09125
0 0.4375 0.67875 0.0175 0.08625
0 0.455 0.67875 0.015 0.085
0 0.4675 0.67875 0.00875 0.08375
0 0.48125 0.67875 0.01625 0.085
0 0.505 0.6875 0.03125 0.1
0 0.54125 0.6825 0.02625 0.09375
0 0.5675 0.67875 0.025 0.08625
0 0.59625 0.68875 0.03125 0.09375
0 0.23125 0.365 0.09625 0.01875
0 0.2275 0.38625 0.09875 0.02125
0 0.4175 0.5775 0.01875 0.0925
0 0.22375 0.4125 0.1025 0.0275
0 0.325 0.4675 0.015 0.09
0 0.34125 0.47 0.01375 0.095
0 0.35625 0.47 0.0125 0.0925
0 0.37625 0.47125 0.02 0.0875
0 0.62375 0.68875 0.02375 0.095
0 0.64875 0.68875 0.02 0.09375
0 0.67625 0.69625 0.025 0.0925
0 0.69875 0.68875 0.02125 0.1
0 0.2275 0.5 0.1025 0.02375
0 0.2275 0.56125 0.10125 0.0225
0 0.22875 0.58375 0.0975 0.0225
0 0.16875 0.6675 0.0275 0.06375
0 0.2325 0.6825 0.1 0.035
0 0.31125 0.4675 0.01375 0.0925
0 0.435 0.5725 0.01125 0.0875
0 0.4725 0.5775 0.015 0.09
0 0.48625 0.57625 0.0125 0.09375
0 0.655 0.1325 0.0325 0.10625
0 0.685 0.1375 0.025 0.1
0 0.66 0.46625 0.02625 0.0975
0 0.7675 0.13375 0.05125 0.11125
0 0.83375 0.13125 0.08125 0.1175
0 0.15375 0.275 0.0325 0.08875
0 0.2225 0.30625 0.10375 0.025
0 0.31 0.3375 0.02875 0.09875
0 0.33875 0.3375 0.02875 0.0975
0 0.36125 0.33875 0.015 0.10125
0 0.37625 0.33875 0.01375 0.10375
0 0.39375 0.34375 0.0125 0.0975
0 0.4075 0.34375 0.00875 0.09625
0 0.42625 0.345 0.0225 0.09875
0 0.45875 0.34375 0.0225 0.10375
0 0.4825 0.34375 0.025 0.1
0 0.50875 0.34375 0.02625 0.1075
0 0.5375 0.3475 0.03 0.10125
0 0.57 0.34875 0.03125 0.11125
0 0.6 0.35125 0.025 0.1075
0 0.6225 0.3475 0.0225 0.09875
0 0.65 0.3425 0.02875 0.10625
0 0.67625 0.3525 0.0175 0.10625
0 0.6975 0.35 0.01625 0.105
0 0.72 0.34875 0.02625 0.10625
0 0.1525 0.36625 0.0525 0.02125
0 0.15125 0.3875 0.04875 0.02
0 0.15 0.41 0.05 0.02375
0 0.49875 0.575 0.01375 0.095
0 0.235 0.6525 0.09375 0.0225
0 0.1575 0.74 0.0625 0.02
0 0.1575 0.77125 0.06 0.02875
0 0.23375 0.77125 0.09125 0.02875
0 0.82 0.80375 0.01875 0.0175
0 0.7975 0.805 0.02125 0.01625
0 0.79625 0.78 0.02375 0.02875
0 0.7675 0.77125 0.02875 0.085
0 0.7375 0.77125 0.01875 0.0825
0 0.69125 0.80375 0.07375 0.02125
0 0.61125 0.80875 0.08 0.02375
0 0.55625 0.77875 0.025 0.075
0 0.52375 0.78 0.02 0.07625
0 0.49375 0.78125 0.02375 0.08125
0 0.46 0.78375 0.025 0.08125
0 0.4275 0.78125 0.025 0.08125
0 0.38375 0.79 0.02625 0.07625
0 0.35625 0.795 0.025 0.0675
0 0.33 0.79625 0.0275 0.06625
0 0.30125 0.79625 0.02875 0.06875
0 0.86375 0.87625 0.0225 0.0875
0 0.8275 0.8775 0.04375 0.085
0 0.78375 0.8775 0.04125 0.08375
0 0.74 0.88375 0.045 0.09375
0 0.69625 0.88625 0.0425 0.08625
0 0.50625 0.4675 0.0125 0.08
0 0.52375 0.47 0.01875 0.08125
0 0.54375 0.47125 0.02125 0.0825
0 0.56375 0.4675 0.0175 0.08625
0 0.58 0.4675 0.015 0.0925
0 0.60125 0.46625 0.02125 0.09375
0 0.61875 0.46875 0.01375 0.1
0 0.63375 0.4675 0.01375 0.1025
0 0.845 0.78125 0.02125 0.0525
0 0.6225 0.13375 0.03125 0.10625
0 0.4875 0.46875 0.01375 0.085
0 0.455 0.47125 0.01 0.085
0 0.235 0.7425 0.0875 0.02625
0 0.2375 0.84875 0.095 0.02125
0 0.2425 0.815 0.09 0.0125
0 0.15625 0.91 0.05875 0.0225
0 0.1575 0.93625 0.05625 0.02125
0 0.24 0.9325 0.105 0.02125
0 0.24125 0.91 0.10875 0.01625
0 0.3075 0.90375 0.02 0.08125
0 0.33 0.9025 0.02 0.085
0 0.3525 0.9025 0.02 0.0825
0 0.3725 0.90125 0.01875 0.0875
0 0.395 0.46875 0.015 0.09125
0 0.41375 0.47125 0.01375 0.09
0 0.39375 0.9 0.02 0.08375
0 0.4175 0.8925 0.02 0.08125
0 0.4375 0.89375 0.02 0.07875
0 0.45875 0.895 0.01875 0.0825
0 0.4875 0.89125 0.0375 0.0925
0 0.53 0.89 0.04375 0.0925
0 0.57375 0.89 0.0425 0.09375
0 0.61625 0.8875 0.03875 0.08875
0 0.655 0.8875 0.0375 0.08875
0 0.345 0.58 0.01375 0.09375
0 0.3175 0.5775 0.02125 0.08625
0 0.735 0.46375 0.01625 0.0975
0 0.72 0.46375 0.01375 0.09875
0 0.7025 0.465 0.0175 0.0975
0 0.4275 0.47125 0.0125 0.0875
0 0.44375 0.47125 0.01125 0.085
0 0.47 0.47125 0.01875 0.0825
0 0.57875 0.125 0.05625 0.125
0 0.68375 0.46625 0.01875 0.09875
0 0.4575 0.12625 0.055 0.1275
0 0.54375 0.5725 0.015 0.09125
0 0.55625 0.575 0.01 0.08125
0 0.56875 0.5725 0.01375 0.08375
0 0.5925 0.5775 0.01125 0.085
0 0.60375 0.5775 0.01125 0.085
0 0.61875 0.5725 0.015 0.09
0 0.6575 0.575 0.01125 0.08375
0 0.67 0.57375 0.01625 0.08625
0 0.6875 0.57375 0.0175 0.0875
0 0.70625 0.57375 0.015 0.09125
0 0.725 0.57375 0.02 0.0925
0 0.3175 0.68375 0.015 0.08625
0 0.335 0.6825 0.015 0.085
0 0.35 0.685 0.0125 0.08875
0 0.365 0.68 0.01375 0.0775
0 0.38 0.6825 0.0125 0.08625
0 0.515 0.1325 0.05875 0.11625
0 0.52875 0.57625 0.015 0.09125
0 0.5125 0.575 0.0125 0.09125
0 0.63375 0.5725 0.01375 0.09125
0 0.2925 0.1725 0.10375 0.02375
0 0.21 0.13875 0.03875 0.0925
0 0.16625 0.13 0.035 0.1075
0 0.13625 0.13125 0.02 0.11
0 0.42 0.68375 0.0125 0.09625
0 0.38625 0.1725 0.08125 0.025