0 0.40625 0.77375 0.01625 0.05625
0 0.4375 0.64875 0.02125 0.0625
0 0.3825 0.64375 0.02 0.075
0 0.36125 0.64 0.02375 0.06875
0 0.15375 0.76125 0.05 0.1275
0 0.16 0.25125 0.06 0.08
0 0.4575 0.65125 0.02 0.0575
0 0.40875 0.6425 0.0275 0.07875
0 0.595 0.30125 0.0275 0.0925
0 0.78625 0.86375 0.01625 0.0675
0 0.65 0.4175 0.05 0.0875
0 0.60375 0.41875 0.0425 0.09
0 0.55375 0.4175 0.05375 0.095
0 0.50375 0.4175 0.02625 0.08
0 0.48375 0.41625 0.0125 0.08
0 0.46375 0.415 0.02625 0.07625
0 0.4375 0.415 0.01375 0.06875
0 0.415 0.4175 0.02875 0.0875
0 0.38625 0.42125 0.0225 0.08375
0 0.345 0.425 0.0225 0.07625
0 0.30875 0.42 0.0225 0.075
0 0.26375 0.4225 0.0175 0.07125
0 0.24375 0.42125 0.02125 0.06875
0 0.21875 0.4225 0.0225 0.0725
0 0.155 0.35125 0.05875 0.09375
0 0.81875 0.32375 0.02 0.075
0 0.78375 0.32 0.02375 0.0775
0 0.75375 0.30375 0.0225 0.08375
0 0.73375 0.305 0.0125 0.0775
0 0.715 0.30875 0.02 0.085
0 0.6925 0.305 0.025 0.07875
0 0.6675 0.30375 0.025 0.07875
0 0.6325 0.30375 0.03 0.08
0 0.48125 0.65125 0.0225 0.06125
0 0.7675 0.86625 0.01875 0.07
0 0.22625 0.77 0.02625 0.065
0 0.705 0.865 0.025 0.07625
0 0.3575 0.88375 0.01625 0.0725
0 0.29375 0.8725 0.06625 0.095
0 0.24125 0.87875 0.03375 0.10375
0 0.20875 0.88125 0.0325 0.09875
0 0.15625 0.88625 0.0625 0.08875
0 0.795 0.75625 0.0175 0.06875
0 0.7775 0.75625 0.01875 0.07
0 0.75875 0.76 0.01625 0.06625
0 0.74 0.76 0.01875 0.0675
0 0.3775 0.885 0.02375 0.06875
0 0.715 0.76625 0.0225 0.0575
0 0.66625 0.7625 0.02375 0.06
0 0.62625 0.765 0.05375 0.07625
0 0.57 0.765 0.055 0.08
0 0.5275 0.76375 0.03 0.08125
0 0.4775 0.75625 0.01875 0.0825
0 0.455 0.77125 0.02 0.05375
0 0.42375 0.75875 0.01875 0.0875
0 0.34125 0.7675 0.01375 0.06
0 0.35625 0.76625 0.015 0.06
0 0.69 0.765 0.02375 0.05625
0 0.41875 0.88375 0.0325 0.0675
0 0.4525 0.9 0.03375 0.0375
0 0.3225 0.7725 0.02375 0.0625
0 0.67375 0.86875 0.025 0.06625
0 0.645 0.87 0.03 0.0675
0 0.60375 0.88 0.02375 0.0625
0 0.58125 0.88 0.01875 0.0625
0 0.5425 0.8875 0.06125 0.06
0 0.49 0.85875 0.0325 0.04
0 0.49125 0.89875 0.02875 0.04
0 0.45125 0.86125 0.035 0.0375
0 0.51625 0.6425 0.03625 0.09
0 0.56125 0.6375 0.05 0.085
0 0.5975 0.64 0.02125 0.08
0 0.63125 0.64 0.04375 0.08125
0 0.67 0.63625 0.03125 0.08875
0 0.70875 0.6375 0.0425 0.09
0 0.75875 0.63625 0.0525 0.08125
0 0.8025 0.6375 0.0325 0.085
0 0.6925 0.42625 0.0225 0.07375
0 0.37625 0.7925 0.02125 0.02
0 0.25125 0.7725 0.02125 0.06125
0 0.275 0.77 0.025 0.05875
0 0.3 0.77125 0.01875 0.06625
0 0.73375 0.88 0.02 0.0725
0 0.7125 0.4275 0.01375 0.07875
0 0.80875 0.8675 0.015 0.0675
0 0.26625 0.30125 0.025 0.07
0 0.40875 0.30125 0.025 0.07375
0 0.45625 0.30375 0.02375 0.0875
0 0.48625 0.30125 0.0325 0.0925
0 0.51875 0.30375 0.02875 0.0975
0 0.56625 0.3025 0.02875 0.09
0 0.19875 0.175 0.02125 0.07875
0 0.595 0.53875 0.04 0.085
0 0.625 0.5375 0.01875 0.07625
0 0.69 0.53625 0.05875 0.08
0 0.7475 0.535 0.02 0.0875
0 0.16 0.615 0.05625 0.125
0 0.82 0.54375 0.01875 0.07
0 0.3525 0.5425 0.02625 0.06375
0 0.305 0.54125 0.0325 0.07375
0 0.2725 0.5425 0.03 0.0775
0 0.38375 0.2975 0.02375 0.0775
0 0.32625 0.30625 0.02625 0.07875
0 0.2225 0.17625 0.02625 0.075
0 0.27625 0.185 0.02 0.08125
0 0.22875 0.3025 0.02625 0.06625
0 0.205 0.30125 0.02125 0.06875
0 0.83625 0.21 0.02375 0.07
0 0.77375 0.20875 0.0275 0.06875
0 0.72125 0.21 0.02625 0.065
0 0.6775 0.205 0.0275 0.07125
0 0.625 0.15 0.04375 0.0325
0 0.62875 0.1875 0.04625 0.0375
0 0.36125 0.3025 0.01875 0.075
0 0.6275 0.2225 0.04875 0.03125
0 0.5675 0.19625 0.05125 0.0775
0 0.48 0.205 0.08375 0.05375
0 0.36875 0.1875 0.03125 0.08875
0 0.335 0.185 0.03 0.0875
0 0.30375 0.1875 0.02875 0.08625
0 0.25 0.1825 0.02875 0.08625
0 0.2125 0.645 0.01625 0.075
0 0.3025 0.30625 0.02 0.07625
0 0.2525 0.64625 0.0125 0.0675
0 0.79625 0.425 0.0225 0.06625
0 0.2325 0.6475 0.02375 0.06875
0 0.8175 0.42875 0.0175 0.07
0 0.7725 0.54125 0.01875 0.07375
0 0.795 0.545 0.025 0.06875
0 0.765 0.43125 0.025 0.0625
0 0.2375 0.545 0.03 0.0775
0 0.26875 0.6475 0.02 0.06625
0 0.2075 0.545 0.02875 0.0775
0 0.32875 0.64625 0.02375 0.075
0 0.55875 0.53625 0.025 0.09625
0 0.5275 0.53125 0.035 0.08875
0 0.48625 0.53875 0.03375 0.09
0 0.44 0.53125 0.055 0.08875
0 0.39 0.5425 0.0275 0.0625
0 0.2925 0.64875 0.0175 0.0625
0 0.73375 0.43 0.02625 0.075