0 0.475 0.61125 0.03 0.03
0 0.51625 0.54875 0.07625 0.0325
0 0.61125 0.57125 0.09125 0.02125
0 0.61125 0.545 0.07875 0.0225
0 0.685 0.535 0.0575 0.025
0 0.74375 0.535 0.05625 0.02125
0 0.69125 0.56875 0.04875 0.03625
0 0.80375 0.6125 0.0475 0.045
0 0.795 0.57125 0.03875 0.03375
0 0.84125 0.565 0.04625 0.0375
0 0.8525 0.61125 0.04375 0.04625
0 0.535 0.61375 0.08125 0.04875
0 0.2275 0.7225 0.0825 0.04
0 0.7475 0.615 0.05625 0.04
0 0.69125 0.61375 0.045 0.04375
0 0.62375 0.61375 0.08375 0.045
0 0.74625 0.56875 0.05375 0.03875
0 0.44375 0.585 0.05875 0.01625
0 0.37 0.55375 0.01875 0.03125
0 0.3875 0.615 0.0225 0.045
0 0.85375 0.4475 0.04125 0.04125
0 0.80375 0.4475 0.05375 0.0375
0 0.8475 0.41375 0.05 0.01875
0 0.54 0.495 0.07375 0.045
0 0.22 0.665 0.0425 0.05
0 0.61375 0.495 0.06875 0.04375
0 0.68125 0.4975 0.05875 0.04375
0 0.74 0.49625 0.06 0.0475
0 0.415 0.61625 0.0275 0.04125
0 0.805 0.49375 0.055 0.04375
0 0.29 0.55125 0.035 0.0375
0 0.3325 0.5525 0.04125 0.03875
0 0.405 0.5625 0.04375 0.01875
0 0.2175 0.56375 0.025 0.0475
0 0.1575 0.6075 0.0525 0.04625
0 0.21875 0.6125 0.04875 0.03875
0 0.27125 0.60625 0.04125 0.055
0 0.31125 0.6125 0.0325 0.04625
0 0.855 0.495 0.03875 0.04375
0 0.3375 0.65625 0.07375 0.035
0 0.3 0.7975 0.0475 0.04
0 0.3725 0.71875 0.045 0.0425
0 0.35 0.845 0.06625 0.05
0 0.425 0.85125 0.07125 0.03875
0 0.48 0.8075 0.055 0.04375
0 0.495 0.76 0.045 0.0225
0 0.4925 0.8525 0.0475 0.0375
0 0.545 0.8525 0.04875 0.03875
0 0.59375 0.8075 0.05125 0.04125
0 0.65 0.8025 0.0525 0.04875
0 0.2875 0.84375 0.04875 0.0425
0 0.59625 0.8525 0.05 0.0375
0 0.74375 0.8325 0.0925 0.065
0 0.83625 0.80625 0.0775 0.0825
0 0.40375 0.28875 0.02125 0.03125
0 0.4825 0.28875 0.04375 0.02375
0 0.7975 0.41375 0.045 0.01875
0 0.14625 0.5525 0.0425 0.03375
0 0.145 0.6825 0.04 0.04
0 0.15 0.73 0.04875 0.04375
0 0.6475 0.85125 0.04625 0.0425
0 0.31625 0.7125 0.06375 0.05
0 0.4125 0.77 0.02875 0.04
0 0.22375 0.82125 0.02625 0.02625
0 0.415 0.7075 0.01875 0.05375
0 0.43625 0.70625 0.015 0.05625
0 0.405 0.66875 0.06 0.015
0 0.51875 0.675 0.095 0.05
0 0.59375 0.67875 0.0475 0.04875
0 0.64375 0.665 0.04 0.045
0 0.69375 0.67625 0.05375 0.05
0 0.75 0.68125 0.05 0.045
0 0.36 0.7875 0.05625 0.04375
0 0.51875 0.725 0.09375 0.04375
0 0.645 0.725 0.04875 0.04625
0 0.69875 0.725 0.0475 0.0425
0 0.75125 0.72625 0.05125 0.04125
0 0.82125 0.72 0.08375 0.05
0 0.83 0.655 0.04625 0.03375
0 0.165 0.785 0.04125 0.03125
0 0.1525 0.84375 0.05375 0.06625
0 0.19125 0.81625 0.025 0.03
0 0.5925 0.72625 0.05 0.0425
0 0.74 0.44375 0.06 0.04
0 0.3825 0.32125 0.0425 0.02375
0 0.60875 0.44375 0.0675 0.0375
0 0.4375 0.18625 0.0275 0.0375
0 0.5 0.19375 0.06 0.02625
0 0.14875 0.23125 0.0475 0.04375
0 0.2075 0.23 0.05625 0.04625
0 0.26875 0.22875 0.04375 0.0475
0 0.31625 0.2275 0.045 0.045
0 0.3675 0.23 0.05375 0.04875
0 0.41875 0.2325 0.04 0.0525
0 0.46125 0.23375 0.0425 0.05
0 0.505 0.235 0.04375 0.05
0 0.54375 0.23375 0.02875 0.05
0 0.17875 0.195 0.0525 0.0175
0 0.69125 0.15 0.0575 0.0325
0 0.77875 0.14875 0.0575 0.025
0 0.77125 0.18875 0.07 0.0425
0 0.705 0.19125 0.0475 0.03875
0 0.82625 0.16 0.0275 0.03625
0 0.845 0.19875 0.06 0.03625
0 0.7375 0.2375 0.0675 0.0475
0 0.4425 0.1525 0.0375 0.0225
0 0.38125 0.17375 0.065 0.05125
0 0.31875 0.17375 0.05125 0.05625
0 0.25625 0.17375 0.06625 0.055
0 0.62 0.4125 0.065 0.01875
0 0.18625 0.08875 0.05375 0.04375
0 0.205 0.04375 0.05625 0.02625
0 0.23125 0.085 0.02625 0.04875
0 0.26375 0.08125 0.0325 0.05875
0 0.33875 0.0275 0.02875 0.05125
0 0.3125 0.085 0.04625 0.05
0 0.36375 0.085 0.05125 0.04875
0 0.42625 0.03625 0.0425 0.04875
0 0.8025 0.23875 0.05625 0.0425
0 0.49625 0.04625 0.05 0.0275
0 0.465 0.09 0.04 0.0475
0 0.51125 0.0925 0.04375 0.055
0 0.575 0.05125 0.075 0.02375
0 0.6625 0.05625 0.08 0.01875
0 0.575 0.0925 0.0775 0.05
0 0.65625 0.0925 0.07625 0.05125
0 0.7625 0.0925 0.05625 0.05375
0 0.83875 0.04625 0.05875 0.03375
0 0.835 0.015 0.04875 0.025
0 0.4175 0.08875 0.04625 0.0475
0 0.85625 0.23875 0.0375 0.04125
0 0.13875 0.08875 0.02625 0.0475
0 0.14 0.32125 0.02875 0.04875
0 0.86 0.325 0.03 0.04
0 0.69875 0.37375 0.05875 0.0425
0 0.76 0.37375 0.06 0.04125
0 0.8275 0.375 0.0575 0.0425
0 0.1475 0.4275 0.045 0.0525
0 0.2 0.4425 0.0475 0.0425
0 0.26375 0.4525 0.065 0.0275
0 0.33125 0.4475 0.0575 0.04
0 0.40125 0.43 0.055 0.0425
0 0.8175 0.3275 0.0475 0.04375
0 0.3275 0.41125 0.0575 0.025
0 0.21625 0.49375 0.0575 0.0475
0 0.25875 0.49375 0.02375 0.04875
0 0.285 0.4925 0.02875 0.04125
0 0.32 0.49625 0.03375 0.0475
0 0.39625 0.48375 0.05125 0.05375
0 0.4525 0.5 0.0425 0.02875
0 0.47625 0.45875 0.05 0.0375
0 0.18125 0.2775 0.04875 0.02375
0 0.5375 0.4375 0.0625 0.0375
0 0.1525 0.4875 0.045 0.0525
0 0.83 0.2875 0.04875 0.02375
0 0.35375 0.49625 0.02375 0.04625
0 0.69375 0.325 0.05625 0.04875
0 0.20625 0.31625 0.06 0.045
0 0.75625 0.33 0.06 0.04375
0 0.13875 0.28125 0.02625 0.0275
0 0.32125 0.31375 0.055 0.0475
0 0.17625 0.36875 0.05375 0.03875
0 0.22875 0.365 0.04375 0.04625
0 0.34375 0.365 0.0475 0.05125
0 0.39375 0.36625 0.0475 0.05375
0 0.43875 0.31875 0.05625 0.0275
0 0.4925 0.32125 0.0375 0.02
0 0.44 0.36375 0.03625 0.05375
0 0.28875 0.365 0.0575 0.0525
0 0.6925 0.285 0.05875 0.02375
0 0.6275 0.37 0.075 0.04625
0 0.765 0.2875 0.06875 0.03125
0 0.55125 0.3675 0.07625 0.0525
0 0.485 0.36625 0.05 0.055
0 0.54875 0.285 0.0675 0.0225
0 0.6225 0.28625 0.06875 0.025
0 0.62375 0.32125 0.0675 0.04125
0 0.5525 0.32 0.06875 0.04125