0 0.7175 0.5025 0.0425 0.035
0 0.67375 0.5025 0.03875 0.03625
0 0.635 0.5025 0.03625 0.03375
0 0.5975 0.505 0.03125 0.0375
0 0.46875 0.74125 0.03875 0.04
0 0.755 0.58625 0.04875 0.01625
0 0.74875 0.56375 0.02625 0.02375
0 0.75 0.50375 0.0225 0.03625
0 0.565 0.505 0.03125 0.03375
0 0.64875 0.85875 0.04125 0.08
0 0.6925 0.86 0.04125 0.0825
0 0.7375 0.885 0.04 0.035
0 0.74 0.84375 0.04 0.03875
0 0.7025 0.58375 0.05 0.02
0 0.52125 0.4975 0.05 0.0475
0 0.47 0.49875 0.0475 0.04625
0 0.42 0.49875 0.04875 0.04625
0 0.58125 0.2975 0.04125 0.03
0 0.645 0.65375 0.045 0.02
0 0.6425 0.6775 0.04125 0.02125
0 0.6 0.6775 0.04 0.025
0 0.55875 0.6775 0.0375 0.02375
0 0.60125 0.6525 0.03875 0.02375
0 0.55875 0.65375 0.03875 0.0175
0 0.5575 0.62875 0.035 0.02875
0 0.48625 0.64875 0.03 0.0775
0 0.45125 0.66 0.0325 0.05625
0 0.4225 0.6175 0.0275 0.0175
0 0.41125 0.65625 0.03125 0.0525
0 0.37875 0.65875 0.03125 0.0575
0 0.625 0.2575 0.03875 0.04375
0 0.34875 0.655 0.02625 0.055
0 0.265 0.665 0.07 0.0825
0 0.2425 0.55875 0.03625 0.08125
0 0.2775 0.56 0.0275 0.08
0 0.325 0.57125 0.03125 0.055
0 0.35625 0.5675 0.02875 0.0625
0 0.38875 0.56625 0.02625 0.0575
0 0.4175 0.565 0.02375 0.0575
0 0.44 0.57375 0.01625 0.04625
0 0.45625 0.57375 0.0125 0.04625
0 0.48625 0.57375 0.045 0.04125
0 0.52125 0.56375 0.01625 0.0575
0 0.54 0.5675 0.0175 0.05875
0 0.5725 0.585 0.0375 0.01875
0 0.32125 0.6475 0.03 0.05875
0 0.62625 0.2975 0.0425 0.03375
0 0.67875 0.295 0.0475 0.03625
0 0.67875 0.255 0.04375 0.04125
0 0.46875 0.78 0.0375 0.0325
0 0.425 0.785 0.035 0.03375
0 0.4275 0.7475 0.0375 0.03875
0 0.38375 0.745 0.0375 0.04375
0 0.385 0.7875 0.03875 0.03375
0 0.34875 0.78 0.02625 0.04375
0 0.31625 0.77875 0.03375 0.0375
0 0.35375 0.73 0.0225 0.0325
0 0.31625 0.7375 0.03625 0.04125
0 0.2625 0.765 0.0575 0.08125
0 0.75125 0.6775 0.0525 0.02375
0 0.7475 0.65125 0.04875 0.02625
0 0.6925 0.67625 0.0475 0.02375
0 0.64375 0.6275 0.04375 0.02625
0 0.255 0.14875 0.0675 0.07875
0 0.30625 0.1625 0.02875 0.0475
0 0.3375 0.16125 0.02375 0.05625
0 0.37 0.16 0.03125 0.05125
0 0.35375 0.1075 0.065 0.04125
0 0.4775 0.15625 0.03375 0.05625
0 0.5125 0.145 0.03125 0.075
0 0.545 0.165 0.02875 0.03375
0 0.5925 0.135 0.0625 0.0925
0 0.64875 0.145 0.04125 0.0625
0 0.6975 0.14125 0.05125 0.0675
0 0.69625 0.07375 0.04875 0.06125
0 0.75375 0.11875 0.05375 0.1
0 0.77125 0.28 0.02 0.06375
0 0.72875 0.29375 0.0475 0.03625
0 0.5725 0.56375 0.0375 0.0175
0 0.51 0.7425 0.03625 0.035
0 0.61125 0.5625 0.0375 0.02125
0 0.6525 0.585 0.04375 0.02
0 0.31375 0.425 0.045 0.0525
0 0.2525 0.495 0.05 0.0275
0 0.50875 0.78 0.035 0.0325
0 0.55 0.77875 0.0325 0.0325
0 0.585 0.78 0.03 0.035
0 0.58125 0.745 0.03125 0.03375
0 0.5475 0.745 0.02875 0.0325
0 0.54875 0.7125 0.03375 0.02375
0 0.6175 0.7375 0.0325 0.03875
0 0.65625 0.7375 0.03875 0.0425
0 0.65625 0.78 0.03375 0.0375
0 0.62125 0.78 0.03375 0.03875
0 0.69375 0.73125 0.02875 0.0425
0 0.35875 0.42375 0.04125 0.05125
0 0.72875 0.7275 0.0325 0.04625
0 0.69375 0.77625 0.0325 0.04625
0 0.25625 0.8575 0.07375 0.075
0 0.33 0.84875 0.0575 0.065
0 0.38625 0.85375 0.0525 0.0775
0 0.43875 0.85875 0.045 0.08875
0 0.485 0.85875 0.0425 0.09375
0 0.52375 0.85625 0.0325 0.0925
0 0.56125 0.86 0.03875 0.08375
0 0.605 0.86 0.045 0.08375
0 0.25875 0.46 0.04125 0.03875
0 0.31625 0.50625 0.0475 0.0425
0 0.32 0.47375 0.04375 0.01625
0 0.37 0.50125 0.04875 0.0425
0 0.72875 0.77625 0.0325 0.045
0 0.40125 0.42375 0.04125 0.055
0 0.4425 0.42125 0.04125 0.05375
0 0.535 0.4225 0.0625 0.05
0 0.65125 0.56375 0.04125 0.02
0 0.7025 0.56375 0.0525 0.01875
0 0.77 0.88125 0.02125 0.04125
0 0.58125 0.25875 0.04 0.0425
0 0.5375 0.26 0.04 0.0375
0 0.5375 0.3 0.04 0.03375
0 0.4925 0.29875 0.04125 0.03875
0 0.4925 0.26 0.04125 0.04125
0 0.4475 0.3025 0.03875 0.03625
0 0.44875 0.2625 0.0375 0.04
0 0.40625 0.2625 0.03875 0.0375
0 0.36 0.26375 0.0425 0.0375
0 0.315 0.265 0.04125 0.03875
0 0.2625 0.29125 0.05 0.06
0 0.31625 0.305 0.04375 0.0375
0 0.36 0.305 0.0425 0.0375
0 0.40375 0.30125 0.03875 0.0375
0 0.2525 0.38125 0.06375 0.06625
0 0.31375 0.35875 0.0325 0.0375
0 0.34875 0.35875 0.03375 0.03875
0 0.38625 0.35875 0.035 0.04
0 0.425 0.3575 0.0375 0.03875
0 0.46375 0.3575 0.03375 0.04
0 0.67125 0.35125 0.05875 0.0425
0 0.735 0.34875 0.0675 0.0425
0 0.76875 0.4175 0.02125 0.055
0 0.72375 0.4175 0.06375 0.05625
0 0.6575 0.42 0.0625 0.055
0 0.595 0.42 0.055 0.05375
0 0.61125 0.58375 0.0375 0.02
0 0.77125 0.84125 0.01875 0.03375
0 0.58125 0.7125 0.02875 0.025