0 0.63625 0.56875 0.0125 0.0575
0 0.40125 0.31125 0.05125 0.03625
0 0.45375 0.31375 0.05 0.035
0 0.45125 0.35625 0.04625 0.04625
0 0.4 0.35625 0.05 0.04625
0 0.3425 0.35625 0.06 0.04125
0 0.28125 0.355 0.05875 0.0375
0 0.22 0.34875 0.06 0.04375
0 0.1525 0.3475 0.0425 0.0375
0 0.50375 0.3175 0.0425 0.04125
0 0.5525 0.32 0.04625 0.03625
0 0.60125 0.32 0.04875 0.03625
0 0.6175 0.36375 0.0375 0.04375
0 0.57875 0.36375 0.04 0.04125
0 0.53875 0.36125 0.03875 0.04375
0 0.4975 0.3625 0.04 0.0425
0 0.745 0.32375 0.04375 0.03625
0 0.805 0.32125 0.05625 0.03625
0 0.8575 0.33125 0.03375 0.03375
0 0.85375 0.37 0.0425 0.0425
0 0.8025 0.36875 0.04375 0.04875
0 0.75375 0.36375 0.04125 0.035
0 0.71875 0.36875 0.02625 0.045
0 0.8475 0.48 0.05375 0.04875
0 0.34 0.3125 0.055 0.0375
0 0.795 0.47625 0.045 0.0425
0 0.27875 0.31125 0.0575 0.0425
0 0.15125 0.30625 0.04 0.04125
0 0.1775 0.14 0.04 0.03375
0 0.2175 0.14 0.035 0.035
0 0.2575 0.14125 0.0425 0.03125
0 0.3 0.14125 0.0375 0.0325
0 0.34 0.14125 0.0375 0.03375
0 0.3825 0.1425 0.04125 0.035
0 0.4225 0.14375 0.03875 0.03125
0 0.465 0.145 0.04125 0.0375
0 0.445 0.10375 0.04625 0.035
0 0.3975 0.105 0.045 0.03125
0 0.71375 0.665 0.04 0.07125
0 0.21625 0.30625 0.06125 0.0375
0 0.315 0.10375 0.03875 0.035
0 0.22875 0.10125 0.04 0.035
0 0.18125 0.09875 0.04 0.03875
0 0.145 0.09625 0.03 0.0325
0 0.15 0.20625 0.035 0.0375
0 0.2025 0.21 0.04 0.0325
0 0.24375 0.21125 0.03875 0.03125
0 0.2875 0.21125 0.04125 0.03625
0 0.335 0.21375 0.04 0.0325
0 0.375 0.215 0.0375 0.03375
0 0.4175 0.215 0.04 0.03375
0 0.46375 0.21375 0.0425 0.0375
0 0.2725 0.1025 0.03875 0.04
0 0.74875 0.47375 0.045 0.04875
0 0.745 0.43 0.0425 0.0325
0 0.79125 0.43375 0.04625 0.03875
0 0.345 0.4525 0.08875 0.05125
0 0.2525 0.45 0.08875 0.05875
0 0.17 0.4425 0.07 0.0575
0 0.1575 0.51375 0.03625 0.03875
0 0.19875 0.5125 0.04 0.03375
0 0.15875 0.5525 0.03875 0.0375
0 0.2 0.5525 0.0425 0.04
0 0.28625 0.5175 0.12125 0.0375
0 0.28625 0.5575 0.1225 0.03375
0 0.415 0.5625 0.12375 0.035
0 0.41375 0.5225 0.125 0.0375
0 0.435 0.455 0.08375 0.055
0 0.50375 0.55125 0.04375 0.075
0 0.59625 0.55375 0.04125 0.075
0 0.70875 0.58125 0.0325 0.04375
0 0.75375 0.55375 0.045 0.05375
0 0.79375 0.54 0.025 0.03625
0 0.84125 0.54125 0.06625 0.0325
0 0.85125 0.58625 0.04625 0.0525
0 0.80125 0.5825 0.04875 0.045
0 0.85625 0.655 0.0375 0.04
0 0.815 0.66875 0.04125 0.06875
0 0.8575 0.695 0.035 0.0375
0 0.76 0.67125 0.05 0.08
0 0.55 0.5525 0.04625 0.07125
0 0.14375 0.135 0.025 0.04125
0 0.5775 0.46875 0.03625 0.045
0 0.495 0.66625 0.03625 0.04875
0 0.8475 0.435 0.055 0.035
0 0.6175 0.47 0.0375 0.0425
0 0.6375 0.43 0.025 0.0375
0 0.6 0.42875 0.045 0.035
0 0.55375 0.42625 0.04625 0.03125
0 0.505 0.42375 0.04625 0.03875
0 0.49875 0.465 0.0375 0.04125
0 0.53875 0.46625 0.04125 0.04375
0 0.83375 0.7975 0.03625 0.04
0 0.825 0.755 0.04375 0.04
0 0.7775 0.7675 0.03875 0.07
0 0.5375 0.66875 0.0425 0.0425
0 0.73625 0.765 0.04375 0.0775
0 0.5425 0.7625 0.055 0.06625
0 0.41625 0.7425 0.05625 0.0725
0 0.35125 0.7375 0.0675 0.0625
0 0.2825 0.74875 0.05375 0.0725
0 0.225 0.74 0.05125 0.0425
0 0.175 0.74 0.04625 0.045
0 0.1875 0.705 0.05625 0.02
0 0.195 0.64125 0.09375 0.06125
0 0.28 0.645 0.0725 0.0675
0 0.3575 0.65 0.0775 0.06125
0 0.43625 0.6525 0.075 0.06875
0 0.595 0.77125 0.04375 0.0425
0 0.5025 0.14375 0.03125 0.03875
0 0.355 0.105 0.03875 0.03625
0 0.59875 0.1475 0.04 0.03625
0 0.54 0.855 0.05625 0.0625
0 0.5925 0.86 0.04625 0.07
0 0.73875 0.8675 0.04625 0.06375
0 0.7875 0.87625 0.0425 0.055
0 0.8425 0.885 0.06 0.06375
0 0.54375 0.145 0.045 0.0375
0 0.145 0.24625 0.0325 0.04
0 0.4575 0.89875 0.0925 0.11875
0 0.185 0.2475 0.03625 0.02875
0 0.26875 0.25 0.03625 0.03
0 0.3075 0.25125 0.03875 0.0375
0 0.34625 0.25375 0.0325 0.03
0 0.385 0.25375 0.04 0.0375
0 0.42625 0.25375 0.0375 0.0375
0 0.46625 0.255 0.03875 0.04
0 0.5225 0.25125 0.06625 0.04375
0 0.225 0.2475 0.04125 0.035
0 0.34625 0.8575 0.07625 0.04
0 0.34625 0.81875 0.0775 0.03375
0 0.285 0.8575 0.03625 0.04125
0 0.81625 0.9675 0.04875 0.05875
0 0.77 0.965 0.03875 0.0625
0 0.7275 0.96 0.03625 0.065
0 0.68625 0.9575 0.04 0.05625
0 0.64 0.9525 0.045 0.0625
0 0.58875 0.94875 0.05125 0.055
0 0.5375 0.945 0.04875 0.06125
0 0.3475 0.91 0.07375 0.02875
0 0.34 0.9475 0.0725 0.0375
0 0.26375 0.935 0.07125 0.0425
0 0.19125 0.93375 0.06625 0.0375
0 0.2 0.89875 0.06875 0.0225
0 0.28625 0.815 0.03125 0.0375
0 0.235 0.81375 0.065 0.0375
0 0.18 0.80875 0.04375 0.03125
0 0.17625 0.84875 0.0425 0.04125
0 0.235 0.85375 0.06125 0.03375
0 0.58875 0.25375 0.06375 0.05
0 0.63 0.86875 0.015 0.04375
0 0.58125 0.6725 0.04 0.04875
0 0.63375 0.82 0.02125 0.04375
0 0.86125 0.2525 0.02625 0.04375
0 0.85875 0.21 0.0325 0.035
0 0.815 0.255 0.05 0.0575
0 0.76375 0.25625 0.04875 0.0475
0 0.68 0.54875 0.02125 0.04625
0 0.81375 0.205 0.04375 0.03125
0 0.665 0.2925 0.01875 0.0775
0 0.7925 0.14375 0.04875 0.045
0 0.72125 0.25625 0.02375 0.085
0 0.70375 0.2825 0.0125 0.05125
0 0.69 0.4175 0.0175 0.05375
0 0.66125 0.37 0.02 0.0625
0 0.65875 0.435 0.01625 0.06
0 0.69625 0.4725 0.01875 0.04
0 0.6775 0.49625 0.01875 0.045
0 0.6475 0.8825 0.01375 0.05375
0 0.69375 0.34875 0.02375 0.06875
0 0.835 0.14625 0.03375 0.04875
0 0.76375 0.21 0.05375 0.04125
0 0.795 0.095 0.04375 0.045
0 0.67375 0.835 0.01875 0.05
0 0.66125 0.77375 0.0125 0.04
0 0.8375 0.09625 0.0375 0.04125
0 0.6425 0.715 0.0175 0.0475
0 0.675 0.7425 0.01625 0.045
0 0.67 0.6925 0.0075 0.0475
0 0.6375 0.65375 0.0175 0.04375
0 0.6825 0.6675 0.0175 0.0475
0 0.65125 0.5975 0.01375 0.06
0 0.6375 0.7725 0.015 0.045
0 0.6425 0.14875 0.045 0.035
0 0.64375 0.11125 0.0425 0.03875
0 0.59875 0.11 0.04125 0.035
0 0.70125 0.10125 0.03625 0.025
0 0.73875 0.1025 0.0325 0.025
0 0.735 0.1425 0.03875 0.05
0 0.69375 0.14125 0.04 0.05
0 0.67875 0.605 0.0175 0.055