0 0.15625 0.605 0.04875 0.04625
0 0.45 0.7875 0.0175 0.10625
0 0.66125 0.6925 0.015 0.04375
0 0.64 0.6875 0.01625 0.05
0 0.62125 0.68375 0.01625 0.055
0 0.6825 0.2075 0.075 0.09
0 0.7425 0.205 0.035 0.095
0 0.7875 0.2075 0.04625 0.095
0 0.14875 0.275 0.04625 0.12625
0 0.21625 0.31375 0.075 0.05625
0 0.275 0.32375 0.02625 0.03875
0 0.68125 0.69625 0.015 0.045
0 0.3125 0.32375 0.025 0.04
0 0.3675 0.3125 0.02875 0.07
0 0.405 0.31625 0.03375 0.07375
0 0.45 0.31375 0.04375 0.0775
0 0.49625 0.31625 0.03125 0.07625
0 0.53 0.315 0.03 0.07875
0 0.5725 0.32 0.035 0.08
0 0.6125 0.32 0.03625 0.0775
0 0.65625 0.3225 0.04 0.07875
0 0.69625 0.325 0.035 0.08
0 0.3375 0.31625 0.02375 0.0575
0 0.7375 0.32375 0.03625 0.08125
0 0.70125 0.6975 0.0175 0.04875
0 0.7425 0.705 0.01625 0.0525
0 0.7275 0.85 0.02875 0.10875
0 0.7025 0.84625 0.0225 0.115
0 0.6725 0.83625 0.0225 0.11875
0 0.645 0.83 0.0225 0.11125
0 0.61625 0.8375 0.02375 0.08875
0 0.58375 0.83 0.02875 0.08625
0 0.5525 0.81125 0.0225 0.1075
0 0.5275 0.8025 0.02125 0.10875
0 0.49875 0.7975 0.025 0.1075
0 0.72125 0.69875 0.0175 0.0475
0 0.47375 0.79 0.0225 0.1075
0 0.42875 0.78 0.01875 0.11
0 0.38125 0.77625 0.02 0.0925
0 0.36 0.77125 0.01625 0.0975
0 0.34 0.76625 0.01875 0.09375
0 0.32 0.7625 0.01625 0.09375
0 0.29875 0.7525 0.01625 0.1
0 0.27875 0.75125 0.0175 0.0975
0 0.25875 0.7475 0.01875 0.09625
0 0.84375 0.70375 0.0625 0.09125
0 0.3675 0.64375 0.015 0.0425
0 0.80875 0.86125 0.105 0.1475
0 0.77625 0.32375 0.0325 0.08125
0 0.14 0.43375 0.03 0.10625
0 0.64375 0.5725 0.0225 0.0625
0 0.6725 0.5725 0.02625 0.0625
0 0.17625 0.55625 0.045 0.04625
0 0.27125 0.625 0.02625 0.04375
0 0.29375 0.63 0.0125 0.03625
0 0.30875 0.6325 0.0125 0.035
0 0.3225 0.635 0.0125 0.0375
0 0.3375 0.63875 0.01125 0.03875
0 0.60125 0.68 0.0175 0.04875
0 0.6075 0.565 0.0375 0.0675
0 0.585 0.675 0.015 0.04625
0 0.5475 0.6675 0.01625 0.045
0 0.53 0.66375 0.01625 0.04625
0 0.47875 0.66125 0.015 0.04125
0 0.4625 0.66125 0.01375 0.04
0 0.445 0.6575 0.01375 0.0425
0 0.42875 0.65375 0.01375 0.0375
0 0.41375 0.65125 0.01125 0.04
0 0.39875 0.65 0.015 0.03625
0 0.38375 0.64625 0.0125 0.0375
0 0.5675 0.6725 0.01625 0.0475
0 0.84375 0.27625 0.06125 0.09625
0 0.5625 0.56125 0.0375 0.06625
0 0.4825 0.5375 0.03 0.08375
0 0.1825 0.44125 0.04625 0.10125
0 0.2275 0.45875 0.04 0.08
0 0.28375 0.4125 0.0275 0.04125
0 0.3225 0.40125 0.03625 0.07375
0 0.36375 0.40375 0.03625 0.07375
0 0.4075 0.40375 0.035 0.08
0 0.45375 0.41 0.03875 0.07625
0 0.4925 0.41375 0.01875 0.07625
0 0.52375 0.415 0.03375 0.075
0 0.52375 0.55 0.03375 0.06875
0 0.5625 0.4175 0.0325 0.08
0 0.63375 0.42375 0.0325 0.08125
0 0.675 0.42375 0.04125 0.0775
0 0.75875 0.4325 0.0525 0.08375
0 0.8075 0.4375 0.045 0.04125
0 0.855 0.43625 0.04 0.03875
0 0.32375 0.52125 0.03375 0.075
0 0.3625 0.53 0.03375 0.0675
0 0.4025 0.535 0.03375 0.0725
0 0.44375 0.5375 0.03125 0.0775
0 0.5975 0.42125 0.0275 0.08
0 0.8125 0.52 0.05 0.04625
0 0.3525 0.64 0.0125 0.03875
0 0.85125 0.5775 0.04625 0.05625
0 0.485 0.21625 0.06125 0.07625
0 0.43875 0.215 0.0225 0.07
0 0.4125 0.215 0.02625 0.0725
0 0.3825 0.21625 0.0275 0.0725
0 0.35375 0.21625 0.0225 0.07
0 0.3275 0.21625 0.0225 0.06625
0 0.27875 0.2025 0.06375 0.0975
0 0.8475 0.0925 0.03875 0.13875
0 0.80375 0.0825 0.03625 0.06
0 0.76125 0.085 0.04 0.06125
0 0.72125 0.09125 0.03875 0.0525
0 0.68125 0.07375 0.03625 0.0875
0 0.5575 0.21375 0.0625 0.075
0 0.805 0.5775 0.04375 0.06
0 0.57375 0.07875 0.02625 0.08375
0 0.54 0.08 0.03125 0.0825
0 0.5075 0.08375 0.02875 0.08125
0 0.4725 0.08375 0.03125 0.07875
0 0.4425 0.085 0.02625 0.07875
0 0.405 0.0725 0.0375 0.1075
0 0.3725 0.09125 0.02125 0.0725
0 0.3475 0.0925 0.0225 0.07
0 0.325 0.09625 0.02 0.065
0 0.26625 0.08 0.0625 0.1
0 0.2075 0.125 0.04875 0.09375
0 0.1575 0.1125 0.0475 0.12
0 0.60625 0.075 0.0325 0.08625
0 0.6175 0.215 0.05 0.07875
0 0.64625 0.07375 0.03125 0.08875
0 0.2425 0.40375 0.05375 0.0175
0 0.7125 0.42875 0.0275 0.07625