0 0.2125 0.30875 0.03375 0.09375
0 0.51375 0.31375 0.03625 0.0875
0 0.47625 0.31375 0.03625 0.0875
0 0.43625 0.31375 0.03625 0.0875
0 0.4 0.30625 0.03375 0.09375
0 0.36375 0.3075 0.03375 0.09375
0 0.325 0.305 0.03375 0.09375
0 0.01375 0.3125 0.0275 0.09125
0 0.0525 0.30875 0.03375 0.09375
0 0.09 0.31125 0.03375 0.09375
0 0.285 0.30625 0.03375 0.09375
0 0.17 0.31125 0.03375 0.09375
0 0.25 0.30875 0.03375 0.09375
0 0.13375 0.31 0.03375 0.09375
0 0.8175 0.28375 0.04625 0.11
0 0.62375 0.77375 0.02625 0.10125
0 0.0375 0.1675 0.04 0.08375
0 0.88125 0.2875 0.0525 0.12125
0 0.94 0.2825 0.0525 0.12125
0 0.8075 0.42875 0.06125 0.11
0 0.8775 0.42375 0.06125 0.10875
0 0.97 0.4225 0.05875 0.12
0 0.76625 0.51875 0.105 0.0375
0 0.74 0.5525 0.055 0.02125
0 0.7975 0.55125 0.05625 0.02375
0 0.84875 0.5425 0.04 0.0225
0 0.89375 0.525 0.04125 0.02375
0 0.94625 0.52375 0.0475 0.0175
0 0.94375 0.5475 0.045 0.01875
0 0.89125 0.54625 0.04375 0.01375
0 0.98625 0.51625 0.02625 0.0125
0 0.9875 0.53125 0.02375 0.0075
0 0.98625 0.55625 0.0275 0.01125
0 0.9875 0.54375 0.025 0.00875
0 0.959375 0.2 0.08125 0.0375
0 0.08375 0.1675 0.04375 0.08375
0 0.1325 0.1675 0.04375 0.08375
0 0.1775 0.1675 0.04375 0.08375
0 0.22625 0.1675 0.04375 0.08375
0 0.65375 0.77125 0.0275 0.10125
0 0.685 0.775 0.02625 0.10125
0 0.71625 0.77625 0.0275 0.1
0 0.74625 0.77875 0.0275 0.09375
0 0.7775 0.77875 0.0275 0.09375
0 0.82 0.78 0.04875 0.09
0 0.8625 0.77625 0.0275 0.095
0 0.89375 0.775 0.0275 0.095
0 0.935 0.7775 0.0525 0.0875
0 0.59375 0.77375 0.03 0.10375
0 0.97875 0.7775 0.0275 0.0825
0 0.64625 0.165 0.04125 0.07875
0 0.6 0.165 0.04125 0.07875
0 0.55375 0.165 0.045 0.08125
0 0.50625 0.165 0.045 0.08125
0 0.46 0.165 0.045 0.08125
0 0.41375 0.165 0.045 0.08125
0 0.365 0.165 0.045 0.08125
0 0.31875 0.1675 0.04375 0.08375
0 0.2725 0.1675 0.04375 0.08375
0 0.6925 0.165 0.04125 0.07875
0 0.55375 0.31375 0.03625 0.0875
0 0.62875 0.3125 0.0325 0.08625
0 0.32625 0.55 0.0275 0.07375
0 0.54125 0.64375 0.03 0.07125
0 0.51 0.6425 0.03125 0.07125
0 0.4775 0.64375 0.03125 0.07125
0 0.445 0.645 0.03 0.07375
0 0.41125 0.645 0.03125 0.07
0 0.38 0.645 0.02875 0.07
0 0.35 0.64625 0.02875 0.07
0 0.31875 0.6475 0.03125 0.06625
0 0.285 0.6475 0.0325 0.0675
0 0.2475 0.65 0.02875 0.065
0 0.2125 0.65 0.02875 0.065
0 0.1775 0.65125 0.02875 0.065
0 0.14625 0.65125 0.02875 0.065
0 0.1125 0.6475 0.03 0.065
0 0.0825 0.6525 0.02875 0.0625
0 0.05125 0.6525 0.02875 0.0625
0 0.0175 0.64875 0.03 0.0675
0 0.6975 0.5475 0.03 0.075
0 0.665 0.55 0.02875 0.07125
0 0.6325 0.55125 0.0325 0.07625
0 0.59875 0.5525 0.0275 0.07375
0 0.565 0.55 0.0275 0.07375
0 0.53125 0.5475 0.0275 0.07375
0 0.4975 0.55 0.0275 0.07375
0 0.46375 0.5525 0.0275 0.07375
0 0.43125 0.55125 0.0275 0.07375
0 0.39875 0.55125 0.0275 0.07375
0 0.57375 0.64375 0.03 0.07125
0 0.3625 0.55125 0.0275 0.07375
0 0.60375 0.64375 0.0275 0.06875
0 0.6625 0.6425 0.0275 0.07625
0 0.56125 0.77375 0.0275 0.1075
0 0.53125 0.77125 0.025 0.10375
0 0.50125 0.795 0.02625 0.06125
0 0.47125 0.79375 0.0275 0.0625
0 0.40875 0.78 0.025 0.095
0 0.37875 0.795 0.03125 0.06
0 0.34625 0.7975 0.02875 0.05875
0 0.3125 0.7975 0.02875 0.06125
0 0.28 0.80125 0.0325 0.0575
0 0.24875 0.7825 0.025 0.09375
0 0.2225 0.78375 0.02125 0.09
0 0.19375 0.7975 0.025 0.05875
0 0.16375 0.79875 0.03 0.05875
0 0.13125 0.795 0.03375 0.06875
0 0.095 0.80125 0.03125 0.06125
0 0.05625 0.7975 0.03625 0.06125
0 0.01875 0.7925 0.03125 0.065
0 0.97125 0.63 0.03 0.1
0 0.94 0.62875 0.0275 0.09625
0 0.9125 0.63125 0.025 0.1
0 0.88375 0.635 0.025 0.08875
0 0.855 0.63125 0.025 0.0975
0 0.82625 0.63625 0.0275 0.0875
0 0.795 0.63375 0.0275 0.095
0 0.7625 0.6325 0.03 0.095
0 0.73 0.63 0.02875 0.095
0 0.6925 0.6425 0.03 0.075
0 0.63375 0.64375 0.02875 0.0725
0 0.59 0.31375 0.03625 0.0875
0 0.43875 0.7775 0.03 0.09625
0 0.26 0.55 0.0275 0.07375
0 0.02875 0.44125 0.03125 0.08625
0 0.665 0.31125 0.0325 0.08625
0 0.29375 0.5525 0.0275 0.07375
0 0.06625 0.4425 0.03125 0.08625
0 0.1 0.44375 0.03125 0.08625
0 0.13625 0.44375 0.0325 0.08625
0 0.17125 0.4425 0.0325 0.08625
0 0.2075 0.44375 0.03125 0.08625
0 0.27875 0.44625 0.03125 0.08625
0 0.315 0.44375 0.0325 0.09
0 0.35 0.445 0.0325 0.09
0 0.38625 0.44375 0.03375 0.09
0 0.425 0.4425 0.03375 0.09
0 0.46 0.44125 0.03375 0.09
0 0.24375 0.4425 0.03125 0.08625
0 0.53125 0.44375 0.0325 0.08125
0 0.13875 0.555 0.0275 0.07
0 0.49625 0.44125 0.03375 0.09
0 0.10625 0.55625 0.0275 0.07
0 0.18375 0.55375 0.0275 0.07
0 0.04625 0.55625 0.0275 0.07
0 0.0175 0.555 0.03 0.07
0 0.075 0.5575 0.0275 0.07
0 0.67625 0.44375 0.0325 0.0825
0 0.64 0.44125 0.0325 0.08125
0 0.605 0.44375 0.0325 0.08125
0 0.56875 0.44375 0.0325 0.08125
0 0.71375 0.445 0.0325 0.08125
0 0.22375 0.5525 0.0275 0.06875