0 0.35625 0.8075 0.0525 0.03875
0 0.7975 0.6325 0.0925 0.0375
0 0.3025 0.76625 0.05 0.0425
0 0.30375 0.80875 0.0475 0.04125
0 0.255 0.80875 0.0375 0.035
0 0.24625 0.76625 0.055 0.04625
0 0.1825 0.8025 0.04625 0.10125
0 0.795 0.67625 0.09625 0.045
0 0.3075 0.65125 0.05625 0.0425
0 0.69875 0.68 0.08625 0.045
0 0.265 0.60875 0.0625 0.0225
0 0.49625 0.61 0.09125 0.025
0 0.505 0.64375 0.0825 0.04375
0 0.43 0.645 0.06125 0.0425
0 0.37 0.64625 0.06125 0.04625
0 0.25 0.65375 0.05 0.045
0 0.3575 0.77125 0.0475 0.03375
0 0.7 0.63 0.08375 0.0475
0 0.41125 0.80875 0.055 0.04
0 0.82375 0.44375 0.07125 0.09875
0 0.46375 0.80625 0.045 0.04
0 0.20875 0.60875 0.05125 0.02125
0 0.8125 0.515 0.0575 0.0275
0 0.85625 0.74125 0.0375 0.0225
0 0.85625 0.7625 0.0375 0.01375
0 0.855 0.79625 0.04 0.05
0 0.8125 0.73875 0.03875 0.01875
0 0.8125 0.76 0.0475 0.01875
0 0.81125 0.795 0.04375 0.05125
0 0.41125 0.7675 0.05 0.03875
0 0.76 0.775 0.0525 0.0425
0 0.7 0.77375 0.05625 0.035
0 0.69875 0.80625 0.055 0.025
0 0.64 0.77375 0.05875 0.03375
0 0.63875 0.8075 0.0625 0.03125
0 0.58 0.7725 0.055 0.03625
0 0.57875 0.80875 0.05625 0.035
0 0.51875 0.8075 0.055 0.0375
0 0.4625 0.765 0.0475 0.04125
0 0.7575 0.80875 0.05875 0.025
0 0.2025 0.6425 0.0425 0.04375
0 0.53625 0.365 0.06 0.045
0 0.4375 0.68875 0.05875 0.045
0 0.42 0.31 0.0625 0.0425
0 0.36 0.31125 0.05625 0.04625
0 0.34375 0.36625 0.0575 0.04375
0 0.34375 0.41125 0.06 0.04
0 0.2825 0.35625 0.05875 0.0525
0 0.28375 0.4075 0.05625 0.05
0 0.22125 0.35625 0.05375 0.05875
0 0.22125 0.41 0.05125 0.04625
0 0.16 0.36625 0.06 0.04625
0 0.16625 0.4125 0.0475 0.045
0 0.825 0.2225 0.0525 0.05625
0 0.82 0.1675 0.0525 0.0475
0 0.74875 0.17375 0.08375 0.0575
0 0.7525 0.22875 0.0875 0.0475
0 0.6625 0.1775 0.085 0.055
0 0.66125 0.23 0.0875 0.04875
0 0.56875 0.17875 0.09625 0.0575
0 0.56875 0.23125 0.095 0.04875
0 0.48375 0.1825 0.06375 0.05375
0 0.4825 0.23375 0.065 0.04625
0 0.4125 0.1825 0.07375 0.0525
0 0.4125 0.23375 0.0725 0.0475
0 0.33625 0.23375 0.0725 0.04875
0 0.335 0.1825 0.075 0.05
0 0.26 0.1825 0.07 0.05125
0 0.26125 0.235 0.075 0.04625
0 0.195 0.11375 0.06125 0.0525
0 0.19 0.175 0.06125 0.06125
0 0.19125 0.23375 0.05625 0.055
0 0.48375 0.31 0.06125 0.0425
0 0.50875 0.685 0.0825 0.03875
0 0.54375 0.31 0.0575 0.0425
0 0.41125 0.36375 0.06 0.04625
0 0.37625 0.69 0.06375 0.03875
0 0.315 0.695 0.0575 0.03875
0 0.25625 0.695 0.055 0.0375
0 0.19625 0.68875 0.04875 0.0425
0 0.605 0.6375 0.09875 0.08875
0 0.685 0.5 0.0825 0.045
0 0.68625 0.55 0.0825 0.04875
0 0.5925 0.5575 0.0975 0.05375
0 0.59125 0.5075 0.0975 0.04625
0 0.49875 0.505 0.0825 0.04875
0 0.4975 0.5525 0.085 0.04625
0 0.415 0.505 0.075 0.0525
0 0.415 0.55375 0.075 0.04375
0 0.33875 0.51125 0.0725 0.04625
0 0.3375 0.555 0.0725 0.04
0 0.24375 0.51375 0.10625 0.04
0 0.24 0.56125 0.10375 0.04125
0 0.1575 0.51625 0.06375 0.04625
0 0.155 0.56125 0.05875 0.0425
0 0.7425 0.35 0.06625 0.05
0 0.74125 0.4 0.0625 0.0475
0 0.67625 0.355 0.06375 0.045
0 0.675 0.4025 0.06625 0.04625
0 0.60875 0.35375 0.06375 0.05
0 0.6075 0.40375 0.0675 0.04875
0 0.81625 0.53625 0.08625 0.01625
0 0.53875 0.40875 0.06375 0.04
0 0.47625 0.4075 0.06 0.04
0 0.475 0.36375 0.06625 0.04625
0 0.40625 0.41125 0.0625 0.04375
0 0.81375 0.5575 0.085 0.01625
0 0.51875 0.7725 0.055 0.03375
0 0.81125 0.6025 0.09375 0.01875
0 0.80875 0.58 0.0875 0.02125