0 0.7775 0.94125 0.03625 0.105
0 0.505 0.2775 0.02625 0.10125
0 0.535 0.27125 0.0275 0.1125
0 0.5675 0.2825 0.03125 0.0925
0 0.60625 0.28125 0.035 0.09125
0 0.64 0.2825 0.02875 0.08875
0 0.6825 0.28125 0.03125 0.0875
0 0.725 0.26625 0.05 0.04125
0 0.725 0.30625 0.045 0.0325
0 0.15125 0.4125 0.04 0.07625
0 0.7925 0.28625 0.02375 0.0725
0 0.8275 0.285 0.03125 0.08
0 0.4675 0.31375 0.0425 0.035
0 0.19 0.415 0.03125 0.06875
0 0.22375 0.41375 0.03375 0.06625
0 0.2575 0.415 0.03125 0.06375
0 0.825 0.94875 0.04375 0.09875
0 0.32375 0.4125 0.03375 0.06625
0 0.765 0.27875 0.02875 0.09
0 0.42625 0.31375 0.0375 0.03375
0 0.2325 0.3075 0.03 0.07125
0 0.295 0.305 0.035 0.0675
0 0.3875 0.145 0.045 0.1225
0 0.42875 0.15625 0.03 0.085
0 0.46375 0.16125 0.03 0.0775
0 0.5075 0.13625 0.05 0.1225
0 0.55625 0.1475 0.04 0.0975
0 0.5975 0.14375 0.03 0.10125
0 0.63 0.14375 0.03125 0.09625
0 0.6675 0.14125 0.03125 0.09625
0 0.3725 0.295 0.0675 0.075
0 0.7125 0.12375 0.05125 0.03625
0 0.74875 0.155 0.02625 0.06125
0 0.7975 0.1425 0.0275 0.09
0 0.8275 0.14375 0.0225 0.0825
0 0.86125 0.1325 0.02625 0.105
0 0.1575 0.29875 0.06375 0.0925
0 0.2025 0.3075 0.02625 0.07375
0 0.3675 0.41125 0.04625 0.065
0 0.2625 0.30625 0.02875 0.07
0 0.71 0.16625 0.04875 0.04375
0 0.4075 0.405 0.0325 0.07625
0 0.5925 0.4225 0.04 0.09375
0 0.49125 0.4 0.0625 0.0775
0 0.665 0.56375 0.03125 0.09375
0 0.7 0.5625 0.03375 0.1
0 0.72875 0.57 0.02 0.0875
0 0.7575 0.5625 0.03375 0.09625
0 0.795 0.56125 0.03375 0.095
0 0.83 0.56125 0.03375 0.095
0 0.17 0.65125 0.05625 0.06125
0 0.21875 0.655 0.04 0.05375
0 0.63 0.56375 0.0375 0.0925
0 0.2675 0.64625 0.04125 0.06875
0 0.75125 0.69125 0.0375 0.1
0 0.71875 0.71125 0.01875 0.065
0 0.6825 0.70625 0.0475 0.0775
0 0.64 0.6975 0.02625 0.09
0 0.60375 0.66625 0.025 0.08125
0 0.56625 0.6875 0.0375 0.1025
0 0.44375 0.65125 0.04125 0.0625
0 0.4025 0.645 0.0225 0.07625
0 0.365 0.65 0.0425 0.07125
0 0.4425 0.40375 0.03375 0.07
0 0.59375 0.56375 0.035 0.0925
0 0.51375 0.525 0.04375 0.07875
0 0.5525 0.4225 0.0375 0.09875
0 0.34 0.15 0.04875 0.11125
0 0.62625 0.4375 0.03125 0.065
0 0.65875 0.425 0.0275 0.085
0 0.70125 0.44875 0.04875 0.04375
0 0.7475 0.42125 0.0375 0.0975
0 0.7825 0.42 0.03125 0.09125
0 0.82375 0.4225 0.04625 0.08625
0 0.5575 0.5625 0.0325 0.095
0 0.13625 0.5475 0.02125 0.04125
0 0.21625 0.5325 0.04875 0.0725
0 0.2675 0.52875 0.0425 0.06875
0 0.3125 0.53125 0.04375 0.07125
0 0.38625 0.54875 0.02625 0.0375
0 0.41375 0.54875 0.02625 0.03875
0 0.43625 0.54875 0.01875 0.04
0 0.45875 0.5475 0.02 0.04125
0 0.48 0.54375 0.01625 0.045
0 0.1725 0.54625 0.02375 0.04375
0 0.2925 0.15125 0.03625 0.11375
0 0.28875 0.4125 0.03125 0.0625
0 0.195 0.15375 0.04375 0.10875
0 0.3975 0.78 0.0325 0.07125
0 0.44 0.78625 0.04 0.07
0 0.48 0.78625 0.0375 0.0725
0 0.51875 0.77625 0.04 0.085
0 0.5675 0.81 0.03875 0.09875
0 0.60625 0.81375 0.03125 0.09875
0 0.645 0.80875 0.03875 0.09375
0 0.69 0.81 0.03625 0.10375
0 0.7325 0.8125 0.045 0.09125
0 0.7775 0.81875 0.0425 0.10625
0 0.825 0.82 0.04625 0.1025
0 0.86125 0.8125 0.0225 0.09
0 0.14625 0.935 0.02125 0.1
0 0.175 0.935 0.02375 0.10375
0 0.36375 0.78125 0.03375 0.0675
0 0.2 0.94 0.02 0.10375
0 0.31 0.935 0.03375 0.12125
0 0.3675 0.93625 0.02125 0.1125
0 0.39375 0.93875 0.0275 0.11125
0 0.41875 0.94125 0.02 0.11
0 0.4425 0.94125 0.02625 0.11125
0 0.47125 0.94125 0.02375 0.1125
0 0.4975 0.93875 0.02375 0.115
0 0.525 0.94375 0.025 0.11125
0 0.56875 0.95 0.04625 0.09875
0 0.6075 0.9525 0.025 0.09375
0 0.64375 0.9325 0.035 0.09875
0 0.24375 0.15625 0.04125 0.11125
0 0.68875 0.95 0.0375 0.1
0 0.7275 0.92625 0.0375 0.0975
0 0.2325 0.925 0.0275 0.1025
0 0.3275 0.7825 0.0375 0.0675
0 0.3425 0.9275 0.02 0.11125
0 0.255 0.77375 0.03125 0.06875
0 0.2125 0.78125 0.03 0.0625
0 0.18125 0.7825 0.0275 0.06875
0 0.1525 0.77875 0.02875 0.07875
0 0.855 0.695 0.04 0.105
0 0.805 0.725 0.055 0.04375
0 0.2925 0.77625 0.0275 0.0675
0 0.1425 0.1475 0.03125 0.1275