0 0.58875 0.33 0.02625 0.09375
0 0.55875 0.3325 0.02625 0.0975
0 0.53 0.3325 0.02125 0.09625
0 0.79625 0.20375 0.0375 0.09625
0 0.73 0.20375 0.0325 0.095
0 0.62375 0.33125 0.0325 0.0925
0 0.7625 0.20375 0.02375 0.0975
0 0.655 0.32625 0.02625 0.10375
0 0.34 0.455 0.03375 0.12
0 0.72 0.32875 0.02125 0.0975
0 0.75 0.3275 0.03125 0.1
0 0.785 0.3275 0.0325 0.105
0 0.21 0.45 0.035 0.12375
0 0.2425 0.4525 0.02625 0.1225
0 0.27625 0.45375 0.03125 0.12625
0 0.37375 0.45625 0.02875 0.11875
0 0.40625 0.45625 0.03 0.11875
0 0.6875 0.32625 0.0325 0.1
0 0.66375 0.20125 0.03875 0.095
0 0.03 0.18625 0.03 0.0875
0 0.5775 0.19375 0.035 0.1075
0 0.4375 0.45625 0.02625 0.12
0 0.06375 0.185 0.03375 0.08875
0 0.18625 0.17875 0.0325 0.10625
0 0.22375 0.18 0.03625 0.10875
0 0.25875 0.18 0.03 0.10875
0 0.295 0.1825 0.03125 0.1025
0 0.3625 0.1825 0.0325 0.11
0 0.39875 0.18 0.0325 0.11
0 0.4425 0.19625 0.025 0.08125
0 0.46875 0.19875 0.025 0.08125
0 0.20125 0.32625 0.0275 0.07875
0 0.23125 0.33125 0.0275 0.0775
0 0.265 0.31625 0.02875 0.10625
0 0.29625 0.31875 0.025 0.1025
0 0.33 0.32 0.0325 0.105
0 0.36375 0.31875 0.02875 0.10125
0 0.39625 0.32 0.03125 0.1025
0 0.46375 0.3225 0.0275 0.105
0 0.54 0.1925 0.03125 0.10875
0 0.62125 0.19625 0.035 0.1075
0 0.4675 0.45625 0.02625 0.12
0 0.66125 0.585 0.02375 0.1025
0 0.55375 0.47 0.02625 0.0875
0 0.285 0.715 0.03375 0.10125
0 0.32 0.715 0.02875 0.1
0 0.35375 0.715 0.03125 0.105
0 0.3875 0.71375 0.03 0.10125
0 0.42375 0.7125 0.0325 0.10125
0 0.45875 0.71125 0.02875 0.1
0 0.22125 0.83 0.03625 0.08875
0 0.38625 0.82875 0.0275 0.09125
0 0.41875 0.82875 0.03125 0.0925
0 0.455 0.8275 0.0325 0.095
0 0.035 0.30125 0.03125 0.085
0 0.25125 0.715 0.0275 0.0975
0 0.065 0.3025 0.025 0.08625
0 0.0375 0.4175 0.03 0.0825
0 0.065 0.4175 0.025 0.0825
0 0.0975 0.4175 0.03 0.08125
0 0.06125 0.52125 0.12125 0.10375
0 0.02375 0.64125 0.0275 0.07375
0 0.055 0.64125 0.025 0.07375
0 0.0875 0.64125 0.03 0.07375
0 0.1175 0.64125 0.02125 0.0775
0 0.02375 0.765 0.0225 0.0525
0 0.0525 0.75375 0.02125 0.08125
0 0.07875 0.75625 0.02375 0.07875
0 0.01 0.41875 0.01875 0.08625
0 0.5275 0.4725 0.01875 0.085
0 0.21875 0.71625 0.03 0.09625
0 0.62 0.705 0.02875 0.1075
0 0.5875 0.475 0.025 0.08625
0 0.61625 0.45625 0.0275 0.12375
0 0.645 0.45625 0.02625 0.1225
0 0.6775 0.45625 0.0325 0.12125
0 0.71 0.45625 0.02625 0.12375
0 0.7425 0.45625 0.0325 0.1225
0 0.7775 0.455 0.0325 0.1225
0 0.21375 0.5825 0.03 0.1
0 0.2475 0.585 0.03 0.1
0 0.2825 0.58625 0.03375 0.10125
0 0.3175 0.58625 0.03 0.09625
0 0.54625 0.69125 0.0325 0.085
0 0.35125 0.58625 0.03125 0.09625
0 0.425 0.5875 0.0325 0.09625
0 0.5275 0.595 0.02375 0.07875
0 0.55875 0.595 0.03 0.08125
0 0.595 0.595 0.02875 0.07875
0 0.6275 0.58375 0.0325 0.10125
0 0.6925 0.58375 0.03 0.09625
0 0.72625 0.58375 0.03125 0.09875
0 0.7625 0.58375 0.03625 0.1
0 0.74 0.7 0.0325 0.09625
0 0.6575 0.725 0.0325 0.12125
0 0.58875 0.71625 0.02875 0.1125
0 0.385 0.5925 0.02625 0.085
0 0.0925 0.30125 0.02625 0.085
0 0.91875 0.1825 0.03 0.09375
0 0.90625 0.30375 0.015 0.09125
0 0.9525 0.185 0.03 0.09375
0 0.93375 0.3025 0.03375 0.095
0 0.97 0.3025 0.0325 0.09125
0 0.915 0.4175 0.03 0.09125
0 0.95 0.4175 0.035 0.08875
0 0.8875 0.52 0.0225 0.085
0 0.92125 0.5225 0.03625 0.08125
0 0.955 0.52375 0.03 0.08625
0 0.985 0.4175 0.02875 0.09
0 0.88125 0.62875 0.02625 0.0825
0 0.93625 0.6275 0.03875 0.08375
0 0.9775 0.6275 0.035 0.08375
0 0.87375 0.72 0.025 0.0775
0 0.90625 0.72 0.035 0.07375
0 0.96625 0.72375 0.03 0.08
0 0.9925 0.725 0.015 0.08125
0 0.98375 0.52375 0.02375 0.085