0 0.35125 0.7725 0.03375 0.0825
0 0.5775 0.76375 0.05625 0.09875
0 0.65125 0.79 0.045 0.095
0 0.7075 0.8125 0.0625 0.12125
0 0.77125 0.83 0.0475 0.095
0 0.3125 0.75125 0.03125 0.0775
0 0.6 0.3925 0.03125 0.10625
0 0.39 0.8075 0.03 0.055
0 0.43125 0.82125 0.0325 0.05
0 0.4875 0.8375 0.05625 0.09625
0 0.58125 0.89 0.06125 0.1075
0 0.66125 0.9325 0.0675 0.1075
0 0.745 0.9475 0.07375 0.0975
0 0.56375 0.39 0.0275 0.0975
0 0.75125 0.4125 0.0375 0.10375
0 0.795 0.415 0.0375 0.1025
0 0.83875 0.41125 0.04 0.11125
0 0.3025 0.465 0.0325 0.07375
0 0.3375 0.4725 0.03625 0.08375
0 0.3725 0.4825 0.02875 0.08
0 0.40375 0.48875 0.02875 0.0825
0 0.5375 0.39125 0.02125 0.09625
0 0.5175 0.73875 0.045 0.10375
0 0.47375 0.72125 0.0375 0.095
0 0.43625 0.70625 0.03125 0.09125
0 0.4025 0.6925 0.0325 0.08625
0 0.635 0.395 0.03625 0.10875
0 0.48125 0.505 0.035 0.0875
0 0.52 0.51 0.03875 0.0975
0 0.55625 0.54 0.0275 0.0525
0 0.6325 0.5475 0.0325 0.06375
0 0.6825 0.5375 0.03625 0.11625
0 0.75125 0.55625 0.07125 0.13
0 0.81875 0.5625 0.03375 0.11375
0 0.31125 0.56375 0.03125 0.07625
0 0.34625 0.575 0.0325 0.085
0 0.4975 0.3825 0.03625 0.0925
0 0.38625 0.585 0.04 0.085
0 0.4625 0.60875 0.03125 0.0825
0 0.49625 0.61875 0.035 0.085
0 0.5375 0.65375 0.03875 0.0625
0 0.5875 0.65625 0.01875 0.0625
0 0.635 0.66 0.055 0.11375
0 0.70875 0.68125 0.06875 0.1325
0 0.7875 0.7075 0.065 0.13125
0 0.29875 0.64625 0.03 0.06625
0 0.33375 0.6575 0.025 0.07
0 0.37 0.68 0.0275 0.07875
0 0.42875 0.6025 0.03 0.085
0 0.67875 0.4025 0.03625 0.1025
0 0.71625 0.40625 0.025 0.105
0 0.7825 0.2475 0.03625 0.11125
0 0.57 0.2475 0.03125 0.10625
0 0.60875 0.25375 0.03 0.09625
0 0.6525 0.2525 0.03125 0.1
0 0.70375 0.24875 0.0325 0.10125
0 0.4375 0.4925 0.035 0.08625
0 0.825 0.2475 0.03375 0.105
0 0.37125 0.25875 0.02 0.08125
0 0.84125 0.06375 0.06625 0.12375
0 0.4625 0.38125 0.03125 0.09125
0 0.4275 0.38125 0.03 0.0825
0 0.39375 0.375 0.02875 0.08875
0 0.3525 0.3725 0.02375 0.07625
0 0.3225 0.37125 0.02875 0.07375
0 0.53 0.25 0.03875 0.1
0 0.765 0.07 0.0525 0.13375
0 0.63375 0.08 0.0575 0.14375
0 0.55125 0.12125 0.04375 0.0825
0 0.4625 0.11125 0.05625 0.11375
0 0.4125 0.11875 0.0425 0.10625
0 0.37 0.1225 0.03625 0.11375
0 0.33125 0.1325 0.0375 0.10625
0 0.29625 0.13875 0.03 0.095
0 0.26625 0.14375 0.0275 0.0875
0 0.23375 0.14875 0.03125 0.085
0 0.20125 0.1525 0.02875 0.085
0 0.1725 0.15375 0.025 0.085
0 0.15 0.15875 0.01625 0.07875
0 0.1325 0.16 0.01375 0.0775
0 0.69875 0.0725 0.06 0.14125
0 0.4 0.2575 0.02 0.08125