0 0.1775 0.16 0.03 0.08375
0 0.62375 0.7775 0.055 0.04
0 0.1425 0.155 0.035 0.09625
0 0.845 0.12125 0.06 0.0525
0 0.84 0.23625 0.07 0.1675
0 0.83125 0.41375 0.0775 0.155
0 0.81125 0.57125 0.045 0.11375
0 0.86125 0.75 0.0275 0.08125
0 0.81375 0.7525 0.0425 0.09375
0 0.795 0.8925 0.03375 0.01375
0 0.79375 0.87625 0.03 0.0125
0 0.7925 0.86125 0.03 0.0125
0 0.795 0.845 0.03125 0.01375
0 0.86375 0.8475 0.0225 0.08625
0 0.8375 0.86125 0.0275 0.0775
0 0.58375 0.85875 0.03375 0.0375
0 0.6325 0.56875 0.0275 0.0775
0 0.585 0.5875 0.065 0.04875
0 0.5375 0.5775 0.02125 0.06375
0 0.51375 0.5775 0.02125 0.06375
0 0.51875 0.46875 0.045 0.07625
0 0.57875 0.485 0.07125 0.0425
0 0.6325 0.46875 0.02875 0.07375
0 0.665 0.4675 0.03 0.07625
0 0.6975 0.4675 0.025 0.07625
0 0.72875 0.47125 0.0325 0.0725
0 0.76375 0.50125 0.03 0.01125
0 0.71375 0.86875 0.0425 0.05625
0 0.13875 0.595 0.025 0.02875
0 0.2 0.59875 0.0275 0.02875
0 0.315 0.58875 0.03 0.0475
0 0.35625 0.5825 0.045 0.0575
0 0.395 0.57 0.0275 0.0825
0 0.42875 0.56875 0.02875 0.08125
0 0.46 0.5725 0.02625 0.08
0 0.48875 0.57 0.02 0.08
0 0.16875 0.5925 0.02875 0.03625
0 0.66625 0.8675 0.03625 0.06
0 0.6275 0.875 0.0375 0.03625
0 0.53125 0.86625 0.04 0.05
0 0.625 0.68375 0.0525 0.0225
0 0.625 0.70625 0.05125 0.01625
0 0.75125 0.69625 0.05625 0.04375
0 0.15 0.77625 0.0275 0.02625
0 0.17375 0.765 0.01125 0.05
0 0.195 0.76 0.03 0.0575
0 0.2225 0.76125 0.02 0.06375
0 0.5625 0.7 0.06125 0.035
0 0.24875 0.7625 0.0225 0.06
0 0.33375 0.7625 0.0525 0.06375
0 0.38875 0.76375 0.045 0.065
0 0.435 0.76875 0.02875 0.02875
0 0.465 0.785 0.025 0.01375
0 0.4925 0.785 0.02625 0.025
0 0.52625 0.76375 0.03625 0.06625
0 0.56875 0.7675 0.05 0.06
0 0.2725 0.765 0.02 0.0475
0 0.48 0.46875 0.02875 0.0775
0 0.45375 0.67625 0.03125 0.0725
0 0.3775 0.67125 0.03375 0.07875
0 0.45875 0.87375 0.0425 0.03125
0 0.4125 0.87 0.0325 0.04
0 0.33375 0.8575 0.03375 0.055
0 0.29375 0.84125 0.03625 0.05625
0 0.205 0.84625 0.04 0.0675
0 0.16875 0.85 0.02875 0.055
0 0.13875 0.845 0.02625 0.07
0 0.41625 0.67625 0.035 0.06875
0 0.74125 0.77125 0.0475 0.06375
0 0.71 0.57625 0.03125 0.06875
0 0.75625 0.58 0.035 0.065
0 0.13875 0.66375 0.02625 0.07
0 0.17125 0.67875 0.0375 0.06125
0 0.20875 0.695 0.03125 0.0325
0 0.26 0.67375 0.07 0.0725
0 0.31125 0.6875 0.0275 0.045
0 0.67375 0.57 0.0325 0.085
0 0.44875 0.47 0.03 0.075
0 0.685 0.7775 0.0575 0.04125
0 0.32125 0.47125 0.04 0.07
0 0.39625 0.265 0.03 0.0675
0 0.45625 0.26625 0.02625 0.06375
0 0.4925 0.27375 0.02375 0.04875
0 0.52 0.26625 0.025 0.06375
0 0.55 0.26375 0.02875 0.065
0 0.58125 0.26375 0.0275 0.06375
0 0.61 0.2525 0.02125 0.08625
0 0.645 0.27125 0.03625 0.04875
0 0.68375 0.2675 0.0375 0.05
0 0.63625 0.2375 0.03125 0.015
0 0.1875 0.37375 0.045 0.08125
0 0.225 0.3725 0.025 0.0775
0 0.25375 0.37375 0.0275 0.075
0 0.28625 0.375 0.02875 0.0725
0 0.32125 0.39375 0.035 0.035
0 0.35875 0.39 0.02875 0.04375
0 0.3875 0.37125 0.02375 0.08
0 0.4175 0.3725 0.0275 0.0775
0 0.44875 0.39875 0.02625 0.02375
0 0.4825 0.39875 0.03125 0.02375
0 0.515 0.38 0.02625 0.0625
0 0.54625 0.38 0.03125 0.06
0 0.58 0.39125 0.03375 0.0325
0 0.61625 0.395 0.03375 0.0275
0 0.35875 0.46875 0.0325 0.075
0 0.31875 0.25875 0.04125 0.085
0 0.27875 0.26375 0.03 0.075
0 0.725 0.26625 0.04 0.05125
0 0.17875 0.29375 0.03125 0.02375
0 0.2775 0.47 0.04375 0.075
0 0.21125 0.27 0.02875 0.06625
0 0.1875 0.47125 0.04875 0.075
0 0.14375 0.47 0.03625 0.07625
0 0.77 0.3725 0.025 0.06
0 0.74 0.3675 0.0275 0.0725
0 0.70875 0.36875 0.03 0.0825
0 0.67625 0.36875 0.02625 0.07
0 0.6475 0.37 0.0275 0.0725
0 0.2125 0.1525 0.0375 0.09875
0 0.2575 0.15 0.04375 0.0925
0 0.29375 0.1675 0.0225 0.05875
0 0.325 0.15375 0.035 0.08625
0 0.235 0.4725 0.0375 0.06875
0 0.40625 0.1775 0.0475 0.03625
0 0.36375 0.15375 0.03375 0.0875
0 0.14125 0.26625 0.03125 0.07875
0 0.74 0.14875 0.02875 0.07125
0 0.7075 0.1525 0.03 0.0675
0 0.67 0.15125 0.035 0.07375
0 0.77875 0.1525 0.0325 0.06625
0 0.56875 0.155 0.02125 0.06625
0 0.5375 0.1575 0.0325 0.05875
0 0.50125 0.15875 0.03375 0.06
0 0.465 0.1475 0.03125 0.08875
0 0.63375 0.15 0.035 0.075