0 0.74875 0.69875 0.02125 0.0525
0 0.77 0.69875 0.01875 0.05125
0 0.79875 0.6975 0.025 0.0525
0 0.8225 0.70125 0.02 0.05875
0 0.8475 0.705 0.02375 0.05125
0 0.455 0.68375 0.0225 0.055
0 0.8675 0.70375 0.01375 0.04875
0 0.135 0.7725 0.02 0.035
0 0.15625 0.77125 0.0125 0.0325
0 0.16875 0.76375 0.0075 0.0575
0 0.18125 0.7625 0.01375 0.05625
0 0.2025 0.76625 0.0175 0.05375
0 0.2225 0.76625 0.02 0.05375
0 0.27375 0.76875 0.02 0.05
0 0.29625 0.7675 0.02125 0.05
0 0.715 0.695 0.0225 0.04875
0 0.69 0.695 0.01625 0.055
0 0.62125 0.68875 0.0225 0.06
0 0.64375 0.69125 0.02 0.0525
0 0.4275 0.68 0.015 0.0575
0 0.41125 0.6775 0.01375 0.055
0 0.39625 0.6775 0.0125 0.05375
0 0.37375 0.6875 0.0175 0.04375
0 0.3525 0.685 0.02375 0.04375
0 0.33375 0.685 0.01 0.045
0 0.3175 0.6775 0.01625 0.05875
0 0.28875 0.67125 0.01125 0.05
0 0.30125 0.67875 0.0125 0.05625
0 0.31875 0.77 0.02 0.05625
0 0.5125 0.68625 0.02625 0.06
0 0.27625 0.67 0.0125 0.0475
0 0.53375 0.685 0.015 0.06125
0 0.555 0.68625 0.01875 0.05875
0 0.575 0.685 0.015 0.05875
0 0.5975 0.68875 0.02375 0.06125
0 0.48125 0.68625 0.0225 0.0525
0 0.66375 0.6875 0.01625 0.05875
0 0.34 0.77625 0.015 0.04375
0 0.6275 0.78625 0.01125 0.0625
0 0.3775 0.78125 0.0175 0.03875
0 0.445 0.05125 0.19375 0.075
0 0.62875 0.0475 0.11625 0.065
0 0.26125 0.67875 0.01625 0.0525
0 0.40375 0.24125 0.01875 0.05125
0 0.3775 0.2375 0.0175 0.06
0 0.35625 0.2425 0.02 0.0475
0 0.33625 0.2425 0.0175 0.05125
0 0.27 0.05125 0.1425 0.0775
0 0.31875 0.25 0.0125 0.035
0 0.255 0.23625 0.0325 0.06125
0 0.2025 0.2375 0.01375 0.055
0 0.185 0.2375 0.01625 0.05375
0 0.74125 0.04375 0.075 0.06625
0 0.855 0.04375 0.03875 0.05125
0 0.1575 0.24375 0.02375 0.04875
0 0.13375 0.24625 0.0175 0.04625
0 0.29125 0.23625 0.03375 0.06
0 0.85375 0.79875 0.02125 0.0475
0 0.83 0.8 0.0225 0.05
0 0.805 0.7975 0.02125 0.055
0 0.4125 0.775 0.01875 0.04875
0 0.43625 0.7775 0.02125 0.04625
0 0.47 0.7875 0.0175 0.045
0 0.4925 0.78625 0.02 0.045
0 0.51625 0.78 0.01875 0.06
0 0.53625 0.78125 0.0175 0.06125
0 0.55625 0.79125 0.01625 0.04
0 0.5875 0.78125 0.02625 0.06375
0 0.61125 0.78375 0.0175 0.0575
0 0.64375 0.78875 0.02 0.0575
0 0.6625 0.7875 0.015 0.055
0 0.68875 0.78875 0.01625 0.05625
0 0.70625 0.79 0.015 0.055
0 0.7225 0.78875 0.01375 0.055
0 0.74125 0.7975 0.01625 0.0525
0 0.76125 0.79625 0.01875 0.05125
0 0.785 0.795 0.02 0.0525
0 0.35875 0.7775 0.01625 0.045
0 0.22 0.67625 0.0175 0.05375
0 0.725 0.60875 0.01375 0.05625
0 0.185 0.675 0.01375 0.05125
0 0.57875 0.34625 0.03875 0.03
0 0.6175 0.33125 0.02125 0.06
0 0.64125 0.33125 0.01875 0.0575
0 0.66375 0.33 0.02375 0.0575
0 0.69875 0.33375 0.02625 0.0525
0 0.72875 0.3325 0.03 0.055
0 0.76125 0.33125 0.0175 0.05875
0 0.7825 0.33375 0.02 0.055
0 0.8075 0.33375 0.0225 0.05125
0 0.83625 0.33 0.03125 0.06
0 0.13625 0.4275 0.015 0.0475
0 0.15625 0.4375 0.02125 0.03375
0 0.53875 0.3475 0.0375 0.02875
0 0.1825 0.4375 0.02375 0.03375
0 0.2725 0.42625 0.0575 0.06
0 0.32 0.435 0.03375 0.0425
0 0.35375 0.43375 0.03125 0.04375
0 0.38625 0.425 0.02125 0.0575
0 0.40875 0.42375 0.0225 0.0575
0 0.43125 0.425 0.01875 0.05875
0 0.4525 0.4325 0.0175 0.045
0 0.47375 0.435 0.0225 0.0425
0 0.4975 0.43375 0.02125 0.0425
0 0.52125 0.43375 0.02375 0.04375
0 0.585 0.43 0.05125 0.0525
0 0.58 0.39125 0.05125 0.01625
0 0.2075 0.4375 0.02375 0.03125
0 0.50375 0.34875 0.02125 0.02375
0 0.48125 0.35 0.02375 0.025
0 0.45875 0.35 0.02125 0.02625
0 0.42625 0.24125 0.025 0.055
0 0.45125 0.24125 0.02 0.05
0 0.47625 0.24125 0.02375 0.05
0 0.5025 0.24125 0.0225 0.0525
0 0.52625 0.23875 0.02125 0.05375
0 0.54875 0.23875 0.02125 0.05625
0 0.56875 0.2375 0.01625 0.0525
0 0.59 0.23625 0.02125 0.05125
0 0.6125 0.23625 0.01875 0.0525
0 0.63375 0.235 0.01875 0.05125
0 0.655 0.235 0.0175 0.0525
0 0.6775 0.235 0.0225 0.05375
0 0.7025 0.2275 0.025 0.07125
0 0.735 0.22625 0.0275 0.0725
0 0.76125 0.22625 0.025 0.07
0 0.80125 0.22 0.03375 0.08
0 0.8525 0.22125 0.0325 0.075
0 0.14 0.335 0.01875 0.05875
0 0.16375 0.3325 0.02375 0.05875
0 0.20875 0.3425 0.015 0.045
0 0.2625 0.3425 0.03375 0.04375
0 0.2975 0.34125 0.03125 0.04375
0 0.33125 0.3425 0.0325 0.0425
0 0.365 0.33875 0.02375 0.0525
0 0.38875 0.33625 0.02125 0.055
0 0.41125 0.3375 0.02 0.055
0 0.435 0.355 0.0225 0.01875
0 0.6525 0.4275 0.0225 0.05375
0 0.6925 0.43 0.025 0.05125
0 0.7225 0.43 0.02875 0.05375
0 0.74875 0.44 0.01875 0.035
0 0.21875 0.60875 0.01375 0.03625
0 0.27125 0.6125 0.02375 0.035
0 0.2975 0.60875 0.02 0.03625
0 0.32 0.61125 0.02125 0.04
0 0.3425 0.61375 0.0175 0.035
0 0.37375 0.605 0.0225 0.04875
0 0.405 0.6075 0.02375 0.04625
0 0.43375 0.60625 0.02125 0.05875
0 0.455 0.605 0.0175 0.05875
0 0.485 0.615 0.03625 0.04375
0 0.51625 0.60625 0.02125 0.0625
0 0.54 0.6075 0.0225 0.065
0 0.5625 0.60625 0.02 0.06625
0 0.585 0.6075 0.02125 0.0625
0 0.61 0.61125 0.025 0.05625
0 0.63875 0.61375 0.02 0.05375
0 0.665 0.61375 0.0225 0.055
0 0.69 0.60875 0.01875 0.05625
0 0.70875 0.61 0.01625 0.055
0 0.7425 0.62625 0.01875 0.035
0 0.76375 0.6275 0.01875 0.03625
0 0.79 0.6175 0.02375 0.04125
0 0.8125 0.6175 0.0175 0.04375
0 0.83625 0.61625 0.01875 0.05
0 0.86375 0.62375 0.01875 0.0525
0 0.1425 0.68125 0.01875 0.0375
0 0.16875 0.6775 0.01375 0.04875
0 0.20125 0.605 0.01625 0.04375
0 0.20125 0.67625 0.01375 0.05375
0 0.18 0.605 0.02375 0.0425
0 0.8525 0.5225 0.02625 0.06
0 0.77125 0.43875 0.02375 0.03625
0 0.8 0.4275 0.0275 0.06125
0 0.83 0.435 0.0275 0.045
0 0.13375 0.52125 0.0175 0.03875
0 0.185 0.51375 0.0275 0.055
0 0.21125 0.51375 0.02125 0.0575
0 0.285 0.515 0.01875 0.05625
0 0.3075 0.51625 0.02375 0.05625
0 0.3375 0.51125 0.02375 0.0625
0 0.36125 0.5125 0.02125 0.06375
0 0.39125 0.515 0.035 0.06
0 0.4225 0.515 0.0225 0.05875
0 0.44375 0.52375 0.01375 0.0425
0 0.4625 0.5275 0.01625 0.0375
0 0.4825 0.52375 0.01625 0.03125
0 0.50875 0.51375 0.03 0.065
0 0.53875 0.51375 0.0275 0.06125
0 0.57 0.51375 0.03 0.065
0 0.60125 0.515 0.0275 0.06375
0 0.63125 0.515 0.0275 0.06375
0 0.66 0.515 0.0275 0.0625
0 0.69375 0.5175 0.02 0.0575
0 0.7175 0.51875 0.02125 0.05875
0 0.75125 0.51875 0.01875 0.0625
0 0.7725 0.52 0.02125 0.0625
0 0.7975 0.52875 0.02625 0.0475
0 0.825 0.53 0.025 0.05
0 0.14625 0.59625 0.0275 0.05625
0 0.26375 0.515 0.01875 0.05875
0 0.18625 0.33125 0.02 0.05375