0 0.67125 0.77 0.02 0.06
0 0.5025 0.45875 0.0425 0.05625
0 0.765 0.57375 0.02 0.06
0 0.74 0.57 0.025 0.06375
0 0.635 0.55375 0.04 0.08125
0 0.49 0.56 0.045 0.09125
0 0.44375 0.56 0.04 0.095
0 0.31625 0.56625 0.055 0.08625
0 0.78875 0.57 0.0225 0.06875
0 0.25125 0.5725 0.055 0.09625
0 0.1425 0.57375 0.02375 0.09125
0 0.86 0.43875 0.02 0.0625
0 0.835 0.43875 0.025 0.0625
0 0.81 0.4425 0.0225 0.06125
0 0.78375 0.44 0.02125 0.0625
0 0.76125 0.44125 0.01625 0.06375
0 0.18875 0.5725 0.0525 0.10375
0 0.73625 0.44 0.02625 0.06
0 0.81375 0.5725 0.02125 0.05875
0 0.86 0.57375 0.01875 0.0575
0 0.4025 0.655 0.03375 0.0475
0 0.3525 0.65875 0.0375 0.045
0 0.30375 0.675 0.045 0.05125
0 0.24875 0.6725 0.0425 0.05
0 0.19625 0.695 0.04875 0.0575
0 0.14625 0.685 0.0325 0.0575
0 0.83875 0.57 0.02125 0.0675
0 0.83875 0.67875 0.02625 0.0575
0 0.76875 0.675 0.03 0.055
0 0.7375 0.68 0.0225 0.06
0 0.6825 0.64625 0.04125 0.045
0 0.63875 0.6475 0.03875 0.045
0 0.59375 0.66375 0.03875 0.0675
0 0.54375 0.665 0.03875 0.06875
0 0.8025 0.6775 0.02875 0.05875
0 0.68625 0.44375 0.03875 0.0575
0 0.64625 0.44375 0.02875 0.06375
0 0.6075 0.44875 0.03375 0.07
0 0.73875 0.315 0.02875 0.0725
0 0.6525 0.31375 0.04 0.0925
0 0.6125 0.3125 0.035 0.09125
0 0.56375 0.31625 0.03625 0.08125
0 0.84125 0.16 0.05875 0.0825
0 0.76625 0.16125 0.07 0.085
0 0.76375 0.31875 0.01875 0.05875
0 0.5925 0.19375 0.0575 0.1025
0 0.47375 0.2 0.03875 0.08875
0 0.42125 0.2025 0.04375 0.08125
0 0.37 0.20375 0.04375 0.0975
0 0.31375 0.2 0.05125 0.10625
0 0.23875 0.19875 0.09125 0.1
0 0.1625 0.2 0.05375 0.10375
0 0.52875 0.2 0.04625 0.1075
0 0.78875 0.315 0.02375 0.0675
0 0.81375 0.31875 0.01875 0.0625
0 0.84125 0.31375 0.02875 0.065
0 0.55125 0.4575 0.045 0.06
0 0.45125 0.45875 0.04 0.055
0 0.39875 0.47 0.04625 0.0575
0 0.35 0.46125 0.0425 0.05125
0 0.30125 0.4575 0.04 0.0475
0 0.2525 0.4575 0.04875 0.04875
0 0.20125 0.45625 0.04125 0.045
0 0.15875 0.455 0.03125 0.04625
0 0.29375 0.34 0.04625 0.10625
0 0.24125 0.33625 0.04625 0.1025
0 0.18625 0.3475 0.0525 0.10375
0 0.39875 0.34 0.05125 0.10875
0 0.34375 0.34125 0.04875 0.105
0 0.45125 0.3425 0.045 0.10375
0 0.5125 0.34625 0.0425 0.11125
0 0.445 0.65375 0.0325 0.045
0 0.4925 0.65125 0.03625 0.04625
0 0.80625 0.78 0.0325 0.05625
0 0.19375 0.7675 0.0375 0.0725
0 0.805 0.88875 0.025 0.0575
0 0.83625 0.8925 0.02625 0.05875
0 0.65625 0.8925 0.02 0.05875
0 0.68125 0.89 0.01875 0.0575
0 0.70625 0.8925 0.025 0.06
0 0.61 0.88 0.01625 0.0825
0 0.6325 0.88 0.01875 0.08125
0 0.47375 0.87375 0.01625 0.08125
0 0.49625 0.87625 0.02125 0.08875
0 0.51875 0.8775 0.0175 0.0825
0 0.54125 0.87875 0.01875 0.08
0 0.56375 0.88125 0.01625 0.0775
0 0.58625 0.8825 0.01875 0.08
0 0.385 0.87375 0.01875 0.085
0 0.40875 0.8725 0.01875 0.0875
0 0.43 0.87375 0.0175 0.0875
0 0.45125 0.875 0.02 0.09
0 0.2375 0.885 0.015 0.05875
0 0.255 0.88375 0.01375 0.0575
0 0.29625 0.87 0.0175 0.08375
0 0.3175 0.87125 0.02125 0.0875
0 0.34125 0.87125 0.02 0.08875
0 0.365 0.8725 0.0175 0.08875
0 0.15875 0.8575 0.04 0.05125
0 0.20625 0.8625 0.04375 0.05875
0 0.86125 0.89125 0.01625 0.0575
0 0.14875 0.7725 0.035 0.07625
0 0.77 0.88875 0.02375 0.05875
0 0.73625 0.8925 0.0325 0.0575
0 0.275 0.8725 0.02 0.08375
0 0.76875 0.78125 0.03 0.05875
0 0.84375 0.78 0.0325 0.05875
0 0.24 0.77375 0.01125 0.0525
0 0.255 0.77375 0.01 0.0525
0 0.27125 0.77375 0.015 0.05
0 0.29 0.765 0.01875 0.07375
0 0.31375 0.76375 0.02 0.07125
0 0.225 0.7725 0.0125 0.0525
0 0.355 0.7625 0.0175 0.075
0 0.37875 0.76375 0.02 0.0775
0 0.4025 0.7625 0.02 0.07625
0 0.425 0.76125 0.01875 0.0725
0 0.445 0.7625 0.0175 0.07625
0 0.4675 0.76125 0.01625 0.075
0 0.48625 0.76375 0.015 0.07875
0 0.33375 0.765 0.0175 0.07125
0 0.5325 0.76125 0.02375 0.08125
0 0.57375 0.76 0.01875 0.0825
0 0.5975 0.76 0.02 0.0825
0 0.62125 0.77 0.02 0.06125
0 0.6475 0.77125 0.02125 0.05875
0 0.50875 0.76 0.02 0.0775
0 0.6975 0.76875 0.02375 0.05875
0 0.73625 0.7825 0.0225 0.05875