0 0.91 0.55625 0.05375 0.03375
0 0.23375 0.3575 0.02875 0.0525
0 0.19625 0.37 0.0425 0.025
0 0.195 0.34375 0.04375 0.025
0 0.1575 0.3525 0.02875 0.065
0 0.1225 0.3475 0.035 0.06625
0 0.9025 0.37375 0.065 0.03125
0 0.07125 0.33625 0.0575 0.025
0 0.0925 0.30375 0.05375 0.02125
0 0.0225 0.3675 0.04375 0.03375
0 0.02125 0.3325 0.0425 0.03375
0 0.97375 0.25 0.0525 0.05
0 0.97625 0.20625 0.04625 0.0325
0 0.9125 0.25 0.06125 0.0525
0 0.8525 0.24875 0.05375 0.05125
0 0.85625 0.205 0.05625 0.03375
0 0.2775 0.33375 0.0575 0.03125
0 0.27875 0.3675 0.06 0.03125
0 0.32625 0.3525 0.0325 0.06
0 0.33 0.30875 0.0275 0.03
0 0.4025 0.66875 0.06125 0.03
0 0.84 0.3375 0.0625 0.03625
0 0.7925 0.3575 0.03125 0.06
0 0.74 0.37125 0.06875 0.035
0 0.74 0.33625 0.0675 0.03375
0 0.67875 0.37375 0.04875 0.03
0 0.68 0.34375 0.05 0.02625
0 0.80375 0.24375 0.0325 0.06
0 0.6225 0.37 0.065 0.03375
0 0.5625 0.3725 0.05 0.0275
0 0.565 0.34375 0.05 0.0275
0 0.51625 0.34375 0.04375 0.0875
0 0.475 0.34375 0.0375 0.08625
0 0.43375 0.3425 0.0375 0.08375
0 0.37875 0.365 0.0675 0.03375
0 0.37875 0.3275 0.0675 0.03625
0 0.62375 0.3375 0.0625 0.0325
0 0.77375 0.24375 0.025 0.06
0 0.73125 0.24875 0.06 0.04875
0 0.73 0.20625 0.0625 0.035
0 0.645 0.6325 0.06625 0.0375
0 0.645 0.67 0.0625 0.035
0 0.7025 0.65375 0.0475 0.02125
0 0.70125 0.67625 0.05 0.02125
0 0.755 0.6525 0.05125 0.025
0 0.75375 0.6775 0.05125 0.025
0 0.80375 0.64625 0.04 0.03125
0 0.58 0.67125 0.06 0.03375
0 0.8025 0.675 0.03875 0.02875
0 0.9 0.65125 0.04625 0.03375
0 0.9 0.68125 0.0475 0.025
0 0.955 0.635 0.05875 0.03375
0 0.9525 0.6725 0.055 0.04
0 0.02125 0.73875 0.0325 0.0575
0 0.0525 0.73375 0.02875 0.06875
0 0.09125 0.735 0.04375 0.02
0 0.85 0.67 0.04875 0.04375
0 0.4025 0.63875 0.06 0.0275
0 0.57875 0.63625 0.05875 0.03375
0 0.5275 0.645 0.04 0.0325
0 0.67 0.25625 0.05875 0.03125
0 0.66875 0.2125 0.05875 0.0575
0 0.60875 0.245 0.06125 0.04875
0 0.55125 0.245 0.0525 0.04875
0 0.54625 0.20625 0.05125 0.025
0 0.6075 0.2025 0.0575 0.03375
0 0.49125 0.25625 0.06375 0.03
0 0.5275 0.67375 0.04375 0.02
0 0.43125 0.25375 0.055 0.03125
0 0.4325 0.22375 0.05375 0.0275
0 0.375 0.25375 0.05625 0.03125
0 0.37375 0.22375 0.05625 0.03
0 0.31375 0.24125 0.0625 0.05875
0 0.2475 0.24375 0.06 0.04625
0 0.46875 0.6325 0.07 0.0375
0 0.46875 0.6675 0.0675 0.03125
0 0.49125 0.2225 0.06 0.03125
0 0.09125 0.75875 0.04625 0.0225
0 0.3575 0.655 0.02875 0.05625
0 0.31125 0.64625 0.05375 0.02875
0 0.5625 0.4775 0.085 0.03125
0 0.6325 0.48 0.04875 0.0325
0 0.68375 0.46 0.0425 0.0225
0 0.68125 0.48375 0.0475 0.0225
0 0.73125 0.455 0.05 0.02375
0 0.73125 0.48125 0.04875 0.025
0 0.77625 0.4675 0.035 0.05875
0 0.81125 0.4675 0.03375 0.05625
0 0.8675 0.4475 0.05625 0.03625
0 0.865 0.48 0.05625 0.03125
0 0.9275 0.4525 0.05875 0.03625
0 0.92625 0.485 0.05625 0.0275
0 0.9775 0.45 0.0425 0.0375
0 0.9775 0.485 0.0425 0.02625
0 0.0175 0.54375 0.035 0.03375
0 0.56625 0.44 0.09 0.03875
0 0.4875 0.47625 0.0625 0.03375
0 0.4225 0.4775 0.06125 0.03125
0 0.48625 0.4425 0.065 0.0325
0 0.9475 0.35375 0.0225 0.06625
0 0.98125 0.3525 0.0375 0.07625
0 0.0275 0.44 0.05375 0.035
0 0.02875 0.475 0.0575 0.03
0 0.09 0.4375 0.06125 0.0375
0 0.09375 0.4725 0.06125 0.03375
0 0.15375 0.43875 0.0675 0.03625
0 0.01875 0.575 0.0375 0.025
0 0.15875 0.475 0.0675 0.035
0 0.2175 0.48 0.04375 0.02375
0 0.25625 0.465 0.0275 0.05
0 0.29875 0.4525 0.0525 0.025
0 0.3 0.47875 0.05375 0.025
0 0.36 0.44625 0.0625 0.03
0 0.36125 0.48 0.06 0.02875
0 0.4225 0.445 0.06 0.03375
0 0.215 0.45625 0.04375 0.0225
0 0.06 0.5375 0.0475 0.04125
0 0.06125 0.5725 0.04625 0.02625
0 0.115 0.54625 0.05875 0.0275
0 0.785 0.57625 0.07625 0.03375
0 0.855 0.55625 0.05375 0.03125
0 0.8525 0.585 0.0575 0.02375
0 0.90375 0.33875 0.05875 0.035
0 0.90875 0.585 0.05125 0.0225
0 0.96875 0.54875 0.0625 0.0375
0 0.96625 0.58375 0.05625 0.0325
0 0.7875 0.53875 0.07625 0.04125
0 0.0275 0.6475 0.055 0.0225
0 0.075 0.65125 0.03125 0.055
0 0.10875 0.6475 0.03125 0.0675
0 0.14375 0.64625 0.035 0.06625
0 0.17625 0.645 0.03 0.06875
0 0.2175 0.6425 0.04625 0.03125
0 0.2175 0.67125 0.0475 0.02125
0 0.26375 0.64625 0.04 0.0725
0 0.03 0.6725 0.0475 0.02375
0 0.3125 0.6725 0.055 0.02125
0 0.71875 0.56125 0.03875 0.0625
0 0.63125 0.58 0.04875 0.0325
0 0.11625 0.575 0.06125 0.02625
0 0.17375 0.5475 0.05375 0.02625
0 0.17375 0.57625 0.0525 0.03
0 0.23875 0.5375 0.0725 0.03625
0 0.2375 0.57375 0.075 0.03375
0 0.30125 0.55 0.0525 0.02375
0 0.30125 0.5775 0.05375 0.0275
0 0.675 0.555 0.0375 0.07625
0 0.35875 0.54875 0.0625 0.03125
0 0.42125 0.5475 0.05625 0.03
0 0.4825 0.54625 0.0625 0.0325
0 0.42 0.5775 0.06 0.03
0 0.48125 0.5775 0.0625 0.03125
0 0.5625 0.5425 0.09375 0.0375
0 0.56 0.57625 0.0925 0.03
0 0.6325 0.54375 0.04375 0.03625
0 0.36 0.5775 0.0575 0.0275
0 0.14 0.735 0.0475 0.025
0 0.075 0.36625 0.0575 0.02875
0 0.185 0.73125 0.04125 0.0225
0 0.5875 0.8475 0.04125 0.02125
0 0.58875 0.82625 0.04 0.02
0 0.535 0.84125 0.06375 0.03125
0 0.535 0.81 0.0625 0.03125
0 0.4725 0.84375 0.06125 0.025
0 0.4725 0.82 0.06 0.025
0 0.64125 0.81875 0.06 0.02625
0 0.4125 0.84375 0.06125 0.02375
0 0.3575 0.84375 0.05 0.02125
0 0.35625 0.8225 0.05 0.0225
0 0.31 0.845 0.04125 0.01875
0 0.31 0.82375 0.04 0.02125
0 0.26875 0.8425 0.0375 0.02
0 0.26875 0.82125 0.0375 0.02125
0 0.4125 0.8175 0.05625 0.025
0 0.22625 0.82625 0.0475 0.0525
0 0.64 0.845 0.05875 0.0225
0 0.69875 0.8475 0.055 0.02125
0 0.025 0.235 0.04875 0.06375
0 0.0875 0.23875 0.07375 0.055
0 0.17 0.23375 0.09125 0.0625
0 0.14 0.75875 0.0475 0.0225
0 0.97625 0.85 0.04625 0.025
0 0.9275 0.85 0.05375 0.02875
0 0.7 0.8225 0.05125 0.025
0 0.9775 0.82 0.045 0.0325
0 0.8725 0.85 0.05375 0.01875
0 0.8725 0.83125 0.0525 0.01875
0 0.82875 0.8375 0.03375 0.04625
0 0.79625 0.8275 0.03125 0.06
0 0.7675 0.8375 0.0225 0.045
0 0.7425 0.83875 0.02625 0.04625
0 0.92625 0.8225 0.05375 0.0275
0 0.1775 0.825 0.04125 0.05375
0 0.84 0.3725 0.06 0.03125
0 0.09625 0.81875 0.03 0.06125
0 0.5625 0.725 0.0625 0.0325
0 0.49625 0.755 0.0625 0.03125
0 0.49625 0.72125 0.0625 0.0325
0 0.43625 0.76 0.05625 0.025
0 0.435 0.73125 0.0575 0.02625
0 0.375 0.75875 0.06 0.0225
0 0.56125 0.75625 0.06625 0.0325
0 0.375 0.73375 0.06 0.02625
0 0.275 0.75875 0.04375 0.02125
0 0.185 0.755 0.04125 0.025
0 0.23 0.7375 0.04375 0.025
0 0.22875 0.76 0.0475 0.02
0 0.13375 0.82375 0.04625 0.05625
0 0.27625 0.735 0.0425 0.02125
0 0.32125 0.74 0.0425 0.02
0 0.615 0.735 0.04 0.03125
0 0.32125 0.76 0.04375 0.0225
0 0.6675 0.7325 0.06125 0.03125
0 0.06625 0.8175 0.0275 0.0575
0 0.02625 0.83 0.04625 0.03375
0 0.61625 0.76375 0.0425 0.0225
0 0.98125 0.745 0.03625 0.0225
0 0.92875 0.76375 0.05875 0.0275
0 0.9325 0.7325 0.06 0.03125
0 0.875 0.76875 0.04125 0.01875
0 0.98 0.76875 0.04 0.02375
0 0.875 0.7475 0.04375 0.02125
0 0.83 0.7625 0.05 0.0275
0 0.8275 0.7325 0.05375 0.035
0 0.78 0.765 0.0425 0.02125
0 0.78125 0.74375 0.04125 0.02125
0 0.66875 0.76375 0.0575 0.025
0 0.7275 0.75625 0.05625 0.045