0 0.5175 0.56375 0.0225 0.04875
0 0.0525 0.82125 0.07 0.08875
0 0.11625 0.80625 0.04875 0.1275
0 0.40125 0.69875 0.02875 0.0775
0 0.1675 0.7925 0.05375 0.0975
0 0.28875 0.76875 0.0275 0.09
0 0.345 0.74375 0.02625 0.08125
0 0.49375 0.57375 0.025 0.07
0 0.255 0.78875 0.03375 0.07
0 0.22 0.805 0.035 0.10125
0 0.31625 0.75375 0.02875 0.06125
0 0.37375 0.71125 0.02375 0.05
0 0.46875 0.585 0.02375 0.0475
0 0.29875 0.555 0.02875 0.09875
0 0.43 0.6025 0.0175 0.05625
0 0.4025 0.615 0.0375 0.08
0 0.36125 0.6325 0.03375 0.05125
0 0.32625 0.65375 0.03375 0.0925
0 0.285 0.6675 0.04625 0.065
0 0.345 0.5425 0.015 0.07875
0 0.325 0.55375 0.0225 0.10125
0 0.0925 0.55625 0.045 0.0825
0 0.1325 0.55 0.0325 0.09625
0 0.435 0.68375 0.02875 0.05875
0 0.1675 0.53875 0.03625 0.07375
0 0.205 0.58375 0.03375 0.11625
0 0.2425 0.5725 0.0375 0.095
0 0.2725 0.56375 0.0225 0.11375
0 0.4475 0.595 0.01625 0.055
0 0.47875 0.65 0.02875 0.06875
0 0.23125 0.455 0.03125 0.10625
0 0.52125 0.63 0.02 0.065
0 0.33 0.22625 0.02625 0.11
0 0.35625 0.235 0.02375 0.0925
0 0.45625 0.435 0.01375 0.06625
0 0.38875 0.2425 0.03125 0.09625
0 0.41125 0.24375 0.01375 0.0925
0 0.0175 0.3025 0.03375 0.1125
0 0.04875 0.3025 0.02625 0.105
0 0.07875 0.30625 0.03125 0.1125
0 0.1125 0.3125 0.035 0.10125
0 0.14875 0.30875 0.0375 0.095
0 0.18625 0.33125 0.025 0.1025
0 0.21375 0.3325 0.03 0.10625
0 0.245 0.33125 0.03 0.10875
0 0.2725 0.33 0.02375 0.10625
0 0.20125 0.45875 0.02625 0.11375
0 0.3075 0.22 0.02 0.09875
0 0.15875 0.425 0.03875 0.09
0 0.2825 0.21875 0.03 0.10125
0 0.23125 0.20625 0.025 0.10375
0 0.275 0.4525 0.0275 0.09625
0 0.29875 0.44875 0.02 0.09
0 0.32 0.445 0.02125 0.09875
0 0.34 0.44125 0.0175 0.09125
0 0.35875 0.44125 0.02 0.09125
0 0.3775 0.43625 0.01625 0.0825
0 0.3925 0.4375 0.01375 0.08
0 0.4075 0.43625 0.01375 0.07625
0 0.4225 0.4325 0.01625 0.08375
0 0.44 0.43 0.0175 0.0775
0 0.04375 0.19875 0.0575 0.025
0 0.08875 0.1825 0.02625 0.115
0 0.1225 0.185 0.0375 0.105
0 0.17375 0.1975 0.03875 0.1125
0 0.205 0.20375 0.025 0.1
0 0.25625 0.21375 0.0225 0.09
0 0.5025 0.63875 0.01625 0.04625
0 0.12 0.43 0.03625 0.1
0 0.04 0.4325 0.0375 0.10625
0 0.41625 0.525 0.00875 0.07875
0 0.405 0.52625 0.0125 0.07625
0 0.39 0.5325 0.01625 0.08875
0 0.37375 0.53625 0.01625 0.08125
0 0.35875 0.53875 0.01125 0.08625
0 0.45875 0.5125 0.01625 0.07
0 0.46125 0.74125 0.01625 0.0475
0 0.445 0.75375 0.015 0.04625
0 0.4275 0.76875 0.01875 0.045
0 0.40625 0.785 0.02125 0.0575
0 0.38375 0.805 0.0225 0.04875
0 0.36 0.825 0.02375 0.0375
0 0.32375 0.85875 0.0275 0.03
0 0.325 0.815 0.02875 0.04125
0 0.295 0.8325 0.0275 0.035
0 0.42875 0.525 0.01375 0.07875
0 0.08125 0.43 0.04125 0.1
0 0.4425 0.52125 0.01375 0.08875
0 0.10125 0.67625 0.0625 0.10875
0 0.01 0.43625 0.01875 0.10375
0 0.465 0.34375 0.015 0.07875
0 0.44875 0.34125 0.015 0.08375
0 0.43375 0.34125 0.015 0.085
0 0.4175 0.34 0.015 0.0875
0 0.39625 0.34 0.02625 0.0875
0 0.37 0.3375 0.02375 0.09125
0 0.34625 0.33875 0.0225 0.09375
0 0.31875 0.33625 0.0325 0.1
0 0.29375 0.335 0.01625 0.0975
0 0.0125 0.57 0.02375 0.0875
0 0.045 0.21875 0.055 0.01375
0 0.23 0.69625 0.06 0.10625
0 0.15875 0.66625 0.05125 0.1275
0 0.035 0.6975 0.06625 0.14875
0 0.05125 0.56375 0.03875 0.09625