0 0.42875 0.3975 0.035 0.04
0 0.3675 0.03875 0.035 0.07375
0 0.4025 0.04125 0.02375 0.08125
0 0.39 0.435 0.0325 0.05375
0 0.36125 0.44625 0.0125 0.04
0 0.27875 0.45 0.0375 0.04375
0 0.31625 0.4325 0.0325 0.07625
0 0.26875 0.39875 0.025 0.0425
0 0.23875 0.4375 0.0325 0.0775
0 0.1875 0.45125 0.0625 0.055
0 0.13875 0.4575 0.0275 0.04625
0 0.85375 0.31 0.04125 0.06625
0 0.8 0.31125 0.05625 0.065
0 0.74 0.31 0.05 0.0625
0 0.67625 0.31125 0.06875 0.06625
0 0.61 0.31125 0.04875 0.06625
0 0.46875 0.05625 0.0925 0.07875
0 0.56 0.30875 0.04125 0.06875
0 0.345 0.44625 0.01625 0.04
0 0.53625 0.07875 0.02375 0.0425
0 0.86875 0.1175 0.0125 0.06375
0 0.5975 0.05875 0.01625 0.0975
0 0.5875 0.19875 0.02125 0.05125
0 0.6075 0.2025 0.015 0.0425
0 0.655 0.19875 0.06125 0.06125
0 0.7175 0.21625 0.01875 0.035
0 0.74 0.215 0.02 0.04
0 0.78875 0.225 0.0225 0.02375
0 0.82 0.2275 0.01625 0.03125
0 0.84125 0.22375 0.02 0.0375
0 0.865 0.2275 0.02 0.035
0 0.17125 0.3 0.09125 0.09625
0 0.26375 0.305 0.08375 0.085
0 0.35375 0.30375 0.09125 0.08125
0 0.4425 0.305 0.07125 0.08125
0 0.5075 0.27875 0.05125 0.09
0 0.3275 0.04625 0.03375 0.05375
0 0.275 0.0325 0.06125 0.0625
0 0.87 0.755 0.01 0.05875
0 0.56375 0.2025 0.02125 0.0375
0 0.53875 0.20375 0.02625 0.03
0 0.49 0.20125 0.06125 0.03375
0 0.43875 0.18625 0.02625 0.055
0 0.6475 0.08625 0.0725 0.07625
0 0.7 0.10375 0.02375 0.0425
0 0.7325 0.09125 0.0275 0.075
0 0.75875 0.0875 0.01875 0.09875
0 0.7925 0.1225 0.025 0.04
0 0.81875 0.11375 0.02375 0.055
0 0.84625 0.1025 0.0225 0.0925
0 0.15375 0.16375 0.04125 0.0675
0 0.57 0.06875 0.03 0.06875
0 0.19875 0.16625 0.0425 0.05875
0 0.29125 0.165 0.0325 0.0775
0 0.33125 0.16125 0.0425 0.09
0 0.37625 0.19125 0.03375 0.035
0 0.40875 0.18625 0.02875 0.045
0 0.42875 0.44125 0.03625 0.03625
0 0.4575 0.42 0.015 0.02625
0 0.4775 0.42 0.01875 0.02375
0 0.4575 0.44625 0.015 0.02
0 0.2475 0.1725 0.04625 0.0625
0 0.7625 0.22125 0.0225 0.0375
0 0.83875 0.78 0.045 0.05375
0 0.6525 0.52125 0.03875 0.04625
0 0.865 0.6075 0.0125 0.02875
0 0.1725 0.84875 0.075 0.08125
0 0.23 0.88625 0.02375 0.02125
0 0.2425 0.855 0.02125 0.02
0 0.26 0.8275 0.01875 0.02125
0 0.29875 0.82125 0.01875 0.02125
0 0.34 0.83 0.0175 0.02125
0 0.3625 0.82875 0.01375 0.02125
0 0.38 0.84125 0.0125 0.0225
0 0.31125 0.84375 0.02125 0.015
0 0.8525 0.61125 0.00625 0.02625
0 0.2775 0.85 0.015 0.015
0 0.29625 0.87 0.015 0.015
0 0.335 0.85625 0.015 0.0175
0 0.38375 0.785 0.03125 0.05375
0 0.41625 0.78875 0.02375 0.0575
0 0.4775 0.445 0.01875 0.02375
0 0.52625 0.43125 0.03375 0.00875
0 0.525 0.44125 0.0325 0.00625
0 0.525 0.45125 0.035 0.00875
0 0.56375 0.43125 0.02875 0.0375
0 0.5675 0.38125 0.03875 0.03
0 0.26375 0.875 0.01375 0.01125
0 0.58625 0.41375 0.0125 0.02375
0 0.8425 0.61125 0.00875 0.0275
0 0.82125 0.6175 0.01 0.0275
0 0.79625 0.51 0.0475 0.03625
0 0.85 0.49625 0.05 0.0425
0 0.15625 0.745 0.06125 0.05625
0 0.22375 0.7375 0.06 0.0625
0 0.29 0.72125 0.0575 0.06625
0 0.33875 0.68875 0.02875 0.025
0 0.3375 0.72125 0.02875 0.0325
0 0.37625 0.68875 0.0325 0.0775
0 0.3275 0.64125 0.03125 0.015
0 0.32625 0.65875 0.035 0.01625
0 0.8325 0.61625 0.0075 0.0275
0 0.4625 0.67375 0.03 0.07375
0 0.6025 0.66 0.02125 0.0375
0 0.6275 0.6575 0.02375 0.03875
0 0.6525 0.62875 0.01875 0.08125
0 0.67625 0.61875 0.02 0.085
0 0.7025 0.6325 0.0225 0.05375
0 0.7275 0.62875 0.02 0.0475
0 0.75125 0.625 0.02375 0.05125
0 0.775 0.61875 0.01875 0.045
0 0.79625 0.6225 0.015 0.03375
0 0.81 0.62 0.0075 0.02875
0 0.5275 0.665 0.03875 0.05125
0 0.21875 0.0275 0.04375 0.05125
0 0.6025 0.41375 0.015 0.02125
0 0.6025 0.4375 0.0175 0.02
0 0.86875 0.6725 0.01125 0.04625
0 0.165 0.9425 0.055 0.03375
0 0.16875 0.985 0.06375 0.025
0 0.2325 0.9675 0.0575 0.065
0 0.7825 0.42125 0.025 0.02875
0 0.78625 0.38375 0.0275 0.0325
0 0.75125 0.4225 0.0175 0.03125
0 0.72875 0.42125 0.01625 0.035
0 0.70875 0.43 0.01625 0.01875
0 0.69 0.43125 0.0125 0.01875
0 0.85375 0.6775 0.015 0.045
0 0.70875 0.4075 0.015 0.02125
0 0.785 0.80875 0.04875 0.0625
0 0.71875 0.82375 0.075 0.0425
0 0.6425 0.81375 0.05 0.04875
0 0.6 0.82875 0.02625 0.07625
0 0.545 0.89 0.07375 0.0875
0 0.4725 0.92375 0.0575 0.06375
0 0.41125 0.94875 0.04875 0.0225
0 0.41125 0.91625 0.04375 0.02875
0 0.35 0.94875 0.05875 0.08625
0 0.61375 0.5325 0.0325 0.0325
0 0.68875 0.40875 0.02 0.02125
0 0.58625 0.4375 0.01125 0.02
0 0.8275 0.67375 0.025 0.06375
0 0.8025 0.67125 0.015 0.02875
0 0.6475 0.42375 0.02875 0.00875
0 0.64875 0.43375 0.02875 0.00875
0 0.6475 0.44375 0.03125 0.0075
0 0.665 0.3875 0.0175 0.02
0 0.4575 0.7925 0.0375 0.045
0 0.5 0.7725 0.0325 0.04125
0 0.53125 0.7675 0.025 0.04375
0 0.5675 0.7575 0.0325 0.0425
0 0.5975 0.75125 0.02125 0.0475
0 0.62375 0.7275 0.02 0.0175
0 0.80125 0.70375 0.0125 0.0275
0 0.625 0.75375 0.02625 0.01625
0 0.6625 0.69625 0.0125 0.02625
0 0.67875 0.6925 0.015 0.02
0 0.695 0.68875 0.0125 0.02125
0 0.6675 0.7375 0.0175 0.03
0 0.6875 0.73375 0.015 0.0325
0 0.7025 0.72875 0.0125 0.03
0 0.72 0.72625 0.015 0.0325
0 0.7625 0.67125 0.055 0.0125
0 0.7625 0.6975 0.05375 0.01625
0 0.76 0.72125 0.0525 0.0125
0 0.64625 0.70125 0.015 0.02375
0 0.15875 0.02625 0.065 0.05
0 0.6225 0.42875 0.015 0.035
0 0.2025 0.58 0.055 0.045
0 0.86125 0.40625 0.0225 0.04875
0 0.8325 0.41125 0.02375 0.04125
0 0.80875 0.4225 0.0175 0.02125
0 0.2625 0.575 0.05375 0.0425
0 0.36875 0.56 0.04375 0.04375
0 0.7525 0.5175 0.03375 0.0325
0 0.72 0.52375 0.0275 0.0275
0 0.68875 0.52375 0.03125 0.03
0 0.41625 0.555 0.03875 0.04
0 0.46625 0.52375 0.0375 0.03875
0 0.53 0.5425 0.0425 0.03
0 0.3175 0.5675 0.04625 0.04375
0 0.575 0.53875 0.0375 0.0325
0 0.46625 0.555 0.045 0.01375
0 0.14875 0.58375 0.045 0.03625