0 0.42375 0.66875 0.02 0.0175
0 0.2725 0.67 0.0275 0.0225
0 0.2225 0.66875 0.07 0.02125
0 0.35375 0.64625 0.03125 0.0225
0 0.4 0.6675 0.0225 0.015
0 0.45625 0.64875 0.02 0.01875
0 0.4325 0.6525 0.02 0.01375
0 0.39625 0.61875 0.02375 0.0175
0 0.42625 0.62125 0.02875 0.0175
0 0.43125 0.6375 0.02 0.01375
0 0.41 0.64875 0.015 0.01625
0 0.3925 0.64625 0.01625 0.01875
0 0.44625 0.67 0.025 0.015
0 0.4275 0.6025 0.025 0.015
0 0.28125 0.6125 0.02875 0.09125
0 0.5475 0.87625 0.0875 0.02
0 0.83 0.50875 0.02625 0.06875
0 0.66625 0.39375 0.02875 0.1275
0 0.78375 0.3825 0.0525 0.10625
0 0.27 0.49875 0.03375 0.06375
0 0.29875 0.49875 0.0225 0.0675
0 0.3275 0.5175 0.02625 0.1125
0 0.45875 0.515 0.01625 0.0925
0 0.23125 0.61 0.06625 0.09125
0 0.49 0.5225 0.0275 0.0975
0 0.55625 0.52375 0.0175 0.0725
0 0.4775 0.66625 0.01375 0.02125
0 0.59 0.52875 0.02125 0.075
0 0.45625 0.82625 0.08375 0.03375
0 0.775 0.525 0.0375 0.10125
0 0.83625 0.5725 0.07625 0.0175
0 0.5175 0.525 0.0225 0.095
0 0.49625 0.6675 0.0175 0.0175
0 0.69375 0.5175 0.025 0.0975
0 0.24375 0.24625 0.025 0.10375
0 0.45625 0.87375 0.09 0.025
0 0.8475 0.755 0.05375 0.04375
0 0.7675 0.73125 0.09375 0.03375
0 0.72375 0.83375 0.085 0.02875
0 0.7275 0.8775 0.09 0.02625
0 0.635 0.82875 0.0775 0.02875
0 0.27375 0.7525 0.11 0.0325
0 0.5475 0.8175 0.0875 0.01875
0 0.54875 0.835 0.0875 0.015
0 0.5475 0.85375 0.08625 0.02375
0 0.6175 0.395 0.04375 0.10625
0 0.77 0.7625 0.0975 0.0225
0 0.67375 0.7675 0.09375 0.02
0 0.57625 0.76375 0.09 0.02125
0 0.48375 0.72875 0.0975 0.0325
0 0.48375 0.76 0.09625 0.02875
0 0.37875 0.7525 0.09625 0.04625
0 0.8275 0.88625 0.095 0.0175
0 0.82875 0.8675 0.09125 0.02125
0 0.82875 0.8375 0.0875 0.03875
0 0.29125 0.24375 0.03 0.11375
0 0.51875 0.6725 0.02375 0.0125
0 0.66875 0.74125 0.09375 0.01875
0 0.53375 0.3975 0.03125 0.1025
0 0.6375 0.8775 0.09125 0.0275
0 0.3975 0.38125 0.02875 0.115
0 0.50875 0.64875 0.015 0.01625
0 0.47875 0.64375 0.02125 0.01875
0 0.49375 0.62625 0.01875 0.0125
0 0.55125 0.63625 0.02125 0.07375
0 0.57375 0.6375 0.0225 0.06875
0 0.595 0.63875 0.01625 0.07
0 0.62125 0.6375 0.03375 0.0725
0 0.4375 0.40375 0.03875 0.1025
0 0.78625 0.67875 0.02125 0.01625
0 0.76375 0.66375 0.025 0.01375
0 0.7875 0.6625 0.02125 0.0125
0 0.765 0.64625 0.0225 0.01375
0 0.76375 0.6775 0.02125 0.01375
0 0.3725 0.2425 0.04 0.11375
0 0.605 0.24 0.04625 0.1075
0 0.8425 0.64 0.065 0.0375
0 0.85375 0.23 0.0425 0.11125
0 0.7575 0.2375 0.0475 0.1175
0 0.785 0.61375 0.0225 0.015
0 0.8375 0.6725 0.075 0.02125
0 0.765 0.62875 0.03 0.01375
0 0.7875 0.6475 0.02125 0.015
0 0.7925 0.63125 0.02 0.0175