0 0.5675 0.80375 0.0475 0.04375
0 0.515 0.7975 0.04875 0.03875
0 0.46875 0.75625 0.05 0.0425
0 0.51625 0.7575 0.04375 0.03875
0 0.51875 0.71875 0.04875 0.03875
0 0.5175 0.67625 0.0475 0.04375
0 0.56625 0.75875 0.04625 0.04375
0 0.3725 0.74625 0.0475 0.04625
0 0.42 0.7925 0.04375 0.04375
0 0.42 0.75 0.04375 0.0425
0 0.47 0.7075 0.0425 0.04625
0 0.42375 0.70625 0.04625 0.04375
0 0.3725 0.66625 0.04875 0.0375
0 0.37 0.705 0.0425 0.03625
0 0.61375 0.67125 0.05 0.045
0 0.375 0.7925 0.045 0.04625
0 0.4675 0.7975 0.04625 0.045
0 0.615 0.7175 0.0475 0.035
0 0.77125 0.675 0.0525 0.04625
0 0.615 0.80625 0.04875 0.04
0 0.6225 0.61125 0.04625 0.04875
0 0.45 0.29375 0.04625 0.125
0 0.40125 0.29625 0.04125 0.12875
0 0.355 0.2925 0.04625 0.13125
0 0.30625 0.28 0.03875 0.10625
0 0.2175 0.2925 0.03125 0.1175
0 0.2675 0.445 0.0225 0.1
0 0.5 0.29375 0.0425 0.12625
0 0.2475 0.445 0.0125 0.11125
0 0.165 0.40125 0.04875 0.055
0 0.13375 0.4275 0.015 0.09125
0 0.32625 0.40625 0.045 0.04625
0 0.32375 0.4525 0.04875 0.04375
0 0.38375 0.40125 0.05 0.055
0 0.3875 0.4525 0.04625 0.045
0 0.435 0.40125 0.05 0.045
0 0.15625 0.29625 0.05 0.1275
0 0.4375 0.45125 0.0525 0.0475
0 0.235 0.13 0.045 0.13375
0 0.3425 0.13875 0.04625 0.135
0 0.69875 0.13125 0.05 0.13375
0 0.7525 0.13 0.05375 0.13875
0 0.85375 0.12875 0.0425 0.1475
0 0.85125 0.285 0.04125 0.1275
0 0.80375 0.285 0.05125 0.13
0 0.74625 0.29125 0.05 0.13375
0 0.695 0.29 0.05125 0.12875
0 0.29375 0.14 0.05 0.1325
0 0.645 0.29 0.045 0.1275
0 0.54625 0.295 0.04375 0.13
0 0.6475 0.1325 0.05 0.1375
0 0.59375 0.13125 0.04625 0.13625
0 0.545 0.13625 0.0475 0.14
0 0.4925 0.135 0.0475 0.13375
0 0.4425 0.1375 0.04875 0.135
0 0.3925 0.1375 0.04625 0.13375
0 0.59625 0.29 0.04875 0.1275
0 0.49 0.45125 0.04625 0.04875
0 0.48875 0.40125 0.0475 0.05
0 0.54125 0.39875 0.05 0.05125
0 0.73 0.57125 0.0525 0.05125
0 0.6175 0.51625 0.05125 0.05375
0 0.76375 0.80875 0.04125 0.0375
0 0.8125 0.80625 0.0475 0.03375
0 0.81625 0.76625 0.055 0.03375
0 0.765 0.765 0.04625 0.0375
0 0.7725 0.7225 0.05 0.045
0 0.73125 0.61875 0.05125 0.0425
0 0.82375 0.72375 0.0525 0.04125
0 0.72 0.675 0.05 0.0425
0 0.72 0.71875 0.0425 0.04375
0 0.72 0.76375 0.04375 0.04375
0 0.715 0.81 0.055 0.0425
0 0.66375 0.80875 0.04625 0.0425
0 0.66625 0.76375 0.05375 0.04
0 0.665 0.7175 0.045 0.04875
0 0.82625 0.6775 0.04875 0.045
0 0.67625 0.61625 0.055 0.04125
0 0.6775 0.57125 0.05125 0.045
0 0.67625 0.52 0.0475 0.0475
0 0.5975 0.40375 0.0475 0.04625
0 0.59375 0.45 0.0525 0.04125
0 0.54125 0.45 0.045 0.0475
0 0.65125 0.45 0.0475 0.05
0 0.70625 0.40375 0.04625 0.05
0 0.76 0.4 0.06 0.04375
0 0.765 0.45 0.06 0.05
0 0.7075 0.45125 0.05125 0.04625
0 0.82875 0.39875 0.05875 0.0525
0 0.8275 0.45 0.06 0.0475
0 0.84375 0.57 0.05375 0.04625
0 0.84125 0.61625 0.0475 0.0425
0 0.78875 0.6175 0.05 0.03875
0 0.78875 0.5725 0.05 0.04875
0 0.73 0.52125 0.05125 0.05
0 0.1875 0.12875 0.045 0.13
0 0.145 0.13 0.04 0.1325
0 0.6175 0.76125 0.045 0.0375
0 0.16625 0.4525 0.05 0.045
0 0.57125 0.61375 0.04625 0.04625
0 0.22375 0.5175 0.055 0.045
0 0.22875 0.61125 0.06 0.045
0 0.17375 0.61375 0.04875 0.0425
0 0.16875 0.51875 0.05375 0.045
0 0.35875 0.61875 0.0525 0.04375
0 0.3575 0.57 0.05375 0.0425
0 0.2325 0.79625 0.0425 0.0375
0 0.225 0.565 0.05375 0.0475
0 0.22875 0.7525 0.04375 0.04375
0 0.2275 0.665 0.0475 0.03875
0 0.18125 0.705 0.04125 0.04625
0 0.18375 0.74875 0.04625 0.04
0 0.185 0.7925 0.04375 0.04375
0 0.14375 0.7925 0.03375 0.05
0 0.14125 0.745 0.03125 0.0425
0 0.22625 0.7075 0.04875 0.04375
0 0.325 0.795 0.04625 0.0475
0 0.17125 0.5675 0.04375 0.0475
0 0.4675 0.56625 0.0425 0.045
0 0.325 0.75 0.04875 0.04125
0 0.325 0.70875 0.04625 0.0375
0 0.3275 0.66875 0.045 0.035
0 0.4175 0.6175 0.0525 0.0475
0 0.27375 0.71 0.045 0.04
0 0.27625 0.74875 0.04875 0.03625
0 0.28 0.79 0.04 0.045
0 0.275 0.66625 0.04625 0.04125
0 0.62 0.565 0.04875 0.04
0 0.54625 0.5225 0.0525 0.045
0 0.57 0.56625 0.045 0.04125
0 0.5175 0.5675 0.05 0.03875
0 0.51875 0.6125 0.0475 0.05125
0 0.47 0.61625 0.0475 0.04375