0 0.315 0.53375 0.05125 0.04625
0 0.4225 0.4525 0.0475 0.1325
0 0.37625 0.43375 0.04625 0.09875
0 0.37 0.52875 0.05625 0.05625
0 0.3175 0.47625 0.04625 0.0575
0 0.85 0.31125 0.03375 0.11625
0 0.2575 0.42625 0.05625 0.05
0 0.1975 0.42375 0.055 0.055
0 0.47625 0.47625 0.04875 0.04625
0 0.81125 0.30625 0.04 0.125
0 0.26125 0.48125 0.05375 0.05125
0 0.53 0.475 0.05125 0.0475
0 0.58 0.52375 0.0525 0.04625
0 0.5775 0.425 0.05125 0.04875
0 0.47625 0.5275 0.0475 0.04625
0 0.52875 0.525 0.0475 0.04625
0 0.7675 0.30625 0.0425 0.1225
0 0.6325 0.52375 0.0425 0.0475
0 0.6325 0.47125 0.04125 0.05375
0 0.68375 0.4225 0.0475 0.0475
0 0.68375 0.4725 0.05 0.0475
0 0.6825 0.5225 0.0525 0.04625
0 0.77875 0.47125 0.0525 0.04375
0 0.83375 0.47 0.05125 0.04375
0 0.83 0.5175 0.04625 0.04375
0 0.585 0.475 0.04875 0.0425
0 0.725 0.3 0.03625 0.1225
0 0.4625 0.29875 0.03875 0.13125
0 0.64 0.3025 0.03625 0.12625
0 0.15375 0.14625 0.04125 0.135
0 0.19875 0.145 0.04625 0.13125
0 0.2475 0.145 0.045 0.13
0 0.2925 0.14625 0.04375 0.1275
0 0.33625 0.14875 0.0425 0.13125
0 0.38375 0.1475 0.04875 0.12625
0 0.42875 0.14875 0.03625 0.12625
0 0.47 0.15125 0.04375 0.1225
0 0.51875 0.1525 0.05125 0.12625
0 0.56625 0.155 0.0425 0.1225
0 0.61125 0.155 0.04625 0.12125
0 0.655 0.16125 0.03625 0.13
0 0.695 0.16125 0.04375 0.1275
0 0.7375 0.16 0.03625 0.125
0 0.7825 0.16 0.045 0.11875
0 0.82625 0.16125 0.0325 0.12375
0 0.86 0.16 0.02875 0.12
0 0.145 0.3 0.035 0.12875
0 0.18625 0.29875 0.045 0.12375
0 0.23625 0.3 0.04625 0.12375
0 0.29 0.30125 0.03125 0.1225
0 0.33 0.3 0.0375 0.12375
0 0.37125 0.3 0.04375 0.12125
0 0.4175 0.2975 0.04375 0.12875
0 0.50625 0.29875 0.04625 0.1275
0 0.55125 0.29625 0.035 0.12625
0 0.59375 0.29875 0.03875 0.12
0 0.68 0.305 0.04125 0.12125
0 0.1725 0.60375 0.055 0.04625
0 0.78 0.52 0.05 0.0475
0 0.29 0.65 0.05625 0.0525
0 0.75875 0.78125 0.0425 0.04
0 0.7625 0.735 0.04625 0.04125
0 0.85625 0.77125 0.03125 0.0475
0 0.8125 0.77625 0.04875 0.0425
0 0.815 0.7275 0.045 0.03875
0 0.85875 0.72625 0.03125 0.0375
0 0.7125 0.78125 0.0475 0.03875
0 0.85875 0.68125 0.0325 0.045
0 0.765 0.69 0.0525 0.04
0 0.715 0.68875 0.045 0.0425
0 0.66375 0.69 0.05125 0.04
0 0.60625 0.68875 0.04625 0.0375
0 0.77125 0.64125 0.0525 0.04375
0 0.77125 0.58625 0.06625 0.05625
0 0.81625 0.685 0.03875 0.03875
0 0.7125 0.735 0.0475 0.04125
0 0.66125 0.735 0.04875 0.0425
0 0.65875 0.78375 0.04375 0.0425
0 0.26125 0.53125 0.05375 0.045
0 0.14875 0.5325 0.045 0.04125
0 0.2025 0.53 0.0575 0.04125
0 0.20375 0.47875 0.0525 0.0525
0 0.14875 0.48125 0.045 0.05125
0 0.1475 0.41875 0.03625 0.0625
0 0.175 0.80875 0.0525 0.0525
0 0.23625 0.8025 0.055 0.0375
0 0.23625 0.75375 0.05125 0.0475
0 0.1775 0.7575 0.0575 0.04125
0 0.235 0.7025 0.0525 0.045
0 0.17625 0.70875 0.05375 0.05125
0 0.17375 0.655 0.06 0.0375
0 0.61125 0.73375 0.04875 0.045
0 0.61 0.7825 0.04875 0.04625
0 0.72125 0.63875 0.045 0.04875
0 0.6675 0.64 0.05875 0.04625
0 0.60875 0.6375 0.05125 0.05
0 0.29 0.7 0.05 0.0425
0 0.55625 0.59625 0.04625 0.05
0 0.5575 0.64375 0.05125 0.04125
0 0.5075 0.64 0.045 0.04625
0 0.55625 0.6875 0.04875 0.04625
0 0.55875 0.735 0.05 0.04
0 0.2325 0.65125 0.055 0.04875
0 0.50625 0.735 0.04625 0.045
0 0.5075 0.785 0.045 0.0425
0 0.55875 0.7825 0.0525 0.04375
0 0.45375 0.68875 0.05125 0.04375
0 0.455 0.73875 0.05125 0.04375
0 0.505 0.68875 0.0475 0.04375
0 0.40125 0.78875 0.05125 0.04375
0 0.40125 0.74125 0.05125 0.04625
0 0.2925 0.74375 0.055 0.04375
0 0.30125 0.79 0.045 0.04625
0 0.35125 0.79125 0.0475 0.0425
0 0.39875 0.6925 0.05 0.045
0 0.3475 0.74125 0.04875 0.0425
0 0.34625 0.69625 0.05125 0.04375
0 0.45625 0.78625 0.05125 0.03875