0 0.50875 0.5375 0.075 0.09125
0 0.38375 0.5225 0.055 0.0525
0 0.03125 0.5225 0.06 0.08125
0 0.745 0.415 0.03875 0.115
0 0.91875 0.41875 0.05125 0.11375
0 0.835 0.4175 0.04125 0.11375
0 0.79 0.41375 0.04 0.1175
0 0.72875 0.72875 0.0675 0.01625
0 0.875 0.405 0.03375 0.10375
0 0.66125 0.7525 0.065 0.01
0 0.595 0.71625 0.06125 0.02125
0 0.66 0.74 0.06125 0.0125
0 0.66125 0.71875 0.0575 0.02125
0 0.5925 0.7625 0.05625 0.02875
0 0.59625 0.7375 0.0625 0.01875
0 0.52875 0.76125 0.05875 0.02375
0 0.53125 0.74125 0.0575 0.01125
0 0.53125 0.72625 0.055 0.0125
0 0.53125 0.7125 0.06125 0.01125
0 0.53 0.69625 0.055 0.01625
0 0.46375 0.76625 0.06 0.01625
0 0.6575 0.76875 0.05875 0.0175
0 0.69875 0.4025 0.035 0.09625
0 0.31375 0.24125 0.0375 0.15625
0 0.35625 0.2425 0.03375 0.16125
0 0.7225 0.7725 0.06125 0.0175
0 0.2725 0.235 0.03375 0.16875
0 0.655 0.24375 0.04125 0.135
0 0.83875 0.25 0.06125 0.17125
0 0.04375 0.39875 0.045 0.1175
0 0.085 0.39625 0.03125 0.11375
0 0.31875 0.4025 0.0325 0.10625
0 0.2825 0.39625 0.0325 0.10375
0 0.24625 0.39375 0.0325 0.09375
0 0.1875 0.3725 0.035 0.06375
0 0.3775 0.395 0.0425 0.10375
0 0.43375 0.3975 0.04625 0.10125
0 0.49125 0.40125 0.0425 0.10625
0 0.66125 0.4075 0.03625 0.11125
0 0.725 0.7575 0.06375 0.01125
0 0.05875 0.24375 0.07375 0.1375
0 0.1375 0.235 0.07625 0.14
0 0.21625 0.2475 0.07125 0.12125
0 0.97 0.2475 0.06 0.1625
0 0.90625 0.24 0.0625 0.17375
0 0.7725 0.26625 0.0575 0.13375
0 0.71 0.25 0.06 0.13
0 0.61375 0.25125 0.04125 0.1475
0 0.48625 0.24875 0.04375 0.13375
0 0.56875 0.245 0.0375 0.13125
0 0.52875 0.23625 0.03125 0.145
0 0.72625 0.74375 0.0625 0.01125
0 0.39625 0.23875 0.035 0.16625
0 0.59875 0.4075 0.06625 0.11375
0 0.53875 0.4075 0.0425 0.115
0 0.4425 0.2375 0.0375 0.16375
0 0.78875 0.7725 0.06 0.02125
0 0.04375 0.6575 0.07625 0.0575
0 0.205 0.72625 0.06625 0.0125
0 0.14125 0.755 0.06625 0.02625
0 0.14 0.72625 0.0625 0.0175
0 0.13625 0.70625 0.065 0.01875
0 0.4025 0.76375 0.06 0.01875
0 0.4 0.7425 0.065 0.0225
0 0.4 0.7025 0.06 0.03
0 0.86125 0.74375 0.0625 0.0125
0 0.85625 0.77 0.0625 0.035
0 0.79125 0.75 0.06125 0.01875
0 0.795 0.715 0.06 0.02375
0 0.8625 0.7225 0.06875 0.02
0 0.2175 0.6625 0.06375 0.10625
0 0.34125 0.63875 0.06 0.06125
0 0.405 0.65 0.0625 0.0725
0 0.47 0.63625 0.05875 0.055
0 0.52875 0.64875 0.06 0.07
0 0.27875 0.67 0.045 0.1225
0 0.5925 0.6575 0.06625 0.0925
0 0.73 0.66 0.06625 0.1025
0 0.80125 0.65 0.07375 0.06375
0 0.87375 0.65375 0.06125 0.0825
0 0.66 0.65875 0.0625 0.08875
0 0.14625 0.6475 0.075 0.0925
0 0.08375 0.72875 0.04375 0.0825
0 0.03375 0.7275 0.05125 0.08
0 0.20875 0.76125 0.06 0.01625
0 0.27125 0.745 0.06375 0.01625
0 0.2075 0.7425 0.06125 0.015
0 0.33375 0.7275 0.06125 0.03
0 0.32 0.50125 0.06 0.0275
0 0.2725 0.54 0.03375 0.0825
0 0.24 0.53375 0.0275 0.0925
0 0.20375 0.5325 0.0375 0.09875
0 0.17 0.53125 0.02625 0.095
0 0.11 0.525 0.02625 0.08875
0 0.08 0.52875 0.03 0.07625
0 0.14125 0.5325 0.03125 0.09625
0 0.3225 0.5325 0.05875 0.03125
0 0.89125 0.54875 0.045 0.08875
0 0.8475 0.545 0.03875 0.09375
0 0.80625 0.54625 0.03625 0.09375
0 0.2725 0.7625 0.06375 0.015
0 0.72875 0.535 0.03375 0.07875
0 0.7625 0.52875 0.025 0.065
0 0.4675 0.67875 0.05625 0.02375
0 0.33625 0.68375 0.0625 0.01625
0 0.33625 0.7025 0.0625 0.01625
0 0.3375 0.765 0.05875 0.01375
0 0.3375 0.75 0.06125 0.01
0 0.68625 0.5425 0.0325 0.09375
0 0.5725 0.53875 0.05 0.09625
0 0.4675 0.7025 0.06125 0.01875
0 0.465 0.72625 0.06 0.0225
0 0.465 0.7475 0.05875 0.015
0 0.63125 0.545 0.06 0.05875