0 0.6325 0.68125 0.05125 0.02125
0 0.68625 0.7475 0.05 0.00875
0 0.6325 0.69875 0.04875 0.00875
0 0.6875 0.7325 0.04875 0.015
0 0.6325 0.71 0.0475 0.0125
0 0.79875 0.79625 0.055 0.03125
0 0.6875 0.6725 0.05 0.04625
0 0.73875 0.71375 0.04 0.08625
0 0.79625 0.70125 0.06 0.08875
0 0.855 0.79875 0.04 0.03125
0 0.63125 0.725 0.04875 0.01
0 0.8525 0.7075 0.045 0.08875
0 0.6875 0.7025 0.04875 0.0125
0 0.63375 0.7375 0.045 0.0125
0 0.33625 0.75375 0.05375 0.01875
0 0.58125 0.71875 0.04 0.01375
0 0.825 0.6125 0.04875 0.0275
0 0.2775 0.74875 0.0525 0.02125
0 0.275 0.71125 0.055 0.02375
0 0.29625 0.65875 0.0475 0.06
0 0.35625 0.68 0.05875 0.08625
0 0.415 0.71875 0.03875 0.01
0 0.58125 0.67625 0.0425 0.065
0 0.41375 0.675 0.04375 0.06875
0 0.465 0.7125 0.0475 0.015
0 0.4675 0.67 0.04375 0.0675
0 0.52375 0.74125 0.04625 0.03125
0 0.52875 0.7175 0.0375 0.01125
0 0.53 0.675 0.0425 0.07125
0 0.57875 0.735 0.0475 0.01375
0 0.465 0.725 0.04375 0.00625
0 0.77125 0.5875 0.05875 0.0775
0 0.68625 0.7175 0.04875 0.01125
0 0.665 0.1675 0.0225 0.09
0 0.575 0.44625 0.02875 0.09625
0 0.605 0.44 0.02625 0.11375
0 0.63 0.465 0.02125 0.0625
0 0.66625 0.44875 0.04 0.0925
0 0.77875 0.455 0.0275 0.095
0 0.8175 0.47125 0.0425 0.0675
0 0.85875 0.46125 0.03125 0.08125
0 0.85625 0.32125 0.0325 0.08875
0 0.82375 0.31875 0.03125 0.08625
0 0.5475 0.44625 0.025 0.095
0 0.79 0.32 0.03375 0.0875
0 0.6875 0.3225 0.03 0.08625
0 0.65625 0.3225 0.03 0.0825
0 0.6175 0.31625 0.03125 0.09125
0 0.58125 0.31625 0.0375 0.0925
0 0.55 0.32125 0.02 0.08
0 0.5275 0.32 0.0225 0.0775
0 0.5025 0.31375 0.02125 0.0975
0 0.4575 0.31875 0.02 0.0825
0 0.37125 0.31875 0.02375 0.08
0 0.72 0.3175 0.035 0.09375
0 0.31125 0.30875 0.0275 0.065
0 0.5225 0.445 0.025 0.09
0 0.4675 0.45625 0.0325 0.06875
0 0.63 0.57 0.0325 0.08375
0 0.595 0.5725 0.03125 0.09375
0 0.57 0.59375 0.015 0.05125
0 0.53625 0.595 0.0325 0.04875
0 0.5025 0.55125 0.03125 0.0675
0 0.465 0.5725 0.025 0.095
0 0.4375 0.5625 0.02375 0.08
0 0.4125 0.55625 0.02375 0.08875
0 0.3825 0.565 0.025 0.08875
0 0.49625 0.44125 0.02375 0.0875
0 0.33875 0.56125 0.025 0.09
0 0.265 0.56 0.0225 0.0925
0 0.24875 0.4525 0.0325 0.06875
0 0.27875 0.43625 0.0225 0.10125
0 0.305 0.43625 0.02875 0.1
0 0.3325 0.43625 0.025 0.1025
0 0.36 0.4375 0.02625 0.09875
0 0.385 0.43625 0.0225 0.1
0 0.4125 0.44125 0.03 0.09625
0 0.44 0.445 0.0225 0.09
0 0.31375 0.56 0.02375 0.0925
0 0.665 0.58625 0.0375 0.07125
0 0.27 0.31625 0.025 0.0775
0 0.20625 0.325 0.02625 0.10125
0 0.7925 0.1675 0.03375 0.085
0 0.825 0.1675 0.03 0.08625
0 0.76 0.0225 0.0525 0.0425
0 0.67875 0.025 0.02625 0.0475
0 0.64875 0.02625 0.0275 0.05
0 0.61875 0.02625 0.03 0.05125
0 0.58875 0.02625 0.03 0.05
0 0.55375 0.025 0.03625 0.05
0 0.51375 0.02625 0.03875 0.05
0 0.75875 0.1675 0.03 0.0875
0 0.47625 0.02875 0.02875 0.05125
0 0.41625 0.03 0.0275 0.05375
0 0.38 0.03 0.02875 0.05625
0 0.34875 0.03 0.03 0.05625
0 0.3175 0.03 0.03125 0.05375
0 0.2875 0.03125 0.02625 0.05875
0 0.2575 0.04125 0.03 0.04
0 0.22875 0.03125 0.0225 0.0575
0 0.20625 0.03 0.01875 0.05875
0 0.16625 0.05875 0.035 0.055
0 0.44625 0.02875 0.02875 0.0525
0 0.24 0.315 0.0275 0.07875
0 0.7275 0.17 0.02875 0.08625
0 0.635 0.1675 0.02625 0.09375
0 0.1525 0.3325 0.0475 0.1025
0 0.38625 0.16875 0.02625 0.09375
0 0.3575 0.16875 0.03 0.09625
0 0.32875 0.16875 0.025 0.095
0 0.3025 0.16875 0.02375 0.09125
0 0.28 0.16875 0.0175 0.09
0 0.2575 0.17 0.02 0.09
0 0.225 0.18375 0.04375 0.065
0 0.18125 0.1775 0.03125 0.12125
0 0.69625 0.16875 0.02875 0.0925
0 0.14125 0.1875 0.03125 0.11875
0 0.42875 0.17125 0.05125 0.02875
0 0.44125 0.14375 0.035 0.02375
0 0.44125 0.115 0.03375 0.02875
0 0.4775 0.2 0.045 0.03125
0 0.48 0.1525 0.04 0.05875
0 0.515 0.16625 0.02625 0.09875
0 0.54375 0.17125 0.03 0.08875
0 0.57375 0.1675 0.0275 0.09
0 0.605 0.16625 0.03125 0.09
0 0.43 0.2025 0.05 0.02875
0 0.71625 0.58625 0.0425 0.08
0 0.28875 0.56125 0.0225 0.09125