0 0.15125 0.09375 0.0525 0.17875
0 0.47 0.86625 0.05 0.0425
0 0.45625 0.47875 0.04125 0.1425
0 0.50125 0.47625 0.03125 0.14375
0 0.53625 0.47125 0.03625 0.14125
0 0.5725 0.47 0.03 0.14875
0 0.5975 0.45875 0.0175 0.1275
0 0.62125 0.4575 0.03125 0.1325
0 0.67 0.4525 0.035 0.14
0 0.29 0.81375 0.065 0.04375
0 0.35375 0.7925 0.05125 0.055
0 0.4125 0.78375 0.06 0.035
0 0.46875 0.775 0.045 0.04625
0 0.51875 0.76875 0.05 0.03
0 0.5725 0.75375 0.045 0.0475
0 0.6225 0.745 0.05125 0.0325
0 0.41375 0.48625 0.0325 0.1425
0 0.67125 0.735 0.04375 0.045
0 0.76375 0.71125 0.05 0.0425
0 0.76625 0.6675 0.04625 0.0375
0 0.72 0.67875 0.04 0.04875
0 0.66875 0.685 0.045 0.0425
0 0.6225 0.69875 0.04375 0.0525
0 0.57125 0.70375 0.04625 0.04375
0 0.52125 0.72 0.04875 0.05375
0 0.46625 0.72375 0.0475 0.04875
0 0.40875 0.73125 0.06 0.04375
0 0.285 0.75875 0.0575 0.06
0 0.22 0.77 0.0625 0.04375
0 0.7975 0.52375 0.01875 0.08875
0 0.8675 0.525 0.015 0.09
0 0.84625 0.52 0.02375 0.08125
0 0.71625 0.72375 0.03625 0.03
0 0.37375 0.48375 0.03625 0.14875
0 0.32875 0.4925 0.03625 0.15125
0 0.285 0.49125 0.04125 0.15625
0 0.485 0.30125 0.03375 0.14875
0 0.44 0.29875 0.03375 0.15625
0 0.39625 0.29875 0.04875 0.15375
0 0.34875 0.30125 0.0425 0.155
0 0.29375 0.30125 0.0525 0.16125
0 0.2375 0.30375 0.05625 0.16625
0 0.18125 0.30375 0.0525 0.16375
0 0.83375 0.11 0.05 0.16375
0 0.78375 0.11 0.045 0.16125
0 0.74 0.10625 0.0375 0.16875
0 0.69 0.10875 0.04875 0.165
0 0.64 0.10125 0.045 0.17375
0 0.585 0.1025 0.055 0.1725
0 0.52875 0.0975 0.05375 0.18125
0 0.52125 0.85625 0.04625 0.03875
0 0.525 0.29875 0.03375 0.15375
0 0.565 0.2925 0.0375 0.14125
0 0.19 0.5025 0.0525 0.16375
0 0.14375 0.5025 0.03625 0.16125
0 0.8025 0.245 0.02375 0.06625
0 0.8275 0.24625 0.0275 0.06625
0 0.85 0.2475 0.015 0.0675
0 0.8675 0.2475 0.015 0.06
0 0.81875 0.5175 0.01875 0.08625
0 0.865 0.32 0.01375 0.0775
0 0.82125 0.31625 0.02 0.06875
0 0.80125 0.31875 0.01875 0.07125
0 0.76875 0.28625 0.04 0.1425
0 0.7 0.29 0.03625 0.1375
0 0.65875 0.28625 0.0375 0.13875
0 0.61875 0.2925 0.035 0.14625
0 0.845 0.3175 0.02375 0.06875
0 0.15125 0.70625 0.05 0.0525
0 0.24 0.49875 0.04125 0.16375
0 0.28 0.68625 0.065 0.0425
0 0.80375 0.41125 0.025 0.0725
0 0.8325 0.41 0.02 0.07125
0 0.85375 0.405 0.01875 0.07
0 0.86875 0.405 0.01125 0.0725
0 0.15375 0.645 0.0425 0.05375
0 0.21 0.6375 0.06125 0.0625
0 0.2175 0.0925 0.07125 0.18375
0 0.27625 0.6275 0.065 0.05
0 0.4 0.60625 0.0625 0.05625
0 0.46 0.5975 0.0525 0.05125
0 0.515 0.59125 0.05 0.06
0 0.57 0.58375 0.05125 0.045
0 0.625 0.57625 0.04875 0.05875
0 0.6775 0.56875 0.05125 0.05
0 0.76625 0.44875 0.02875 0.1325
0 0.7275 0.56125 0.0425 0.0575
0 0.77375 0.60875 0.04125 0.05375
0 0.2125 0.70125 0.065 0.05
0 0.675 0.62 0.0475 0.04375
0 0.62375 0.63 0.045 0.03375
0 0.575 0.63625 0.05125 0.0525
0 0.5175 0.6475 0.0475 0.04375
0 0.465 0.6525 0.05375 0.055
0 0.6675 0.81625 0.0375 0.03625
0 0.62 0.83 0.03625 0.03875
0 0.575 0.84 0.04 0.03625
0 0.4725 0.0975 0.0475 0.19
0 0.415 0.1025 0.05375 0.185
0 0.3525 0.1025 0.05625 0.165
0 0.29375 0.095 0.055 0.175
0 0.77 0.555 0.04125 0.04625
0 0.73875 0.4525 0.02625 0.125
0 0.72125 0.6175 0.045 0.0375
0 0.4175 0.8775 0.055 0.0425
0 0.1625 0.88375 0.0625 0.045
0 0.8275 0.765 0.015 0.085
0 0.845 0.7575 0.02125 0.07625
0 0.86625 0.75 0.0125 0.08875
0 0.785 0.77375 0.0175 0.07875
0 0.46625 0.8175 0.04625 0.03875
0 0.8075 0.7675 0.0225 0.07875
0 0.4125 0.8275 0.04875 0.04625
0 0.295 0.86 0.05125 0.04375
0 0.3475 0.6725 0.06 0.06
0 0.705 0.455 0.03 0.12875
0 0.40375 0.665 0.05125 0.04
0 0.225 0.82 0.055 0.0525
0 0.16625 0.82875 0.04625 0.05625
0 0.3575 0.845 0.05125 0.045
0 0.865 0.63875 0.0175 0.08625
0 0.23125 0.87125 0.06125 0.04375
0 0.7175 0.75625 0.04625 0.035
0 0.16875 0.9325 0.0625 0.04125
0 0.3575 0.89125 0.05375 0.03875
0 0.3 0.9075 0.0575 0.03875
0 0.7575 0.7575 0.035 0.035
0 0.84375 0.6425 0.02375 0.07625
0 0.66625 0.77625 0.04125 0.035
0 0.62 0.78375 0.045 0.03875
0 0.57125 0.7975 0.0425 0.03375
0 0.82375 0.65125 0.01375 0.08625
0 0.5225 0.8075 0.0525 0.0425
0 0.7125 0.8025 0.04125 0.0375
0 0.235 0.91875 0.06375 0.03875
0 0.755 0.7975 0.03625 0.0325
0 0.805 0.65 0.0175 0.08625