0 0.53 0.23125 0.0275 0.075
0 0.50625 0.2325 0.02125 0.075
0 0.68625 0.12125 0.01125 0.07
0 0.42375 0.345 0.03125 0.1075
0 0.20125 0.37125 0.03875 0.11
0 0.15625 0.3725 0.0525 0.115
0 0.85625 0.405 0.0175 0.06375
0 0.83875 0.4075 0.015 0.065
0 0.8225 0.4125 0.015 0.0675
0 0.805 0.4125 0.01875 0.0675
0 0.78875 0.415 0.01375 0.0725
0 0.7725 0.4175 0.01625 0.06625
0 0.75375 0.42125 0.01625 0.07375
0 0.73625 0.42375 0.0175 0.06875
0 0.7175 0.42875 0.02 0.0775
0 0.6975 0.43 0.0175 0.07375
0 0.55625 0.23 0.025 0.0775
0 0.6525 0.43375 0.02 0.0775
0 0.63125 0.4375 0.0225 0.07125
0 0.60875 0.4425 0.01875 0.0825
0 0.585 0.4475 0.03 0.07375
0 0.56125 0.45375 0.015 0.0875
0 0.53875 0.45375 0.03 0.08625
0 0.51125 0.45625 0.02125 0.09
0 0.58 0.23 0.02 0.0775
0 0.60125 0.23125 0.02 0.07875
0 0.6225 0.23125 0.02 0.07875
0 0.775 0.23125 0.02375 0.0625
0 0.4525 0.35 0.02625 0.09875
0 0.48125 0.3475 0.02875 0.09625
0 0.5075 0.34625 0.0225 0.09875
0 0.5325 0.34375 0.02625 0.09375
0 0.48125 0.23 0.0275 0.0775
0 0.45375 0.22875 0.025 0.07625
0 0.42625 0.22875 0.03 0.0775
0 0.3975 0.23125 0.0275 0.08125
0 0.36625 0.22875 0.03375 0.085
0 0.33375 0.23 0.0275 0.08875
0 0.3 0.22625 0.03625 0.09375
0 0.22125 0.215 0.03375 0.12375
0 0.1875 0.21125 0.03125 0.12625
0 0.1475 0.21625 0.045 0.12125
0 0.86125 0.32125 0.01875 0.065
0 0.84375 0.3225 0.0125 0.0675
0 0.795 0.2325 0.01375 0.06375
0 0.82875 0.3225 0.01625 0.06875
0 0.7975 0.325 0.01625 0.07125
0 0.78125 0.3275 0.015 0.0725
0 0.76 0.32875 0.0225 0.07125
0 0.73875 0.33 0.0175 0.0725
0 0.72 0.33 0.01625 0.075
0 0.69875 0.3275 0.02125 0.09
0 0.6725 0.33 0.03 0.08625
0 0.6475 0.3325 0.01875 0.09
0 0.625 0.33375 0.02125 0.08875
0 0.6025 0.33625 0.02 0.0975
0 0.58 0.3375 0.02375 0.095
0 0.55625 0.34 0.02125 0.09875
0 0.8125 0.325 0.01375 0.07
0 0.80875 0.2325 0.015 0.0625
0 0.82625 0.2325 0.015 0.06
0 0.84125 0.23125 0.015 0.06125
0 0.27125 0.7925 0.06875 0.145
0 0.18875 0.815 0.0925 0.12625
0 0.80375 0.71125 0.05625 0.0525
0 0.7425 0.73875 0.05625 0.0725
0 0.6625 0.76875 0.0625 0.09125
0 0.57625 0.805 0.08125 0.1
0 0.3425 0.9125 0.0775 0.1075
0 0.24625 0.94 0.0975 0.0925
0 0.14125 0.06125 0.03125 0.11875
0 0.18125 0.06625 0.045 0.11625
0 0.2275 0.07125 0.0425 0.1275
0 0.265 0.07125 0.0325 0.1275
0 0.35875 0.75 0.08 0.08375
0 0.3 0.07 0.03625 0.12625
0 0.3725 0.07875 0.03625 0.11625
0 0.405 0.08625 0.02625 0.1025
0 0.435 0.09125 0.0325 0.11375
0 0.46375 0.09375 0.025 0.10125
0 0.49 0.0925 0.0275 0.10125
0 0.5175 0.09625 0.025 0.095
0 0.54125 0.09875 0.0225 0.09875
0 0.565 0.09875 0.0225 0.1
0 0.59 0.09875 0.0275 0.10125
0 0.6175 0.10125 0.02625 0.0975
0 0.645 0.12 0.02625 0.0625
0 0.67125 0.12125 0.0225 0.07125
0 0.33625 0.07625 0.035 0.115
0 0.70375 0.12125 0.0225 0.0675
0 0.4525 0.72625 0.06625 0.115
0 0.58375 0.68875 0.05125 0.09
0 0.48625 0.46625 0.025 0.09
0 0.45625 0.465 0.03 0.09
0 0.4275 0.47125 0.02625 0.1
0 0.3975 0.4775 0.03 0.08875
0 0.36625 0.48375 0.03125 0.0975
0 0.3325 0.4875 0.0325 0.095
0 0.3 0.49625 0.03375 0.10875
0 0.2625 0.49875 0.04125 0.1025
0 0.2225 0.50125 0.03125 0.10625
0 0.18125 0.51125 0.0325 0.105
0 0.14625 0.51375 0.03625 0.105
0 0.84625 0.4975 0.0325 0.0775
0 0.52375 0.7025 0.06875 0.09875
0 0.80625 0.51 0.0375 0.0825
0 0.71625 0.53 0.03875 0.0975
0 0.6675 0.54 0.055 0.0875
0 0.6125 0.55375 0.05125 0.10875
0 0.54875 0.56375 0.07125 0.10375
0 0.48375 0.57625 0.05625 0.125
0 0.38875 0.595 0.06 0.1
0 0.32375 0.61125 0.05375 0.1025
0 0.25 0.6375 0.09375 0.1175
0 0.82 0.625 0.04 0.0675
0 0.7725 0.64125 0.045 0.0625
0 0.715 0.6625 0.0525 0.0775
0 0.65 0.685 0.06875 0.0725
0 0.76125 0.52 0.045 0.08375
0 0.675 0.43125 0.02375 0.075