0 0.78875 0.49375 0.04375 0.04875
0 0.705 0.55 0.04125 0.04375
0 0.74625 0.63 0.04 0.01375
0 0.7525 0.6 0.04125 0.035
0 0.79625 0.60625 0.025 0.04375
0 0.795 0.66 0.04125 0.0475
0 0.84875 0.665 0.05125 0.04125
0 0.8475 0.6125 0.0475 0.05375
0 0.84875 0.5025 0.04375 0.04125
0 0.7525 0.55375 0.04125 0.045
0 0.85 0.55125 0.04 0.0425
0 0.8 0.54875 0.0425 0.04875
0 0.73875 0.49375 0.0425 0.05125
0 0.3625 0.17625 0.04 0.03125
0 0.69 0.49625 0.04 0.05125
0 0.2275 0.55875 0.0475 0.04375
0 0.3775 0.50125 0.03125 0.04375
0 0.3825 0.555 0.0325 0.04375
0 0.43875 0.4925 0.035 0.1
0 0.50125 0.505 0.02125 0.04375
0 0.50375 0.55125 0.02375 0.04625
0 0.54125 0.5525 0.04125 0.04375
0 0.5425 0.505 0.0425 0.03625
0 0.54 0.47125 0.03875 0.02
0 0.5925 0.46875 0.04125 0.0125
0 0.595 0.555 0.05 0.04625
0 0.5925 0.505 0.0475 0.04
0 0.74875 0.665 0.0475 0.04125
0 0.64125 0.50375 0.045 0.035
0 0.64 0.46875 0.0425 0.0175
0 0.65 0.55125 0.04875 0.04375
0 0.69625 0.64125 0.04375 0.02125
0 0.24 0.67 0.0475 0.0375
0 0.52625 0.66375 0.05 0.045
0 0.3125 0.7775 0.06 0.02875
0 0.3075 0.73375 0.06125 0.0425
0 0.39 0.77625 0.06875 0.03625
0 0.40875 0.735 0.0575 0.0275
0 0.4625 0.7725 0.04375 0.04125
0 0.4625 0.70875 0.03625 0.04375
0 0.52875 0.73125 0.05375 0.04375
0 0.315 0.09125 0.0375 0.0375
0 0.275 0.09375 0.03375 0.035
0 0.235 0.1 0.02875 0.03125
0 0.27875 0.1775 0.03375 0.035
0 0.40625 0.10125 0.0275 0.04375
0 0.41 0.175 0.03375 0.03625
0 0.40375 0.14125 0.0325 0.0225
0 0.365 0.13625 0.0375 0.025
0 0.3175 0.135 0.03375 0.03125
0 0.275 0.135 0.0375 0.03125
0 0.2325 0.13625 0.035 0.02375
0 0.19375 0.13625 0.0275 0.03375
0 0.24 0.735 0.05625 0.04125
0 0.69375 0.60625 0.0475 0.0425
0 0.4475 0.09625 0.04125 0.04375
0 0.49875 0.135 0.04125 0.0375
0 0.465 0.66375 0.0475 0.04375
0 0.31875 0.17625 0.0375 0.03625
0 0.24875 0.62625 0.05625 0.03625
0 0.3 0.66875 0.04875 0.0375
0 0.355 0.6675 0.04 0.045
0 0.41 0.66 0.045 0.035
0 0.155 0.6075 0.05625 0.05
0 0.1575 0.66375 0.06125 0.055
0 0.2025 0.6175 0.01875 0.05375
0 0.2 0.675 0.0125 0.0425
0 0.165 0.7275 0.07375 0.05625
0 0.165 0.7775 0.0725 0.03375
0 0.23875 0.77875 0.05375 0.03
0 0.15875 0.105 0.02875 0.03625
0 0.1575 0.1425 0.025 0.03
0 0.1575 0.1775 0.025 0.03625
0 0.2 0.18 0.0375 0.04
0 0.24 0.17875 0.03625 0.0425
0 0.4475 0.1375 0.04 0.03
0 0.49375 0.095 0.04 0.0375
0 0.1975 0.0975 0.02875 0.035
0 0.60625 0.3125 0.04375 0.0375
0 0.3325 0.55625 0.04625 0.0425
0 0.72875 0.80625 0.05 0.01375
0 0.775 0.80875 0.02625 0.0225
0 0.7775 0.8425 0.03125 0.025
0 0.73375 0.83375 0.05625 0.03125
0 0.8375 0.825 0.075 0.04625
0 0.28125 0.5575 0.04375 0.04375
0 0.84 0.7125 0.055 0.04
0 0.84375 0.76875 0.0625 0.045
0 0.78125 0.75625 0.04 0.07375
0 0.74 0.7575 0.03125 0.0775
0 0.7025 0.7525 0.035 0.06875
0 0.65625 0.77625 0.05 0.04125
0 0.6575 0.725 0.04875 0.04
0 0.59375 0.725 0.05625 0.04125
0 0.5925 0.77625 0.0575 0.0375
0 0.525 0.775 0.05875 0.03625
0 0.27875 0.30375 0.0425 0.0575
0 0.7375 0.8775 0.05125 0.03625
0 0.78125 0.8775 0.03125 0.03375
0 0.64625 0.8225 0.04625 0.03125
0 0.6325 0.87 0.02625 0.05375
0 0.2725 0.2525 0.04375 0.03375
0 0.21875 0.25375 0.05 0.03125
0 0.33375 0.3025 0.05375 0.0575
0 0.4725 0.86875 0.02875 0.0425
0 0.42875 0.8725 0.03375 0.03625
0 0.385 0.8725 0.0375 0.02625
0 0.47375 0.83 0.0375 0.045
0 0.42875 0.83375 0.03625 0.03375
0 0.2275 0.30375 0.04875 0.0625
0 0.37875 0.8325 0.04375 0.0425
0 0.3325 0.8725 0.04 0.0375
0 0.2725 0.83 0.0625 0.03
0 0.2775 0.875 0.05 0.04375
0 0.22375 0.86 0.025 0.07875
0 0.17375 0.885 0.06625 0.02875
0 0.16625 0.8425 0.0675 0.04625
0 0.6925 0.8675 0.0225 0.05125
0 0.665 0.87 0.01875 0.05125
0 0.3325 0.8275 0.04 0.04
0 0.1775 0.315 0.0325 0.04
0 0.14 0.3175 0.02875 0.035
0 0.17125 0.27625 0.03125 0.035
0 0.81125 0.11 0.0375 0.0375
0 0.79125 0.06375 0.055 0.025
0 0.86 0.2375 0.02625 0.0625
0 0.8625 0.3025 0.025 0.05125
0 0.80125 0.30375 0.025 0.0425
0 0.8 0.25625 0.0325 0.04375
0 0.7675 0.23875 0.0225 0.0625
0 0.73125 0.2575 0.03375 0.03375
0 0.81375 0.1625 0.03625 0.04875
0 0.715 0.3075 0.04375 0.03875
0 0.66125 0.31 0.0475 0.0375
0 0.7 0.2575 0.01875 0.04125
0 0.66 0.27125 0.0475 0.035
0 0.655 0.23 0.0375 0.03375
0 0.60375 0.22375 0.0525 0.045
0 0.5525 0.23125 0.03125 0.0225
0 0.55 0.27125 0.04375 0.0375
0 0.60625 0.27125 0.04375 0.03875
0 0.76375 0.30875 0.04125 0.04375
0 0.32875 0.25375 0.05375 0.035
0 0.76125 0.165 0.0425 0.04375
0 0.71 0.10625 0.03625 0.06375
0 0.1375 0.28125 0.02375 0.03
0 0.16625 0.23125 0.03375 0.0375
0 0.135 0.2375 0.01875 0.04375
0 0.45125 0.17375 0.0375 0.03875
0 0.49625 0.175 0.0375 0.035
0 0.54 0.1725 0.03875 0.035
0 0.5425 0.13375 0.03625 0.03375
0 0.53625 0.0925 0.03375 0.03625
0 0.755 0.11 0.04375 0.05125
0 0.57875 0.09375 0.0375 0.03875
0 0.66375 0.09375 0.0325 0.0325
0 0.66875 0.1275 0.04125 0.0325
0 0.625 0.13125 0.03875 0.03625
0 0.58125 0.1325 0.03375 0.0325
0 0.5825 0.17125 0.03875 0.04
0 0.6225 0.1725 0.0325 0.0375
0 0.6675 0.16875 0.0375 0.035
0 0.71 0.165 0.03375 0.0475
0 0.62125 0.09375 0.035 0.03375
0 0.38875 0.2525 0.05 0.0375
0 0.83625 0.875 0.065 0.0375
0 0.44625 0.30625 0.04625 0.0425
0 0.6925 0.37875 0.0425 0.045
0 0.7525 0.37375 0.04375 0.05625
0 0.8 0.37375 0.03875 0.04875
0 0.84875 0.38375 0.04 0.04625
0 0.8525 0.43125 0.04375 0.0425
0 0.8 0.4275 0.04125 0.05
0 0.75375 0.42875 0.0375 0.04875
0 0.7025 0.4325 0.045 0.04625
0 0.475 0.37875 0.04375 0.03875
0 0.38875 0.43875 0.04625 0.04375
0 0.33125 0.43625 0.04375 0.04375
0 0.32625 0.3875 0.0475 0.04125
0 0.3875 0.39625 0.04125 0.0325
0 0.39 0.30375 0.04875 0.04875
0 0.55125 0.31375 0.04875 0.03375
0 0.4975 0.30625 0.0475 0.05
0 0.5 0.2575 0.04875 0.04
0 0.50125 0.43 0.0525 0.0475
0 0.3875 0.2225 0.045 0.02
0 0.2725 0.51125 0.0525 0.035
0 0.50625 0.22125 0.04875 0.02875
0 0.215 0.51125 0.04875 0.03625
0 0.175 0.53 0.01625 0.1
0 0.33125 0.51 0.05 0.03375
0 0.14125 0.5025 0.03 0.0525
0 0.2125 0.38875 0.05 0.03875
0 0.145 0.56 0.0275 0.0375
0 0.44125 0.25875 0.0425 0.03875
0 0.1625 0.44125 0.05125 0.045
0 0.1575 0.38625 0.05625 0.0525
0 0.2725 0.44 0.04875 0.0425
0 0.27125 0.39 0.04875 0.0525
0 0.44875 0.22375 0.0475 0.01875
0 0.22 0.44 0.04625 0.04625