0 0.39125 0.74125 0.03375 0.08
0 0.46375 0.055 0.04875 0.08625
0 0.50875 0.05875 0.0425 0.08875
0 0.55375 0.05375 0.04375 0.1
0 0.59625 0.055 0.0375 0.10375
0 0.6375 0.05625 0.0425 0.1025
0 0.6775 0.0575 0.0325 0.1025
0 0.715 0.05625 0.04125 0.10625
0 0.75875 0.05875 0.04625 0.1025
0 0.80625 0.0575 0.04375 0.10375
0 0.8475 0.0575 0.03375 0.1025
0 0.14375 0.04625 0.035 0.09125
0 0.145 0.20125 0.03375 0.09375
0 0.18375 0.2025 0.03875 0.09375
0 0.22375 0.20375 0.0425 0.0975
0 0.41625 0.0525 0.045 0.0925
0 0.2675 0.20375 0.0425 0.095
0 0.35 0.20625 0.04 0.0975
0 0.39125 0.20625 0.045 0.09625
0 0.43625 0.21 0.0375 0.09625
0 0.47375 0.21 0.0325 0.0925
0 0.515 0.21125 0.04625 0.09
0 0.55625 0.21625 0.03 0.095
0 0.5925 0.2125 0.0425 0.10125
0 0.63375 0.21125 0.0375 0.1
0 0.675 0.2125 0.04125 0.09875
0 0.71375 0.2125 0.035 0.1
0 0.75125 0.215 0.0375 0.09375
0 0.79 0.21375 0.03625 0.09125
0 0.82625 0.215 0.035 0.095
0 0.86 0.21375 0.03 0.09625
0 0.31 0.20625 0.0375 0.09875
0 0.36875 0.0525 0.04625 0.08875
0 0.3225 0.05125 0.04375 0.09
0 0.2775 0.05125 0.045 0.08875
0 0.35875 0.73875 0.0325 0.085
0 0.855 0.88625 0.0375 0.115
0 0.82375 0.88125 0.025 0.125
0 0.79375 0.875 0.0325 0.11
0 0.76125 0.89375 0.03125 0.0725
0 0.7275 0.895 0.035 0.0725
0 0.69375 0.89375 0.03 0.075
0 0.66125 0.89125 0.035 0.06875
0 0.6275 0.88875 0.0325 0.075
0 0.59375 0.89 0.0325 0.0775
0 0.56 0.89 0.0325 0.07875
0 0.5275 0.89 0.03375 0.0725
0 0.49375 0.88875 0.03125 0.07375
0 0.46125 0.8875 0.03125 0.07125
0 0.43 0.875 0.02875 0.0975
0 0.39875 0.86875 0.02625 0.11375
0 0.3675 0.86875 0.03125 0.115
0 0.23125 0.04875 0.0425 0.09
0 0.59375 0.74125 0.03625 0.08375
0 0.6275 0.7475 0.03 0.07375
0 0.66125 0.7475 0.03625 0.07875
0 0.6975 0.7475 0.0325 0.085
0 0.7325 0.7525 0.03625 0.075
0 0.145 0.35 0.04 0.08625
0 0.77 0.75375 0.04125 0.0775
0 0.83625 0.7575 0.0325 0.10375
0 0.165 0.865 0.04 0.1125
0 0.20375 0.8625 0.0325 0.1125
0 0.235 0.86375 0.03125 0.1175
0 0.26875 0.865 0.035 0.1175
0 0.31875 0.86375 0.05875 0.1175
0 0.805 0.76 0.0275 0.0625
0 0.185 0.35 0.0375 0.085
0 0.185 0.05 0.045 0.09125
0 0.26 0.3525 0.0375 0.0875
0 0.49625 0.74375 0.03 0.0775
0 0.46125 0.74375 0.0375 0.08125
0 0.42625 0.7425 0.0325 0.0825
0 0.80125 0.5 0.03125 0.0875
0 0.835 0.5 0.035 0.0875
0 0.15875 0.61625 0.0425 0.085
0 0.19875 0.61375 0.04 0.08375
0 0.23625 0.615 0.03375 0.08625
0 0.27 0.61625 0.03125 0.085
0 0.3025 0.615 0.03375 0.08375
0 0.34 0.62125 0.03625 0.0775
0 0.375 0.62 0.03125 0.0775
0 0.41375 0.6225 0.03875 0.0775
0 0.44875 0.62375 0.03125 0.08
0 0.48125 0.62375 0.035 0.0775
0 0.5475 0.6275 0.035 0.075
0 0.58375 0.62375 0.03125 0.08
0 0.32125 0.73875 0.0425 0.08375
0 0.22125 0.35125 0.03375 0.0875
0 0.28625 0.73375 0.0275 0.09375
0 0.25625 0.73125 0.03 0.09375
0 0.225 0.73125 0.0325 0.09375
0 0.19125 0.7325 0.0325 0.0925
0 0.53 0.74625 0.03875 0.07
0 0.15875 0.73125 0.03 0.09375
0 0.78625 0.635 0.03 0.075
0 0.7525 0.63375 0.03125 0.07125
0 0.71875 0.63375 0.03125 0.07
0 0.6825 0.62625 0.035 0.07625
0 0.6475 0.62375 0.0325 0.08
0 0.615 0.63 0.03 0.06875
0 0.82 0.6375 0.0375 0.07125
0 0.5625 0.74 0.02625 0.085
0 0.515 0.625 0.03 0.07875
0 0.73125 0.5 0.04 0.09
0 0.81 0.36 0.0325 0.09625
0 0.77375 0.35875 0.04 0.095
0 0.73625 0.35875 0.03375 0.095
0 0.6975 0.36 0.03875 0.09625
0 0.61875 0.36375 0.04125 0.09375
0 0.57375 0.3625 0.04375 0.09375
0 0.85 0.35875 0.04875 0.0975
0 0.535 0.36 0.035 0.0925
0 0.45875 0.35875 0.03875 0.0875
0 0.4225 0.35625 0.03125 0.09375
0 0.385 0.35375 0.0425 0.09125
0 0.7675 0.5 0.03375 0.0925
0 0.34375 0.355 0.04125 0.08625
0 0.295 0.35375 0.0325 0.08625
0 0.4975 0.36125 0.0375 0.09
0 0.1525 0.48625 0.0375 0.08625
0 0.6575 0.35875 0.04 0.09625
0 0.18625 0.48625 0.03125 0.08375
0 0.6925 0.49875 0.0325 0.09
0 0.6575 0.4975 0.03875 0.08875
0 0.62125 0.495 0.03125 0.0975
0 0.58125 0.49 0.045 0.09125
0 0.54125 0.4925 0.03125 0.0825
0 0.475 0.49375 0.03375 0.09
0 0.4375 0.49125 0.03375 0.08625
0 0.50875 0.49375 0.03375 0.08875
0 0.3675 0.48875 0.03625 0.08875
0 0.33125 0.48875 0.0325 0.085
0 0.29625 0.4875 0.035 0.08625
0 0.26125 0.4875 0.035 0.085
0 0.2225 0.4875 0.03875 0.08625
0 0.4025 0.49125 0.03375 0.08625