0 0.44375 0.92375 0.025 0.02875
0 0.385 0.60125 0.0775 0.08375
0 0.56375 0.19875 0.0375 0.0775
0 0.52625 0.1975 0.0325 0.08125
0 0.49 0.195 0.03375 0.08625
0 0.45625 0.19625 0.03 0.0825
0 0.42 0.19125 0.04 0.09
0 0.3825 0.18875 0.0325 0.09125
0 0.345 0.1875 0.04 0.0925
0 0.305 0.18875 0.035 0.09125
0 0.2675 0.19125 0.03625 0.08375
0 0.22125 0.17875 0.03625 0.10875
0 0.1875 0.1825 0.02125 0.1
0 0.15625 0.21375 0.0375 0.0375
0 0.4575 0.46625 0.03625 0.08875
0 0.49375 0.47 0.03125 0.08125
0 0.60125 0.2 0.0375 0.0775
0 0.5275 0.47 0.02875 0.08
0 0.59375 0.47375 0.025 0.07625
0 0.62875 0.46125 0.0375 0.105
0 0.665 0.46 0.03 0.10125
0 0.7 0.46125 0.0325 0.1025
0 0.34625 0.46375 0.0375 0.09375
0 0.77 0.46125 0.0325 0.105
0 0.845 0.82375 0.0575 0.07125
0 0.785 0.82125 0.05 0.07375
0 0.725 0.83125 0.0575 0.05375
0 0.6575 0.82 0.06625 0.0675
0 0.84875 0.9 0.01875 0.025
0 0.81125 0.89875 0.045 0.0425
0 0.76875 0.91625 0.03 0.04625
0 0.805 0.46125 0.03625 0.10625
0 0.56125 0.47125 0.0375 0.08375
0 0.64 0.21 0.03375 0.0625
0 0.675 0.1875 0.03375 0.11
0 0.715 0.19125 0.03875 0.09875
0 0.31 0.4625 0.03375 0.09
0 0.2725 0.46125 0.035 0.095
0 0.23875 0.4625 0.0275 0.0825
0 0.21125 0.465 0.02625 0.085
0 0.465 0.59375 0.0775 0.09875
0 0.1775 0.42875 0.02 0.0525
0 0.15625 0.42875 0.02 0.0475
0 0.84875 0.35375 0.05125 0.0525
0 0.80125 0.36125 0.0375 0.04625
0 0.76125 0.32625 0.03875 0.11125
0 0.72125 0.32375 0.03875 0.1075
0 0.6825 0.32375 0.03625 0.11125
0 0.645 0.34 0.035 0.07875
0 0.6075 0.33875 0.0375 0.07875
0 0.56625 0.33875 0.03875 0.08
0 0.52875 0.34 0.0375 0.08125
0 0.49 0.33875 0.03875 0.08375
0 0.7475 0.1925 0.025 0.10125
0 0.77625 0.20625 0.03 0.08125
0 0.80625 0.20625 0.0275 0.07875
0 0.84 0.18625 0.035 0.1175
0 0.1375 0.3025 0.01625 0.07875
0 0.15625 0.30125 0.01625 0.0775
0 0.845 0.46375 0.035 0.1025
0 0.18125 0.3025 0.0225 0.06875
0 0.25375 0.31875 0.04 0.10625
0 0.295 0.31625 0.04 0.10625
0 0.335 0.31875 0.04 0.10625
0 0.37625 0.3325 0.035 0.0875
0 0.4125 0.335 0.0375 0.0825
0 0.45125 0.33625 0.03625 0.07875
0 0.2125 0.3125 0.03875 0.11125
0 0.1375 0.52125 0.0125 0.05125
0 0.735 0.46 0.035 0.10375
0 0.1375 0.59625 0.01375 0.0525
0 0.70625 0.66625 0.0425 0.015
0 0.82 0.70125 0.06 0.02125
0 0.8225 0.74625 0.07375 0.06
0 0.765 0.7125 0.02875 0.11
0 0.165 0.88375 0.0425 0.1
0 0.13375 0.88375 0.0175 0.10375
0 0.21875 0.83 0.04 0.0575
0 0.2575 0.83125 0.03375 0.05625
0 0.29 0.8275 0.0225 0.05875
0 0.315 0.8275 0.0225 0.06
0 0.345 0.81875 0.03125 0.07625
0 0.38125 0.81875 0.03625 0.07125
0 0.44 0.82 0.07625 0.07625
0 0.51625 0.82125 0.07 0.0725
0 0.155 0.5225 0.015 0.05125
0 0.20375 0.92125 0.02125 0.02125
0 0.23625 0.90625 0.01875 0.0225
0 0.72 0.7325 0.05625 0.0825
0 0.28125 0.91375 0.0225 0.02625
0 0.66875 0.71625 0.02875 0.1175
0 0.56625 0.73 0.055 0.0875
0 0.39 0.545 0.07 0.02125
0 0.54625 0.59375 0.075 0.10125
0 0.62375 0.59 0.0775 0.1025
0 0.70625 0.59375 0.08625 0.11
0 0.785 0.5975 0.0675 0.10125
0 0.8475 0.6 0.055 0.105
0 0.1475 0.775 0.0325 0.03375
0 0.18 0.785 0.02625 0.01
0 0.17875 0.775 0.02375 0.0075
0 0.1775 0.76625 0.02625 0.0075
0 0.1825 0.75625 0.0225 0.00875
0 0.23625 0.7275 0.07625 0.07875
0 0.31375 0.73 0.07625 0.07625
0 0.39 0.725 0.07125 0.08625
0 0.4525 0.74 0.045 0.06
0 0.45375 0.69 0.04625 0.035
0 0.51 0.72125 0.05375 0.08
0 0.625 0.73125 0.0525 0.08625
0 0.25875 0.91125 0.015 0.02
0 0.58625 0.81875 0.065 0.06875
0 0.30625 0.9125 0.01625 0.02375
0 0.27 0.8925 0.01875 0.0125
0 0.57 0.92625 0.02 0.025
0 0.60125 0.91 0.02375 0.0225
0 0.62625 0.9 0.01875 0.025
0 0.64625 0.89375 0.0125 0.02375
0 0.66875 0.90625 0.0225 0.01875
0 0.37 0.8925 0.02125 0.015
0 0.69875 0.90625 0.015 0.04625
0 0.725 0.91625 0.02125 0.05
0 0.23625 0.58625 0.07625 0.10375
0 0.16375 0.7075 0.03125 0.01375
0 0.16875 0.69 0.03375 0.02
0 0.135 0.69125 0.02 0.055
0 0.18375 0.59625 0.01375 0.0525
0 0.16 0.59625 0.01375 0.0525
0 0.52125 0.90875 0.02875 0.0275
0 0.4875 0.885 0.025 0.025
0 0.5475 0.91 0.02125 0.02625
0 0.41875 0.465 0.03625 0.09125
0 0.325 0.9175 0.01875 0.02375
0 0.34375 0.90375 0.0175 0.02
0 0.375 0.91125 0.0225 0.01875
0 0.40875 0.91125 0.01875 0.02125
0 0.46125 0.88625 0.025 0.0275
0 0.31 0.585 0.06625 0.10125