0 0.35625 0.8875 0.04625 0.06125
0 0.6575 0.4675 0.06 0.0825
0 0.5475 0.69 0.0325 0.06875
0 0.51125 0.68875 0.04 0.06625
0 0.47875 0.68875 0.02125 0.0675
0 0.44625 0.68875 0.04125 0.0675
0 0.40875 0.6875 0.0325 0.07
0 0.36875 0.68875 0.04375 0.07375
0 0.33125 0.69125 0.03125 0.06875
0 0.83125 0.5775 0.0425 0.06125
0 0.79 0.57625 0.04 0.06125
0 0.75 0.5775 0.0375 0.0625
0 0.7125 0.57625 0.0375 0.0625
0 0.67 0.58 0.0375 0.05625
0 0.63125 0.5825 0.0375 0.06125
0 0.59375 0.58 0.035 0.065
0 0.57625 0.68875 0.02375 0.06875
0 0.555 0.58125 0.035 0.06125
0 0.4825 0.5775 0.03625 0.06
0 0.4475 0.5775 0.0325 0.0625
0 0.41125 0.5775 0.03875 0.065
0 0.375 0.57875 0.0325 0.06125
0 0.3375 0.5775 0.0375 0.06
0 0.305 0.58125 0.025 0.0575
0 0.265 0.5775 0.0375 0.05375
0 0.22625 0.5775 0.0375 0.05625
0 0.19 0.57 0.0325 0.055
0 0.155 0.5725 0.03375 0.05875
0 0.84125 0.48 0.035 0.0425
0 0.80625 0.47375 0.0325 0.05625
0 0.77375 0.47375 0.02875 0.0575
0 0.7425 0.47375 0.02875 0.05875
0 0.52 0.57875 0.035 0.06125
0 0.7075 0.48125 0.0375 0.04625
0 0.61125 0.68875 0.0425 0.06875
0 0.69625 0.6875 0.04125 0.06625
0 0.14375 0.85625 0.03625 0.025
0 0.1475 0.895 0.04125 0.04375
0 0.865 0.7975 0.02 0.05625
0 0.8325 0.7925 0.0175 0.05375
0 0.80375 0.7975 0.03625 0.05875
0 0.76625 0.79125 0.0325 0.0575
0 0.7275 0.79125 0.03375 0.05875
0 0.6825 0.79125 0.04 0.06125
0 0.63375 0.7925 0.03375 0.05875
0 0.59625 0.79125 0.0375 0.06125
0 0.54375 0.795 0.0375 0.05375
0 0.5075 0.79625 0.03375 0.05625
0 0.47 0.79625 0.0325 0.05625
0 0.4325 0.79375 0.03625 0.05875
0 0.65375 0.68875 0.04 0.06875
0 0.395 0.795 0.035 0.0575
0 0.3275 0.79125 0.03625 0.06125
0 0.14375 0.7825 0.035 0.07
0 0.2875 0.795 0.0375 0.05625
0 0.255 0.785 0.02375 0.0575
0 0.22125 0.78125 0.03625 0.05375
0 0.1875 0.78125 0.03125 0.055
0 0.29125 0.6875 0.03375 0.0625
0 0.25375 0.69125 0.0325 0.05875
0 0.225 0.685 0.025 0.06125
0 0.19875 0.68 0.02125 0.05375
0 0.1625 0.6825 0.04 0.06375
0 0.84375 0.6875 0.04375 0.0675
0 0.8025 0.69 0.03625 0.07
0 0.76375 0.69 0.0425 0.06875
0 0.36375 0.78625 0.0225 0.05
0 0.40125 0.89125 0.03875 0.065
0 0.785 0.8925 0.0325 0.06125
0 0.54125 0.47375 0.05125 0.06125
0 0.6375 0.26875 0.04125 0.07875
0 0.6 0.27 0.03125 0.07875
0 0.56625 0.27375 0.03125 0.0725
0 0.53125 0.275 0.03625 0.07
0 0.495 0.2725 0.03625 0.075
0 0.46 0.275 0.0275 0.075
0 0.43125 0.2775 0.0275 0.06875
0 0.40125 0.27625 0.0275 0.0675
0 0.37125 0.2625 0.0325 0.03
0 0.365 0.2975 0.03875 0.03375
0 0.3275 0.28875 0.0325 0.05
0 0.29375 0.2875 0.03125 0.05
0 0.3375 0.2375 0.03625 0.0475
0 0.29875 0.23125 0.035 0.06
0 0.67875 0.2675 0.03625 0.08
0 0.26125 0.23 0.03625 0.0525
0 0.1825 0.22625 0.03875 0.04625
0 0.24875 0.28375 0.03875 0.05125
0 0.2075 0.2825 0.03625 0.05375
0 0.16875 0.28125 0.03875 0.0575
0 0.44 0.89125 0.0375 0.06
0 0.48375 0.89375 0.045 0.06
0 0.53 0.8925 0.04375 0.065
0 0.575 0.89125 0.03625 0.07375
0 0.61625 0.88875 0.0475 0.07625
0 0.6625 0.88875 0.04 0.07375
0 0.70625 0.89 0.045 0.06625
0 0.75 0.8925 0.03375 0.06375
0 0.82125 0.89875 0.035 0.05
0 0.85875 0.89875 0.0325 0.05
0 0.2225 0.2275 0.04 0.05125
0 0.5975 0.46875 0.05875 0.08125
0 0.71 0.2725 0.02 0.06375
0 0.775 0.265 0.03 0.08
0 0.48625 0.47375 0.055 0.06625
0 0.43 0.4725 0.05625 0.065
0 0.38 0.485 0.0425 0.045
0 0.33375 0.48375 0.04625 0.04625
0 0.25 0.45 0.07 0.0375
0 0.24875 0.48875 0.0675 0.03625
0 0.19375 0.47625 0.0375 0.05875
0 0.15375 0.475 0.03875 0.05625
0 0.86375 0.375 0.02125 0.04375
0 0.83625 0.37625 0.03375 0.04375
0 0.80375 0.37625 0.02625 0.04375
0 0.77125 0.375 0.03125 0.04375
0 0.7375 0.375 0.03375 0.04625
0 0.70625 0.37625 0.0275 0.04625
0 0.7375 0.27375 0.02875 0.0575
0 0.6725 0.375 0.0375 0.0525
0 0.5525 0.3725 0.0375 0.05875
0 0.51 0.375 0.04 0.06
0 0.4675 0.37375 0.04 0.0625
0 0.42625 0.37625 0.04 0.0575
0 0.39125 0.3775 0.02625 0.0475
0 0.3525 0.3775 0.04375 0.05125
0 0.31875 0.37625 0.02125 0.05125
0 0.25125 0.3775 0.02375 0.04125
0 0.22 0.37875 0.035 0.04375
0 0.18625 0.3775 0.0275 0.04125
0 0.15375 0.3825 0.0325 0.03875
0 0.285 0.37375 0.04375 0.0525
0 0.855 0.25625 0.03875 0.09375
0 0.8125 0.255 0.0375 0.0975
0 0.6325 0.38 0.04 0.045