0 0.065 0.6725 0.04 0.04375
0 0.215 0.80625 0.04875 0.04375
0 0.1675 0.80125 0.0425 0.05375
0 0.12 0.805 0.045 0.0525
0 0.0725 0.805 0.0425 0.05125
0 0.0275 0.80375 0.04 0.05875
0 0.51375 0.72875 0.06875 0.0425
0 0.60125 0.7725 0.1 0.0525
0 0.7325 0.75 0.0925 0.04875
0 0.835 0.7525 0.0925 0.06
0 0.21125 0.76 0.0425 0.0425
0 0.53875 0.45375 0.05625 0.065
0 0.0825 0.25625 0.04625 0.08
0 0.6975 0.355 0.06625 0.0725
0 0.20625 0.24875 0.04375 0.0825
0 0.15375 0.255 0.0475 0.08125
0 0.0225 0.2525 0.04375 0.07875
0 0.7875 0.1625 0.08125 0.07125
0 0.6725 0.16 0.0875 0.06875
0 0.57 0.16125 0.085 0.07125
0 0.4725 0.15875 0.10375 0.06625
0 0.065 0.16 0.065 0.06875
0 0.13875 0.1625 0.06125 0.0725
0 0.2675 0.16125 0.0525 0.07125
0 0.2 0.1625 0.04375 0.07375
0 0.35125 0.15375 0.09375 0.0575
0 0.3425 0.79375 0.09875 0.0475
0 0.2575 0.75875 0.04125 0.04375
0 0.26 0.80375 0.0375 0.03875
0 0.43375 0.7675 0.08125 0.05125
0 0.9425 0.635 0.03125 0.0475
0 0.91125 0.6325 0.02875 0.04875
0 0.8775 0.64375 0.03 0.0525
0 0.84875 0.6425 0.015 0.05125
0 0.82375 0.65 0.02625 0.05375
0 0.2725 0.25375 0.0525 0.08625
0 0.8 0.64125 0.015 0.05
0 0.33375 0.23 0.0475 0.085
0 0.43375 0.23625 0.04375 0.07625
0 0.35875 0.35375 0.085 0.08
0 0.92375 0.35625 0.07125 0.07125
0 0.8325 0.35625 0.06375 0.06875
0 0.76375 0.355 0.06125 0.07
0 0.15625 0.34625 0.0625 0.0825
0 0.62 0.355 0.0825 0.0725
0 0.53125 0.35375 0.0825 0.0725
0 0.445 0.35625 0.08375 0.07375
0 0.60875 0.4575 0.05375 0.0625
0 0.66375 0.46625 0.0525 0.045
0 0.71375 0.45 0.05 0.06
0 0.76375 0.44125 0.04 0.065
0 0.08 0.3475 0.0625 0.08625
0 0.02375 0.3475 0.0475 0.08125
0 0.95375 0.2375 0.04125 0.0675
0 0.905 0.2375 0.04875 0.07125
0 0.795 0.24125 0.06875 0.08
0 0.705 0.24 0.06875 0.07625
0 0.62125 0.23875 0.07125 0.0775
0 0.54375 0.23625 0.04375 0.07375
0 0.49375 0.23875 0.04 0.0775
0 0.38375 0.2325 0.04375 0.08125
0 0.77625 0.6525 0.0275 0.05375
0 0.7475 0.64875 0.0275 0.0525
0 0.71625 0.645 0.02875 0.05625
0 0.87125 0.54375 0.03 0.03125
0 0.98 0.5425 0.0375 0.0625
0 0.9375 0.54375 0.04 0.0625
0 0.02125 0.6725 0.0375 0.05125
0 0.98 0.35875 0.03625 0.065
0 0.03125 0.45125 0.05625 0.08125
0 0.0875 0.45375 0.05 0.08375
0 0.145 0.4525 0.0625 0.07625
0 0.21375 0.455 0.06875 0.075
0 0.27 0.45625 0.04125 0.075
0 0.3225 0.4575 0.055 0.065
0 0.395 0.455 0.05625 0.0625
0 0.45875 0.45625 0.04 0.06375
0 0.4325 0.645 0.0225 0.05
0 0.45375 0.635 0.0125 0.05
0 0.37 0.63125 0.0925 0.0475
0 0.275 0.65875 0.085 0.06625
0 0.18875 0.64125 0.04625 0.045
0 0.1875 0.68125 0.04625 0.03125
0 0.1475 0.67 0.03125 0.045
0 0.1075 0.675 0.04125 0.04375
0 0.8275 0.54125 0.0425 0.075
0 0.7775 0.5425 0.04875 0.06875
0 0.71625 0.53375 0.04125 0.05625
0 0.66875 0.54375 0.05375 0.05875
0 0.66875 0.65 0.03 0.05125
0 0.62125 0.6375 0.025 0.0475
0 0.645 0.6375 0.0125 0.04625
0 0.69 0.6425 0.00875 0.0425
0 0.59 0.6525 0.03125 0.0525
0 0.55875 0.64125 0.025 0.05
0 0.5275 0.64 0.0325 0.05125
0 0.47625 0.64125 0.0275 0.05
0 0.8325 0.4525 0.0475 0.06625
0 0.88875 0.455 0.05 0.06375
0 0.28125 0.34875 0.05625 0.0875
0 0.22125 0.3475 0.0575 0.0825
0 0.94 0.45375 0.045 0.06625
0 0.985 0.455 0.03 0.06125
0 0.0125 0.57125 0.025 0.04125
0 0.05375 0.56625 0.04375 0.05375
0 0.1225 0.54125 0.04625 0.05625
0 0.18 0.55375 0.055 0.0575
0 0.38125 0.545 0.1 0.0375
0 0.4875 0.5575 0.09375 0.05375
0 0.56375 0.5525 0.04875 0.0575
0 0.615 0.5425 0.04375 0.05875
0 0.5 0.62375 0.01875 0.0475