0 0.50875 0.145 0.0875 0.015
0 0.63625 0.14125 0.05125 0.04375
0 0.68375 0.0925 0.0525 0.05125
0 0.63125 0.09375 0.0525 0.05125
0 0.58125 0.14375 0.05 0.0425
0 0.58 0.095 0.04875 0.05
0 0.51125 0.16125 0.08625 0.01375
0 0.50875 0.1075 0.08625 0.0475
0 0.1625 0.1375 0.065 0.065
0 0.42 0.11125 0.085 0.05125
0 0.345 0.14375 0.05875 0.0475
0 0.28875 0.145 0.05375 0.04375
0 0.16 0.07375 0.0625 0.04625
0 0.6875 0.14125 0.05125 0.045
0 0.2275 0.0925 0.0575 0.04875
0 0.22875 0.1425 0.06125 0.0425
0 0.285 0.095 0.055 0.04875
0 0.345 0.09625 0.0575 0.0475
0 0.42125 0.1625 0.09 0.01375
0 0.74375 0.14 0.04875 0.0525
0 0.24125 0.2025 0.06625 0.025
0 0.79625 0.14125 0.0525 0.04625
0 0.75 0.2325 0.05125 0.0475
0 0.69625 0.23125 0.05375 0.05
0 0.64375 0.2325 0.04875 0.0475
0 0.5925 0.2325 0.05 0.05125
0 0.5225 0.285 0.08625 0.04125
0 0.47875 0.2475 0.04625 0.02125
0 0.3525 0.285 0.055 0.04
0 0.2925 0.285 0.05625 0.0425
0 0.795 0.09 0.05125 0.0525
0 0.35375 0.24 0.0575 0.0425
0 0.36 0.20375 0.06125 0.025
0 0.3025 0.20625 0.045 0.0225
0 0.23125 0.28625 0.05625 0.0425
0 0.23625 0.24125 0.0575 0.0425
0 0.17 0.2875 0.05625 0.0425
0 0.1725 0.2425 0.05375 0.0425
0 0.84875 0.135 0.0425 0.045
0 0.8475 0.08125 0.045 0.06
0 0.295 0.24125 0.0525 0.0425
0 0.43125 0.285 0.08625 0.0425
0 0.6 0.3625 0.0475 0.045
0 0.78875 0.22625 0.02375 0.0175
0 0.18375 0.86375 0.1 0.05125
0 0.74 0.78625 0.05375 0.04625
0 0.67375 0.78625 0.06875 0.045
0 0.73875 0.7375 0.05125 0.04625
0 0.67375 0.73875 0.07125 0.045
0 0.60125 0.78625 0.06875 0.045
0 0.59625 0.74 0.0775 0.03875
0 0.5175 0.79875 0.08375 0.01125
0 0.52 0.785 0.08375 0.015
0 0.51625 0.76625 0.08 0.01875
0 0.51625 0.745 0.0725 0.01125
0 0.425 0.79875 0.0875 0.01375
0 0.1875 0.925 0.09 0.0525
0 0.8 0.24875 0.0475 0.0225
0 0.4275 0.755 0.08875 0.0125
0 0.44375 0.725 0.08 0.01125
0 0.42875 0.74 0.085 0.01375
0 0.3425 0.79125 0.0675 0.03625
0 0.345 0.74875 0.07125 0.04
0 0.26875 0.79125 0.0725 0.03625
0 0.27125 0.75 0.07 0.04
0 0.19625 0.7925 0.06875 0.04
0 0.195 0.75 0.07125 0.0375
0 0.1425 0.79 0.0275 0.0375
0 0.1425 0.74875 0.0275 0.0425
0 0.84625 0.655 0.04625 0.03625
0 0.4325 0.77125 0.085 0.0125
0 0.84625 0.61125 0.04625 0.04
0 0.275 0.84875 0.0725 0.01875
0 0.27375 0.87375 0.075 0.02
0 0.84125 0.7675 0.05625 0.04375
0 0.845 0.72875 0.05 0.03375
0 0.83875 0.9175 0.0625 0.0325
0 0.835 0.865 0.055 0.0675
0 0.79 0.93375 0.025 0.03875
0 0.79375 0.89125 0.02375 0.04125
0 0.79375 0.84875 0.02625 0.04
0 0.74125 0.93375 0.065 0.04125
0 0.74375 0.8925 0.06875 0.03875
0 0.74375 0.85125 0.07 0.03875
0 0.6725 0.9375 0.0675 0.04
0 0.6725 0.8925 0.06625 0.04125
0 0.3525 0.84375 0.07625 0.01875
0 0.6725 0.85 0.06875 0.0375
0 0.60125 0.89375 0.0675 0.03875
0 0.6025 0.85125 0.0675 0.03625
0 0.51875 0.92875 0.0825 0.04875
0 0.52 0.88125 0.0825 0.04
0 0.52375 0.84875 0.07625 0.0125
0 0.43125 0.93375 0.08375 0.05125
0 0.4325 0.87875 0.08 0.045
0 0.34375 0.94125 0.07375 0.03625
0 0.27125 0.94125 0.06875 0.0375
0 0.345 0.90125 0.07375 0.0375
0 0.27375 0.9025 0.06625 0.03375
0 0.35 0.87 0.07 0.0225
0 0.60125 0.93625 0.06625 0.04125
0 0.72 0.6675 0.0575 0.0425
0 0.425 0.78375 0.08625 0.01125
0 0.65875 0.66875 0.055 0.0475
0 0.17625 0.5025 0.07 0.045
0 0.85125 0.38625 0.0375 0.07875
0 0.74625 0.40875 0.0375 0.0425
0 0.74375 0.35875 0.02125 0.04875
0 0.7175 0.36125 0.02625 0.04375
0 0.7 0.41375 0.0475 0.04875
0 0.68875 0.36125 0.01875 0.05
0 0.6475 0.41125 0.05 0.0475
0 0.65125 0.36 0.05125 0.04875
0 0.5975 0.4125 0.04625 0.04625
0 0.445 0.4175 0.0675 0.02875
0 0.37125 0.41125 0.0575 0.04375
0 0.1725 0.5475 0.065 0.04
0 0.3825 0.3675 0.05875 0.035
0 0.2475 0.415 0.0575 0.04375
0 0.30875 0.3675 0.06 0.0425
0 0.24875 0.36625 0.055 0.04375
0 0.185 0.415 0.05625 0.04125
0 0.1875 0.37 0.05625 0.03875
0 0.14 0.415 0.0225 0.0425
0 0.14125 0.37125 0.025 0.04625
0 0.80375 0.285 0.04625 0.0475
0 0.75 0.28375 0.0525 0.05
0 0.6975 0.28375 0.04875 0.05
0 0.64625 0.28375 0.05125 0.04875
0 0.59375 0.2825 0.04875 0.04875
0 0.6625 0.62 0.05625 0.045
0 0.2425 0.4925 0.06 0.05
0 0.3075 0.41375 0.05625 0.045
0 0.37125 0.49125 0.0625 0.04375
0 0.3025 0.4925 0.0625 0.045
0 0.59875 0.6675 0.05875 0.0425
0 0.60375 0.62125 0.0525 0.04125
0 0.43 0.66375 0.08875 0.0475
0 0.43 0.61375 0.0875 0.04125
0 0.33125 0.67375 0.07875 0.0375
0 0.32875 0.6325 0.08 0.04375
0 0.25 0.63125 0.06875 0.04375
0 0.33375 0.59875 0.07375 0.01375
0 0.2575 0.59875 0.07625 0.01375
0 0.175 0.67375 0.07 0.04125
0 0.17875 0.62875 0.065 0.04125
0 0.8475 0.5325 0.0375 0.06375
0 0.25125 0.67375 0.07625 0.0325
0 0.72625 0.54375 0.06125 0.04625
0 0.24125 0.54375 0.0575 0.045
0 0.79125 0.54375 0.05875 0.0525
0 0.3 0.54375 0.0575 0.04625
0 0.36125 0.54125 0.06375 0.0475
0 0.4325 0.5425 0.07375 0.01625
0 0.4325 0.55875 0.06625 0.015
0 0.4325 0.525 0.0725 0.0175
0 0.595 0.4925 0.06 0.045
0 0.59625 0.5425 0.06 0.04625
0 0.6575 0.4925 0.06125 0.04625
0 0.66125 0.5425 0.06375 0.0475
0 0.71875 0.48875 0.05625 0.0475