0 0.75875 0.555 0.0675 0.04625
0 0.44875 0.37625 0.07875 0.0525
0 0.2275 0.68875 0.075 0.04375
0 0.225 0.64125 0.0775 0.04875
0 0.4475 0.42875 0.075 0.04875
0 0.1575 0.69125 0.06375 0.04625
0 0.5275 0.37625 0.07625 0.05125
0 0.52375 0.42875 0.07625 0.05
0 0.6075 0.37625 0.07875 0.05375
0 0.6 0.43 0.075 0.04875
0 0.68625 0.37625 0.07875 0.05375
0 0.67875 0.43 0.075 0.0475
0 0.7575 0.42875 0.075 0.0475
0 0.76375 0.375 0.07 0.05125
0 0.215 0.51125 0.085 0.04625
0 0.2175 0.5625 0.085 0.04625
0 0.3 0.51 0.07875 0.04875
0 0.365 0.42875 0.08125 0.05125
0 0.4575 0.50625 0.0725 0.04875
0 0.53375 0.50875 0.07125 0.0475
0 0.60875 0.5075 0.075 0.0475
0 0.68625 0.5075 0.075 0.05
0 0.76125 0.50625 0.07125 0.0475
0 0.3 0.56 0.07625 0.04625
0 0.38125 0.55875 0.08 0.04625
0 0.4575 0.5575 0.07125 0.04625
0 0.535 0.55625 0.0725 0.045
0 0.61 0.55625 0.06875 0.04625
0 0.685 0.55625 0.075 0.045
0 0.155 0.6425 0.05875 0.04625
0 0.38 0.50875 0.07875 0.05
0 0.28125 0.375 0.08625 0.05125
0 0.2825 0.42875 0.0825 0.05125
0 0.37125 0.04125 0.08125 0.06125
0 0.36875 0.12125 0.0875 0.0925
0 0.2775 0.12 0.0925 0.09375
0 0.2725 0.035 0.09625 0.07
0 0.54625 0.0425 0.08125 0.08375
0 0.54375 0.12875 0.08125 0.0875
0 0.61625 0.04375 0.0525 0.08625
0 0.61375 0.13 0.0525 0.08375
0 0.68625 0.04375 0.08125 0.0875
0 0.6825 0.1325 0.08 0.085
0 0.755 0.045 0.05375 0.08875
0 0.75 0.13375 0.05 0.08625
0 0.81125 0.045 0.05375 0.08875
0 0.80625 0.135 0.055 0.08625
0 0.36625 0.375 0.0825 0.05125
0 0.2375 0.23 0.08625 0.0575
0 0.325 0.23 0.085 0.06
0 0.32625 0.28875 0.0825 0.055
0 0.40875 0.23125 0.0825 0.05875
0 0.41125 0.29 0.08125 0.05375
0 0.49375 0.23375 0.08125 0.05375
0 0.49375 0.28875 0.08125 0.05375
0 0.57625 0.235 0.08 0.05625
0 0.575 0.29125 0.07375 0.0525
0 0.64125 0.2775 0.04875 0.0825
0 0.69375 0.2775 0.05375 0.08125
0 0.74625 0.2775 0.045 0.08125
0 0.195 0.375 0.0825 0.0525
0 0.30375 0.6375 0.07625 0.04375
0 0.19625 0.42875 0.08125 0.05
0 0.24 0.2875 0.0875 0.055
0 0.4575 0.0375 0.08875 0.075
0 0.305 0.6875 0.07625 0.04375
0 0.38125 0.6825 0.075 0.04375
0 0.49625 0.8925 0.06875 0.04
0 0.5675 0.89125 0.0675 0.04125
0 0.635 0.8875 0.0625 0.03625
0 0.705 0.88625 0.06375 0.035
0 0.76625 0.86875 0.04375 0.075
0 0.8125 0.865 0.0425 0.06625
0 0.855 0.8625 0.03875 0.06625
0 0.6025 0.6775 0.07 0.04375
0 0.675 0.6775 0.06875 0.04125
0 0.7475 0.675 0.07125 0.045
0 0.825 0.61 0.07125 0.08
0 0.80625 0.70375 0.0425 0.07375
0 0.16875 0.76125 0.05 0.04125
0 0.21875 0.75875 0.05 0.045
0 0.27 0.7575 0.04875 0.0425
0 0.31875 0.75625 0.0475 0.04625
0 0.17 0.80625 0.04875 0.04375
0 0.42625 0.89375 0.06875 0.0425
0 0.22 0.805 0.045 0.0425
0 0.355 0.9 0.07125 0.0375
0 0.21 0.90625 0.075 0.04
0 0.52625 0.795 0.0675 0.04375
0 0.60125 0.75 0.07 0.04
0 0.6 0.795 0.06875 0.03875
0 0.675 0.74625 0.06875 0.0375
0 0.67125 0.79125 0.065 0.03875
0 0.745 0.7425 0.0675 0.035
0 0.74125 0.7875 0.06625 0.03875
0 0.80125 0.78625 0.03875 0.06
0 0.8475 0.7825 0.04125 0.05625
0 0.20375 0.865 0.07625 0.0375
0 0.28 0.86 0.0725 0.0375
0 0.3525 0.8575 0.07 0.03625
0 0.4275 0.8525 0.0675 0.0375
0 0.4975 0.8525 0.06625 0.035
0 0.565 0.85 0.07 0.04
0 0.63625 0.84625 0.0675 0.0375
0 0.70625 0.84375 0.07125 0.04375
0 0.2825 0.9025 0.06875 0.04625
0 0.27125 0.80125 0.04875 0.04125
0 0.4575 0.1225 0.08625 0.0925
0 0.4175 0.79875 0.04375 0.0425
0 0.45625 0.63375 0.075 0.04375
0 0.455 0.68 0.0725 0.04375
0 0.53 0.6325 0.07 0.04875
0 0.6025 0.63125 0.07 0.045
0 0.67625 0.63 0.07125 0.0475
0 0.74875 0.62875 0.0725 0.04625
0 0.53 0.68 0.07375 0.0425
0 0.46625 0.7975 0.04625 0.04125
0 0.38125 0.635 0.0725 0.045
0 0.36875 0.80125 0.04625 0.04
0 0.52625 0.75 0.07 0.04375
0 0.465 0.7525 0.0475 0.0475
0 0.41625 0.75375 0.04375 0.045
0 0.37 0.75625 0.04875 0.0425
0 0.32125 0.80125 0.04625 0.04