0 0.50125 0.67125 0.00875 0.105
0 0.4875 0.67125 0.01625 0.105
0 0.42875 0.6625 0.01375 0.09375
0 0.41125 0.66375 0.01875 0.09125
0 0.38 0.6625 0.015 0.09
0 0.36375 0.66375 0.0175 0.0875
0 0.3325 0.6675 0.0175 0.11125
0 0.3175 0.66875 0.0125 0.11125
0 0.3025 0.67 0.01375 0.1125
0 0.2825 0.67 0.025 0.1125
0 0.24125 0.67375 0.02625 0.11
0 0.76875 0.54125 0.0225 0.09125
0 0.74625 0.545 0.01125 0.10375
0 0.735 0.545 0.00875 0.1125
0 0.72 0.545 0.0175 0.10875
0 0.70375 0.54625 0.01125 0.11
0 0.6925 0.5475 0.0125 0.10625
0 0.67875 0.54625 0.0125 0.10125
0 0.405 0.545 0.02875 0.0975
0 0.44625 0.55 0.02875 0.10625
0 0.4775 0.53875 0.02625 0.1
0 0.51 0.55 0.0125 0.1
0 0.5225 0.54875 0.01 0.1025
0 0.53625 0.55125 0.01875 0.1
0 0.515 0.67125 0.01875 0.105
0 0.56375 0.55 0.01375 0.1
0 0.58125 0.55125 0.0075 0.09625
0 0.5925 0.55 0.01125 0.09625
0 0.615 0.54625 0.01125 0.09625
0 0.625 0.545 0.00875 0.09875
0 0.6375 0.54625 0.01625 0.1025
0 0.665 0.54625 0.0125 0.0975
0 0.57375 0.55125 0.00625 0.09875
0 0.54 0.67375 0.01 0.08875
0 0.5475 0.67625 0.00625 0.08875
0 0.5675 0.675 0.01625 0.08625
0 0.3625 0.7875 0.01375 0.08625
0 0.3775 0.7775 0.01 0.085
0 0.3875 0.77875 0.01125 0.08375
0 0.40375 0.7875 0.01625 0.1
0 0.43 0.7875 0.0175 0.095
0 0.45625 0.8 0.01625 0.105
0 0.34875 0.78625 0.01375 0.08875
0 0.5 0.7775 0.0475 0.07875
0 0.58125 0.8675 0.03125 0.09125
0 0.62875 0.87375 0.025 0.0775
0 0.67 0.87125 0.02625 0.07375
0 0.72 0.87375 0.025 0.0825
0 0.755 0.87625 0.0325 0.07875
0 0.62625 0.775 0.07 0.04375
0 0.54625 0.86625 0.0325 0.085
0 0.355 0.55125 0.0275 0.10375
0 0.335 0.78375 0.0125 0.085
0 0.7675 0.76875 0.025 0.025
0 0.5825 0.675 0.0125 0.085
0 0.59625 0.66875 0.01 0.09125
0 0.60375 0.66875 0.00625 0.09125
0 0.61375 0.6675 0.01125 0.0925
0 0.62625 0.67125 0.01125 0.0875
0 0.63875 0.67 0.01375 0.085
0 0.31875 0.7825 0.01625 0.0875
0 0.66375 0.68125 0.02375 0.1125
0 0.69625 0.68375 0.0125 0.115
0 0.70875 0.685 0.01 0.11375
0 0.72 0.68625 0.0125 0.11875
0 0.75125 0.695 0.02375 0.11875
0 0.7725 0.695 0.015 0.11875
0 0.74 0.76875 0.02625 0.025
0 0.6825 0.68125 0.0125 0.11125
0 0.31125 0.5425 0.02875 0.1
0 0.555 0.675 0.0075 0.08875
0 0.7775 0.42625 0.005 0.095
0 0.53 0.28 0.0125 0.11875
0 0.51625 0.28 0.0125 0.1175
0 0.47625 0.29 0.01125 0.10875
0 0.4625 0.2875 0.015 0.1025
0 0.435 0.28625 0.02375 0.1075
0 0.3875 0.275 0.025 0.11
0 0.34125 0.2875 0.02125 0.11125
0 0.3125 0.28 0.0275 0.1075
0 0.275 0.28125 0.015 0.1
0 0.25875 0.2825 0.01625 0.1
0 0.23625 0.29 0.02375 0.11
0 0.77125 0.1425 0.01625 0.10625
0 0.74875 0.14875 0.01625 0.105
0 0.73375 0.15 0.0125 0.10625
0 0.70375 0.14875 0.015 0.1075
0 0.6725 0.1475 0.025 0.10625
0 0.6375 0.14875 0.01625 0.1125
0 0.26 0.55625 0.03125 0.1025
0 0.245 0.1325 0.0275 0.10875
0 0.29 0.14125 0.025 0.1125
0 0.3175 0.14625 0.025 0.11125
0 0.35875 0.14 0.0275 0.11625
0 0.40125 0.1425 0.0275 0.12125
0 0.56 0.29125 0.01375 0.1
0 0.44625 0.1475 0.02875 0.115
0 0.505 0.14625 0.0175 0.11625
0 0.53375 0.14125 0.015 0.11375
0 0.55125 0.14125 0.0175 0.11
0 0.575 0.145 0.0125 0.115
0 0.59 0.1425 0.0125 0.11
0 0.62125 0.15 0.015 0.11125
0 0.4875 0.14625 0.01625 0.115
0 0.575 0.28875 0.01625 0.1025
0 0.71875 0.14625 0.0125 0.1125
0 0.60125 0.415 0.01625 0.105
0 0.52375 0.41875 0.015 0.1025
0 0.55125 0.4125 0.015 0.10125
0 0.5675 0.41125 0.01625 0.10375
0 0.58625 0.41625 0.01125 0.10125
0 0.63 0.41 0.0175 0.10125
0 0.6475 0.41 0.01625 0.10125
0 0.49 0.4275 0.01625 0.1
0 0.67 0.42125 0.0175 0.1025
0 0.72 0.425 0.01625 0.09625
0 0.73375 0.4275 0.01 0.09375
0 0.74625 0.42875 0.0125 0.09625
0 0.7625 0.42625 0.01 0.0975
0 0.595 0.28875 0.01 0.1025
0 0.77125 0.42625 0.00625 0.09625
0 0.69 0.42125 0.02 0.1025
0 0.475 0.4275 0.0125 0.0975
0 0.50875 0.41875 0.01375 0.1025
0 0.45 0.415 0.015 0.1
0 0.60875 0.28875 0.01875 0.105
0 0.645 0.2875 0.025 0.10375
0 0.68 0.2825 0.02375 0.1075
0 0.6975 0.2875 0.00875 0.105
0 0.70875 0.28875 0.0125 0.105
0 0.745 0.27875 0.01375 0.11125
0 0.77375 0.28625 0.01 0.11
0 0.22875 0.41875 0.02 0.1025
0 0.76125 0.27625 0.015 0.11375
0 0.32875 0.41375 0.025 0.10125
0 0.3625 0.4125 0.0225 0.10625
0 0.3975 0.415 0.0175 0.10125
0 0.4125 0.41375 0.01375 0.09875
0 0.4375 0.41625 0.01125 0.0975
0 0.2825 0.41375 0.02125 0.10125