0 0.39125 0.27125 0.015 0.075
0 0.3375 0.26375 0.01875 0.08375
0 0.31875 0.25625 0.01625 0.08125
0 0.3 0.255 0.02 0.0825
0 0.27625 0.2525 0.02375 0.08875
0 0.25375 0.25125 0.02125 0.09625
0 0.22875 0.24875 0.02375 0.09375
0 0.2025 0.245 0.025 0.1
0 0.17375 0.24375 0.02875 0.1075
0 0.14375 0.23625 0.0275 0.1125
0 0.11 0.23375 0.03375 0.115
0 0.0775 0.2275 0.03125 0.12125
0 0.0375 0.2225 0.04375 0.13
0 0.35625 0.26625 0.01625 0.08375
0 0.205 0.47125 0.01125 0.03
0 0.05 0.545 0.02 0.0475
0 0.19 0.4725 0.01375 0.0325
0 0.2625 0.3625 0.0175 0.08625
0 0.28125 0.36375 0.0175 0.08
0 0.3 0.36125 0.015 0.08125
0 0.3125 0.36125 0.01125 0.07625
0 0.32875 0.36 0.0175 0.08125
0 0.375 0.26875 0.015 0.07625
0 0.3625 0.3575 0.01375 0.07375
0 0.37875 0.35625 0.0125 0.0725
0 0.24375 0.365 0.015 0.08875
0 0.3925 0.35625 0.0125 0.07125
0 0.42375 0.27375 0.01625 0.07125
0 0.40625 0.35875 0.0125 0.07375
0 0.41875 0.35625 0.01125 0.06625
0 0.43 0.355 0.01 0.065
0 0.4425 0.35625 0.01 0.06
0 0.4525 0.355 0.01 0.06
0 0.46375 0.35375 0.0125 0.05875
0 0.02 0.505 0.02625 0.0825
0 0.44125 0.275 0.01375 0.06875
0 0.225 0.365 0.0175 0.09
0 0.20375 0.36625 0.02125 0.09125
0 0.18 0.36625 0.02125 0.09625
0 0.1775 0.515 0.01375 0.03375
0 0.16 0.51875 0.0175 0.03875
0 0.17375 0.47875 0.0175 0.03375
0 0.15375 0.48125 0.02 0.03375
0 0.12875 0.525 0.02125 0.03625
0 0.1075 0.53125 0.01625 0.0375
0 0.09 0.53625 0.01625 0.0425
0 0.1275 0.4875 0.0225 0.0375
0 0.105 0.4925 0.01375 0.03875
0 0.085 0.49375 0.02375 0.0375
0 0.07125 0.54125 0.01625 0.0425
0 0.40625 0.2725 0.01625 0.07125
0 0.4575 0.28375 0.015 0.07
0 0.0125 0.37625 0.025 0.1225
0 0.04875 0.3775 0.03875 0.12125
0 0.08125 0.3725 0.025 0.11625
0 0.1075 0.37 0.02375 0.10625
0 0.1325 0.37125 0.02375 0.10625
0 0.1575 0.3675 0.0225 0.0975
0 0.19375 0.51 0.015 0.03375
0 0.34625 0.35875 0.015 0.0775
0 0.36625 0.70375 0.01875 0.02375
0 0.38125 0.5075 0.0175 0.02875
0 0.31625 0.7 0.01875 0.02875
0 0.3625 0.51375 0.0175 0.0275
0 0.34375 0.52 0.01875 0.02875
0 0.3275 0.56375 0.0125 0.03
0 0.31125 0.57375 0.02125 0.0325
0 0.32375 0.52625 0.015 0.0275
0 0.305 0.53375 0.02 0.03
0 0.32 0.73625 0.0175 0.0275
0 0.33875 0.6825 0.02375 0.0225
0 0.34 0.71625 0.02125 0.0275
0 0.35 0.64 0.01875 0.0275
0 0.37125 0.6275 0.0175 0.03
0 0.36 0.67375 0.0175 0.02875
0 0.285 0.5825 0.025 0.03375
0 0.2525 0.59 0.0275 0.0375
0 0.255 0.55125 0.03 0.03375
0 0.16625 0.6275 0.04 0.0325
0 0.3775 0.66125 0.02 0.025
0 0.12875 0.64375 0.03375 0.03625
0 0.09125 0.66125 0.0375 0.045
0 0.12 0.59375 0.03875 0.0425
0 0.39875 0.50125 0.01625 0.02625
0 0.29875 0.755 0.02375 0.035
0 0.2925 0.71625 0.02625 0.02875
0 0.27625 0.765 0.02125 0.03375
0 0.15625 0.85625 0.035 0.03125
0 0.145 0.815 0.03875 0.04125
0 0.1375 0.76875 0.035 0.03375
0 0.13375 0.72 0.0425 0.035
0 0.4175 0.52625 0.01625 0.025
0 0.40125 0.535 0.01625 0.02875
0 0.37875 0.53875 0.015 0.02125
0 0.36125 0.54875 0.01875 0.02375
0 0.3425 0.5525 0.01375 0.02375
0 0.18375 0.7925 0.03375 0.03125
0 0.0775 0.60875 0.03875 0.045
0 0.19375 0.83 0.03375 0.0275
0 0.205 0.72875 0.02875 0.035
0 0.21125 0.765 0.03 0.02625
0 0.2225 0.8075 0.02625 0.03375
0 0.2325 0.67 0.02125 0.03625
0 0.26 0.65375 0.0275 0.03
0 0.235 0.71125 0.02125 0.035
0 0.26125 0.69125 0.02875 0.0275
0 0.24 0.7475 0.01625 0.0325
0 0.265 0.73 0.02875 0.03
0 0.2525 0.7875 0.025 0.03
0 0.20375 0.6825 0.035 0.0325
0 0.1725 0.70125 0.02875 0.04125
0 0.035 0.6125 0.0225 0.075
0 0.4025 0.445 0.00875 0.0525
0 0.0125 0.62375 0.02375 0.085
0 0.32125 0.47875 0.00875 0.025
0 0.31 0.48 0.01 0.02625
0 0.3 0.485 0.0075 0.02625
0 0.29125 0.485 0.01 0.02625
0 0.28125 0.4875 0.00875 0.02625
0 0.27 0.49 0.01 0.03125
0 0.315 0.45 0.0125 0.02875
0 0.3025 0.45125 0.01 0.02625
0 0.28875 0.45375 0.01375 0.025
0 0.2775 0.45875 0.0075 0.0275
0 0.2675 0.45875 0.01 0.0275
0 0.25875 0.4925 0.01 0.03125
0 0.25625 0.46125 0.00875 0.03125
0 0.24875 0.495 0.01125 0.03
0 0.245 0.46125 0.015 0.03125
0 0.235 0.5 0.01125 0.03375
0 0.22125 0.50125 0.0125 0.03125
0 0.23 0.46375 0.01125 0.03
0 0.21875 0.46875 0.01 0.03
0 0.2075 0.5075 0.01 0.03375
0 0.34 0.4575 0.00875 0.05625
0 0.34875 0.45625 0.01 0.05375
0 0.33 0.46 0.00875 0.06
0 0.3675 0.45125 0.00875 0.05
0 0.3825 0.69375 0.015 0.02875
0 0.35875 0.45625 0.00875 0.0525
0 0.1725 0.7525 0.03 0.03625
0 0.37875 0.44625 0.01125 0.05375
0 0.39125 0.44375 0.01125 0.055