0 0.56125 0.28875 0.02125 0.0125
0 0.34125 0.2575 0.07125 0.01375
0 0.25 0.325 0.06125 0.02375
0 0.25125 0.3025 0.06125 0.0175
0 0.24875 0.28375 0.05625 0.0175
0 0.25375 0.24875 0.0675 0.01875
0 0.24125 0.1975 0.04375 0.02125
0 0.24 0.17375 0.03875 0.0225
0 0.2975 0.1975 0.0625 0.02
0 0.3 0.17125 0.05875 0.0225
0 0.43125 0.19875 0.065 0.01875
0 0.32125 0.315 0.07625 0.015
0 0.3225 0.33125 0.0775 0.01625
0 0.4025 0.28875 0.06125 0.01375
0 0.3975 0.3075 0.07 0.02125
0 0.39875 0.33 0.0675 0.02
0 0.47375 0.27 0.0675 0.01625
0 0.47 0.29 0.07 0.02125
0 0.47 0.30875 0.06875 0.0175
0 0.47 0.33125 0.0675 0.02125
0 0.545 0.30625 0.07125 0.01875
0 0.545 0.3275 0.0725 0.01875
0 0.61875 0.265 0.07375 0.02
0 0.62125 0.28625 0.075 0.02
0 0.62125 0.30875 0.075 0.01875
0 0.62125 0.32875 0.07375 0.02
0 0.69 0.26625 0.06375 0.01625
0 0.32125 0.29875 0.07625 0.015
0 0.32625 0.2825 0.07125 0.01375
0 0.38375 0.56125 0.07 0.015
0 0.695 0.3075 0.0725 0.01625
0 0.24375 0.52 0.04625 0.02
0 0.24375 0.54 0.0475 0.02
0 0.24375 0.56125 0.05 0.02
0 0.325 0.47875 0.065 0.0125
0 0.32625 0.495 0.0675 0.0125
0 0.32375 0.5075 0.0625 0.0125
0 0.3225 0.52 0.0575 0.01125
0 0.31125 0.54625 0.0725 0.01375
0 0.24875 0.44625 0.05625 0.02
0 0.31 0.5625 0.07375 0.01625
0 0.385 0.545 0.07125 0.015
0 0.53625 0.28875 0.02625 0.01125
0 0.39375 0.47875 0.06125 0.0125
0 0.395 0.49375 0.06125 0.0125
0 0.395 0.50625 0.06125 0.0125
0 0.45875 0.5475 0.06875 0.01375
0 0.45875 0.56375 0.06875 0.01625
0 0.53125 0.4875 0.0625 0.01875
0 0.38875 0.525 0.06375 0.0175
0 0.24875 0.42625 0.05625 0.01875
0 0.25 0.40625 0.05125 0.02
0 0.31125 0.4475 0.0625 0.01875
0 0.695 0.3275 0.075 0.02
0 0.75875 0.3625 0.04375 0.06125
0 0.67875 0.4275 0.065 0.02
0 0.68 0.44875 0.065 0.01875
0 0.74375 0.45625 0.0325 0.04375
0 0.59375 0.4075 0.06625 0.02
0 0.59375 0.43 0.07 0.01875
0 0.59625 0.44875 0.06875 0.0175
0 0.52375 0.4075 0.06375 0.01875
0 0.5225 0.42875 0.06375 0.0175
0 0.525 0.44875 0.07 0.01875
0 0.45375 0.41625 0.07125 0.01375
0 0.45125 0.4325 0.0725 0.015
0 0.45125 0.45 0.07375 0.01625
0 0.3775 0.41 0.065 0.01875
0 0.38 0.43 0.06875 0.0175
0 0.3775 0.44875 0.0675 0.01875
0 0.3125 0.4075 0.0575 0.01875
0 0.3125 0.4275 0.05875 0.01875
0 0.69625 0.2875 0.07 0.01875
0 0.755 0.775 0.05125 0.09625
0 0.4575 0.65125 0.0625 0.01875
0 0.6925 0.7875 0.0625 0.01625
0 0.66 0.55 0.08125 0.01875
0 0.67 0.6425 0.06625 0.01875
0 0.66625 0.66 0.065 0.01625
0 0.6675 0.67625 0.065 0.01625
0 0.74 0.555 0.0375 0.06625
0 0.7225 0.645 0.03125 0.08375
0 0.76125 0.64375 0.035 0.08625
0 0.6675 0.5275 0.06875 0.02
0 0.25625 0.6475 0.06625 0.015
0 0.32375 0.595 0.065 0.01625
0 0.32125 0.61625 0.0675 0.01375
0 0.32125 0.635 0.0625 0.02
0 0.32375 0.6525 0.0625 0.01375
0 0.32375 0.67 0.06125 0.01375
0 0.395 0.615 0.0675 0.02
0 0.39 0.6375 0.06375 0.02
0 0.25625 0.66875 0.06625 0.02125
0 0.66375 0.5075 0.06375 0.01875
0 0.66875 0.48625 0.0675 0.01875
0 0.59625 0.4825 0.0575 0.0175
0 0.76375 0.225 0.03375 0.085
0 0.73125 0.15375 0.025 0.11
0 0.7 0.155 0.03 0.105
0 0.6325 0.15125 0.03375 0.11
0 0.59875 0.175 0.02875 0.0675
0 0.565 0.175 0.03375 0.0675
0 0.4975 0.16625 0.02 0.07875
0 0.475 0.16625 0.01875 0.08
0 0.43375 0.16 0.06125 0.02
0 0.43375 0.17875 0.0625 0.01625
0 0.53125 0.50625 0.0625 0.01625
0 0.53 0.5225 0.06375 0.01625
0 0.52375 0.54 0.05125 0.01625
0 0.5275 0.5625 0.0625 0.015
0 0.585 0.545 0.0625 0.0175
0 0.59875 0.525 0.06375 0.01875
0 0.595 0.505 0.0625 0.02
0 0.38875 0.655 0.0625 0.015
0 0.6925 0.815 0.065 0.01125
0 0.38875 0.675 0.0625 0.015
0 0.4625 0.62375 0.05625 0.02
0 0.395 0.7775 0.01625 0.07625
0 0.415 0.76875 0.015 0.075
0 0.435 0.775 0.01875 0.05625
0 0.44375 0.73375 0.01375 0.02125
0 0.4625 0.73 0.015 0.025
0 0.45375 0.775 0.0125 0.06125
0 0.46875 0.77625 0.0175 0.0675
0 0.37625 0.775 0.01875 0.075
0 0.48875 0.77375 0.01875 0.06625
0 0.54125 0.77625 0.0175 0.065
0 0.5675 0.7825 0.01625 0.075
0 0.58875 0.7825 0.01875 0.07625
0 0.63 0.7725 0.05875 0.02125
0 0.62875 0.79375 0.0575 0.0175
0 0.62875 0.8125 0.055 0.0175
0 0.6925 0.8025 0.065 0.01125
0 0.50625 0.775 0.01625 0.07125
0 0.33875 0.775 0.015 0.08125
0 0.25125 0.26625 0.06 0.01375
0 0.32 0.77375 0.0175 0.07625
0 0.45375 0.67375 0.05875 0.02125
0 0.52625 0.60875 0.06375 0.0175
0 0.52625 0.62625 0.06125 0.01375
0 0.52375 0.6425 0.05875 0.015
0 0.5275 0.69625 0.0625 0.01375
0 0.595 0.61875 0.06375 0.01875
0 0.36375 0.17375 0.065 0.0225
0 0.3625 0.1975 0.065 0.0225
0 0.5975 0.64 0.07 0.015
0 0.59625 0.6575 0.07125 0.015
0 0.59375 0.675 0.06375 0.01125
0 0.52625 0.66 0.0625 0.01875
0 0.2275 0.765 0.01625 0.07125
0 0.24625 0.76625 0.015 0.07125
0 0.26375 0.7675 0.0175 0.0725
0 0.2825 0.77 0.015 0.075
0 0.30125 0.77375 0.0175 0.07125
0 0.46375 0.60125 0.05375 0.0225