0 0.4575 0.635 0.03375 0.05125
0 0.245 0.11125 0.09375 0.12875
0 0.3625 0.49 0.0375 0.04
0 0.30875 0.49625 0.035 0.045
0 0.25875 0.49625 0.035 0.04375
0 0.20875 0.4975 0.04125 0.045
0 0.165 0.49375 0.03625 0.055
0 0.16 0.55 0.04875 0.0425
0 0.21125 0.54625 0.04 0.045
0 0.25625 0.54875 0.0375 0.045
0 0.30875 0.5475 0.05 0.05
0 0.36625 0.54375 0.0375 0.0525
0 0.4125 0.54625 0.04625 0.05125
0 0.46375 0.54375 0.03125 0.0425
0 0.4125 0.495 0.03125 0.0425
0 0.51125 0.5475 0.04625 0.045
0 0.61625 0.55 0.03625 0.05375
0 0.6675 0.545 0.03875 0.0525
0 0.71625 0.54875 0.035 0.05
0 0.76875 0.55125 0.03375 0.05
0 0.76625 0.49625 0.04375 0.05
0 0.825 0.49625 0.03375 0.0475
0 0.1775 0.79 0.04125 0.08125
0 0.2275 0.785 0.04375 0.08125
0 0.27375 0.78375 0.0425 0.0825
0 0.31625 0.78875 0.0375 0.085
0 0.35875 0.7875 0.03625 0.08125
0 0.40125 0.785 0.03375 0.0825
0 0.56 0.5525 0.04 0.04875
0 0.46125 0.49375 0.04625 0.05125
0 0.51625 0.495 0.0375 0.0525
0 0.565 0.495 0.0375 0.0475
0 0.40875 0.63375 0.03375 0.05
0 0.40375 0.6875 0.03375 0.04875
0 0.35625 0.68625 0.03375 0.04125
0 0.30375 0.68875 0.035 0.04375
0 0.30625 0.63375 0.03125 0.05
0 0.20625 0.68375 0.04 0.055
0 0.50125 0.68875 0.04 0.0475
0 0.505 0.6325 0.0425 0.05625
0 0.55625 0.63 0.04 0.055
0 0.55375 0.6875 0.0375 0.05
0 0.60125 0.6325 0.04375 0.04875
0 0.60375 0.6875 0.04 0.04625
0 0.155 0.68125 0.0375 0.05875
0 0.25625 0.68625 0.0375 0.0425
0 0.255 0.6325 0.0325 0.05125
0 0.14125 0.78875 0.03 0.08
0 0.65 0.6325 0.0375 0.04875
0 0.65375 0.6875 0.03875 0.04875
0 0.70375 0.63375 0.0425 0.045
0 0.70125 0.685 0.03875 0.04125
0 0.75125 0.635 0.04125 0.05125
0 0.75 0.68625 0.04 0.04375
0 0.8075 0.63375 0.03375 0.0525
0 0.8025 0.68375 0.03375 0.04375
0 0.85375 0.6375 0.03625 0.04875
0 0.85625 0.68875 0.0375 0.04625
0 0.6125 0.49625 0.04125 0.04875
0 0.44875 0.78375 0.035 0.09
0 0.49125 0.78125 0.03625 0.085
0 0.53125 0.78125 0.04125 0.085
0 0.60625 0.79 0.07875 0.08
0 0.5125 0.39 0.06875 0.0875
0 0.4325 0.3875 0.06625 0.08625
0 0.3525 0.38625 0.0625 0.07875
0 0.2775 0.3875 0.065 0.08
0 0.45125 0.69125 0.0425 0.04375
0 0.18875 0.25625 0.09375 0.08
0 0.28875 0.2575 0.08625 0.08875
0 0.385 0.25875 0.08875 0.085
0 0.48125 0.2575 0.085 0.0825
0 0.56625 0.26 0.075 0.0775
0 0.64625 0.25875 0.07 0.085
0 0.725 0.265 0.07 0.07625
0 0.80625 0.25875 0.06125 0.075
0 0.8625 0.14125 0.02375 0.0675
0 0.835 0.14 0.02625 0.0775
0 0.79875 0.13625 0.035 0.08125
0 0.7525 0.1275 0.05 0.09875
0 0.6975 0.13125 0.04875 0.09625
0 0.64875 0.13 0.03375 0.08375
0 0.60875 0.13 0.02875 0.0875
0 0.56875 0.13125 0.0375 0.08625
0 0.53 0.13 0.0325 0.0875
0 0.4875 0.13125 0.03625 0.0875
0 0.445 0.1275 0.03625 0.08625
0 0.40375 0.13 0.0375 0.08875
0 0.3625 0.1325 0.03125 0.07875
0 0.32125 0.12875 0.03125 0.09
0 0.59375 0.39 0.065 0.09375
0 0.16125 0.1075 0.07125 0.13
0 0.66875 0.38875 0.0625 0.08125
0 0.82625 0.38875 0.0775 0.08125
0 0.66875 0.7825 0.04125 0.0975
0 0.71625 0.7775 0.03125 0.09375
0 0.75875 0.7825 0.02125 0.08375
0 0.865 0.93375 0.01875 0.125
0 0.8425 0.93375 0.025 0.125
0 0.81125 0.9325 0.02625 0.12625
0 0.78125 0.93625 0.025 0.115
0 0.75125 0.93875 0.02625 0.1125
0 0.71875 0.93625 0.03 0.115
0 0.685 0.935 0.02625 0.12375
0 0.59875 0.9375 0.02375 0.12
0 0.565 0.9375 0.0275 0.11875
0 0.74125 0.3875 0.05875 0.08625
0 0.53375 0.93375 0.025 0.125
0 0.47375 0.9325 0.0275 0.13
0 0.445 0.93125 0.02625 0.13125
0 0.41 0.935 0.0275 0.125
0 0.37625 0.9375 0.02875 0.11875
0 0.345 0.93625 0.02875 0.12125
0 0.3125 0.93625 0.02875 0.12125
0 0.28125 0.93375 0.02625 0.1225
0 0.24875 0.9325 0.02875 0.13125
0 0.21875 0.93375 0.02625 0.125
0 0.18625 0.935 0.02375 0.1275
0 0.1475 0.93625 0.03 0.125
0 0.8175 0.5525 0.0375 0.0525
0 0.505 0.93375 0.0275 0.13
0 0.19375 0.38375 0.07 0.07875