0 0.74625 0.79125 0.0575 0.03
0 0.51875 0.28 0.0175 0.04625
0 0.4225 0.37 0.025 0.0525
0 0.59625 0.3825 0.0325 0.03
0 0.565 0.38375 0.03 0.0275
0 0.685 0.7925 0.0625 0.025
0 0.4875 0.37875 0.05625 0.03625
0 0.53125 0.38 0.03 0.03625
0 0.6375 0.38375 0.04625 0.02125
0 0.445 0.37125 0.02 0.05125
0 0.73375 0.27125 0.03125 0.0525
0 0.77 0.2725 0.0225 0.05
0 0.26625 0.2025 0.02625 0.0325
0 0.64125 0.795 0.025 0.01625
0 0.6825 0.37875 0.03875 0.03125
0 0.35375 0.275 0.0225 0.0625
0 0.76125 0.37375 0.0375 0.03125
0 0.54125 0.275 0.02125 0.06
0 0.565 0.27875 0.0225 0.05125
0 0.6125 0.26625 0.03125 0.0675
0 0.64375 0.27125 0.03 0.06
0 0.2925 0.2075 0.0225 0.02125
0 0.4775 0.27 0.02125 0.065
0 0.7225 0.3775 0.03875 0.02875
0 0.45375 0.27 0.02375 0.06625
0 0.4025 0.27375 0.02125 0.055
0 0.3775 0.27875 0.02 0.06375
0 0.5 0.27 0.0175 0.065
0 0.33 0.2775 0.0225 0.05625
0 0.30375 0.27375 0.02625 0.0625
0 0.27625 0.2775 0.02625 0.05375
0 0.4275 0.27125 0.02375 0.06125
0 0.31625 0.20625 0.02125 0.0325
0 0.52375 0.78375 0.01875 0.03875
0 0.35875 0.19875 0.0175 0.05125
0 0.4 0.795 0.01625 0.0325
0 0.4175 0.78875 0.015 0.04375
0 0.4325 0.7875 0.015 0.04
0 0.44625 0.785 0.0125 0.0475
0 0.46375 0.78375 0.01625 0.0425
0 0.48 0.78375 0.01625 0.03875
0 0.38375 0.7925 0.01375 0.03125
0 0.365 0.78875 0.02375 0.035
0 0.3175 0.78625 0.06375 0.05125
0 0.76875 0.18875 0.01875 0.055
0 0.745 0.1925 0.025 0.04875
0 0.71 0.19375 0.03625 0.0475
0 0.67375 0.1925 0.02625 0.0475
0 0.63625 0.20125 0.04125 0.02875
0 0.60875 0.1925 0.01375 0.05
0 0.58875 0.18 0.02 0.07625
0 0.57 0.18125 0.01875 0.07625
0 0.375 0.19875 0.015 0.05
0 0.395 0.20875 0.01625 0.02
0 0.41 0.19875 0.01375 0.03875
0 0.4275 0.20125 0.01625 0.045
0 0.4475 0.185 0.02125 0.07875
0 0.5325 0.195 0.015 0.045
0 0.33875 0.19625 0.02125 0.05
0 0.61125 0.79375 0.02375 0.02625
0 0.57625 0.79125 0.01 0.03125
0 0.55875 0.79125 0.0075 0.02875
0 0.5425 0.7875 0.01875 0.0325
0 0.50625 0.785 0.01 0.0425
0 0.495 0.78625 0.0125 0.04125
0 0.5475 0.19375 0.015 0.04875
0 0.59125 0.79125 0.01625 0.03
0 0.3975 0.37125 0.0225 0.0575
0 0.705 0.275 0.0275 0.0475
0 0.33 0.635 0.03125 0.04125
0 0.4425 0.725 0.04375 0.01875
0 0.48125 0.72375 0.03625 0.02375
0 0.5175 0.72375 0.0325 0.025
0 0.5425 0.715 0.0175 0.04375
0 0.57125 0.72625 0.03375 0.025
0 0.6075 0.725 0.03875 0.02625
0 0.64375 0.71 0.0225 0.0475
0 0.67 0.7225 0.02875 0.02375
0 0.70875 0.725 0.035 0.02125
0 0.74375 0.7225 0.03375 0.0275
0 0.2925 0.6425 0.035 0.03
0 0.39625 0.72625 0.04125 0.0225
0 0.45 0.5475 0.04 0.03125
0 0.40125 0.6325 0.03625 0.05
0 0.4425 0.63625 0.035 0.02875
0 0.48625 0.635 0.0475 0.03125
0 0.53375 0.635 0.04625 0.035
0 0.5825 0.6275 0.04875 0.0525
0 0.64 0.63125 0.0475 0.04875
0 0.68625 0.64125 0.03875 0.03125
0 0.7225 0.63625 0.025 0.0475
0 0.75 0.63625 0.0275 0.04625
0 0.2925 0.54125 0.035 0.0425
0 0.32625 0.54125 0.0275 0.0475
0 0.36125 0.64375 0.0325 0.02875
0 0.35625 0.725 0.0375 0.0225
0 0.32125 0.72625 0.02875 0.02125
0 0.48875 0.5475 0.0325 0.03
0 0.3675 0.37125 0.01875 0.05375
0 0.34375 0.375 0.02625 0.045
0 0.31625 0.37125 0.0225 0.06
0 0.29 0.3725 0.02625 0.05375
0 0.755 0.45375 0.04375 0.03625
0 0.695 0.45625 0.0775 0.03
0 0.63 0.4525 0.02875 0.03875
0 0.6025 0.44625 0.0225 0.055
0 0.57125 0.46 0.03 0.03125
0 0.5375 0.4625 0.0325 0.02625
0 0.49875 0.46 0.03625 0.025
0 0.46125 0.46125 0.0325 0.02125
0 0.42625 0.4575 0.02875 0.0275
0 0.395 0.45375 0.0325 0.0375
0 0.3625 0.45625 0.03 0.04125
0 0.33 0.45625 0.03375 0.0425
0 0.295 0.455 0.03375 0.04125
0 0.75375 0.53 0.0225 0.05625
0 0.72375 0.5475 0.03875 0.02
0 0.6775 0.54875 0.05125 0.0225
0 0.63375 0.54625 0.02125 0.03625
0 0.67625 0.27375 0.02625 0.04625
0 0.61375 0.5475 0.02 0.0275
0 0.58125 0.5475 0.03875 0.02375
0 0.53875 0.54875 0.04625 0.02
0 0.36625 0.54625 0.04375 0.03
0 0.40875 0.54625 0.03875 0.03