0 0.22 0.30625 0.03625 0.11625
0 0.42125 0.3125 0.0275 0.08
0 0.26625 0.31875 0.0375 0.06
0 0.2975 0.32 0.01875 0.06625
0 0.325 0.33 0.03 0.04375
0 0.35875 0.3175 0.03125 0.0725
0 0.39125 0.315 0.02625 0.0775
0 0.4525 0.315 0.02875 0.08375
0 0.56125 0.30875 0.0575 0.0875
0 0.5175 0.3125 0.03 0.07875
0 0.18125 0.30625 0.04125 0.11125
0 0.6175 0.31375 0.0475 0.075
0 0.6675 0.31625 0.0425 0.07625
0 0.7225 0.325 0.06375 0.0575
0 0.79375 0.2925 0.07125 0.0975
0 0.85375 0.29625 0.04125 0.1025
0 0.48625 0.31375 0.0325 0.08125
0 0.14375 0.325 0.03625 0.08
0 0.73375 0.19375 0.0175 0.06875
0 0.8 0.18625 0.045 0.08125
0 0.14875 0.18 0.0325 0.09375
0 0.18875 0.16625 0.025 0.115
0 0.21875 0.18 0.0225 0.09
0 0.25125 0.17875 0.025 0.08375
0 0.2975 0.185 0.04875 0.0775
0 0.3375 0.18375 0.03125 0.08
0 0.37625 0.1725 0.03625 0.1125
0 0.4175 0.165 0.03 0.10625
0 0.45625 0.2125 0.03625 0.0225
0 0.50125 0.1825 0.055 0.09125
0 0.54875 0.17125 0.02125 0.10625
0 0.5775 0.1725 0.03125 0.10375
0 0.61125 0.18625 0.0275 0.07875
0 0.6475 0.1675 0.03125 0.10875
0 0.68 0.1825 0.03 0.095
0 0.71 0.19 0.02125 0.06375
0 0.705 0.8975 0.03375 0.01
0 0.175 0.45125 0.03375 0.10625
0 0.7625 0.18875 0.025 0.0725
0 0.855 0.18375 0.04 0.09
0 0.2075 0.4625 0.02375 0.07875
0 0.31375 0.42625 0.0225 0.10375
0 0.2625 0.42625 0.03125 0.11125
0 0.33375 0.56375 0.02 0.065
0 0.35375 0.56625 0.01125 0.06625
0 0.3725 0.5625 0.0175 0.07125
0 0.39125 0.56375 0.0175 0.0725
0 0.41375 0.56 0.01875 0.07375
0 0.435 0.5675 0.01875 0.06875
0 0.45375 0.56375 0.015 0.07125
0 0.47375 0.56375 0.02125 0.06875
0 0.495 0.56 0.015 0.06625
0 0.5125 0.5625 0.0175 0.0725
0 0.535 0.5625 0.02 0.07625
0 0.55375 0.5625 0.015 0.07
0 0.57125 0.5625 0.015 0.06625
0 0.58875 0.5625 0.01875 0.07
0 0.61 0.56125 0.02125 0.07125
0 0.63125 0.56125 0.0175 0.07
0 0.65125 0.56125 0.0125 0.06875
0 0.31375 0.56375 0.01625 0.065
0 0.2925 0.565 0.02125 0.0625
0 0.27 0.565 0.02 0.11125
0 0.2325 0.58875 0.035 0.11
0 0.29 0.42875 0.02375 0.09375
0 0.33875 0.42625 0.01875 0.10125
0 0.37 0.44875 0.03375 0.0675
0 0.43125 0.43875 0.02125 0.08125
0 0.455 0.4375 0.01875 0.085
0 0.48375 0.425 0.0325 0.105
0 0.55 0.44875 0.025 0.0525
0 0.57875 0.45 0.025 0.06
0 0.23625 0.4675 0.02 0.08375
0 0.6075 0.45 0.0225 0.055
0 0.66 0.44375 0.025 0.065
0 0.7025 0.43 0.045 0.09625
0 0.74 0.4275 0.0275 0.0975
0 0.84375 0.40625 0.06125 0.09625
0 0.775 0.4075 0.0375 0.0975
0 0.14 0.4475 0.0275 0.1125
0 0.145 0.5975 0.03875 0.1
0 0.1875 0.59125 0.04625 0.10875
0 0.63375 0.45 0.025 0.055
0 0.51625 0.4275 0.03 0.10875
0 0.345 0.90625 0.0525 0.0075
0 0.615 0.6575 0.025 0.0625
0 0.78125 0.63625 0.06125 0.09125
0 0.73375 0.655 0.02125 0.05875
0 0.71 0.6525 0.0275 0.05625
0 0.58875 0.65125 0.01625 0.06375
0 0.57125 0.6525 0.01375 0.07125
0 0.55375 0.65375 0.01625 0.065
0 0.535 0.655 0.01625 0.05875
0 0.5125 0.64125 0.03125 0.01875
0 0.51125 0.66 0.03125 0.0175
0 0.51125 0.6775 0.02875 0.0125
0 0.48125 0.675 0.02375 0.0175
0 0.45375 0.675 0.025 0.01875
0 0.42125 0.6775 0.035 0.01875
0 0.42375 0.66 0.0225 0.00875
0 0.42875 0.65125 0.02625 0.00875
0 0.43 0.61875 0.02125 0.01375
0 0.51 0.62375 0.0225 0.00875
0 0.37125 0.665 0.02375 0.04125
0 0.35125 0.66375 0.01 0.045
0 0.31125 0.67125 0.015 0.0275
0 0.29125 0.6675 0.02 0.0225
0 0.84375 0.63375 0.0625 0.08625
0 0.835 0.74125 0.065 0.0925
0 0.77125 0.74125 0.05625 0.08875
0 0.71875 0.74125 0.02875 0.0525
0 0.6675 0.5625 0.02 0.06625
0 0.7075 0.55875 0.015 0.065
0 0.73 0.55625 0.02125 0.06625
0 0.795 0.5275 0.07875 0.11625
0 0.855 0.5275 0.04 0.11
0 0.24875 0.72 0.045 0.115
0 0.205 0.72 0.03875 0.11625
0 0.16625 0.72375 0.03625 0.11625
0 0.13375 0.7225 0.01625 0.11625
0 0.3425 0.71875 0.10625 0.02
0 0.46 0.7575 0.01625 0.035
0 0.3375 0.74375 0.11 0.01625
0 0.42125 0.755 0.05 0.03125
0 0.485 0.7275 0.02875 0.06375
0 0.52875 0.7575 0.0275 0.03
0 0.5775 0.72625 0.07875 0.015
0 0.58 0.7375 0.075 0.0125
0 0.58375 0.7475 0.07875 0.0075
0 0.5825 0.7575 0.07625 0.01
0 0.5825 0.7675 0.07625 0.01
0 0.64 0.75625 0.0325 0.00875
0 0.6825 0.75 0.035 0.0325
0 0.33875 0.765 0.095 0.0175
0 0.1375 0.85875 0.025 0.1225
0 0.18125 0.85875 0.05625 0.11625
0 0.4625 0.88625 0.07125 0.01125
0 0.395 0.88125 0.0525 0.065
0 0.3425 0.89375 0.0575 0.00875
0 0.34375 0.86625 0.0525 0.00875
0 0.39375 0.8275 0.05625 0.01375
0 0.39625 0.8025 0.045 0.0175
0 0.4575 0.79875 0.06375 0.015
0 0.53375 0.82375 0.075 0.01625
0 0.79375 0.85125 0.07125 0.09625
0 0.74 0.84875 0.02375 0.11
0 0.34 0.87875 0.055 0.01
0 0.6625 0.86 0.03 0.1
0 0.62875 0.8575 0.0275 0.095
0 0.595 0.86 0.03375 0.09
0 0.54 0.9025 0.0725 0.01125
0 0.53875 0.885 0.07625 0.01
0 0.53875 0.86875 0.075 0.0125
0 0.46 0.90375 0.06875 0.01375
0 0.705 0.87625 0.03375 0.0325