0 0.5175 0.70625 0.0275 0.06
0 0.49125 0.7125 0.01875 0.0575
0 0.43625 0.74125 0.03 0.06375
0 0.54375 0.695 0.01875 0.0575
0 0.40125 0.75 0.035 0.06625
0 0.4675 0.725 0.02875 0.0575
0 0.5675 0.685 0.0225 0.05625
0 0.15 0.97 0.04625 0.05875
0 0.60375 0.66875 0.01625 0.0525
0 0.62875 0.66 0.02625 0.04625
0 0.65375 0.645 0.02375 0.04375
0 0.6775 0.64 0.015 0.04625
0 0.1925 0.95375 0.0325 0.0725
0 0.23625 0.9275 0.05 0.07125
0 0.37125 0.76625 0.02375 0.075
0 0.58625 0.675 0.0175 0.05125
0 0.3375 0.78375 0.0375 0.075
0 0.2125 0.72875 0.0375 0.08125
0 0.25875 0.81625 0.03375 0.0725
0 0.63875 0.515 0.0125 0.04625
0 0.62 0.52 0.0175 0.05
0 0.59625 0.5275 0.01375 0.0575
0 0.57875 0.5325 0.01375 0.0575
0 0.55625 0.5375 0.02125 0.06
0 0.53625 0.54 0.015 0.06125
0 0.515 0.5475 0.02625 0.0625
0 0.4825 0.55125 0.02125 0.0575
0 0.45625 0.55625 0.02375 0.06
0 0.42875 0.5625 0.02625 0.0625
0 0.39875 0.5725 0.03125 0.07
0 0.3625 0.58 0.0325 0.07125
0 0.3275 0.58625 0.035 0.0725
0 0.29 0.5975 0.03875 0.0775
0 0.24875 0.60875 0.03375 0.07375
0 0.65375 0.51125 0.01875 0.0475
0 0.29875 0.795 0.04 0.08375
0 0.6725 0.51 0.0125 0.0475
0 0.2525 0.715 0.0375 0.08125
0 0.2175 0.83375 0.0375 0.0675
0 0.175 0.8525 0.04 0.06875
0 0.66875 0.58375 0.01625 0.03
0 0.64625 0.59 0.02875 0.0325
0 0.61375 0.5975 0.0275 0.0375
0 0.58625 0.6025 0.01875 0.05375
0 0.56375 0.6075 0.01875 0.0525
0 0.54125 0.61875 0.0225 0.05625
0 0.51375 0.625 0.0275 0.0575
0 0.4825 0.6375 0.035 0.05625
0 0.4375 0.65125 0.03 0.065
0 0.4025 0.66375 0.035 0.0675
0 0.36875 0.67375 0.03125 0.0675
0 0.335 0.69 0.03375 0.07375
0 0.29375 0.7 0.04 0.08
0 0.1675 0.74 0.0475 0.08
0 0.2775 0.90625 0.02625 0.05875
0 0.23375 0.1025 0.06125 0.13875
0 0.60125 0.74125 0.0175 0.0475
0 0.595 0.37125 0.0175 0.06
0 0.57375 0.37625 0.02 0.05625
0 0.55 0.37375 0.02125 0.0625
0 0.52125 0.3725 0.03 0.0625
0 0.6725 0.70625 0.01375 0.0475
0 0.65625 0.7125 0.0175 0.05
0 0.63625 0.72 0.0175 0.05
0 0.61875 0.72875 0.01625 0.045
0 0.57875 0.7525 0.025 0.04625
0 0.555 0.765 0.02125 0.05
0 0.5325 0.7775 0.02125 0.0525
0 0.51 0.79 0.0225 0.05125
0 0.48625 0.79875 0.01875 0.0575
0 0.4625 0.8125 0.025 0.06
0 0.43375 0.82625 0.02625 0.06125
0 0.41 0.83875 0.01875 0.0625
0 0.38375 0.8575 0.03 0.07625
0 0.15625 0.6275 0.05125 0.0825
0 0.3125 0.89375 0.04125 0.06
0 0.61625 0.37125 0.0175 0.05625
0 0.49375 0.37875 0.015 0.0625
0 0.63625 0.37 0.02 0.055
0 0.67625 0.37375 0.01875 0.0475
0 0.66875 0.44625 0.0175 0.05625
0 0.6525 0.44375 0.01125 0.05375
0 0.6375 0.4425 0.01375 0.05375
0 0.61625 0.44625 0.025 0.0525
0 0.585 0.4525 0.035 0.06
0 0.5525 0.45875 0.02125 0.05625
0 0.52875 0.46 0.01625 0.05875
0 0.50625 0.46125 0.0225 0.05625
0 0.475 0.4675 0.03125 0.065
0 0.4475 0.4775 0.02125 0.06625
0 0.4175 0.4725 0.0325 0.0675
0 0.38625 0.4775 0.025 0.0675
0 0.355 0.48125 0.03125 0.075
0 0.3175 0.4875 0.03875 0.08375
0 0.20625 0.61625 0.03625 0.07625
0 0.2775 0.49125 0.0325 0.07625
0 0.2375 0.49625 0.0375 0.08125
0 0.1925 0.50625 0.04375 0.09
0 0.1475 0.5125 0.045 0.08125
0 0.65625 0.36875 0.015 0.0475
0 0.47125 0.37875 0.02625 0.0675
0 0.35125 0.87 0.03375 0.06125
0 0.415 0.37625 0.03125 0.07625
0 0.39 0.27375 0.04125 0.095
0 0.32875 0.28 0.03875 0.075
0 0.28875 0.28 0.0375 0.0725
0 0.24625 0.27125 0.04625 0.09
0 0.19625 0.26375 0.04875 0.0975
0 0.44375 0.3775 0.02375 0.0725
0 0.6375 0.18625 0.04625 0.09625
0 0.4275 0.275 0.02875 0.08625
0 0.5825 0.17875 0.03375 0.08625
0 0.5175 0.165 0.03375 0.09625
0 0.4825 0.15875 0.0325 0.08375
0 0.4425 0.15 0.04125 0.1
0 0.4 0.1375 0.0425 0.11625
0 0.34875 0.1275 0.055 0.11625
0 0.2925 0.12125 0.05375 0.12625
0 0.165 0.0825 0.075 0.155
0 0.55 0.17375 0.0275 0.08375
0 0.4575 0.28375 0.0275 0.075
0 0.1475 0.2675 0.04375 0.08375
0 0.51375 0.28125 0.02375 0.0775
0 0.37875 0.38125 0.02375 0.0725
0 0.345 0.38125 0.03125 0.07125
0 0.31 0.3825 0.03375 0.07375
0 0.2675 0.38625 0.04125 0.07375
0 0.225 0.38625 0.03625 0.08375
0 0.48625 0.28375 0.025 0.08
0 0.14125 0.3925 0.0325 0.085
0 0.1825 0.38875 0.0375 0.08375
0 0.6625 0.29375 0.01375 0.06
0 0.64375 0.29625 0.02125 0.0575
0 0.62125 0.29 0.025 0.0725
0 0.5925 0.2875 0.025 0.07375
0 0.565 0.28625 0.025 0.0775
0 0.68 0.29375 0.0175 0.0625
0 0.53875 0.28375 0.025 0.07875