0 0.30375 0.12125 0.08375 0.05625
0 0.30375 0.0625 0.08375 0.0575
0 0.23125 0.09875 0.04875 0.1
0 0.18 0.0975 0.04625 0.1
0 0.43125 0.93625 0.07 0.04
0 0.2975 0.20125 0.05375 0.0275
0 0.35625 0.19875 0.0575 0.02875
0 0.21875 0.2425 0.0675 0.04125
0 0.28375 0.2425 0.0575 0.04125
0 0.14 0.12375 0.03 0.045
0 0.39 0.0625 0.08375 0.055
0 0.72375 0.12625 0.0475 0.0425
0 0.44375 0.40125 0.0775 0.04125
0 0.46875 0.06375 0.07125 0.05
0 0.4775 0.12 0.07 0.06
0 0.54875 0.065 0.06875 0.0525
0 0.54875 0.12125 0.06875 0.05625
0 0.63 0.06125 0.05875 0.05625
0 0.6125 0.12125 0.05375 0.0575
0 0.67 0.12 0.05625 0.05625
0 0.7225 0.08375 0.04125 0.0425
0 0.34875 0.23875 0.07125 0.0475
0 0.39 0.12 0.0825 0.055
0 0.34625 0.29125 0.06375 0.05125
0 0.18625 0.44375 0.1 0.05375
0 0.205 0.29 0.06875 0.05
0 0.76125 0.355 0.04375 0.03375
0 0.7225 0.395 0.04125 0.0425
0 0.775 0.395 0.05375 0.04
0 0.7325 0.44375 0.07 0.04625
0 0.79875 0.4425 0.06125 0.0475
0 0.85375 0.4375 0.04125 0.0575
0 0.845 0.23125 0.06 0.03875
0 0.8475 0.2825 0.055 0.05625
0 0.79625 0.29125 0.04625 0.04
0 0.7475 0.2925 0.04625 0.03875
0 0.7 0.29125 0.04625 0.04125
0 0.65625 0.2925 0.03875 0.04125
0 0.68875 0.2575 0.05 0.0275
0 0.735 0.25625 0.0375 0.02625
0 0.78625 0.255 0.055 0.02875
0 0.44875 0.28875 0.11625 0.05875
0 0.4475 0.23 0.11875 0.055
0 0.57375 0.28625 0.12375 0.0575
0 0.585 0.23 0.1225 0.0525
0 0.71375 0.35375 0.0475 0.035
0 0.27625 0.28875 0.06625 0.05
0 0.6575 0.35375 0.0625 0.03625
0 0.52375 0.4325 0.07625 0.0725
0 0.36125 0.9325 0.07 0.0375
0 0.28625 0.9425 0.07375 0.0425
0 0.21125 0.935 0.07 0.05125
0 0.77 0.08 0.045 0.04375
0 0.82 0.085 0.05 0.04
0 0.77375 0.125 0.04875 0.04125
0 0.8225 0.12625 0.0475 0.04
0 0.22 0.88625 0.07125 0.0375
0 0.15125 0.92625 0.05125 0.05875
0 0.40125 0.58 0.07875 0.04
0 0.31875 0.58125 0.08 0.04
0 0.23625 0.58125 0.08125 0.04125
0 0.15875 0.57875 0.06625 0.05375
0 0.27875 0.455 0.07875 0.03
0 0.28875 0.4 0.07 0.0425
0 0.36375 0.40375 0.07375 0.04375
0 0.6725 0.39625 0.055 0.04625
0 0.14625 0.285 0.04125 0.05625
0 0.6025 0.43125 0.0775 0.06875
0 0.67 0.44375 0.0525 0.045
0 0.49125 0.8725 0.05625 0.0175
0 0.44375 0.44625 0.0825 0.045
0 0.5575 0.92625 0.055 0.04125
0 0.32 0.69375 0.07375 0.045
0 0.39625 0.69375 0.075 0.04375
0 0.47125 0.69375 0.0625 0.04125
0 0.535 0.69 0.06 0.045
0 0.6 0.69 0.06375 0.04625
0 0.6625 0.69125 0.05625 0.04375
0 0.23875 0.695 0.08 0.0425
0 0.72125 0.6925 0.05625 0.04625
0 0.84375 0.68625 0.04625 0.05125
0 0.84125 0.51125 0.0675 0.04875
0 0.85 0.57375 0.05 0.04875
0 0.36625 0.44625 0.06875 0.03625
0 0.79125 0.5775 0.06125 0.04625
0 0.72875 0.5775 0.06 0.04875
0 0.78625 0.695 0.0625 0.0475
0 0.66375 0.57625 0.06125 0.045
0 0.15625 0.695 0.06125 0.0675
0 0.2475 0.82 0.08625 0.04125
0 0.675 0.94625 0.0575 0.04
0 0.73375 0.8925 0.05625 0.04875
0 0.72875 0.94125 0.0475 0.04
0 0.78 0.94125 0.05125 0.04125
0 0.78375 0.88375 0.04 0.04125
0 0.8425 0.92875 0.065 0.05
0 0.1625 0.83 0.075 0.06125
0 0.83 0.8125 0.05875 0.05
0 0.71375 0.82375 0.0575 0.045
0 0.63375 0.82125 0.10125 0.045
0 0.54625 0.82125 0.06125 0.04125
0 0.47875 0.82 0.06 0.0425
0 0.40875 0.8225 0.075 0.03875
0 0.33 0.82625 0.07625 0.0375
0 0.7725 0.82125 0.055 0.04
0 0.64875 0.51625 0.05875 0.0425
0 0.70625 0.51625 0.05375 0.03875
0 0.76 0.515 0.04875 0.04125
0 0.60125 0.5725 0.0625 0.04875
0 0.5375 0.575 0.06 0.04625
0 0.47375 0.57875 0.06375 0.045
0 0.61375 0.90875 0.05125 0.03125
0 0.50125 0.9275 0.05625 0.04625