0 0.57375 0.3475 0.02625 0.06375
0 0.23875 0.1325 0.05625 0.0675
0 0.86375 0.675 0.0225 0.0575
0 0.14125 0.77875 0.025 0.0975
0 0.17125 0.77875 0.03 0.09375
0 0.22625 0.73375 0.0425 0.06
0 0.27125 0.735 0.0375 0.06125
0 0.315 0.7425 0.0425 0.0475
0 0.365 0.74 0.04375 0.01125
0 0.36625 0.7525 0.0425 0.01
0 0.36125 0.765 0.04125 0.01
0 0.415 0.745 0.04625 0.015
0 0.4125 0.7625 0.04625 0.0125
0 0.465 0.75375 0.05 0.035
0 0.51375 0.7475 0.0425 0.04625
0 0.55875 0.74875 0.04125 0.05
0 0.6025 0.75375 0.04375 0.0375
0 0.835 0.675 0.02625 0.05875
0 0.80375 0.67875 0.02625 0.045
0 0.76625 0.67875 0.04375 0.04125
0 0.72375 0.66625 0.025 0.0625
0 0.1625 0.11375 0.04 0.0875
0 0.24875 0.6725 0.04125 0.025
0 0.3075 0.64625 0.06375 0.02625
0 0.3075 0.67375 0.06375 0.02625
0 0.36375 0.66 0.0425 0.05375
0 0.40625 0.6625 0.0375 0.055
0 0.4475 0.665 0.0375 0.0525
0 0.6475 0.755 0.04 0.0425
0 0.49 0.66375 0.0375 0.0525
0 0.54375 0.67 0.02125 0.04625
0 0.56875 0.67 0.02375 0.045
0 0.59375 0.67 0.02125 0.04875
0 0.6175 0.66875 0.02125 0.05
0 0.64375 0.6675 0.02625 0.0575
0 0.67125 0.67375 0.025 0.045
0 0.6975 0.67125 0.02375 0.05125
0 0.52 0.6675 0.02125 0.04875
0 0.21125 0.66 0.0275 0.04375
0 0.69375 0.75 0.045 0.05625
0 0.74125 0.76625 0.04875 0.02375
0 0.26 0.96125 0.04375 0.02375
0 0.3075 0.96 0.0425 0.025
0 0.35 0.94375 0.035 0.025
0 0.34875 0.96625 0.0375 0.01625
0 0.38625 0.94875 0.03375 0.05
0 0.435 0.95125 0.055 0.05
0 0.4925 0.95125 0.0575 0.0475
0 0.545 0.94625 0.03625 0.05
0 0.58625 0.94875 0.04125 0.04875
0 0.6325 0.9525 0.04375 0.04875
0 0.68125 0.9475 0.0425 0.05375
0 0.73125 0.9525 0.04125 0.05
0 0.77625 0.96625 0.04375 0.02625
0 0.825 0.94 0.04625 0.0225
0 0.82625 0.965 0.05 0.025
0 0.2175 0.96 0.0375 0.02
0 0.21625 0.9375 0.04375 0.02
0 0.84 0.85625 0.03125 0.08375
0 0.8075 0.8575 0.03125 0.085
0 0.78875 0.76 0.04 0.04375
0 0.83375 0.765 0.0425 0.03375
0 0.2225 0.84375 0.045 0.0875
0 0.27125 0.84625 0.04625 0.09125
0 0.31875 0.845 0.04 0.0925
0 0.37 0.84375 0.05375 0.09875
0 0.43125 0.84625 0.05875 0.10125
0 0.74375 0.74125 0.0475 0.02625
0 0.4925 0.85875 0.055 0.07375
0 0.5775 0.845 0.035 0.1
0 0.6175 0.84625 0.03375 0.0975
0 0.655 0.84625 0.035 0.09625
0 0.68875 0.8475 0.02875 0.09375
0 0.72125 0.84875 0.03125 0.09625
0 0.75125 0.865 0.02375 0.0725
0 0.7775 0.86375 0.02375 0.0725
0 0.54 0.8425 0.03125 0.0975
0 0.13875 0.66125 0.0275 0.0825
0 0.25 0.64875 0.04375 0.02
0 0.8425 0.58625 0.0275 0.07125
0 0.7525 0.2575 0.07 0.05875
0 0.82375 0.26375 0.065 0.05125
0 0.86625 0.265 0.0175 0.05
0 0.23375 0.30875 0.05125 0.03625
0 0.23125 0.345 0.0525 0.0325
0 0.2775 0.31375 0.0325 0.03125
0 0.27625 0.3475 0.03125 0.03375
0 0.3225 0.335 0.0525 0.065
0 0.37875 0.3375 0.05 0.06375
0 0.44125 0.335 0.055 0.07625
0 0.4975 0.34375 0.04625 0.0625
0 0.54125 0.34625 0.035 0.0625
0 0.6025 0.35 0.03 0.0625
0 0.8675 0.59 0.01375 0.065
0 0.67125 0.34875 0.0325 0.07
0 0.6825 0.255 0.06375 0.05375
0 0.7075 0.3625 0.02875 0.0125
0 0.61125 0.25 0.07375 0.05625
0 0.42375 0.2375 0.05125 0.05625
0 0.29625 0.135 0.05375 0.0675
0 0.36 0.13875 0.0675 0.06125
0 0.4325 0.14375 0.075 0.07
0 0.50875 0.1475 0.075 0.0675
0 0.5875 0.15125 0.07125 0.0625
0 0.6625 0.1575 0.0675 0.0675
0 0.73875 0.16125 0.075 0.065
0 0.8075 0.17125 0.05625 0.05625
0 0.85625 0.16875 0.03625 0.0575
0 0.14875 0.2475 0.03625 0.0825
0 0.185 0.25 0.02625 0.0875
0 0.22875 0.22875 0.055 0.0625
0 0.275 0.23125 0.0275 0.0575
0 0.31 0.23125 0.025 0.055
0 0.36 0.23375 0.06875 0.05625
0 0.48 0.24125 0.05625 0.055
0 0.71 0.37875 0.03125 0.01375
0 0.635 0.34875 0.02875 0.06625
0 0.78125 0.3675 0.0375 0.01375
0 0.745 0.38 0.02625 0.01375
0 0.2275 0.57125 0.03875 0.055
0 0.26375 0.56 0.02375 0.0725
0 0.2925 0.56125 0.0275 0.07375
0 0.33625 0.56125 0.05375 0.07875
0 0.39125 0.5575 0.05 0.0175
0 0.39125 0.585 0.05 0.0325
0 0.14 0.535 0.02875 0.08
0 0.4475 0.57375 0.05625 0.0625
0 0.55 0.57125 0.04375 0.0775
0 0.5975 0.58 0.045 0.0575
0 0.6475 0.575 0.04625 0.075
0 0.69625 0.57625 0.04375 0.075
0 0.7425 0.57875 0.04625 0.07375
0 0.7825 0.5825 0.0275 0.07
0 0.8125 0.59 0.025 0.06125
0 0.4975 0.5775 0.045 0.05625
0 0.86125 0.4725 0.0275 0.07625
0 0.22875 0.53125 0.04375 0.02
0 0.78 0.46875 0.035 0.0775
0 0.78 0.38375 0.03875 0.01375
0 0.825 0.365 0.03875 0.0525
0 0.8625 0.35 0.025 0.01
0 0.8625 0.3675 0.02375 0.01625
0 0.82375 0.46875 0.0425 0.075
0 0.2475 0.4325 0.05375 0.0975
0 0.3075 0.43625 0.0575 0.10125
0 0.375 0.44 0.06625 0.1
0 0.86125 0.38625 0.0275 0.0175
0 0.44125 0.44375 0.0575 0.09875
0 0.50125 0.4475 0.05625 0.0925
0 0.56125 0.4475 0.0575 0.0975
0 0.60875 0.46125 0.035 0.07
0 0.65375 0.47375 0.0475 0.05375
0 0.7 0.465 0.0375 0.08
0 0.74 0.46875 0.03625 0.07875