0 0.39375 0.82875 0.05 0.03
0 0.44625 0.88375 0.0525 0.02625
0 0.44625 0.85625 0.05125 0.025
0 0.4475 0.8275 0.05 0.03125
0 0.5 0.88625 0.05 0.02875
0 0.49875 0.82375 0.04625 0.03
0 0.69375 0.205 0.0625 0.0425
0 0.5525 0.87875 0.0525 0.0475
0 0.5525 0.8325 0.05625 0.0425
0 0.39375 0.8575 0.04875 0.0225
0 0.60875 0.8725 0.0525 0.05625
0 0.4975 0.85625 0.04875 0.0275
0 0.395 0.88375 0.04875 0.02625
0 0.23375 0.82375 0.05 0.03125
0 0.34375 0.855 0.0475 0.02625
0 0.86 0.6275 0.01875 0.05625
0 0.34375 0.88375 0.0475 0.025
0 0.28875 0.8225 0.05375 0.0325
0 0.28875 0.855 0.05375 0.02625
0 0.2925 0.88125 0.0525 0.025
0 0.23375 0.855 0.0525 0.0275
0 0.23625 0.8825 0.04875 0.025
0 0.15375 0.83875 0.0475 0.1125
0 0.19125 0.82875 0.02625 0.0925
0 0.17 0.41875 0.07875 0.07125
0 0.63 0.81375 0.05375 0.03125
0 0.34125 0.82625 0.05 0.03
0 0.66 0.8725 0.0475 0.05
0 0.39625 0.7675 0.04875 0.02875
0 0.75625 0.885 0.05625 0.0375
0 0.75625 0.24875 0.0625 0.04
0 0.75875 0.205 0.0625 0.04125
0 0.8175 0.2475 0.055 0.04125
0 0.82125 0.20625 0.05625 0.04
0 0.24625 0.73125 0.03625 0.02625
0 0.24625 0.765 0.04 0.03125
0 0.2925 0.735 0.05125 0.03
0 0.2925 0.76625 0.0475 0.03125
0 0.34625 0.7325 0.05125 0.02875
0 0.345 0.76375 0.05 0.03
0 0.3975 0.73625 0.04875 0.0275
0 0.45 0.7375 0.05125 0.025
0 0.70375 0.84375 0.03625 0.055
0 0.45 0.76875 0.05125 0.03375
0 0.62625 0.7 0.05875 0.05
0 0.62625 0.75375 0.0575 0.05375
0 0.68625 0.69875 0.0575 0.05375
0 0.685 0.75375 0.05625 0.05125
0 0.74625 0.74625 0.0525 0.07125
0 0.8 0.6975 0.05125 0.03375
0 0.79875 0.75 0.04875 0.06875
0 0.84875 0.71 0.04125 0.05875
0 0.84625 0.76375 0.04375 0.04375
0 0.81375 0.84 0.0475 0.0475
0 0.81375 0.8875 0.055 0.04125
0 0.75875 0.84375 0.0525 0.0425
0 0.56375 0.7525 0.05875 0.0625
0 0.69125 0.24875 0.0625 0.03625
0 0.50875 0.63625 0.0525 0.0325
0 0.63375 0.20875 0.05875 0.03875
0 0.8 0.37 0.05125 0.04
0 0.8525 0.33 0.0325 0.03875
0 0.8475 0.37125 0.04125 0.04
0 0.23625 0.435 0.04625 0.03375
0 0.2275 0.47 0.05875 0.03
0 0.23875 0.505 0.04 0.035
0 0.17375 0.55125 0.0875 0.08375
0 0.17625 0.6275 0.0925 0.0575
0 0.17625 0.69125 0.0925 0.065
0 0.17625 0.7525 0.09125 0.055
0 0.28875 0.43625 0.05625 0.03375
0 0.345 0.43875 0.05375 0.035
0 0.2875 0.47125 0.0575 0.035
0 0.34375 0.47125 0.0525 0.02875
0 0.4 0.5725 0.05125 0.0325
0 0.45625 0.6375 0.0525 0.03125
0 0.45625 0.6075 0.05 0.02625
0 0.80625 0.32875 0.055 0.03875
0 0.74375 0.37 0.05625 0.0375
0 0.7425 0.33 0.04875 0.0375
0 0.6825 0.37125 0.05625 0.0375
0 0.155 0.255 0.05125 0.065
0 0.2125 0.325 0.05375 0.03625
0 0.22 0.36125 0.0575 0.03
0 0.275 0.32625 0.0575 0.0375
0 0.2775 0.365 0.055 0.03625
0 0.33375 0.3275 0.05625 0.035
0 0.335 0.36375 0.0575 0.03375
0 0.3925 0.3275 0.05625 0.03625
0 0.6325 0.16625 0.0575 0.0425
0 0.39375 0.3675 0.055 0.0375
0 0.45125 0.36625 0.0575 0.03125
0 0.50625 0.33125 0.055 0.03875
0 0.5075 0.36875 0.05375 0.03375
0 0.565 0.32875 0.0575 0.0375
0 0.565 0.3675 0.0575 0.035
0 0.625 0.33 0.05875 0.03625
0 0.62375 0.3675 0.0575 0.0375
0 0.68625 0.33125 0.0575 0.03875
0 0.67625 0.63625 0.05375 0.03375
0 0.21125 0.24 0.05625 0.03375
0 0.455 0.575 0.0525 0.035
0 0.50875 0.57 0.05375 0.03375
0 0.68 0.51 0.0575 0.035
0 0.745 0.43625 0.0625 0.0325
0 0.74125 0.47375 0.055 0.03625
0 0.74125 0.51125 0.05875 0.0325
0 0.8025 0.43625 0.04875 0.03625
0 0.7975 0.47125 0.05125 0.035
0 0.7975 0.51 0.04875 0.0375
0 0.84875 0.435 0.04 0.03875
0 0.8475 0.4725 0.04375 0.0325
0 0.84625 0.51 0.045 0.03875
0 0.82625 0.6275 0.045 0.0575
0 0.78375 0.6075 0.03625 0.02
0 0.7825 0.6275 0.0375 0.01875
0 0.7825 0.64625 0.0375 0.01625
0 0.73375 0.60375 0.05625 0.035
0 0.735 0.63875 0.055 0.0325
0 0.67625 0.60125 0.055 0.03625
0 0.68375 0.4725 0.05625 0.03625
0 0.68 0.43375 0.0575 0.03625
0 0.62375 0.50625 0.05375 0.03375
0 0.62625 0.4725 0.0575 0.0325
0 0.5625 0.63625 0.0525 0.035
0 0.56375 0.5975 0.0525 0.0375
0 0.61875 0.6375 0.0575 0.03625
0 0.4 0.43875 0.0525 0.03375
0 0.4 0.47375 0.0525 0.03125
0 0.455 0.44125 0.05375 0.035
0 0.5125 0.44125 0.05375 0.03625
0 0.51 0.47625 0.05625 0.0325
0 0.50875 0.60375 0.0525 0.0275
0 0.45375 0.475 0.05125 0.03125
0 0.345 0.50375 0.05125 0.03125
0 0.39875 0.50625 0.0525 0.03125
0 0.4525 0.5075 0.05125 0.03
0 0.51125 0.50875 0.05375 0.02875
0 0.56875 0.43375 0.05625 0.03625
0 0.56875 0.47125 0.05375 0.03625
0 0.5675 0.50625 0.0575 0.03125
0 0.61875 0.435 0.03625 0.04
0 0.2875 0.50375 0.055 0.03125
0 0.2075 0.20125 0.06 0.0375
0 0.44875 0.33 0.055 0.03375
0 0.2675 0.20125 0.0575 0.035
0 0.44875 0.70375 0.05 0.04
0 0.50125 0.70375 0.05 0.0375
0 0.5025 0.73625 0.05 0.02625
0 0.50125 0.76875 0.04875 0.03375
0 0.33125 0.2425 0.0575 0.03375
0 0.32875 0.20375 0.0575 0.04
0 0.33 0.16375 0.0575 0.0375
0 0.39125 0.24375 0.05625 0.03625
0 0.39 0.20625 0.06 0.035
0 0.39125 0.1675 0.06 0.04
0 0.45 0.24375 0.05875 0.03625
0 0.45125 0.2075 0.05875 0.0325
0 0.27 0.24 0.0575 0.035
0 0.45375 0.17125 0.05625 0.03875
0 0.50875 0.24625 0.05625 0.035
0 0.51 0.20875 0.05625 0.03625
0 0.51 0.16875 0.05625 0.03875
0 0.5675 0.24375 0.0575 0.04125
0 0.57125 0.20375 0.06 0.03625
0 0.57125 0.165 0.05875 0.03875
0 0.6275 0.2475 0.05875 0.035
0 0.395 0.70375 0.04875 0.03375
0 0.29 0.7 0.05125 0.035
0 0.62 0.60125 0.055 0.03625
0 0.24375 0.6375 0.04125 0.035
0 0.24375 0.69875 0.03625 0.0375
0 0.265 0.16 0.0625 0.04125
0 0.4025 0.605 0.05 0.03
0 0.345 0.57 0.0525 0.03375
0 0.34875 0.605 0.0525 0.02875
0 0.4025 0.63625 0.05 0.0325
0 0.29 0.57125 0.055 0.03375
0 0.2925 0.6025 0.05375 0.02875
0 0.24 0.57 0.0425 0.0375
0 0.245 0.605 0.0375 0.02875
0 0.2925 0.6375 0.05375 0.0325
0 0.3475 0.63625 0.05375 0.0325