0 0.24875 0.25 0.0325 0.035
0 0.39875 0.58 0.03 0.07125
0 0.31625 0.59375 0.095 0.0375
0 0.315 0.555 0.09625 0.03625
0 0.24125 0.5925 0.0425 0.035
0 0.24125 0.555 0.04125 0.03625
0 0.72625 0.48625 0.075 0.06125
0 0.66625 0.5 0.0375 0.02875
0 0.62125 0.5 0.03625 0.02875
0 0.58375 0.49875 0.03375 0.0275
0 0.6575 0.47625 0.04 0.015
0 0.64125 0.46 0.03625 0.0125
0 0.61875 0.47625 0.035 0.015
0 0.58125 0.47375 0.0325 0.0175
0 0.45875 0.48375 0.04125 0.04625
0 0.415 0.48375 0.03875 0.0425
0 0.43625 0.59125 0.03625 0.05125
0 0.47875 0.59 0.03625 0.0475
0 0.37875 0.6625 0.02125 0.04375
0 0.38375 0.73 0.02625 0.06875
0 0.24125 0.65375 0.04125 0.03875
0 0.76875 0.59375 0.02125 0.05875
0 0.73875 0.585 0.04 0.08375
0 0.69375 0.60875 0.045 0.0375
0 0.69 0.56625 0.03875 0.03625
0 0.65 0.58375 0.03125 0.07625
0 0.60625 0.60375 0.04375 0.03875
0 0.45375 0.44 0.04 0.04
0 0.60625 0.56125 0.05 0.04
0 0.54125 0.5725 0.06875 0.02625
0 0.54375 0.54375 0.06375 0.0275
0 0.37875 0.945 0.02875 0.05625
0 0.38125 0.87875 0.0375 0.0675
0 0.40125 0.7975 0.01125 0.0525
0 0.38 0.80375 0.0275 0.065
0 0.40375 0.72875 0.01125 0.05375
0 0.54 0.605 0.06625 0.0325
0 0.41875 0.44375 0.025 0.035
0 0.3675 0.48625 0.03875 0.0375
0 0.76875 0.23625 0.02125 0.03625
0 0.24125 0.44375 0.04125 0.0375
0 0.77125 0.3875 0.01625 0.04375
0 0.77125 0.3375 0.01625 0.045
0 0.72625 0.39 0.06875 0.04
0 0.725 0.35 0.0675 0.03625
0 0.65125 0.39 0.06875 0.0375
0 0.65125 0.34875 0.07125 0.03375
0 0.73375 0.235 0.0425 0.035
0 0.5875 0.385 0.04875 0.03875
0 0.53125 0.3825 0.05 0.03625
0 0.5325 0.34125 0.05 0.04125
0 0.4575 0.3775 0.04125 0.04125
0 0.45625 0.34375 0.03875 0.025
0 0.42 0.37625 0.02125 0.03875
0 0.41875 0.3375 0.02 0.03375
0 0.76875 0.28125 0.02125 0.0375
0 0.585 0.34375 0.045 0.0375
0 0.24125 0.69625 0.0425 0.0475
0 0.6875 0.275 0.04125 0.035
0 0.69125 0.23375 0.03875 0.035
0 0.29625 0.21375 0.04625 0.03875
0 0.29375 0.25375 0.04625 0.03625
0 0.41125 0.2175 0.0275 0.0425
0 0.4125 0.26 0.0225 0.03625
0 0.45 0.22875 0.04125 0.04125
0 0.35875 0.4475 0.03 0.03125
0 0.30375 0.485 0.0825 0.03625
0 0.6425 0.27 0.04375 0.03625
0 0.24 0.4825 0.03875 0.0325
0 0.49125 0.225 0.03375 0.04
0 0.49 0.26625 0.0375 0.0375
0 0.53875 0.22375 0.05375 0.03625
0 0.5375 0.265 0.04875 0.04
0 0.5925 0.22375 0.05125 0.0425
0 0.5925 0.27 0.05125 0.04
0 0.645 0.23375 0.04375 0.03625
0 0.4475 0.265 0.04125 0.03
0 0.29375 0.66125 0.0525 0.03875
0 0.7325 0.2725 0.0425 0.03625
0 0.29 0.635 0.04875 0.01125
0 0.28875 0.13125 0.04625 0.03875
0 0.245 0.1325 0.04125 0.03625
0 0.24875 0.21375 0.03375 0.0325
0 0.34625 0.38 0.01875 0.04
0 0.31375 0.37875 0.04 0.035
0 0.2925 0.70125 0.0525 0.0375
0 0.31375 0.34 0.0425 0.04
0 0.26125 0.37625 0.055 0.03875
0 0.26375 0.335 0.04875 0.035
0 0.71 0.89625 0.055 0.03375
0 0.70625 0.86625 0.055 0.0175
0 0.64125 0.8725 0.05625 0.01625
0 0.64875 0.90125 0.05 0.03625
0 0.58875 0.92625 0.0575 0.03875
0 0.5275 0.925 0.06125 0.035
0 0.3325 0.13 0.03625 0.0375
0 0.40875 0.13375 0.035 0.04125
0 0.45375 0.14 0.04375 0.035
0 0.5 0.1375 0.035 0.0475
0 0.34625 0.2 0.015 0.05125
0 0.35 0.2525 0.01625 0.04375
0 0.35375 0.3025 0.0175 0.05
0 0.3625 0.395 0.01125 0.05875
0 0.3925 0.42625 0.025 0.04625
0 0.395 0.37875 0.025 0.04375
0 0.3925 0.3325 0.0325 0.04625
0 0.585 0.88375 0.05375 0.04
0 0.385 0.2825 0.03375 0.05
0 0.37375 0.17 0.03125 0.07375
0 0.77 0.15625 0.02 0.04125
0 0.7375 0.1525 0.04 0.03625
0 0.69375 0.15125 0.04625 0.03875
0 0.6475 0.15125 0.0475 0.0375
0 0.59875 0.1475 0.05 0.045
0 0.5425 0.14125 0.05125 0.0375
0 0.37875 0.23125 0.0325 0.045
0 0.5275 0.8875 0.05625 0.03875
0 0.35375 0.345 0.03375 0.03125
0 0.6475 0.82125 0.06875 0.04375
0 0.71 0.7725 0.0625 0.04
0 0.72 0.82 0.06375 0.0425
0 0.58375 0.8175 0.05625 0.04375
0 0.52625 0.815 0.0575 0.04625
0 0.58375 0.77125 0.05625 0.04
0 0.525 0.76875 0.05625 0.04
0 0.4725 0.7875 0.04125 0.0875
0 0.4325 0.78625 0.0375 0.08125
0 0.42375 0.915 0.04 0.05
0 0.75125 0.6775 0.05875 0.02125
0 0.75125 0.7125 0.0575 0.0425
0 0.32 0.91375 0.0475 0.0425
0 0.32125 0.87125 0.04625 0.0375
0 0.25625 0.9175 0.05625 0.0475
0 0.2575 0.8725 0.0625 0.04
0 0.7675 0.80875 0.025 0.06625
0 0.25375 0.8075 0.065 0.05
0 0.645 0.7825 0.06375 0.025
0 0.32125 0.77625 0.065 0.03625
0 0.47 0.9125 0.04125 0.06125
0 0.54625 0.6575 0.0625 0.0175
0 0.3425 0.64 0.0425 0.0175
0 0.345 0.66625 0.0375 0.03125
0 0.34375 0.7 0.0325 0.035
0 0.41125 0.67875 0.02 0.04375
0 0.45 0.665 0.04875 0.02875
0 0.49375 0.6625 0.03625 0.03
0 0.4475 0.705 0.03625 0.04625
0 0.48875 0.7025 0.04 0.0425
0 0.32375 0.8175 0.06 0.03625
0 0.545 0.705 0.0675 0.04
0 0.6875 0.71375 0.06625 0.04375
0 0.69 0.6775 0.06125 0.02
0 0.6175 0.71 0.07125 0.04
0 0.62 0.6775 0.07 0.01625
0 0.615 0.655 0.065 0.02
0 0.5475 0.675 0.06125 0.01375