0 0.86875 0.14 0.0125 0.055
0 0.85375 0.1425 0.00875 0.05625
0 0.84375 0.135 0.0075 0.06
0 0.83125 0.13375 0.00875 0.06
0 0.81625 0.13375 0.01125 0.0575
0 0.79875 0.13 0.0075 0.0575
0 0.78625 0.13 0.01625 0.05875
0 0.72625 0.12 0.01125 0.055
0 0.75625 0.125 0.0075 0.05875
0 0.7425 0.1225 0.015 0.05875
0 0.71 0.11875 0.01625 0.05875
0 0.6925 0.10875 0.00875 0.07
0 0.66125 0.1025 0.0075 0.0725
0 0.675 0.10625 0.0175 0.0725
0 0.77 0.12875 0.0125 0.055
0 0.86375 0.045 0.02125 0.06625
0 0.85625 0.2825 0.00875 0.04625
0 0.80875 0.04875 0.0275 0.03875
0 0.64625 0.1 0.01625 0.075
0 0.86875 0.28125 0.01125 0.045
0 0.86 0.2125 0.02125 0.06
0 0.8125 0.2025 0.02625 0.055
0 0.78375 0.2 0.0225 0.05625
0 0.755 0.1975 0.025 0.05625
0 0.72375 0.19125 0.0275 0.05875
0 0.6925 0.19 0.02875 0.06
0 0.655 0.1875 0.0275 0.06375
0 0.6225 0.18125 0.03125 0.065
0 0.5925 0.1775 0.0225 0.065
0 0.68 0.02125 0.03625 0.04
0 0.715 0.02375 0.02875 0.0475
0 0.745 0.03 0.02375 0.0475
0 0.77125 0.035 0.0275 0.05375
0 0.8375 0.0575 0.025 0.04
0 0.6275 0.0975 0.0175 0.0775
0 0.4575 0.19125 0.01625 0.0625
0 0.59125 0.09125 0.01375 0.08125
0 0.5225 0.30625 0.0175 0.07375
0 0.49875 0.3075 0.02375 0.0725
0 0.4725 0.305 0.01875 0.0775
0 0.44875 0.305 0.0225 0.07625
0 0.42125 0.30625 0.02375 0.08125
0 0.39 0.30625 0.02375 0.0825
0 0.36125 0.31125 0.0225 0.0875
0 0.56875 0.305 0.0175 0.06875
0 0.55875 0.1975 0.03375 0.07625
0 0.525 0.195 0.0275 0.07125
0 0.48625 0.19875 0.015 0.0675
0 0.425 0.19375 0.01625 0.05875
0 0.395 0.1875 0.02125 0.065
0 0.36625 0.18625 0.015 0.06
0 0.845 0.2825 0.01 0.0475
0 0.5475 0.305 0.02375 0.075
0 0.39875 0.43875 0.06875 0.04875
0 0.47125 0.4325 0.06625 0.03625
0 0.48125 0.4675 0.08125 0.02375
0 0.56875 0.08375 0.01625 0.08625
0 0.54625 0.08125 0.0175 0.07875
0 0.54 0.75375 0.04375 0.09875
0 0.49375 0.77125 0.0425 0.0925
0 0.445 0.78125 0.0475 0.1
0 0.39625 0.79875 0.04125 0.095
0 0.55875 0.6375 0.04375 0.0825
0 0.60875 0.0925 0.01375 0.07875
0 0.50875 0.65375 0.04375 0.0775
0 0.39875 0.6775 0.05625 0.09625
0 0.40375 0.59375 0.0725 0.03
0 0.4825 0.5825 0.06875 0.0225
0 0.475 0.55 0.0675 0.04
0 0.39875 0.55625 0.0675 0.04125
0 0.55375 0.455 0.05 0.02125
0 0.40125 0.47875 0.06875 0.02625
0 0.46 0.6625 0.04875 0.085
0 0.83 0.28 0.015 0.055
0 0.68625 0.5325 0.07125 0.04625
0 0.6125 0.27375 0.0125 0.055
0 0.5425 0.5525 0.0275 0.03875
0 0.54 0.50625 0.02625 0.04625
0 0.57125 0.50375 0.01875 0.04125
0 0.63125 0.53875 0.02875 0.05375
0 0.60125 0.54375 0.02625 0.0525
0 0.59625 0.27375 0.01125 0.0525
0 0.63 0.48125 0.02625 0.05375
0 0.8 0.57375 0.01375 0.0475
0 0.785 0.575 0.0075 0.05
0 0.77375 0.58 0.01125 0.04875
0 0.75875 0.58 0.01 0.055
0 0.74125 0.585 0.01125 0.05125
0 0.72625 0.5875 0.01125 0.05375
0 0.71125 0.5925 0.01125 0.05625
0 0.6975 0.59625 0.00875 0.05375
0 0.57125 0.55125 0.025 0.04625
0 0.685 0.60125 0.0075 0.055
0 0.68375 0.48125 0.06875 0.04375
0 0.73125 0.52375 0.00875 0.04375
0 0.8 0.51 0.01625 0.035
0 0.78125 0.51375 0.0175 0.0375
0 0.76125 0.5175 0.01625 0.04
0 0.79875 0.47 0.01875 0.03875
0 0.7775 0.4725 0.0175 0.0375
0 0.755 0.475 0.015 0.03875
0 0.58375 0.41625 0.0425 0.04375
0 0.58625 0.36625 0.04125 0.03375
0 0.78 0.40125 0.0625 0.04375
0 0.78625 0.3575 0.07625 0.04
0 0.7075 0.3525 0.07125 0.04
0 0.70875 0.41 0.06375 0.04375
0 0.65875 0.405 0.02625 0.05125
0 0.62625 0.405 0.02875 0.05375
0 0.74375 0.52125 0.01 0.04375
0 0.72625 0.47625 0.0125 0.04375
0 0.6725 0.60125 0.0125 0.05375
0 0.60125 0.4825 0.02375 0.0525
0 0.6375 0.6075 0.0125 0.055
0 0.85625 0.4 0.02125 0.04625
0 0.86 0.35 0.01875 0.0425
0 0.835 0.35 0.0225 0.0425
0 0.8125 0.2775 0.01125 0.04875
0 0.8 0.27375 0.00875 0.055
0 0.7875 0.2775 0.01125 0.05375
0 0.77375 0.27375 0.01125 0.0575
0 0.8275 0.4025 0.02375 0.045
0 0.75875 0.275 0.01375 0.05375
0 0.65375 0.60375 0.01375 0.06
0 0.7125 0.27125 0.01 0.055
0 0.6975 0.2725 0.015 0.05625
0 0.68125 0.2725 0.015 0.05875
0 0.665 0.2725 0.015 0.06
0 0.6475 0.27125 0.01375 0.0575
0 0.62875 0.275 0.0125 0.0525
0 0.745 0.27125 0.0125 0.05375
0 0.85625 0.46 0.0225 0.0425
0 0.72625 0.27125 0.01625 0.05625
0 0.83 0.52625 0.02375 0.045
0 0.62125 0.61375 0.0125 0.05375
0 0.6025 0.61375 0.01625 0.06
0 0.63125 0.6875 0.03 0.05375
0 0.6825 0.67125 0.0125 0.055
0 0.7 0.6675 0.01625 0.04875
0 0.7325 0.66125 0.03125 0.05625
0 0.7675 0.65375 0.03 0.05
0 0.66625 0.675 0.01375 0.0525
0 0.8075 0.63875 0.015 0.0475
0 0.82125 0.63375 0.00875 0.04625
0 0.8675 0.6225 0.01375 0.045
0 0.845 0.63375 0.0275 0.0475
0 0.855 0.57 0.01875 0.03875
0 0.82625 0.57875 0.02625 0.04375
0 0.8575 0.52375 0.0225 0.04
0 0.79125 0.64125 0.0125 0.05