0 0.575 0.60375 0.0375 0.035
0 0.61375 0.6 0.0375 0.03375
0 0.655 0.59875 0.0375 0.03375
0 0.30625 0.665 0.04625 0.04
0 0.355 0.6625 0.04375 0.03875
0 0.40125 0.65875 0.0425 0.0375
0 0.44625 0.65375 0.04125 0.0375
0 0.49 0.64875 0.04 0.035
0 0.5325 0.64625 0.04 0.035
0 0.57375 0.6425 0.03875 0.03625
0 0.61625 0.63875 0.03875 0.03625
0 0.35625 0.70125 0.04375 0.03625
0 0.31 0.7075 0.045 0.03625
0 0.5325 0.60625 0.04125 0.03375
0 0.31 0.74875 0.04375 0.03625
0 0.35625 0.74375 0.04375 0.03625
0 0.4025 0.74 0.04375 0.03625
0 0.4025 0.7 0.04375 0.035
0 0.4475 0.6925 0.04125 0.035
0 0.4475 0.73375 0.04 0.03875
0 0.49125 0.73 0.04 0.03875
0 0.49 0.68875 0.0375 0.03875
0 0.5325 0.685 0.03875 0.03625
0 0.65625 0.63625 0.035 0.035
0 0.48875 0.61125 0.04 0.035
0 0.39875 0.6175 0.045 0.03625
0 0.575 0.68125 0.03875 0.03625
0 0.535 0.48625 0.04125 0.0375
0 0.57625 0.485 0.04 0.0375
0 0.62 0.4825 0.04 0.0375
0 0.6625 0.48125 0.04 0.035
0 0.3025 0.54 0.0475 0.04
0 0.35125 0.5375 0.045 0.03875
0 0.39875 0.53625 0.045 0.03875
0 0.445 0.53375 0.0425 0.03875
0 0.48875 0.53 0.04125 0.0375
0 0.53375 0.5275 0.04125 0.0375
0 0.57625 0.52375 0.04 0.03875
0 0.445 0.615 0.0425 0.03625
0 0.6175 0.52375 0.04 0.03875
0 0.305 0.5825 0.04625 0.03875
0 0.3525 0.5775 0.04375 0.03875
0 0.4 0.5775 0.04375 0.03875
0 0.445 0.575 0.0425 0.03625
0 0.49 0.57125 0.04125 0.03625
0 0.53375 0.56625 0.04125 0.03625
0 0.575 0.56375 0.03625 0.03375
0 0.61625 0.5625 0.03875 0.03375
0 0.6575 0.5625 0.03875 0.03375
0 0.305 0.625 0.04625 0.035
0 0.35375 0.62125 0.04375 0.0375
0 0.66125 0.52125 0.04 0.03625
0 0.61625 0.67625 0.0375 0.03375
0 0.575 0.72125 0.03875 0.035
0 0.53375 0.725 0.04125 0.0325
0 0.2025 0.51375 0.02375 0.06
0 0.22875 0.51375 0.02375 0.06
0 0.6975 0.37125 0.01625 0.06625
0 0.7175 0.3725 0.01875 0.065
0 0.74 0.37375 0.02 0.065
0 0.76125 0.375 0.01875 0.065
0 0.2575 0.51375 0.025 0.05875
0 0.18 0.57625 0.02625 0.05375
0 0.20875 0.57375 0.0225 0.0525
0 0.235 0.5725 0.02375 0.05375
0 0.26125 0.57125 0.025 0.05625
0 0.17625 0.515 0.025 0.0575
0 0.18625 0.635 0.02375 0.05
0 0.23875 0.63125 0.0225 0.055
0 0.265 0.6325 0.02375 0.055
0 0.19375 0.695 0.025 0.0525
0 0.22 0.69375 0.02375 0.05625
0 0.24625 0.68875 0.02 0.05375
0 0.27 0.69 0.02125 0.0575
0 0.2 0.75125 0.02375 0.05125
0 0.22375 0.7475 0.02 0.05
0 0.2475 0.745 0.02125 0.0475
0 0.2725 0.7425 0.02 0.0425
0 0.29625 0.31375 0.05 0.04375
0 0.21375 0.63375 0.0225 0.055
0 0.65625 0.6725 0.0375 0.03375
0 0.2525 0.4525 0.02625 0.06
0 0.1975 0.4525 0.02375 0.05875
0 0.49 0.49 0.0425 0.03875
0 0.61625 0.71625 0.03875 0.03625
0 0.655 0.7125 0.035 0.035
0 0.68375 0.69125 0.01625 0.0525
0 0.70375 0.69 0.01625 0.0525
0 0.7425 0.68625 0.01625 0.0525
0 0.68625 0.63125 0.02 0.0525
0 0.70875 0.63125 0.0175 0.05375
0 0.73 0.63125 0.0175 0.05375
0 0.75 0.6275 0.0175 0.05375
0 0.68875 0.5725 0.0175 0.055
0 0.225 0.4525 0.02375 0.05875
0 0.71 0.5725 0.0175 0.055
0 0.75125 0.5675 0.0175 0.055
0 0.69375 0.5075 0.02 0.06125
0 0.71625 0.51 0.01875 0.0625
0 0.7375 0.50875 0.01875 0.05875
0 0.75875 0.5075 0.01875 0.0625
0 0.6975 0.4425 0.01875 0.06375
0 0.71875 0.44 0.01875 0.06375
0 0.73875 0.44125 0.01875 0.06375
0 0.76125 0.44125 0.01875 0.0625
0 0.2475 0.3875 0.025 0.065
0 0.16875 0.4525 0.025 0.0625
0 0.73 0.57125 0.0175 0.055
0 0.445 0.49125 0.0425 0.03875
0 0.72375 0.68875 0.01625 0.0525
0 0.35125 0.49375 0.04625 0.03875
0 0.56125 0.1325 0.1 0.03375
0 0.565 0.0925 0.09875 0.04125
0 0.45 0.19875 0.1175 0.04
0 0.45125 0.15875 0.1175 0.03625
0 0.45125 0.1175 0.11875 0.0375
0 0.4525 0.075 0.1225 0.0425
0 0.32625 0.235 0.12625 0.03875
0 0.56125 0.17 0.1 0.03375
0 0.32625 0.19375 0.12875 0.04
0 0.32375 0.1075 0.1275 0.0375
0 0.325 0.06125 0.13125 0.04625
0 0.3475 0.315 0.0475 0.045
0 0.445 0.31625 0.045 0.04375
0 0.49125 0.315 0.0425 0.0425
0 0.5375 0.315 0.0425 0.0425
0 0.58125 0.315 0.04125 0.0425
0 0.325 0.15 0.12625 0.0425
0 0.62625 0.315 0.04125 0.0425
0 0.39875 0.49375 0.04625 0.03875
0 0.56 0.24375 0.0975 0.03
0 0.21875 0.38875 0.02625 0.06375
0 0.19 0.3875 0.025 0.065
0 0.1625 0.3875 0.02625 0.065
0 0.245 0.3175 0.02625 0.0675
0 0.21625 0.32 0.02625 0.0675
0 0.1875 0.31875 0.02625 0.0675
0 0.16 0.3175 0.02625 0.0675
0 0.56 0.2075 0.0975 0.035
0 0.6025 0.27625 0.03375 0.02875
0 0.5275 0.27625 0.035 0.03
0 0.48875 0.275 0.035 0.03
0 0.45125 0.27625 0.03625 0.0325
0 0.41125 0.275 0.03875 0.0325
0 0.37 0.27375 0.03875 0.0325
0 0.3275 0.2725 0.04125 0.0325
0 0.2825 0.2725 0.0425 0.03125
0 0.565 0.27625 0.035 0.03
0 0.6675 0.31375 0.04 0.0425
0 0.39625 0.315 0.04625 0.045
0 0.34875 0.36125 0.0475 0.045
0 0.58 0.35875 0.0425 0.04125
0 0.535 0.4025 0.0425 0.03875
0 0.49125 0.40375 0.0425 0.03875
0 0.44625 0.405 0.04375 0.04
0 0.39875 0.40625 0.045 0.04125
0 0.35125 0.4075 0.04625 0.04375
0 0.3 0.40875 0.04875 0.04375
0 0.62375 0.35875 0.04125 0.04
0 0.2975 0.36125 0.05125 0.045
0 0.58 0.40125 0.04 0.03875
0 0.62375 0.40125 0.04 0.03875
0 0.6675 0.4 0.04 0.03875
0 0.3 0.45375 0.05 0.04125
0 0.66625 0.35875 0.04 0.03875
0 0.39875 0.45125 0.045 0.04
0 0.35125 0.4525 0.04625 0.04
0 0.445 0.36125 0.045 0.0425
0 0.49125 0.36125 0.0425 0.04125
0 0.53625 0.36 0.0425 0.04
0 0.30125 0.49625 0.0475 0.03875
0 0.665 0.44125 0.03875 0.0375
0 0.57875 0.4425 0.04 0.0375
0 0.6225 0.4425 0.04 0.03875
0 0.53625 0.445 0.04125 0.04
0 0.4925 0.44625 0.0425 0.04
0 0.44625 0.44875 0.045 0.0375
0 0.3975 0.36125 0.045 0.0425