0 0.265 0.8525 0.06375 0.03875
0 0.6825 0.6175 0.025 0.04125
0 0.7075 0.615 0.0225 0.0325
0 0.73375 0.60625 0.02375 0.03625
0 0.75625 0.5975 0.0175 0.0325
0 0.1975 0.44 0.03625 0.09625
0 0.2975 0.4325 0.02875 0.08375
0 0.265 0.4375 0.02875 0.09
0 0.235 0.4375 0.03125 0.09
0 0.32375 0.83375 0.0475 0.07375
0 0.32875 0.43125 0.02875 0.0825
0 0.38 0.80625 0.05375 0.03875
0 0.48 0.81625 0.04375 0.0325
0 0.4725 0.765 0.0325 0.06125
0 0.3875 0.8525 0.0425 0.03875
0 0.43375 0.84125 0.04 0.05875
0 0.15625 0.44125 0.0425 0.09375
0 0.48375 0.855 0.03625 0.0375
0 0.5175 0.7475 0.04375 0.03625
0 0.52375 0.79625 0.0325 0.05625
0 0.52625 0.845 0.03875 0.03375
0 0.55625 0.725 0.03 0.03875
0 0.56125 0.77125 0.03625 0.04125
0 0.565 0.81875 0.02875 0.04875
0 0.57 0.86125 0.0325 0.02375
0 0.4325 0.77625 0.035 0.04875
0 0.11125 0.445 0.0375 0.10125
0 0.52 0.68625 0.03375 0.0475
0 0.7325 0.56375 0.02 0.04625
0 0.19625 0.795 0.07 0.07125
0 0.43625 0.71 0.045 0.04375
0 0.47625 0.63875 0.0425 0.0425
0 0.5175 0.62875 0.03375 0.06
0 0.55625 0.615 0.0375 0.04
0 0.5925 0.605 0.03125 0.0425
0 0.62375 0.595 0.02875 0.0525
0 0.6525 0.585 0.02625 0.03875
0 0.655 0.63 0.0225 0.045
0 0.625 0.6475 0.03 0.045
0 0.75375 0.5575 0.02 0.03875
0 0.7775 0.55 0.02125 0.0425
0 0.06875 0.45125 0.04 0.105
0 0.79875 0.54375 0.01625 0.0325
0 0.81375 0.5775 0.015 0.03375
0 0.79625 0.58375 0.015 0.025
0 0.7775 0.59125 0.01875 0.04
0 0.5875 0.51625 0.02 0.08625
0 0.60375 0.51375 0.00875 0.09
0 0.61875 0.51 0.0175 0.08125
0 0.635 0.49125 0.01 0.0375
0 0.595 0.6525 0.02875 0.05
0 0.55875 0.665 0.03625 0.05625
0 0.59 0.715 0.0325 0.0375
0 0.48125 0.69625 0.03625 0.06
0 0.7025 0.56875 0.03 0.03625
0 0.8175 0.54 0.01875 0.03625
0 0.6 0.7575 0.0325 0.03875
0 0.63875 0.8275 0.0275 0.035
0 0.60625 0.84875 0.03125 0.03375
0 0.83625 0.64625 0.015 0.035
0 0.83875 0.68 0.015 0.0275
0 0.84 0.71125 0.01375 0.03
0 0.70375 0.4075 0.01 0.05375
0 0.69125 0.40875 0.0125 0.05625
0 0.68 0.41 0.0075 0.05625
0 0.6675 0.41 0.01375 0.05625
0 0.65375 0.41 0.0125 0.06125
0 0.64 0.4125 0.01375 0.06
0 0.6225 0.4125 0.01625 0.06
0 0.6075 0.4125 0.0125 0.06375
0 0.59375 0.41375 0.01125 0.06375
0 0.835 0.61125 0.015 0.02875
0 0.67125 0.4875 0.01 0.03625
0 0.64875 0.49125 0.01125 0.03875
0 0.5775 0.415 0.0175 0.0625
0 0.55875 0.4175 0.01375 0.06625
0 0.54 0.41875 0.02 0.06375
0 0.5175 0.4225 0.02 0.06625
0 0.4975 0.4225 0.0175 0.0675
0 0.47625 0.42375 0.02 0.07125
0 0.45375 0.425 0.0225 0.07125
0 0.43125 0.42625 0.02 0.075
0 0.40875 0.4275 0.0225 0.075
0 0.38125 0.42875 0.0275 0.07875
0 0.35375 0.43125 0.02125 0.0825
0 0.65875 0.48875 0.0075 0.0375
0 0.60125 0.80125 0.03 0.0425
0 0.8225 0.72375 0.015 0.03
0 0.80375 0.6975 0.01375 0.03375
0 0.63375 0.74125 0.02875 0.0375
0 0.63375 0.78375 0.02875 0.04375
0 0.2675 0.7775 0.06125 0.06625
0 0.6625 0.72875 0.0275 0.03625
0 0.66375 0.77 0.02625 0.04375
0 0.66625 0.81375 0.02625 0.03375
0 0.6875 0.7125 0.02 0.0375
0 0.69 0.75625 0.01625 0.0425
0 0.69375 0.795 0.02 0.03125
0 0.7125 0.7025 0.02375 0.03625
0 0.71375 0.74375 0.02125 0.04125
0 0.7175 0.78375 0.0225 0.0325
0 0.80375 0.73125 0.015 0.02875
0 0.7375 0.69125 0.02625 0.03625
0 0.7425 0.7675 0.0225 0.03
0 0.765 0.7575 0.01625 0.04125
0 0.765 0.72 0.0175 0.02625
0 0.7625 0.68375 0.0125 0.045
0 0.77375 0.63625 0.02125 0.02875
0 0.78125 0.6725 0.015 0.04
0 0.78375 0.71 0.0175 0.02875
0 0.78625 0.74625 0.015 0.03375
0 0.81625 0.62375 0.01875 0.03375
0 0.8 0.66125 0.0175 0.02875
0 0.82 0.6575 0.015 0.03125
0 0.82125 0.69 0.01625 0.0325
0 0.74 0.73125 0.0225 0.03875
0 0.33 0.75125 0.055 0.065
0 0.7625 0.505 0.01 0.03125
0 0.3825 0.67125 0.04625 0.0625
0 0.1525 0.34125 0.03625 0.10125
0 0.1075 0.34 0.04375 0.105
0 0.0625 0.3425 0.03875 0.10875
0 0.02 0.34 0.03875 0.115
0 0.8975 0.27625 0.0075 0.08375
0 0.885 0.27375 0.015 0.08
0 0.18625 0.34375 0.0275 0.09625
0 0.87 0.27125 0.0125 0.08375
0 0.84125 0.26625 0.015 0.08875
0 0.82375 0.26375 0.01375 0.09125
0 0.8075 0.25875 0.015 0.09
0 0.7875 0.26 0.02 0.0925
0 0.765 0.25375 0.02 0.1025
0 0.7425 0.25125 0.02125 0.095
0 0.855 0.26875 0.01125 0.085
0 0.72125 0.2475 0.01875 0.10375
0 0.22125 0.3425 0.03625 0.09625
0 0.29 0.34375 0.02875 0.0925
0 0.81125 0.4025 0.0075 0.04375
0 0.8025 0.40125 0.00875 0.0475
0 0.79125 0.40125 0.00875 0.05
0 0.78125 0.4025 0.00875 0.0475
0 0.77 0.40375 0.01125 0.05
0 0.7575 0.40375 0.01125 0.05
0 0.2575 0.345 0.02875 0.09125
0 0.74625 0.405 0.01125 0.0525
0 0.42625 0.34875 0.0225 0.07875
0 0.7175 0.40625 0.01375 0.05375
0 0.3975 0.35125 0.02375 0.07375
0 0.37375 0.3525 0.0175 0.07375
0 0.3475 0.35 0.02875 0.07875
0 0.32 0.35125 0.02375 0.0775
0 0.7325 0.405 0.0125 0.0525
0 0.6975 0.24625 0.02125 0.1075
0 0.67375 0.24125 0.025 0.11625
0 0.64125 0.23625 0.0325 0.1125
0 0.8225 0.4625 0.00625 0.03
0 0.81375 0.46375 0.0075 0.03
0 0.805 0.465 0.00625 0.03125
0 0.795 0.4675 0.00625 0.03125
0 0.7875 0.46875 0.00625 0.0325
0 0.7725 0.47 0.0075 0.035
0 0.82875 0.46125 0.00625 0.02875
0 0.75875 0.47125 0.00875 0.0325
0 0.7425 0.47625 0.00625 0.0325
0 0.72125 0.47875 0.00875 0.0325
0 0.7325 0.47875 0.01125 0.035
0 0.70875 0.48 0.01 0.03125
0 0.69625 0.4825 0.0125 0.03625
0 0.6825 0.485 0.01125 0.03625
0 0.75 0.47375 0.00625 0.0375
0 0.83 0.49125 0.00875 0.0275
0 0.82 0.495 0.00625 0.025
0 0.8125 0.495 0.00875 0.0275
0 0.61 0.23375 0.02875 0.11875
0 0.57875 0.22875 0.02875 0.1325
0 0.54625 0.2225 0.03375 0.13
0 0.51 0.21375 0.035 0.1475
0 0.46875 0.21 0.04375 0.1375
0 0.42375 0.20375 0.03875 0.15125
0 0.38625 0.7325 0.05 0.0525
0 0.32 0.1975 0.0525 0.13875
0 0.2625 0.195 0.06125 0.1275
0 0.19375 0.1925 0.06625 0.12875
0 0.11625 0.1825 0.08125 0.1125
0 0.035 0.1825 0.07 0.10875
0 0.78875 0.50125 0.00625 0.02625
0 0.79625 0.49875 0.0075 0.03
0 0.80375 0.4975 0.00625 0.0275
0 0.8225 0.39875 0.00875 0.04875
0 0.83375 0.4 0.01 0.0475
0 0.375 0.19875 0.0525 0.1425
0 0.08375 0.615 0.03625 0.145
0 0.73625 0.3525 0.01 0.05125
0 0.7475 0.35125 0.00875 0.05125
0 0.75875 0.35125 0.01 0.05125
0 0.77 0.3525 0.0075 0.05
0 0.78125 0.3525 0.01125 0.0475
0 0.79125 0.3525 0.0075 0.04875
0 0.8 0.3525 0.0075 0.04875
0 0.81125 0.3525 0.01125 0.05
0 0.8275 0.35 0.01375 0.0475
0 0.83875 0.3525 0.0075 0.04375
0 0.02375 0.45125 0.04375 0.1025
0 0.78125 0.50125 0.00625 0.02875
0 0.7725 0.50375 0.00625 0.0275
0 0.635 0.53 0.00875 0.0375
0 0.64875 0.53 0.01125 0.03625
0 0.66 0.525 0.0075 0.03375
0 0.67125 0.52375 0.01 0.03125
0 0.69875 0.51875 0.0125 0.03375
0 0.71125 0.515 0.0075 0.03625
0 0.7225 0.515 0.01 0.035
0 0.73375 0.5125 0.0125 0.03125
0 0.75375 0.50875 0.00625 0.03125
0 0.745 0.51 0.00875 0.03375
0 0.02625 0.78 0.0525 0.06375
0 0.10375 0.82875 0.0825 0.06
0 0.18125 0.72875 0.09125 0.0525
0 0.2625 0.705 0.065 0.0675
0 0.32625 0.68625 0.0575 0.0625
0 0.04125 0.615 0.04625 0.1425
0 0.7175 0.35125 0.015 0.055
0 0.705 0.35125 0.01 0.0525
0 0.685 0.52125 0.0125 0.03375
0 0.67625 0.35125 0.015 0.05625
0 0.12875 0.6025 0.04375 0.13125
0 0.69 0.35125 0.0125 0.055
0 0.1725 0.5975 0.03875 0.13875
0 0.215 0.58875 0.0375 0.125
0 0.2525 0.58375 0.02875 0.1275
0 0.28375 0.575 0.02875 0.11625
0 0.315 0.56875 0.02875 0.11375
0 0.3425 0.56625 0.0225 0.1175
0 0.37 0.56 0.02625 0.11
0 0.425 0.55 0.0275 0.1025
0 0.45125 0.54375 0.02375 0.10375
0 0.4725 0.53875 0.015 0.09875
0 0.4925 0.5375 0.01625 0.09875
0 0.51125 0.53 0.0175 0.09375
0 0.53 0.5275 0.01625 0.095
0 0.39875 0.555 0.02375 0.11125
0 0.56875 0.35375 0.0125 0.0575
0 0.56875 0.52375 0.01375 0.09125
0 0.45 0.34875 0.0225 0.07875
0 0.47375 0.35125 0.01625 0.0725
0 0.49375 0.35 0.02125 0.07375
0 0.51625 0.35 0.015 0.06875
0 0.53625 0.35125 0.02 0.07125
0 0.62 0.3525 0.01125 0.055
0 0.60625 0.3525 0.0125 0.0575
0 0.555 0.35375 0.01125 0.0575
0 0.63375 0.355 0.0125 0.0525
0 0.58875 0.3525 0.01875 0.05625
0 0.65625 0.35125 0.01375 0.055
0 0.55 0.52375 0.02 0.09