0 0.81375 0.83875 0.03625 0.0625
0 0.41 0.82875 0.05125 0.0825
0 0.4575 0.82625 0.04 0.08375
0 0.5 0.82875 0.0425 0.0875
0 0.5425 0.8275 0.04375 0.09
0 0.5875 0.82875 0.04625 0.09375
0 0.635 0.8325 0.045 0.08625
0 0.6825 0.8325 0.04875 0.0825
0 0.73375 0.8325 0.0525 0.07875
0 0.77875 0.8325 0.0325 0.07625
0 0.85625 0.84375 0.0375 0.06875
0 0.8375 0.7825 0.045 0.03625
0 0.7075 0.67125 0.04 0.04875
0 0.3175 0.82625 0.04875 0.0875
0 0.25625 0.205 0.05125 0.08875
0 0.2075 0.14625 0.02875 0.0725
0 0.2075 0.2125 0.02875 0.06
0 0.17125 0.20375 0.04375 0.08
0 0.80625 0.06125 0.07375 0.075
0 0.745 0.08375 0.04375 0.03125
0 0.69625 0.0775 0.05 0.03875
0 0.2875 0.54875 0.05125 0.09
0 0.22875 0.5475 0.06125 0.09625
0 0.64875 0.08125 0.04375 0.02625
0 0.61375 0.05 0.02625 0.0875
0 0.5825 0.0525 0.03125 0.08875
0 0.545 0.07625 0.035 0.04125
0 0.545 0.03375 0.03875 0.04375
0 0.50375 0.06 0.03875 0.065
0 0.47125 0.06375 0.025 0.06125
0 0.43625 0.055 0.04125 0.08125
0 0.39375 0.055 0.04125 0.07875
0 0.35375 0.05625 0.03875 0.0775
0 0.31 0.06 0.045 0.0725
0 0.22 0.045 0.03875 0.025
0 0.26125 0.045 0.04125 0.02625
0 0.2575 0.075 0.045 0.03125
0 0.35125 0.22875 0.03125 0.04375
0 0.215 0.075 0.04125 0.0325
0 0.38125 0.22875 0.02875 0.04
0 0.4425 0.21375 0.03 0.06625
0 0.675 0.6725 0.02375 0.0525
0 0.64125 0.67125 0.03875 0.05875
0 0.6 0.6525 0.0325 0.05875
0 0.565 0.6625 0.0375 0.07375
0 0.52625 0.66125 0.035 0.07
0 0.4875 0.65875 0.03875 0.0675
0 0.3925 0.65625 0.05 0.08375
0 0.34125 0.6575 0.05125 0.08125
0 0.29 0.6575 0.05 0.0825
0 0.23625 0.6625 0.05125 0.07125
0 0.18875 0.665 0.04125 0.075
0 0.155 0.66625 0.02375 0.07125
0 0.8175 0.585 0.07375 0.085
0 0.74 0.55625 0.045 0.07125
0 0.69 0.5475 0.05375 0.0925
0 0.83625 0.1975 0.0675 0.12375
0 0.77625 0.19 0.05125 0.135
0 0.635 0.54625 0.05625 0.09125
0 0.58125 0.5475 0.04875 0.09125
0 0.52625 0.54875 0.06125 0.095
0 0.465 0.5475 0.0575 0.095
0 0.6575 0.22 0.05375 0.07125
0 0.49375 0.21375 0.07 0.0725
0 0.41125 0.21625 0.03 0.0625
0 0.74625 0.67875 0.0275 0.0325
0 0.17375 0.07625 0.04125 0.03375
0 0.17625 0.73375 0.04875 0.0275
0 0.38875 0.43625 0.09375 0.1
0 0.27 0.435 0.08875 0.09375
0 0.205 0.44375 0.03125 0.07625
0 0.15875 0.44125 0.05875 0.08625
0 0.81875 0.38375 0.0475 0.06
0 0.77125 0.3325 0.045 0.0775
0 0.72375 0.33625 0.05 0.075
0 0.67625 0.33 0.04375 0.09
0 0.63 0.33 0.0475 0.0925
0 0.17875 0.01625 0.04125 0.02625
0 0.58375 0.33125 0.04125 0.09
0 0.54 0.3325 0.04625 0.08375
0 0.4925 0.3325 0.04125 0.0825
0 0.4475 0.32625 0.04375 0.0925
0 0.40875 0.33125 0.03375 0.0825
0 0.36875 0.33 0.04375 0.08125
0 0.3275 0.33125 0.03875 0.0775
0 0.2525 0.32 0.1025 0.10125
0 0.16375 0.32375 0.06125 0.09
0 0.7425 0.74375 0.03125 0.065
0 0.78875 0.715 0.05 0.0675
0 0.84375 0.71875 0.06125 0.07375
0 0.22375 0.81125 0.05375 0.0575
0 0.54375 0.44875 0.04375 0.0775
0 0.74375 0.6375 0.03125 0.045
0 0.58875 0.4475 0.0425 0.0775
0 0.67 0.4525 0.03875 0.07625
0 0.17625 0.76125 0.045 0.02625
0 0.22375 0.75625 0.04125 0.02625
0 0.26375 0.7575 0.04 0.025
0 0.3075 0.7575 0.045 0.0275
0 0.3525 0.7575 0.04375 0.02875
0 0.3975 0.75625 0.045 0.0275
0 0.44 0.745 0.03875 0.05125
0 0.48 0.745 0.0425 0.05125
0 0.22125 0.72875 0.03625 0.02375
0 0.26375 0.73 0.0475 0.02625
0 0.3125 0.73 0.0475 0.02625
0 0.35625 0.73 0.04 0.025
0 0.39875 0.72875 0.04 0.02625
0 0.56875 0.74125 0.03875 0.0575
0 0.61375 0.7425 0.05 0.0575
0 0.665 0.7425 0.04625 0.055
0 0.7075 0.74125 0.03875 0.05875
0 0.17625 0.045 0.04625 0.02875
0 0.17875 0.54875 0.03625 0.08
0 0.8025 0.4775 0.01625 0.08125
0 0.78125 0.495 0.025 0.09
0 0.75375 0.48375 0.02875 0.0675
0 0.71125 0.4525 0.04125 0.0775
0 0.63125 0.45125 0.0375 0.07875
0 0.72 0.18875 0.0625 0.1325
0 0.44375 0.6525 0.05 0.08