0 0.46 0.77125 0.02625 0.06375
0 0.51625 0.755 0.02625 0.06375
0 0.54375 0.76875 0.02375 0.02875
0 0.565 0.7625 0.02 0.02375
0 0.5875 0.7575 0.02 0.0225
0 0.60875 0.7525 0.02 0.02375
0 0.8625 0.29375 0.025 0.06
0 0.8325 0.29625 0.02875 0.06125
0 0.64 0.73375 0.03125 0.04125
0 0.67 0.72625 0.0275 0.0375
0 0.7025 0.7225 0.0275 0.0375
0 0.73 0.71375 0.0275 0.0375
0 0.81125 0.69 0.02875 0.0425
0 0.8025 0.2975 0.03125 0.06375
0 0.49 0.76375 0.02625 0.06375
0 0.77125 0.29625 0.03125 0.06375
0 0.4875 0.5675 0.03375 0.05625
0 0.70875 0.3 0.02875 0.07125
0 0.82 0.60375 0.02625 0.045
0 0.8475 0.5975 0.02625 0.04375
0 0.8675 0.595 0.01375 0.045
0 0.14125 0.84375 0.03125 0.08875
0 0.17875 0.8375 0.04125 0.0825
0 0.22125 0.83 0.035 0.0775
0 0.2575 0.82125 0.03375 0.07375
0 0.2925 0.8125 0.03375 0.07375
0 0.32875 0.805 0.03375 0.07375
0 0.74 0.29875 0.03125 0.06375
0 0.36125 0.79625 0.03375 0.07125
0 0.42875 0.77875 0.0325 0.06625
0 0.4375 0.30875 0.04125 0.0775
0 0.4825 0.31 0.04125 0.0775
0 0.525 0.3075 0.04125 0.0775
0 0.56625 0.30625 0.04 0.075
0 0.605 0.30375 0.03375 0.0725
0 0.64125 0.3 0.03375 0.06875
0 0.67625 0.30125 0.03375 0.07
0 0.84125 0.6825 0.02875 0.0425
0 0.39625 0.785 0.03375 0.07125
0 0.86625 0.6775 0.0175 0.04
0 0.14875 0.96625 0.04375 0.05625
0 0.19 0.96375 0.03625 0.0575
0 0.4375 0.49125 0.035 0.05625
0 0.40125 0.49625 0.035 0.05625
0 0.36375 0.5 0.035 0.05625
0 0.32625 0.50375 0.03875 0.05625
0 0.2825 0.51 0.045 0.06
0 0.23625 0.51375 0.04375 0.06
0 0.3175 0.4125 0.04125 0.06
0 0.36125 0.4125 0.04125 0.06
0 0.4 0.4075 0.03375 0.0575
0 0.435 0.405 0.035 0.0575
0 0.47375 0.4875 0.035 0.05625
0 0.4725 0.4025 0.03625 0.0575
0 0.5475 0.3975 0.03375 0.05375
0 0.19 0.51875 0.0425 0.06125
0 0.14625 0.525 0.0425 0.06125
0 0.86125 0.3725 0.0275 0.0475
0 0.835 0.37375 0.02625 0.0475
0 0.785 0.37875 0.03 0.05
0 0.75375 0.3825 0.03 0.05
0 0.705 0.3875 0.03 0.05
0 0.57875 0.39625 0.025 0.0525
0 0.60625 0.39375 0.03 0.05
0 0.51125 0.4 0.035 0.0575
0 0.79125 0.60375 0.02875 0.0525
0 0.5075 0.4825 0.03125 0.0525
0 0.82 0.7625 0.02 0.06875
0 0.23 0.955 0.03875 0.0675
0 0.28 0.94125 0.04625 0.07125
0 0.3275 0.93125 0.04125 0.0675
0 0.36875 0.905 0.04 0.085
0 0.41 0.89 0.04 0.085
0 0.4525 0.87875 0.04 0.085
0 0.4925 0.86375 0.04 0.085
0 0.53375 0.8525 0.035 0.0825
0 0.57125 0.8425 0.03375 0.08125
0 0.605 0.82625 0.03 0.08
0 0.84875 0.75375 0.03125 0.07
0 0.6375 0.81625 0.0325 0.07875
0 0.13125 0.32 0.01125 0.07625
0 0.1425 0.425 0.03375 0.06
0 0.18375 0.4225 0.04375 0.0625
0 0.22875 0.41875 0.0425 0.06375
0 0.27375 0.4175 0.0425 0.06375
0 0.7025 0.79875 0.03 0.07875
0 0.7325 0.79125 0.03 0.07875
0 0.75875 0.7825 0.01875 0.06625
0 0.7775 0.77125 0.01875 0.07375
0 0.79875 0.7675 0.01875 0.07375
0 0.67 0.805 0.03 0.07875
0 0.76125 0.60875 0.02875 0.0525
0 0.5425 0.6525 0.0375 0.06375
0 0.7 0.61875 0.02625 0.05625
0 0.3175 0.05875 0.04375 0.11125
0 0.36 0.065 0.03875 0.10875
0 0.4 0.06625 0.03875 0.10875
0 0.4425 0.07125 0.0425 0.105
0 0.485 0.08 0.04 0.0975
0 0.5275 0.0775 0.04 0.1075
0 0.565 0.0875 0.03625 0.09375
0 0.6025 0.08875 0.03625 0.09375
0 0.64125 0.08875 0.03625 0.09625
0 0.67625 0.09125 0.03125 0.095
0 0.71375 0.09625 0.04 0.095
0 0.75625 0.1 0.04 0.09
0 0.7925 0.1075 0.03375 0.08
0 0.82375 0.11125 0.02625 0.0775
0 0.85125 0.1125 0.02625 0.0775
0 0.1675 0.1825 0.05125 0.11125
0 0.215 0.18875 0.04125 0.10125
0 0.27375 0.18625 0.04625 0.1025
0 0.3225 0.18625 0.04625 0.10375
0 0.27 0.055 0.04625 0.11
0 0.22125 0.055 0.04625 0.11
0 0.1675 0.055 0.05125 0.11
0 0.20375 0.61 0.04375 0.06125
0 0.5275 0.5625 0.03375 0.05625
0 0.5625 0.55625 0.03375 0.05
0 0.5975 0.54875 0.03375 0.05
0 0.63125 0.545 0.03375 0.04875
0 0.67375 0.5375 0.03 0.0475
0 0.70125 0.5325 0.02375 0.04625
0 0.7275 0.52875 0.025 0.04625
0 0.755 0.52625 0.02625 0.04625
0 0.785 0.51875 0.02625 0.04625
0 0.37375 0.18875 0.04625 0.1025
0 0.81125 0.51625 0.02625 0.04625
0 0.8575 0.50875 0.02375 0.04625
0 0.1375 0.73625 0.025 0.07875
0 0.18 0.72625 0.05125 0.07375
0 0.23375 0.71625 0.05125 0.07375
0 0.41375 0.5775 0.03375 0.05625
0 0.37875 0.58375 0.03375 0.05625
0 0.33875 0.5925 0.04125 0.06125
0 0.295 0.5975 0.04125 0.06125
0 0.25125 0.605 0.04375 0.06125
0 0.83375 0.5125 0.02125 0.04625
0 0.4175 0.1925 0.04125 0.1025
0 0.4575 0.19375 0.03875 0.1
0 0.49875 0.195 0.03875 0.1
0 0.7825 0.45 0.025 0.0425
0 0.7425 0.4525 0.02625 0.0475
0 0.71625 0.4575 0.02625 0.0475
0 0.68875 0.46 0.02625 0.0475
0 0.6725 0.38875 0.03 0.05
0 0.66125 0.465 0.02625 0.0475
0 0.6325 0.46875 0.03 0.05
0 0.60125 0.47 0.03 0.05
0 0.56875 0.475 0.03 0.05
0 0.39375 0.31 0.04125 0.0775
0 0.53875 0.47875 0.02625 0.0525
0 0.32625 0.69875 0.04375 0.0675
0 0.37125 0.6875 0.04375 0.06375
0 0.415 0.67625 0.04375 0.06375
0 0.46125 0.66875 0.04375 0.06375
0 0.50375 0.66125 0.0375 0.065
0 0.45 0.5725 0.03375 0.05625
0 0.57875 0.64375 0.0325 0.05875
0 0.6375 0.6325 0.0325 0.05875
0 0.6725 0.6275 0.0325 0.05875
0 0.28125 0.705 0.04375 0.0675
0 0.7275 0.6125 0.02625 0.05625
0 0.3575 0.315 0.02625 0.07375
0 0.30375 0.3175 0.025 0.07375
0 0.5375 0.19375 0.035 0.0975
0 0.5725 0.19625 0.03375 0.0975
0 0.60625 0.19875 0.03375 0.09375
0 0.64125 0.2 0.03375 0.09
0 0.6775 0.20375 0.035 0.07625
0 0.715 0.2025 0.03625 0.07625
0 0.74875 0.205 0.03125 0.07875
0 0.7825 0.205 0.03125 0.0775
0 0.81 0.20625 0.025 0.07625
0 0.33125 0.31875 0.025 0.07375
0 0.83875 0.20875 0.03 0.07625
0 0.18625 0.31875 0.02875 0.0775
0 0.155 0.32 0.03125 0.08125
0 0.21625 0.31875 0.03 0.07625
0 0.1575 0.6175 0.04375 0.06125
0 0.8525 0.44125 0.0225 0.0425
0 0.83 0.445 0.02 0.0425
0 0.8075 0.4475 0.025 0.0425
0 0.2475 0.3175 0.03 0.07625
0 0.275 0.315 0.025 0.07375
0 0.865 0.20625 0.01875 0.075
0 0.63875 0.39125 0.03 0.05