0 0.3 0.05625 0.0525 0.10875
0 0.71 0.475 0.02625 0.0875
0 0.6025 0.485 0.035 0.0875
0 0.3175 0.69 0.01625 0.05125
0 0.295 0.6875 0.01875 0.04375
0 0.26625 0.68625 0.035 0.06
0 0.22375 0.71 0.03875 0.05375
0 0.15 0.06875 0.05 0.135
0 0.34125 0.68 0.025 0.02625
0 0.33875 0.71125 0.0175 0.025
0 0.36375 0.71375 0.01625 0.015
0 0.37375 0.67875 0.015 0.03875
0 0.2225 0.05625 0.0925 0.11
0 0.8525 0.55625 0.03375 0.03125
0 0.815 0.55 0.03125 0.0325
0 0.795 0.49625 0.0325 0.04
0 0.7475 0.48 0.0375 0.0875
0 0.3525 0.08 0.0425 0.0725
0 0.67625 0.49875 0.03875 0.05875
0 0.645 0.4975 0.03375 0.0675
0 0.565 0.485 0.04 0.0875
0 0.3975 0.0725 0.045 0.08625
0 0.72375 0.09125 0.05875 0.08125
0 0.51125 0.085 0.03125 0.08875
0 0.5575 0.6825 0.0175 0.0325
0 0.55125 0.5925 0.0475 0.0625
0 0.5 0.58 0.03875 0.06625
0 0.46 0.58125 0.04 0.06375
0 0.4175 0.58875 0.045 0.0775
0 0.5175 0.69375 0.05125 0.0775
0 0.8475 0.88125 0.055 0.01875
0 0.61375 0.6925 0.0225 0.0525
0 0.4725 0.6875 0.025 0.03375
0 0.4225 0.685 0.0175 0.0375
0 0.39375 0.6775 0.02125 0.0375
0 0.8125 0.095 0.04 0.08625
0 0.85125 0.69875 0.04 0.0325
0 0.2425 0.58875 0.07625 0.0875
0 0.31375 0.5925 0.06375 0.075
0 0.37 0.58875 0.04625 0.06875
0 0.44125 0.685 0.02 0.03125
0 0.475 0.07875 0.035 0.0925
0 0.60125 0.58625 0.04 0.06375
0 0.685 0.59 0.02125 0.05625
0 0.54625 0.105 0.0325 0.05
0 0.74375 0.68875 0.025 0.045
0 0.64875 0.0725 0.07875 0.12625
0 0.58125 0.105 0.03125 0.045
0 0.70875 0.6875 0.02625 0.03875
0 0.6875 0.68625 0.015 0.04125
0 0.8375 0.64875 0.05375 0.045
0 0.65875 0.68875 0.02375 0.05625
0 0.51375 0.485 0.0525 0.0875
0 0.4075 0.48375 0.04875 0.08875
0 0.3525 0.4825 0.05875 0.095
0 0.2925 0.485 0.0525 0.08625
0 0.2325 0.485 0.0675 0.08375
0 0.7825 0.5925 0.0275 0.055
0 0.75375 0.595 0.03 0.0525
0 0.7125 0.58875 0.0325 0.0575
0 0.45875 0.48375 0.05 0.09
0 0.65 0.59125 0.04875 0.07875
0 0.8475 0.395 0.04625 0.03
0 0.6525 0.36375 0.05625 0.0775
0 0.345 0.86125 0.02625 0.1225
0 0.375 0.8575 0.03125 0.11375
0 0.40125 0.85 0.025 0.1125
0 0.43 0.85375 0.0275 0.1325
0 0.4575 0.83875 0.025 0.11375
0 0.5175 0.8575 0.03 0.08375
0 0.55125 0.85375 0.0325 0.085
0 0.58625 0.8425 0.035 0.10875
0 0.6175 0.845 0.0275 0.11375
0 0.6525 0.845 0.02875 0.115
0 0.6825 0.83 0.02 0.1125
0 0.71375 0.8375 0.0325 0.125
0 0.525 0.36125 0.05625 0.07625
0 0.59875 0.365 0.045 0.07625
0 0.71625 0.3675 0.05375 0.08625
0 0.47875 0.36 0.03625 0.08625
0 0.405 0.34875 0.04125 0.10375
0 0.36 0.35875 0.0375 0.0775
0 0.32 0.35875 0.0375 0.08125
0 0.275 0.35625 0.04625 0.08125
0 0.22375 0.35375 0.05 0.08625
0 0.745 0.84625 0.025 0.10375
0 0.775 0.83625 0.0275 0.11125
0 0.8025 0.84375 0.02375 0.11125
0 0.8475 0.85 0.05375 0.03875
0 0.85375 0.51125 0.0375 0.0425
0 0.84375 0.43375 0.0375 0.035
0 0.31375 0.865 0.03 0.12125
0 0.28625 0.86375 0.03125 0.12625
0 0.48625 0.86125 0.03 0.0925
0 0.2275 0.86375 0.02375 0.11875
0 0.2375 0.19875 0.095 0.12125
0 0.30125 0.22125 0.03 0.07875
0 0.3375 0.2225 0.0325 0.0825
0 0.37375 0.2225 0.04 0.08
0 0.4125 0.22375 0.03625 0.0825
0 0.45125 0.22625 0.03375 0.075
0 0.48125 0.23375 0.0225 0.07125
0 0.25625 0.8675 0.02375 0.1125
0 0.55875 0.23 0.035 0.08
0 0.585 0.2375 0.02125 0.06625
0 0.62 0.235 0.045 0.07
0 0.66125 0.185 0.0275 0.025
0 0.69125 0.18375 0.035 0.02875
0 0.51625 0.22875 0.045 0.075
0 0.72625 0.2425 0.0275 0.06375
0 0.6775 0.23875 0.06 0.07375
0 0.1925 0.8675 0.03375 0.1175
0 0.15375 0.84375 0.05125 0.13375
0 0.185 0.65125 0.02625 0.11375
0 0.1625 0.51875 0.06875 0.065
0 0.15125 0.66125 0.04 0.13125
0 0.16125 0.40375 0.06625 0.0475
0 0.1575 0.3075 0.0575 0.08625
0 0.85125 0.28375 0.0475 0.07875
0 0.855 0.2225 0.03875 0.0375
0 0.16375 0.45625 0.07125 0.04625