0 0.71 0.28 0.03125 0.035
0 0.675 0.28 0.03625 0.035
0 0.63 0.28125 0.0525 0.03375
0 0.63 0.255 0.05125 0.01625
0 0.57875 0.255 0.04625 0.02
0 0.525 0.2825 0.01875 0.04
0 0.54375 0.2825 0.01875 0.0375
0 0.5075 0.28125 0.0175 0.04
0 0.49125 0.28125 0.01125 0.0425
0 0.4725 0.26125 0.03125 0.075
0 0.4475 0.28375 0.02125 0.0325
0 0.74 0.285 0.0275 0.02625
0 0.58 0.28375 0.04875 0.03375
0 0.4275 0.28375 0.01875 0.03125
0 0.66875 0.36375 0.02375 0.0625
0 0.7675 0.2475 0.025 0.0175
0 0.41125 0.28625 0.01125 0.03375
0 0.6475 0.36375 0.01625 0.0625
0 0.6275 0.36375 0.0225 0.06
0 0.58 0.37 0.06 0.0475
0 0.525 0.3675 0.04 0.05375
0 0.485 0.37375 0.03875 0.04375
0 0.7675 0.28375 0.02625 0.02375
0 0.45125 0.37125 0.0275 0.045
0 0.39375 0.37125 0.0275 0.0475
0 0.36375 0.37375 0.0325 0.04875
0 0.335 0.375 0.02625 0.04625
0 0.3075 0.37375 0.025 0.045
0 0.28 0.3725 0.03125 0.0475
0 0.765 0.22875 0.02875 0.01875
0 0.4225 0.3725 0.02875 0.0475
0 0.39375 0.28125 0.02375 0.04125
0 0.39125 0.165 0.0275 0.0775
0 0.345 0.27875 0.025 0.05
0 0.75125 0.17625 0.04875 0.0525
0 0.705 0.17875 0.03875 0.04625
0 0.665 0.1825 0.04375 0.03625
0 0.6625 0.1375 0.035 0.04375
0 0.63625 0.17625 0.01 0.01125
0 0.63375 0.18625 0.0075 0.01
0 0.63625 0.19875 0.01 0.0075
0 0.61875 0.185 0.02375 0.035
0 0.60125 0.2 0.01 0.0075
0 0.58875 0.19875 0.015 0.01
0 0.58625 0.19125 0.0125 0.0075
0 0.5875 0.18 0.0125 0.0125
0 0.58625 0.16875 0.01375 0.01
0 0.53875 0.18 0.045 0.04625
0 0.36875 0.2825 0.0225 0.04375
0 0.48875 0.16375 0.03875 0.08375
0 0.36375 0.1875 0.025 0.03375
0 0.33375 0.19125 0.0375 0.02625
0 0.27 0.1725 0.0225 0.0075
0 0.26875 0.18375 0.02875 0.01375
0 0.2675 0.19625 0.02875 0.00875
0 0.29625 0.195 0.02625 0.00875
0 0.29625 0.18625 0.02375 0.00625
0 0.29625 0.175 0.0225 0.0125
0 0.2975 0.14625 0.03875 0.04375
0 0.265 0.14375 0.0225 0.0475
0 0.27 0.2675 0.0225 0.07
0 0.28875 0.28625 0.0125 0.03375
0 0.30625 0.28625 0.01875 0.03125
0 0.32375 0.28625 0.015 0.03125
0 0.4525 0.1875 0.0325 0.03375
0 0.7 0.36 0.03125 0.05875
0 0.66625 0.77125 0.03875 0.05
0 0.5325 0.56125 0.02 0.0625
0 0.675 0.56 0.02375 0.065
0 0.64875 0.5575 0.0275 0.06875
0 0.6225 0.56 0.02125 0.0675
0 0.59875 0.5575 0.0225 0.075
0 0.57625 0.55375 0.0225 0.07125
0 0.5525 0.56 0.02125 0.06125
0 0.60625 0.87 0.02625 0.0525
0 0.505 0.56375 0.01875 0.0575
0 0.48375 0.56 0.01875 0.06375
0 0.465 0.56375 0.01625 0.05625
0 0.4425 0.55625 0.025 0.07125
0 0.57875 0.87625 0.02625 0.0525
0 0.55125 0.875 0.02625 0.055
0 0.52375 0.8825 0.02875 0.04625
0 0.48875 0.8825 0.03125 0.0425
0 0.45375 0.8975 0.03125 0.01125
0 0.455 0.8875 0.03375 0.0075
0 0.45625 0.88125 0.03375 0.00875
0 0.4575 0.84875 0.03125 0.055
0 0.42625 0.86375 0.025 0.08625
0 0.39875 0.86375 0.0275 0.08375
0 0.37125 0.86625 0.03 0.0575
0 0.37125 0.9 0.03375 0.00875
0 0.34125 0.86375 0.02875 0.05625
0 0.34 0.89875 0.03 0.01
0 0.31 0.8975 0.02875 0.0125
0 0.31125 0.8875 0.03 0.00875
0 0.3125 0.85125 0.0275 0.06125
0 0.28 0.845 0.03625 0.0525
0 0.705 0.54 0.03625 0.04625
0 0.28 0.87625 0.035 0.00875
0 0.7425 0.5425 0.035 0.0425
0 0.75625 0.62 0.025 0.0625
0 0.6775 0.865 0.02 0.08125
0 0.70375 0.88 0.0275 0.05625
0 0.7425 0.88125 0.04 0.04875
0 0.7725 0.8825 0.0175 0.055
0 0.77 0.79 0.02125 0.04
0 0.74625 0.79125 0.025 0.04
0 0.71125 0.79125 0.045 0.03875
0 0.6225 0.7725 0.0375 0.0575
0 0.56625 0.78 0.05625 0.02625
0 0.4925 0.77625 0.06625 0.03125
0 0.4275 0.7775 0.04375 0.0325
0 0.3825 0.77 0.025 0.0475
0 0.345 0.775 0.03875 0.05
0 0.29625 0.76125 0.04625 0.07
0 0.48375 0.73375 0.065 0.03375
0 0.55 0.7425 0.05375 0.015
0 0.765 0.725 0.0325 0.02875
0 0.72625 0.72625 0.05 0.0275
0 0.695 0.71375 0.015 0.05375
0 0.6575 0.66125 0.05125 0.06625
0 0.60625 0.65625 0.05125 0.0825
0 0.55125 0.665 0.05375 0.065
0 0.4975 0.665 0.0525 0.06375
0 0.4425 0.665 0.055 0.06625
0 0.39625 0.67125 0.03625 0.03375
0 0.34375 0.6675 0.0575 0.05625
0 0.29625 0.66125 0.04125 0.06375
0 0.695 0.6325 0.01375 0.0375
0 0.7225 0.63625 0.0375 0.0325
0 0.77 0.54125 0.02125 0.04
0 0.28125 0.8875 0.0325 0.01
0 0.28 0.89875 0.0325 0.01125
0 0.5825 0.48125 0.01875 0.00625
0 0.5625 0.4575 0.0225 0.0125
0 0.5575 0.445 0.0325 0.0125
0 0.58375 0.46625 0.02 0.0075
0 0.58375 0.47375 0.02125 0.0075
0 0.6575 0.86625 0.01875 0.08125
0 0.6025 0.48375 0.02125 0.005
0 0.60375 0.475 0.02 0.00875
0 0.625 0.45625 0.02 0.01
0 0.62375 0.46625 0.02 0.0075
0 0.625 0.475 0.02 0.005
0 0.5625 0.47 0.02 0.00875
0 0.62375 0.4825 0.02125 0.00625
0 0.67625 0.4675 0.02875 0.0075
0 0.67625 0.47375 0.02875 0.00625
0 0.67625 0.4825 0.0275 0.00625
0 0.7025 0.45125 0.0275 0.065
0 0.7275 0.45125 0.02125 0.06625
0 0.75375 0.45375 0.025 0.06375
0 0.775 0.45 0.0125 0.07125
0 0.77 0.365 0.02125 0.055
0 0.75 0.3675 0.02375 0.0525
0 0.7275 0.36625 0.0175 0.05375
0 0.64875 0.46125 0.025 0.0475
0 0.56375 0.48 0.0175 0.0125
0 0.6325 0.87125 0.025 0.05125
0 0.45375 0.46625 0.02 0.05
0 0.4175 0.55625 0.02375 0.07125
0 0.50375 0.46875 0.0375 0.04
0 0.36875 0.5725 0.0275 0.04
0 0.34 0.575 0.03 0.04125
0 0.2975 0.57625 0.0475 0.0375
0 0.29875 0.54 0.0325 0.01375
0 0.2775 0.47375 0.03125 0.0325
0 0.30875 0.475 0.02875 0.03125
0 0.33 0.445 0.03 0.0275
0 0.34125 0.47375 0.02875 0.025
0 0.39375 0.55625 0.02125 0.07125
0 0.4025 0.46375 0.0325 0.045
0 0.4325 0.4675 0.02375 0.04875
0 0.3725 0.475 0.0275 0.02375