0 0.6575 0.87125 0.00875 0.07875
0 0.5325 0.305 0.00875 0.095
0 0.52125 0.30625 0.01125 0.0925
0 0.43375 0.92125 0.0175 0.095
0 0.4775 0.9 0.01625 0.095
0 0.52875 0.89 0.0125 0.09375
0 0.55375 0.88625 0.01 0.0925
0 0.5675 0.885 0.01125 0.09125
0 0.6 0.88125 0.01125 0.0875
0 0.61125 0.88125 0.01 0.09
0 0.67125 0.875 0.01 0.08375
0 0.70125 0.8825 0.01 0.08625
0 0.7375 0.8075 0.00875 0.055
0 0.72625 0.8075 0.0075 0.05625
0 0.71625 0.88375 0.0125 0.08625
0 0.64 0.87375 0.01 0.08625
0 0.7375 0.88125 0.01125 0.08375
0 0.625 0.875 0.01125 0.09
0 0.4 0.29375 0.01 0.09375
0 0.38625 0.29375 0.00875 0.1
0 0.2475 0.12625 0.02125 0.10625
0 0.2825 0.11875 0.01625 0.10375
0 0.32125 0.13625 0.015 0.10125
0 0.3375 0.13625 0.01125 0.09875
0 0.3625 0.1375 0.01375 0.10375
0 0.38125 0.88625 0.01 0.075
0 0.39375 0.13125 0.01625 0.10625
0 0.425 0.1375 0.01375 0.1075
0 0.50125 0.295 0.01125 0.1
0 0.44125 0.1325 0.00875 0.10875
0 0.46375 0.1275 0.01625 0.11
0 0.49375 0.14125 0.015 0.0975
0 0.52 0.12625 0.0175 0.1
0 0.5575 0.1175 0.01625 0.10125
0 0.585 0.13875 0.01625 0.10375
0 0.60875 0.14 0.01625 0.1025
0 0.63375 0.1425 0.015 0.1025
0 0.665 0.13375 0.01375 0.1025
0 0.68875 0.14625 0.0125 0.10125
0 0.7125 0.14375 0.0175 0.105
0 0.735 0.1425 0.01625 0.10125
0 0.7625 0.1425 0.02 0.10125
0 0.75375 0.2975 0.015 0.0925
0 0.25625 0.29875 0.02 0.10375
0 0.30375 0.295 0.015 0.10125
0 0.33 0.29125 0.015 0.105
0 0.34625 0.29 0.01125 0.105
0 0.36375 0.29125 0.0125 0.10125
0 0.375 0.28875 0.0075 0.1
0 0.415 0.295 0.01125 0.1
0 0.395 0.8875 0.01125 0.0825
0 0.75125 0.88 0.00875 0.085
0 0.3425 0.90875 0.01 0.08125
0 0.48125 0.4575 0.0125 0.09125
0 0.46 0.45375 0.01 0.09375
0 0.44625 0.44125 0.01 0.08125
0 0.42875 0.45375 0.0125 0.10375
0 0.41375 0.4475 0.0125 0.09
0 0.3875 0.4475 0.01375 0.0875
0 0.37125 0.4475 0.01125 0.0875
0 0.34875 0.44625 0.01125 0.08375
0 0.33375 0.445 0.01 0.08125
0 0.305 0.44875 0.01375 0.1
0 0.49875 0.44875 0.0175 0.095
0 0.2325 0.46375 0.01875 0.1025
0 0.28 0.455 0.01 0.08875
0 0.76125 0.58875 0.01625 0.0925
0 0.73625 0.5825 0.0125 0.09625
0 0.71375 0.585 0.01125 0.0925
0 0.70125 0.585 0.00875 0.0925
0 0.6875 0.59625 0.00875 0.0925
0 0.67625 0.5975 0.01 0.0925
0 0.66125 0.59375 0.0075 0.0925
0 0.65 0.59 0.01 0.08875
0 0.64625 0.5325 0.02875 0.025
0 0.265 0.455 0.01 0.0925
0 0.51875 0.4525 0.01 0.09375
0 0.535 0.44625 0.01 0.09125
0 0.5475 0.4475 0.00875 0.09
0 0.44875 0.3025 0.01125 0.1025
0 0.43375 0.30125 0.0125 0.10375
0 0.55875 0.29 0.01 0.09625
0 0.58 0.3 0.0175 0.08625
0 0.64 0.30125 0.00875 0.09875
0 0.6525 0.3 0.01 0.0975
0 0.66375 0.29875 0.00875 0.095
0 0.6775 0.29625 0.01125 0.09375
0 0.6925 0.2975 0.00875 0.09375
0 0.70375 0.29375 0.0075 0.0925
0 0.72375 0.2975 0.00875 0.09375
0 0.73625 0.29625 0.01 0.0925
0 0.76125 0.44 0.0125 0.09625
0 0.73875 0.43 0.01 0.09125
0 0.7275 0.4275 0.00875 0.08875
0 0.7125 0.43875 0.01 0.095
0 0.70125 0.4375 0.00875 0.0925
0 0.68 0.44 0.0075 0.095
0 0.6675 0.44 0.00875 0.0925
0 0.655 0.4375 0.01125 0.09
0 0.6425 0.43625 0.00875 0.09375
0 0.625 0.4225 0.00875 0.0775
0 0.57125 0.4575 0.01625 0.095
0 0.57 0.6025 0.0125 0.09125
0 0.35625 0.9075 0.0125 0.085
0 0.54125 0.61125 0.01125 0.09375
0 0.495 0.6125 0.01875 0.10625
0 0.46875 0.7525 0.0125 0.09625
0 0.49875 0.75875 0.0125 0.095
0 0.53375 0.74375 0.01375 0.0975
0 0.5575 0.7625 0.01125 0.09
0 0.59375 0.75375 0.00875 0.09625
0 0.60625 0.7525 0.00875 0.095
0 0.62125 0.74375 0.0125 0.0925
0 0.635 0.74125 0.00875 0.09
0 0.655 0.74 0.01125 0.08
0 0.6675 0.74 0.01125 0.08375
0 0.45375 0.7525 0.01 0.09625
0 0.74375 0.73 0.01125 0.085
0 0.72125 0.735 0.00875 0.08375
0 0.7125 0.73625 0.00625 0.085
0 0.69625 0.73 0.01 0.09
0 0.68375 0.7325 0.01 0.09375
0 0.77375 0.87 0.0125 0.0875
0 0.3125 0.92625 0.015 0.09625
0 0.23375 0.9325 0.01 0.08625
0 0.25 0.9275 0.01125 0.0925
0 0.26875 0.92 0.00875 0.0825
0 0.2825 0.91875 0.01125 0.08625
0 0.73125 0.72875 0.00875 0.0875
0 0.435 0.75375 0.01 0.08875
0 0.42 0.75625 0.01 0.09125
0 0.39875 0.76375 0.0125 0.0875
0 0.46625 0.60125 0.01 0.0975
0 0.4525 0.59875 0.01375 0.0975
0 0.425 0.6025 0.015 0.09375
0 0.3975 0.6125 0.015 0.09
0 0.3825 0.61125 0.0125 0.09
0 0.35875 0.61375 0.01 0.08875
0 0.34375 0.61125 0.01125 0.08375
0 0.32 0.62375 0.0125 0.095
0 0.30375 0.62375 0.01 0.09375
0 0.285 0.61875 0.0125 0.08875
0 0.27 0.61875 0.01125 0.08875
0 0.2375 0.6225 0.0125 0.085
0 0.22375 0.625 0.00875 0.09
0 0.765 0.72625 0.0175 0.0925
0 0.23375 0.77875 0.01 0.0875
0 0.25 0.77625 0.01375 0.09
0 0.27625 0.78375 0.0125 0.09375
0 0.29375 0.78125 0.01125 0.09
0 0.3125 0.78 0.01 0.095
0 0.3275 0.77875 0.015 0.08875
0 0.36375 0.7625 0.01 0.09
0 0.35 0.76625 0.0125 0.08625
0 0.3825 0.765 0.01 0.0925
0 0.525 0.60625 0.01375 0.09625
0 0.605 0.26 0.015 0.0425
0 0.47625 0.29375 0.015 0.10125