0 0.28625 0.63625 0.0625 0.08
0 0.345 0.6325 0.05375 0.08
0 0.22125 0.63875 0.0575 0.08125
0 0.4075 0.63 0.06 0.07875
0 0.14 0.26625 0.02875 0.10875
0 0.17625 0.2625 0.0325 0.10625
0 0.21625 0.26375 0.04375 0.10375
0 0.46875 0.6275 0.06 0.08125
0 0.52875 0.62625 0.05625 0.08125
0 0.58625 0.64625 0.0475 0.035
0 0.16 0.64 0.0575 0.0825
0 0.85 0.4925 0.03875 0.10125
0 0.30125 0.26 0.0425 0.11
0 0.705 0.24625 0.04125 0.1025
0 0.78125 0.2425 0.095 0.10125
0 0.14 0.395 0.02875 0.10625
0 0.1775 0.3925 0.03875 0.105
0 0.6625 0.25125 0.0375 0.10875
0 0.6175 0.25125 0.03875 0.1025
0 0.54125 0.2525 0.04375 0.1125
0 0.49625 0.25625 0.035 0.10375
0 0.33875 0.13 0.035 0.10125
0 0.72125 0.62125 0.07625 0.07875
0 0.80875 0.495 0.0375 0.10125
0 0.7525 0.495 0.0525 0.10875
0 0.7 0.50125 0.04625 0.1075
0 0.46125 0.25625 0.02875 0.11
0 0.42875 0.26 0.02875 0.105
0 0.39 0.26125 0.03875 0.1025
0 0.34625 0.26125 0.04 0.10375
0 0.26125 0.26375 0.0275 0.10375
0 0.78625 0.61625 0.0475 0.08375
0 0.82125 0.39375 0.06875 0.05125
0 0.5575 0.50625 0.03125 0.1
0 0.4425 0.3825 0.0375 0.1025
0 0.47625 0.38375 0.02375 0.10375
0 0.26875 0.51375 0.03625 0.1025
0 0.28375 0.74625 0.04875 0.08125
0 0.3325 0.74375 0.04625 0.08125
0 0.3825 0.74125 0.04875 0.08375
0 0.43125 0.74625 0.04125 0.06625
0 0.4725 0.745 0.0375 0.0675
0 0.5125 0.74375 0.03875 0.0675
0 0.55375 0.7425 0.04125 0.06875
0 0.60125 0.73625 0.04625 0.07875
0 0.64375 0.7575 0.02875 0.02875
0 0.6925 0.72875 0.05125 0.07875
0 0.74875 0.72375 0.05125 0.08125
0 0.51 0.3825 0.03875 0.1075
0 0.5525 0.38 0.0375 0.10125
0 0.6275 0.38125 0.03375 0.0975
0 0.665 0.3775 0.03875 0.095
0 0.70375 0.37625 0.03625 0.09625
0 0.23625 0.51375 0.025 0.1075
0 0.73875 0.375 0.03125 0.09125
0 0.19125 0.51375 0.04375 0.10375
0 0.14 0.52 0.03 0.10625
0 0.405 0.38625 0.035 0.105
0 0.3675 0.385 0.0325 0.1075
0 0.33375 0.38375 0.02625 0.10875
0 0.29625 0.38625 0.03375 0.11125
0 0.83625 0.615 0.045 0.08375
0 0.2575 0.38875 0.035 0.1075
0 0.14125 0.75125 0.03125 0.08375
0 0.1825 0.74875 0.0475 0.0825
0 0.23375 0.7475 0.04875 0.08
0 0.77125 0.37625 0.02625 0.09125
0 0.5 0.5175 0.07 0.0775
0 0.4475 0.51 0.03125 0.09875
0 0.41625 0.51125 0.02875 0.095
0 0.3825 0.51375 0.03375 0.09875
0 0.34875 0.51125 0.03 0.10375
0 0.5975 0.5 0.045 0.105
0 0.31 0.51375 0.04125 0.10625
0 0.805 0.115 0.02 0.10375
0 0.75625 0.12375 0.07 0.07375
0 0.6975 0.11375 0.03375 0.1075
0 0.66125 0.1175 0.03125 0.10375
0 0.6275 0.1175 0.03 0.10625
0 0.59375 0.11875 0.0325 0.10625
0 0.56 0.12125 0.03125 0.10625
0 0.5225 0.12375 0.0325 0.1025
0 0.4775 0.12375 0.0375 0.105
0 0.4325 0.1225 0.04125 0.11
0 0.39 0.12375 0.03625 0.10875
0 0.84 0.1075 0.03625 0.10625
0 0.22 0.38875 0.0325 0.10875
0 0.2475 0.13125 0.04125 0.10375
0 0.325 0.8325 0.02625 0.01875
0 0.6975 0.8075 0.0375 0.0325
0 0.705 0.86125 0.03625 0.04875
0 0.665 0.86 0.0375 0.0475
0 0.6575 0.80875 0.035 0.03125
0 0.62125 0.87375 0.04 0.03125
0 0.62125 0.82625 0.035 0.02875
0 0.55 0.81875 0.04625 0.04
0 0.555 0.865 0.04 0.04875
0 0.5175 0.87375 0.03125 0.04375
0 0.4875 0.8775 0.025 0.0425
0 0.745 0.8575 0.0375 0.03125
0 0.45125 0.8825 0.0375 0.02875
0 0.36 0.88625 0.04125 0.02875
0 0.31625 0.885 0.04125 0.0275
0 0.26875 0.88875 0.0425 0.02625
0 0.285 0.8225 0.03875 0.02875
0 0.2425 0.8275 0.04375 0.025
0 0.22625 0.89 0.04 0.0275
0 0.1825 0.895 0.03875 0.02625
0 0.14375 0.89375 0.0375 0.03
0 0.85375 0.72375 0.0425 0.08625
0 0.80625 0.725 0.04625 0.0825
0 0.41 0.88625 0.04125 0.0275
0 0.805 0.87 0.04375 0.02375
0 0.85125 0.8675 0.04 0.02375
0 0.1725 0.13 0.09125 0.09375