0 0.58875 0.74375 0.0375 0.0675
0 0.67875 0.7425 0.03875 0.07
0 0.55 0.74375 0.03 0.07125
0 0.50375 0.7375 0.04875 0.08
0 0.44875 0.745 0.05 0.06875
0 0.63375 0.7425 0.045 0.07
0 0.39625 0.745 0.04625 0.06625
0 0.83375 0.625 0.06125 0.09125
0 0.28875 0.7475 0.03125 0.0625
0 0.38875 0.63375 0.03125 0.0825
0 0.43 0.635 0.045 0.08375
0 0.4675 0.6225 0.02375 0.06875
0 0.5075 0.6325 0.04375 0.08875
0 0.55375 0.63625 0.03625 0.07625
0 0.60375 0.62875 0.0575 0.08875
0 0.6625 0.6275 0.05125 0.0875
0 0.72375 0.62875 0.05125 0.0875
0 0.775 0.6275 0.04 0.09375
0 0.72375 0.74125 0.0475 0.07125
0 0.14 0.755 0.015 0.04375
0 0.16875 0.74125 0.02375 0.06875
0 0.1925 0.7425 0.01875 0.06875
0 0.22 0.74375 0.03125 0.0725
0 0.25625 0.74625 0.02875 0.06375
0 0.33875 0.7475 0.055 0.0625
0 0.7675 0.75 0.03375 0.055
0 0.8075 0.85 0.04 0.04875
0 0.84375 0.75625 0.03625 0.04875
0 0.19125 0.95 0.03375 0.08625
0 0.2275 0.95375 0.03375 0.09
0 0.275 0.93875 0.03 0.06125
0 0.3075 0.9375 0.025 0.06375
0 0.33625 0.93875 0.0275 0.06375
0 0.365 0.9425 0.01625 0.06625
0 0.39 0.95375 0.025 0.08625
0 0.1575 0.95375 0.0275 0.09125
0 0.42 0.9525 0.03125 0.08875
0 0.52625 0.92875 0.04625 0.0575
0 0.57875 0.9475 0.04625 0.08875
0 0.62875 0.9475 0.04375 0.0875
0 0.67625 0.9475 0.045 0.08125
0 0.7325 0.9475 0.05 0.0925
0 0.79125 0.9475 0.05375 0.085
0 0.84875 0.95375 0.0475 0.08
0 0.46625 0.94625 0.04875 0.0775
0 0.805 0.75 0.02875 0.05875
0 0.1325 0.9525 0.01375 0.08625
0 0.34375 0.635 0.04875 0.08625
0 0.1375 0.8575 0.02375 0.05375
0 0.17 0.85875 0.03625 0.05
0 0.30125 0.83125 0.0425 0.02375
0 0.29625 0.87125 0.04875 0.02875
0 0.37375 0.87375 0.045 0.025
0 0.4275 0.86 0.03875 0.0275
0 0.46625 0.85625 0.025 0.0225
0 0.84875 0.84875 0.03375 0.05375
0 0.47125 0.8175 0.02875 0.02375
0 0.5025 0.87375 0.0375 0.02875
0 0.5525 0.8525 0.03125 0.0225
0 0.59625 0.85625 0.04 0.04875
0 0.64 0.8575 0.035 0.0525
0 0.68125 0.855 0.04125 0.04875
0 0.72625 0.8575 0.04 0.04625
0 0.7625 0.84625 0.03125 0.04875
0 0.51125 0.83125 0.04 0.02625
0 0.29375 0.63625 0.04125 0.08
0 0.15125 0.53 0.035 0.07375
0 0.15375 0.63125 0.0575 0.09375
0 0.865 0.185 0.01875 0.01125
0 0.8675 0.20625 0.015 0.02
0 0.14625 0.3275 0.03625 0.05375
0 0.185 0.32125 0.03375 0.06375
0 0.22625 0.32 0.0375 0.0675
0 0.27375 0.31375 0.03875 0.0775
0 0.3225 0.32125 0.04875 0.07375
0 0.405 0.32125 0.03875 0.0625
0 0.4475 0.3125 0.0375 0.075
0 0.48875 0.31375 0.04 0.0775
0 0.53375 0.31625 0.04 0.07625
0 0.5775 0.3175 0.0375 0.07625
0 0.6175 0.3175 0.03125 0.0775
0 0.65625 0.31625 0.035 0.07625
0 0.7 0.31375 0.04 0.08
0 0.865 0.16125 0.01875 0.025
0 0.83625 0.2075 0.035 0.01625
0 0.835 0.18375 0.035 0.02125
0 0.7975 0.2075 0.03125 0.01625
0 0.6525 0.18375 0.015 0.07125
0 0.62375 0.1825 0.03 0.06875
0 0.58625 0.18 0.03625 0.07875
0 0.5475 0.18 0.03125 0.07875
0 0.51875 0.205 0.02 0.03125
0 0.51625 0.16625 0.02625 0.03875
0 0.48625 0.18125 0.0225 0.075
0 0.74 0.31625 0.03125 0.07625
0 0.45375 0.21 0.03 0.01875
0 0.68 0.1825 0.02625 0.07625
0 0.45125 0.1625 0.02875 0.0225
0 0.41625 0.20875 0.0325 0.01875
0 0.4175 0.18625 0.03125 0.02125
0 0.71 0.13625 0.02 0.05125
0 0.75125 0.16125 0.05 0.105
0 0.79875 0.18625 0.03125 0.02125
0 0.4575 0.18875 0.0275 0.0175
0 0.24 0.6325 0.0575 0.0925
0 0.80125 0.26375 0.02875 0.0525
0 0.7725 0.32375 0.025 0.05375
0 0.225 0.52875 0.0375 0.06875
0 0.26625 0.5325 0.035 0.0675
0 0.30625 0.53125 0.03375 0.06625
0 0.355 0.52 0.05875 0.08875
0 0.405 0.5275 0.0325 0.0775
0 0.44375 0.52625 0.04 0.0775
0 0.48375 0.5275 0.0375 0.075
0 0.535 0.52125 0.04875 0.08
0 0.58 0.5225 0.0325 0.08125
0 0.62625 0.52125 0.0525 0.085
0 0.68 0.5275 0.04125 0.07875
0 0.7225 0.525 0.03375 0.07625
0 0.76125 0.5275 0.04 0.075
0 0.80125 0.52625 0.035 0.075
0 0.8475 0.525 0.05375 0.07875
0 0.1875 0.53125 0.0325 0.0725
0 0.86375 0.4225 0.0225 0.075
0 0.8225 0.42375 0.04875 0.07375
0 0.74 0.42125 0.0425 0.08125
0 0.8025 0.32375 0.02375 0.055
0 0.83125 0.32375 0.02375 0.05625
0 0.85875 0.305 0.02 0.025
0 0.86 0.34 0.02 0.03
0 0.17 0.42375 0.055 0.08
0 0.21625 0.42375 0.0275 0.07375
0 0.2675 0.41625 0.0625 0.09375
0 0.83375 0.2625 0.0275 0.05625
0 0.325 0.4175 0.035 0.0825
0 0.41 0.42375 0.02875 0.075
0 0.4475 0.42 0.04125 0.0875
0 0.4875 0.42 0.03375 0.085
0 0.52625 0.42125 0.0375 0.08125
0 0.56375 0.42125 0.02875 0.0825
0 0.60875 0.4175 0.04375 0.09
0 0.67375 0.41625 0.075 0.09125
0 0.3675 0.42 0.04 0.0775
0 0.70875 0.19625 0.02125 0.05125
0 0.365 0.32 0.02625 0.06875
0 0.41375 0.16375 0.03375 0.02
0 0.375 0.19125 0.03375 0.0525
0 0.3375 0.18625 0.0275 0.0675
0 0.3 0.18375 0.035 0.07125
0 0.26125 0.18625 0.03625 0.0675
0 0.2225 0.2125 0.03 0.0075
0 0.22125 0.195 0.0175 0.015
0 0.2175 0.17 0.0275 0.02875
0 0.18625 0.2075 0.03625 0.01125
0 0.17875 0.18375 0.03375 0.025
0 0.17 0.1325 0.0275 0.01875
0 0.14125 0.18125 0.03125 0.06125
0 0.175 0.155 0.025 0.01875