0 0.5725 0.43 0.05 0.03625
0 0.8425 0.78125 0.03 0.04625
0 0.845 0.91 0.05875 0.05125
0 0.39 0.665 0.0475 0.055
0 0.77375 0.88875 0.07875 0.0775
0 0.6925 0.85875 0.0725 0.06875
0 0.61125 0.8675 0.07625 0.08125
0 0.85875 0.3175 0.03125 0.06375
0 0.345 0.4275 0.0525 0.035
0 0.34 0.66 0.045 0.04875
0 0.34625 0.5975 0.05 0.04875
0 0.3975 0.60125 0.0475 0.05125
0 0.50875 0.43 0.0525 0.03875
0 0.45 0.605 0.04875 0.04875
0 0.56375 0.61125 0.0525 0.05375
0 0.4 0.43 0.05 0.0375
0 0.50125 0.55125 0.05125 0.05625
0 0.4475 0.54875 0.05 0.05375
0 0.4525 0.43 0.05375 0.0375
0 0.35 0.5375 0.035 0.04875
0 0.3425 0.47625 0.05125 0.0525
0 0.39875 0.4775 0.05125 0.05375
0 0.4525 0.4775 0.0525 0.05375
0 0.5075 0.47875 0.0525 0.055
0 0.565 0.47875 0.0525 0.0575
0 0.5075 0.60875 0.0525 0.05125
0 0.395 0.5475 0.04875 0.05125
0 0.14625 0.27125 0.0425 0.07625
0 0.195 0.43125 0.0375 0.07
0 0.38875 0.845 0.0425 0.05
0 0.34125 0.83625 0.04875 0.0425
0 0.44125 0.85625 0.04875 0.04125
0 0.49 0.86 0.045 0.045
0 0.225 0.27 0.02875 0.075
0 0.25875 0.26875 0.035 0.07625
0 0.545 0.87125 0.05125 0.05
0 0.54125 0.81375 0.0525 0.05875
0 0.48875 0.80625 0.05 0.0575
0 0.43625 0.8 0.0475 0.05625
0 0.3875 0.79125 0.04875 0.04625
0 0.34 0.77 0.0375 0.04625
0 0.18875 0.2725 0.0375 0.07375
0 0.54875 0.73625 0.0525 0.05375
0 0.4425 0.72375 0.04625 0.05125
0 0.3925 0.72 0.0475 0.05125
0 0.3425 0.7125 0.045 0.0525
0 0.5475 0.67875 0.0525 0.0575
0 0.49375 0.67375 0.04875 0.05625
0 0.44125 0.66875 0.05125 0.05625
0 0.14875 0.3475 0.04625 0.0725
0 0.19125 0.34875 0.03625 0.07
0 0.715 0.78125 0.08 0.08
0 0.22875 0.3475 0.03625 0.07375
0 0.26625 0.3475 0.03125 0.07625
0 0.155 0.43 0.035 0.07
0 0.49375 0.73 0.04875 0.05375
0 0.63 0.7725 0.08125 0.06125
0 0.3175 0.22875 0.055 0.06
0 0.67625 0.7 0.05375 0.05125
0 0.5 0.365 0.055 0.055
0 0.565 0.36375 0.05375 0.05625
0 0.565 0.305 0.0525 0.05375
0 0.5 0.30375 0.055 0.06
0 0.44375 0.30375 0.0525 0.06
0 0.38875 0.30375 0.05 0.0575
0 0.3325 0.305 0.055 0.05625
0 0.49 0.225 0.0525 0.06125
0 0.43375 0.2275 0.05375 0.06
0 0.635 0.09125 0.055 0.05625
0 0.68 0.06625 0.02625 0.035
0 0.71375 0.0725 0.0375 0.085
0 0.75125 0.0825 0.03125 0.06
0 0.67875 0.1025 0.0275 0.03125
0 0.44375 0.365 0.0525 0.055
0 0.80125 0.08125 0.0625 0.06125
0 0.85625 0.17875 0.0275 0.0375
0 0.8275 0.22875 0.03375 0.06
0 0.8575 0.2375 0.025 0.0425
0 0.78875 0.22875 0.03375 0.05875
0 0.7525 0.23 0.03375 0.06125
0 0.715 0.23125 0.03375 0.0575
0 0.67875 0.2325 0.0325 0.06
0 0.64375 0.2325 0.0325 0.0575
0 0.60875 0.235 0.03375 0.0575
0 0.365 0.165 0.0575 0.06375
0 0.4325 0.16625 0.05125 0.05875
0 0.48875 0.16125 0.055 0.06
0 0.54875 0.15875 0.06 0.0625
0 0.54875 0.2225 0.0575 0.0625
0 0.85375 0.07875 0.04125 0.06375
0 0.6175 0.69375 0.05625 0.05125
0 0.33375 0.3625 0.055 0.05375
0 0.62125 0.315 0.05625 0.0675
0 0.72875 0.7025 0.03875 0.0625
0 0.77125 0.7075 0.03875 0.0625
0 0.80875 0.69875 0.0275 0.05125
0 0.84125 0.7025 0.03125 0.05125
0 0.6175 0.61125 0.05125 0.04875
0 0.7325 0.63 0.05375 0.03625
0 0.79 0.63375 0.05625 0.0375
0 0.8475 0.635 0.05375 0.04
0 0.78875 0.56375 0.05625 0.035
0 0.37625 0.22875 0.055 0.05875
0 0.6725 0.55625 0.05125 0.035
0 0.61625 0.55375 0.0525 0.03375
0 0.6725 0.525 0.0475 0.01625
0 0.72625 0.53 0.05 0.01875
0 0.39 0.36375 0.05125 0.05625
0 0.78375 0.53125 0.06 0.02
0 0.83875 0.49 0.06125 0.03875
0 0.7775 0.48875 0.055 0.03875
0 0.71875 0.48875 0.055 0.035
0 0.62125 0.48625 0.0525 0.03625
0 0.6175 0.40625 0.0325 0.05625
0 0.6525 0.40625 0.0325 0.055
0 0.69625 0.405 0.03125 0.05375
0 0.7325 0.40625 0.035 0.05875
0 0.7725 0.40625 0.0375 0.06
0 0.81375 0.40625 0.04 0.06125
0 0.855 0.4075 0.03875 0.0625
0 0.80875 0.3175 0.06625 0.0625
0 0.7425 0.31375 0.06125 0.06875
0 0.6825 0.31625 0.05625 0.0675
0 0.8475 0.56625 0.05375 0.03625
0 0.7275 0.56125 0.05375 0.035
0 0.55875 0.555 0.05625 0.055
0 0.16 0.50125 0.035 0.06625
0 0.235 0.43375 0.03875 0.07375
0 0.2725 0.43375 0.0275 0.07
0 0.19625 0.505 0.035 0.07
0 0.23625 0.50625 0.04 0.0675
0 0.14 0.62125 0.03 0.07125
0 0.17625 0.625 0.035 0.0725
0 0.27375 0.5075 0.03125 0.0725
0 0.2525 0.63 0.03875 0.07125
0 0.15875 0.69 0.06625 0.04875
0 0.23125 0.69875 0.07125 0.05625
0 0.23875 0.765 0.0725 0.06375
0 0.15875 0.7525 0.0675 0.0675
0 0.21375 0.62625 0.0325 0.0725