0 0.5975 0.09875 0.0375 0.05
0 0.6725 0.09625 0.035 0.05
0 0.71125 0.09875 0.035 0.05
0 0.7425 0.08125 0.025 0.08
0 0.8025 0.1975 0.02375 0.07625
0 0.80625 0.07875 0.03125 0.08125
0 0.52875 0.2225 0.045 0.0325
0 0.5275 0.18875 0.045 0.0325
0 0.5725 0.18625 0.045 0.0325
0 0.575 0.2225 0.045 0.0325
0 0.62 0.22 0.0425 0.0325
0 0.61875 0.18625 0.0425 0.03625
0 0.665 0.22 0.04375 0.035
0 0.665 0.18375 0.04375 0.035
0 0.77 0.08125 0.02625 0.08
0 0.71 0.22 0.04 0.03
0 0.745 0.1925 0.02625 0.08375
0 0.77375 0.19125 0.03 0.08375
0 0.855 0.88125 0.03 0.09125
0 0.82875 0.19625 0.0225 0.0775
0 0.86375 0.1975 0.01125 0.075
0 0.84875 0.19625 0.0125 0.0725
0 0.85875 0.08125 0.02125 0.08
0 0.83625 0.08 0.02375 0.08125
0 0.70875 0.1875 0.04 0.03375
0 0.82125 0.88125 0.0375 0.09125
0 0.2625 0.76875 0.04 0.10125
0 0.7475 0.88375 0.02625 0.0925
0 0.21 0.0825 0.01625 0.07375
0 0.22875 0.08125 0.01625 0.07875
0 0.24875 0.08 0.02 0.0775
0 0.26875 0.08125 0.02 0.0825
0 0.2925 0.08 0.02 0.08125
0 0.3125 0.08 0.02 0.0825
0 0.335 0.07875 0.02125 0.085
0 0.35875 0.07875 0.0225 0.085
0 0.38125 0.08 0.02 0.0825
0 0.4025 0.08 0.02 0.0825
0 0.42375 0.08125 0.02 0.0825
0 0.44625 0.0825 0.02 0.0775
0 0.47 0.08125 0.02 0.08
0 0.49 0.0825 0.02 0.0825
0 0.5225 0.09875 0.0375 0.0475
0 0.56 0.1 0.035 0.04625
0 0.47625 0.18875 0.045 0.0325
0 0.18375 0.07375 0.02 0.09125
0 0.1525 0.0975 0.0375 0.0475
0 0.6975 0.765 0.0375 0.09125
0 0.65875 0.76625 0.03625 0.09125
0 0.67625 0.8925 0.11375 0.09125
0 0.5725 0.88875 0.075 0.08625
0 0.495 0.88875 0.0775 0.08875
0 0.385 0.88875 0.13125 0.08875
0 0.255 0.89 0.12 0.08625
0 0.17625 0.89 0.03125 0.09
0 0.1425 0.89 0.0275 0.09125
0 0.17125 0.77375 0.045 0.10125
0 0.78125 0.88375 0.0375 0.09125
0 0.21625 0.76875 0.04375 0.10125
0 0.34125 0.76625 0.04 0.0975
0 0.39 0.7575 0.03875 0.08
0 0.42875 0.76625 0.02875 0.095
0 0.45875 0.765 0.02875 0.095
0 0.51375 0.76 0.0325 0.08125
0 0.55 0.7675 0.03625 0.09125
0 0.5875 0.76625 0.03375 0.09125
0 0.6225 0.765 0.0325 0.09125
0 0.305 0.76875 0.0325 0.10125
0 0.48 0.22375 0.045 0.0325
0 0.635 0.0975 0.035 0.05
0 0.39625 0.1925 0.03375 0.09375
0 0.2725 0.42625 0.0375 0.08375
0 0.23375 0.42625 0.0375 0.08625
0 0.19125 0.4275 0.03875 0.0825
0 0.15 0.4275 0.04125 0.08625
0 0.54125 0.53625 0.0375 0.09
0 0.50125 0.53875 0.0375 0.09
0 0.4625 0.5375 0.0375 0.09
0 0.4225 0.5375 0.0375 0.09
0 0.3825 0.53625 0.0375 0.09
0 0.3425 0.53875 0.0375 0.09
0 0.3025 0.5375 0.03875 0.0875
0 0.2625 0.5375 0.0325 0.09125
0 0.225 0.5375 0.04 0.08875
0 0.435 0.19375 0.03625 0.09125
0 0.18625 0.53875 0.035 0.09
0 0.1575 0.53625 0.01875 0.08625
0 0.13875 0.54 0.01875 0.0875
0 0.1675 0.65375 0.04375 0.0925
0 0.2125 0.65375 0.03875 0.0875
0 0.3125 0.425 0.035 0.08375
0 0.25125 0.6525 0.04 0.08375
0 0.35 0.42625 0.035 0.08375
0 0.61875 0.535 0.03625 0.08625
0 0.39375 0.42875 0.03875 0.085
0 0.4325 0.42625 0.035 0.08625
0 0.4675 0.42875 0.03125 0.0875
0 0.505 0.4275 0.0425 0.0825
0 0.54625 0.4275 0.035 0.08625
0 0.5875 0.42625 0.04 0.085
0 0.6275 0.42625 0.0375 0.08625
0 0.67125 0.42375 0.04125 0.0825
0 0.71125 0.425 0.03875 0.08125
0 0.75125 0.42375 0.03375 0.08625
0 0.785 0.42375 0.03125 0.08625
0 0.8225 0.42125 0.03125 0.08625
0 0.855 0.4225 0.03125 0.08625
0 0.86 0.5325 0.01875 0.0875
0 0.8275 0.53375 0.0425 0.0925
0 0.7825 0.53375 0.04125 0.0925
0 0.74 0.53625 0.04125 0.0925
0 0.695 0.535 0.0375 0.0925
0 0.65625 0.53375 0.0325 0.09125
0 0.58125 0.53625 0.0375 0.09
0 0.29375 0.6525 0.04 0.08375
0 0.6675 0.3125 0.04 0.09875
0 0.3775 0.65125 0.035 0.085
0 0.5375 0.31375 0.04 0.09875
0 0.4925 0.31375 0.02375 0.0975
0 0.5125 0.315 0.0125 0.09375
0 0.63125 0.65125 0.0375 0.08875
0 0.4625 0.315 0.0325 0.0975
0 0.4375 0.31625 0.01375 0.095
0 0.41375 0.3175 0.03 0.09375
0 0.37875 0.31375 0.0375 0.095
0 0.34 0.315 0.0375 0.095
0 0.30125 0.3125 0.0375 0.1
0 0.25875 0.3125 0.03625 0.0975
0 0.62625 0.3125 0.04 0.09875
0 0.21 0.31 0.03875 0.0975
0 0.745 0.76625 0.04 0.08625
0 0.7875 0.7675 0.04 0.09375
0 0.83 0.7675 0.04 0.0925
0 0.86125 0.76375 0.01625 0.0925
0 0.86125 0.65125 0.01625 0.0925
0 0.8325 0.65125 0.04 0.09375
0 0.78875 0.65 0.04375 0.09375
0 0.74875 0.6475 0.0375 0.0925
0 0.70875 0.65 0.03875 0.0925
0 0.67125 0.64875 0.0375 0.08875
0 0.3375 0.65125 0.04125 0.08625
0 0.155 0.31 0.05125 0.0975
0 0.59 0.64875 0.0375 0.08875
0 0.5825 0.3125 0.04 0.09875
0 0.74625 0.30875 0.03 0.1
0 0.415 0.65125 0.0375 0.08625
0 0.4675 0.64375 0.035 0.08
0 0.5075 0.65 0.03875 0.09125
0 0.54875 0.64875 0.03875 0.09125
0 0.3575 0.1925 0.03875 0.09375
0 0.3175 0.1925 0.035 0.0925
0 0.2775 0.19375 0.0325 0.08375
0 0.245 0.19375 0.0275 0.0875
0 0.215 0.1925 0.02625 0.08625
0 0.17375 0.1975 0.03375 0.07625
0 0.70875 0.31 0.04 0.0975
0 0.855 0.30875 0.02875 0.10375
0 0.14125 0.1975 0.025 0.07625
0 0.78125 0.31 0.03625 0.10125
0 0.8225 0.30875 0.03 0.1