0 0.51125 0.61125 0.05375 0.065
0 0.33875 0.58125 0.01375 0.0475
0 0.3525 0.58375 0.0125 0.04375
0 0.3675 0.5875 0.0175 0.04875
0 0.38625 0.5875 0.015 0.05
0 0.40625 0.58875 0.02375 0.06
0 0.43 0.60125 0.02125 0.0425
0 0.45375 0.605 0.02125 0.04875
0 0.475 0.60375 0.01625 0.05625
0 0.56 0.38375 0.03625 0.05
0 0.57875 0.575 0.04375 0.06125
0 0.6175 0.5975 0.02625 0.0425
0 0.6525 0.59125 0.03875 0.05125
0 0.6975 0.595 0.045 0.06
0 0.7525 0.59625 0.0575 0.07625
0 0.81375 0.60875 0.06 0.09625
0 0.86125 0.615 0.0275 0.09
0 0.8625 0.51 0.025 0.06625
0 0.32125 0.57375 0.01625 0.0525
0 0.83125 0.50875 0.03125 0.055
0 0.305 0.56875 0.01625 0.06125
0 0.27 0.5775 0.01625 0.02625
0 0.47375 0.70125 0.025 0.05375
0 0.45 0.6975 0.01375 0.0475
0 0.4325 0.68375 0.01875 0.0625
0 0.405 0.69375 0.0275 0.0225
0 0.38 0.67875 0.01375 0.05375
0 0.36625 0.6725 0.01125 0.045
0 0.3525 0.67 0.01375 0.05
0 0.3375 0.66625 0.0125 0.04875
0 0.3225 0.66625 0.01375 0.05
0 0.3075 0.6625 0.01 0.04
0 0.28375 0.65625 0.0325 0.04875
0 0.25375 0.64875 0.025 0.035
0 0.22 0.64 0.03375 0.04375
0 0.21 0.555 0.02625 0.05
0 0.2275 0.555 0.01125 0.05
0 0.24 0.56 0.01 0.05
0 0.25375 0.56375 0.01375 0.04875
0 0.28625 0.5825 0.015 0.03125
0 0.7825 0.51 0.03625 0.05
0 0.7425 0.5025 0.03875 0.0525
0 0.70125 0.48875 0.03875 0.065
0 0.20125 0.3875 0.015 0.04375
0 0.21625 0.3875 0.01375 0.045
0 0.22875 0.38875 0.0125 0.045
0 0.2425 0.39 0.0125 0.04625
0 0.2575 0.39 0.0125 0.0475
0 0.27125 0.39 0.015 0.04875
0 0.29 0.4075 0.0175 0.0175
0 0.30875 0.38625 0.02 0.06
0 0.3275 0.395 0.01625 0.045
0 0.34375 0.39 0.015 0.05625
0 0.36125 0.395 0.015 0.05
0 0.37875 0.395 0.0175 0.05
0 0.39625 0.395 0.01625 0.05
0 0.415 0.39 0.02 0.0625
0 0.435 0.3975 0.015 0.04875
0 0.45375 0.39125 0.0175 0.06
0 0.47625 0.41375 0.0275 0.02125
0 0.18625 0.3875 0.0125 0.0425
0 0.19375 0.47875 0.0125 0.035
0 0.2075 0.47625 0.0125 0.0425
0 0.21875 0.4775 0.00875 0.03875
0 0.65375 0.49375 0.03625 0.04375
0 0.58625 0.47875 0.03125 0.0575
0 0.55125 0.485 0.03 0.045
0 0.525 0.50875 0.02 0.0575
0 0.50375 0.505 0.01875 0.055
0 0.47625 0.50125 0.0325 0.06
0 0.45 0.5 0.0175 0.0525
0 0.43125 0.5 0.01875 0.0525
0 0.4975 0.7025 0.01875 0.0525
0 0.41375 0.4975 0.015 0.045
0 0.36625 0.4975 0.01375 0.0375
0 0.35 0.49125 0.01875 0.05125
0 0.335 0.49 0.01125 0.045
0 0.30625 0.48625 0.03875 0.05
0 0.28 0.48125 0.01375 0.0425
0 0.265 0.48125 0.01375 0.04375
0 0.25 0.48 0.01625 0.03625
0 0.23125 0.47875 0.01375 0.0425
0 0.38875 0.49125 0.03 0.05375
0 0.59625 0.67625 0.05 0.08125
0 0.65375 0.69125 0.05125 0.08625
0 0.70875 0.705 0.05 0.085
0 0.8225 0.265 0.03375 0.06
0 0.79 0.27 0.03125 0.06
0 0.74 0.2675 0.05875 0.06375
0 0.6775 0.27 0.06125 0.05875
0 0.6175 0.275 0.0525 0.0575
0 0.56375 0.27625 0.0475 0.06
0 0.5175 0.30375 0.02875 0.025
0 0.49375 0.28 0.015 0.06875
0 0.47125 0.29125 0.02625 0.05
0 0.44375 0.30125 0.02625 0.03375
0 0.42 0.28875 0.02125 0.05875
0 0.5025 0.3975 0.0225 0.05625
0 0.3775 0.29 0.01625 0.05375
0 0.3575 0.29625 0.01875 0.045
0 0.33875 0.295 0.0175 0.04875
0 0.32125 0.2975 0.0175 0.04375
0 0.3025 0.3 0.01625 0.0425
0 0.285 0.2975 0.01625 0.0425
0 0.2675 0.2975 0.0175 0.045
0 0.25125 0.2975 0.0125 0.04375
0 0.23375 0.29875 0.01625 0.045
0 0.2175 0.3 0.01375 0.04625
0 0.20125 0.26625 0.01875 0.01875
0 0.20125 0.29875 0.01625 0.04375
0 0.1825 0.31375 0.0175 0.01625
0 0.8575 0.265 0.035 0.05875
0 0.83125 0.38625 0.04 0.055
0 0.39625 0.295 0.01875 0.05
0 0.75125 0.38875 0.04 0.04875
0 0.79125 0.385 0.0375 0.055
0 0.75375 0.715 0.03 0.09
0 0.785 0.7225 0.0325 0.0825
0 0.81875 0.73 0.03125 0.09375
0 0.85375 0.7375 0.03375 0.0925
0 0.79875 0.8925 0.06 0.09375
0 0.70625 0.83375 0.105 0.12125
0 0.6 0.79125 0.1075 0.12375
0 0.53125 0.8025 0.025 0.0725
0 0.5025 0.7925 0.02625 0.06375
0 0.475 0.8125 0.02125 0.0275
0 0.45 0.79 0.02875 0.0425
0 0.4275 0.7825 0.0175 0.0525
0 0.525 0.39875 0.01875 0.0575
0 0.3925 0.7725 0.015 0.05125
0 0.40875 0.7775 0.01625 0.045
0 0.6775 0.38875 0.0375 0.04375
0 0.63625 0.38375 0.03125 0.05
0 0.59875 0.38375 0.03875 0.04875
0 0.215 0.71625 0.01625 0.0475
0 0.23 0.71875 0.0125 0.05125
0 0.7125 0.39 0.03125 0.045
0 0.25875 0.73125 0.01625 0.0475
0 0.29875 0.7525 0.03 0.01875
0 0.33 0.7625 0.03 0.0325
0 0.35625 0.76 0.01625 0.055
0 0.375 0.76625 0.01875 0.04875
0 0.24375 0.72375 0.0125 0.04