0 0.64875 0.3275 0.01875 0.06
0 0.57875 0.3225 0.0225 0.07
0 0.60125 0.3225 0.0175 0.0675
0 0.6225 0.325 0.02125 0.06375
0 0.66875 0.3275 0.02 0.05875
0 0.55 0.41 0.02125 0.0625
0 0.715 0.33 0.02125 0.0625
0 0.7375 0.33 0.02125 0.06125
0 0.76 0.33 0.025 0.06375
0 0.555 0.32125 0.025 0.07125
0 0.69125 0.33375 0.0225 0.05625
0 0.7625 0.2525 0.02375 0.03375
0 0.205 0.575 0.02625 0.06
0 0.71375 0.2425 0.02375 0.0525
0 0.6725 0.2425 0.02125 0.055
0 0.64875 0.2425 0.02125 0.05625
0 0.61875 0.24125 0.02 0.0575
0 0.5875 0.235 0.03375 0.06
0 0.56 0.235 0.02125 0.06125
0 0.21125 0.4075 0.0625 0.06
0 0.47125 0.65875 0.025 0.05625
0 0.4425 0.65875 0.02875 0.0575
0 0.41375 0.65625 0.02625 0.06125
0 0.3875 0.65625 0.025 0.0625
0 0.57375 0.41 0.02375 0.0625
0 0.7375 0.25375 0.02 0.0375
0 0.5975 0.41125 0.02125 0.06375
0 0.61125 0.585 0.0225 0.06125
0 0.64625 0.41375 0.02625 0.0625
0 0.7525 0.415 0.025 0.065
0 0.58875 0.5 0.025 0.0675
0 0.61125 0.5 0.02 0.06875
0 0.63625 0.50375 0.02125 0.065
0 0.65875 0.50625 0.02375 0.065
0 0.6875 0.5075 0.0225 0.0625
0 0.71125 0.5075 0.02 0.06375
0 0.735 0.5075 0.02625 0.065
0 0.54 0.5025 0.025 0.065
0 0.54 0.5925 0.02125 0.05125
0 0.56375 0.5925 0.025 0.05
0 0.58625 0.5925 0.02125 0.05
0 0.36 0.65625 0.0275 0.06125
0 0.635 0.585 0.0225 0.06
0 0.6575 0.58875 0.02125 0.06
0 0.68125 0.59125 0.025 0.06625
0 0.70625 0.59125 0.0225 0.065
0 0.73 0.59 0.025 0.065
0 0.53875 0.67375 0.02125 0.06125
0 0.56125 0.67375 0.02125 0.06125
0 0.585 0.675 0.025 0.0625
0 0.61 0.67625 0.0225 0.0625
0 0.72625 0.415 0.0275 0.065
0 0.69875 0.415 0.025 0.06375
0 0.6725 0.41375 0.025 0.06125
0 0.62125 0.4125 0.02375 0.06125
0 0.23375 0.575 0.02625 0.06
0 0.3325 0.65625 0.0275 0.06125
0 0.485 0.755 0.0275 0.05375
0 0.46625 0.24375 0.02875 0.08
0 0.435 0.2425 0.03 0.08625
0 0.4025 0.2425 0.0325 0.08625
0 0.3725 0.24375 0.02625 0.0825
0 0.3425 0.24375 0.02875 0.085
0 0.31 0.23875 0.02875 0.09375
0 0.22375 0.23625 0.02875 0.07125
0 0.19375 0.2375 0.03 0.07
0 0.16125 0.23625 0.03 0.07125
0 0.6325 0.67625 0.0225 0.06375
0 0.6575 0.6775 0.02125 0.0625
0 0.68125 0.6775 0.0225 0.06125
0 0.705 0.68 0.0225 0.06375
0 0.72875 0.68125 0.02375 0.0625
0 0.53625 0.75625 0.015 0.0625
0 0.55625 0.7525 0.02375 0.06875
0 0.5825 0.755 0.025 0.0675
0 0.49375 0.24375 0.02375 0.0825
0 0.61 0.755 0.02375 0.06375
0 0.195 0.32625 0.02625 0.0725
0 0.16625 0.3275 0.03 0.06875
0 0.17875 0.575 0.02375 0.06
0 0.15125 0.575 0.0275 0.05625
0 0.4975 0.42 0.025 0.06875
0 0.47 0.41875 0.0275 0.06625
0 0.43875 0.42125 0.02875 0.06375
0 0.39875 0.415 0.03 0.06875
0 0.37 0.41375 0.02875 0.0725
0 0.33875 0.4125 0.03 0.07
0 0.305 0.41125 0.03375 0.07125
0 0.15125 0.6525 0.02625 0.06
0 0.2275 0.49375 0.0275 0.06375
0 0.20125 0.49375 0.02625 0.06375
0 0.1725 0.495 0.02625 0.065
0 0.1475 0.49375 0.02375 0.06625
0 0.16875 0.41 0.02125 0.0625
0 0.145 0.41 0.025 0.0625
0 0.1375 0.32625 0.025 0.06875
0 0.2225 0.32625 0.025 0.0725
0 0.63625 0.755 0.025 0.06375
0 0.66375 0.7575 0.02625 0.06
0 0.68875 0.75875 0.0225 0.05875
0 0.34625 0.58 0.02625 0.06125
0 0.375 0.58 0.02875 0.0625
0 0.4025 0.58 0.0275 0.0625
0 0.43125 0.58 0.02625 0.0625
0 0.45875 0.58 0.02625 0.065
0 0.4875 0.58 0.03 0.06625
0 0.1625 0.7375 0.02125 0.07125
0 0.18625 0.73625 0.02375 0.0675
0 0.20875 0.7375 0.02 0.07
0 0.2325 0.7375 0.0225 0.07
0 0.14 0.74375 0.02125 0.055
0 0.3075 0.75 0.0275 0.06
0 0.33875 0.75125 0.03 0.05875
0 0.36875 0.75375 0.025 0.06
0 0.39875 0.75375 0.03 0.055
0 0.4275 0.755 0.02625 0.05875
0 0.45625 0.75625 0.02875 0.0575
0 0.31875 0.57875 0.03 0.0625
0 0.4825 0.50375 0.0425 0.07625
0 0.44625 0.50375 0.02875 0.0775
0 0.42 0.5025 0.025 0.07875
0 0.71625 0.76 0.03125 0.06125
0 0.84625 0.75375 0.025 0.0825
0 0.8675 0.75625 0.01375 0.07625
0 0.8225 0.66625 0.01875 0.04875
0 0.1775 0.65125 0.0225 0.06
0 0.845 0.65875 0.0225 0.06375
0 0.86625 0.66 0.0175 0.06625
0 0.8325 0.56625 0.0175 0.0675
0 0.30375 0.655 0.0275 0.06375
0 0.85375 0.5625 0.0225 0.0775
0 0.86625 0.4575 0.0175 0.06625
0 0.85 0.375 0.01875 0.06875
0 0.2025 0.6525 0.02625 0.05875
0 0.23 0.65375 0.02875 0.0575
0 0.315 0.50125 0.0275 0.075
0 0.34375 0.50125 0.0275 0.075
0 0.37125 0.5025 0.02375 0.07625
0 0.395 0.5025 0.02375 0.075
0 0.845 0.455 0.02 0.07
0 0.39875 0.33 0.22625 0.07875