0 0.59625 0.35125 0.0325 0.05875
0 0.6325 0.3525 0.0325 0.05875
0 0.75125 0.35125 0.03125 0.05875
0 0.71 0.35375 0.0425 0.0575
0 0.385 0.5275 0.025 0.07375
0 0.7875 0.3525 0.03125 0.05375
0 0.835 0.3575 0.0525 0.05125
0 0.95 0.355 0.0575 0.05125
0 0.66875 0.35125 0.03125 0.06
0 0.41 0.52875 0.02375 0.07375
0 0.465 0.52875 0.0225 0.0725
0 0.96375 0.41625 0.0325 0.02
0 0.07875 0.61125 0.0175 0.06125
0 0.035 0.61875 0.02625 0.04375
0 0.01 0.6175 0.02 0.0425
0 0.97875 0.55875 0.03 0.03125
0 0.92125 0.555 0.03125 0.03375
0 0.84 0.5575 0.03875 0.03
0 0.43875 0.53 0.02625 0.05875
0 0.7975 0.555 0.04 0.03
0 0.65875 0.535 0.0225 0.07125
0 0.6325 0.5325 0.025 0.07125
0 0.60375 0.53125 0.02375 0.07125
0 0.56125 0.35 0.03375 0.0575
0 0.57625 0.53125 0.025 0.07375
0 0.49 0.53 0.02375 0.07
0 0.705 0.535 0.05 0.0675
0 0.98625 0.46125 0.02625 0.04
0 0.85375 0.44125 0.02625 0.07375
0 0.89625 0.45375 0.04875 0.05
0 0.17625 0.53875 0.035 0.05375
0 0.2075 0.5025 0.01875 0.04875
0 0.1375 0.5375 0.03625 0.055
0 0.2125 0.555 0.015 0.045
0 0.06 0.53625 0.03625 0.05375
0 0.02375 0.435 0.0475 0.0625
0 0.08 0.435 0.03875 0.06375
0 0.125 0.4375 0.0425 0.0625
0 0.17375 0.4375 0.03875 0.06125
0 0.2175 0.6075 0.01125 0.0425
0 0.23125 0.64875 0.00875 0.06
0 0.21875 0.44375 0.03375 0.05
0 0.25875 0.445 0.035 0.05
0 0.30375 0.455 0.04625 0.03375
0 0.42375 0.4375 0.025 0.0775
0 0.2575 0.54125 0.02125 0.04125
0 0.26125 0.5875 0.02875 0.04375
0 0.32875 0.5275 0.03 0.07125
0 0.345 0.4375 0.03125 0.07125
0 0.10375 0.61875 0.02625 0.0425
0 0.3575 0.52625 0.0225 0.06625
0 0.45375 0.435 0.02625 0.07625
0 0.495 0.435 0.05125 0.07625
0 0.62375 0.4375 0.03 0.0725
0 0.67 0.43875 0.0525 0.07875
0 0.72625 0.4375 0.0475 0.07625
0 0.8225 0.44125 0.02875 0.0725
0 0.9475 0.45625 0.0475 0.0475
0 0.13125 0.6175 0.0175 0.04625
0 0.32625 0.62875 0.0175 0.0325
0 0.1725 0.6175 0.01875 0.05
0 0.14125 0.775 0.0575 0.0625
0 0.23625 0.7725 0.05125 0.0675
0 0.455 0.76875 0.04875 0.0775
0 0.54125 0.77375 0.05 0.08
0 0.6525 0.7775 0.04 0.07875
0 0.69 0.775 0.03125 0.07375
0 0.0875 0.77125 0.04125 0.0625
0 0.87375 0.77625 0.05875 0.0525
0 0.16125 0.6925 0.0375 0.0275
0 0.115 0.69375 0.04 0.02625
0 0.07 0.6925 0.04375 0.02625
0 0.0225 0.69 0.04375 0.02625
0 0.9825 0.63625 0.035 0.03125
0 0.0175 0.3475 0.0175 0.05125
0 0.20125 0.69 0.0325 0.0325
0 0.0425 0.7725 0.0425 0.05875
0 0.93375 0.685 0.02625 0.04125
0 0.9075 0.68875 0.02125 0.05125
0 0.24375 0.6975 0.04 0.025
0 0.28875 0.69375 0.04125 0.03125
0 0.33375 0.695 0.04375 0.02625
0 0.38125 0.69625 0.0375 0.0225
0 0.42625 0.695 0.04 0.025
0 0.475 0.695 0.0425 0.02875
0 0.51875 0.695 0.0425 0.0275
0 0.565 0.69625 0.04375 0.02625
0 0.61 0.69625 0.04 0.03125
0 0.65875 0.7 0.04375 0.025
0 0.70375 0.7 0.04125 0.0275
0 0.75 0.70125 0.04625 0.025
0 0.7975 0.70125 0.045 0.02625
0 0.84 0.69125 0.03125 0.0475
0 0.87625 0.6925 0.035 0.0475
0 0.15125 0.6175 0.0175 0.05
0 0.05625 0.345 0.015 0.05375
0 0.0375 0.34625 0.0175 0.05125
0 0.10375 0.3475 0.02375 0.05125
0 0.89375 0.635 0.04375 0.03125
0 0.80625 0.635 0.04375 0.0325
0 0.76125 0.63375 0.03875 0.0325
0 0.715 0.6325 0.04375 0.03125
0 0.66625 0.6325 0.04125 0.025
0 0.6225 0.6325 0.03875 0.03125
0 0.5775 0.62875 0.04625 0.03375
0 0.94 0.63625 0.0425 0.03
0 0.53 0.63 0.03875 0.02875
0 0.425 0.62125 0.01875 0.04375
0 0.40125 0.61125 0.01875 0.06
0 0.37625 0.61375 0.0225 0.06
0 0.35125 0.61375 0.02125 0.0575
0 0.3075 0.62 0.0175 0.04875
0 0.285 0.61375 0.02 0.05625
0 0.1975 0.62 0.025 0.05125
0 0.48625 0.62875 0.04125 0.0325
0 0.07875 0.34875 0.0175 0.04625
0 0.51625 0.365 0.04875 0.035
0 0.42375 0.34375 0.025 0.06375
0 0.12875 0.3475 0.0225 0.05
0 0.17375 0.3525 0.02125 0.045
0 0.19625 0.35375 0.02 0.04375
0 0.2225 0.34875 0.02125 0.05
0 0.22125 0.31125 0.02125 0.0125
0 0.2475 0.3125 0.0225 0.015
0 0.465 0.36375 0.04875 0.03
0 0.24625 0.35 0.025 0.055
0 0.295 0.3475 0.025 0.05625
0 0.31625 0.35125 0.0125 0.0475
0 0.33625 0.35 0.0225 0.05625
0 0.36125 0.3525 0.02125 0.05
0 0.39 0.34375 0.0325 0.06375
0 0.27125 0.35 0.0175 0.0475