0 0.51 0.1825 0.0175 0.01375
0 0.66125 0.7225 0.03 0.07875
0 0.6825 0.6175 0.0275 0.08875
0 0.655 0.6175 0.02375 0.0875
0 0.62875 0.61875 0.025 0.09
0 0.60625 0.61875 0.02 0.0875
0 0.585 0.61875 0.0225 0.0875
0 0.55625 0.62125 0.025 0.08
0 0.53 0.62375 0.02625 0.0775
0 0.48375 0.17125 0.02625 0.04125
0 0.50375 0.625 0.02625 0.075
0 0.47875 0.625 0.02125 0.075
0 0.455 0.62375 0.025 0.07875
0 0.4275 0.6225 0.02875 0.0775
0 0.39875 0.61875 0.02625 0.08625
0 0.37375 0.6225 0.02375 0.08125
0 0.35 0.6275 0.0225 0.0725
0 0.32875 0.62875 0.01875 0.0775
0 0.31125 0.6325 0.01375 0.0725
0 0.29875 0.62875 0.0125 0.0625
0 0.28375 0.6275 0.01625 0.06375
0 0.26875 0.62875 0.015 0.0625
0 0.25125 0.63 0.015 0.06375
0 0.23875 0.62625 0.0125 0.08
0 0.22625 0.625 0.0125 0.0825
0 0.6875 0.51125 0.0275 0.0875
0 0.66125 0.50625 0.02625 0.09375
0 0.635 0.5075 0.0225 0.0925
0 0.63 0.7225 0.02875 0.08125
0 0.6025 0.7225 0.02375 0.08125
0 0.57625 0.72125 0.02625 0.0775
0 0.54375 0.7325 0.0325 0.06
0 0.23875 0.1875 0.02375 0.01625
0 0.265 0.1775 0.02625 0.035
0 0.31125 0.19 0.06625 0.005
0 0.31125 0.1825 0.06375 0.0075
0 0.315 0.175 0.0575 0.0075
0 0.355 0.1525 0.02 0.085
0 0.3925 0.16625 0.05 0.0525
0 0.43125 0.17875 0.02125 0.02875
0 0.6625 0.83625 0.04625 0.06625
0 0.575 0.8625 0.04375 0.02125
0 0.51375 0.87125 0.0675 0.0125
0 0.515 0.85875 0.06875 0.01125
0 0.515 0.84 0.07 0.025
0 0.61125 0.5125 0.025 0.08625
0 0.44375 0.80875 0.04875 0.0325
0 0.39125 0.86125 0.04875 0.0375
0 0.34375 0.85875 0.0475 0.04125
0 0.345 0.81375 0.045 0.03625
0 0.3925 0.8225 0.0525 0.0325
0 0.22875 0.74125 0.01875 0.03125
0 0.25125 0.7425 0.02375 0.0375
0 0.28375 0.7025 0.02875 0.03125
0 0.29875 0.74625 0.05375 0.045
0 0.35 0.72375 0.0375 0.08625
0 0.4375 0.7325 0.035 0.06125
0 0.455 0.1775 0.0225 0.0275
0 0.47125 0.73375 0.035 0.05875
0 0.50875 0.73375 0.035 0.05875
0 0.44125 0.8575 0.04875 0.04
0 0.58625 0.51375 0.025 0.08375
0 0.31625 0.16375 0.0575 0.0125
0 0.54 0.51875 0.025 0.07625
0 0.4625 0.2775 0.0125 0.07875
0 0.49125 0.27875 0.01375 0.08125
0 0.535 0.3 0.03125 0.0425
0 0.585 0.28375 0.01875 0.015
0 0.58625 0.29875 0.01875 0.0175
0 0.58625 0.31625 0.01875 0.0125
0 0.6275 0.28125 0.0225 0.0775
0 0.6575 0.2975 0.015 0.01375
0 0.6575 0.3125 0.0175 0.015
0 0.6775 0.30875 0.01875 0.02125
0 0.6975 0.30625 0.02 0.02375
0 0.6975 0.1325 0.055 0.105
0 0.655 0.1625 0.02125 0.04875
0 0.44125 0.2975 0.00625 0.05125
0 0.63125 0.15625 0.025 0.06125
0 0.59125 0.18125 0.02 0.0125
0 0.59125 0.15125 0.0175 0.015
0 0.59125 0.1675 0.01625 0.01375
0 0.60875 0.1525 0.01375 0.01375
0 0.60875 0.1675 0.0175 0.015
0 0.57375 0.16875 0.015 0.0375
0 0.55125 0.18125 0.0175 0.0125
0 0.5525 0.16625 0.02 0.01625
0 0.5525 0.14875 0.02 0.01875
0 0.53375 0.14625 0.01625 0.0175
0 0.53375 0.165 0.01875 0.01625
0 0.53375 0.18 0.0175 0.015
0 0.5625 0.5125 0.0225 0.08125
0 0.60875 0.18 0.01625 0.01
0 0.43375 0.3025 0.00875 0.0425
0 0.55125 0.13125 0.02 0.01625
0 0.40875 0.29875 0.02 0.05
0 0.42375 0.3025 0.01 0.0425
0 0.48125 0.5125 0.03375 0.08625
0 0.445 0.5125 0.03625 0.08625
0 0.24625 0.43875 0.04125 0.015
0 0.24625 0.42 0.05125 0.0075
0 0.24375 0.40625 0.0475 0.01375
0 0.2825 0.3975 0.04125 0.01
0 0.2875 0.41 0.035 0.00625
0 0.29375 0.42 0.03875 0.00625
0 0.32875 0.40875 0.03875 0.02875
0 0.3325 0.435 0.03375 0.015
0 0.29 0.42875 0.0425 0.00625
0 0.29125 0.43875 0.04625 0.01
0 0.35875 0.395 0.0175 0.09875
0 0.33875 0.50875 0.04375 0.08625
0 0.405 0.395 0.03 0.09625
0 0.36875 0.2975 0.03125 0.06125
0 0.3775 0.395 0.01625 0.09875
0 0.32 0.30625 0.0425 0.03875
0 0.31875 0.26875 0.04375 0.03625
0 0.2675 0.28 0.04125 0.09375
0 0.6925 0.3975 0.035 0.08875
0 0.5125 0.5175 0.02625 0.0775
0 0.63375 0.4325 0.01875 0.0225
0 0.65875 0.39875 0.03 0.08875
0 0.46625 0.395 0.03 0.09875
0 0.55125 0.395 0.0225 0.10625
0 0.5825 0.3925 0.03 0.10125
0 0.43625 0.39375 0.03125 0.09875
0 0.6125 0.4325 0.02375 0.0225