0 0.6825 0.77625 0.01625 0.05375
0 0.66 0.7775 0.015 0.05375
0 0.62875 0.84 0.0175 0.065
0 0.60875 0.8425 0.01375 0.06875
0 0.615 0.50125 0.01875 0.07125
0 0.58875 0.845 0.01375 0.06
0 0.565 0.8475 0.01625 0.065
0 0.54625 0.8475 0.015 0.07125
0 0.52625 0.85 0.0175 0.075
0 0.50375 0.88375 0.0175 0.07875
0 0.4825 0.8825 0.0175 0.085
0 0.45875 0.88375 0.01625 0.08375
0 0.7025 0.7775 0.01375 0.0575
0 0.43625 0.87875 0.01625 0.08
0 0.39375 0.88625 0.01375 0.0775
0 0.36375 0.8725 0.01375 0.075
0 0.34 0.875 0.0175 0.07125
0 0.3175 0.87375 0.015 0.0725
0 0.295 0.8825 0.015 0.07125
0 0.27375 0.91 0.01625 0.07875
0 0.25125 0.90875 0.02 0.075
0 0.22375 0.91125 0.02 0.075
0 0.20875 0.7375 0.0425 0.11125
0 0.15125 0.745 0.05125 0.10375
0 0.2225 0.6125 0.04125 0.11375
0 0.16625 0.61375 0.04625 0.11125
0 0.41375 0.88375 0.015 0.0775
0 0.525 0.77625 0.01 0.035
0 0.545 0.77625 0.01375 0.0325
0 0.56625 0.77375 0.01375 0.04
0 0.6825 0.5025 0.01625 0.07
0 0.7025 0.50125 0.01625 0.07375
0 0.72625 0.495 0.01875 0.06875
0 0.75 0.49625 0.0175 0.065
0 0.57875 0.42625 0.0175 0.0675
0 0.6 0.425 0.01375 0.0625
0 0.61875 0.42375 0.0175 0.0625
0 0.63875 0.425 0.01625 0.06125
0 0.66 0.42625 0.02125 0.06375
0 0.67875 0.42625 0.01375 0.06125
0 0.69625 0.42375 0.01625 0.065
0 0.8575 0.8325 0.02375 0.0975
0 0.83 0.83375 0.02 0.09375
0 0.8 0.84125 0.0225 0.09375
0 0.765 0.77375 0.015 0.05625
0 0.74375 0.775 0.01375 0.055
0 0.72375 0.775 0.01875 0.05875
0 0.77625 0.8575 0.01625 0.06625
0 0.75625 0.8575 0.0175 0.06875
0 0.735 0.86125 0.01125 0.0675
0 0.71625 0.85625 0.01625 0.07
0 0.75125 0.6275 0.01625 0.0725
0 0.6975 0.8625 0.015 0.07
0 0.67375 0.86625 0.01625 0.07125
0 0.625 0.77 0.01375 0.03125
0 0.605 0.7725 0.0175 0.035
0 0.585 0.77 0.015 0.035
0 0.715 0.42375 0.015 0.065
0 0.73625 0.425 0.02 0.06125
0 0.68 0.225 0.025 0.065
0 0.33125 0.52875 0.02 0.085
0 0.59875 0.335 0.02625 0.08
0 0.56875 0.335 0.02625 0.08
0 0.53625 0.335 0.02625 0.08
0 0.50625 0.33125 0.02625 0.08
0 0.475 0.3325 0.02625 0.08
0 0.44375 0.33125 0.02625 0.08
0 0.7675 0.33625 0.0275 0.07625
0 0.7375 0.33625 0.0275 0.07375
0 0.71 0.33375 0.025 0.07625
0 0.6775 0.33125 0.03 0.07625
0 0.645 0.335 0.0275 0.07375
0 0.7975 0.335 0.025 0.0725
0 0.865 0.275 0.01875 0.09375
0 0.82875 0.28 0.03 0.09
0 0.7925 0.22875 0.0275 0.0675
0 0.75375 0.2275 0.02375 0.06375
0 0.7275 0.225 0.0225 0.06375
0 0.38875 0.2175 0.025 0.07
0 0.4175 0.21625 0.025 0.07
0 0.445 0.215 0.025 0.07
0 0.52875 0.21875 0.02375 0.07
0 0.55375 0.2225 0.0225 0.07
0 0.63625 0.50125 0.01375 0.0725
0 0.66 0.5025 0.02 0.07
0 0.58125 0.22 0.0225 0.07
0 0.6225 0.2275 0.0225 0.0575
0 0.65375 0.22625 0.025 0.06625
0 0.16625 0.35 0.03375 0.115
0 0.7025 0.225 0.01625 0.065
0 0.20625 0.35375 0.03375 0.115
0 0.30875 0.32 0.0325 0.105
0 0.30375 0.53 0.025 0.07875
0 0.27875 0.53125 0.02125 0.08375
0 0.2575 0.53125 0.02 0.08
0 0.48875 0.59625 0.01875 0.02125
0 0.47 0.59625 0.015 0.025
0 0.45125 0.59625 0.01375 0.02625
0 0.855 0.42 0.02125 0.09625
0 0.43125 0.59875 0.015 0.025
0 0.4125 0.6 0.015 0.02625
0 0.395 0.6 0.01125 0.0225
0 0.48875 0.64125 0.01875 0.06125
0 0.47 0.64 0.01125 0.06
0 0.44375 0.655 0.01625 0.06625
0 0.42375 0.655 0.015 0.06625
0 0.4025 0.65625 0.015 0.065
0 0.37375 0.6075 0.01875 0.04125
0 0.35375 0.60625 0.0175 0.03875
0 0.335 0.60625 0.015 0.03625
0 0.315 0.60875 0.01625 0.04
0 0.2925 0.61 0.02 0.03625
0 0.2675 0.6075 0.01875 0.04
0 0.21375 0.48 0.03 0.10125
0 0.1725 0.48375 0.03 0.10625
0 0.14 0.485 0.02875 0.1
0 0.41375 0.32 0.0275 0.09875
0 0.3825 0.32125 0.02875 0.1025
0 0.34875 0.32 0.0325 0.105
0 0.27 0.31625 0.03125 0.10625
0 0.825 0.42125 0.02875 0.09875
0 0.7725 0.62625 0.0175 0.075
0 0.41125 0.0975 0.0325 0.08875
0 0.145 0.0925 0.0325 0.0675
0 0.36125 0.21625 0.025 0.07
0 0.375 0.095 0.0325 0.08875
0 0.30125 0.21375 0.025 0.07
0 0.26875 0.2125 0.025 0.07
0 0.24 0.21 0.025 0.07
0 0.86625 0.125 0.0175 0.07875
0 0.83625 0.115 0.0325 0.09
0 0.80125 0.11375 0.025 0.07875
0 0.76875 0.115 0.025 0.07875
0 0.7375 0.115 0.025 0.07875
0 0.70625 0.11 0.025 0.07875
0 0.67625 0.11 0.025 0.07875
0 0.645 0.11 0.03 0.08125
0 0.185 0.09875 0.0325 0.0675
0 0.61375 0.105 0.03 0.08125
0 0.54125 0.1025 0.03 0.08125
0 0.50875 0.1025 0.03 0.08125
0 0.48375 0.11125 0.0125 0.065
0 0.465 0.1075 0.01625 0.0675
0 0.44375 0.10625 0.02125 0.07
0 0.355 0.52625 0.01875 0.0825
0 0.38375 0.525 0.02375 0.07875
0 0.41 0.52375 0.02 0.08125
0 0.43125 0.52375 0.02 0.08125
0 0.45375 0.52375 0.02 0.08125
0 0.48375 0.50375 0.01875 0.07
0 0.50875 0.505 0.02125 0.06875
0 0.5475 0.51625 0.0225 0.07
0 0.57125 0.51375 0.02125 0.07375
0 0.5725 0.10125 0.03 0.08125
0 0.59125 0.5125 0.01375 0.07375
0 0.66875 0.695 0.02 0.07
0 0.6225 0.69375 0.01875 0.07875
0 0.79375 0.62375 0.0175 0.0725
0 0.69 0.695 0.01625 0.0725
0 0.71 0.69625 0.01875 0.07125
0 0.73125 0.69625 0.02 0.065
0 0.75625 0.7 0.01875 0.06625
0 0.78 0.6975 0.0175 0.06625
0 0.7975 0.69375 0.01125 0.0675
0 0.25875 0.69375 0.01875 0.0775
0 0.2825 0.68875 0.01875 0.0875
0 0.30625 0.68625 0.02125 0.08625
0 0.32875 0.675 0.01625 0.07375
0 0.35375 0.67125 0.02 0.07
0 0.72875 0.62125 0.01875 0.0725
0 0.70625 0.62125 0.01875 0.07375
0 0.64625 0.695 0.015 0.075
0 0.68125 0.6225 0.015 0.07
0 0.30125 0.09125 0.0325 0.08875
0 0.375 0.67 0.015 0.075
0 0.2625 0.08875 0.0325 0.08875
0 0.22375 0.0875 0.0325 0.08875
0 0.8175 0.67 0.01625 0.0975
0 0.865 0.69125 0.0175 0.09375
0 0.545 0.6225 0.02 0.07125
0 0.56625 0.6225 0.01375 0.07125
0 0.59 0.62125 0.02125 0.075
0 0.54625 0.69875 0.01875 0.075
0 0.5675 0.69875 0.01875 0.07375
0 0.58875 0.69875 0.015 0.06875
0 0.62375 0.61125 0.015 0.0675
0 0.64625 0.61125 0.02125 0.0675
0 0.33625 0.09 0.0325 0.08875
0 0.33125 0.2125 0.025 0.07