0 0.72375 0.54375 0.03 0.01625
0 0.755 0.54375 0.0325 0.01625
0 0.78875 0.545 0.02875 0.02
0 0.6925 0.5625 0.0275 0.015
0 0.5975 0.5625 0.03 0.01875
0 0.62875 0.56375 0.02875 0.01875
0 0.66125 0.5625 0.02875 0.0125
0 0.72375 0.56125 0.0275 0.01625
0 0.82 0.54375 0.03 0.02
0 0.6925 0.54375 0.0275 0.015
0 0.59875 0.54375 0.03 0.015
0 0.63 0.545 0.0275 0.01625
0 0.755 0.5625 0.03125 0.01625
0 0.56375 0.6 0.03375 0.0175
0 0.775 0.35625 0.01375 0.03
0 0.75625 0.35625 0.02125 0.0325
0 0.73125 0.35625 0.02125 0.03125
0 0.71 0.35625 0.01875 0.03
0 0.68875 0.3575 0.01875 0.03125
0 0.6675 0.3575 0.01875 0.03
0 0.66125 0.54625 0.03 0.01875
0 0.78625 0.5625 0.03 0.015
0 0.7225 0.57875 0.02625 0.015
0 0.5975 0.5825 0.02875 0.01625
0 0.42 0.56375 0.03125 0.01625
0 0.45625 0.5625 0.03375 0.01875
0 0.4925 0.56375 0.0325 0.01875
0 0.52875 0.56375 0.03375 0.0175
0 0.565 0.55875 0.03125 0.01875
0 0.4225 0.5825 0.0325 0.01875
0 0.4575 0.58125 0.03375 0.0175
0 0.49375 0.58375 0.03375 0.0175
0 0.5275 0.58375 0.0325 0.0175
0 0.81875 0.56375 0.03125 0.01625
0 0.56375 0.58 0.03375 0.01875
0 0.4575 0.6025 0.03125 0.01875
0 0.49375 0.60375 0.0325 0.01625
0 0.52875 0.6025 0.03 0.0175
0 0.785 0.58 0.0275 0.0175
0 0.7525 0.58 0.03125 0.015
0 0.6475 0.3575 0.01625 0.02875
0 0.69125 0.58 0.0275 0.015
0 0.66 0.58 0.0275 0.0175
0 0.6275 0.5825 0.03 0.01375
0 0.4225 0.60125 0.03375 0.0175
0 0.62875 0.3575 0.0175 0.03125
0 0.695 0.33 0.03 0.01625
0 0.7975 0.305 0.02 0.01875
0 0.42875 0.37625 0.0325 0.02
0 0.3925 0.375 0.035 0.01875
0 0.465 0.3525 0.03125 0.02125
0 0.42875 0.3525 0.0325 0.02
0 0.3925 0.3525 0.03375 0.02
0 0.465 0.33125 0.03125 0.0175
0 0.42625 0.32875 0.03 0.0175
0 0.3925 0.32875 0.0325 0.01875
0 0.46375 0.30875 0.03125 0.02125
0 0.4625 0.375 0.03125 0.01875
0 0.42875 0.3075 0.03375 0.0175
0 0.465 0.2875 0.02875 0.0175
0 0.43375 0.2875 0.03 0.01875
0 0.3975 0.2875 0.03 0.0175
0 0.35 0.265 0.045 0.07625
0 0.29875 0.26375 0.05 0.07625
0 0.24875 0.2625 0.0475 0.08
0 0.195 0.2625 0.0525 0.07625
0 0.34 0.3575 0.05625 0.10375
0 0.27625 0.3575 0.05875 0.10625
0 0.39375 0.3075 0.0325 0.01875
0 0.8075 0.3275 0.0175 0.0175
0 0.39 0.3975 0.035 0.01875
0 0.46375 0.4 0.03625 0.01875
0 0.78375 0.32625 0.025 0.01625
0 0.75625 0.32875 0.0275 0.0175
0 0.7275 0.33 0.02875 0.01625
0 0.2275 0.3525 0.03375 0.09375
0 0.6625 0.33 0.02875 0.0175
0 0.63125 0.33 0.03125 0.01625
0 0.775 0.3075 0.01875 0.01375
0 0.75 0.31 0.03 0.0175
0 0.71875 0.31 0.02625 0.015
0 0.4275 0.39875 0.03375 0.02125
0 0.6925 0.31125 0.02125 0.0175
0 0.63 0.3125 0.03375 0.0175
0 0.6675 0.27375 0.02125 0.0125
0 0.63875 0.2725 0.02625 0.0125
0 0.60875 0.2725 0.02625 0.015
0 0.75 0.28875 0.035 0.015
0 0.71625 0.29125 0.02625 0.01875
0 0.6875 0.29125 0.02625 0.0175
0 0.65875 0.29125 0.0275 0.01875
0 0.62625 0.29125 0.03125 0.01875
0 0.665 0.31125 0.03 0.01625
0 0.395 0.58375 0.015 0.01625
0 0.395 0.6025 0.0175 0.0175
0 0.52875 0.54625 0.03375 0.01375
0 0.50125 0.3975 0.0325 0.00875
0 0.5675 0.38125 0.035 0.01125
0 0.56875 0.36875 0.03125 0.00875
0 0.5325 0.37875 0.03125 0.01125
0 0.4975 0.38 0.03 0.01
0 0.56625 0.3475 0.0325 0.01
0 0.5325 0.3475 0.03 0.01125
0 0.5 0.3475 0.03125 0.01375
0 0.56625 0.3375 0.0275 0.01
0 0.49875 0.33375 0.03 0.01
0 0.39375 0.56375 0.01625 0.02125
0 0.59625 0.315 0.02875 0.01
0 0.565 0.31625 0.03125 0.01125
0 0.535 0.31375 0.02875 0.0125
0 0.5025 0.31375 0.03 0.01125
0 0.5925 0.295 0.03125 0.01125
0 0.56 0.295 0.02625 0.00875
0 0.53 0.295 0.02875 0.0125
0 0.4975 0.29625 0.02875 0.01
0 0.53625 0.39 0.03125 0.0075
0 0.56 0.28125 0.0275 0.01
0 0.53625 0.40625 0.0325 0.01
0 0.60125 0.36875 0.03125 0.01
0 0.795 0.35625 0.02125 0.03
0 0.81625 0.35375 0.02125 0.0325
0 0.63375 0.39375 0.0175 0.03125
0 0.6525 0.39375 0.01875 0.03125
0 0.675 0.39375 0.02 0.03375
0 0.69625 0.39375 0.02 0.035
0 0.7175 0.395 0.01875 0.03375
0 0.73875 0.3925 0.02125 0.0325
0 0.76 0.3925 0.01875 0.03375
0 0.7825 0.3925 0.02125 0.03625
0 0.805 0.3925 0.02 0.03375
0 0.5325 0.32875 0.03 0.0175
0 0.59875 0.33375 0.025 0.01
0 0.5675 0.35875 0.03125 0.01
0 0.49875 0.36125 0.0275 0.01
0 0.5325 0.36125 0.03125 0.00875
0 0.60625 0.3975 0.03625 0.0125
0 0.56875 0.3975 0.0325 0.00875
0 0.605 0.37875 0.0325 0.01125
0 0.60125 0.35625 0.0275 0.0125
0 0.53 0.28125 0.0275 0.01
0 0.59625 0.305 0.02875 0.00875
0 0.53125 0.48 0.03625 0.0175
0 0.42 0.4625 0.03375 0.01875
0 0.4575 0.46125 0.035 0.01875
0 0.49375 0.46 0.03625 0.02
0 0.39375 0.4825 0.01625 0.0175
0 0.42125 0.48125 0.03375 0.0175
0 0.45875 0.48125 0.03375 0.0175
0 0.49375 0.48125 0.0325 0.01625
0 0.56625 0.45875 0.0325 0.0175
0 0.39375 0.46 0.01625 0.0225
0 0.5675 0.48 0.03125 0.01875
0 0.4225 0.5025 0.0325 0.02
0 0.46 0.50125 0.035 0.01875
0 0.49625 0.50125 0.0325 0.01875
0 0.5325 0.5025 0.03125 0.0175
0 0.5675 0.5 0.035 0.02
0 0.41875 0.54625 0.035 0.01625
0 0.455 0.545 0.03375 0.01375
0 0.4925 0.545 0.035 0.015
0 0.3975 0.5025 0.015 0.01875
0 0.3525 0.475 0.0525 0.07125
0 0.18375 0.3575 0.0425 0.11125
0 0.22 0.47375 0.05375 0.075
0 0.35625 0.575 0.0525 0.07125
0 0.50125 0.27875 0.02875 0.00875
0 0.28375 0.47375 0.0625 0.06875
0 0.22 0.57625 0.05625 0.06875
0 0.17125 0.5725 0.03125 0.06125
0 0.8125 0.59875 0.03 0.01875
0 0.7825 0.59875 0.02875 0.0175
0 0.7525 0.5975 0.0275 0.01625
0 0.28625 0.575 0.06625 0.06875
0 0.69 0.5975 0.0275 0.01625
0 0.72125 0.5975 0.02875 0.01625
0 0.66 0.59875 0.0275 0.015
0 0.62875 0.6 0.02875 0.0175
0 0.5975 0.60125 0.03 0.01625
0 0.815 0.58125 0.02875 0.015
0 0.8275 0.3925 0.02 0.03125
0 0.1675 0.475 0.03875 0.07375