0 0.18875 0.07625 0.0275 0.1025
0 0.23375 0.0925 0.03125 0.09125
0 0.26625 0.10375 0.0225 0.0825
0 0.29375 0.10375 0.0275 0.085
0 0.3325 0.1175 0.025 0.07125
0 0.2475 0.805 0.03375 0.06625
0 0.41375 0.12375 0.0225 0.0775
0 0.435 0.125 0.01625 0.0725
0 0.3225 0.26625 0.0275 0.095
0 0.37 0.27125 0.025 0.09375
0 0.39125 0.11875 0.02 0.075
0 0.36375 0.1175 0.03 0.07625
0 0.8575 0.6075 0.01125 0.0325
0 0.84375 0.60875 0.01 0.025
0 0.8325 0.615 0.01125 0.0275
0 0.81625 0.61875 0.01625 0.02875
0 0.855 0.57375 0.0175 0.0275
0 0.395 0.27125 0.01875 0.09125
0 0.815 0.58875 0.015 0.02875
0 0.37125 0.73 0.02625 0.03125
0 0.18 0.8375 0.02625 0.07125
0 0.21 0.8225 0.02875 0.06625
0 0.6175 0.6675 0.0225 0.0675
0 0.5225 0.69875 0.0275 0.07
0 0.29125 0.7875 0.04 0.0975
0 0.41875 0.27125 0.02625 0.09
0 0.4525 0.13 0.01625 0.0725
0 0.46625 0.2725 0.02375 0.08625
0 0.33375 0.40375 0.0525 0.1
0 0.27 0.40625 0.0625 0.09625
0 0.21 0.39375 0.015 0.065
0 0.185 0.3975 0.02625 0.06625
0 0.15625 0.40125 0.02375 0.065
0 0.85125 0.29875 0.02125 0.035
0 0.4425 0.4 0.0475 0.09125
0 0.82125 0.28125 0.03 0.06375
0 0.75125 0.28 0.0375 0.07625
0 0.705 0.27875 0.04625 0.0725
0 0.54625 0.275 0.01875 0.08375
0 0.52625 0.27625 0.015 0.07875
0 0.5075 0.275 0.01875 0.0875
0 0.48875 0.27375 0.01625 0.0875
0 0.78875 0.28125 0.03375 0.07125
0 0.49125 0.39875 0.0225 0.0775
0 0.47375 0.40125 0.01125 0.0825
0 0.51375 0.39375 0.01625 0.07875
0 0.6475 0.65875 0.02125 0.07
0 0.46875 0.13375 0.015 0.07125
0 0.48625 0.1375 0.01 0.065
0 0.50375 0.13625 0.02375 0.0675
0 0.52375 0.14125 0.0125 0.065
0 0.54 0.14375 0.01625 0.07
0 0.55625 0.15375 0.015 0.05625
0 0.575 0.15625 0.01375 0.05625
0 0.68 0.375 0.01875 0.07375
0 0.6525 0.37125 0.02875 0.08875
0 0.61625 0.37875 0.02125 0.0775
0 0.58625 0.3875 0.01625 0.07125
0 0.5675 0.39 0.01625 0.07375
0 0.52875 0.3925 0.01125 0.075
0 0.54625 0.39 0.01875 0.075
0 0.44375 0.2725 0.0175 0.08875
0 0.67125 0.655 0.01875 0.07625
0 0.83375 0.5825 0.015 0.03
0 0.45 0.7125 0.03 0.0475
0 0.71 0.4775 0.05375 0.04375
0 0.715 0.4375 0.055 0.03125
0 0.53875 0.49875 0.03375 0.085
0 0.50375 0.50625 0.02125 0.0775
0 0.48375 0.515 0.015 0.0775
0 0.46375 0.51875 0.015 0.0825
0 0.445 0.52125 0.01875 0.08
0 0.4225 0.525 0.01875 0.08125
0 0.40125 0.53125 0.02125 0.08375
0 0.37625 0.53375 0.02 0.0775
0 0.74625 0.48 0.0075 0.03875
0 0.3525 0.5375 0.02625 0.0875
0 0.245 0.26375 0.025 0.10125
0 0.32875 0.54125 0.01875 0.08875
0 0.305 0.5475 0.0225 0.08875
0 0.27875 0.55375 0.025 0.09375
0 0.24875 0.55875 0.02625 0.095
0 0.2025 0.61125 0.035 0.09
0 0.1475 0.625 0.03375 0.0925
0 0.2075 0.49375 0.0325 0.09
0 0.1675 0.50125 0.0425 0.1025
0 0.85125 0.3725 0.03 0.045
0 0.6925 0.635 0.01625 0.05125
0 0.755 0.48 0.00625 0.0375
0 0.765 0.475 0.00625 0.03875
0 0.77875 0.4725 0.01375 0.03625
0 0.145 0.23625 0.035 0.1125
0 0.14875 0.85875 0.035 0.08
0 0.72 0.55 0.00875 0.0675
0 0.705 0.55625 0.00875 0.0725
0 0.80625 0.5275 0.01375 0.065
0 0.7875 0.5325 0.0175 0.0675
0 0.7675 0.53375 0.015 0.06625
0 0.745 0.5475 0.01875 0.07125
0 0.69 0.55625 0.01875 0.06875
0 0.6675 0.56125 0.01625 0.06625
0 0.64875 0.57125 0.01625 0.065
0 0.62 0.5725 0.02 0.0775
0 0.59125 0.58 0.01875 0.06875
0 0.51 0.61375 0.02875 0.0775
0 0.45 0.62375 0.03 0.07125
0 0.39 0.63125 0.06625 0.05875
0 0.2825 0.68 0.06875 0.07125
0 0.1425 0.73 0.03 0.07125
0 0.17875 0.72375 0.035 0.07625
0 0.215 0.715 0.03625 0.08125
0 0.86875 0.45125 0.01125 0.04625
0 0.85 0.4525 0.02 0.04625
0 0.8275 0.45875 0.0225 0.045
0 0.805 0.36875 0.0325 0.07125
0 0.27 0.26625 0.0225 0.10125
0 0.20125 0.2525 0.06 0.07875
0 0.86625 0.19125 0.0175 0.0825
0 0.49 0.695 0.02625 0.04625
0 0.58875 0.66375 0.0225 0.0425
0 0.415 0.71875 0.02875 0.04125
0 0.34125 0.74375 0.02875 0.0375
0 0.62 0.1525 0.02875 0.08125
0 0.6625 0.1725 0.0175 0.0625
0 0.70125 0.17375 0.02 0.06375
0 0.7325 0.175 0.02125 0.07
0 0.755 0.175 0.0225 0.07375
0 0.775 0.18 0.01625 0.07
0 0.7975 0.17875 0.02625 0.07625
0 0.29625 0.265 0.025 0.09625
0 0.82125 0.1825 0.02 0.0825
0 0.68125 0.17375 0.015 0.065
0 0.8475 0.19 0.01625 0.085
0 0.15375 0.0725 0.04125 0.10375