0 0.60625 0.61125 0.045 0.03875
0 0.6925 0.6075 0.04125 0.0425
0 0.65 0.61 0.0425 0.04125
0 0.61 0.66 0.045 0.02
0 0.61 0.64125 0.04375 0.0175
0 0.56375 0.665 0.0425 0.01875
0 0.56375 0.645 0.04375 0.0225
0 0.5625 0.61125 0.0375 0.03125
0 0.43375 0.66125 0.03875 0.0425
0 0.52125 0.65875 0.04 0.02875
0 0.5175 0.62 0.03875 0.0425
0 0.4775 0.6225 0.03875 0.0325
0 0.58875 0.77 0.03875 0.02125
0 0.54125 0.77875 0.04625 0.025
0 0.495 0.78 0.045 0.02375
0 0.62 0.7125 0.0325 0.055
0 0.48 0.655 0.04 0.03375
0 0.5775 0.71375 0.0525 0.05125
0 0.63125 0.77125 0.04375 0.01875
0 0.6325 0.75125 0.04375 0.01875
0 0.3325 0.7425 0.085 0.0475
0 0.34625 0.785 0.0475 0.0375
0 0.29875 0.78625 0.04875 0.03625
0 0.39125 0.765 0.03 0.06625
0 0.58625 0.75 0.0475 0.01625
0 0.6775 0.76375 0.0425 0.0325
0 0.72125 0.76125 0.04375 0.0375
0 0.3 0.6225 0.04125 0.035
0 0.3 0.65 0.04125 0.015
0 0.295 0.6775 0.04375 0.03
0 0.34125 0.68125 0.05 0.02
0 0.3425 0.66375 0.0475 0.0125
0 0.3425 0.64 0.0425 0.03125
0 0.3425 0.615 0.04125 0.0175
0 0.38875 0.62375 0.04625 0.03875
0 0.39 0.6625 0.0425 0.0375
0 0.43375 0.62375 0.04 0.03125
0 0.4225 0.77875 0.0325 0.0375
0 0.44625 0.7475 0.01375 0.02375
0 0.4225 0.745 0.03125 0.025
0 0.45625 0.7775 0.0275 0.0325
0 0.49375 0.7375 0.04125 0.05375
0 0.535 0.735 0.03875 0.05625
0 0.69875 0.6475 0.04125 0.0375
0 0.655 0.65 0.04375 0.03375
0 0.50125 0.55625 0.04875 0.04125
0 0.77125 0.645 0.01875 0.03
0 0.59625 0.4375 0.02375 0.06875
0 0.62 0.43375 0.0225 0.06375
0 0.645 0.4375 0.02625 0.05875
0 0.6875 0.45 0.02875 0.0275
0 0.6875 0.42 0.0275 0.02875
0 0.71125 0.44375 0.01375 0.04375
0 0.72625 0.44125 0.01375 0.04625
0 0.7725 0.44625 0.01625 0.065
0 0.7475 0.44875 0.03125 0.06375
0 0.71375 0.535 0.025 0.05875
0 0.6875 0.54 0.0225 0.05625
0 0.57125 0.43625 0.02375 0.07
0 0.65625 0.54125 0.0225 0.0525
0 0.60125 0.54875 0.0475 0.045
0 0.59375 0.51 0.0475 0.03375
0 0.55125 0.55625 0.0475 0.03125
0 0.5475 0.5275 0.035 0.02375
0 0.54375 0.50375 0.035 0.0175
0 0.49875 0.51625 0.0525 0.0375
0 0.3575 0.1375 0.02625 0.0725
0 0.44 0.55625 0.05625 0.04
0 0.34625 0.5625 0.05 0.0375
0 0.33375 0.1375 0.025 0.07375
0 0.30625 0.1375 0.02875 0.06875
0 0.6325 0.53625 0.02 0.05875
0 0.52875 0.4425 0.02125 0.05875
0 0.505 0.4425 0.0225 0.06
0 0.47 0.42875 0.04625 0.03375
0 0.69625 0.13125 0.0275 0.0725
0 0.66625 0.13375 0.03125 0.0675
0 0.56 0.1525 0.03375 0.04
0 0.5275 0.1375 0.02 0.0675
0 0.5025 0.13875 0.02875 0.06375
0 0.46875 0.24625 0.02 0.085
0 0.445 0.24625 0.02625 0.085
0 0.395 0.255 0.0275 0.07
0 0.48 0.1425 0.01125 0.06
0 0.46125 0.13875 0.025 0.06625
0 0.4375 0.135 0.02125 0.06875
0 0.41 0.135 0.03125 0.07
0 0.38375 0.1375 0.0225 0.07375
0 0.36375 0.25625 0.03125 0.065
0 0.33625 0.25625 0.02375 0.0625
0 0.31 0.255 0.02625 0.0625
0 0.55125 0.34875 0.0625 0.0325
0 0.48875 0.34875 0.05375 0.03375
0 0.275 0.46125 0.05875 0.035
0 0.275 0.4225 0.06 0.0425
0 0.33125 0.41625 0.05375 0.0525
0 0.335 0.45875 0.06375 0.03375
0 0.42125 0.45875 0.05125 0.03875
0 0.42 0.42375 0.05375 0.02875
0 0.47 0.4625 0.04 0.02875
0 0.7525 0.24875 0.02875 0.0675
0 0.72625 0.1325 0.02875 0.07125
0 0.76375 0.6075 0.0225 0.02
0 0.69125 0.265 0.03125 0.03
0 0.65875 0.235 0.0275 0.0275
0 0.72125 0.26 0.02625 0.025
0 0.63375 0.2525 0.02 0.05875
0 0.49125 0.245 0.02375 0.0825
0 0.51625 0.24375 0.0225 0.0825
0 0.56875 0.25625 0.02375 0.0625
0 0.59125 0.25375 0.02125 0.0625
0 0.6125 0.2525 0.02 0.05875
0 0.69 0.23375 0.0325 0.02875
0 0.65875 0.265 0.0275 0.03
0 0.29125 0.56625 0.05625 0.03875
0 0.29 0.5275 0.0575 0.0375
0 0.75625 0.54625 0.03125 0.03