0 0.15 0.7275 0.035 0.0975
0 0.2225 0.58875 0.03625 0.10375
0 0.18125 0.59 0.03625 0.10375
0 0.14375 0.59 0.035 0.10625
0 0.235 0.44 0.01875 0.115
0 0.16625 0.44 0.0375 0.11375
0 0.13375 0.4425 0.0175 0.10875
0 0.21 0.30375 0.04125 0.11625
0 0.16625 0.30125 0.04 0.11375
0 0.1575 0.15 0.04125 0.135
0 0.18625 0.72875 0.03125 0.0975
0 0.20625 0.44125 0.03375 0.115
0 0.135 0.30125 0.01875 0.11125
0 0.75875 0.7925 0.025 0.07
0 0.19625 0.84125 0.0325 0.09125
0 0.3675 0.28375 0.03875 0.11625
0 0.45 0.285 0.03875 0.11625
0 0.73125 0.7925 0.025 0.07
0 0.49 0.2875 0.0375 0.11625
0 0.53 0.28875 0.03625 0.11625
0 0.56875 0.29125 0.03625 0.11625
0 0.81625 0.445 0.01625 0.07625
0 0.8425 0.44375 0.02875 0.07375
0 0.63875 0.43 0.03375 0.1
0 0.6 0.42 0.03375 0.1
0 0.56375 0.42625 0.03375 0.1075
0 0.52625 0.42625 0.03375 0.1075
0 0.4875 0.4225 0.035 0.1075
0 0.45 0.42375 0.03375 0.1075
0 0.4125 0.42625 0.03375 0.1075
0 0.64875 0.2925 0.03625 0.11625
0 0.6075 0.2925 0.03625 0.11625
0 0.3275 0.28375 0.03875 0.11625
0 0.81 0.305 0.0175 0.08125
0 0.78375 0.3075 0.03 0.08125
0 0.86125 0.18 0.02625 0.0975
0 0.23125 0.8425 0.035 0.09375
0 0.1325 0.84125 0.015 0.09625
0 0.14 0.94375 0.03 0.08
0 0.175 0.9425 0.035 0.0775
0 0.21 0.9425 0.0325 0.08
0 0.31375 0.15625 0.0375 0.09875
0 0.35375 0.155 0.035 0.09875
0 0.39375 0.155 0.035 0.09875
0 0.16 0.84125 0.03125 0.09375
0 0.43 0.15625 0.035 0.09875
0 0.50375 0.15875 0.035 0.09875
0 0.5425 0.16125 0.035 0.09875
0 0.5825 0.1625 0.035 0.0975
0 0.61875 0.16375 0.035 0.0975
0 0.65625 0.16375 0.035 0.0975
0 0.7525 0.18625 0.03125 0.08125
0 0.7875 0.1875 0.03625 0.085
0 0.82625 0.17875 0.03875 0.1
0 0.4675 0.1575 0.035 0.09875
0 0.22375 0.7275 0.03625 0.09375
0 0.20125 0.15125 0.03875 0.12875
0 0.33375 0.58 0.02875 0.0725
0 0.56 0.92875 0.03 0.0725
0 0.52375 0.93125 0.03125 0.06875
0 0.48875 0.91375 0.02875 0.07375
0 0.45625 0.94375 0.0275 0.05
0 0.425 0.9075 0.02375 0.05875
0 0.395 0.91125 0.0225 0.06125
0 0.3675 0.90875 0.0225 0.06
0 0.3325 0.9475 0.02875 0.055
0 0.6225 0.83 0.0275 0.06375
0 0.59375 0.83 0.0275 0.06375
0 0.5625 0.83125 0.0275 0.06375
0 0.5325 0.8325 0.03 0.06375
0 0.49875 0.83375 0.03 0.06375
0 0.4675 0.8325 0.03 0.065
0 0.8675 0.44375 0.015 0.07375
0 0.40625 0.7775 0.02625 0.05375
0 0.37 0.81625 0.0325 0.0625
0 0.33625 0.835 0.03 0.0625
0 0.86375 0.9025 0.0225 0.0625
0 0.7825 0.88625 0.02 0.06375
0 0.75625 0.905 0.025 0.0675
0 0.72875 0.91125 0.025 0.0675
0 0.7 0.91 0.025 0.0675
0 0.86 0.78375 0.02125 0.06875
0 0.835 0.79125 0.0225 0.07
0 0.81 0.79 0.0225 0.07
0 0.785 0.7925 0.0225 0.07
0 0.705 0.79125 0.02 0.07
0 0.85 0.665 0.025 0.0725
0 0.435 0.8325 0.03 0.06375
0 0.79875 0.6675 0.025 0.07
0 0.56875 0.575 0.02875 0.07125
0 0.53625 0.58125 0.02875 0.07125
0 0.505 0.57875 0.02875 0.0725
0 0.46875 0.58 0.02875 0.07125
0 0.635 0.58125 0.02875 0.07125
0 0.43375 0.58125 0.02875 0.0725
0 0.40125 0.58 0.02875 0.0725
0 0.365 0.58 0.02875 0.0725
0 0.72 0.56875 0.02 0.06625
0 0.745 0.57 0.025 0.06625
0 0.6025 0.58125 0.02875 0.0725
0 0.7975 0.57125 0.0225 0.06375
0 0.8225 0.57125 0.0225 0.06375
0 0.7725 0.5725 0.0225 0.06375
0 0.8675 0.5725 0.01375 0.06375
0 0.76875 0.665 0.025 0.07
0 0.74 0.66625 0.025 0.07
0 0.7125 0.665 0.025 0.07
0 0.6225 0.70125 0.03125 0.0675
0 0.585 0.6975 0.03 0.0675
0 0.5475 0.70875 0.03125 0.0675
0 0.51375 0.70625 0.03 0.0675
0 0.48125 0.705 0.03 0.0675
0 0.4425 0.7075 0.03125 0.0675
0 0.36875 0.7075 0.03 0.0675
0 0.335 0.70375 0.03 0.0675
0 0.8475 0.57125 0.0225 0.06375
0 0.825 0.665 0.0225 0.0725