0 0.74625 0.7075 0.0175 0.055
0 0.765 0.47125 0.0175 0.04625
0 0.2575 0.55375 0.025 0.075
0 0.29375 0.55125 0.0325 0.07125
0 0.40875 0.55 0.02875 0.06875
0 0.35625 0.54625 0.0175 0.0675
0 0.3775 0.54875 0.0225 0.07
0 0.745 0.4575 0.01875 0.0625
0 0.4575 0.54875 0.02625 0.0725
0 0.76625 0.84375 0.02875 0.03375
0 0.48625 0.54625 0.02875 0.08
0 0.3275 0.55375 0.02875 0.075
0 0.72625 0.46875 0.01625 0.04625
0 0.65625 0.48 0.02875 0.025
0 0.51875 0.54875 0.0275 0.075
0 0.41 0.4775 0.02125 0.02625
0 0.43 0.4775 0.015 0.02625
0 0.4575 0.44 0.02625 0.01625
0 0.45875 0.4625 0.0225 0.01375
0 0.46375 0.485 0.03125 0.01625
0 0.49375 0.48375 0.02875 0.01875
0 0.245 0.8475 0.0275 0.075
0 0.49625 0.4425 0.02625 0.0175
0 0.5325 0.44875 0.03625 0.01625
0 0.52875 0.46875 0.03625 0.02
0 0.53 0.4875 0.035 0.01125
0 0.56 0.4825 0.01625 0.01625
0 0.585 0.485 0.02875 0.01125
0 0.5875 0.465 0.02875 0.025
0 0.62125 0.44 0.02875 0.02
0 0.62125 0.46125 0.0275 0.01875
0 0.62125 0.4825 0.03125 0.01875
0 0.705 0.46875 0.025 0.04625
0 0.37625 0.425 0.03875 0.0225
0 0.55 0.5475 0.0325 0.07625
0 0.6125 0.545 0.02625 0.075
0 0.72 0.65625 0.03125 0.03375
0 0.74375 0.62125 0.03625 0.02625
0 0.2525 0.7375 0.03375 0.06625
0 0.29375 0.73375 0.0275 0.06375
0 0.3225 0.73375 0.025 0.06375
0 0.3525 0.73625 0.03 0.07
0 0.3825 0.73 0.025 0.065
0 0.415 0.735 0.02625 0.06375
0 0.6875 0.6475 0.03 0.05
0 0.44125 0.73375 0.02375 0.06625
0 0.48 0.72875 0.015 0.065
0 0.50125 0.72875 0.025 0.06625
0 0.5325 0.7275 0.0275 0.06375
0 0.5625 0.73375 0.03 0.0775
0 0.59125 0.73125 0.02625 0.06875
0 0.61875 0.73125 0.0225 0.06125
0 0.65125 0.72875 0.02875 0.06625
0 0.70125 0.72375 0.0225 0.0675
0 0.4625 0.7325 0.015 0.06625
0 0.65375 0.63875 0.01875 0.06875
0 0.62875 0.64 0.02125 0.075
0 0.6425 0.6525 0.005 0.0075
0 0.64125 0.5475 0.015 0.07
0 0.65875 0.54375 0.01625 0.07875
0 0.67625 0.54625 0.02 0.07875
0 0.7025 0.55125 0.01875 0.0625
0 0.72125 0.55 0.01625 0.065
0 0.74375 0.54 0.025 0.04875
0 0.76875 0.53875 0.02375 0.04125
0 0.2525 0.64375 0.0375 0.075
0 0.29125 0.64375 0.02375 0.07
0 0.32125 0.64375 0.025 0.07
0 0.3475 0.64125 0.02375 0.06875
0 0.3725 0.64125 0.02125 0.0725
0 0.39875 0.64125 0.0275 0.075
0 0.43375 0.64375 0.03125 0.075
0 0.465 0.64125 0.02 0.075
0 0.4925 0.6425 0.03125 0.07625
0 0.53 0.64 0.03125 0.075
0 0.56625 0.6375 0.0225 0.0725
0 0.59 0.64 0.0225 0.075
0 0.5775 0.54875 0.01875 0.07375
0 0.37375 0.45125 0.03625 0.0175
0 0.49375 0.46375 0.02625 0.0175
0 0.33125 0.48125 0.025 0.01875
0 0.55625 0.3725 0.02875 0.05375
0 0.61875 0.3675 0.025 0.06
0 0.37375 0.48 0.04 0.02125
0 0.6675 0.36875 0.01875 0.0675
0 0.695 0.3675 0.02875 0.0675
0 0.73 0.365 0.03125 0.06125
0 0.235 0.45875 0.0175 0.07
0 0.25875 0.45875 0.025 0.0675
0 0.6275 0.82375 0.0275 0.07375
0 0.65125 0.83375 0.01875 0.0825
0 0.68375 0.8325 0.03125 0.08375
0 0.71375 0.83375 0.02375 0.09
0 0.74 0.84 0.0175 0.045
0 0.41125 0.3675 0.02 0.05875
0 0.38875 0.37 0.02 0.065
0 0.52 0.375 0.03625 0.05875
0 0.37 0.3675 0.0175 0.06125
0 0.46875 0.36875 0.02875 0.0425
0 0.5975 0.83 0.0275 0.07625
0 0.76375 0.76375 0.02125 0.0525
0 0.72375 0.72875 0.02 0.06
0 0.29125 0.27 0.0175 0.055
0 0.315 0.26875 0.025 0.05875
0 0.2725 0.84125 0.02 0.07875
0 0.2975 0.835 0.0225 0.03125
0 0.2975 0.86875 0.0275 0.0225
0 0.33 0.84375 0.03125 0.07375
0 0.36375 0.8425 0.02875 0.08625
0 0.39625 0.83875 0.02625 0.085
0 0.4275 0.83875 0.02625 0.08
0 0.45375 0.83625 0.02625 0.08
0 0.48875 0.835 0.03625 0.08
0 0.5275 0.83125 0.03 0.0975
0 0.56875 0.83875 0.02375 0.0775
0 0.43625 0.365 0.025 0.05625
0 0.35 0.36875 0.0175 0.06375
0 0.64125 0.36625 0.02 0.05875
0 0.31875 0.37 0.0125 0.05375
0 0.33125 0.44125 0.0325 0.015
0 0.3275 0.46 0.03125 0.0175
0 0.33375 0.37125 0.015 0.0525
0 0.30375 0.46375 0.015 0.055
0 0.34375 0.26375 0.025 0.0675
0 0.37375 0.27125 0.025 0.05
0 0.40625 0.2725 0.03 0.04625
0 0.435 0.275 0.0225 0.0525
0 0.4625 0.27375 0.015 0.045
0 0.4825 0.27625 0.02 0.055
0 0.5175 0.275 0.01625 0.045
0 0.53625 0.2725 0.01875 0.04375
0 0.28375 0.4625 0.01875 0.055
0 0.5875 0.2725 0.01875 0.0525
0 0.61 0.27 0.0225 0.0475
0 0.635 0.27125 0.02375 0.0475
0 0.66 0.26875 0.0225 0.0525
0 0.685 0.26375 0.0175 0.06875
0 0.29 0.36875 0.03125 0.06
0 0.25125 0.3675 0.02375 0.04375
0 0.705 0.27 0.02125 0.05375
0 0.56 0.27375 0.0275 0.04625
0 0.73875 0.26375 0.0375 0.06625