0 0.215 0.7425 0.02875 0.03625
0 0.36625 0.47375 0.05 0.02875
0 0.31 0.4725 0.055 0.03
0 0.31125 0.50375 0.05125 0.0275
0 0.255 0.5025 0.05375 0.0275
0 0.19875 0.505 0.05625 0.03
0 0.2525 0.47125 0.05375 0.03
0 0.1975 0.4725 0.0525 0.03
0 0.77625 0.40875 0.025 0.055
0 0.365 0.50375 0.0525 0.03
0 0.75125 0.40875 0.01875 0.05375
0 0.71 0.40875 0.01875 0.0525
0 0.68875 0.41 0.01625 0.05375
0 0.6675 0.41 0.02125 0.05125
0 0.645 0.40875 0.02125 0.05375
0 0.605 0.40875 0.01625 0.05375
0 0.57 0.38375 0.0375 0.00625
0 0.56875 0.39125 0.03875 0.005
0 0.575 0.39875 0.04 0.00625
0 0.73 0.40875 0.02125 0.0525
0 0.575 0.42125 0.04 0.0325
0 0.415 0.49 0.03375 0.05
0 0.5475 0.4925 0.03625 0.04
0 0.1975 0.585 0.03125 0.03625
0 0.98875 0.47875 0.0225 0.07125
0 0.9675 0.47875 0.0175 0.07
0 0.9375 0.49375 0.0325 0.045
0 0.90125 0.4925 0.035 0.04625
0 0.93875 0.44375 0.0375 0.0475
0 0.9025 0.44375 0.035 0.04875
0 0.875 0.4975 0.01375 0.035
0 0.4525 0.485 0.03125 0.05375
0 0.8575 0.49625 0.015 0.035
0 0.85625 0.45625 0.01625 0.04
0 0.80125 0.4825 0.01375 0.0625
0 0.7675 0.4925 0.03625 0.04375
0 0.735 0.495 0.015 0.04125
0 0.71375 0.495 0.025 0.03875
0 0.68 0.49625 0.03625 0.035
0 0.6425 0.4975 0.035 0.03625
0 0.59625 0.5075 0.04875 0.015
0 0.875 0.45625 0.01625 0.04
0 0.53375 0.41875 0.03875 0.03625
0 0.44 0.41 0.0425 0.00875
0 0.49 0.3925 0.0525 0.005
0 0.23125 0.42 0.04 0.03375
0 0.25375 0.3975 0.03125 0.00625
0 0.1975 0.38 0.03875 0.00875
0 0.19875 0.39 0.04 0.00625
0 0.185 0.3975 0.04125 0.00625
0 0.18875 0.42 0.0425 0.0325
0 0.98 0.305 0.04 0.15375
0 0.9325 0.31 0.045 0.14
0 0.27875 0.4225 0.05 0.0275
0 0.8825 0.3025 0.0575 0.15625
0 0.7775 0.3375 0.0175 0.03875
0 0.75875 0.335 0.01625 0.04
0 0.7375 0.33125 0.02375 0.04375
0 0.71 0.33125 0.0225 0.0475
0 0.68375 0.33375 0.0225 0.04625
0 0.66 0.335 0.02125 0.03875
0 0.60375 0.3375 0.01375 0.0375
0 0.58625 0.3375 0.015 0.0375
0 0.82375 0.30125 0.055 0.155
0 0.3275 0.39125 0.05 0.0275
0 0.38125 0.3925 0.05375 0.02875
0 0.38375 0.4225 0.05125 0.0275
0 0.4875 0.40125 0.04625 0.00625
0 0.48875 0.4225 0.04875 0.02875
0 0.4375 0.43375 0.05 0.00625
0 0.4375 0.425 0.05 0.00625
0 0.31875 0.27125 0.025 0.04
0 0.29 0.325 0.02375 0.06375
0 0.26125 0.3175 0.02875 0.0775
0 0.22625 0.315 0.03 0.07875
0 0.18875 0.31375 0.035 0.0825
0 0.1425 0.63875 0.04125 0.1125
0 0.1 0.6475 0.035 0.1
0 0.06375 0.64625 0.035 0.10125
0 0.025 0.6475 0.02875 0.09125
0 0.125 0.515 0.02625 0.10375
0 0.09625 0.515 0.02 0.105
0 0.0725 0.515 0.01875 0.10625
0 0.04875 0.515 0.02125 0.10375
0 0.0225 0.51375 0.01875 0.10125
0 0.33 0.4225 0.0525 0.0275
0 0.23 0.58625 0.02625 0.0375
0 0.68125 0.635 0.05 0.0075
0 0.2825 0.5875 0.02125 0.03375
0 0.34375 0.58375 0.02375 0.0375
0 0.145 0.75125 0.03375 0.05625
0 0.68375 0.645 0.04875 0.0075
0 0.6825 0.65875 0.0525 0.01625
0 0.6825 0.67875 0.05 0.02
0 0.6425 0.65875 0.025 0.06125
0 0.61625 0.65875 0.02625 0.06125
0 0.58125 0.67125 0.035 0.04
0 0.5425 0.63875 0.0325 0.01875
0 0.10875 0.75125 0.03375 0.055
0 0.545 0.67125 0.03375 0.04
0 0.47125 0.67 0.035 0.04125
0 0.435 0.67125 0.03375 0.04125
0 0.39875 0.67125 0.03625 0.04125
0 0.36125 0.6725 0.035 0.04125
0 0.32125 0.67 0.035 0.0375
0 0.2425 0.6775 0.03625 0.0275
0 0.26375 0.635 0.03375 0.015
0 0.2025 0.67625 0.0375 0.02875
0 0.5075 0.67 0.03375 0.03875
0 0.19125 0.64625 0.04375 0.03
0 0.0725 0.7525 0.03625 0.055
0 0.96 0.7625 0.04625 0.02125
0 0.32 0.75 0.03 0.0275
0 0.3525 0.75875 0.025 0.035
0 0.38375 0.7575 0.0325 0.03875
0 0.42 0.75875 0.035 0.0375
0 0.46125 0.74625 0.03 0.0375
0 0.53625 0.755 0.03125 0.0425
0 0.5725 0.7325 0.0375 0.0275
0 0.5725 0.7625 0.035 0.02625
0 0.03625 0.75125 0.03375 0.05625
0 0.61125 0.76 0.04 0.0275
0 0.68625 0.73875 0.03125 0.0125
0 0.685 0.75375 0.0325 0.0125
0 0.685 0.76875 0.03375 0.01375
0 0.71875 0.7475 0.0275 0.05875
0 0.75 0.74875 0.0325 0.0575
0 0.80375 0.7575 0.0425 0.025
0 0.85375 0.75875 0.05 0.02875
0 0.9075 0.7625 0.045 0.02375
0 0.68625 0.72375 0.0325 0.0125
0 0.7975 0.71375 0.0425 0.01875
0 0.7975 0.6925 0.04375 0.01875
0 0.79625 0.67125 0.045 0.01625
0 0.48125 0.335 0.01375 0.0425
0 0.49875 0.33625 0.0125 0.04125
0 0.5125 0.33625 0.0125 0.0425
0 0.53125 0.335 0.01125 0.04125
0 0.54625 0.335 0.01375 0.045
0 0.5675 0.335 0.02 0.04125
0 0.6175 0.57875 0.0125 0.05125
0 0.60125 0.57875 0.015 0.05
0 0.46625 0.33625 0.01125 0.04125
0 0.58 0.5775 0.0175 0.0525
0 0.5325 0.5825 0.02125 0.04375
0 0.50875 0.5825 0.01875 0.04375
0 0.49 0.54625 0.015 0.015
0 0.48875 0.58125 0.015 0.05
0 0.4675 0.58375 0.01625 0.0425
0 0.44625 0.58625 0.01625 0.03875
0 0.42875 0.5875 0.015 0.04125
0 0.37375 0.5825 0.025 0.04
0 0.55625 0.58125 0.0175 0.045
0 0.4275 0.3325 0.05625 0.0475
0 0.4275 0.28125 0.05625 0.05
0 0.365 0.325 0.0575 0.065
0 0.83125 0.6925 0.0225 0.05875
0 0.8525 0.6925 0.0175 0.0575
0 0.87 0.6925 0.01625 0.0575
0 0.89125 0.68625 0.02125 0.06875
0 0.9125 0.685 0.02 0.07125
0 0.93625 0.685 0.025 0.0725
0 0.96125 0.68375 0.0225 0.0725
0 0.985 0.68625 0.02375 0.06875
0 0.98375 0.59625 0.0325 0.06375
0 0.9425 0.59125 0.0275 0.06875
0 0.90875 0.58875 0.03375 0.06875
0 0.86875 0.58875 0.035 0.07
0 0.83125 0.59 0.0325 0.06625
0 0.7925 0.59125 0.02875 0.07125
0 0.7225 0.595 0.0475 0.02125
0 0.72375 0.5725 0.05 0.0175
0 0.65125 0.57875 0.015 0.05
0 0.635 0.57875 0.01375 0.05
0 0.31875 0.3275 0.025 0.05875
0 0.3175 0.58125 0.02125 0.03375
0 0.82 0.48375 0.0175 0.0625
0 0.00375 0.515 0.00625 0.10125