0 0.15375 0.66125 0.025 0.0425
0 0.5625 0.655 0.03125 0.04125
0 0.53 0.6525 0.03375 0.0525
0 0.86125 0.56 0.02625 0.1225
0 0.82375 0.5575 0.04 0.125
0 0.775 0.5575 0.04875 0.1175
0 0.41 0.6625 0.06625 0.09625
0 0.35625 0.67625 0.0375 0.045
0 0.35625 0.6275 0.0375 0.04875
0 0.315 0.62375 0.04125 0.045
0 0.6775 0.55125 0.0425 0.1175
0 0.3025 0.675 0.05125 0.04625
0 0.25875 0.66625 0.03 0.05125
0 0.2275 0.64125 0.02125 0.08375
0 0.1825 0.6625 0.03 0.0375
0 0.47625 0.665 0.065 0.0925
0 0.72625 0.5525 0.0425 0.12
0 0.1775 0.87625 0.0775 0.09
0 0.2525 0.9375 0.03625 0.0425
0 0.425 0.40625 0.0325 0.10875
0 0.3925 0.4075 0.03 0.1075
0 0.3575 0.4075 0.0325 0.105
0 0.32375 0.40625 0.03125 0.10375
0 0.29125 0.4075 0.0275 0.10375
0 0.2425 0.28 0.035 0.10375
0 0.2075 0.28125 0.03125 0.1025
0 0.15875 0.28125 0.03625 0.10375
0 0.15 0.40875 0.02875 0.09625
0 0.1775 0.41 0.02625 0.095
0 0.20875 0.4075 0.03125 0.1025
0 0.24 0.4075 0.03 0.1025
0 0.26625 0.40875 0.0175 0.10375
0 0.7075 0.955 0.05625 0.05875
0 0.63375 0.96375 0.075 0.06875
0 0.5125 0.98125 0.05375 0.03625
0 0.51375 0.93 0.05 0.06
0 0.45125 0.95125 0.06875 0.09625
0 0.38125 0.94125 0.06625 0.10875
0 0.4575 0.40625 0.0275 0.1075
0 0.14625 0.765 0.0275 0.03625
0 0.49 0.4075 0.03125 0.1125
0 0.6 0.55125 0.03625 0.1125
0 0.29 0.93875 0.035 0.0375
0 0.32875 0.95 0.0375 0.0475
0 0.74875 0.405 0.0475 0.11875
0 0.60625 0.68125 0.05 0.095
0 0.69875 0.40125 0.04625 0.1225
0 0.65375 0.40125 0.03875 0.12125
0 0.6175 0.40375 0.03 0.11375
0 0.58625 0.405 0.03125 0.11
0 0.54375 0.4075 0.03375 0.10625
0 0.34875 0.2725 0.03375 0.10875
0 0.15 0.5275 0.02875 0.1
0 0.18125 0.53 0.03125 0.1
0 0.255 0.53125 0.0375 0.10625
0 0.29125 0.53125 0.0325 0.105
0 0.325 0.5325 0.03375 0.11
0 0.3975 0.53875 0.0375 0.1075
0 0.43625 0.54 0.0375 0.105
0 0.51625 0.5425 0.04125 0.1125
0 0.56 0.54625 0.0425 0.11375
0 0.63875 0.55125 0.03375 0.1125
0 0.52875 0.7025 0.03 0.0475
0 0.7425 0.08625 0.04375 0.1225
0 0.72625 0.71 0.06375 0.05875
0 0.41125 0.7575 0.05625 0.05375
0 0.4775 0.78125 0.07125 0.10375
0 0.535 0.825 0.03875 0.035
0 0.8075 0.24125 0.0475 0.12625
0 0.83375 0.0775 0.03875 0.11875
0 0.79125 0.0825 0.045 0.13125
0 0.69875 0.09875 0.04125 0.115
0 0.6525 0.10125 0.04875 0.11875
0 0.60875 0.10625 0.03625 0.1125
0 0.56875 0.11 0.03875 0.1175
0 0.5325 0.1225 0.03375 0.0925
0 0.49 0.12 0.04 0.11375
0 0.45 0.12375 0.0375 0.11
0 0.4125 0.12875 0.03625 0.10875
0 0.33625 0.1425 0.04 0.0975
0 0.29875 0.14125 0.035 0.1
0 0.26 0.14625 0.04 0.105
0 0.215 0.14625 0.045 0.10625
0 0.5625 0.7 0.03125 0.04375
0 0.41375 0.80625 0.05125 0.04375
0 0.36125 0.77375 0.04 0.08625
0 0.375 0.13625 0.03375 0.09375
0 0.2875 0.74375 0.03125 0.04375
0 0.83875 0.69875 0.07 0.11875
0 0.3225 0.76875 0.035 0.08125
0 0.8425 0.83375 0.065 0.1025
0 0.7675 0.82375 0.08375 0.12
0 0.6925 0.8375 0.06125 0.045
0 0.63375 0.8275 0.05625 0.06
0 0.63625 0.77125 0.055 0.0475
0 0.5875 0.7625 0.04 0.03625
0 0.57875 0.8075 0.04375 0.03125
0 0.5775 0.8375 0.04375 0.0275
0 0.69375 0.78625 0.05875 0.0525
0 0.465 0.26375 0.0375 0.115
0 0.38375 0.27125 0.03125 0.1125
0 0.28875 0.785 0.02875 0.0375
0 0.22125 0.7725 0.04 0.04625
0 0.1475 0.725 0.02875 0.04375
0 0.18125 0.76875 0.0375 0.045
0 0.74625 0.245 0.04875 0.125
0 0.6175 0.2575 0.04375 0.1175
0 0.5075 0.26125 0.04375 0.12
0 0.25625 0.77875 0.0275 0.04375