0 0.22625 0.3525 0.075 0.06125
0 0.30125 0.29625 0.075 0.05625
0 0.2225 0.29125 0.06875 0.06125
0 0.30625 0.355 0.08125 0.06
0 0.3825 0.3025 0.07375 0.05
0 0.38375 0.35875 0.07375 0.055
0 0.64125 0.345 0.0375 0.06375
0 0.5025 0.33625 0.06125 0.065
0 0.55125 0.33875 0.035 0.07
0 0.59625 0.34375 0.04875 0.06
0 0.68 0.3475 0.0375 0.06
0 0.78875 0.43 0.02875 0.0525
0 0.7125 0.3475 0.0275 0.06
0 0.44625 0.33875 0.0475 0.06625
0 0.7575 0.43125 0.02875 0.05375
0 0.25875 0.4775 0.05 0.07625
0 0.69875 0.43125 0.0325 0.055
0 0.8625 0.50375 0.02125 0.05375
0 0.155 0.4675 0.055 0.10125
0 0.2075 0.4675 0.05 0.10375
0 0.7425 0.34875 0.03 0.05625
0 0.305 0.475 0.04125 0.0825
0 0.34875 0.47125 0.04375 0.07375
0 0.73 0.43125 0.0275 0.05625
0 0.3925 0.47375 0.04 0.07125
0 0.48125 0.4375 0.0375 0.0625
0 0.52125 0.4375 0.03875 0.0625
0 0.56 0.43625 0.0375 0.06125
0 0.59625 0.435 0.03375 0.06375
0 0.63 0.435 0.0325 0.06375
0 0.66375 0.43375 0.0325 0.06125
0 0.4375 0.43875 0.04375 0.06625
0 0.77625 0.3475 0.02875 0.0575
0 0.71 0.26125 0.03125 0.0575
0 0.1475 0.21625 0.0425 0.0375
0 0.24625 0.1075 0.0525 0.06625
0 0.2975 0.11375 0.04375 0.065
0 0.34 0.12375 0.03375 0.0725
0 0.425 0.12625 0.05 0.065
0 0.4775 0.135 0.05 0.0725
0 0.52125 0.14 0.03625 0.08375
0 0.1975 0.09875 0.0425 0.08375
0 0.56 0.1475 0.03875 0.06875
0 0.63875 0.16 0.035 0.06
0 0.735 0.1725 0.0375 0.06
0 0.76875 0.1775 0.0275 0.06625
0 0.8 0.1825 0.0325 0.05625
0 0.83125 0.1875 0.02625 0.06375
0 0.85875 0.19 0.0275 0.0575
0 0.60125 0.15125 0.03875 0.07875
0 0.80375 0.35 0.0275 0.05375
0 0.15 0.09 0.045 0.08875
0 0.8025 0.26625 0.025 0.065
0 0.1475 0.1775 0.04125 0.0375
0 0.20125 0.20125 0.0625 0.08125
0 0.2625 0.20875 0.05625 0.06625
0 0.32 0.2125 0.055 0.0725
0 0.38375 0.2225 0.07125 0.0525
0 0.4425 0.23125 0.045 0.08375
0 0.83 0.27 0.02875 0.05875
0 0.4875 0.24 0.04375 0.065
0 0.60625 0.24875 0.04 0.0675
0 0.645 0.2525 0.03375 0.06
0 0.6775 0.25625 0.03 0.06875
0 0.83875 0.50375 0.02375 0.05125
0 0.7425 0.2625 0.03125 0.06125
0 0.7725 0.265 0.02875 0.05875
0 0.56625 0.2475 0.03875 0.06625
0 0.8125 0.50625 0.02875 0.05375
0 0.3775 0.13 0.0375 0.06
0 0.755 0.5125 0.02625 0.05875
0 0.66875 0.76125 0.0625 0.06875
0 0.7275 0.745 0.05375 0.0375
0 0.78 0.735 0.05125 0.06125
0 0.81875 0.7275 0.02375 0.04625
0 0.845 0.7225 0.0225 0.05375
0 0.23 0.72125 0.0825 0.04125
0 0.60375 0.77375 0.06625 0.04875
0 0.1625 0.7825 0.07125 0.02875
0 0.315 0.71625 0.06875 0.05
0 0.31375 0.76 0.07625 0.025
0 0.38375 0.7425 0.06375 0.05125
0 0.44 0.7175 0.04125 0.06125
0 0.47875 0.715 0.03625 0.07125
0 0.51625 0.70875 0.0375 0.06125
0 0.235 0.7725 0.07375 0.04625
0 0.555 0.69875 0.035 0.06875
0 0.53625 0.7875 0.07 0.08
0 0.3825 0.8475 0.075 0.06
0 0.78375 0.5075 0.02875 0.04875
0 0.1775 0.9675 0.0575 0.05125
0 0.23125 0.965 0.04625 0.05625
0 0.2775 0.96625 0.03875 0.0625
0 0.32375 0.95625 0.045 0.07875
0 0.4775 0.9125 0.0875 0.05375
0 0.46 0.805 0.075 0.0675
0 0.56125 0.895 0.07875 0.0875
0 0.7025 0.8575 0.0675 0.0825
0 0.765 0.8375 0.055 0.04375
0 0.82125 0.8225 0.05625 0.07
0 0.1625 0.89625 0.07125 0.04125
0 0.2375 0.885 0.0725 0.05625
0 0.31 0.86375 0.06875 0.02875
0 0.63625 0.875 0.06375 0.05
0 0.59125 0.69375 0.035 0.05875
0 0.52875 0.24375 0.03375 0.07375
0 0.66125 0.68 0.0325 0.05375
0 0.86 0.57625 0.02375 0.055
0 0.19 0.6075 0.05125 0.09625
0 0.24375 0.60375 0.05 0.08875
0 0.29375 0.60625 0.04625 0.085
0 0.385 0.59875 0.04 0.07875
0 0.44 0.53375 0.04 0.0625
0 0.835 0.57875 0.02375 0.04875
0 0.48375 0.53125 0.0425 0.06125
0 0.59375 0.52125 0.035 0.0575
0 0.62875 0.52 0.035 0.06125
0 0.66125 0.5175 0.03 0.05625
0 0.69375 0.515 0.03375 0.0625
0 0.72625 0.5125 0.02875 0.0575
0 0.6275 0.6875 0.03375 0.06875
0 0.52375 0.53 0.03625 0.065
0 0.80875 0.5825 0.03 0.05625
0 0.3425 0.60125 0.045 0.07375
0 0.75125 0.59 0.02625 0.06125
0 0.7225 0.67125 0.03125 0.0525
0 0.78125 0.58625 0.025 0.05
0 0.75375 0.6675 0.03125 0.06
0 0.80875 0.65375 0.0275 0.05625
0 0.8375 0.65 0.025 0.0475
0 0.4375 0.62625 0.045 0.0675
0 0.48125 0.6225 0.03625 0.0775
0 0.8625 0.6475 0.02375 0.05375
0 0.55625 0.6125 0.0325 0.075
0 0.6925 0.675 0.02875 0.0625
0 0.59125 0.6075 0.03625 0.065
0 0.62625 0.60375 0.0325 0.07125
0 0.66125 0.5975 0.035 0.0575
0 0.69125 0.59625 0.02625 0.0625
0 0.72125 0.5925 0.02875 0.05625
0 0.52 0.61625 0.0375 0.06625