0 0.2 0.8975 0.13125 0.02125
0 0.8125 0.85375 0.125 0.0225
0 0.81125 0.82625 0.12375 0.0225
0 0.81375 0.79875 0.12125 0.02625
0 0.6775 0.90875 0.12625 0.02625
0 0.68 0.88 0.12625 0.0225
0 0.6825 0.85625 0.13 0.02375
0 0.68125 0.83 0.12625 0.02375
0 0.685 0.8025 0.12875 0.02375
0 0.5625 0.9125 0.0975 0.01625
0 0.5625 0.89 0.1025 0.02125
0 0.56 0.865 0.09875 0.02375
0 0.55875 0.84 0.1025 0.02
0 0.56 0.8125 0.10875 0.0275
0 0.44875 0.91375 0.12 0.02
0 0.44625 0.8925 0.12375 0.01875
0 0.4475 0.86375 0.12 0.03
0 0.33125 0.91875 0.11125 0.01875
0 0.325 0.8975 0.1125 0.01875
0 0.3225 0.875 0.1125 0.02125
0 0.67375 0.7025 0.13375 0.02375
0 0.32375 0.82125 0.12375 0.03
0 0.81625 0.13625 0.1175 0.0325
0 0.8125 0.17125 0.12375 0.03125
0 0.16125 0.31125 0.07 0.03
0 0.16375 0.34375 0.07375 0.03125
0 0.16625 0.37625 0.07625 0.03
0 0.265 0.255 0.12625 0.0225
0 0.8125 0.8775 0.125 0.0175
0 0.2725 0.28625 0.10875 0.03
0 0.81 0.905 0.12875 0.025
0 0.81875 0.065 0.1125 0.0325
0 0.67125 0.73 0.1325 0.02625
0 0.8125 0.62625 0.125 0.0425
0 0.8125 0.67 0.125 0.03125
0 0.8125 0.7 0.125 0.02625
0 0.80875 0.7325 0.13125 0.02875
0 0.19 0.825 0.12625 0.03375
0 0.19375 0.85375 0.1325 0.0175
0 0.19625 0.875 0.135 0.02
0 0.20375 0.92 0.12875 0.02125
0 0.16875 0.10125 0.0825 0.04
0 0.16875 0.145 0.085 0.0375
0 0.17125 0.1875 0.09 0.04
0 0.27875 0.1275 0.125 0.02375
0 0.28125 0.1575 0.125 0.0275
0 0.28625 0.18625 0.12625 0.02875
0 0.4075 0.0725 0.14 0.03375
0 0.41375 0.11 0.1325 0.03125
0 0.415 0.145 0.135 0.03
0 0.41625 0.1825 0.13375 0.03375
0 0.54625 0.06875 0.1325 0.03125
0 0.54875 0.10375 0.12625 0.0325
0 0.5475 0.14 0.12375 0.0325
0 0.54875 0.17625 0.1225 0.03375
0 0.6875 0.06875 0.14375 0.0325
0 0.68375 0.10375 0.1375 0.03125
0 0.685 0.13875 0.14 0.03
0 0.68125 0.175 0.13375 0.035
0 0.81875 0.10125 0.1125 0.03125
0 0.26625 0.3275 0.125 0.03375
0 0.32125 0.85125 0.11875 0.02125
0 0.395 0.27 0.13125 0.02875
0 0.67375 0.5075 0.14 0.03125
0 0.66875 0.53875 0.14 0.0275
0 0.81 0.42875 0.12875 0.035
0 0.675 0.67375 0.13625 0.03
0 0.6775 0.64375 0.14 0.0275
0 0.67375 0.60875 0.14625 0.03875
0 0.545 0.73625 0.11 0.02375
0 0.27125 0.36625 0.12125 0.035
0 0.54625 0.68 0.11875 0.02375
0 0.545 0.6475 0.115 0.03625
0 0.42625 0.7375 0.12625 0.03125
0 0.42375 0.71 0.12375 0.02
0 0.4225 0.68375 0.1225 0.025
0 0.4225 0.65625 0.125 0.0275
0 0.42 0.62125 0.12 0.04
0 0.2875 0.74125 0.14625 0.03
0 0.285 0.71 0.1475 0.025
0 0.2825 0.6775 0.15375 0.02875
0 0.27875 0.63875 0.15125 0.03375
0 0.16875 0.74625 0.0875 0.025
0 0.16625 0.71625 0.0825 0.02875
0 0.165 0.6875 0.08 0.02375
0 0.16375 0.6625 0.075 0.0275
0 0.16125 0.62875 0.06875 0.0325
0 0.81 0.53125 0.13 0.02875
0 0.81125 0.5 0.12625 0.0275
0 0.81125 0.46625 0.1275 0.03125
0 0.6725 0.47375 0.14625 0.03375
0 0.66875 0.4375 0.1475 0.03375
0 0.545 0.7075 0.11125 0.0275
0 0.53875 0.5125 0.1225 0.02375
0 0.53 0.33125 0.12 0.0275
0 0.66875 0.2875 0.1475 0.03125
0 0.52875 0.29625 0.12125 0.03125
0 0.5275 0.26375 0.12375 0.03
0 0.5375 0.54125 0.11875 0.0275
0 0.40125 0.36625 0.1325 0.03
0 0.4 0.33625 0.135 0.0275
0 0.3975 0.3025 0.13 0.03
0 0.6675 0.32 0.1425 0.03
0 0.6675 0.25125 0.15 0.0325
0 0.81 0.2775 0.12875 0.03375
0 0.80875 0.315 0.1325 0.0325
0 0.8075 0.3525 0.1325 0.03125
0 0.6675 0.355 0.1375 0.035
0 0.1575 0.48 0.0625 0.025
0 0.535 0.48125 0.1225 0.0275
0 0.5325 0.44875 0.1175 0.03875
0 0.4125 0.545 0.12625 0.03125
0 0.41 0.515 0.12875 0.02875
0 0.155 0.45375 0.0575 0.025
0 0.40875 0.4875 0.125 0.02375
0 0.2725 0.5475 0.1425 0.03
0 0.2675 0.51125 0.1525 0.03125
0 0.16 0.555 0.07 0.025
0 0.15625 0.53125 0.06125 0.025
0 0.15375 0.50625 0.055 0.0225
0 0.4 0.45625 0.14 0.03125
0 0.53 0.36375 0.11625 0.03125