0 0.26 0.17375 0.0325 0.1075
0 0.2275 0.185 0.0275 0.08875
0 0.19625 0.17375 0.03125 0.11125
0 0.15375 0.175 0.03625 0.1
0 0.3625 0.17625 0.03375 0.1025
0 0.84 0.88125 0.03875 0.1175
0 0.32875 0.17375 0.0325 0.105
0 0.8325 0.62625 0.0625 0.02375
0 0.8375 0.5775 0.06375 0.06625
0 0.84125 0.7275 0.03125 0.1275
0 0.8125 0.73 0.02625 0.1275
0 0.29375 0.17 0.0325 0.10875
0 0.39875 0.16875 0.0325 0.1125
0 0.73625 0.92375 0.035 0.07875
0 0.7 0.9275 0.03375 0.08125
0 0.485 0.8125 0.03375 0.0925
0 0.45 0.8125 0.03625 0.09
0 0.4125 0.81375 0.0375 0.0925
0 0.37125 0.815 0.03625 0.0875
0 0.33125 0.81875 0.03875 0.09
0 0.28625 0.815 0.04 0.08125
0 0.2475 0.815 0.03875 0.08125
0 0.20375 0.81625 0.0375 0.085
0 0.16375 0.81625 0.0375 0.08375
0 0.14 0.9425 0.03 0.085
0 0.17625 0.94 0.0375 0.0875
0 0.2125 0.9325 0.03125 0.08
0 0.24625 0.945 0.03375 0.05625
0 0.2825 0.93375 0.035 0.08125
0 0.315 0.9425 0.02875 0.065
0 0.59125 0.56125 0.03625 0.0875
0 0.3825 0.93375 0.03625 0.07375
0 0.4525 0.92875 0.0325 0.075
0 0.4875 0.92875 0.03625 0.07875
0 0.5225 0.9275 0.03125 0.08
0 0.5575 0.9275 0.03625 0.08125
0 0.5975 0.9275 0.035 0.08125
0 0.66625 0.9275 0.0325 0.0825
0 0.7725 0.9225 0.035 0.07375
0 0.3475 0.93625 0.03125 0.07375
0 0.62625 0.5625 0.0325 0.08625
0 0.16875 0.6925 0.04375 0.0875
0 0.6525 0.30875 0.0475 0.08625
0 0.7 0.30625 0.04 0.09
0 0.74 0.305 0.04125 0.08875
0 0.78375 0.31 0.045 0.08125
0 0.78875 0.18625 0.0375 0.065
0 0.755 0.18125 0.025 0.075
0 0.72375 0.18125 0.035 0.07625
0 0.685 0.185 0.04125 0.0725
0 0.64375 0.185 0.03375 0.07
0 0.60625 0.1875 0.03875 0.06875
0 0.57 0.1875 0.0325 0.07
0 0.53125 0.18625 0.03875 0.0725
0 0.6075 0.31625 0.04125 0.07625
0 0.49625 0.16625 0.025 0.11375
0 0.4325 0.16875 0.02875 0.1125
0 0.555 0.5625 0.03625 0.0875
0 0.515 0.5625 0.0375 0.0875
0 0.47625 0.5625 0.03625 0.09375
0 0.43125 0.57125 0.0375 0.0875
0 0.39375 0.56875 0.0375 0.0925
0 0.3525 0.5675 0.03625 0.08375
0 0.30625 0.56875 0.0425 0.08
0 0.2575 0.5675 0.03875 0.0875
0 0.215 0.57 0.0425 0.09
0 0.17125 0.57125 0.0375 0.08625
0 0.2175 0.695 0.04125 0.08375
0 0.465 0.16875 0.02875 0.11375
0 0.56375 0.3125 0.04375 0.0825
0 0.52 0.315 0.04375 0.0875
0 0.47625 0.315 0.04375 0.08625
0 0.665 0.56375 0.03625 0.08125
0 0.70875 0.56625 0.03625 0.06375
0 0.74625 0.56625 0.0375 0.0675
0 0.785 0.56625 0.035 0.06625
0 0.7825 0.4375 0.0325 0.08
0 0.74375 0.43875 0.0375 0.07625
0 0.70375 0.4375 0.03375 0.0775
0 0.66875 0.43875 0.0325 0.07375
0 0.635 0.43875 0.03125 0.075
0 0.59625 0.44125 0.04 0.08
0 0.555 0.44125 0.04 0.07875
0 0.5125 0.44375 0.0425 0.0775
0 0.46875 0.445 0.04125 0.0775
0 0.42625 0.44625 0.0425 0.0775
0 0.38375 0.4425 0.04 0.08625
0 0.34 0.44375 0.03875 0.08875
0 0.295 0.44125 0.03875 0.0875
0 0.2525 0.44 0.04125 0.08875
0 0.20625 0.4475 0.04375 0.08375
0 0.16125 0.44625 0.0475 0.085
0 0.155 0.32375 0.04125 0.0775
0 0.205 0.3225 0.045 0.07625
0 0.25 0.31875 0.04625 0.0825
0 0.3025 0.31375 0.05 0.07875
0 0.3475 0.315 0.03875 0.0775
0 0.38875 0.315 0.04375 0.08125
0 0.43375 0.31625 0.04 0.0875
0 0.25875 0.69125 0.0375 0.07625
0 0.31375 0.68625 0.0375 0.085
0 0.74125 0.6825 0.03125 0.08125
0 0.4 0.68375 0.03875 0.08375
0 0.3575 0.6875 0.04125 0.0825
0 0.525 0.81125 0.03375 0.08625
0 0.56125 0.81125 0.0325 0.09
0 0.59625 0.81 0.0325 0.0825
0 0.6325 0.8075 0.0375 0.08375
0 0.6675 0.8075 0.03375 0.08125
0 0.7 0.80625 0.02875 0.07875
0 0.7375 0.805 0.04125 0.08125
0 0.775 0.8025 0.0325 0.08875
0 0.7075 0.685 0.0325 0.0825
0 0.66875 0.685 0.03875 0.08375
0 0.63125 0.68375 0.03125 0.0875
0 0.59625 0.6875 0.03625 0.08125
0 0.77875 0.68 0.03875 0.08
0 0.48 0.69 0.03125 0.09125
0 0.4425 0.69 0.04 0.09375
0 0.55875 0.6875 0.03625 0.0775
0 0.5175 0.6875 0.0375 0.09125