0 0.325 0.23625 0.02875 0.0625
0 0.35875 0.235 0.035 0.06
0 0.39625 0.235 0.03625 0.0575
0 0.6675 0.245 0.02875 0.04875
0 0.43375 0.23625 0.0375 0.05875
0 0.54125 0.24 0.03125 0.04375
0 0.50875 0.23625 0.0325 0.05875
0 0.5725 0.23625 0.03125 0.05
0 0.6075 0.23875 0.0375 0.05375
0 0.64 0.2425 0.025 0.04625
0 0.29625 0.255 0.0275 0.02625
0 0.47125 0.23625 0.0375 0.05875
0 0.2575 0.255 0.0375 0.0375
0 0.55375 0.14125 0.03375 0.07
0 0.22875 0.24625 0.0175 0.04875
0 0.75375 0.13 0.05375 0.085
0 0.675 0.12875 0.07125 0.08875
0 0.6225 0.14 0.03 0.07
0 0.59 0.14125 0.0325 0.06875
0 0.51875 0.14125 0.03125 0.06875
0 0.475 0.1375 0.05625 0.075
0 0.415 0.1375 0.0625 0.07375
0 0.355 0.13625 0.0575 0.07625
0 0.30375 0.1475 0.03125 0.05875
0 0.27625 0.14625 0.02 0.06
0 0.25125 0.145 0.0275 0.06
0 0.22875 0.14375 0.01625 0.06375
0 0.7225 0.23625 0.08125 0.06625
0 0.25375 0.2175 0.03125 0.03125
0 0.24625 0.335 0.01875 0.06125
0 0.49125 0.34625 0.0225 0.0625
0 0.295 0.3375 0.02875 0.05
0 0.68625 0.65125 0.025 0.0775
0 0.66125 0.65 0.02 0.0775
0 0.62625 0.655 0.03375 0.05
0 0.58625 0.6525 0.03125 0.0475
0 0.55125 0.655 0.03625 0.05125
0 0.5175 0.6525 0.03125 0.055
0 0.48875 0.65125 0.0275 0.05375
0 0.4575 0.65125 0.03125 0.05625
0 0.425 0.65 0.03375 0.055
0 0.39375 0.65 0.03 0.055
0 0.36125 0.65 0.03125 0.055
0 0.325 0.65 0.035 0.0575
0 0.27125 0.65125 0.0725 0.0725
0 0.755 0.57125 0.0275 0.05125
0 0.72875 0.5725 0.025 0.05125
0 0.70125 0.57125 0.02625 0.05
0 0.67625 0.57 0.02375 0.05125
0 0.70875 0.65 0.02 0.07625
0 0.64625 0.5575 0.02875 0.05
0 0.73125 0.6525 0.0225 0.08
0 0.325 0.75625 0.0325 0.07125
0 0.76 0.7575 0.02375 0.085
0 0.74 0.7525 0.01125 0.08
0 0.72375 0.76125 0.02125 0.08
0 0.70125 0.7625 0.02 0.075
0 0.68375 0.77125 0.00875 0.0425
0 0.67 0.7725 0.015 0.0425
0 0.65125 0.775 0.02375 0.04625
0 0.61875 0.7525 0.04125 0.08875
0 0.58125 0.7575 0.03125 0.07
0 0.55125 0.75875 0.02875 0.07
0 0.52 0.76125 0.03 0.07375
0 0.48875 0.76125 0.03 0.07125
0 0.44875 0.8125 0.00875 0.005
0 0.455 0.75875 0.03375 0.07125
0 0.42125 0.76 0.03 0.0725
0 0.39 0.75875 0.0325 0.07375
0 0.35875 0.7575 0.02875 0.06875
0 0.265 0.75625 0.075 0.0725
0 0.61125 0.5575 0.02625 0.05
0 0.57875 0.55625 0.02625 0.0475
0 0.54625 0.555 0.03 0.05375
0 0.25375 0.44625 0.03125 0.04125
0 0.22875 0.44625 0.01875 0.0475
0 0.22625 0.32625 0.01375 0.07125
0 0.7375 0.3375 0.08375 0.0725
0 0.6625 0.3375 0.0675 0.07125
0 0.61125 0.31125 0.025 0.025
0 0.58625 0.31125 0.02375 0.025
0 0.61625 0.3525 0.025 0.0575
0 0.59125 0.3525 0.025 0.05875
0 0.56625 0.35 0.02625 0.055
0 0.54 0.34625 0.0225 0.0625
0 0.51625 0.34375 0.02375 0.05875
0 0.4675 0.3575 0.02375 0.045
0 0.4375 0.35125 0.03125 0.0575
0 0.40375 0.35 0.03625 0.06125
0 0.36625 0.35125 0.0375 0.06375
0 0.33125 0.3525 0.03125 0.065
0 0.2825 0.44 0.025 0.0525
0 0.30875 0.44 0.025 0.05375
0 0.34 0.4525 0.02875 0.0525
0 0.37375 0.4525 0.03375 0.05125
0 0.50375 0.5525 0.03375 0.05
0 0.43875 0.555 0.03625 0.04875
0 0.40375 0.555 0.0325 0.05
0 0.37 0.555 0.03375 0.05375
0 0.335 0.55625 0.03375 0.0525
0 0.305 0.54875 0.025 0.0425
0 0.27875 0.54625 0.02625 0.04125
0 0.25375 0.5475 0.02 0.0425
0 0.2675 0.34125 0.02125 0.04875
0 0.23 0.5475 0.01875 0.04625
0 0.7475 0.47125 0.025 0.055
0 0.715 0.46875 0.03125 0.05
0 0.68 0.4675 0.03375 0.05375
0 0.58 0.4525 0.03 0.05125
0 0.54625 0.45125 0.035 0.05
0 0.5125 0.45125 0.03 0.0475
0 0.44 0.4525 0.0325 0.05125
0 0.4075 0.4525 0.03125 0.05125
0 0.77 0.47125 0.02 0.0525
0 0.47125 0.5525 0.02875 0.05