0 0.63625 0.53125 0.06125 0.065
0 0.27875 0.45125 0.07 0.0525
0 0.495 0.545 0.06875 0.045
0 0.275 0.4125 0.07 0.025
0 0.34875 0.41625 0.0725 0.025
0 0.19875 0.41125 0.08 0.02625
0 0.4225 0.415 0.0725 0.02625
0 0.42875 0.455 0.06875 0.05
0 0.5 0.46 0.07375 0.04625
0 0.575 0.46125 0.07 0.0475
0 0.49875 0.42125 0.07 0.02875
0 0.42375 0.545 0.06875 0.04375
0 0.425 0.50625 0.07 0.03125
0 0.35375 0.505 0.07 0.03125
0 0.20125 0.45125 0.07625 0.05125
0 0.2825 0.50125 0.07 0.03
0 0.57125 0.42375 0.07375 0.02625
0 0.645 0.45 0.065 0.07
0 0.71125 0.45 0.065 0.06875
0 0.775 0.45125 0.06 0.07
0 0.84 0.45125 0.06875 0.06875
0 0.905 0.4525 0.0575 0.06875
0 0.96625 0.4525 0.0625 0.06875
0 0.20625 0.36 0.07625 0.04875
0 0.21 0.3175 0.075 0.03375
0 0.35375 0.7075 0.065 0.0425
0 0.355 0.545 0.07 0.045
0 0.95875 0.53625 0.06375 0.0625
0 0.35375 0.67125 0.07 0.02375
0 0.42625 0.76 0.0575 0.0425
0 0.5675 0.545 0.07375 0.04375
0 0.36125 0.76 0.06875 0.04625
0 0.56125 0.5075 0.06875 0.02625
0 0.69875 0.53125 0.06 0.06625
0 0.4925 0.50625 0.06375 0.03
0 0.7625 0.53375 0.06375 0.0675
0 0.82875 0.53375 0.065 0.06625
0 0.9875 0.27125 0.025 0.07125
0 0.94125 0.27 0.065 0.0725
0 0.875 0.2675 0.06375 0.07625
0 0.8075 0.2675 0.07 0.07375
0 0.74 0.265 0.06125 0.0775
0 0.48875 0.76 0.0625 0.04125
0 0.55625 0.75875 0.06625 0.04125
0 0.65375 0.76125 0.0575 0.04375
0 0.71625 0.76125 0.06125 0.0425
0 0.64875 0.695 0.065 0.065
0 0.715 0.695 0.06 0.0625
0 0.4925 0.67125 0.065 0.025
0 0.55875 0.6725 0.0675 0.0275
0 0.55875 0.70625 0.07 0.03875
0 0.49 0.705 0.06625 0.03875
0 0.21625 0.67 0.06875 0.02625
0 0.2175 0.70625 0.06625 0.045
0 0.42375 0.6725 0.0675 0.02625
0 0.28625 0.705 0.06625 0.04625
0 0.285 0.67 0.065 0.0225
0 0.89375 0.535 0.06125 0.065
0 0.4225 0.70625 0.0675 0.03875
0 0.4925 0.59125 0.07 0.02625
0 0.49125 0.6275 0.0675 0.045
0 0.67375 0.26375 0.07 0.07875
0 0.5975 0.2325 0.07875 0.055
0 0.51625 0.23 0.07875 0.05375
0 0.59625 0.2825 0.08 0.04125
0 0.51625 0.27875 0.07 0.0375
0 0.44125 0.2775 0.07875 0.04
0 0.4375 0.2275 0.07625 0.05625
0 0.3625 0.2675 0.07125 0.05125
0 0.36 0.21875 0.075 0.0425
0 0.28 0.22125 0.08125 0.05375
0 0.28625 0.2725 0.0775 0.0425
0 0.19625 0.26625 0.08375 0.03875
0 0.36375 0.36625 0.07 0.05125
0 0.195 0.21625 0.085 0.05375
0 0.92375 0.365 0.0625 0.07125
0 0.85875 0.36375 0.065 0.07375
0 0.7925 0.3625 0.06375 0.0725
0 0.725 0.3625 0.0675 0.07375
0 0.65625 0.36125 0.065 0.07375
0 0.58625 0.37625 0.07125 0.03625
0 0.585 0.3375 0.07125 0.03625
0 0.36125 0.32375 0.07125 0.0325
0 0.50875 0.3275 0.0725 0.0325
0 0.51125 0.37 0.07 0.05125
0 0.43625 0.36875 0.07375 0.04375
0 0.435 0.3275 0.07125 0.0375
0 0.9775 0.365 0.0425 0.0725
0 0.28625 0.3625 0.075 0.04375
0 0.28625 0.32125 0.07375 0.03625
0 0.28375 0.5425 0.07 0.04875
0 0.56 0.62875 0.0675 0.0425
0 0.56125 0.5925 0.065 0.0275
0 0.4225 0.59 0.0675 0.0225
0 0.21 0.59125 0.0675 0.02625
0 0.20875 0.6275 0.07375 0.04
0 0.28 0.62375 0.0675 0.045
0 0.28 0.58875 0.06875 0.0225
0 0.35125 0.59125 0.07125 0.02625
0 0.3525 0.62625 0.0725 0.04125
0 0.64 0.61625 0.0675 0.06875
0 0.70875 0.615 0.065 0.07125
0 0.775 0.615 0.06375 0.07375
0 0.84125 0.61875 0.06 0.06875
0 0.90125 0.6175 0.05625 0.06875
0 0.9625 0.6175 0.06 0.0675
0 0.7725 0.695 0.0525 0.0625
0 0.8275 0.69625 0.055 0.06125
0 0.8825 0.695 0.05 0.0575
0 0.94 0.6975 0.06375 0.0625
0 0.98625 0.69625 0.02625 0.06125
0 0.7725 0.76125 0.05125 0.04
0 0.82625 0.76 0.0525 0.0375
0 0.88125 0.7625 0.05375 0.03875
0 0.94 0.7625 0.06 0.04125
0 0.98625 0.7625 0.0275 0.04125
0 0.2075 0.50125 0.08125 0.03375
0 0.21 0.5425 0.0725 0.04375
0 0.4225 0.625 0.06625 0.0475
0 0.355 0.455 0.075 0.05
0 0.225 0.75875 0.06625 0.04375
0 0.2925 0.76125 0.06625 0.045