0 0.35875 0.33 0.0325 0.08625
0 0.66 0.2 0.03125 0.0825
0 0.69375 0.2 0.03125 0.08375
0 0.73 0.20125 0.035 0.085
0 0.76625 0.2025 0.0325 0.0825
0 0.80375 0.20125 0.035 0.08375
0 0.14 0.32625 0.03125 0.08125
0 0.175 0.325 0.03125 0.08
0 0.21125 0.325 0.0325 0.085
0 0.24875 0.32875 0.03125 0.085
0 0.32125 0.3275 0.02875 0.085
0 0.62375 0.2 0.0325 0.0875
0 0.84125 0.20125 0.0325 0.085
0 0.5925 0.18375 0.025 0.115
0 0.16375 0.18 0.0275 0.1025
0 0.53375 0.18375 0.0225 0.115
0 0.50625 0.18375 0.0275 0.1125
0 0.47625 0.18375 0.02625 0.10875
0 0.4425 0.1825 0.02875 0.11375
0 0.41 0.1825 0.02625 0.1125
0 0.3775 0.17875 0.02875 0.1175
0 0.345 0.18125 0.02875 0.1125
0 0.31125 0.17875 0.02375 0.11625
0 0.285 0.17625 0.025 0.11125
0 0.2575 0.17625 0.02875 0.115
0 0.2225 0.1825 0.03125 0.0975
0 0.34375 0.8525 0.0275 0.06375
0 0.76 0.5925 0.03 0.06
0 0.725 0.5925 0.02625 0.05625
0 0.5625 0.18375 0.02625 0.1175
0 0.40125 0.3325 0.03 0.08125
0 0.54625 0.4625 0.03 0.0775
0 0.47625 0.3325 0.0325 0.08
0 0.745 0.4675 0.03 0.07375
0 0.77625 0.46875 0.0275 0.0725
0 0.81 0.4675 0.0275 0.0725
0 0.84 0.46875 0.0275 0.07125
0 0.86625 0.4675 0.0175 0.07
0 0.135 0.5775 0.01875 0.06875
0 0.165 0.58 0.02375 0.07125
0 0.19875 0.58375 0.0375 0.06625
0 0.23625 0.58 0.02625 0.06625
0 0.34375 0.5825 0.025 0.07375
0 0.37375 0.58375 0.025 0.07
0 0.40625 0.5825 0.02625 0.06875
0 0.435 0.5825 0.02625 0.06875
0 0.46875 0.58375 0.03125 0.06875
0 0.5025 0.59 0.02625 0.0575
0 0.5325 0.59 0.03125 0.055
0 0.56375 0.59125 0.02625 0.055
0 0.595 0.59 0.0325 0.06
0 0.6275 0.5925 0.02625 0.05625
0 0.66 0.59375 0.03 0.0575
0 0.6925 0.5925 0.03125 0.06
0 0.7125 0.46625 0.02625 0.075
0 0.68125 0.46625 0.02875 0.07375
0 0.6475 0.465 0.0375 0.07375
0 0.61375 0.465 0.03 0.075
0 0.51375 0.33625 0.0325 0.0825
0 0.55375 0.335 0.03875 0.0825
0 0.59 0.335 0.02875 0.08375
0 0.6225 0.3325 0.0325 0.08125
0 0.66 0.335 0.03375 0.07625
0 0.6975 0.335 0.0325 0.0825
0 0.73125 0.33625 0.02875 0.0825
0 0.7675 0.3375 0.0325 0.0825
0 0.8025 0.33875 0.03 0.085
0 0.83875 0.33875 0.03 0.08125
0 0.4425 0.33375 0.03125 0.08125
0 0.865 0.34 0.01875 0.08625
0 0.16875 0.4575 0.02625 0.07625
0 0.2025 0.4575 0.0275 0.07625
0 0.23375 0.4575 0.02625 0.07375
0 0.385 0.4625 0.02875 0.0775
0 0.41625 0.46375 0.02875 0.0725
0 0.45125 0.465 0.03125 0.075
0 0.48375 0.46375 0.02875 0.07375
0 0.51625 0.46375 0.0275 0.0775
0 0.8625 0.85875 0.02375 0.0625
0 0.58 0.46625 0.035 0.0725
0 0.13625 0.4575 0.0225 0.07625
0 0.83375 0.8575 0.02875 0.06125
0 0.64875 0.85875 0.02625 0.06125
0 0.7725 0.85875 0.0275 0.0575
0 0.67 0.71625 0.0275 0.06625
0 0.6 0.70875 0.03 0.0725
0 0.56875 0.71 0.0275 0.07625
0 0.5375 0.715 0.02875 0.065
0 0.50375 0.7075 0.025 0.08125
0 0.45 0.7075 0.025 0.07625
0 0.41875 0.71 0.02125 0.075
0 0.395 0.7075 0.0225 0.07625
0 0.36625 0.70625 0.025 0.08125
0 0.335 0.70625 0.025 0.07625
0 0.30625 0.705 0.025 0.07625
0 0.27875 0.7025 0.0225 0.08625
0 0.2475 0.71125 0.02875 0.06875
0 0.21375 0.70875 0.0275 0.07
0 0.17875 0.70875 0.03125 0.065
0 0.80125 0.85875 0.025 0.05625
0 0.8525 0.59625 0.0225 0.05875
0 0.7 0.72 0.02625 0.06
0 0.7325 0.72 0.02875 0.06
0 0.76625 0.72875 0.02625 0.04625
0 0.79125 0.72625 0.02 0.04625
0 0.68 0.85875 0.02875 0.06
0 0.71125 0.85625 0.02875 0.0625
0 0.5875 0.85625 0.02625 0.05625
0 0.5575 0.8575 0.0225 0.0575
0 0.53125 0.85625 0.02625 0.06125
0 0.49875 0.855 0.03125 0.0625
0 0.46 0.84625 0.03625 0.07625
0 0.43 0.8425 0.02375 0.085
0 0.82375 0.59375 0.025 0.055
0 0.40125 0.8525 0.0275 0.06375
0 0.3125 0.8525 0.02875 0.0625
0 0.28125 0.85 0.02625 0.05875
0 0.2525 0.8525 0.02625 0.06375
0 0.22 0.85125 0.02875 0.06375
0 0.1875 0.8475 0.025 0.0625
0 0.15625 0.84875 0.02625 0.06
0 0.85375 0.72 0.03 0.06375
0 0.81875 0.72 0.02875 0.065
0 0.3725 0.8525 0.025 0.06625
0 0.79 0.595 0.03 0.05375
0 0.1475 0.7075 0.0275 0.0675
0 0.61875 0.85625 0.0275 0.06125
0 0.7425 0.85625 0.025 0.06375