0 0.23875 0.41375 0.02 0.07625
0 0.21625 0.415 0.02 0.0775
0 0.19375 0.41375 0.01875 0.08
0 0.16875 0.4125 0.02 0.08
0 0.1375 0.41 0.02375 0.075
0 0.78375 0.35 0.02 0.05
0 0.48125 0.42 0.04375 0.075
0 0.76 0.34875 0.02 0.05125
0 0.73375 0.34375 0.02625 0.055
0 0.26125 0.41375 0.01875 0.08125
0 0.69 0.34875 0.01625 0.0475
0 0.70875 0.345 0.01625 0.0575
0 0.53375 0.42 0.0425 0.0775
0 0.2825 0.41375 0.02 0.07875
0 0.60125 0.42125 0.015 0.07125
0 0.32875 0.415 0.02375 0.07625
0 0.35875 0.41625 0.02125 0.07625
0 0.3875 0.42 0.02 0.07375
0 0.41 0.41875 0.0225 0.07375
0 0.44 0.42 0.03375 0.0775
0 0.565 0.42 0.0175 0.07375
0 0.58375 0.42 0.0175 0.07375
0 0.61875 0.4225 0.015 0.07125
0 0.63625 0.42375 0.015 0.07125
0 0.6525 0.42375 0.015 0.07125
0 0.67 0.42375 0.015 0.07125
0 0.6875 0.42375 0.01375 0.07125
0 0.67375 0.3475 0.01125 0.04625
0 0.7025 0.42375 0.015 0.07125
0 0.3025 0.415 0.01875 0.07875
0 0.6575 0.3425 0.015 0.05625
0 0.73875 0.25 0.0475 0.08125
0 0.60625 0.34 0.01875 0.0575
0 0.7275 0.42625 0.02375 0.06625
0 0.14 0.23 0.02875 0.07875
0 0.1825 0.23125 0.04875 0.0775
0 0.2875 0.23625 0.04625 0.07875
0 0.3375 0.24 0.04625 0.0775
0 0.38875 0.24125 0.0475 0.07875
0 0.4375 0.24375 0.04625 0.0775
0 0.4875 0.24625 0.04625 0.075
0 0.535 0.245 0.045 0.0775
0 0.5875 0.24375 0.04875 0.0775
0 0.64 0.25 0.04625 0.0725
0 0.68875 0.25125 0.04625 0.07375
0 0.78875 0.2525 0.0425 0.0775
0 0.14875 0.32125 0.02 0.0725
0 0.17 0.32125 0.0175 0.07
0 0.19 0.3225 0.01875 0.07
0 0.2175 0.32625 0.0175 0.07375
0 0.58375 0.34 0.01875 0.05375
0 0.55 0.33 0.045 0.07375
0 0.4775 0.33125 0.05 0.07125
0 0.4375 0.33125 0.02 0.07
0 0.4175 0.33 0.0175 0.07125
0 0.39625 0.3275 0.0175 0.07125
0 0.64 0.34125 0.015 0.0575
0 0.3775 0.3275 0.0175 0.0725
0 0.335 0.32875 0.01875 0.06875
0 0.315 0.32875 0.0175 0.06875
0 0.295 0.32625 0.01625 0.0725
0 0.275 0.325 0.01625 0.0725
0 0.25625 0.325 0.0175 0.0725
0 0.23625 0.32375 0.01625 0.07125
0 0.355 0.32875 0.0175 0.07125
0 0.75625 0.4275 0.03 0.06375
0 0.47 0.615 0.0425 0.0775
0 0.1475 0.5075 0.0375 0.085
0 0.685 0.74375 0.06625 0.04375
0 0.605 0.765 0.085 0.0075
0 0.605 0.75625 0.0875 0.00625
0 0.605 0.7475 0.08875 0.00625
0 0.60375 0.7375 0.09 0.0075
0 0.60375 0.72875 0.08875 0.00625
0 0.6 0.72 0.0775 0.0075
0 0.53 0.75375 0.04875 0.00625
0 0.52875 0.745 0.05875 0.00625
0 0.5275 0.73625 0.05875 0.00625
0 0.52375 0.72875 0.05625 0.0075
0 0.76375 0.75375 0.085 0.0275
0 0.76375 0.72375 0.085 0.025
0 0.77875 0.855 0.02125 0.09375
0 0.75375 0.85625 0.02 0.09375
0 0.7325 0.85625 0.0225 0.09375
0 0.7075 0.85375 0.02 0.09125
0 0.68625 0.85625 0.01875 0.0925
0 0.66125 0.8675 0.02875 0.07375
0 0.4725 0.90625 0.08125 0.01125
0 0.46125 0.8725 0.0625 0.04625
0 0.39875 0.86 0.05875 0.04
0 0.37875 0.9025 0.07125 0.02
0 0.53 0.8225 0.0475 0.00875
0 0.30625 0.85625 0.06375 0.09875
0 0.535 0.85125 0.0475 0.00875
0 0.53375 0.87625 0.05125 0.00625
0 0.77 0.185 0.0475 0.04125
0 0.7225 0.18375 0.04375 0.04375
0 0.6725 0.185 0.0475 0.05
0 0.61875 0.18625 0.04375 0.0325
0 0.57375 0.18125 0.04125 0.0425
0 0.52625 0.1825 0.045 0.0425
0 0.4775 0.18375 0.045 0.04125
0 0.43125 0.1775 0.045 0.04375
0 0.3825 0.17375 0.0475 0.0475
0 0.33375 0.17375 0.04625 0.04625
0 0.28625 0.17375 0.045 0.03875
0 0.235 0.17125 0.045 0.0425
0 0.18625 0.1675 0.0475 0.04375
0 0.1425 0.16625 0.035 0.0425
0 0.61 0.90125 0.07125 0.00625
0 0.60875 0.89 0.07125 0.00625
0 0.60875 0.8825 0.07 0.00625
0 0.60875 0.87375 0.0725 0.00625
0 0.61 0.865 0.0725 0.00625
0 0.61 0.85375 0.07 0.00625
0 0.54375 0.905 0.05125 0.0075
0 0.53375 0.89375 0.05125 0.00625
0 0.53375 0.885 0.0525 0.00625
0 0.53625 0.8625 0.05 0.00875
0 0.78875 0.43 0.02875 0.06625
0 0.24 0.85625 0.05875 0.10125
0 0.47 0.72375 0.0475 0.09
0 0.39375 0.615 0.03125 0.09125
0 0.345 0.61875 0.05 0.08
0 0.29375 0.62125 0.0475 0.07375
0 0.245 0.615 0.04625 0.0825
0 0.1925 0.615 0.0475 0.085
0 0.14375 0.6175 0.03625 0.0875
0 0.7675 0.5175 0.0425 0.08125
0 0.725 0.51625 0.035 0.08
0 0.69375 0.51625 0.01875 0.08
0 0.67375 0.515 0.0175 0.08
0 0.65375 0.515 0.02 0.08
0 0.6325 0.515 0.02 0.08125
0 0.60625 0.52125 0.02625 0.0725
0 0.575 0.51125 0.02875 0.08375
0 0.53375 0.51375 0.045 0.08125
0 0.485 0.51375 0.04375 0.0825
0 0.4425 0.51375 0.03375 0.085
0 0.405 0.5125 0.0225 0.08125
0 0.37625 0.5125 0.02375 0.08125
0 0.33625 0.51 0.04875 0.08125
0 0.28375 0.51 0.05125 0.08125
0 0.235 0.5075 0.03625 0.085
0 0.1925 0.50875 0.04 0.085
0 0.42875 0.61625 0.03375 0.0875
0 0.18 0.8625 0.05 0.08875
0 0.53875 0.61625 0.05125 0.0925
0 0.59125 0.645 0.04 0.0275
0 0.41875 0.72625 0.04875 0.08125
0 0.365 0.7225 0.05 0.0875
0 0.31 0.7225 0.05 0.09125
0 0.25875 0.725 0.04625 0.09125
0 0.2075 0.725 0.0475 0.08625
0 0.15875 0.73 0.045 0.0875
0 0.645 0.65625 0.0425 0.00625
0 0.64625 0.6475 0.0425 0.00625
0 0.6475 0.63875 0.04125 0.0075
0 0.64625 0.63 0.0425 0.00625
0 0.6475 0.62125 0.04375 0.00625
0 0.6475 0.6125 0.04125 0.0075
0 0.6475 0.6025 0.0425 0.00875
0 0.6475 0.59375 0.04 0.00875
0 0.6475 0.58375 0.04375 0.00625
0 0.7 0.625 0.01625 0.01
0 0.68 0.625 0.01625 0.0125
0 0.69875 0.64625 0.01875 0.02875
0 0.6775 0.64625 0.0175 0.02625
0 0.7525 0.64625 0.08375 0.03
0 0.72125 0.60625 0.075 0.01
0 0.74125 0.62125 0.0625 0.01125
0 0.7275 0.59375 0.0825 0.0125
0 0.59125 0.61125 0.0425 0.02875
0 0.53 0.76375 0.06 0.00625
0 0.235 0.23625 0.04875 0.07875