0 0.30125 0.84625 0.07125 0.03875
0 0.3025 0.8025 0.07375 0.0375
0 0.3025 0.75625 0.08 0.0425
0 0.21875 0.75875 0.0725 0.0425
0 0.22375 0.80125 0.07375 0.03875
0 0.155 0.84625 0.05375 0.03875
0 0.22375 0.8475 0.07625 0.04375
0 0.15375 0.8 0.0525 0.04
0 0.1525 0.7525 0.04875 0.0475
0 0.855 0.72 0.03875 0.07375
0 0.38625 0.75875 0.0775 0.0375
0 0.545 0.19125 0.04875 0.0775
0 0.38125 0.80375 0.07625 0.03375
0 0.57 0.6675 0.04 0.07875
0 0.81 0.7175 0.04125 0.07625
0 0.4925 0.19 0.04375 0.0775
0 0.44 0.19 0.04875 0.08125
0 0.39 0.1925 0.04375 0.0825
0 0.2875 0.19125 0.06 0.07125
0 0.22375 0.1925 0.05875 0.06875
0 0.285 0.1075 0.06375 0.07375
0 0.22125 0.11 0.05875 0.0725
0 0.15875 0.18875 0.06375 0.075
0 0.43 0.63125 0.0725 0.04
0 0.505 0.6825 0.0725 0.0475
0 0.50875 0.6325 0.07125 0.045
0 0.61875 0.66875 0.045 0.075
0 0.66625 0.67125 0.0425 0.07375
0 0.715 0.6725 0.04375 0.07375
0 0.76375 0.67625 0.045 0.075
0 0.3425 0.19 0.04625 0.08375
0 0.59625 0.19125 0.05 0.08
0 0.6125 0.40375 0.07875 0.0425
0 0.71 0.1725 0.05875 0.1225
0 0.295 0.4475 0.07375 0.03875
0 0.29375 0.40125 0.07375 0.04125
0 0.16 0.42875 0.04 0.075
0 0.16375 0.5625 0.07 0.04875
0 0.17625 0.51125 0.03875 0.0375
0 0.32625 0.5125 0.0775 0.03625
0 0.325 0.5625 0.07 0.04875
0 0.40625 0.5625 0.075 0.04375
0 0.405 0.51625 0.0725 0.035
0 0.485 0.5175 0.075 0.03875
0 0.485 0.565 0.0725 0.0475
0 0.3725 0.4475 0.07375 0.0425
0 0.5475 0.55 0.04125 0.07375
0 0.64125 0.5525 0.0425 0.07875
0 0.69 0.5525 0.0375 0.085
0 0.73125 0.55125 0.035 0.08125
0 0.77375 0.55 0.0375 0.08875
0 0.81375 0.61 0.02875 0.08875
0 0.8275 0.475 0.05625 0.07875
0 0.1875 0.67625 0.0725 0.04375
0 0.2675 0.6775 0.07625 0.04625
0 0.26875 0.62875 0.08 0.035
0 0.1875 0.63 0.07875 0.03625
0 0.35125 0.63125 0.08 0.03375
0 0.595 0.5525 0.0425 0.08
0 0.65125 0.17625 0.05375 0.12125
0 0.3725 0.40375 0.075 0.035
0 0.45 0.405 0.07375 0.03625
0 0.77375 0.1925 0.06375 0.08125
0 0.82 0.185 0.025 0.06875
0 0.865 0.185 0.01875 0.07875
0 0.1575 0.31375 0.045 0.075
0 0.29375 0.28375 0.07375 0.03875
0 0.29625 0.33 0.07625 0.04375
0 0.3775 0.33125 0.075 0.04625
0 0.3725 0.285 0.075 0.0375
0 0.45 0.28375 0.07125 0.04
0 0.4575 0.3325 0.0725 0.04875
0 0.53625 0.33125 0.07375 0.04625
0 0.4475 0.4475 0.07125 0.04125
0 0.53 0.2825 0.07875 0.04375
0 0.67625 0.29 0.04125 0.04125
0 0.7225 0.295 0.03875 0.035
0 0.7725 0.27875 0.04625 0.04625
0 0.76875 0.33 0.04375 0.04375
0 0.765 0.435 0.04 0.075
0 0.72375 0.43125 0.03375 0.0825
0 0.68375 0.43375 0.0375 0.08625
0 0.38125 0.85 0.0775 0.0375
0 0.60375 0.45 0.07875 0.04625
0 0.52625 0.45 0.075 0.04125
0 0.53125 0.40375 0.07 0.0425
0 0.61625 0.33125 0.07375 0.04875
0 0.4625 0.85 0.075 0.05
0 0.67125 0.84 0.03875 0.06875
0 0.42625 0.67875 0.0725 0.0425
0 0.3475 0.6775 0.0725 0.04125
0 0.72 0.7825 0.0425 0.04125
0 0.86375 0.345 0.0225 0.075
0 0.8175 0.28 0.0325 0.0475
0 0.8175 0.34625 0.03125 0.0675
0 0.83 0.83 0.08375 0.05625
0 0.44 0.97 0.04125 0.05875
0 0.7625 0.78125 0.03625 0.05875
0 0.39375 0.97 0.04375 0.0575
0 0.35125 0.965 0.03375 0.06875
0 0.29 0.96125 0.07375 0.07625
0 0.15 0.97125 0.04375 0.04625
0 0.14875 0.92 0.045 0.04375
0 0.2125 0.96 0.0675 0.0775
0 0.765 0.8475 0.035 0.06375
0 0.48375 0.9675 0.03875 0.065
0 0.72 0.84 0.0425 0.07375
0 0.57125 0.97125 0.04125 0.05625
0 0.67375 0.77875 0.0375 0.03875
0 0.62375 0.83875 0.0425 0.0675
0 0.62625 0.78 0.04125 0.03625
0 0.57625 0.775 0.04125 0.04
0 0.57625 0.83875 0.04375 0.075
0 0.5325 0.7525 0.02375 0.0525
0 0.52625 0.83625 0.03875 0.0725
0 0.46 0.79875 0.06875 0.04125
0 0.85875 0.92 0.0325 0.05875
0 0.8125 0.91625 0.045 0.06125
0 0.7575 0.97375 0.045 0.05125
0 0.71 0.97375 0.04125 0.0525
0 0.6625 0.9725 0.04125 0.05375
0 0.6175 0.97125 0.04625 0.05625
0 0.5275 0.96875 0.04125 0.0625