0 0.32 0.445 0.04625 0.04
0 0.3775 0.50125 0.04125 0.055
0 0.54625 0.945 0.0325 0.05875
0 0.3725 0.455 0.05375 0.0225
0 0.43125 0.5075 0.0375 0.055
0 0.4275 0.445 0.03375 0.04375
0 0.3325 0.4925 0.04875 0.0475
0 0.1725 0.47625 0.035 0.04
0 0.2075 0.4775 0.035 0.04
0 0.24875 0.48625 0.04 0.0425
0 0.285 0.49125 0.03125 0.04625
0 0.1475 0.29875 0.0375 0.0475
0 0.13875 0.47125 0.025 0.04
0 0.195 0.30625 0.03625 0.03625
0 0.165 0.34625 0.02375 0.035
0 0.1425 0.34125 0.02875 0.0325
0 0.5075 0.92125 0.04 0.0525
0 0.4575 0.92 0.04625 0.055
0 0.40375 0.90375 0.045 0.04875
0 0.3525 0.89125 0.04 0.0525
0 0.31375 0.8775 0.03125 0.045
0 0.65125 0.9675 0.05375 0.06375
0 0.56125 0.9 0.0375 0.03
0 0.51 0.8775 0.04875 0.03125
0 0.46375 0.8675 0.03875 0.05
0 0.43125 0.8625 0.0275 0.05
0 0.2225 0.44 0.045 0.04
0 0.2725 0.445 0.04 0.04125
0 0.48 0.31125 0.03375 0.0425
0 0.4875 0.36375 0.0225 0.04375
0 0.46125 0.3625 0.0275 0.0475
0 0.4175 0.36 0.04625 0.04625
0 0.3675 0.35625 0.045 0.0425
0 0.33375 0.35875 0.02625 0.02875
0 0.2675 0.36375 0.04875 0.0225
0 0.25875 0.315 0.0375 0.035
0 0.25 0.2825 0.03375 0.015
0 0.2275 0.3475 0.02875 0.03375
0 0.19625 0.34875 0.03 0.03625
0 0.58625 0.9525 0.03625 0.0575
0 0.21 0.575 0.0125 0.07875
0 0.18125 0.43375 0.03625 0.045
0 0.35375 0.83625 0.03625 0.05375
0 0.72125 0.84375 0.055 0.10625
0 0.52875 0.77875 0.05375 0.08375
0 0.825 0.36375 0.0525 0.11625
0 0.77375 0.3375 0.04 0.12125
0 0.7025 0.35625 0.05125 0.1025
0 0.64875 0.35625 0.04375 0.0875
0 0.605 0.34 0.0375 0.11875
0 0.56125 0.33625 0.04125 0.11125
0 0.52125 0.335 0.0325 0.12125
0 0.845 0.175 0.05875 0.1
0 0.78875 0.17625 0.0475 0.095
0 0.7425 0.16375 0.04375 0.12125
0 0.7175 0.7025 0.05125 0.11875
0 0.6575 0.16875 0.05375 0.105
0 0.5225 0.16625 0.055 0.12
0 0.44875 0.19375 0.01625 0.06
0 0.425 0.1975 0.02875 0.06
0 0.39875 0.2025 0.02125 0.04375
0 0.37625 0.2025 0.01875 0.0425
0 0.33375 0.1925 0.03375 0.0525
0 0.30125 0.195 0.0275 0.05375
0 0.265 0.2 0.04375 0.04125
0 0.22125 0.20125 0.04125 0.03875
0 0.26625 0.16 0.04 0.03875
0 0.21875 0.1625 0.04625 0.0375
0 0.1725 0.19125 0.03875 0.07
0 0.58125 0.1725 0.05125 0.11625
0 0.62125 0.67125 0.0525 0.135
0 0.47125 0.4975 0.03875 0.10625
0 0.5225 0.5075 0.0575 0.1
0 0.31 0.8225 0.03375 0.06
0 0.27375 0.81375 0.0325 0.055
0 0.2375 0.81 0.03875 0.06
0 0.47625 0.76 0.0425 0.0775
0 0.43 0.75 0.04875 0.07625
0 0.36875 0.7475 0.03625 0.09375
0 0.32875 0.74125 0.04375 0.105
0 0.29125 0.73375 0.0275 0.075
0 0.25375 0.71375 0.03875 0.10125
0 0.2175 0.68125 0.025 0.05125
0 0.45 0.63625 0.03125 0.12375
0 0.41875 0.635 0.03125 0.095
0 0.3425 0.61125 0.02875 0.0975
0 0.29875 0.59125 0.04625 0.0925
0 0.25375 0.59 0.02875 0.09
0 0.22625 0.58 0.0175 0.10375
0 0.15 0.42875 0.02375 0.04
0 0.19 0.5675 0.025 0.09125
0 0.1625 0.57 0.0225 0.08375
0 0.14 0.5675 0.02125 0.08875
0 0.54875 0.64875 0.0425 0.13125
0 0.49875 0.645 0.0575 0.14125
0 0.8175 0.52625 0.0425 0.105
0 0.75625 0.52125 0.06875 0.12625
0 0.6875 0.51 0.06 0.13625
0 0.63375 0.505 0.04 0.1225
0 0.5875 0.51125 0.055 0.10625
0 0.39625 0.84375 0.03375 0.04875