0 0.6025 0.45625 0.06125 0.0125
0 0.425 0.32125 0.06625 0.01375
0 0.36375 0.34 0.02375 0.09375
0 0.76625 0.13375 0.02875 0.01875
0 0.73625 0.145 0.02625 0.065
0 0.7075 0.14625 0.01875 0.06
0 0.275 0.15375 0.04375 0.04375
0 0.43875 0.7075 0.05 0.01375
0 0.76625 0.15375 0.03 0.01625
0 0.765 0.17 0.02875 0.0125
0 0.68875 0.145 0.01375 0.06375
0 0.48625 0.1575 0.08 0.03875
0 0.275 0.3375 0.0575 0.11
0 0.33625 0.34125 0.01875 0.09625
0 0.31875 0.34 0.01625 0.0975
0 0.405 0.44125 0.065 0.0175
0 0.43875 0.7275 0.05 0.01375
0 0.625 0.61375 0.05625 0.015
0 0.34625 0.8675 0.06375 0.0125
0 0.68625 0.80625 0.02625 0.0525
0 0.475 0.4225 0.0625 0.01375
0 0.475 0.43875 0.065 0.01375
0 0.47625 0.45625 0.0675 0.0125
0 0.60375 0.42125 0.06375 0.01625
0 0.6025 0.4375 0.0625 0.01625
0 0.625 0.62875 0.05625 0.015
0 0.625 0.6475 0.05625 0.015
0 0.6875 0.61625 0.05625 0.015
0 0.68625 0.63375 0.05625 0.015
0 0.49125 0.7075 0.05125 0.0125
0 0.4175 0.3375 0.065 0.01625
0 0.74875 0.65375 0.05625 0.015
0 0.74875 0.625 0.05625 0.015
0 0.74875 0.79375 0.06125 0.0275
0 0.74125 0.75625 0.05375 0.0125
0 0.74375 0.77125 0.055 0.01375
0 0.3825 0.80125 0.01625 0.05625
0 0.405 0.8025 0.01875 0.055
0 0.43875 0.80875 0.03125 0.04375
0 0.4725 0.8075 0.0325 0.04
0 0.5175 0.79875 0.015 0.06
0 0.535 0.7975 0.01375 0.05875
0 0.59625 0.80375 0.02625 0.0525
0 0.68625 0.65125 0.05625 0.015
0 0.4175 0.355 0.06375 0.0125
0 0.375 0.71 0.07875 0.01375
0 0.485 0.3725 0.06375 0.01625
0 0.44125 0.535 0.05625 0.0125
0 0.44 0.51875 0.055 0.01375
0 0.44125 0.5 0.0575 0.01375
0 0.38125 0.5375 0.05875 0.01625
0 0.38125 0.52 0.0575 0.01375
0 0.38125 0.5025 0.055 0.01625
0 0.31875 0.54 0.0575 0.01375
0 0.3175 0.51875 0.05625 0.01125
0 0.3175 0.5025 0.06 0.01375
0 0.265 0.52875 0.01375 0.0675
0 0.24625 0.5275 0.0125 0.0775
0 0.66625 0.45625 0.0625 0.015
0 0.6675 0.43875 0.065 0.01375
0 0.65625 0.80375 0.02625 0.05
0 0.56625 0.6525 0.05625 0.015
0 0.56875 0.63375 0.055 0.0125
0 0.56625 0.615 0.0575 0.0175
0 0.51 0.65375 0.05375 0.0175
0 0.75375 0.55375 0.0525 0.0125
0 0.75625 0.58625 0.05 0.0125
0 0.41625 0.37125 0.065 0.01625
0 0.5 0.53125 0.05625 0.015
0 0.56 0.49875 0.0475 0.01375
0 0.56 0.5125 0.04625 0.015
0 0.56375 0.5325 0.05125 0.0125
0 0.40375 0.4225 0.06375 0.0175
0 0.33875 0.45875 0.0675 0.015
0 0.3375 0.44 0.06625 0.015
0 0.33625 0.4225 0.06625 0.015
0 0.2675 0.4575 0.065 0.015
0 0.26625 0.44125 0.065 0.0175
0 0.26625 0.4225 0.06625 0.01875
0 0.7425 0.345 0.05625 0.05
0 0.69 0.3425 0.03375 0.09
0 0.65125 0.34375 0.03625 0.09
0 0.7575 0.51375 0.04625 0.015
0 0.7 0.5425 0.02875 0.03875
0 0.2425 0.66875 0.03875 0.01625
0 0.24625 0.69 0.03625 0.0175
0 0.23875 0.71125 0.03125 0.02
0 0.24375 0.73625 0.0375 0.0175
0 0.24 0.75625 0.03625 0.01625
0 0.25 0.77375 0.0375 0.015
0 0.2425 0.79375 0.0325 0.0175
0 0.28375 0.8025 0.01875 0.05875
0 0.30625 0.80375 0.01625 0.05875
0 0.61 0.5225 0.03 0.07875
0 0.2425 0.6325 0.04 0.035
0 0.7575 0.495 0.04625 0.0175
0 0.75375 0.57125 0.05125 0.0125
0 0.76 0.43875 0.04 0.0175
0 0.7575 0.47625 0.04625 0.0175
0 0.74625 0.68625 0.0625 0.01375
0 0.7 0.71 0.01625 0.06
0 0.50875 0.635 0.0525 0.0125
0 0.51125 0.61625 0.05375 0.0175
0 0.40375 0.655 0.055 0.015
0 0.4025 0.63375 0.0575 0.01375
0 0.6825 0.70875 0.01625 0.055
0 0.635 0.7275 0.07375 0.01625
0 0.62875 0.80625 0.02625 0.05
0 0.74625 0.72125 0.06375 0.015
0 0.3 0.7125 0.065 0.01
0 0.3725 0.69625 0.0775 0.0125
0 0.645 0.5225 0.03125 0.07875
0 0.4925 0.7275 0.05125 0.01625
0 0.55625 0.70875 0.07125 0.0175
0 0.55625 0.7275 0.07375 0.015
0 0.63375 0.695 0.07625 0.01375
0 0.63375 0.70875 0.0775 0.0125
0 0.375 0.72625 0.0725 0.0175
0 0.61375 0.3425 0.0325 0.0925
0 0.54375 0.34125 0.02 0.09875
0 0.3025 0.72875 0.065 0.01875
0 0.27 0.6275 0.0125 0.07375
0 0.7475 0.7025 0.065 0.01625
0 0.3025 0.625 0.0125 0.07
0 0.76 0.42125 0.04 0.01125
0 0.75875 0.40375 0.04 0.01875
0 0.7625 0.87125 0.03 0.0725
0 0.72875 0.87 0.03125 0.075
0 0.68 0.88625 0.035 0.04
0 0.61375 0.8775 0.02 0.05
0 0.5625 0.87625 0.02125 0.05625
0 0.54 0.87375 0.015 0.04875
0 0.405 0.45875 0.06375 0.015
0 0.285 0.62875 0.0125 0.075
0 0.41 0.895 0.06375 0.0125
0 0.5225 0.87375 0.01625 0.0475
0 0.34625 0.895 0.0625 0.0125
0 0.345 0.8825 0.06375 0.0125
0 0.40875 0.8675 0.06375 0.0125
0 0.325 0.805 0.01875 0.05375
0 0.40125 0.61625 0.055 0.01625
0 0.30125 0.69875 0.06375 0.0125
0 0.34125 0.655 0.0625 0.015
0 0.34125 0.63625 0.06 0.01375
0 0.34125 0.61875 0.05875 0.01625
0 0.41 0.87875 0.0625 0.0125
0 0.6675 0.42125 0.0625 0.0125