0 0.735 0.6775 0.04875 0.0125
0 0.73625 0.69125 0.05 0.01625
0 0.73375 0.70875 0.0525 0.015
0 0.7925 0.67625 0.05 0.01875
0 0.79125 0.695 0.0525 0.0125
0 0.7925 0.7125 0.055 0.01625
0 0.84875 0.66625 0.0525 0.015
0 0.84625 0.63625 0.05 0.01125
0 0.8475 0.65 0.0475 0.015
0 0.735 0.66375 0.0475 0.01375
0 0.85 0.68125 0.05 0.01625
0 0.84875 0.6975 0.0475 0.01625
0 0.85 0.61875 0.05 0.01625
0 0.735 0.65 0.04875 0.01125
0 0.6825 0.6625 0.05 0.01
0 0.68 0.7025 0.04625 0.01375
0 0.68 0.69 0.04625 0.0125
0 0.68 0.67625 0.04625 0.015
0 0.84875 0.715 0.0475 0.01625
0 0.68125 0.64875 0.05125 0.015
0 0.6775 0.63375 0.05125 0.0175
0 0.625 0.70875 0.05375 0.00875
0 0.62875 0.7 0.0475 0.01
0 0.62875 0.69125 0.0475 0.00625
0 0.6275 0.6825 0.04875 0.01
0 0.63 0.67 0.05125 0.0125
0 0.8425 0.52 0.035 0.1
0 0.80375 0.52625 0.03875 0.0875
0 0.765 0.5225 0.03125 0.1075
0 0.735 0.6375 0.05 0.015
0 0.27625 0.6175 0.05375 0.0525
0 0.39 0.6225 0.06 0.05125
0 0.3325 0.62625 0.05125 0.06
0 0.845 0.805 0.03625 0.085
0 0.7925 0.81625 0.0575 0.0975
0 0.73125 0.81375 0.055 0.12125
0 0.67125 0.81125 0.05875 0.1225
0 0.61625 0.83375 0.05125 0.07625
0 0.5575 0.83125 0.05875 0.06625
0 0.58375 0.76875 0.0575 0.0425
0 0.49 0.85875 0.0525 0.02
0 0.4875 0.83125 0.0525 0.02875
0 0.49 0.79125 0.0525 0.04375
0 0.48 0.755 0.03875 0.02375
0 0.42125 0.83 0.06 0.035
0 0.4225 0.79125 0.05375 0.0325
0 0.4225 0.75625 0.0525 0.01875
0 0.355 0.86375 0.0575 0.03
0 0.355 0.84 0.05625 0.015
0 0.35375 0.80625 0.05625 0.045
0 0.33375 0.6875 0.06125 0.05625
0 0.73625 0.5625 0.0225 0.0275
0 0.395 0.6825 0.05375 0.05875
0 0.46 0.62375 0.06125 0.05125
0 0.45375 0.68375 0.0625 0.06125
0 0.51875 0.68125 0.0625 0.0675
0 0.25625 0.68125 0.08125 0.07625
0 0.52375 0.6225 0.05375 0.045
0 0.575 0.625 0.04875 0.04625
0 0.23625 0.78875 0.05125 0.085
0 0.2925 0.79125 0.0525 0.0925
0 0.28875 0.85375 0.0575 0.0275
0 0.22375 0.84625 0.04125 0.02125
0 0.36125 0.76 0.0575 0.03
0 0.57375 0.68375 0.04875 0.06125
0 0.70875 0.5275 0.0275 0.08375
0 0.55375 0.50875 0.04625 0.11125
0 0.63875 0.50125 0.02375 0.11875
0 0.79 0.19125 0.03375 0.095
0 0.755 0.1925 0.0325 0.095
0 0.7075 0.21 0.045 0.055
0 0.665 0.20375 0.02875 0.0725
0 0.61875 0.21375 0.05375 0.04625
0 0.56 0.2075 0.055 0.055
0 0.50625 0.22 0.04625 0.03375
0 0.46625 0.21375 0.0225 0.04875
0 0.44375 0.20625 0.0225 0.06375
0 0.41125 0.19625 0.0325 0.0825
0 0.38875 0.1925 0.01375 0.0925
0 0.37 0.19125 0.02125 0.09375
0 0.34625 0.19 0.025 0.0925
0 0.31625 0.19125 0.02875 0.09375
0 0.28375 0.18625 0.03375 0.105
0 0.25125 0.18375 0.02875 0.1
0 0.21625 0.18875 0.0425 0.0925
0 0.19625 0.04625 0.03 0.08625
0 0.23 0.0475 0.03375 0.08625
0 0.26375 0.05125 0.02625 0.08125
0 0.2925 0.0475 0.03 0.09
0 0.3275 0.04875 0.03125 0.09125
0 0.3625 0.04875 0.0375 0.0925
0 0.82 0.19125 0.025 0.09625
0 0.39875 0.05 0.03375 0.0975
0 0.52625 0.0475 0.04375 0.0875
0 0.5725 0.04875 0.04625 0.0925
0 0.6375 0.0475 0.08 0.09375
0 0.70125 0.07375 0.03625 0.04
0 0.745 0.0725 0.0475 0.0425
0 0.78875 0.07125 0.0275 0.05125
0 0.4575 0.0475 0.0825 0.09125
0 0.67875 0.52875 0.02375 0.085
0 0.8525 0.1975 0.035 0.085
0 0.29 0.35 0.04 0.1025
0 0.61375 0.50125 0.0275 0.11875
0 0.58625 0.485 0.0175 0.0625
0 0.51625 0.51875 0.02875 0.095
0 0.48375 0.53 0.03375 0.0775
0 0.45 0.53 0.03 0.07375
0 0.4525 0.4675 0.0275 0.0225
0 0.385 0.52 0.02875 0.08
0 0.35375 0.52125 0.0275 0.08875
0 0.32375 0.52 0.03125 0.08625
0 0.29125 0.51625 0.03 0.095
0 0.2625 0.51375 0.0275 0.09125
0 0.22375 0.50125 0.0475 0.115
0 0.85375 0.37375 0.04125 0.08375
0 0.81625 0.37 0.03125 0.09
0 0.785 0.36375 0.03 0.1
0 0.7425 0.4025 0.05 0.02125
0 0.7425 0.38125 0.0525 0.02
0 0.3275 0.365 0.03125 0.0925
0 0.36125 0.36875 0.03375 0.085
0 0.3925 0.36875 0.02625 0.08375
0 0.4225 0.3675 0.0325 0.085
0 0.46125 0.36875 0.03625 0.0925
0 0.4975 0.37 0.03125 0.08875
0 0.245 0.34875 0.0425 0.10625
0 0.535 0.365 0.045 0.0825
0 0.6025 0.34375 0.03125 0.12625
0 0.63375 0.35625 0.0275 0.1
0 0.6625 0.355 0.02625 0.1125
0 0.69375 0.3625 0.03625 0.09875
0 0.74125 0.3575 0.0575 0.02375
0 0.5725 0.34125 0.02875 0.1225
0 0.41625 0.5225 0.02875 0.07875