0 0.27125 0.3975 0.06125 0.115
0 0.2125 0.41 0.04875 0.09
0 0.16375 0.4075 0.04625 0.08875
0 0.1725 0.28125 0.0525 0.08625
0 0.22625 0.2675 0.055 0.11
0 0.44625 0.27625 0.0475 0.10125
0 0.335 0.26625 0.0575 0.11875
0 0.39375 0.2675 0.05875 0.12
0 0.5025 0.26875 0.05875 0.115
0 0.55375 0.27875 0.04375 0.09625
0 0.3275 0.41375 0.04875 0.08625
0 0.28125 0.28125 0.05125 0.085
0 0.3825 0.3975 0.04875 0.1175
0 0.715 0.54125 0.045 0.085
0 0.48625 0.41625 0.04875 0.085
0 0.545 0.4025 0.0575 0.1075
0 0.6 0.4125 0.05 0.0925
0 0.655 0.4025 0.05875 0.11375
0 0.71 0.4125 0.04875 0.09375
0 0.75875 0.41375 0.05125 0.09125
0 0.81125 0.40875 0.05125 0.0925
0 0.84 0.54875 0.055 0.10875
0 0.7625 0.5325 0.04625 0.09625
0 0.67125 0.54125 0.03875 0.085
0 0.6 0.27875 0.04625 0.09625
0 0.61125 0.53 0.06875 0.1
0 0.4375 0.415 0.0425 0.0875
0 0.64875 0.285 0.0475 0.08375
0 0.305 0.8475 0.0325 0.0925
0 0.74625 0.29 0.05625 0.07625
0 0.555 0.5375 0.04625 0.08625
0 0.14125 0.1525 0.03125 0.0725
0 0.20875 0.17 0.03125 0.0425
0 0.24125 0.17 0.03375 0.0425
0 0.23875 0.1225 0.03125 0.035
0 0.21125 0.12625 0.0225 0.03
0 0.2725 0.09 0.03375 0.04375
0 0.3125 0.08875 0.03875 0.0425
0 0.315 0.15125 0.035 0.075
0 0.28 0.1525 0.03625 0.075
0 0.35625 0.1475 0.04375 0.08375
0 0.4025 0.1475 0.04625 0.08375
0 0.41875 0.08625 0.0375 0.02875
0 0.4525 0.1475 0.05 0.0925
0 0.505 0.14625 0.04875 0.09375
0 0.55125 0.1475 0.045 0.09375
0 0.59875 0.14625 0.04875 0.095
0 0.65125 0.1475 0.055 0.095
0 0.7075 0.1475 0.055 0.09625
0 0.70625 0.0825 0.05625 0.02875
0 0.70625 0.0525 0.05625 0.0325
0 0.75125 0.155 0.03 0.08125
0 0.79 0.15375 0.0425 0.08
0 0.84375 0.14625 0.05875 0.09375
0 0.84625 0.28125 0.055 0.09125
0 0.79875 0.2825 0.04125 0.09125
0 0.74875 0.235 0.05 0.0325
0 0.695 0.28125 0.04625 0.09625
0 0.49875 0.52625 0.06375 0.1075
0 0.34125 0.84625 0.0375 0.08625
0 0.38375 0.5275 0.075 0.11
0 0.395 0.74625 0.035 0.07375
0 0.3625 0.7475 0.02875 0.07375
0 0.33125 0.74875 0.03375 0.07125
0 0.2975 0.74875 0.03 0.0725
0 0.2675 0.74625 0.03 0.07125
0 0.235 0.7475 0.0325 0.07125
0 0.2025 0.74625 0.03125 0.07
0 0.17 0.7475 0.0325 0.07
0 0.13875 0.74625 0.02625 0.06875
0 0.13625 0.83875 0.02125 0.0825
0 0.16625 0.84125 0.03875 0.08375
0 0.20375 0.8425 0.035 0.085
0 0.44125 0.75 0.04625 0.06375
0 0.24 0.84375 0.0325 0.08375
0 0.175 0.15125 0.03125 0.075
0 0.3775 0.84625 0.03375 0.0875
0 0.44375 0.84625 0.0325 0.08625
0 0.47875 0.84625 0.035 0.08625
0 0.51375 0.84625 0.0325 0.08625
0 0.5475 0.84875 0.03375 0.08875
0 0.5825 0.8475 0.035 0.09
0 0.6275 0.8425 0.05375 0.08875
0 0.68375 0.84375 0.05875 0.0875
0 0.7375 0.845 0.04875 0.08375
0 0.785 0.845 0.045 0.0825
0 0.83625 0.84625 0.05375 0.08
0 0.2725 0.845 0.03125 0.0875
0 0.4875 0.75375 0.0475 0.0675
0 0.56875 0.75125 0.04875 0.06125
0 0.61625 0.7525 0.04625 0.06375
0 0.3225 0.53375 0.04625 0.095
0 0.26375 0.52875 0.0675 0.11
0 0.2075 0.535 0.045 0.09625
0 0.15375 0.52375 0.0575 0.10125
0 0.14625 0.6525 0.02875 0.08375
0 0.17375 0.65375 0.02625 0.08125
0 0.20375 0.6525 0.03375 0.08
0 0.2525 0.65125 0.02875 0.0775
0 0.28375 0.6525 0.02875 0.08
0 0.3125 0.65 0.02875 0.0875
0 0.34375 0.65 0.03375 0.085
0 0.3825 0.64625 0.03125 0.095
0 0.4175 0.64625 0.0375 0.0925
0 0.4525 0.67 0.0275 0.04875
0 0.47625 0.67 0.02125 0.0475
0 0.5125 0.6475 0.04875 0.09375
0 0.56875 0.645 0.06125 0.10125
0 0.625 0.6475 0.0475 0.09
0 0.67625 0.65125 0.04625 0.08875
0 0.72375 0.6525 0.04625 0.08875
0 0.77 0.6525 0.04375 0.0875
0 0.82125 0.66 0.055 0.0775
0 0.845 0.76125 0.04 0.06375
0 0.80125 0.7625 0.0475 0.06375
0 0.755 0.75375 0.04 0.07
0 0.715 0.75375 0.03625 0.07
0 0.67125 0.75 0.05 0.065
0 0.445 0.5325 0.0425 0.0975
0 0.1725 0.07375 0.0375 0.07625
0 0.41125 0.8425 0.03125 0.08