0 0.60875 0.24125 0.0175 0.08
0 0.23625 0.56125 0.0225 0.08375
0 0.63 0.24 0.025 0.0775
0 0.76375 0.465 0.03375 0.085
0 0.56375 0.2525 0.02125 0.0575
0 0.76375 0.665 0.02375 0.06875
0 0.24625 0.24125 0.0525 0.07375
0 0.29125 0.24125 0.03375 0.0725
0 0.32375 0.24125 0.02875 0.0775
0 0.35 0.2425 0.02375 0.075
0 0.37375 0.24125 0.02125 0.0775
0 0.5875 0.24125 0.02375 0.0775
0 0.39625 0.24 0.02375 0.07875
0 0.4425 0.24625 0.02125 0.07375
0 0.47 0.245 0.03 0.07
0 0.4975 0.24375 0.02375 0.07125
0 0.52125 0.25375 0.0175 0.05875
0 0.6575 0.24625 0.0275 0.07375
0 0.54125 0.2525 0.02125 0.0575
0 0.42125 0.2425 0.0225 0.0825
0 0.68375 0.24625 0.02375 0.07375
0 0.6575 0.74625 0.02875 0.05375
0 0.73 0.2475 0.0175 0.0775
0 0.45625 0.75 0.01625 0.06625
0 0.49125 0.7525 0.03375 0.06625
0 0.5325 0.75125 0.03125 0.0625
0 0.57875 0.75125 0.03375 0.0625
0 0.62 0.75 0.03 0.06375
0 0.69375 0.75 0.01875 0.0575
0 0.72125 0.7525 0.02 0.0625
0 0.74375 0.7525 0.0225 0.0625
0 0.76875 0.75 0.0225 0.05625
0 0.7075 0.57 0.01875 0.07
0 0.7275 0.57 0.0225 0.07
0 0.765 0.57 0.03125 0.08125
0 0.43625 0.745 0.02125 0.06625
0 0.23625 0.65875 0.0225 0.075
0 0.28125 0.6575 0.02125 0.075
0 0.30125 0.65875 0.01625 0.075
0 0.32 0.66 0.02125 0.07125
0 0.33875 0.65375 0.01125 0.065
0 0.35625 0.6675 0.01875 0.06125
0 0.43375 0.57 0.01875 0.0625
0 0.3925 0.66625 0.02 0.05875
0 0.41375 0.665 0.02 0.06
0 0.43375 0.6675 0.01875 0.0625
0 0.45375 0.6675 0.02 0.06
0 0.48375 0.6725 0.0325 0.0575
0 0.51625 0.67125 0.03125 0.06125
0 0.2575 0.65875 0.01875 0.07375
0 0.54375 0.37 0.02 0.0575
0 0.7075 0.24625 0.025 0.0725
0 0.52125 0.37 0.02125 0.0575
0 0.455 0.57125 0.0225 0.06375
0 0.47625 0.57125 0.01875 0.06875
0 0.49875 0.56375 0.02125 0.0675
0 0.51875 0.56375 0.0175 0.07
0 0.5375 0.565 0.0175 0.0725
0 0.56 0.56875 0.0225 0.06875
0 0.58375 0.56875 0.02125 0.06875
0 0.60375 0.5675 0.01875 0.06875
0 0.64625 0.57 0.055 0.075
0 0.68625 0.5725 0.01625 0.07
0 0.38125 0.5625 0.01875 0.07375
0 0.36375 0.56375 0.01375 0.075
0 0.23125 0.74875 0.01625 0.0525
0 0.25375 0.74875 0.02375 0.05125
0 0.28 0.75125 0.025 0.05
0 0.31 0.74625 0.025 0.055
0 0.3475 0.56375 0.01625 0.07625
0 0.32875 0.56375 0.01875 0.0775
0 0.30875 0.565 0.0225 0.0775
0 0.28375 0.56625 0.02375 0.07625
0 0.25875 0.56 0.0225 0.085
0 0.48125 0.36 0.01875 0.075
0 0.33375 0.745 0.02 0.05625
0 0.35625 0.745 0.02375 0.05375
0 0.39125 0.74625 0.0225 0.06
0 0.41 0.74625 0.01625 0.05875
0 0.50125 0.36 0.01875 0.075
0 0.545 0.66875 0.0175 0.065
0 0.56875 0.6675 0.02875 0.0675
0 0.37125 0.6675 0.01375 0.06
0 0.46 0.36125 0.02 0.075
0 0.5975 0.6675 0.025 0.07
0 0.6825 0.36375 0.01875 0.07375
0 0.7025 0.3625 0.01875 0.07625
0 0.725 0.365 0.025 0.07375
0 0.74875 0.36375 0.02125 0.0725
0 0.77 0.365 0.01625 0.0675
0 0.22875 0.46375 0.02 0.0775
0 0.25125 0.46375 0.02375 0.07875
0 0.28 0.46625 0.025 0.07125
0 0.30375 0.46625 0.02 0.075
0 0.32625 0.46625 0.02125 0.0725
0 0.3475 0.465 0.01875 0.0725
0 0.37 0.465 0.025 0.0725
0 0.39125 0.46625 0.0175 0.07125
0 0.41125 0.46625 0.02125 0.0725
0 0.43375 0.46375 0.02125 0.08
0 0.45625 0.465 0.02125 0.0775
0 0.75125 0.2475 0.025 0.07
0 0.7725 0.25 0.01625 0.06875
0 0.71875 0.46625 0.05375 0.0825
0 0.23125 0.35875 0.02125 0.075
0 0.675 0.46875 0.02125 0.07375
0 0.655 0.47 0.0175 0.07625
0 0.66125 0.36 0.0225 0.08
0 0.63625 0.46875 0.01875 0.07625
0 0.59125 0.4675 0.01875 0.08
0 0.56875 0.465 0.025 0.07625
0 0.54625 0.465 0.01875 0.07625
0 0.5275 0.46625 0.0175 0.075
0 0.50625 0.465 0.02375 0.0775
0 0.48 0.46625 0.02375 0.08125
0 0.61125 0.46625 0.0225 0.07875
0 0.635 0.37 0.01875 0.05625
0 0.41125 0.5675 0.0225 0.065
0 0.59 0.36875 0.0225 0.0575
0 0.25375 0.3575 0.02 0.0775
0 0.71625 0.6675 0.02625 0.0675
0 0.67625 0.67 0.01875 0.0625
0 0.6375 0.66625 0.05375 0.07125
0 0.295 0.355 0.05875 0.08125
0 0.74 0.66875 0.02 0.06875
0 0.39875 0.36125 0.02375 0.07875
0 0.41875 0.36125 0.01625 0.0775
0 0.565 0.37 0.02375 0.05875
0 0.43875 0.36 0.01875 0.075
0 0.3525 0.355 0.05375 0.08
0 0.6125 0.36875 0.02375 0.05625