0 0.50375 0.515 0.0425 0.10875
0 0.43125 0.5175 0.0325 0.11
0 0.39625 0.515 0.03125 0.1125
0 0.3575 0.51625 0.03625 0.115
0 0.16125 0.56125 0.07125 0.06375
0 0.28 0.525 0.03625 0.10875
0 0.24125 0.52375 0.035 0.1125
0 0.575 0.51375 0.02875 0.10875
0 0.14875 0.675 0.045 0.095
0 0.1975 0.6725 0.0425 0.0925
0 0.25 0.66125 0.04125 0.1075
0 0.29 0.66125 0.035 0.10875
0 0.31875 0.52 0.035 0.10875
0 0.6075 0.51125 0.0275 0.105
0 0.75 0.5125 0.03 0.09125
0 0.6775 0.51125 0.0225 0.1025
0 0.5725 0.385 0.025 0.1125
0 0.61 0.38125 0.0375 0.1175
0 0.6525 0.37875 0.0425 0.11375
0 0.69625 0.38 0.04 0.11625
0 0.73625 0.37875 0.02625 0.11375
0 0.7625 0.37625 0.02 0.115
0 0.64625 0.5125 0.0325 0.1075
0 0.33125 0.65625 0.0375 0.1175
0 0.8675 0.41375 0.01375 0.0375
0 0.86 0.525 0.03 0.0625
0 0.83625 0.4725 0.0275 0.02125
0 0.82375 0.5225 0.0375 0.0675
0 0.785 0.51125 0.03625 0.09625
0 0.7125 0.515 0.0325 0.09875
0 0.8375 0.40375 0.0375 0.05625
0 0.79625 0.40375 0.04 0.0625
0 0.36625 0.6575 0.02625 0.11875
0 0.42875 0.6575 0.02875 0.1125
0 0.85875 0.7725 0.0325 0.10375
0 0.82375 0.76625 0.02875 0.1
0 0.7975 0.765 0.015 0.10375
0 0.77625 0.79125 0.02375 0.0875
0 0.75 0.795 0.02375 0.08875
0 0.71375 0.7925 0.04375 0.10625
0 0.6625 0.79625 0.04625 0.10375
0 0.6125 0.79875 0.04375 0.10625
0 0.5725 0.8025 0.03 0.1
0 0.4975 0.80125 0.04125 0.11875
0 0.45 0.80375 0.035 0.115
0 0.41 0.8025 0.035 0.1175
0 0.3675 0.8025 0.03625 0.12625
0 0.3275 0.80625 0.0375 0.12875
0 0.28875 0.81875 0.0375 0.1125
0 0.24875 0.82125 0.04 0.10875
0 0.19375 0.84375 0.05125 0.0775
0 0.4675 0.64625 0.04375 0.12375
0 0.5125 0.65375 0.04125 0.1125
0 0.55875 0.64875 0.035 0.10625
0 0.5975 0.64375 0.03125 0.1125
0 0.6325 0.64875 0.0275 0.09625
0 0.66375 0.63875 0.02625 0.1
0 0.3975 0.655 0.02625 0.11375
0 0.6975 0.64375 0.03375 0.09125
0 0.54 0.37625 0.035 0.12375
0 0.8425 0.63875 0.03125 0.09625
0 0.86875 0.635 0.01 0.09625
0 0.1425 0.84875 0.035 0.07
0 0.14875 0.775 0.0475 0.05
0 0.20125 0.7725 0.0475 0.06
0 0.75375 0.63125 0.0325 0.1025
0 0.78625 0.64875 0.02625 0.04875
0 0.5 0.38625 0.0425 0.1075
0 0.415 0.38625 0.03625 0.11
0 0.75125 0.12875 0.02875 0.07125
0 0.72125 0.1425 0.02375 0.03625
0 0.69375 0.145 0.02375 0.03625
0 0.6675 0.145 0.02375 0.03375
0 0.645 0.135 0.01 0.04875
0 0.63125 0.13 0.015 0.06
0 0.61 0.1325 0.0175 0.0575
0 0.58125 0.1225 0.01875 0.07625
0 0.56375 0.1225 0.01 0.0725
0 0.545 0.11625 0.02 0.08375
0 0.52 0.11625 0.01875 0.0875
0 0.4825 0.11625 0.045 0.08375
0 0.44125 0.14 0.0225 0.03625
0 0.415 0.1375 0.025 0.0375
0 0.385 0.11375 0.01875 0.08625
0 0.36125 0.1125 0.02125 0.08875
0 0.3325 0.1025 0.02625 0.10625
0 0.305 0.1 0.0225 0.1075
0 0.45625 0.3875 0.04 0.11
0 0.2175 0.105 0.0375 0.1075
0 0.155 0.1025 0.0375 0.105
0 0.8 0.1375 0.04875 0.04875
0 0.85 0.12125 0.035 0.09
0 0.275 0.1125 0.03 0.08875
0 0.8025 0.2475 0.04625 0.11375
0 0.8475 0.2575 0.03625 0.09125
0 0.37875 0.3825 0.03375 0.11875
0 0.30125 0.38125 0.03375 0.12125
0 0.25875 0.37375 0.04875 0.1175
0 0.1975 0.3725 0.03 0.095
0 0.16375 0.37 0.03 0.09875
0 0.13625 0.38375 0.0225 0.0675
0 0.1975 0.245 0.025 0.115
0 0.16875 0.245 0.0275 0.11875
0 0.13875 0.2425 0.0275 0.1125
0 0.235 0.25875 0.045 0.09375
0 0.34 0.3825 0.0375 0.115
0 0.36 0.24125 0.03875 0.1225
0 0.3125 0.24 0.04375 0.12625
0 0.70625 0.25125 0.035 0.10875
0 0.66 0.25 0.03625 0.10625
0 0.6225 0.24625 0.035 0.11125
0 0.75125 0.24875 0.0425 0.10375
0 0.5375 0.26625 0.035 0.07625
0 0.48875 0.2425 0.04 0.11875
0 0.445 0.24125 0.0375 0.12625
0 0.40375 0.24 0.04125 0.1225
0 0.5825 0.24 0.04125 0.12