0 0.79 0.40875 0.0325 0.05625
0 0.77375 0.245 0.00625 0.07
0 0.76375 0.24375 0.01 0.06875
0 0.7525 0.245 0.00875 0.0725
0 0.74125 0.245 0.00875 0.075
0 0.7275 0.245 0.0125 0.075
0 0.71375 0.2475 0.0125 0.0775
0 0.7025 0.24875 0.00625 0.0825
0 0.7675 0.32875 0.0475 0.0675
0 0.7125 0.34125 0.03125 0.0775
0 0.73875 0.42375 0.0225 0.06375
0 0.65875 0.28875 0.04 0.03875
0 0.66375 0.33375 0.03625 0.04
0 0.67 0.38125 0.0425 0.04
0 0.69 0.24875 0.015 0.08125
0 0.7075 0.4325 0.02375 0.065
0 0.65875 0.5425 0.0075 0.07625
0 0.76625 0.62375 0.0275 0.0425
0 0.67 0.53375 0.00875 0.0675
0 0.68375 0.53 0.0125 0.0675
0 0.69625 0.5225 0.0075 0.07
0 0.7125 0.515 0.01375 0.06875
0 0.72875 0.50375 0.0125 0.0675
0 0.74375 0.50125 0.01 0.0675
0 0.6775 0.4575 0.025 0.03625
0 0.7575 0.4925 0.00875 0.06625
0 0.7825 0.48125 0.01 0.06
0 0.64 0.45625 0.0325 0.065
0 0.64875 0.54875 0.01 0.07375
0 0.63375 0.55375 0.015 0.07375
0 0.7975 0.605 0.02125 0.05
0 0.785 0.24375 0.01 0.0675
0 0.77125 0.48625 0.01125 0.0575
0 0.795 0.245 0.0075 0.0675
0 0.315 0.095 0.03 0.1225
0 0.63125 0.12875 0.01375 0.105
0 0.22625 0.085 0.05 0.1375
0 0.2525 0.2675 0.0425 0.12125
0 0.29875 0.26125 0.035 0.12
0 0.33875 0.2675 0.03375 0.11625
0 0.37375 0.265 0.02375 0.11375
0 0.4075 0.2675 0.025 0.10875
0 0.275 0.09 0.03375 0.13125
0 0.4375 0.26625 0.02125 0.11
0 0.495 0.26625 0.0225 0.09875
0 0.52375 0.2625 0.02375 0.0975
0 0.5475 0.26125 0.01875 0.09375
0 0.56875 0.26 0.0175 0.09375
0 0.60875 0.2575 0.0175 0.08375
0 0.765 0.57 0.0375 0.04625
0 0.46625 0.26625 0.0275 0.10125
0 0.3575 0.1 0.03375 0.1175
0 0.395 0.10625 0.02625 0.11625
0 0.43 0.11125 0.02375 0.115
0 0.65 0.1325 0.0175 0.1
0 0.66875 0.135 0.015 0.0975
0 0.685 0.13875 0.00875 0.10125
0 0.7 0.1425 0.01375 0.09125
0 0.7175 0.145 0.0125 0.09375
0 0.735 0.14875 0.01375 0.08875
0 0.76125 0.1625 0.03125 0.065
0 0.7925 0.1625 0.025 0.06
0 0.60625 0.13625 0.0225 0.08125
0 0.58625 0.1325 0.015 0.0825
0 0.56625 0.13 0.0175 0.09625
0 0.5425 0.1225 0.015 0.0925
0 0.51875 0.12375 0.01875 0.09875
0 0.48875 0.12125 0.02125 0.10125
0 0.46125 0.11625 0.0225 0.10375
0 0.80625 0.245 0.0075 0.06625
0 0.72625 0.645 0.015 0.06
0 0.14125 0.8825 0.02625 0.11625
0 0.69 0.64125 0.00875 0.0625
0 0.6075 0.46875 0.015 0.055
0 0.59125 0.475 0.01375 0.05375
0 0.575 0.47875 0.0125 0.0525
0 0.56 0.48375 0.0125 0.05625
0 0.5425 0.49 0.015 0.0625
0 0.52625 0.49375 0.015 0.06125
0 0.3 0.69 0.03375 0.0825
0 0.5025 0.60875 0.01375 0.08625
0 0.53875 0.59 0.0125 0.08125
0 0.555 0.58375 0.015 0.0725
0 0.57 0.57875 0.01 0.07625
0 0.585 0.57125 0.0125 0.0675
0 0.6025 0.5625 0.01375 0.07125
0 0.61875 0.555 0.01125 0.06625
0 0.52125 0.6 0.015 0.07625
0 0.42125 0.73375 0.02375 0.07625
0 0.33125 0.67625 0.01875 0.095
0 0.38875 0.655 0.02125 0.08625
0 0.175 0.57375 0.04 0.11
0 0.15 0.4175 0.04375 0.125
0 0.19875 0.26125 0.04 0.13375
0 0.15 0.26125 0.045 0.13
0 0.16375 0.1325 0.055 0.0775
0 0.705 0.6425 0.01625 0.055
0 0.36125 0.66625 0.02375 0.08625
0 0.48375 0.61625 0.01625 0.0825
0 0.44 0.63125 0.01625 0.0925
0 0.415 0.64375 0.025 0.08375
0 0.3925 0.74625 0.02 0.08125
0 0.3675 0.7575 0.0225 0.08125
0 0.33875 0.77375 0.02 0.09625
0 0.31 0.78625 0.0325 0.08125
0 0.46125 0.625 0.015 0.08375
0 0.2125 0.55625 0.0275 0.10625
0 0.44375 0.72125 0.01375 0.08
0 0.485 0.69625 0.015 0.0675
0 0.275 0.57625 0.04 0.065
0 0.6125 0.375 0.01625 0.07625
0 0.59125 0.38 0.015 0.08875
0 0.56875 0.38125 0.0175 0.08
0 0.53875 0.3875 0.0225 0.09375
0 0.5075 0.3975 0.01375 0.0875
0 0.31625 0.56 0.0225 0.0675
0 0.4925 0.39875 0.01375 0.0825
0 0.4425 0.4075 0.0225 0.1025
0 0.415 0.4125 0.02625 0.09875
0 0.3775 0.42 0.0225 0.1175
0 0.3425 0.42125 0.0375 0.1125
0 0.29625 0.43125 0.0375 0.125
0 0.25 0.44125 0.03625 0.10875
0 0.47125 0.40375 0.015 0.095
0 0.465 0.71 0.01625 0.06625
0 0.34375 0.55625 0.01875 0.0725
0 0.39 0.54 0.01375 0.0725
0 0.505 0.69125 0.015 0.06625
0 0.52375 0.6775 0.015 0.06375
0 0.54125 0.67125 0.015 0.07125
0 0.55875 0.66125 0.01375 0.06625
0 0.5775 0.65 0.015 0.06
0 0.59375 0.64125 0.01125 0.0625
0 0.37 0.54625 0.02 0.07125
0 0.6075 0.635 0.01125 0.06
0 0.50625 0.5025 0.01125 0.06125
0 0.49 0.51 0.015 0.06125
0 0.47375 0.51125 0.0125 0.06125
0 0.455 0.51875 0.015 0.07
0 0.43125 0.525 0.01625 0.06375
0 0.40875 0.53375 0.0125 0.06875
0 0.6225 0.62875 0.01 0.05875
0 0.14625 0.72375 0.03125 0.115
0 0.58625 0.26125 0.015 0.09125
0 0.23 0.6925 0.03 0.1025
0 0.46375 0.8025 0.01875 0.0675
0 0.4425 0.81625 0.01875 0.065
0 0.42125 0.83375 0.01625 0.07125
0 0.4 0.8475 0.0175 0.08
0 0.37875 0.86375 0.01875 0.0825
0 0.3525 0.875 0.01875 0.08875
0 0.325 0.89625 0.025 0.0825
0 0.18375 0.71 0.02625 0.11
0 0.485 0.79375 0.01875 0.08
0 0.50625 0.77375 0.015 0.07125
0 0.525 0.765 0.0125 0.0775
0 0.18125 0.965 0.0275 0.06875
0 0.56375 0.745 0.02 0.07125
0 0.2925 0.905 0.03 0.08375
0 0.25375 0.9425 0.03125 0.09
0 0.21625 0.9575 0.03125 0.07625
0 0.54375 0.75625 0.01125 0.08
0 0.65125 0.69875 0.0575 0.05
0 0.6525 0.63 0.04125 0.04875
0 0.5975 0.72625 0.01375 0.07625
0 0.58125 0.735 0.01 0.0825
0 0.6125 0.71625 0.01125 0.0775