0 0.50375 0.58375 0.03 0.08625
0 0.33125 0.56125 0.01375 0.07625
0 0.35 0.5725 0.02 0.05875
0 0.37 0.56625 0.0125 0.07625
0 0.4075 0.575 0.0275 0.07625
0 0.46875 0.58 0.0325 0.08625
0 0.31375 0.55625 0.01375 0.06875
0 0.43875 0.57625 0.025 0.08875
0 0.385 0.5725 0.01375 0.08
0 0.2975 0.55375 0.01 0.075
0 0.6675 0.4925 0.0225 0.07625
0 0.17125 0.61125 0.03125 0.08375
0 0.14 0.6375 0.02625 0.11125
0 0.78 0.5 0.03625 0.08625
0 0.73375 0.4925 0.04625 0.0825
0 0.69375 0.4925 0.02375 0.0775
0 0.645 0.4925 0.0175 0.0625
0 0.62 0.48375 0.02125 0.08
0 0.55 0.4775 0.0125 0.06875
0 0.57125 0.48 0.02125 0.075
0 0.53375 0.5875 0.02625 0.08125
0 0.59625 0.48375 0.02 0.0725
0 0.2625 0.5525 0.0225 0.07375
0 0.56625 0.5925 0.0325 0.08375
0 0.50875 0.69625 0.0425 0.0975
0 0.63125 0.6075 0.02 0.0675
0 0.14875 0.335 0.04375 0.065
0 0.15375 0.2525 0.05 0.1
0 0.15875 0.1125 0.03875 0.095
0 0.15375 0.81875 0.04375 0.1325
0 0.73625 0.87 0.04 0.12375
0 0.6925 0.8525 0.03875 0.10625
0 0.64375 0.83875 0.04 0.1025
0 0.59625 0.82 0.0375 0.1
0 0.54125 0.8375 0.04125 0.10625
0 0.4975 0.8275 0.045 0.10125
0 0.43875 0.79375 0.05125 0.1025
0 0.38375 0.77625 0.04 0.1
0 0.34125 0.7775 0.035 0.105
0 0.29125 0.77125 0.045 0.08125
0 0.24875 0.78625 0.0275 0.0475
0 0.75 0.7375 0.045 0.1
0 0.7025 0.72875 0.0425 0.105
0 0.66 0.61125 0.03 0.08
0 0.695 0.61625 0.02375 0.08375
0 0.7225 0.62 0.02 0.0825
0 0.75 0.61625 0.025 0.085
0 0.77625 0.64125 0.0175 0.0575
0 0.28625 0.66 0.04625 0.05125
0 0.60125 0.61 0.03 0.06125
0 0.33375 0.66625 0.04125 0.0525
0 0.41625 0.675 0.03875 0.09125
0 0.4625 0.68875 0.045 0.10125
0 0.53125 0.475 0.01375 0.07
0 0.56 0.70625 0.045 0.1025
0 0.61125 0.71375 0.03625 0.105
0 0.65375 0.71875 0.03875 0.10625
0 0.37625 0.66125 0.0375 0.045
0 0.5175 0.47 0.01125 0.07125
0 0.455 0.095 0.09625 0.10625
0 0.47375 0.46375 0.025 0.07125
0 0.66375 0.24875 0.0325 0.08125
0 0.69875 0.255 0.025 0.07
0 0.7275 0.255 0.02625 0.0725
0 0.75625 0.2575 0.02375 0.07375
0 0.785 0.25 0.025 0.0875
0 0.81125 0.26125 0.02375 0.06375
0 0.25 0.335 0.02625 0.06875
0 0.28625 0.35875 0.03 0.02375
0 0.31 0.3425 0.015 0.06
0 0.33 0.3425 0.02 0.05625
0 0.3575 0.3525 0.02875 0.04625
0 0.39125 0.35625 0.03 0.0475
0 0.43125 0.35125 0.0425 0.06375
0 0.48 0.36125 0.045 0.06125
0 0.56125 0.36 0.035 0.07
0 0.605 0.36 0.0425 0.0675
0 0.65125 0.36 0.03375 0.08875
0 0.69375 0.36625 0.0425 0.07875
0 0.3625 0.48125 0.0325 0.02375
0 0.73625 0.36125 0.03625 0.0775
0 0.79 0.36875 0.045 0.07375
0 0.18125 0.47625 0.03125 0.11
0 0.14375 0.49625 0.03625 0.1125
0 0.36 0.45125 0.035 0.03
0 0.32125 0.44875 0.02 0.0675
0 0.28875 0.43875 0.02125 0.06875
0 0.26 0.445 0.0225 0.065
0 0.63375 0.2575 0.0225 0.065
0 0.5 0.4675 0.0175 0.07
0 0.605 0.25625 0.025 0.06875
0 0.5275 0.25125 0.02125 0.07375
0 0.45125 0.46 0.015 0.0675
0 0.4275 0.4625 0.02125 0.0625
0 0.3975 0.4825 0.025 0.02
0 0.39625 0.4475 0.02625 0.045
0 0.24125 0.10875 0.04375 0.09875
0 0.28 0.1375 0.03 0.0325
0 0.3125 0.13625 0.03125 0.035
0 0.37 0.1 0.06875 0.1075
0 0.53125 0.105 0.04125 0.085
0 0.5725 0.13 0.03375 0.03875
0 0.60125 0.09375 0.01625 0.10375
0 0.62375 0.0925 0.025 0.105
0 0.6525 0.09 0.0275 0.11125
0 0.68 0.09 0.02125 0.1125
0 0.70625 0.09625 0.02625 0.1025
0 0.73375 0.0925 0.02375 0.095
0 0.76 0.09125 0.02375 0.10875
0 0.7925 0.08625 0.03125 0.11
0 0.8225 0.08375 0.02625 0.10625
0 0.25375 0.23125 0.05125 0.0875
0 0.2975 0.26125 0.02625 0.03
0 0.325 0.2625 0.02375 0.0275
0 0.35375 0.24125 0.025 0.0775
0 0.385 0.24125 0.02875 0.0775
0 0.41875 0.2425 0.03 0.0775
0 0.4675 0.24375 0.0225 0.08
0 0.49625 0.24625 0.0325 0.08
0 0.555 0.2525 0.03 0.07375
0 0.585 0.2575 0.0125 0.06625