0 0.53375 0.865 0.02625 0.06375
0 0.4925 0.86625 0.025 0.0675
0 0.41125 0.8575 0.02625 0.08125
0 0.3825 0.8575 0.02375 0.07875
0 0.35 0.865 0.02625 0.06625
0 0.32 0.86625 0.0275 0.06625
0 0.2875 0.865 0.02375 0.0625
0 0.2575 0.86625 0.0275 0.0575
0 0.18875 0.8675 0.0275 0.05875
0 0.56875 0.86625 0.02875 0.0625
0 0.1575 0.86875 0.02625 0.0625
0 0.81375 0.72625 0.07 0.09
0 0.7625 0.73625 0.02375 0.055
0 0.73 0.7375 0.025 0.0475
0 0.69875 0.7325 0.03125 0.05875
0 0.67 0.73375 0.02 0.06
0 0.64 0.73125 0.02625 0.06875
0 0.60375 0.7325 0.025 0.06625
0 0.57125 0.72625 0.03 0.07625
0 0.225 0.86875 0.02625 0.0575
0 0.5975 0.8625 0.025 0.06375
0 0.68625 0.865 0.0225 0.06
0 0.65625 0.86375 0.0275 0.025
0 0.64125 0.62375 0.02875 0.0625
0 0.6725 0.62375 0.03 0.06
0 0.70625 0.625 0.02375 0.05875
0 0.7375 0.6225 0.03125 0.0625
0 0.77125 0.62375 0.02875 0.0625
0 0.82875 0.6025 0.05125 0.09875
0 0.1475 0.73125 0.02875 0.06125
0 0.18 0.7275 0.035 0.07125
0 0.21875 0.7275 0.04 0.07125
0 0.625 0.865 0.0225 0.06375
0 0.25875 0.73 0.04 0.06625
0 0.3275 0.73 0.03125 0.0625
0 0.36125 0.73125 0.03 0.065
0 0.405 0.735 0.03 0.06625
0 0.4375 0.73375 0.025 0.065
0 0.4725 0.7275 0.025 0.07375
0 0.855 0.8775 0.03875 0.0375
0 0.79625 0.88 0.0675 0.0375
0 0.74375 0.84625 0.0225 0.10625
0 0.715 0.845 0.02625 0.10125
0 0.29625 0.73 0.02625 0.065
0 0.8 0.835 0.0675 0.03625
0 0.44375 0.0825 0.04125 0.09125
0 0.61 0.6225 0.03125 0.0575
0 0.39875 0.21625 0.04375 0.09125
0 0.44 0.21875 0.0325 0.09125
0 0.4775 0.22125 0.035 0.08625
0 0.51625 0.22125 0.0375 0.09125
0 0.5525 0.225 0.02625 0.09125
0 0.5925 0.22625 0.035 0.0875
0 0.63 0.2275 0.02875 0.08875
0 0.6725 0.22875 0.04 0.0875
0 0.71125 0.23 0.03 0.085
0 0.75125 0.23375 0.02375 0.09375
0 0.78375 0.23375 0.03625 0.0875
0 0.8175 0.235 0.0225 0.085
0 0.1425 0.35 0.03375 0.0875
0 0.17875 0.3525 0.02875 0.08625
0 0.2125 0.35375 0.03125 0.0875
0 0.2525 0.355 0.0375 0.08625
0 0.29 0.3575 0.03125 0.08125
0 0.325 0.3575 0.03 0.08
0 0.35875 0.35625 0.03 0.0825
0 0.35625 0.21375 0.035 0.0925
0 0.39625 0.35875 0.0375 0.0825
0 0.31875 0.21375 0.0375 0.09
0 0.24 0.21 0.0375 0.09125
0 0.4 0.08125 0.04 0.0925
0 0.36 0.08 0.0375 0.09125
0 0.32125 0.0775 0.0325 0.09875
0 0.28125 0.07375 0.0425 0.09375
0 0.24 0.0725 0.035 0.09625
0 0.19875 0.07125 0.03875 0.0925
0 0.15875 0.06875 0.03875 0.0975
0 0.52125 0.08875 0.04625 0.09125
0 0.56125 0.09 0.0325 0.09375
0 0.59875 0.0925 0.0425 0.095
0 0.64125 0.09375 0.0375 0.095
0 0.68 0.0975 0.0275 0.09375
0 0.5375 0.7275 0.025 0.07875
0 0.7175 0.09875 0.04375 0.0875
0 0.75625 0.10125 0.02375 0.09125
0 0.79375 0.10125 0.03625 0.09125
0 0.83375 0.10625 0.02375 0.09
0 0.16 0.2075 0.03625 0.0925
0 0.2 0.20625 0.03875 0.0925
0 0.27875 0.21375 0.03375 0.09125
0 0.4375 0.3625 0.035 0.08
0 0.4775 0.36125 0.03875 0.08375
0 0.51375 0.3625 0.03125 0.08125
0 0.6875 0.4975 0.03375 0.07375
0 0.7225 0.49875 0.03125 0.0725
0 0.755 0.49875 0.025 0.075
0 0.7875 0.50125 0.0325 0.0725
0 0.83875 0.48 0.03875 0.10125
0 0.14 0.615 0.03125 0.0625
0 0.175 0.6175 0.03 0.06375
0 0.20875 0.61625 0.0325 0.06375
0 0.245 0.6175 0.03375 0.06375
0 0.28625 0.61375 0.0325 0.07
0 0.32125 0.61375 0.03125 0.0675
0 0.355 0.615 0.03125 0.0675
0 0.38625 0.61375 0.03125 0.0625
0 0.41875 0.6125 0.03125 0.0725
0 0.44875 0.61375 0.02625 0.06875
0 0.48 0.62 0.0275 0.0625
0 0.5125 0.62125 0.02875 0.06
0 0.54375 0.62125 0.02875 0.0625
0 0.58125 0.62 0.02375 0.06125
0 0.65 0.4975 0.03 0.0775
0 0.62 0.4975 0.02625 0.075
0 0.58625 0.49625 0.03375 0.075
0 0.55 0.49625 0.02875 0.075
0 0.545 0.3625 0.025 0.08375
0 0.58375 0.365 0.03 0.0825
0 0.62125 0.3675 0.02625 0.085
0 0.66 0.36375 0.03875 0.085
0 0.69625 0.3675 0.03 0.085
0 0.73125 0.36875 0.02375 0.08375
0 0.76875 0.36875 0.0325 0.08625
0 0.8075 0.3725 0.0325 0.08625
0 0.85625 0.305 0.0375 0.14375
0 0.4825 0.08625 0.0275 0.09625
0 0.16 0.48875 0.03125 0.07375
0 0.2375 0.4875 0.0325 0.0775
0 0.27125 0.49 0.035 0.0725
0 0.30625 0.49 0.03375 0.075
0 0.34125 0.49 0.03125 0.075
0 0.37625 0.49 0.03375 0.0775
0 0.4125 0.49375 0.035 0.07875
0 0.44875 0.4925 0.02875 0.07875
0 0.48125 0.49125 0.0325 0.0775
0 0.5175 0.4925 0.0325 0.07625
0 0.19875 0.485 0.03625 0.075
0 0.50625 0.72625 0.03 0.0775