0 0.87 0.40875 0.035 0.0675
0 0.80875 0.39125 0.04125 0.0375
0 0.90125 0.40875 0.025 0.06125
0 0.95 0.4125 0.04125 0.06375
0 0.9875 0.41125 0.025 0.05625
0 0.66125 0.4925 0.02625 0.04625
0 0.71125 0.49375 0.02875 0.0475
0 0.75 0.4975 0.035 0.04
0 0.78375 0.49375 0.03125 0.0375
0 0.8625 0.5 0.035 0.03875
0 0.94125 0.48875 0.04375 0.0475
0 0.8975 0.4825 0.03 0.04375
0 0.0225 0.29 0.03125 0.1075
0 0.0525 0.28875 0.025 0.105
0 0.09875 0.2875 0.04125 0.1
0 0.13 0.29125 0.02 0.1
0 0.79125 0.42625 0.04375 0.03125
0 0.825 0.5 0.03625 0.04
0 0.70125 0.40375 0.035 0.0575
0 0.15875 0.295 0.0325 0.10125
0 0.94625 0.595 0.035 0.01875
0 0.83625 0.55 0.03875 0.03375
0 0.0175 0.415 0.02625 0.09625
0 0.04375 0.41375 0.025 0.09625
0 0.07 0.41375 0.0225 0.1
0 0.09375 0.41375 0.02375 0.1
0 0.1175 0.415 0.025 0.1025
0 0.14375 0.415 0.025 0.10125
0 0.74375 0.4075 0.04 0.06875
0 0.2025 0.41625 0.0525 0.10375
0 0.33375 0.42 0.04875 0.09875
0 0.3825 0.42 0.04375 0.1025
0 0.43125 0.4225 0.04875 0.1
0 0.5225 0.425 0.0475 0.09625
0 0.5725 0.425 0.0475 0.09875
0 0.245 0.41375 0.0325 0.0975
0 0.62 0.42875 0.04375 0.0975
0 0.66375 0.4075 0.0375 0.06375
0 0.2875 0.41625 0.04375 0.09875
0 0.1975 0.29625 0.03 0.1025
0 0.34125 0.3 0.05125 0.10375
0 0.29 0.2975 0.04625 0.105
0 0.41625 0.15875 0.05375 0.0675
0 0.49375 0.16875 0.0525 0.07375
0 0.57375 0.16625 0.0475 0.065
0 0.62125 0.16875 0.0375 0.07625
0 0.69 0.16625 0.03625 0.0775
0 0.7475 0.175 0.03625 0.0725
0 0.80125 0.175 0.05 0.06125
0 0.865 0.17375 0.05875 0.065
0 0.92125 0.1775 0.04875 0.07625
0 0.975 0.18125 0.05 0.0725
0 0.69625 0.25 0.04125 0.07125
0 0.75375 0.25375 0.0375 0.07
0 0.8 0.25125 0.035 0.06875
0 0.84375 0.25375 0.03875 0.0725
0 0.89875 0.2625 0.04625 0.0675
0 0.955 0.2625 0.04625 0.07
0 0.0125 0.16625 0.0225 0.0825
0 0.33875 0.1625 0.05375 0.06875
0 0.23875 0.29375 0.05 0.10625
0 0.28 0.15875 0.03375 0.0675
0 0.15 0.17 0.0275 0.0875
0 0.94625 0.5625 0.0375 0.04
0 0.39375 0.2975 0.04125 0.09875
0 0.44 0.3025 0.0475 0.10375
0 0.48875 0.3025 0.0475 0.10375
0 0.53875 0.30375 0.0475 0.10125
0 0.585 0.305 0.0425 0.105
0 0.63 0.305 0.045 0.10625
0 0.66375 0.32625 0.0225 0.065
0 0.7375 0.32625 0.04625 0.0675
0 0.8 0.32875 0.05625 0.06125
0 0.855 0.33125 0.05 0.06
0 0.91125 0.33125 0.05875 0.06
0 0.975 0.33375 0.05 0.05875
0 0.03875 0.1675 0.0275 0.085
0 0.0675 0.1675 0.02375 0.08375
0 0.09375 0.16875 0.0275 0.085
0 0.1225 0.16875 0.02375 0.085
0 0.215 0.16 0.03875 0.06875
0 0.9125 0.58625 0.02875 0.035
0 0.69625 0.32625 0.03625 0.065
0 0.84875 0.58625 0.03125 0.03125
0 0.81875 0.6875 0.02875 0.0425
0 0.6775 0.6425 0.03375 0.0425
0 0.64375 0.6425 0.03 0.04125
0 0.78625 0.69 0.035 0.045
0 0.75125 0.69 0.03125 0.04625
0 0.7175 0.69 0.03375 0.04
0 0.6825 0.69 0.03125 0.04375
0 0.64875 0.69125 0.03375 0.045
0 0.61125 0.6625 0.035 0.0775
0 0.57375 0.65375 0.0275 0.07
0 0.54375 0.66625 0.02875 0.07
0 0.51125 0.6775 0.035 0.08
0 0.475 0.6675 0.03 0.07
0 0.8525 0.69 0.0325 0.045
0 0.44375 0.66625 0.03125 0.0725
0 0.375 0.68 0.0275 0.04125
0 0.33875 0.69625 0.035 0.04
0 0.30375 0.6975 0.03375 0.0375
0 0.275 0.64875 0.03625 0.04
0 0.27 0.695 0.03125 0.04375
0 0.2375 0.66625 0.0275 0.09625
0 0.20875 0.67 0.02875 0.1
0 0.175 0.66875 0.035 0.09875
0 0.0925 0.6425 0.0325 0.0725
0 0.13875 0.6625 0.03625 0.09875
0 0.0525 0.665 0.03875 0.1
0 0.01375 0.6675 0.025 0.095
0 0.88125 0.5875 0.02875 0.0325
0 0.4075 0.69625 0.0325 0.04
0 0.88875 0.69 0.0375 0.0425
0 0.18375 0.5525 0.02375 0.075
0 0.96 0.6925 0.03375 0.0375
0 0.925 0.69 0.03125 0.04375
0 0.64375 0.54375 0.02 0.0225
0 0.6725 0.545 0.03125 0.0225
0 0.81375 0.5875 0.03625 0.035
0 0.775 0.5725 0.025 0.03625
0 0.745 0.58625 0.03125 0.04
0 0.71125 0.585 0.02875 0.04
0 0.68 0.58625 0.03125 0.03625
0 0.61 0.54875 0.04625 0.08875
0 0.56125 0.53875 0.04375 0.0875
0 0.515 0.54625 0.04625 0.09
0 0.46875 0.5475 0.0425 0.09125
0 0.4225 0.53875 0.045 0.08875
0 0.3775 0.535 0.03875 0.09
0 0.64875 0.585 0.02875 0.03875
0 0.275 0.54625 0.05375 0.09125
0 0.99 0.65625 0.02 0.04125
0 0.33125 0.5375 0.05 0.0875
0 0.96 0.655 0.035 0.03625
0 0.98875 0.695 0.02125 0.03125
0 0.01625 0.5475 0.025 0.0775
0 0.04125 0.55125 0.02375 0.08
0 0.06375 0.55 0.01875 0.07875
0 0.1175 0.555 0.02125 0.0775
0 0.13875 0.55375 0.01875 0.07625
0 0.16 0.55625 0.02 0.07875
0 0.2225 0.54625 0.05125 0.09125
0 0.09 0.555 0.03 0.0775