0 0.35375 0.0975 0.05125 0.03625
0 0.31875 0.30625 0.0525 0.03375
0 0.265 0.30875 0.05125 0.035
0 0.23 0.24625 0.0225 0.03
0 0.23 0.21 0.02 0.035
0 0.425 0.24 0.05125 0.03
0 0.32 0.24125 0.04875 0.02875
0 0.26875 0.21 0.04875 0.03
0 0.32 0.2075 0.0475 0.035
0 0.37125 0.2425 0.05 0.03125
0 0.37625 0.21 0.0475 0.02875
0 0.26875 0.24375 0.05 0.03
0 0.305 0.145 0.045 0.0275
0 0.27875 0.76625 0.055 0.02625
0 0.62625 0.5175 0.04125 0.0325
0 0.47625 0.5775 0.0425 0.0325
0 0.5675 0.60875 0.045 0.03125
0 0.5225 0.61125 0.04 0.0325
0 0.4775 0.6125 0.0425 0.03125
0 0.4275 0.58375 0.04625 0.03125
0 0.42875 0.615 0.0475 0.0275
0 0.37875 0.58375 0.045 0.03375
0 0.38 0.61875 0.04625 0.0275
0 0.33 0.59 0.0475 0.02875
0 0.3275 0.6225 0.04875 0.02625
0 0.27625 0.59125 0.05 0.03125
0 0.255 0.14625 0.045 0.025
0 0.3025 0.1175 0.045 0.02375
0 0.25375 0.11875 0.045 0.02625
0 0.59 0.75375 0.05 0.02375
0 0.54125 0.75875 0.0475 0.02375
0 0.48875 0.76125 0.05 0.02375
0 0.48875 0.78375 0.0525 0.01375
0 0.54125 0.78125 0.045 0.015
0 0.5425 0.79625 0.04875 0.01
0 0.59125 0.7775 0.05 0.01625
0 0.64 0.77625 0.0475 0.01625
0 0.6425 0.79125 0.04625 0.01375
0 0.52125 0.5775 0.04375 0.0325
0 0.5675 0.575 0.04125 0.0325
0 0.615 0.61125 0.04875 0.02375
0 0.61375 0.57875 0.04625 0.02875
0 0.55 0.31375 0.03875 0.0075
0 0.51375 0.315 0.0375 0.01125
0 0.475 0.315 0.03625 0.0125
0 0.555 0.3 0.03625 0.0125
0 0.515 0.3025 0.03625 0.00875
0 0.50625 0.2925 0.025 0.01
0 0.47625 0.305 0.0325 0.00875
0 0.42625 0.34125 0.05125 0.03
0 0.3725 0.34 0.04875 0.03125
0 0.42875 0.305 0.0525 0.03125
0 0.375 0.3075 0.05125 0.0325
0 0.59125 0.795 0.04625 0.01375
0 0.32125 0.34 0.05 0.03125
0 0.6725 0.515 0.045 0.0325
0 0.71625 0.48125 0.045 0.035
0 0.71875 0.515 0.0425 0.03125
0 0.75625 0.4775 0.02875 0.0325
0 0.75875 0.5125 0.03375 0.03375
0 0.75875 0.57625 0.0325 0.03125
0 0.76 0.60625 0.03375 0.02875
0 0.71625 0.575 0.05 0.03
0 0.7175 0.6075 0.05 0.03
0 0.66375 0.5775 0.04875 0.03
0 0.665 0.60875 0.0475 0.02625
0 0.27 0.345 0.05125 0.03125
0 0.59375 0.315 0.03625 0.02375
0 0.43625 0.7625 0.05 0.0325
0 0.3875 0.765 0.04875 0.03
0 0.715 0.66625 0.05 0.0325
0 0.66 0.6975 0.04875 0.025
0 0.665 0.66375 0.05 0.03375
0 0.61125 0.6975 0.0475 0.0325
0 0.565 0.695 0.04375 0.0325
0 0.6125 0.6625 0.0475 0.02875
0 0.2775 0.62375 0.0475 0.03
0 0.235 0.59 0.03125 0.03375
0 0.2375 0.62375 0.03375 0.0325
0 0.23625 0.70875 0.03125 0.035
0 0.28125 0.705 0.05125 0.03125
0 0.335 0.675 0.0475 0.0275
0 0.37875 0.6725 0.03375 0.02625
0 0.42125 0.68 0.05 0.0175
0 0.3325 0.70625 0.04875 0.02875
0 0.3825 0.70375 0.045 0.02625
0 0.43 0.70375 0.04625 0.025
0 0.56625 0.66375 0.0425 0.03
0 0.52125 0.69875 0.0425 0.0325
0 0.47625 0.69875 0.0425 0.0325
0 0.52125 0.66625 0.04375 0.02875
0 0.475 0.66625 0.0475 0.02625
0 0.67 0.48125 0.045 0.03125
0 0.71 0.69625 0.05 0.0225
0 0.7575 0.665 0.03125 0.0325
0 0.7575 0.69875 0.03375 0.02625
0 0.7425 0.7525 0.0575 0.0275
0 0.3875 0.79625 0.04375 0.02875
0 0.335 0.76125 0.045 0.03
0 0.33625 0.79375 0.04625 0.03125
0 0.28125 0.7975 0.0575 0.02625
0 0.23375 0.7675 0.0275 0.0325
0 0.235 0.80125 0.0325 0.02625
0 0.2425 0.87125 0.045 0.07
0 0.3025 0.8675 0.0725 0.05875
0 0.37875 0.875 0.07 0.0375
0 0.44 0.84 0.07125 0.015
0 0.4475 0.8725 0.06625 0.03875
0 0.43625 0.79375 0.04625 0.025
0 0.5175 0.845 0.07375 0.02875
0 0.5875 0.865 0.0625 0.04875
0 0.655 0.865 0.0675 0.05
0 0.73125 0.85875 0.0725 0.045
0 0.645 0.91875 0.085 0.01
0 0.44375 0.92875 0.085 0.02125
0 0.31 0.94 0.0875 0.03125
0 0.64125 0.75375 0.04875 0.02625
0 0.69125 0.79 0.04875 0.015
0 0.69125 0.77625 0.04625 0.01375
0 0.69 0.75375 0.0425 0.025
0 0.74375 0.78375 0.05125 0.0275
0 0.52125 0.87625 0.06875 0.03125
0 0.5925 0.34 0.0375 0.0225
0 0.49125 0.80125 0.0475 0.0175
0 0.5125 0.32875 0.035 0.01375
0 0.67125 0.24375 0.03125 0.0125
0 0.66625 0.23 0.0375 0.01
0 0.43 0.42 0.0425 0.01125
0 0.43125 0.43125 0.0425 0.01125
0 0.43125 0.44375 0.0425 0.01125
0 0.38625 0.4425 0.0425 0.01125
0 0.38625 0.43 0.0425 0.01125
0 0.385 0.41875 0.0425 0.00875
0 0.3825 0.40875 0.04375 0.00875
0 0.385 0.39875 0.04375 0.00875
0 0.3825 0.38625 0.04375 0.0125
0 0.2375 0.49125 0.0375 0.0325
0 0.24 0.52625 0.04125 0.0325
0 0.285 0.49 0.0525 0.03125
0 0.28875 0.52625 0.05125 0.03375
0 0.33875 0.4875 0.04875 0.03125
0 0.33875 0.52375 0.045 0.03125
0 0.38875 0.48625 0.045 0.03
0 0.4375 0.485 0.04875 0.02625
0 0.39 0.5225 0.0475 0.03875
0 0.43875 0.52 0.04875 0.0375
0 0.48625 0.48625 0.04125 0.0325
0 0.3325 0.39875 0.04875 0.03
0 0.33375 0.4325 0.0475 0.03
0 0.2775 0.4 0.0525 0.03
0 0.28125 0.43375 0.05375 0.0325
0 0.23375 0.4025 0.0275 0.03
0 0.6275 0.23 0.025 0.015
0 0.23625 0.435 0.03375 0.03125
0 0.63125 0.24625 0.0325 0.0125
0 0.59375 0.24 0.0375 0.02125
0 0.5475 0.4075 0.0375 0.01875
0 0.50875 0.41 0.03875 0.0175
0 0.47125 0.41 0.03625 0.02
0 0.4675 0.3875 0.03875 0.01875
0 0.51 0.38625 0.0375 0.02
0 0.47375 0.43375 0.035 0.02125
0 0.42625 0.38625 0.0375 0.01125
0 0.5475 0.385 0.03625 0.02
0 0.58875 0.43 0.04 0.02125
0 0.5875 0.40875 0.0375 0.01625
0 0.58875 0.385 0.03625 0.02625
0 0.63 0.43125 0.035 0.015
0 0.42625 0.3975 0.0425 0.00875
0 0.62875 0.4075 0.04 0.02375
0 0.62875 0.385 0.04 0.02125
0 0.66875 0.42875 0.03625 0.01875
0 0.67 0.40625 0.0375 0.02125
0 0.67125 0.38375 0.03875 0.02375
0 0.71 0.4275 0.04 0.02125
0 0.43375 0.2125 0.045 0.0175
0 0.47 0.245 0.035 0.02125
0 0.4725 0.22375 0.03 0.0175
0 0.50875 0.24375 0.0375 0.0225
0 0.50875 0.2225 0.03625 0.0175
0 0.5525 0.2425 0.04 0.02375
0 0.4275 0.40875 0.0425 0.00875
0 0.55 0.22375 0.03625 0.00875
0 0.59125 0.21875 0.03875 0.0175
0 0.54875 0.43 0.03625 0.02125
0 0.5125 0.4325 0.03625 0.02
0 0.5875 0.1375 0.04375 0.0275
0 0.7525 0.24125 0.04 0.01375
0 0.74875 0.225 0.04125 0.0125
0 0.7725 0.13 0.015 0.03
0 0.7575 0.12875 0.015 0.0275
0 0.72375 0.13125 0.045 0.025
0 0.6775 0.1325 0.045 0.02625
0 0.6325 0.13625 0.04 0.02375
0 0.7525 0.38 0.04 0.02125
0 0.54125 0.135 0.0425 0.02875
0 0.70625 0.23125 0.03625 0.01125
0 0.59 0.10375 0.045 0.03
0 0.5 0.1425 0.04 0.02375
0 0.49875 0.115 0.03875 0.02625
0 0.45625 0.14 0.045 0.0275
0 0.45625 0.1075 0.0425 0.02875
0 0.40625 0.13875 0.0475 0.0325
0 0.35375 0.14 0.05125 0.03375
0 0.40625 0.09875 0.0475 0.03875
0 0.71125 0.405 0.03625 0.0225
0 0.71125 0.38125 0.035 0.02125
0 0.54375 0.10625 0.04625 0.0275
0 0.75125 0.42625 0.0375 0.02125
0 0.71125 0.2425 0.03625 0.01125
0 0.58125 0.5175 0.045 0.02875
0 0.5525 0.3275 0.0375 0.015
0 0.4725 0.34625 0.03875 0.01625
0 0.515 0.34625 0.04 0.015
0 0.555 0.34375 0.035 0.015
0 0.62875 0.3125 0.03125 0.01375
0 0.4725 0.33 0.03875 0.0125
0 0.63 0.32875 0.03375 0.01375
0 0.6325 0.34375 0.035 0.01375
0 0.67 0.32375 0.03875 0.01125
0 0.625 0.48375 0.03875 0.03125
0 0.6725 0.3375 0.03875 0.015
0 0.71 0.3225 0.0375 0.01375
0 0.715 0.3375 0.045 0.01625
0 0.74875 0.30625 0.04 0.015
0 0.755 0.32 0.04125 0.0125
0 0.76 0.33625 0.04 0.0175
0 0.4875 0.5225 0.04375 0.0325
0 0.535 0.48625 0.04375 0.03375
0 0.53375 0.52 0.04375 0.02875
0 0.58 0.48375 0.04625 0.035
0 0.705 0.3075 0.0375 0.0125
0 0.75125 0.40375 0.04 0.02125