0 0.2975 0.7575 0.0225 0.07625
0 0.27 0.765 0.02625 0.06625
0 0.24625 0.77875 0.02125 0.07125
0 0.21875 0.78875 0.03 0.05625
0 0.19 0.80125 0.0275 0.065
0 0.15625 0.80625 0.0325 0.06375
0 0.7575 0.515 0.01875 0.04875
0 0.18 0.09625 0.04875 0.0975
0 0.32 0.7475 0.0225 0.06125
0 0.78 0.50875 0.02125 0.05625
0 0.8025 0.50125 0.02375 0.065
0 0.84125 0.4875 0.0225 0.05
0 0.86375 0.4825 0.02 0.0575
0 0.3475 0.73625 0.02625 0.075
0 0.14 0.09625 0.02875 0.09625
0 0.40625 0.715 0.02375 0.0625
0 0.81 0.14 0.01125 0.06375
0 0.79125 0.1125 0.0225 0.065
0 0.7725 0.11125 0.01375 0.06875
0 0.7525 0.11 0.025 0.06625
0 0.7275 0.11125 0.02375 0.06375
0 0.70375 0.11125 0.02125 0.065
0 0.68 0.10875 0.025 0.0725
0 0.65125 0.105 0.0225 0.07375
0 0.625 0.1025 0.03 0.07875
0 0.59375 0.10125 0.02875 0.07375
0 0.56375 0.10125 0.03 0.0725
0 0.4675 0.1025 0.035 0.08125
0 0.43125 0.105 0.035 0.08125
0 0.39625 0.1025 0.03375 0.0875
0 0.355 0.10375 0.045 0.08375
0 0.37625 0.72875 0.03 0.06
0 0.27125 0.1025 0.035 0.0925
0 0.8275 0.14125 0.025 0.06125
0 0.85125 0.14625 0.01125 0.05
0 0.865 0.15125 0.01625 0.04125
0 0.1425 0.24875 0.03125 0.1175
0 0.64125 0.235 0.01875 0.09
0 0.62125 0.23625 0.01875 0.09375
0 0.60375 0.23625 0.0175 0.09375
0 0.585 0.2375 0.01875 0.095
0 0.5625 0.24 0.025 0.0925
0 0.48 0.24125 0.025 0.1
0 0.4525 0.2425 0.0275 0.0975
0 0.43125 0.24 0.015 0.0925
0 0.22875 0.0975 0.04875 0.10375
0 0.40875 0.24375 0.03 0.0875
0 0.35375 0.23625 0.025 0.1075
0 0.325 0.23875 0.03 0.10125
0 0.2975 0.24375 0.0225 0.1075
0 0.27 0.24625 0.03 0.1025
0 0.605 0.64375 0.02 0.0525
0 0.24 0.24625 0.02625 0.105
0 0.20875 0.245 0.0375 0.10875
0 0.175 0.24875 0.03125 0.11625
0 0.38 0.2425 0.0275 0.085
0 0.63 0.63875 0.02125 0.0625
0 0.6525 0.6275 0.01875 0.0525
0 0.675 0.61875 0.02125 0.06
0 0.49 0.825 0.01875 0.0775
0 0.51375 0.8125 0.0275 0.06375
0 0.54125 0.79875 0.0225 0.0525
0 0.5625 0.79 0.0175 0.06875
0 0.58375 0.7725 0.02375 0.05875
0 0.60625 0.76875 0.0225 0.07
0 0.62875 0.75125 0.02125 0.055
0 0.65125 0.74625 0.02 0.065
0 0.46875 0.8225 0.0225 0.0825
0 0.675 0.73375 0.02125 0.05375
0 0.715 0.7175 0.015 0.04625
0 0.7325 0.715 0.02125 0.05125
0 0.75125 0.68875 0.015 0.0725
0 0.77 0.68625 0.02 0.08
0 0.79625 0.6725 0.0275 0.06875
0 0.82 0.66875 0.01875 0.075
0 0.845 0.655 0.02875 0.05625
0 0.86875 0.6425 0.0125 0.065
0 0.695 0.73125 0.02125 0.0575
0 0.6625 0.2425 0.025 0.07375
0 0.445 0.835 0.0225 0.0775
0 0.3975 0.86875 0.025 0.05625
0 0.695 0.61 0.01625 0.05
0 0.7125 0.6075 0.01875 0.05625
0 0.73125 0.59875 0.02 0.045
0 0.74875 0.5925 0.01375 0.04375
0 0.7775 0.58375 0.01875 0.04875
0 0.7925 0.5775 0.01375 0.05875
0 0.8075 0.57125 0.0125 0.04625
0 0.82375 0.5675 0.01875 0.0525
0 0.42125 0.845 0.02125 0.0825
0 0.84875 0.555 0.02125 0.04625
0 0.13875 0.9725 0.025 0.05375
0 0.175 0.965 0.03375 0.06
0 0.21 0.95375 0.02875 0.075
0 0.24125 0.9425 0.02625 0.07125
0 0.27375 0.9175 0.03125 0.075
0 0.3075 0.90625 0.0325 0.0725
0 0.33875 0.895 0.02875 0.05875
0 0.36875 0.8825 0.025 0.05625
0 0.8675 0.55375 0.01375 0.0475
0 0.68875 0.23875 0.0225 0.06625
0 0.3125 0.09625 0.03875 0.1
0 0.735 0.2375 0.01875 0.0625
0 0.3625 0.6275 0.03625 0.0625
0 0.3275 0.64125 0.03125 0.0825
0 0.29 0.65125 0.03375 0.075
0 0.25375 0.66375 0.03625 0.0925
0 0.21625 0.67625 0.0375 0.07
0 0.17875 0.68625 0.03125 0.08375
0 0.14375 0.69125 0.0325 0.08
0 0.8675 0.40125 0.015 0.05875
0 0.85 0.4025 0.015 0.06375
0 0.83 0.4075 0.02375 0.055
0 0.8075 0.415 0.02 0.06875
0 0.78625 0.42 0.02125 0.05875
0 0.765 0.4225 0.01875 0.0625
0 0.74625 0.42875 0.01875 0.05125
0 0.72625 0.43375 0.02125 0.0625
0 0.705 0.43375 0.01875 0.06375
0 0.68125 0.44 0.03 0.075
0 0.4 0.62 0.035 0.07875
0 0.4325 0.60875 0.03125 0.06125
0 0.4625 0.59875 0.0275 0.08375
0 0.49 0.585 0.02875 0.06625
0 0.43125 0.71 0.0225 0.06875
0 0.71125 0.2375 0.0225 0.06375
0 0.48125 0.69375 0.025 0.07125
0 0.5075 0.67625 0.02125 0.0625
0 0.53375 0.67 0.0225 0.06875
0 0.55875 0.66 0.0225 0.05375
0 0.58375 0.6525 0.0225 0.06875
0 0.7375 0.52375 0.02 0.06
0 0.65875 0.44375 0.01625 0.0675
0 0.72 0.5275 0.01375 0.05625
0 0.67875 0.5325 0.01875 0.0625
0 0.65625 0.54125 0.02625 0.07375
0 0.63125 0.54875 0.02375 0.05875
0 0.60375 0.55625 0.02875 0.07125
0 0.58 0.5625 0.02125 0.06
0 0.5575 0.57 0.0225 0.07375
0 0.535 0.5725 0.02125 0.06625
0 0.51375 0.58 0.0175 0.0775
0 0.7 0.53125 0.0225 0.0625
0 0.6325 0.45 0.0275 0.0775
0 0.45625 0.70125 0.025 0.05875
0 0.585 0.465 0.02 0.07
0 0.635 0.3475 0.02 0.06875
0 0.6125 0.35 0.02375 0.065
0 0.585 0.35625 0.02625 0.075
0 0.55875 0.35625 0.02625 0.07125
0 0.4675 0.36875 0.0375 0.08125
0 0.4325 0.37375 0.03 0.0875
0 0.61 0.45375 0.01875 0.06875
0 0.36 0.38625 0.0375 0.09375
0 0.3225 0.39 0.03625 0.08875
0 0.285 0.3975 0.03625 0.10375
0 0.24625 0.4 0.04 0.1
0 0.20625 0.40625 0.03875 0.10875
0 0.16375 0.41125 0.04125 0.1
0 0.86375 0.2275 0.01875 0.06125
0 0.83875 0.23375 0.02125 0.0675
0 0.815 0.2375 0.02375 0.06125
0 0.77875 0.23625 0.025 0.06875
0 0.6575 0.34375 0.02375 0.06125
0 0.6825 0.3425 0.0225 0.0625
0 0.39875 0.37875 0.0375 0.08
0 0.72625 0.3375 0.0175 0.06125
0 0.705 0.34 0.02375 0.05625
0 0.5625 0.4675 0.02125 0.065
0 0.495 0.48375 0.03 0.07
0 0.465 0.49 0.02875 0.07625
0 0.435 0.49375 0.03125 0.0675
0 0.40125 0.5025 0.0325 0.08
0 0.3625 0.51 0.04 0.075
0 0.325 0.52 0.03125 0.0875
0 0.29 0.5225 0.03 0.085
0 0.75625 0.235 0.02125 0.0675
0 0.2175 0.54 0.0375 0.0875
0 0.255 0.535 0.0325 0.0975
0 0.76875 0.3275 0.02375 0.065
0 0.80125 0.31875 0.0225 0.065
0 0.82625 0.31625 0.025 0.06875
0 0.74625 0.3325 0.02 0.0525
0 0.86875 0.31 0.0125 0.06875
0 0.14375 0.55375 0.03125 0.08875
0 0.17875 0.54875 0.0375 0.1025
0 0.85 0.3125 0.0225 0.0625