0 0.1775 0.57875 0.0425 0.05375
0 0.8675 0.48375 0.01375 0.0525
0 0.8475 0.47625 0.02125 0.06875
0 0.38 0.58375 0.03375 0.0625
0 0.26875 0.61125 0.0325 0.01
0 0.30625 0.585 0.035 0.0625
0 0.34375 0.585 0.03125 0.06625
0 0.51 0.67625 0.03375 0.0125
0 0.53125 0.585 0.03625 0.06375
0 0.4925 0.58375 0.03375 0.06625
0 0.82375 0.4875 0.0175 0.04625
0 0.45625 0.5825 0.0325 0.06375
0 0.41875 0.585 0.03375 0.06375
0 0.225 0.58625 0.045 0.05875
0 0.8025 0.48125 0.0175 0.06
0 0.8675 0.585 0.01375 0.0675
0 0.75375 0.49625 0.0225 0.03125
0 0.75875 0.35625 0.0325 0.07875
0 0.72125 0.3575 0.0375 0.07625
0 0.68 0.35875 0.03875 0.07625
0 0.6375 0.35625 0.04125 0.07625
0 0.59125 0.35625 0.03875 0.0725
0 0.515 0.38375 0.03 0.01375
0 0.45625 0.345 0.07625 0.0975
0 0.37625 0.34375 0.07125 0.0975
0 0.7975 0.35875 0.03875 0.0775
0 0.79875 0.58875 0.02 0.05625
0 0.775 0.585 0.02375 0.06625
0 0.75125 0.5875 0.01875 0.06375
0 0.7175 0.58375 0.04125 0.0625
0 0.64625 0.58625 0.04 0.06
0 0.78 0.485 0.0225 0.05375
0 0.605 0.58375 0.0325 0.0675
0 0.825 0.59125 0.025 0.05125
0 0.85 0.58375 0.01875 0.06625
0 0.85125 0.34625 0.0475 0.095
0 0.1825 0.68875 0.03375 0.00875
0 0.17875 0.7025 0.035 0.00875
0 0.22125 0.68 0.03125 0.00875
0 0.21875 0.695 0.03375 0.00625
0 0.25875 0.67 0.0325 0.05875
0 0.29 0.67 0.02625 0.0575
0 0.32625 0.6675 0.03875 0.06125
0 0.3625 0.6675 0.0275 0.06
0 0.3975 0.66875 0.03625 0.06125
0 0.435 0.67 0.03 0.06125
0 0.47 0.66875 0.035 0.0625
0 0.5675 0.585 0.0325 0.065
0 0.16875 0.465 0.0575 0.08625
0 0.22375 0.465 0.04625 0.08375
0 0.635 0.66875 0.0225 0.06375
0 0.67125 0.79 0.02375 0.085
0 0.64875 0.78875 0.01625 0.08625
0 0.62625 0.78875 0.0225 0.09
0 0.6 0.78875 0.02625 0.08875
0 0.575 0.78375 0.02 0.09375
0 0.5525 0.7875 0.0175 0.09375
0 0.5275 0.7875 0.02625 0.0925
0 0.50375 0.7925 0.01625 0.0775
0 0.4825 0.7925 0.02 0.08
0 0.46125 0.7925 0.01625 0.07875
0 0.44 0.7925 0.02125 0.08375
0 0.83125 0.67625 0.0175 0.055
0 0.85375 0.66875 0.02125 0.06375
0 0.8725 0.67125 0.005 0.0625
0 0.1675 0.79375 0.02 0.08
0 0.19 0.79125 0.02125 0.085
0 0.24 0.785 0.01875 0.08125
0 0.26125 0.79 0.01625 0.08125
0 0.28 0.79375 0.01625 0.08
0 0.30125 0.79125 0.02 0.08125
0 0.32375 0.7925 0.02 0.07625
0 0.34625 0.79125 0.015 0.08
0 0.3675 0.79125 0.01875 0.0775
0 0.39125 0.7825 0.01875 0.08
0 0.4125 0.7825 0.01625 0.075
0 0.69625 0.78875 0.01875 0.08
0 0.61 0.66875 0.02125 0.06875
0 0.7375 0.78875 0.02125 0.08625
0 0.78875 0.7875 0.0175 0.085
0 0.66 0.66875 0.01875 0.06625
0 0.6825 0.6675 0.02125 0.0675
0 0.71125 0.67375 0.02875 0.04875
0 0.7425 0.67 0.02125 0.0625
0 0.765 0.67 0.02 0.06125
0 0.7875 0.66625 0.0175 0.06125
0 0.81 0.67 0.0175 0.05625
0 0.2775 0.4675 0.05125 0.08375
0 0.33125 0.46625 0.0475 0.0825
0 0.38375 0.4675 0.0525 0.0825
0 0.4275 0.48125 0.02625 0.0575
0 0.4575 0.48125 0.02875 0.0575
0 0.4875 0.4825 0.02625 0.0575
0 0.515 0.47625 0.02 0.0475
0 0.5425 0.48 0.025 0.05875
0 0.57 0.48125 0.0225 0.05875
0 0.595 0.48125 0.02 0.05625
0 0.61875 0.4825 0.02125 0.055
0 0.64 0.4825 0.0175 0.055
0 0.66375 0.4825 0.02375 0.055
0 0.6875 0.48125 0.01625 0.05625
0 0.87125 0.78875 0.00625 0.0825
0 0.85625 0.78875 0.01625 0.07875
0 0.83625 0.78875 0.015 0.08375
0 0.81375 0.78875 0.02375 0.0825
0 0.76375 0.78875 0.02375 0.08625
0 0.55125 0.67 0.03625 0.065
0 0.70875 0.47875 0.02 0.065
0 0.765 0.17625 0.0475 0.1475
0 0.58125 0.18875 0.035 0.11625
0 0.54125 0.19125 0.03375 0.11375
0 0.5 0.1875 0.03625 0.11875
0 0.6775 0.18 0.02125 0.135
0 0.71375 0.175 0.0425 0.14125
0 0.285 0.34125 0.09625 0.1
0 0.18375 0.34 0.09875 0.1025
0 0.85375 0.20375 0.035 0.09375
0 0.73 0.48 0.01875 0.06625
0 0.45625 0.1875 0.0375 0.1175
0 0.41 0.18125 0.04125 0.1275
0 0.3675 0.1825 0.03625 0.1275
0 0.325 0.185 0.04 0.12
0 0.28875 0.18375 0.02125 0.1225
0 0.2475 0.1775 0.055 0.13
0 0.155 0.17 0.04 0.14125
0 0.81125 0.18375 0.04 0.1325
0 0.61375 0.18375 0.02625 0.125
0 0.645 0.18125 0.03 0.12875