0 0.5525 0.6325 0.05125 0.0375
0 0.495 0.66875 0.055 0.03375
0 0.845 0.71 0.06 0.03625
0 0.72125 0.71 0.05625 0.035
0 0.7225 0.67 0.05125 0.0375
0 0.6625 0.71 0.05 0.03375
0 0.79625 0.6325 0.0525 0.0375
0 0.78125 0.67 0.055 0.02875
0 0.7825 0.71 0.055 0.035
0 0.84625 0.67 0.05625 0.03125
0 0.665 0.67 0.05125 0.03375
0 0.66625 0.6325 0.05375 0.035
0 0.60625 0.70875 0.0525 0.03375
0 0.6075 0.67 0.0475 0.03125
0 0.60875 0.6325 0.05375 0.035
0 0.55125 0.67125 0.05125 0.0325
0 0.49375 0.7075 0.055 0.03625
0 0.4975 0.63125 0.05125 0.03375
0 0.28125 0.82125 0.09 0.03625
0 0.675 0.81625 0.07125 0.05125
0 0.28625 0.89875 0.08625 0.02875
0 0.805 0.03625 0.10625 0.0675
0 0.69875 0.0375 0.10125 0.0675
0 0.52625 0.045 0.2 0.08375
0 0.31125 0.045 0.21875 0.08125
0 0.1575 0.245 0.04 0.0975
0 0.17125 0.61 0.03875 0.0475
0 0.16125 0.70875 0.05875 0.0475
0 0.16 0.9025 0.0625 0.085
0 0.16125 0.8 0.05625 0.07875
0 0.825 0.9275 0.06875 0.05
0 0.82875 0.87125 0.07125 0.0525
0 0.82875 0.815 0.07125 0.05
0 0.75 0.92625 0.07125 0.05
0 0.75 0.87125 0.0775 0.05
0 0.75125 0.81625 0.07125 0.05375
0 0.67125 0.92375 0.07375 0.0475
0 0.6725 0.87125 0.0725 0.05
0 0.43625 0.7075 0.05125 0.0325
0 0.59625 0.92375 0.0725 0.04875
0 0.595 0.86875 0.07125 0.05
0 0.51875 0.92375 0.0725 0.05125
0 0.52 0.86875 0.075 0.0525
0 0.44375 0.92375 0.07375 0.0475
0 0.36875 0.92625 0.0725 0.04875
0 0.445 0.87125 0.07 0.04875
0 0.36875 0.8725 0.07125 0.05
0 0.445 0.815 0.07375 0.05
0 0.3675 0.81625 0.075 0.05
0 0.28375 0.93375 0.085 0.03125
0 0.285 0.86125 0.0875 0.0325
0 0.435 0.67125 0.0475 0.0325
0 0.3775 0.56 0.05875 0.0325
0 0.38 0.7075 0.05125 0.03
0 0.25875 0.55875 0.0525 0.0375
0 0.2725 0.25125 0.03 0.095
0 0.30625 0.2475 0.0325 0.0975
0 0.34625 0.2525 0.035 0.0975
0 0.53125 0.25875 0.05375 0.085
0 0.59 0.25375 0.05625 0.08625
0 0.645 0.25375 0.05 0.0875
0 0.70125 0.25375 0.0575 0.0875
0 0.7625 0.25625 0.0525 0.08875
0 0.82125 0.25625 0.0575 0.09
0 0.8625 0.25625 0.0225 0.0875
0 0.19375 0.38625 0.08875 0.04625
0 0.2625 0.3875 0.0375 0.07125
0 0.31 0.38375 0.04125 0.08375
0 0.37125 0.3825 0.03875 0.08625
0 0.4125 0.38125 0.0325 0.08125
0 0.46125 0.38125 0.04875 0.08875
0 0.5125 0.35625 0.0375 0.04875
0 0.52 0.405 0.0425 0.04
0 0.575 0.41375 0.05 0.02875
0 0.63 0.38375 0.0525 0.08875
0 0.68625 0.4125 0.03875 0.02875
0 0.74125 0.36375 0.04875 0.03
0 0.7425 0.405 0.0525 0.04
0 0.79375 0.37125 0.0375 0.0275
0 0.8 0.41125 0.0525 0.03375
0 0.85625 0.395 0.03625 0.06
0 0.25875 0.48125 0.05625 0.03375
0 0.25625 0.52 0.0575 0.0325
0 0.31375 0.4825 0.04625 0.03625
0 0.3175 0.52125 0.05625 0.03125
0 0.31875 0.56 0.05625 0.03625
0 0.37 0.4825 0.05875 0.0325
0 0.38125 0.67125 0.0525 0.035
0 0.3775 0.63125 0.05 0.03625
0 0.32125 0.7075 0.055 0.0325
0 0.32125 0.67 0.055 0.0325
0 0.32125 0.63125 0.055 0.03625
0 0.26375 0.7075 0.05625 0.0325
0 0.2625 0.67 0.05875 0.03375
0 0.2625 0.63125 0.05875 0.035
0 0.86 0.5625 0.03125 0.0375
0 0.86 0.52125 0.03125 0.03
0 0.81 0.56 0.0575 0.03375
0 0.81 0.5225 0.055 0.03125
0 0.8125 0.4825 0.05625 0.035
0 0.7475 0.56 0.05625 0.035
0 0.43875 0.63125 0.0525 0.03625
0 0.7425 0.515 0.04875 0.0325
0 0.66625 0.5425 0.02875 0.06875
0 0.61875 0.55875 0.05375 0.035
0 0.62 0.52125 0.0525 0.03125
0 0.62375 0.48125 0.05875 0.0325
0 0.56 0.56 0.05125 0.03375
0 0.56125 0.5225 0.05375 0.0325
0 0.56375 0.48125 0.05375 0.035
0 0.50125 0.56 0.0575 0.0375
0 0.5025 0.52125 0.05375 0.035
0 0.5025 0.48125 0.05625 0.035
0 0.44125 0.56 0.05375 0.0375
0 0.44 0.52125 0.055 0.0325
0 0.4375 0.4825 0.05625 0.035
0 0.3775 0.52125 0.05875 0.0325
0 0.69875 0.54375 0.03125 0.065
0 0.55125 0.7075 0.05125 0.03125
0 0.4 0.25875 0.0375 0.09375