0 0.555 0.4875 0.065 0.0725
0 0.61 0.76875 0.055 0.08
0 0.67875 0.44625 0.03875 0.08
0 0.72 0.4525 0.0275 0.08625
0 0.76 0.46125 0.04625 0.09375
0 0.81875 0.47 0.04875 0.09125
0 0.6625 0.53875 0.0375 0.0925
0 0.70375 0.54875 0.0375 0.095
0 0.71375 0.655 0.0375 0.0875
0 0.79875 0.57875 0.0425 0.11
0 0.85125 0.59125 0.045 0.10625
0 0.67375 0.64125 0.03375 0.08375
0 0.54 0.7275 0.06125 0.0725
0 0.75875 0.67125 0.04375 0.095
0 0.80625 0.69 0.0475 0.09
0 0.85625 0.705 0.03625 0.0925
0 0.75 0.5625 0.045 0.09375
0 0.475 0.69625 0.04625 0.07
0 0.4225 0.67125 0.05125 0.065
0 0.61125 0.6775 0.0475 0.0825
0 0.48375 0.4675 0.06 0.07125
0 0.42625 0.4525 0.05 0.0775
0 0.5725 0.3225 0.04875 0.05875
0 0.56125 0.3975 0.07125 0.08875
0 0.49 0.38875 0.05875 0.08
0 0.365 0.60125 0.04625 0.10125
0 0.32 0.58125 0.03875 0.08625
0 0.42125 0.52875 0.05 0.06
0 0.355 0.4925 0.06 0.0875
0 0.3 0.48375 0.035 0.0875
0 0.3475 0.39625 0.0625 0.1
0 0.61125 0.49875 0.04125 0.08375
0 0.29625 0.38625 0.0325 0.09375
0 0.47875 0.28875 0.05 0.09875
0 0.42875 0.2925 0.03875 0.10625
0 0.385 0.29 0.04375 0.11375
0 0.3375 0.28875 0.04625 0.1075
0 0.265 0.29 0.04625 0.0675
0 0.47875 0.54625 0.055 0.07625
0 0.54625 0.56875 0.06 0.07375
0 0.61625 0.59 0.05 0.0725
0 0.42125 0.60125 0.0475 0.06375
0 0.4825 0.625 0.055 0.06375
0 0.54625 0.65 0.05375 0.06625
0 0.26125 0.37875 0.03625 0.09
0 0.27125 0.565 0.04375 0.07125
0 0.26125 0.47375 0.03625 0.0875