0 0.5225 0.1125 0.02875 0.07
0 0.55625 0.1175 0.02875 0.075
0 0.45125 0.105 0.10375 0.0925
0 0.60625 0.24375 0.02625 0.09875
0 0.275 0.09625 0.115 0.10625
0 0.1725 0.085 0.0775 0.0975
0 0.58875 0.1175 0.03375 0.07375
0 0.35625 0.1025 0.03125 0.0825
0 0.625 0.1175 0.03625 0.0675
0 0.165 0.2575 0.0275 0.0825
0 0.85125 0.11625 0.025 0.08375
0 0.6325 0.2575 0.01625 0.06375
0 0.65375 0.2525 0.02625 0.06
0 0.7075 0.2575 0.045 0.05
0 0.7425 0.2575 0.01375 0.045
0 0.7775 0.25875 0.03375 0.04875
0 0.8225 0.23125 0.03375 0.0825
0 0.85125 0.23125 0.02375 0.08375
0 0.14125 0.42375 0.03125 0.08625
0 0.575 0.24375 0.0275 0.09375
0 0.77875 0.58125 0.02875 0.0725
0 0.485 0.245 0.025 0.095
0 0.4525 0.25 0.03625 0.1025
0 0.3375 0.265 0.035 0.05125
0 0.30875 0.26625 0.01875 0.06
0 0.2725 0.25875 0.03 0.08125
0 0.24 0.26125 0.035 0.08625
0 0.19875 0.2575 0.02875 0.08125
0 0.815 0.11 0.0375 0.0975
0 0.54625 0.24625 0.02625 0.0975
0 0.81125 0.5775 0.02125 0.08125
0 0.46625 0.96625 0.0275 0.0675
0 0.30375 0.44375 0.04125 0.02625
0 0.3425 0.4375 0.0275 0.0325
0 0.38 0.4325 0.02625 0.025
0 0.41 0.43125 0.025 0.02625
0 0.46375 0.4 0.07875 0.0975
0 0.52875 0.41 0.035 0.0575
0 0.61125 0.39875 0.0425 0.05875
0 0.65625 0.395 0.04125 0.05375
0 0.78375 0.36375 0.0475 0.08625
0 0.16125 0.6025 0.03625 0.05625
0 0.21 0.56625 0.0375 0.125
0 0.25375 0.5625 0.035 0.105
0 0.3 0.55625 0.02875 0.105
0 0.34375 0.54875 0.05625 0.09125
0 0.44 0.5375 0.1125 0.0825
0 0.67 0.5 0.04 0.09125
0 0.71375 0.49375 0.04 0.09625
0 0.4325 0.96875 0.02875 0.0625
0 0.75125 0.49125 0.0275 0.0875
0 0.78375 0.49125 0.02875 0.08
0 0.8175 0.47125 0.02875 0.09
0 0.8575 0.46625 0.035 0.0925
0 0.15 0.7325 0.04875 0.05625
0 0.345 0.68375 0.035 0.07625
0 0.3875 0.67625 0.0475 0.09375
0 0.47375 0.65625 0.055 0.0825
0 0.52875 0.665 0.05125 0.04375
0 0.56625 0.62 0.03625 0.04
0 0.61 0.6225 0.035 0.06125
0 0.26 0.41875 0.04125 0.07125
0 0.2175 0.42125 0.03875 0.07875
0 0.515 0.24625 0.03125 0.0975
0 0.8375 0.57625 0.02875 0.08
0 0.77 0.7 0.02875 0.0775
0 0.1775 0.425 0.03375 0.075
0 0.80875 0.70125 0.04125 0.03
0 0.8375 0.83375 0.05625 0.0625
0 0.77 0.875 0.03375 0.04875
0 0.74 0.89 0.02 0.04625
0 0.70625 0.90125 0.0325 0.05875
0 0.655 0.92 0.03125 0.05625
0 0.61875 0.9325 0.035 0.05125
0 0.55875 0.94375 0.02875 0.0775
0 0.58875 0.95 0.01875 0.05125
0 0.52625 0.95875 0.03 0.08
0 0.735 0.70625 0.03125 0.07625
0 0.7125 0.71625 0.02125 0.075
0 0.84875 0.6775 0.0225 0.06
0 0.64875 0.73375 0.0325 0.08125
0 0.20375 0.85125 0.04 0.09875
0 0.6875 0.72125 0.0275 0.07625
0 0.15125 0.88375 0.05 0.0425
0 0.2775 0.83125 0.02875 0.0875
0 0.31125 0.81625 0.02625 0.0975
0 0.345 0.8225 0.02875 0.085
0 0.24125 0.84125 0.03625 0.10625
0 0.4 0.80375 0.02875 0.06625
0 0.4425 0.81375 0.0375 0.045
0 0.4825 0.8 0.0375 0.03125
0 0.52625 0.76 0.03875 0.07625
0 0.60625 0.74125 0.04625 0.06875
0 0.3725 0.81375 0.025 0.08125
0 0.5625 0.75375 0.03 0.08625