0 0.4875 0.53125 0.02875 0.02875
0 0.45875 0.53125 0.02875 0.02875
0 0.55625 0.39875 0.0275 0.03
0 0.5275 0.3975 0.0275 0.03
0 0.59 0.40375 0.0275 0.03
0 0.34 0.42 0.02625 0.03
0 0.37125 0.42125 0.02625 0.03
0 0.4025 0.4225 0.0275 0.03
0 0.4275 0.53 0.02875 0.02875
0 0.51625 0.53375 0.02875 0.02875
0 0.46625 0.39375 0.02875 0.02875
0 0.43375 0.3925 0.02875 0.0275
0 0.395 0.56 0.02875 0.02875
0 0.3625 0.5575 0.02875 0.02875
0 0.3325 0.5575 0.02875 0.02875
0 0.57875 0.5375 0.02875 0.02875
0 0.5475 0.53625 0.02875 0.02875
0 0.46875 0.34875 0.03 0.03125
0 0.49875 0.35 0.02625 0.03125
0 0.5275 0.35375 0.02875 0.02875
0 0.56 0.35375 0.02875 0.0275
0 0.59125 0.35625 0.02875 0.02875
0 0.34 0.3875 0.02875 0.0275
0 0.37125 0.38875 0.02875 0.02875
0 0.405 0.39 0.02875 0.0275
0 0.4975 0.39625 0.02875 0.0275
0 0.4325 0.42375 0.0275 0.03
0 0.4925 0.46125 0.02625 0.03
0 0.49375 0.42875 0.0275 0.03
0 0.425 0.56 0.02875 0.02875
0 0.51875 0.505 0.0275 0.025
0 0.55 0.505 0.0275 0.02625
0 0.58 0.50625 0.0275 0.02625
0 0.33625 0.52625 0.0275 0.02625
0 0.36625 0.52625 0.0275 0.0275
0 0.49 0.5025 0.0275 0.02625
0 0.46125 0.5 0.02875 0.025
0 0.43125 0.49875 0.02875 0.025
0 0.4 0.4975 0.02875 0.025
0 0.37 0.49625 0.02875 0.025
0 0.34 0.495 0.0275 0.03
0 0.58375 0.4675 0.0275 0.03
0 0.4375 0.3475 0.03 0.03125
0 0.55375 0.46375 0.02625 0.03
0 0.39625 0.5275 0.02875 0.02875
0 0.52375 0.46375 0.02625 0.03
0 0.4625 0.4575 0.0275 0.03
0 0.43125 0.45625 0.0275 0.03
0 0.4 0.45625 0.0275 0.03
0 0.3675 0.45375 0.0275 0.03
0 0.3375 0.45125 0.0275 0.03
0 0.58625 0.435 0.02625 0.03
0 0.555 0.43125 0.0275 0.03
0 0.52375 0.43125 0.0275 0.03
0 0.46375 0.42625 0.0275 0.03
0 0.45625 0.5625 0.02875 0.02875
0 0.37625 0.3075 0.02875 0.0325
0 0.515 0.56625 0.02875 0.02875
0 0.34875 0.23625 0.03125 0.03375
0 0.60625 0.21625 0.03 0.04
0 0.57375 0.215 0.03 0.04
0 0.54125 0.21125 0.03 0.04
0 0.51 0.21 0.03 0.04
0 0.4775 0.20875 0.03 0.04
0 0.44625 0.2075 0.03 0.04
0 0.415 0.20375 0.03 0.0375
0 0.38125 0.23875 0.02875 0.0325
0 0.3825 0.20125 0.0325 0.0375
0 0.51125 0.66 0.0275 0.02875
0 0.48125 0.6575 0.0275 0.02875
0 0.45 0.655 0.0275 0.02875
0 0.39 0.70375 0.0275 0.02875
0 0.4175 0.7025 0.0275 0.02875
0 0.44625 0.70375 0.0275 0.02875
0 0.47625 0.705 0.0275 0.02875
0 0.50625 0.70625 0.0275 0.02875
0 0.3475 0.2 0.0325 0.0375
0 0.535 0.71125 0.0275 0.02875
0 0.4125 0.24125 0.03125 0.03125
0 0.4775 0.24625 0.03 0.03125
0 0.40625 0.30875 0.02875 0.0325
0 0.4375 0.31125 0.0275 0.03375
0 0.46875 0.3125 0.0275 0.03375
0 0.50125 0.315 0.0275 0.03375
0 0.5325 0.31625 0.0275 0.03375
0 0.5625 0.32 0.0275 0.03375
0 0.595 0.3225 0.0275 0.03375
0 0.34125 0.34125 0.03 0.03125
0 0.44625 0.24375 0.03 0.02875
0 0.3725 0.34125 0.03 0.03125
0 0.32875 0.70125 0.02625 0.02875
0 0.57 0.66375 0.02625 0.02875
0 0.54 0.66 0.02625 0.02875
0 0.34125 0.30625 0.02875 0.0325
0 0.605 0.25625 0.0275 0.0325
0 0.5725 0.2525 0.02875 0.0325
0 0.54 0.25125 0.02875 0.0325
0 0.50875 0.24875 0.02875 0.03125
0 0.36 0.7025 0.0275 0.02875
0 0.565 0.7125 0.0275 0.02875
0 0.3275 0.73125 0.0275 0.02875
0 0.3575 0.73375 0.0275 0.02875
0 0.47 0.83 0.02625 0.02625
0 0.5 0.8325 0.0275 0.02375
0 0.53 0.83375 0.02875 0.02375
0 0.56 0.835 0.02875 0.02375
0 0.39125 0.65375 0.0275 0.03125
0 0.36125 0.65125 0.0275 0.0275
0 0.33 0.65 0.0275 0.03
0 0.57375 0.62875 0.0275 0.0325
0 0.4425 0.8275 0.02625 0.02625
0 0.54375 0.6275 0.0275 0.0325
0 0.4825 0.625 0.03 0.03
0 0.45125 0.6225 0.03 0.03
0 0.4225 0.62 0.02625 0.03125
0 0.3925 0.61875 0.02625 0.03125
0 0.3625 0.6175 0.02625 0.03125
0 0.33125 0.61625 0.02625 0.03125
0 0.57625 0.56875 0.02875 0.02875
0 0.545 0.56875 0.02875 0.02875
0 0.51375 0.62625 0.03 0.03
0 0.4125 0.82625 0.02875 0.0275
0 0.3825 0.82625 0.02875 0.0275
0 0.35125 0.825 0.02875 0.02625
0 0.3875 0.735 0.0275 0.02875
0 0.4175 0.735 0.0275 0.02875
0 0.4475 0.73625 0.0275 0.02875
0 0.475 0.7375 0.0275 0.02875
0 0.505 0.73875 0.0275 0.02875
0 0.53375 0.74125 0.0275 0.02875
0 0.56375 0.74375 0.0275 0.02875
0 0.32 0.795 0.0275 0.02875
0 0.35125 0.7975 0.0275 0.02875
0 0.38375 0.7975 0.0275 0.02875
0 0.41375 0.7975 0.0275 0.02875
0 0.4425 0.8 0.0275 0.02875
0 0.47 0.80125 0.0275 0.02875
0 0.5 0.8025 0.0275 0.02875
0 0.53125 0.805 0.0275 0.02875
0 0.56 0.8075 0.0275 0.02875
0 0.59625 0.8075 0.03125 0.0275
0 0.42125 0.65375 0.02625 0.02875
0 0.32125 0.82375 0.02875 0.02625
0 0.485 0.56375 0.02875 0.02875
0 0.28875 0.8225 0.03125 0.0275
0 0.405 0.34375 0.03 0.03125
0 0.55875 0.86375 0.02625 0.0275
0 0.59125 0.8375 0.02875 0.02375
0 0.3225 0.85125 0.02875 0.02625
0 0.35125 0.855 0.02875 0.02625
0 0.38125 0.855 0.02875 0.02625
0 0.4125 0.855 0.02875 0.02625
0 0.44125 0.85875 0.02875 0.02625
0 0.29125 0.85125 0.03125 0.025
0 0.50125 0.86125 0.02875 0.02625
0 0.53125 0.8625 0.02875 0.02625
0 0.58875 0.86625 0.02625 0.02625
0 0.4725 0.86 0.02875 0.02625