0 0.38 0.97375 0.02875 0.02875
0 0.1625 0.97 0.0225 0.05875
0 0.2025 0.795 0.01875 0.0575
0 0.18625 0.7925 0.01375 0.0625
0 0.16875 0.79125 0.02 0.05875
0 0.14625 0.7875 0.0225 0.06625
0 0.38 0.9375 0.03 0.035
0 0.23 0.96875 0.02375 0.06
0 0.2075 0.97 0.01875 0.06
0 0.18625 0.97125 0.02 0.0575
0 0.1375 0.9675 0.02375 0.06375
0 0.5625 0.9625 0.01875 0.06625
0 0.6575 0.96875 0.01375 0.0625
0 0.6375 0.96375 0.0225 0.07
0 0.615 0.96375 0.02125 0.0725
0 0.59 0.9575 0.02375 0.08
0 0.53875 0.9625 0.0225 0.075
0 0.51 0.96 0.02375 0.07
0 0.48375 0.9575 0.0225 0.06875
0 0.45 0.97125 0.03375 0.04125
0 0.41375 0.97 0.03 0.03875
0 0.35125 0.95625 0.02125 0.065
0 0.67875 0.9675 0.01625 0.06375
0 0.32875 0.95 0.0225 0.0775
0 0.21125 0.87875 0.02 0.0725
0 0.27375 0.94375 0.03375 0.0725
0 0.485 0.65 0.0325 0.02125
0 0.48875 0.6225 0.03125 0.02375
0 0.4575 0.6325 0.02125 0.065
0 0.43375 0.63125 0.02625 0.0625
0 0.4725 0.84875 0.01875 0.0775
0 0.40625 0.63 0.0225 0.065
0 0.37875 0.63375 0.0225 0.06125
0 0.35875 0.635 0.0175 0.05875
0 0.3425 0.63375 0.0125 0.05375
0 0.325 0.62625 0.02 0.06875
0 0.30125 0.625 0.02625 0.0675
0 0.27375 0.6275 0.0275 0.075
0 0.20875 0.6225 0.025 0.0625
0 0.18625 0.6225 0.015 0.0575
0 0.17125 0.61875 0.01375 0.06625
0 0.1525 0.62 0.02 0.06125
0 0.13375 0.6225 0.0175 0.055
0 0.23625 0.87875 0.02 0.0725
0 0.26375 0.835 0.01875 0.08125
0 0.285 0.84125 0.0225 0.07125
0 0.30625 0.84125 0.0175 0.0725
0 0.3275 0.845 0.025 0.06625
0 0.3525 0.84625 0.0225 0.0775
0 0.53125 0.61375 0.04125 0.06625
0 0.38125 0.84375 0.03 0.0775
0 0.43125 0.8475 0.0175 0.07125
0 0.4525 0.84875 0.02125 0.07875
0 0.17875 0.8875 0.03875 0.015
0 0.19625 0.7175 0.02875 0.04
0 0.14875 0.87625 0.01875 0.06875
0 0.23 0.7175 0.03625 0.04
0 0.41 0.84375 0.025 0.0775
0 0.56625 0.63625 0.02125 0.055
0 0.49125 0.84875 0.01875 0.08375
0 0.5125 0.85 0.0225 0.08125
0 0.5975 0.73875 0.0175 0.07875
0 0.58 0.73125 0.01875 0.09625
0 0.55375 0.7325 0.0225 0.09375
0 0.52875 0.74625 0.02625 0.0675
0 0.5 0.74625 0.02125 0.06375
0 0.47875 0.75125 0.0175 0.06375
0 0.6175 0.74125 0.02125 0.09
0 0.45875 0.75 0.01875 0.055
0 0.39875 0.73625 0.0575 0.0875
0 0.355 0.7475 0.03 0.0725
0 0.325 0.74375 0.025 0.06375
0 0.30125 0.75 0.01625 0.055
0 0.2825 0.7475 0.0175 0.0575
0 0.7575 0.95875 0.04 0.08125
0 0.43875 0.74875 0.0175 0.0575
0 0.17875 0.90625 0.0375 0.0175
0 0.64 0.74625 0.0225 0.0775
0 0.69375 0.74 0.0175 0.08625
0 0.535 0.85 0.01625 0.07875
0 0.555 0.8525 0.025 0.0725
0 0.58125 0.865 0.015 0.055
0 0.6 0.86125 0.02125 0.0625
0 0.62125 0.85875 0.01875 0.065
0 0.64375 0.86 0.02625 0.0625
0 0.67 0.74625 0.02875 0.075
0 0.675 0.86125 0.03375 0.06875
0 0.75125 0.86375 0.0375 0.06125
0 0.715 0.95875 0.0425 0.08125
0 0.165 0.71625 0.0325 0.035
0 0.1375 0.71375 0.025 0.04
0 0.7375 0.74 0.02125 0.09125
0 0.715 0.73875 0.0225 0.0875
0 0.7125 0.8625 0.035 0.065
0 0.305 0.94625 0.0275 0.07
0 0.26375 0.745 0.01875 0.0625
0 0.50375 0.53 0.0275 0.05625
0 0.57625 0.51875 0.05625 0.0825
0 0.62625 0.525 0.0275 0.065
0 0.65875 0.5275 0.0375 0.0625
0 0.69875 0.5275 0.03375 0.06375
0 0.795 0.8225 0.03125 0.0625
0 0.86 0.725 0.03 0.0675
0 0.8275 0.72875 0.03125 0.07375
0 0.785 0.7275 0.03875 0.06625
0 0.85625 0.645 0.03625 0.06375
0 0.5325 0.5275 0.025 0.06375
0 0.82125 0.64375 0.035 0.0675
0 0.7575 0.62875 0.01875 0.06875
0 0.73125 0.63 0.025 0.07375
0 0.705 0.63125 0.0225 0.0625
0 0.685 0.6325 0.01625 0.0575
0 0.755 0.5125 0.0725 0.07625
0 0.83125 0.5075 0.0725 0.08
0 0.6675 0.6325 0.0125 0.05875
0 0.64875 0.63375 0.0225 0.06
0 0.6275 0.63125 0.01875 0.07
0 0.7825 0.63875 0.02875 0.07
0 0.5875 0.6325 0.0175 0.065
0 0.6075 0.6325 0.02125 0.06875
0 0.4525 0.5375 0.02 0.05
0 0.825 0.94 0.03375 0.09125
0 0.13875 0.53625 0.025 0.0525
0 0.16 0.535 0.01875 0.055
0 0.17625 0.53875 0.0125 0.04625
0 0.1925 0.5325 0.01875 0.06
0 0.235 0.79625 0.0175 0.0575
0 0.2225 0.54375 0.0375 0.0325
0 0.2525 0.53625 0.015 0.04875
0 0.475 0.52625 0.02 0.07125
0 0.27 0.53375 0.01875 0.05625
0 0.83 0.8225 0.03375 0.05875
0 0.28875 0.53375 0.01875 0.05625
0 0.3075 0.535 0.01875 0.055
0 0.32875 0.53375 0.02 0.055
0 0.3475 0.535 0.01625 0.05625
0 0.375 0.53875 0.01625 0.04375
0 0.395 0.53625 0.01875 0.0525
0 0.41375 0.5375 0.01875 0.05625
0 0.435 0.5325 0.015 0.0575
0 0.79375 0.9375 0.02875 0.095