0 0.85125 0.89 0.025 0.03625
0 0.245 0.5375 0.035 0.09875
0 0.285 0.53875 0.04125 0.09875
0 0.32375 0.54 0.035 0.0975
0 0.36 0.54125 0.035 0.09375
0 0.39625 0.54375 0.0325 0.09625
0 0.43 0.54375 0.03125 0.09875
0 0.1675 0.875 0.03375 0.02125
0 0.825 0.8925 0.02125 0.0325
0 0.5125 0.65125 0.04625 0.07625
0 0.57625 0.655 0.0775 0.08
0 0.6575 0.6575 0.07375 0.07375
0 0.72 0.66125 0.04375 0.08
0 0.76875 0.6675 0.05 0.0725
0 0.83375 0.66375 0.07625 0.07
0 0.86 0.7675 0.03125 0.07
0 0.82 0.7675 0.03875 0.075
0 0.7775 0.7725 0.04 0.0625
0 0.7375 0.77 0.0375 0.0675
0 0.2425 0.87375 0.0375 0.02625
0 0.6425 0.76125 0.0425 0.075
0 0.595 0.76125 0.04125 0.0775
0 0.5475 0.75875 0.045 0.07375
0 0.5025 0.7575 0.0425 0.0775
0 0.45625 0.755 0.0425 0.07625
0 0.4125 0.75375 0.0425 0.075
0 0.365 0.75375 0.045 0.07625
0 0.32 0.755 0.03875 0.07125
0 0.2775 0.755 0.04125 0.06875
0 0.23 0.7525 0.0475 0.0675
0 0.1825 0.75125 0.03875 0.0675
0 0.145 0.75 0.03 0.06625
0 0.46625 0.65 0.045 0.07875
0 0.205 0.875 0.03625 0.025
0 0.42125 0.65125 0.0425 0.07375
0 0.335 0.65125 0.04 0.06875
0 0.8025 0.89125 0.01875 0.03875
0 0.7725 0.88625 0.0325 0.0425
0 0.7375 0.88375 0.0325 0.0375
0 0.69875 0.88375 0.03625 0.03
0 0.66 0.87375 0.04125 0.04125
0 0.62625 0.87625 0.02125 0.03375
0 0.595 0.88375 0.03875 0.025
0 0.55625 0.8825 0.035 0.02625
0 0.5175 0.8825 0.0375 0.025
0 0.47875 0.88125 0.03625 0.02625
0 0.44 0.8825 0.03875 0.0275
0 0.39875 0.87875 0.03875 0.0275
0 0.35875 0.8775 0.0375 0.02625
0 0.32 0.875 0.03625 0.0275
0 0.36 0.83625 0.03875 0.02875
0 0.32 0.83375 0.03625 0.02625
0 0.2825 0.875 0.03625 0.0275
0 0.17 0.53875 0.03875 0.0975
0 0.1375 0.5375 0.02375 0.09625
0 0.1575 0.6475 0.04125 0.07
0 0.20375 0.64875 0.04 0.07375
0 0.2475 0.65 0.04375 0.07375
0 0.29125 0.65125 0.04125 0.07
0 0.37625 0.65375 0.0425 0.0725
0 0.46625 0.54375 0.0375 0.09875
0 0.68875 0.7625 0.0425 0.0775
0 0.5375 0.5425 0.03375 0.09125
0 0.30375 0.1675 0.04375 0.12
0 0.22125 0.16375 0.03625 0.045
0 0.25625 0.09875 0.0425 0.04375
0 0.2125 0.10625 0.035 0.05875
0 0.1725 0.11375 0.04125 0.0525
0 0.17125 0.29875 0.0375 0.10875
0 0.21625 0.30125 0.04625 0.10375
0 0.26125 0.30125 0.03875 0.1075
0 0.29875 0.3025 0.02875 0.10625
0 0.33625 0.30375 0.04125 0.10875
0 0.3775 0.30375 0.0375 0.1075
0 0.41625 0.305 0.0325 0.10875
0 0.45125 0.3075 0.03625 0.1025
0 0.4925 0.3075 0.04375 0.1025
0 0.54 0.305 0.0475 0.11125
0 0.6275 0.31 0.03375 0.1025
0 0.66125 0.30875 0.02875 0.105
0 0.85875 0.31 0.0325 0.1075
0 0.70375 0.2975 0.0275 0.04125
0 0.74375 0.31875 0.0475 0.03
0 0.79 0.3 0.03125 0.03875
0 0.34625 0.17125 0.03625 0.11
0 0.385 0.17375 0.03125 0.10625
0 0.42375 0.16875 0.04125 0.115
0 0.47 0.17 0.0475 0.12125
0 0.50375 0.545 0.03 0.0975
0 0.295 0.03875 0.04125 0.07375
0 0.34 0.0425 0.04 0.08375
0 0.38625 0.0425 0.04375 0.08375
0 0.4275 0.0425 0.035 0.08125
0 0.465 0.0425 0.03 0.08375
0 0.50375 0.04375 0.03875 0.08125
0 0.54875 0.04125 0.0475 0.0825
0 0.6175 0.0425 0.03625 0.0825
0 0.66 0.04375 0.03625 0.08
0 0.83 0.525 0.02375 0.04625
0 0.7 0.045 0.0375 0.08375
0 0.825 0.04375 0.09875 0.085
0 0.86 0.1725 0.0275 0.11375
0 0.825 0.1725 0.03875 0.115
0 0.78125 0.1725 0.0425 0.11625
0 0.745 0.1725 0.025 0.1125
0 0.7125 0.17125 0.03625 0.11625
0 0.67625 0.17125 0.03 0.11375
0 0.6425 0.1725 0.03875 0.11375
0 0.5375 0.18 0.03875 0.05125
0 0.585 0.1375 0.055 0.05625
0 0.74375 0.04375 0.045 0.08
0 0.75875 0.555 0.03125 0.08875
0 0.58625 0.31 0.04125 0.10375
0 0.6175 0.54625 0.03625 0.095
0 0.57875 0.54625 0.0325 0.09375
0 0.72375 0.54875 0.03125 0.09875
0 0.69 0.5475 0.03375 0.0975
0 0.65375 0.5475 0.03125 0.09375