0 0.2925 0.43 0.0375 0.0375
0 0.18875 0.3775 0.035 0.07625
0 0.4325 0.37 0.0375 0.03375
0 0.39 0.36625 0.0375 0.03125
0 0.26875 0.36125 0.03125 0.03625
0 0.30625 0.3625 0.035 0.0375
0 0.51875 0.28 0.09125 0.0275
0 0.83625 0.35 0.05625 0.09875
0 0.77625 0.3475 0.0575 0.095
0 0.345 0.43125 0.0475 0.03625
0 0.3475 0.36375 0.035 0.035
0 0.38875 0.4675 0.0375 0.0375
0 0.195 0.495 0.03 0.1
0 0.45375 0.4725 0.04125 0.03
0 0.4525 0.50625 0.03875 0.03625
0 0.29 0.465 0.045 0.03
0 0.28875 0.49875 0.04375 0.03625
0 0.34375 0.46625 0.04125 0.0325
0 0.3475 0.50125 0.0375 0.03125
0 0.1625 0.49625 0.0375 0.0975
0 0.71875 0.34625 0.05375 0.0975
0 0.2375 0.4075 0.04 0.0425
0 0.24125 0.445 0.03125 0.025
0 0.23625 0.48375 0.0275 0.03
0 0.505 0.47875 0.05375 0.0925
0 0.56125 0.48125 0.0575 0.09125
0 0.61875 0.48375 0.05375 0.095
0 0.455 0.43625 0.04375 0.0375
0 0.66 0.34375 0.05875 0.095
0 0.35625 0.85125 0.04625 0.10875
0 0.2475 0.84875 0.05375 0.10625
0 0.19875 0.2725 0.025 0.0725
0 0.265 0.28375 0.04125 0.04375
0 0.31125 0.28375 0.04 0.04
0 0.3925 0.2975 0.04625 0.03875
0 0.24125 0.325 0.03125 0.0325
0 0.2725 0.32375 0.02625 0.03375
0 0.30625 0.32375 0.03375 0.0375
0 0.345 0.32625 0.0375 0.03875
0 0.38875 0.335 0.0375 0.03125
0 0.43375 0.3325 0.0325 0.03625
0 0.48875 0.3425 0.055 0.09625
0 0.545 0.34375 0.05875 0.095
0 0.6025 0.34375 0.05375 0.095
0 0.18625 0.84125 0.0525 0.0925
0 0.7925 0.8875 0.0475 0.08125
0 0.68625 0.88125 0.04375 0.085
0 0.64 0.8825 0.045 0.07625
0 0.59375 0.87625 0.04625 0.09125
0 0.5475 0.87375 0.04375 0.09
0 0.5 0.87125 0.0425 0.0925
0 0.44625 0.87125 0.045 0.08375
0 0.4025 0.87375 0.04 0.0825
0 0.6775 0.4825 0.0625 0.09625
0 0.8525 0.7425 0.04375 0.1075
0 0.80375 0.73875 0.0525 0.09875
0 0.74625 0.73875 0.0575 0.11125
0 0.69125 0.7475 0.0525 0.07
0 0.30375 0.8475 0.0525 0.10875
0 0.74625 0.885 0.04375 0.08625
0 0.7375 0.485 0.05125 0.09875
0 0.15375 0.3725 0.03125 0.08625
0 0.84875 0.4875 0.0525 0.09
0 0.3575 0.57125 0.08125 0.04375
0 0.1775 0.14125 0.055 0.11875
0 0.23125 0.20625 0.03375 0.04
0 0.26625 0.125 0.04125 0.04
0 0.3075 0.1075 0.03125 0.03125
0 0.2675 0.1675 0.04 0.03875
0 0.26875 0.20875 0.0375 0.03875
0 0.3125 0.16875 0.0375 0.04125
0 0.31375 0.21 0.04 0.0375
0 0.3525 0.17 0.035 0.0375
0 0.3925 0.16 0.03625 0.05
0 0.355 0.21 0.03625 0.0375
0 0.3925 0.21 0.0375 0.04125
0 0.7725 0.1425 0.0475 0.01375
0 0.3525 0.6075 0.085 0.03125
0 0.83625 0.19375 0.06375 0.09125
0 0.72125 0.1975 0.03625 0.08
0 0.6825 0.19875 0.03875 0.07625
0 0.435 0.16125 0.03875 0.0525
0 0.4775 0.15875 0.04125 0.0575
0 0.5175 0.165 0.03625 0.0525
0 0.55625 0.175 0.0375 0.04
0 0.43375 0.2125 0.035 0.04125
0 0.475 0.21125 0.0375 0.0425
0 0.51375 0.21375 0.03875 0.04
0 0.5575 0.21625 0.035 0.03875
0 0.60125 0.13625 0.045 0.04
0 0.6025 0.17875 0.045 0.03875
0 0.79375 0.485 0.05625 0.0975
0 0.64375 0.2175 0.035 0.04
0 0.77625 0.20125 0.05 0.0775
0 0.355 0.64 0.08875 0.03125
0 0.59875 0.21875 0.03875 0.0325
0 0.44125 0.61 0.08375 0.0325
0 0.63625 0.75125 0.055 0.06875
0 0.57125 0.7475 0.065 0.065
0 0.50875 0.74625 0.06 0.06375
0 0.58 0.69875 0.0675 0.02875
0 0.14875 0.62 0.045 0.09625
0 0.1975 0.62375 0.04875 0.09625
0 0.26875 0.56375 0.08625 0.0375
0 0.26625 0.60375 0.08375 0.0325
0 0.265 0.6375 0.08625 0.02875
0 0.44625 0.5725 0.08875 0.04
0 0.51125 0.6975 0.06625 0.03
0 0.44625 0.73875 0.0625 0.08
0 0.38125 0.7325 0.06375 0.08625
0 0.3175 0.75375 0.0625 0.0375
0 0.2525 0.7525 0.0625 0.035
0 0.17 0.27 0.03125 0.07375
0 0.3175 0.71375 0.06375 0.03625
0 0.52 0.6175 0.0525 0.09375
0 0.575 0.61875 0.05375 0.08875
0 0.62875 0.6225 0.05 0.09125
0 0.4425 0.64375 0.08375 0.03125
0 0.73875 0.62625 0.055 0.0925
0 0.7975 0.6275 0.0575 0.09125
0 0.68375 0.6275 0.0525 0.09
0 0.16125 0.73625 0.04125 0.06875
0 0.2 0.73875 0.0325 0.06625
0 0.25 0.68625 0.06375 0.025
0 0.2525 0.7175 0.0625 0.03125
0 0.13875 0.26875 0.0275 0.07625
0 0.85125 0.63 0.0475 0.0875