0 0.56625 0.37625 0.03625 0.06125
0 0.225 0.38625 0.04625 0.0225
0 0.70375 0.6225 0.03125 0.0875
0 0.3925 0.38125 0.045 0.08625
0 0.43625 0.38 0.03875 0.085
0 0.5325 0.3925 0.03125 0.06625
0 0.46875 0.39875 0.025 0.04625
0 0.49875 0.4 0.035 0.05
0 0.33 0.38375 0.07875 0.07625
0 0.65875 0.62875 0.05875 0.075
0 0.7275 0.30375 0.01625 0.04375
0 0.6225 0.45625 0.04 0.06625
0 0.78125 0.3025 0.0275 0.04625
0 0.78125 0.36625 0.02125 0.065
0 0.7575 0.36625 0.0225 0.06625
0 0.73375 0.3725 0.02375 0.05375
0 0.70875 0.37875 0.0225 0.0675
0 0.67625 0.37875 0.03125 0.07375
0 0.56125 0.73 0.04 0.05375
0 0.645 0.37875 0.03125 0.075
0 0.595 0.37875 0.01875 0.0575
0 0.7475 0.43625 0.0275 0.055
0 0.71875 0.4375 0.0275 0.05625
0 0.2875 0.44 0.0225 0.06625
0 0.69 0.44 0.03 0.0525
0 0.6575 0.4575 0.03125 0.0625
0 0.61625 0.3825 0.02375 0.06625
0 0.25 0.43625 0.05125 0.06875
0 0.63125 0.53875 0.04375 0.06125
0 0.16375 0.43125 0.0625 0.10375
0 0.46625 0.695 0.0125 0.07375
0 0.5275 0.65375 0.04625 0.06125
0 0.59625 0.63 0.07625 0.03875
0 0.34625 0.62625 0.1 0.06625
0 0.45875 0.5975 0.09 0.1
0 0.53 0.4725 0.1375 0.05875
0 0.4225 0.48375 0.06375 0.0825
0 0.35375 0.48375 0.07125 0.08125
0 0.30375 0.50375 0.045 0.05125
0 0.27125 0.5625 0.025 0.05875
0 0.25125 0.5825 0.02375 0.06375
0 0.195 0.5675 0.08875 0.09375
0 0.2075 0.4425 0.03125 0.08125
0 0.76 0.5025 0.0175 0.0625
0 0.7125 0.53 0.03875 0.075
0 0.6725 0.53625 0.03875 0.0625
0 0.75 0.30375 0.0275 0.04375
0 0.5525 0.555 0.0675 0.04625
0 0.365 0.73375 0.07875 0.05375
0 0.2875 0.67625 0.0225 0.095
0 0.2625 0.69625 0.02625 0.12875
0 0.2275 0.70625 0.04375 0.11
0 0.1425 0.72375 0.0325 0.1025
0 0.18 0.70875 0.04625 0.09875
0 0.74875 0.59125 0.0475 0.05125
0 0.77 0.43375 0.0175 0.0625
0 0.74 0.505 0.02 0.0575
0 0.7025 0.3025 0.025 0.05
0 0.195 0.2975 0.04375 0.0825
0 0.5225 0.17 0.02875 0.10625
0 0.42 0.1475 0.05125 0.1525
0 0.37625 0.135 0.035 0.12875
0 0.33625 0.11625 0.035 0.1675
0 0.29875 0.1025 0.03625 0.14
0 0.25875 0.11375 0.04375 0.12
0 0.205 0.0925 0.03375 0.14
0 0.155 0.08125 0.0575 0.16125
0 0.1475 0.875 0.0425 0.10375
0 0.21 0.8975 0.08 0.11125
0 0.27 0.865 0.0425 0.15875
0 0.3675 0.94375 0.045 0.0775
0 0.40875 0.92375 0.04 0.1075
0 0.46625 0.90375 0.04 0.0875
0 0.5 0.885 0.02625 0.1275
0 0.69875 0.73 0.035 0.06125
0 0.73125 0.69875 0.0225 0.09125
0 0.76 0.68125 0.0325 0.055
0 0.36375 0.83125 0.0675 0.075
0 0.42875 0.82 0.055 0.09875
0 0.49125 0.76 0.03375 0.04375
0 0.52375 0.75 0.03125 0.06375
0 0.52875 0.85375 0.03 0.06375
0 0.5625 0.83 0.03625 0.11
0 0.60375 0.80375 0.045 0.05625
0 0.65 0.77 0.04625 0.1225
0 0.46125 0.16625 0.03125 0.115
0 0.6775 0.3075 0.0225 0.05875
0 0.415 0.71 0.01875 0.10125
0 0.58625 0.19 0.01875 0.085
0 0.6525 0.3025 0.02625 0.06875
0 0.61875 0.3025 0.0375 0.075
0 0.57875 0.31375 0.04125 0.0525
0 0.54375 0.2725 0.03 0.0275
0 0.5225 0.30375 0.025 0.02625
0 0.49625 0.2975 0.02125 0.03875
0 0.46625 0.3 0.02875 0.045
0 0.42125 0.285 0.055 0.05625
0 0.3775 0.2925 0.0425 0.04375
0 0.3425 0.2825 0.025 0.0625
0 0.30375 0.23125 0.0525 0.05
0 0.3125 0.28375 0.0275 0.04
0 0.5475 0.17375 0.02125 0.0975
0 0.23125 0.29375 0.0275 0.09125
0 0.15375 0.30125 0.035 0.0875
0 0.13 0.29125 0.0075 0.105
0 0.7825 0.2525 0.01875 0.05
0 0.76375 0.23 0.01875 0.09375
0 0.73625 0.1775 0.03875 0.03875
0 0.74125 0.23 0.0275 0.0625
0 0.71625 0.2225 0.02 0.0775
0 0.69625 0.22125 0.01625 0.075
0 0.67 0.20625 0.0275 0.105
0 0.63625 0.1975 0.03875 0.08625
0 0.6025 0.19375 0.015 0.09375
0 0.44125 0.69375 0.01875 0.07125