0 0.28125 0.55625 0.02875 0.085
0 0.3525 0.6775 0.03125 0.05375
0 0.32 0.68 0.03125 0.05375
0 0.2875 0.6825 0.03125 0.05125
0 0.2475 0.67875 0.04625 0.05625
0 0.1975 0.67875 0.04875 0.06375
0 0.74625 0.5675 0.02875 0.0425
0 0.71875 0.5675 0.02625 0.045
0 0.6925 0.56875 0.02625 0.04375
0 0.66625 0.5675 0.02625 0.04375
0 0.63875 0.57 0.02625 0.04375
0 0.58625 0.56875 0.02625 0.045
0 0.31 0.5575 0.02875 0.085
0 0.56 0.57 0.025 0.04625
0 0.53375 0.57 0.02625 0.04625
0 0.50875 0.57 0.02125 0.04875
0 0.4575 0.54625 0.07875 0.07625
0 0.37375 0.55625 0.08375 0.075
0 0.3075 0.30125 0.04125 0.0525
0 0.24375 0.5625 0.01625 0.06875
0 0.26 0.56375 0.01375 0.06625
0 0.61125 0.57 0.02625 0.04375
0 0.8075 0.6575 0.02875 0.09
0 0.7775 0.66125 0.0275 0.08125
0 0.345 0.88875 0.02625 0.0725
0 0.17875 0.295 0.03875 0.07875
0 0.21875 0.3025 0.04125 0.05125
0 0.2625 0.30125 0.045 0.05125
0 0.36125 0.775 0.015 0.0675
0 0.37625 0.7725 0.01125 0.06875
0 0.395 0.78125 0.025 0.0575
0 0.42125 0.785 0.0225 0.06125
0 0.4475 0.77875 0.02375 0.0675
0 0.8625 0.4125 0.015 0.0725
0 0.14375 0.565 0.025 0.07
0 0.17125 0.56375 0.03 0.0725
0 0.20125 0.56375 0.03 0.0725
0 0.225 0.56125 0.01625 0.07125
0 0.4725 0.77125 0.02375 0.07375
0 0.375 0.89625 0.02375 0.06
0 0.5 0.77125 0.03375 0.07875
0 0.55 0.7725 0.02125 0.0725
0 0.57625 0.7725 0.025 0.0725
0 0.605 0.77375 0.03125 0.07125
0 0.63875 0.775 0.035 0.0725
0 0.67125 0.76375 0.0275 0.06375
0 0.70625 0.77 0.03 0.07625
0 0.73875 0.77375 0.03625 0.0675
0 0.81625 0.76875 0.1075 0.075
0 0.1475 0.88875 0.03 0.0625
0 0.18125 0.88375 0.0325 0.07875
0 0.21375 0.89 0.02625 0.075
0 0.24625 0.88875 0.0325 0.07125
0 0.28125 0.88875 0.0275 0.06875
0 0.38375 0.6775 0.0275 0.05375
0 0.52875 0.77125 0.02 0.0775
0 0.4125 0.6775 0.0275 0.05375
0 0.315 0.88625 0.02875 0.07125
0 0.47625 0.66875 0.0325 0.0675
0 0.69375 0.305 0.03 0.035
0 0.72625 0.26875 0.03 0.035
0 0.72375 0.305 0.03125 0.035
0 0.7575 0.26625 0.03 0.035
0 0.75625 0.30375 0.03 0.035
0 0.8475 0.29625 0.04625 0.03875
0 0.155 0.43125 0.04125 0.065
0 0.22 0.43125 0.0375 0.06125
0 0.2575 0.4325 0.03375 0.06375
0 0.29125 0.43 0.03125 0.06125
0 0.3225 0.43125 0.03125 0.06125
0 0.355 0.43 0.03125 0.06125
0 0.39125 0.42875 0.03125 0.06125
0 0.42125 0.4275 0.02875 0.06
0 0.4525 0.4275 0.03125 0.06
0 0.485 0.42375 0.035 0.07
0 0.5025 0.1425 0.02875 0.08125
0 0.53125 0.1475 0.02875 0.07
0 0.56375 0.14625 0.0325 0.07
0 0.59875 0.145 0.03625 0.07125
0 0.63375 0.145 0.0325 0.0725
0 0.6675 0.145 0.0325 0.0725
0 0.7 0.14375 0.03 0.07125
0 0.695 0.26875 0.03125 0.035
0 0.735 0.14375 0.03 0.07125
0 0.6625 0.305 0.03 0.035
0 0.63 0.27625 0.02625 0.02625
0 0.34875 0.1425 0.1 0.0825
0 0.28 0.16 0.0325 0.0475
0 0.4225 0.155 0.025 0.05625
0 0.25375 0.145 0.0175 0.0775
0 0.2275 0.14625 0.03 0.07875
0 0.19875 0.14625 0.02375 0.0775
0 0.16875 0.155 0.03375 0.06375
0 0.44375 0.675 0.03 0.05625
0 0.34375 0.775 0.01875 0.0675
0 0.325 0.77375 0.01875 0.0725
0 0.29625 0.775 0.03125 0.075
0 0.2675 0.775 0.02375 0.0725
0 0.23875 0.77625 0.03 0.07375
0 0.7375 0.67125 0.0475 0.05875
0 0.4475 0.1575 0.02375 0.0525
0 0.46875 0.1525 0.01625 0.0625
0 0.3525 0.29875 0.04125 0.0525
0 0.39875 0.2975 0.0425 0.05125
0 0.4425 0.2975 0.04375 0.0525
0 0.48375 0.28625 0.0375 0.08125
0 0.52 0.28625 0.03375 0.08125
0 0.555 0.2875 0.035 0.08125
0 0.5975 0.28375 0.03625 0.08125
0 0.63125 0.3075 0.03 0.03375
0 0.76625 0.14375 0.03 0.07125
0 0.7975 0.2975 0.0475 0.04125
0 0.62875 0.66125 0.02875 0.07875
0 0.815 0.41375 0.02625 0.07125
0 0.8425 0.4125 0.025 0.07125
0 0.69125 0.67125 0.04375 0.05625
0 0.655 0.66125 0.02375 0.08
0 0.54375 0.66625 0.03375 0.07
0 0.60125 0.66375 0.02375 0.07875
0 0.575 0.66625 0.025 0.07625
0 0.72 0.895 0.02375 0.05875
0 0.74625 0.895 0.02375 0.05625
0 0.77125 0.87625 0.025 0.09375
0 0.805 0.88125 0.02625 0.08
0 0.83375 0.88125 0.025 0.0775
0 0.85875 0.88 0.0225 0.08
0 0.695 0.895 0.02125 0.06
0 0.665 0.89125 0.0275 0.065
0 0.63625 0.8925 0.025 0.06125
0 0.6075 0.8925 0.0275 0.06
0 0.57875 0.89375 0.03 0.06
0 0.5475 0.89625 0.0325 0.055
0 0.48125 0.895 0.03125 0.06
0 0.45125 0.89625 0.025 0.05625
0 0.42375 0.89375 0.0225 0.0575
0 0.4 0.895 0.0225 0.055
0 0.7825 0.41375 0.035 0.0725
0 0.75125 0.4225 0.0275 0.05625
0 0.5075 0.6675 0.03125 0.0675
0 0.69125 0.42375 0.02875 0.0575
0 0.72125 0.42375 0.02875 0.0575
0 0.79375 0.14 0.025 0.07875
0 0.14375 0.29625 0.0275 0.07875
0 0.52 0.42375 0.03375 0.06875
0 0.8225 0.1375 0.03 0.08
0 0.59 0.42125 0.03375 0.06875
0 0.555 0.42375 0.03375 0.06875
0 0.62625 0.41875 0.0375 0.0675
0 0.84125 0.65875 0.03125 0.08375
0 0.16875 0.77875 0.0475 0.0725
0 0.2075 0.7775 0.0275 0.0725
0 0.65875 0.425 0.025 0.0575