0 0.71875 0.9525 0.03375 0.075
0 0.865 0.95625 0.01875 0.06875
0 0.5675 0.24875 0.03125 0.1275
0 0.60125 0.25375 0.02375 0.12
0 0.63 0.2525 0.025 0.12625
0 0.2975 0.40125 0.06125 0.1125
0 0.3525 0.40625 0.03375 0.105
0 0.3875 0.4025 0.02375 0.11375
0 0.40875 0.40125 0.0125 0.09875
0 0.44875 0.40125 0.02625 0.11375
0 0.48125 0.40125 0.025 0.1125
0 0.51375 0.40125 0.02875 0.11875
0 0.54375 0.40625 0.02375 0.10625
0 0.58375 0.4025 0.03 0.11875
0 0.61625 0.4025 0.02875 0.11375
0 0.65875 0.40125 0.03125 0.12125
0 0.6875 0.39875 0.0175 0.11125
0 0.71875 0.4 0.03125 0.12125
0 0.75625 0.4 0.025 0.115
0 0.79375 0.39875 0.03375 0.11625
0 0.83625 0.40125 0.035 0.12
0 0.825 0.56 0.0325 0.11875
0 0.86125 0.56125 0.0275 0.125
0 0.755 0.565 0.03125 0.13
0 0.71875 0.55375 0.02875 0.1075
0 0.68125 0.56375 0.035 0.10625
0 0.63375 0.5625 0.035 0.11125
0 0.23875 0.565 0.0275 0.10375
0 0.27 0.57375 0.02625 0.1
0 0.53125 0.25125 0.03375 0.125
0 0.4925 0.24875 0.02875 0.13125
0 0.4625 0.25 0.02 0.12
0 0.43375 0.255 0.03125 0.11875
0 0.2075 0.08 0.03375 0.13
0 0.23875 0.08375 0.01625 0.12125
0 0.2675 0.075 0.035 0.14625
0 0.33 0.0775 0.04875 0.1375
0 0.37875 0.07875 0.0375 0.14
0 0.41875 0.07625 0.03375 0.14125
0 0.4525 0.0775 0.02625 0.13625
0 0.50125 0.08125 0.04125 0.12875
0 0.5525 0.0825 0.04 0.125
0 0.6025 0.07625 0.03625 0.14
0 0.6425 0.07375 0.0325 0.13875
0 0.68625 0.0775 0.03875 0.1325
0 0.725 0.0725 0.03 0.13625
0 0.29875 0.56875 0.0225 0.09875
0 0.76875 0.0775 0.0375 0.1375
0 0.8575 0.0825 0.03125 0.12875
0 0.83125 0.245 0.045 0.13625
0 0.78875 0.25625 0.025 0.12125
0 0.7625 0.2525 0.0225 0.1225
0 0.73125 0.25 0.03625 0.1275
0 0.69875 0.24875 0.0275 0.1275
0 0.665 0.245 0.03375 0.14
0 0.20625 0.245 0.03125 0.13375
0 0.235 0.2425 0.01625 0.1325
0 0.265 0.2425 0.02875 0.135
0 0.29375 0.2425 0.02625 0.13375
0 0.3475 0.24875 0.0475 0.12875
0 0.39375 0.25625 0.03125 0.1125
0 0.8125 0.08 0.0425 0.13125
0 0.32625 0.57125 0.0225 0.105
0 0.23625 0.39875 0.03625 0.1075
0 0.405 0.57125 0.01375 0.0925
0 0.26625 0.82 0.0275 0.08375
0 0.29875 0.8225 0.025 0.0775
0 0.32875 0.8225 0.02625 0.07375
0 0.36875 0.8125 0.0275 0.0625
0 0.39875 0.80875 0.02 0.0625
0 0.45625 0.82 0.0225 0.0875
0 0.48 0.82375 0.02 0.085
0 0.5075 0.825 0.0225 0.085
0 0.53375 0.82375 0.0225 0.08375
0 0.5575 0.825 0.02125 0.08625
0 0.5825 0.82 0.0225 0.08
0 0.84 0.955 0.0225 0.075
0 0.815 0.95875 0.01875 0.075
0 0.61875 0.82875 0.0375 0.0825
0 0.78875 0.95375 0.025 0.08125
0 0.68375 0.95 0.02875 0.06875
0 0.65 0.95 0.03125 0.0775
0 0.3725 0.55875 0.0425 0.1075
0 0.615 0.94625 0.03 0.07875
0 0.57875 0.95125 0.025 0.09
0 0.54625 0.94625 0.0275 0.08625
0 0.50625 0.9525 0.02625 0.09125
0 0.46375 0.95125 0.0275 0.09
0 0.40875 0.945 0.02625 0.07875
0 0.37875 0.94375 0.02625 0.08375
0 0.34875 0.9475 0.025 0.0825
0 0.31125 0.9425 0.025 0.08625
0 0.2775 0.92625 0.03 0.06
0 0.755 0.9525 0.0325 0.0725
0 0.65625 0.8325 0.0275 0.0825
0 0.42625 0.81 0.025 0.06875
0 0.72875 0.8325 0.0325 0.08375
0 0.605 0.70125 0.02625 0.10375
0 0.69 0.835 0.03625 0.0775
0 0.54625 0.70625 0.01875 0.09
0 0.51625 0.70375 0.02125 0.1
0 0.48625 0.705 0.02375 0.08625
0 0.4575 0.70375 0.02 0.08375
0 0.43 0.70375 0.02125 0.085
0 0.3975 0.705 0.02875 0.095
0 0.30875 0.70125 0.02875 0.09125
0 0.25 0.695 0.02875 0.08
0 0.5925 0.56875 0.035 0.1075
0 0.55375 0.56875 0.03125 0.10875
0 0.51625 0.56375 0.03125 0.11
0 0.48 0.55875 0.0325 0.11375
0 0.4325 0.57375 0.03 0.095
0 0.63875 0.70375 0.02625 0.09625
0 0.6675 0.70375 0.02125 0.09625
0 0.57375 0.7025 0.02125 0.09625
0 0.78625 0.705 0.025 0.1
0 0.79875 0.8325 0.03125 0.08375
0 0.84 0.83625 0.03 0.0925
0 0.86625 0.835 0.015 0.085
0 0.69625 0.7075 0.0225 0.09375
0 0.725 0.71 0.0225 0.09
0 0.75375 0.71 0.0225 0.0975
0 0.85625 0.71 0.03125 0.1025
0 0.76375 0.835 0.03125 0.0775
0 0.81875 0.71 0.03 0.1025