0 0.16625 0.495 0.0325 0.0475
0 0.72625 0.4075 0.03375 0.03
0 0.76375 0.4 0.03875 0.04375
0 0.7975 0.37875 0.025 0.08875
0 0.8375 0.37875 0.0525 0.09
0 0.03125 0.49625 0.0425 0.04875
0 0.08 0.4975 0.045 0.04375
0 0.89375 0.7925 0.0325 0.05
0 0.86 0.775 0.02625 0.0825
0 0.83375 0.77625 0.02625 0.0825
0 0.2425 0.51875 0.11375 0.02625
0 0.80625 0.7625 0.0225 0.11
0 0.725 0.76 0.0425 0.1125
0 0.615 0.51125 0.02375 0.0375
0 0.5875 0.5125 0.025 0.0375
0 0.1275 0.49375 0.0375 0.0525
0 0.5275 0.50125 0.01875 0.06125
0 0.505 0.50125 0.02125 0.05875
0 0.4775 0.49125 0.02625 0.0775
0 0.4475 0.49125 0.02875 0.07875
0 0.3475 0.52 0.08875 0.0225
0 0.77 0.76 0.04375 0.11375
0 0.55 0.5 0.0225 0.05625
0 0.895 0.6375 0.03 0.085
0 0.93125 0.775 0.03125 0.08125
0 0.83125 0.50625 0.03125 0.04875
0 0.7925 0.5 0.04125 0.06375
0 0.05125 0.595 0.0375 0.05375
0 0.0925 0.59625 0.04125 0.04875
0 0.1375 0.59875 0.0375 0.0525
0 0.17875 0.59625 0.0375 0.05125
0 0.755 0.51125 0.0275 0.04125
0 0.7025 0.50375 0.075 0.05375
0 0.64625 0.51 0.035 0.04125
0 0.135 0.17375 0.04375 0.0925
0 0.1575 0.29625 0.045 0.09
0 0.4025 0.35 0.02625 0.02625
0 0.63875 0.35125 0.0325 0.02875
0 0.6925 0.40875 0.03375 0.03125
0 0.5625 0.35375 0.0375 0.0325
0 0.93625 0.465 0.0325 0.13125
0 0.90125 0.465 0.035 0.1275
0 0.8725 0.46625 0.01625 0.13
0 0.96125 0.775 0.0275 0.0825
0 0.225 0.62625 0.04875 0.11125
0 0.26875 0.62125 0.035 0.1225
0 0.30875 0.62125 0.04125 0.12125
0 0.35 0.62125 0.0375 0.12375
0 0.39 0.61875 0.0375 0.12625
0 0.435 0.62625 0.04375 0.1125
0 0.48375 0.6225 0.04125 0.11625
0 0.5225 0.64625 0.0325 0.06625
0 0.6325 0.64 0.0675 0.08
0 0.97375 0.46375 0.035 0.13
0 0.65375 0.40875 0.0325 0.03125
0 0.4825 0.40625 0.05 0.03
0 0.57 0.405 0.04125 0.03375
0 0.84375 0.6375 0.02875 0.08625
0 0.03875 0.6875 0.03 0.03625
0 0.97875 0.635 0.02625 0.0875
0 0.9525 0.63625 0.025 0.08875
0 0.92625 0.6375 0.025 0.09125
0 0.70625 0.62125 0.04375 0.12125
0 0.6725 0.3 0.05625 0.0175
0 0.7125 0.27875 0.02125 0.0575
0 0.73625 0.27875 0.01875 0.05625
0 0.7575 0.27875 0.02375 0.05625
0 0.785 0.28 0.01875 0.05625
0 0.805 0.655 0.04625 0.05125
0 0.81 0.2775 0.025 0.05625
0 0.8575 0.27625 0.02625 0.06375
0 0.975 0.295 0.05 0.14375
0 0.0175 0.3975 0.03375 0.05375
0 0.06 0.38375 0.05 0.0825
0 0.105 0.3925 0.04125 0.06625
0 0.14875 0.3975 0.04375 0.0575
0 0.1975 0.38 0.045 0.02
0 0.19875 0.3975 0.04125 0.01375
0 0.19875 0.415 0.04625 0.01375
0 0.24875 0.39625 0.05125 0.05625
0 0.755 0.62125 0.04625 0.12125
0 0.83375 0.27625 0.01875 0.05875
0 0.615 0.40375 0.04375 0.04375
0 0.07125 0.68625 0.02875 0.04125
0 0.14625 0.68 0.03625 0.04875
0 0.52875 0.40375 0.0375 0.03625
0 0.48875 0.36625 0.04125 0.02625
0 0.87 0.635 0.02 0.0875
0 0.42875 0.4125 0.0525 0.02375
0 0.4275 0.38375 0.0525 0.02875
0 0.37875 0.40375 0.04 0.04125
0 0.3375 0.4025 0.03875 0.04375
0 0.335 0.355 0.0425 0.045
0 0.295 0.3875 0.035 0.07
0 0.63625 0.76875 0.04375 0.10125
0 0.59375 0.76875 0.03875 0.10125
0 0.1075 0.685 0.04 0.05
0 0.5525 0.76875 0.04125 0.10375
0 0.465 0.76875 0.04 0.10375
0 0.42625 0.77375 0.03375 0.09
0 0.38875 0.77125 0.03625 0.1
0 0.35 0.77 0.03625 0.1
0 0.31 0.7825 0.04 0.0825
0 0.27 0.78125 0.03125 0.085
0 0.2375 0.77125 0.03 0.1025
0 0.19 0.8 0.0625 0.0425
0 0.125 0.8 0.065 0.04625
0 0.0575 0.8 0.0625 0.0425
0 0.18125 0.68 0.0325 0.0525
0 0.50875 0.7675 0.04125 0.105
0 0.68125 0.76 0.04 0.11625
0 0.365 0.17 0.0775 0.02375
0 0.53625 0.155 0.0175 0.05
0 0.175 0.1525 0.02625 0.05375
0 0.20625 0.15375 0.02625 0.05625
0 0.26 0.15375 0.07125 0.055
0 0.31125 0.155 0.02625 0.0575
0 0.455 0.17125 0.09125 0.0225
0 0.51625 0.1575 0.01875 0.0475
0 0.5575 0.1625 0.025 0.04125
0 0.58625 0.16375 0.03 0.03875
0 0.63375 0.15875 0.06375 0.0425
0 0.71375 0.16375 0.09 0.03625
0 0.77125 0.15375 0.0225 0.05625
0 0.7975 0.155 0.02625 0.0575
0 0.86125 0.15375 0.035 0.055
0 0.90125 0.15625 0.0375 0.05875
0 0.94375 0.15625 0.0375 0.06
0 0.82625 0.15375 0.02625 0.055
0 0.0225 0.2225 0.045 0.1475
0 0.615 0.3 0.05375 0.01625
0 0.9825 0.15625 0.035 0.05875
0 0.51 0.2925 0.05 0.03375
0 0.45875 0.29125 0.04625 0.03625
0 0.41 0.29125 0.0475 0.035
0 0.56375 0.29 0.05 0.03375
0 0.2825 0.2875 0.06625 0.04375
0 0.2425 0.255 0.055 0.02
0 0.22125 0.28875 0.05625 0.0375
0 0.07125 0.23 0.04375 0.13
0 0.35 0.2875 0.065 0.0425