0 0.7 0.76 0.025 0.03375
0 0.7625 0.73875 0.02625 0.035
0 0.72875 0.76875 0.025 0.01875
0 0.7625 0.7675 0.02875 0.0175
0 0.73375 0.74125 0.02625 0.0325
0 0.2525 0.87375 0.03375 0.03125
0 0.28875 0.8725 0.03125 0.02875
0 0.64375 0.62 0.0325 0.03
0 0.35625 0.84875 0.0325 0.03125
0 0.68 0.61875 0.03375 0.02875
0 0.70625 0.72125 0.02875 0.03875
0 0.61375 0.64375 0.01375 0.06375
0 0.59375 0.6475 0.01875 0.05375
0 0.5625 0.6475 0.02 0.05625
0 0.54 0.6625 0.01625 0.02375
0 0.5125 0.6675 0.0275 0.01625
0 0.32125 0.8775 0.03125 0.02875
0 0.66875 0.75 0.025 0.05
0 0.75375 0.66 0.03125 0.0325
0 0.64375 0.6575 0.02875 0.035
0 0.515 0.6475 0.03 0.01875
0 0.23875 0.74625 0.015 0.045
0 0.25625 0.74625 0.015 0.04625
0 0.295 0.74875 0.05625 0.0475
0 0.34125 0.73875 0.0225 0.04625
0 0.36875 0.74125 0.0225 0.045
0 0.4125 0.75 0.05625 0.0425
0 0.7075 0.64625 0.0175 0.04875
0 0.4775 0.7475 0.05375 0.04
0 0.5325 0.72625 0.045 0.03125
0 0.53125 0.75875 0.045 0.0275
0 0.5825 0.725 0.04375 0.03125
0 0.58 0.75875 0.04375 0.03
0 0.61625 0.745 0.01625 0.06375
0 0.64125 0.75 0.025 0.0525
0 0.67875 0.65875 0.02875 0.04125
0 0.47875 0.7125 0.04875 0.02875
0 0.5125 0.62375 0.03 0.015
0 0.32875 0.65875 0.02875 0.0425
0 0.46875 0.6425 0.03375 0.0575
0 0.42625 0.43125 0.06 0.05
0 0.4275 0.37625 0.055 0.04875
0 0.37125 0.415 0.02875 0.07625
0 0.3375 0.4125 0.03 0.07625
0 0.3025 0.41625 0.03125 0.065
0 0.265 0.4225 0.03 0.05125
0 0.23375 0.41125 0.02625 0.0675
0 0.7575 0.3175 0.035 0.04
0 0.72 0.3175 0.03625 0.03875
0 0.68 0.31125 0.0375 0.05
0 0.64 0.3125 0.035 0.04875
0 0.6 0.31375 0.03375 0.0375
0 0.5625 0.3125 0.03625 0.045
0 0.52125 0.31125 0.03625 0.04625
0 0.48125 0.30375 0.03625 0.05375
0 0.44125 0.28 0.02875 0.10375
0 0.41 0.27625 0.03125 0.10625
0 0.27625 0.1425 0.035 0.0875
0 0.32375 0.135 0.0325 0.10625
0 0.3625 0.13375 0.04 0.1075
0 0.40375 0.16875 0.03625 0.04375
0 0.44375 0.1725 0.03375 0.04625
0 0.48625 0.16375 0.04 0.0625
0 0.49 0.3825 0.0625 0.05125
0 0.54 0.16625 0.0375 0.06
0 0.67125 0.17875 0.0375 0.04375
0 0.715 0.18 0.025 0.04375
0 0.7525 0.18125 0.03375 0.04125
0 0.2525 0.2825 0.03625 0.0875
0 0.315 0.285 0.02875 0.08125
0 0.35 0.2875 0.035 0.08125
0 0.58375 0.17875 0.035 0.0425
0 0.51375 0.60125 0.03125 0.0175
0 0.49 0.435 0.05625 0.04625
0 0.5725 0.4075 0.0275 0.0975
0 0.4375 0.64375 0.01625 0.0625
0 0.42125 0.6425 0.0125 0.06375
0 0.37125 0.64875 0.02125 0.0575
0 0.3575 0.87875 0.03375 0.02125
0 0.29875 0.64625 0.02125 0.05375
0 0.265 0.6425 0.01875 0.05625
0 0.24125 0.645 0.02125 0.055
0 0.7625 0.5625 0.035 0.0325
0 0.71875 0.56375 0.03375 0.0275
0 0.7225 0.53375 0.03375 0.02875
0 0.67375 0.5475 0.035 0.05
0 0.64125 0.56 0.0225 0.02625
0 0.615 0.54625 0.02625 0.0575
0 0.5825 0.5425 0.02625 0.05875
0 0.54625 0.535 0.0275 0.07125
0 0.50625 0.54 0.0275 0.05875
0 0.47 0.535 0.01625 0.0675
0 0.60375 0.40875 0.02875 0.1
0 0.6375 0.41125 0.03 0.09625
0 0.675 0.41375 0.0275 0.0925
0 0.70125 0.4125 0.0225 0.0925
0 0.73625 0.415 0.02625 0.0925
0 0.76375 0.415 0.0275 0.095
0 0.54 0.4075 0.02875 0.09625
0 0.23375 0.52625 0.0275 0.075
0 0.30125 0.52875 0.02875 0.07125
0 0.33625 0.53125 0.02625 0.07
0 0.37 0.53375 0.02625 0.07
0 0.40375 0.54625 0.035 0.0475
0 0.4325 0.5325 0.01625 0.0725
0 0.45 0.535 0.01625 0.0675
0 0.2675 0.5275 0.03 0.0725
0 0.3875 0.855 0.02125 0.065
0 0.23625 0.14125 0.03 0.08625
0 0.44 0.85 0.0225 0.0725
0 0.74625 0.865 0.04625 0.045
0 0.70875 0.8675 0.02125 0.04
0 0.685 0.8625 0.0225 0.05
0 0.65875 0.865 0.0275 0.05375
0 0.625 0.87375 0.03125 0.03
0 0.5975 0.865 0.01875 0.05125
0 0.41125 0.85375 0.02125 0.06375
0 0.55 0.88 0.0325 0.025
0 0.5125 0.86875 0.0375 0.0475
0 0.46875 0.85375 0.025 0.0725
0 0.57875 0.865 0.01625 0.05
0 0.55125 0.8425 0.03625 0.0425