0 0.80125 0.7 0.0625 0.0375
0 0.67125 0.69875 0.0625 0.03875
0 0.60625 0.6975 0.0625 0.03875
0 0.5375 0.69875 0.0625 0.03875
0 0.46625 0.70375 0.0625 0.03875
0 0.85625 0.7 0.0375 0.04
0 0.39875 0.705 0.0625 0.03875
0 0.33375 0.70375 0.0625 0.03875
0 0.66625 0.74 0.06375 0.03875
0 0.7975 0.74125 0.06 0.0375
0 0.73375 0.7425 0.06375 0.03875
0 0.60125 0.74 0.06375 0.03875
0 0.53625 0.74 0.06375 0.03875
0 0.46875 0.745 0.06375 0.03875
0 0.4 0.7475 0.06375 0.04
0 0.13875 0.8575 0.0275 0.1275
0 0.335 0.745 0.06375 0.03875
0 0.8525 0.74125 0.04375 0.0375
0 0.185 0.86 0.06 0.12875
0 0.7075 0.84 0.03 0.11875
0 0.33125 0.84625 0.05875 0.1325
0 0.27125 0.69875 0.0575 0.04
0 0.2275 0.5975 0.025 0.0275
0 0.23125 0.54125 0.02625 0.0775
0 0.20375 0.525 0.0275 0.05125
0 0.2225 0.45625 0.035 0.08125
0 0.8675 0.83875 0.01375 0.11125
0 0.84 0.84125 0.03375 0.11875
0 0.80625 0.84125 0.03 0.11875
0 0.7725 0.84125 0.03 0.11875
0 0.73875 0.84 0.02875 0.11875
0 0.675 0.84 0.02875 0.11875
0 0.64125 0.84 0.02875 0.11875
0 0.60625 0.84375 0.02875 0.11875
0 0.5775 0.84 0.025 0.1225
0 0.53125 0.84875 0.0575 0.12625
0 0.47 0.855 0.06125 0.125
0 0.4025 0.85625 0.06125 0.125
0 0.27 0.84 0.055 0.1175
0 0.27125 0.7425 0.06 0.04125
0 0.54375 0.27625 0.0725 0.04625
0 0.8575 0.58125 0.03375 0.0425
0 0.8275 0.28375 0.06875 0.045
0 0.6875 0.2325 0.06625 0.045
0 0.75625 0.235 0.06625 0.045
0 0.8275 0.23625 0.06625 0.045
0 0.18 0.39125 0.0625 0.045
0 0.17625 0.3425 0.0675 0.04625
0 0.25375 0.38 0.03625 0.0675
0 0.2975 0.3825 0.04375 0.07
0 0.75125 0.2825 0.0625 0.04625
0 0.34625 0.3825 0.04625 0.07
0 0.4425 0.385 0.04375 0.07
0 0.48875 0.38625 0.0425 0.07
0 0.535 0.3875 0.04375 0.07
0 0.58 0.38875 0.04375 0.07
0 0.62625 0.39 0.04375 0.07
0 0.67125 0.39 0.04375 0.07
0 0.71625 0.38875 0.04375 0.07
0 0.7625 0.38875 0.04 0.0675
0 0.3975 0.385 0.045 0.07
0 0.685 0.28125 0.0625 0.045
0 0.61875 0.2275 0.0675 0.0475
0 0.6175 0.2775 0.0675 0.0475
0 0.145 0.11875 0.03875 0.09125
0 0.2025 0.12125 0.06875 0.09375
0 0.28 0.11875 0.0725 0.1
0 0.35375 0.11625 0.07125 0.10625
0 0.4275 0.11875 0.07125 0.105
0 0.52375 0.13625 0.095 0.07375
0 0.62375 0.1425 0.09375 0.07375
0 0.70625 0.14625 0.06375 0.06875
0 0.77625 0.15 0.06375 0.06875
0 0.8425 0.1525 0.06375 0.06875
0 0.17875 0.27125 0.06375 0.04375
0 0.17875 0.22375 0.06375 0.04375
0 0.32625 0.27125 0.0675 0.045
0 0.39875 0.27625 0.0675 0.045
0 0.47 0.2775 0.0675 0.045
0 0.32625 0.225 0.0675 0.045
0 0.3975 0.22625 0.0675 0.045
0 0.4675 0.23 0.07 0.04625
0 0.54625 0.2275 0.07 0.04625
0 0.80625 0.39 0.0425 0.06875
0 0.165 0.7275 0.08 0.08
0 0.8525 0.39125 0.045 0.06875
0 0.1725 0.4625 0.055 0.0425
0 0.35125 0.62 0.0675 0.04
0 0.41625 0.6225 0.0625 0.04
0 0.48125 0.62125 0.0625 0.04
0 0.54625 0.62125 0.06375 0.04125
0 0.615 0.625 0.06375 0.04
0 0.28 0.58 0.06625 0.04
0 0.34875 0.5775 0.065 0.04125
0 0.41625 0.57625 0.06625 0.04
0 0.28 0.62125 0.0675 0.04
0 0.48375 0.5775 0.06 0.0425
0 0.61625 0.58125 0.06375 0.0425
0 0.68125 0.62625 0.0625 0.04
0 0.6825 0.585 0.06375 0.04
0 0.74625 0.62375 0.06125 0.04
0 0.7475 0.5825 0.06125 0.04
0 0.80875 0.62625 0.06125 0.04
0 0.81 0.58375 0.0575 0.04125
0 0.8575 0.62375 0.035 0.04125
0 0.54875 0.5775 0.065 0.04125
0 0.1825 0.57875 0.05 0.0425
0 0.185 0.6225 0.05625 0.0425
0 0.14 0.5775 0.03 0.04125
0 0.27875 0.5125 0.06375 0.04
0 0.275 0.46625 0.06375 0.0425
0 0.345 0.5125 0.06375 0.0425
0 0.3425 0.46875 0.06375 0.0425
0 0.4125 0.51125 0.065 0.04125
0 0.41125 0.46875 0.06625 0.0425
0 0.48125 0.51125 0.065 0.04375
0 0.4775 0.46625 0.06375 0.04375
0 0.5475 0.5125 0.06375 0.04375
0 0.54625 0.4675 0.06375 0.04375
0 0.615 0.51375 0.06375 0.04375
0 0.68 0.515 0.06125 0.0425
0 0.61375 0.47 0.06125 0.0425
0 0.67875 0.46875 0.06125 0.0425
0 0.74625 0.515 0.06375 0.04375
0 0.745 0.47 0.06375 0.04375
0 0.80875 0.515 0.05875 0.03875
0 0.8575 0.51625 0.03375 0.04125
0 0.14 0.62125 0.03 0.03875
0 0.1675 0.50875 0.04 0.04375
0 0.81125 0.4725 0.06125 0.04125