0 0.67 0.62 0.015 0.0325
0 0.6875 0.61375 0.01375 0.02875
0 0.705 0.59875 0.015 0.035
0 0.7225 0.58625 0.015 0.0375
0 0.67125 0.58125 0.02375 0.03875
0 0.53875 0.7975 0.02875 0.0425
0 0.53375 0.7525 0.025 0.0375
0 0.56375 0.77375 0.025 0.0325
0 0.6525 0.64 0.0175 0.0325
0 0.595 0.75125 0.02625 0.0425
0 0.56375 0.73125 0.02375 0.0425
0 0.64125 0.60125 0.035 0.03375
0 0.6275 0.65 0.0225 0.045
0 0.655 0.71375 0.0175 0.03
0 0.63375 0.73625 0.02875 0.0425
0 0.5425 0.1775 0.02625 0.13
0 0.51 0.1725 0.03125 0.14
0 0.47 0.17375 0.04125 0.15875
0 0.41 0.16625 0.03625 0.16125
0 0.365 0.1625 0.04125 0.17375
0 0.31375 0.155 0.05 0.175
0 0.15 0.14125 0.05 0.20125
0 0.2125 0.1475 0.06625 0.18875
0 0.76375 0.56 0.02 0.035
0 0.59625 0.7075 0.02125 0.03
0 0.67625 0.69625 0.01375 0.03625
0 0.69125 0.68375 0.0125 0.03
0 0.70625 0.6725 0.01125 0.0325
0 0.725 0.65875 0.0175 0.0325
0 0.72625 0.625 0.02125 0.03
0 0.70375 0.63625 0.01625 0.03125
0 0.69 0.64625 0.01375 0.03125
0 0.67375 0.6575 0.01875 0.03375
0 0.65625 0.6775 0.0175 0.03375
0 0.625 0.6925 0.03375 0.0325
0 0.58875 0.63125 0.03125 0.0325
0 0.46125 0.30625 0.0225 0.09625
0 0.5375 0.7025 0.025 0.04875
0 0.74875 0.1975 0.015 0.1025
0 0.7325 0.19375 0.01375 0.09875
0 0.715 0.1925 0.02 0.1025
0 0.68375 0.1875 0.01875 0.10625
0 0.65625 0.18375 0.03125 0.11375
0 0.6225 0.17875 0.02375 0.1175
0 0.59625 0.18 0.0225 0.1225
0 0.57 0.17625 0.025 0.12875
0 0.75375 0.63 0.0125 0.03125
0 0.32125 0.31625 0.025 0.11125
0 0.185 0.34 0.0375 0.13875
0 0.22 0.3375 0.03 0.1475
0 0.25625 0.33625 0.0325 0.135
0 0.15875 0.4675 0.0325 0.065
0 0.18875 0.46125 0.0225 0.0625
0 0.765 0.1975 0.01375 0.095
0 0.5625 0.68625 0.0225 0.04125
0 0.7825 0.19625 0.0175 0.095
0 0.775 0.27875 0.01 0.0475
0 0.51125 0.81625 0.0325 0.04
0 0.50625 0.7725 0.03125 0.0375
0 0.35625 0.31625 0.035 0.115
0 0.39875 0.31375 0.0175 0.10875
0 0.41875 0.31 0.01875 0.1125
0 0.43875 0.3075 0.01625 0.10375
0 0.4925 0.305 0.0175 0.095
0 0.51375 0.30375 0.02125 0.09375
0 0.6275 0.295 0.01625 0.0625
0 0.645 0.29375 0.01625 0.0625
0 0.665 0.29 0.0125 0.05875
0 0.70875 0.28625 0.01125 0.055
0 0.69125 0.28875 0.015 0.055
0 0.72375 0.285 0.01 0.055
0 0.7375 0.28375 0.01125 0.05
0 0.7625 0.27875 0.01125 0.05
0 0.75 0.59625 0.0175 0.0325
0 0.595 0.66875 0.0275 0.0375
0 0.24875 0.5125 0.02375 0.0525
0 0.615 0.52125 0.025 0.0375
0 0.64125 0.54875 0.0225 0.04125
0 0.64 0.5075 0.01875 0.035
0 0.63625 0.46625 0.02375 0.03625
0 0.57625 0.41125 0.015 0.035
0 0.59125 0.37125 0.01375 0.0375
0 0.59125 0.41125 0.00875 0.03625
0 0.60875 0.41125 0.0175 0.03875
0 0.63 0.40875 0.0175 0.03375
0 0.6275 0.37 0.01625 0.0375
0 0.615 0.56375 0.0225 0.035
0 0.6075 0.37 0.01375 0.0375
0 0.64875 0.405 0.0075 0.0325
0 0.66125 0.4 0.01 0.0325
0 0.6625 0.5375 0.01625 0.03375
0 0.68375 0.52875 0.0175 0.03125
0 0.6825 0.49 0.015 0.03875
0 0.66125 0.5 0.02 0.03375
0 0.65875 0.46125 0.01875 0.0375
0 0.68125 0.45 0.02 0.035
0 0.70375 0.51625 0.01875 0.04375
0 0.73375 0.465 0.01625 0.03125
0 0.6475 0.3675 0.00875 0.03125
0 0.73875 0.5025 0.0125 0.0325
0 0.5875 0.575 0.02375 0.04
0 0.4325 0.8225 0.0425 0.0575
0 0.44625 0.42875 0.02 0.0975
0 0.4225 0.43375 0.02125 0.09875
0 0.4 0.43375 0.01625 0.10625
0 0.38 0.4425 0.01875 0.11
0 0.36 0.44625 0.01875 0.1125
0 0.335 0.45625 0.025 0.11625
0 0.13875 0.54 0.02125 0.06125
0 0.16625 0.53125 0.02625 0.055
0 0.19375 0.52375 0.02375 0.05625
0 0.22125 0.51875 0.02625 0.05625
0 0.58625 0.53125 0.02375 0.04
0 0.285 0.6625 0.06375 0.05625
0 0.2725 0.445 0.02375 0.055
0 0.245 0.45125 0.0225 0.0625
0 0.2175 0.45875 0.02875 0.05625
0 0.16875 0.935 0.06875 0.0875
0 0.2375 0.9125 0.06 0.0775
0 0.3 0.8625 0.05875 0.0575
0 0.315 0.94875 0.07 0.10125
0 0.39875 0.89875 0.03875 0.07625
0 0.4275 0.72 0.0475 0.0475
0 0.43125 0.7675 0.045 0.0425
0 0.2775 0.50375 0.025 0.0525
0 0.48 0.415 0.025 0.09625
0 0.75625 0.49625 0.0175 0.02875
0 0.7525 0.42625 0.01875 0.0325
0 0.675 0.3625 0.01 0.0275
0 0.585 0.485 0.02875 0.04625
0 0.5525 0.49625 0.025 0.045
0 0.525 0.5075 0.025 0.05375
0 0.5575 0.5425 0.02625 0.04125
0 0.5275 0.55875 0.03 0.0425
0 0.56125 0.58875 0.0275 0.0475
0 0.53125 0.60375 0.0275 0.0425
0 0.5 0.6175 0.03 0.06
0 0.49125 0.52375 0.035 0.05625
0 0.675 0.39625 0.00625 0.03
0 0.46125 0.58125 0.0375 0.05375
0 0.43 0.655 0.04125 0.0675
0 0.415 0.54 0.04625 0.06125
0 0.2325 0.83875 0.07 0.05875
0 0.16 0.7875 0.06625 0.07
0 0.15625 0.715 0.05125 0.07625
0 0.14875 0.63625 0.045 0.07875
0 0.20375 0.62 0.0625 0.06875
0 0.21625 0.69125 0.06375 0.06
0 0.2225 0.75875 0.05875 0.0575
0 0.28625 0.725 0.06375 0.06125
0 0.4675 0.63625 0.03 0.05125
0 0.75375 0.46125 0.01875 0.0325
0 0.685 0.39625 0.0075 0.02875
0 0.50125 0.67875 0.04 0.04
0 0.66125 0.365 0.01125 0.0325
0 0.77875 0.4825 0.0225 0.03
0 0.77625 0.45125 0.02125 0.02875
0 0.77875 0.41375 0.02625 0.03875
0 0.77 0.3425 0.01375 0.03
0 0.78375 0.3725 0.01125 0.03125
0 0.76875 0.37375 0.0125 0.0275
0 0.75625 0.37375 0.00875 0.0275
0 0.75375 0.3425 0.0075 0.03
0 0.7425 0.38 0.00875 0.02875
0 0.5025 0.72375 0.035 0.04625
0 0.74125 0.34875 0.0125 0.02875
0 0.7275 0.3825 0.00625 0.02875
0 0.7175 0.3875 0.00875 0.02875
0 0.72 0.35375 0.0075 0.03375
0 0.68625 0.36 0.0075 0.0325
0 0.695 0.36 0.0075 0.0325
0 0.70375 0.3575 0.0075 0.03125
0 0.70625 0.39125 0.0075 0.0325
0 0.69625 0.39125 0.00625 0.02875
0 0.4725 0.7875 0.03125 0.05375
0 0.47625 0.84125 0.035 0.05125
0 0.73 0.35125 0.00625 0.03
0 0.57375 0.3725 0.015 0.03
0 0.27625 0.60125 0.07625 0.0575