0 0.5975 0.2575 0.03625 0.075
0 0.63 0.25875 0.02375 0.07
0 0.6575 0.2675 0.0175 0.05125
0 0.5525 0.2675 0.04375 0.04875
0 0.675 0.2675 0.01875 0.05375
0 0.51625 0.2575 0.02 0.0775
0 0.69875 0.27375 0.02375 0.0425
0 0.65375 0.4975 0.03 0.08125
0 0.74 0.27875 0.02 0.03875
0 0.4525 0.245 0.02875 0.09375
0 0.4225 0.24375 0.03125 0.09625
0 0.38875 0.24625 0.02875 0.09375
0 0.3525 0.24625 0.03875 0.09125
0 0.31375 0.24 0.02875 0.10625
0 0.2775 0.24875 0.04 0.09
0 0.2325 0.245 0.04375 0.09875
0 0.48875 0.255 0.03375 0.085
0 0.75875 0.2675 0.01625 0.06375
0 0.3325 0.095 0.035 0.1
0 0.79 0.26875 0.02 0.055
0 0.73 0.10625 0.05625 0.0775
0 0.67875 0.14 0.0175 0.05875
0 0.6525 0.14875 0.03375 0.04125
0 0.625 0.13375 0.02125 0.08125
0 0.6 0.13 0.025 0.085
0 0.57125 0.13375 0.03 0.07
0 0.53875 0.11875 0.03125 0.0975
0 0.505 0.1225 0.03125 0.06875
0 0.47125 0.12125 0.035 0.0725
0 0.43875 0.11 0.02625 0.09
0 0.405 0.10875 0.03875 0.09125
0 0.36625 0.0975 0.035 0.09625
0 0.2 0.24875 0.02 0.09125
0 0.28 0.09375 0.04125 0.09375
0 0.22625 0.08125 0.0575 0.11625
0 0.8425 0.28 0.02 0.0375
0 0.81625 0.2775 0.02875 0.04375
0 0.77375 0.27625 0.01375 0.03875
0 0.16875 0.24625 0.03625 0.09375
0 0.71625 0.39125 0.015 0.04375
0 0.81875 0.4025 0.0225 0.07125
0 0.3275 0.9475 0.0525 0.08
0 0.3725 0.935 0.03625 0.10625
0 0.415 0.91875 0.04625 0.075
0 0.4575 0.90625 0.035 0.09875
0 0.495 0.89625 0.0375 0.07875
0 0.5275 0.89 0.02375 0.08875
0 0.61875 0.8225 0.04625 0.035
0 0.55375 0.8675 0.02875 0.0725
0 0.58125 0.8625 0.0225 0.0825
0 0.2875 0.4175 0.03375 0.05125
0 0.235 0.37375 0.04875 0.04375
0 0.23875 0.42125 0.0475 0.04125
0 0.18625 0.395 0.04375 0.11375
0 0.14375 0.39375 0.0375 0.11
0 0.74 0.5 0.02625 0.0575
0 0.7125 0.49125 0.02625 0.0775
0 0.68125 0.4975 0.02375 0.08125
0 0.28125 0.95375 0.0425 0.0925
0 0.855 0.13875 0.01875 0.0525
0 0.83125 0.14375 0.02125 0.03375
0 0.81 0.13875 0.02 0.045
0 0.79625 0.40375 0.0225 0.07375
0 0.775 0.4075 0.01625 0.0675
0 0.75625 0.4075 0.02125 0.06875
0 0.73625 0.38125 0.02125 0.06375
0 0.69375 0.39875 0.0275 0.035
0 0.68875 0.36375 0.02125 0.0275
0 0.6625 0.385 0.0225 0.06625
0 0.63875 0.3775 0.025 0.08375
0 0.8375 0.4025 0.01375 0.0725
0 0.6125 0.3875 0.02375 0.06375
0 0.56125 0.38375 0.02375 0.0725
0 0.5 0.3675 0.0525 0.0175
0 0.48375 0.4025 0.0275 0.03375
0 0.43875 0.40875 0.0425 0.05
0 0.38625 0.4125 0.06125 0.05125
0 0.33125 0.4175 0.04625 0.04625
0 0.36375 0.3725 0.0575 0.02
0 0.2825 0.36125 0.03375 0.04375
0 0.5875 0.38375 0.02625 0.0725
0 0.525 0.40125 0.0475 0.03875
0 0.3275 0.68125 0.03875 0.075
0 0.60875 0.50875 0.02375 0.07
0 0.42625 0.79625 0.04875 0.085
0 0.49 0.74625 0.05375 0.02625
0 0.5025 0.7875 0.045 0.04875
0 0.545 0.75625 0.02125 0.075
0 0.5675 0.7475 0.01875 0.07875
0 0.595 0.765 0.025 0.04875
0 0.6225 0.7575 0.02125 0.05
0 0.64625 0.74 0.02 0.075
0 0.67375 0.74125 0.03375 0.065
0 0.71 0.7375 0.025 0.03875
0 0.7375 0.7325 0.02875 0.02625
0 0.7375 0.7025 0.02875 0.03125
0 0.76375 0.69 0.01875 0.0775
0 0.78875 0.6875 0.02875 0.0825
0 0.82125 0.67875 0.02 0.07
0 0.3825 0.80625 0.03625 0.09125
0 0.8425 0.675 0.0175 0.06125
0 0.34375 0.815 0.02625 0.08375
0 0.2725 0.825 0.0275 0.09375
0 0.77125 0.125 0.01125 0.05875
0 0.62375 0.865 0.05125 0.04375
0 0.66125 0.84 0.0225 0.07375
0 0.63 0.50125 0.0175 0.0875
0 0.68875 0.83375 0.03125 0.06125
0 0.71375 0.8375 0.0175 0.05125
0 0.73625 0.8325 0.02125 0.04625
0 0.75875 0.81125 0.0225 0.09
0 0.78125 0.80125 0.02 0.06875
0 0.8 0.78875 0.01625 0.095
0 0.82125 0.78 0.01875 0.085
0 0.845 0.7775 0.03 0.09125
0 0.1825 0.85375 0.04 0.11125
0 0.22125 0.845 0.0275 0.10875
0 0.25 0.83 0.0225 0.10875
0 0.30875 0.82 0.025 0.10625
0 0.8625 0.6675 0.0225 0.07625
0 0.7875 0.12375 0.02 0.0625
0 0.17 0.72 0.035 0.06875
0 0.78375 0.57 0.015 0.045
0 0.8 0.5575 0.01625 0.07
0 0.82625 0.55125 0.02125 0.075
0 0.85125 0.54 0.025 0.09625
0 0.17625 0.56125 0.0325 0.09125
0 0.20875 0.5575 0.03125 0.0975
0 0.2425 0.5525 0.03625 0.09
0 0.2775 0.55 0.0325 0.09375
0 0.3125 0.54875 0.03375 0.0875
0 0.3525 0.54625 0.02625 0.07625
0 0.39125 0.53875 0.03625 0.08375
0 0.42625 0.535 0.0325 0.09125
0 0.14 0.7225 0.025 0.065
0 0.555 0.51625 0.03375 0.0775
0 0.515 0.5275 0.035 0.0575
0 0.755 0.58375 0.01875 0.03
0 0.735 0.6 0.02375 0.07125
0 0.4675 0.54 0.04875 0.05125
0 0.6875 0.61 0.02125 0.07125
0 0.71 0.61 0.02 0.06875
0 0.285 0.69 0.03125 0.09625
0 0.5825 0.51875 0.0225 0.0725
0 0.36375 0.6775 0.0325 0.0825
0 0.2475 0.6975 0.0425 0.08125
0 0.43625 0.6625 0.03125 0.08
0 0.4675 0.655 0.0325 0.065
0 0.40125 0.67 0.03625 0.06625
0 0.5275 0.64 0.02875 0.06125
0 0.555 0.635 0.025 0.06875
0 0.5825 0.63125 0.02625 0.0675
0 0.60875 0.62375 0.0225 0.08
0 0.635 0.6175 0.0275 0.07
0 0.66375 0.61375 0.02625 0.08
0 0.5 0.64875 0.02375 0.0775
0 0.20625 0.70625 0.035 0.08625