0 0.605 0.80875 0.08875 0.01625
0 0.70375 0.695 0.09 0.015
0 0.70875 0.715 0.0875 0.015
0 0.61375 0.7125 0.09 0.01625
0 0.6125 0.69125 0.09125 0.0175
0 0.61 0.65125 0.09375 0.0175
0 0.61 0.67125 0.09125 0.01375
0 0.515 0.71 0.08875 0.0175
0 0.515 0.67 0.09 0.01625
0 0.515 0.68875 0.09 0.01375
0 0.70625 0.67375 0.08625 0.02
0 0.41875 0.67 0.095 0.01375
0 0.42125 0.6875 0.09 0.01375
0 0.4225 0.71 0.09 0.01375
0 0.515 0.6475 0.09 0.01875
0 0.70625 0.65 0.09125 0.0175
0 0.70375 0.75125 0.09875 0.0175
0 0.70125 0.77375 0.09375 0.01625
0 0.605 0.79 0.09 0.01375
0 0.5125 0.78875 0.085 0.01375
0 0.41625 0.79 0.0925 0.0175
0 0.5125 0.76875 0.08875 0.01375
0 0.60625 0.77125 0.09 0.01375
0 0.60625 0.75 0.0825 0.02
0 0.4175 0.81 0.08625 0.015
0 0.5125 0.7475 0.08875 0.01625
0 0.41625 0.7475 0.08625 0.02125
0 0.51125 0.81 0.09 0.015
0 0.35 0.765 0.02125 0.05375
0 0.3075 0.765 0.01125 0.06
0 0.29 0.7675 0.015 0.0625
0 0.27375 0.76625 0.01375 0.06375
0 0.69 0.905 0.08625 0.015
0 0.68875 0.8875 0.09 0.01625
0 0.305 0.85 0.095 0.015
0 0.695 0.84875 0.09 0.01875
0 0.70125 0.81375 0.08875 0.01875
0 0.7025 0.795 0.09625 0.01625
0 0.325 0.76125 0.0175 0.0525
0 0.68875 0.8675 0.0925 0.015
0 0.7125 0.5075 0.095 0.0175
0 0.42 0.645 0.09125 0.02
0 0.26625 0.555 0.02375 0.05125
0 0.61625 0.50375 0.09375 0.01625
0 0.51875 0.50375 0.095 0.0175
0 0.42125 0.50125 0.0925 0.0175
0 0.6175 0.48125 0.0925 0.01625
0 0.52125 0.48 0.095 0.015
0 0.42125 0.47875 0.095 0.01875
0 0.715 0.485 0.09375 0.01625
0 0.7175 0.46125 0.10125 0.02125
0 0.62125 0.46 0.0925 0.01625
0 0.5225 0.4575 0.09375 0.0175
0 0.4225 0.4575 0.095 0.0175
0 0.7175 0.4375 0.09375 0.02375
0 0.61875 0.4375 0.09125 0.02125
0 0.51875 0.435 0.09375 0.01625
0 0.42125 0.4325 0.0925 0.0225
0 0.3275 0.4425 0.0175 0.0575
0 0.2975 0.5525 0.015 0.045
0 0.315 0.555 0.01625 0.0425
0 0.3325 0.55375 0.0125 0.0425
0 0.4175 0.545 0.09125 0.02
0 0.33625 0.66125 0.01125 0.05
0 0.32 0.66375 0.015 0.0525
0 0.30125 0.665 0.01375 0.0625
0 0.70875 0.61125 0.09125 0.02125
0 0.61125 0.61 0.09375 0.02
0 0.515 0.61 0.09375 0.01875
0 0.4175 0.60875 0.09125 0.015
0 0.7075 0.58875 0.095 0.0175
0 0.31125 0.875 0.09125 0.01375
0 0.61125 0.5875 0.09125 0.01625
0 0.42 0.5875 0.08875 0.01375
0 0.6125 0.56625 0.09375 0.01625
0 0.70875 0.56875 0.09 0.01625
0 0.71125 0.54625 0.09625 0.0175
0 0.6125 0.54625 0.09125 0.01875
0 0.51375 0.5425 0.095 0.02
0 0.51625 0.5675 0.08875 0.015
0 0.42 0.565 0.0975 0.0175
0 0.51625 0.5875 0.0925 0.0175
0 0.3125 0.89 0.0925 0.01375
0 0.41875 0.76875 0.09125 0.015
0 0.41125 0.9075 0.08375 0.01125
0 0.73 0.20625 0.10125 0.0225
0 0.31375 0.9075 0.0925 0.015
0 0.6275 0.23 0.10125 0.01875
0 0.62375 0.255 0.09875 0.02375
0 0.62375 0.28 0.0975 0.02125
0 0.52 0.21 0.0925 0.01125
0 0.52375 0.23 0.09375 0.02
0 0.5225 0.255 0.095 0.02125
0 0.52 0.27875 0.0975 0.01875
0 0.41875 0.275 0.1025 0.02
0 0.41875 0.25 0.09625 0.02
0 0.32125 0.3275 0.015 0.04875
0 0.305 0.32875 0.015 0.05125
0 0.2875 0.32625 0.01625 0.05125
0 0.265 0.32625 0.02 0.05125
0 0.41875 0.2275 0.09875 0.0225
0 0.315 0.22875 0.015 0.0325
0 0.73375 0.23125 0.1 0.02125
0 0.7325 0.25625 0.105 0.02
0 0.7325 0.28 0.1075 0.02125
0 0.4175 0.32 0.10125 0.01875
0 0.30875 0.44375 0.015 0.05
0 0.29 0.4425 0.01375 0.0525
0 0.27125 0.4425 0.01375 0.055
0 0.72 0.39625 0.0925 0.0175
0 0.61625 0.39375 0.0975 0.01625
0 0.72 0.37125 0.095 0.01625
0 0.62 0.37125 0.095 0.015
0 0.5175 0.3675 0.09625 0.01625
0 0.29625 0.225 0.01625 0.04
0 0.51875 0.39125 0.095 0.0175
0 0.4175 0.365 0.0975 0.015
0 0.72 0.35 0.1 0.02
0 0.61875 0.34625 0.09875 0.01625
0 0.51625 0.34625 0.09625 0.01625
0 0.4175 0.34375 0.09625 0.015
0 0.71875 0.325 0.095 0.02125
0 0.61875 0.325 0.0975 0.02
0 0.5175 0.3225 0.0925 0.0175
0 0.4175 0.38625 0.095 0.01875
0 0.2725 0.2275 0.02125 0.045
0 0.61875 0.20875 0.095 0.01125
0 0.4075 0.8725 0.09 0.015
0 0.41 0.89125 0.09125 0.01375
0 0.4225 0.8475 0.05625 0.01875
0 0.485 0.8475 0.04875 0.01625
0 0.5025 0.8825 0.08625 0.0175
0 0.505 0.905 0.08375 0.0175
0 0.595 0.90125 0.085 0.015
0 0.59 0.88375 0.09125 0.01
0 0.59375 0.8675 0.09875 0.0125
0 0.595 0.84625 0.08 0.0125