0 0.55625 0.48625 0.02375 0.08125
0 0.6675 0.2125 0.0125 0.09125
0 0.6825 0.2125 0.0125 0.09125
0 0.6625 0.15625 0.02375 0.01875
0 0.735 0.2475 0.07375 0.025
0 0.73125 0.22625 0.07125 0.01625
0 0.315 0.34125 0.01875 0.0875
0 0.28375 0.34 0.04 0.0875
0 0.6525 0.2125 0.015 0.0925
0 0.34125 0.35125 0.0325 0.07625
0 0.37125 0.34 0.02375 0.09125
0 0.3975 0.34 0.025 0.0925
0 0.73125 0.20875 0.07125 0.01375
0 0.62875 0.20625 0.01875 0.1125
0 0.65375 0.4725 0.01875 0.1125
0 0.55 0.20375 0.08 0.015
0 0.4225 0.33875 0.0225 0.09875
0 0.67625 0.47 0.02125 0.1125
0 0.7 0.49875 0.0175 0.05375
0 0.72125 0.4975 0.02375 0.055
0 0.2675 0.56875 0.0275 0.035
0 0.29875 0.60875 0.0275 0.055
0 0.3625 0.6125 0.04375 0.0325
0 0.355 0.58125 0.05 0.02625
0 0.36125 0.55375 0.05125 0.02125
0 0.41875 0.60875 0.05375 0.05125
0 0.46375 0.6025 0.02625 0.06625
0 0.49125 0.5975 0.02375 0.0725
0 0.6075 0.2075 0.0175 0.1125
0 0.4475 0.3375 0.0225 0.1
0 0.47875 0.35875 0.03375 0.0575
0 0.51125 0.355 0.02375 0.065
0 0.41625 0.4875 0.01875 0.08
0 0.4375 0.4875 0.01875 0.0775
0 0.46 0.47 0.01875 0.10875
0 0.4825 0.4975 0.02125 0.05625
0 0.35375 0.24875 0.10375 0.025
0 0.35375 0.22125 0.10125 0.02875
0 0.39625 0.49 0.01625 0.0725
0 0.35 0.195 0.1 0.0175
0 0.4575 0.225 0.0925 0.02375
0 0.4575 0.2025 0.0925 0.01625
0 0.55 0.25 0.085 0.02125
0 0.55 0.225 0.08375 0.02125
0 0.505 0.49875 0.02125 0.055
0 0.53125 0.48625 0.02375 0.08125
0 0.4575 0.25125 0.09375 0.02625
0 0.38 0.4875 0.015 0.07125
0 0.3575 0.485 0.025 0.07875
0 0.3325 0.47625 0.0225 0.095
0 0.53875 0.35625 0.025 0.0625
0 0.5725 0.33875 0.03375 0.09875
0 0.61 0.3375 0.03375 0.1
0 0.645 0.34625 0.03 0.08625
0 0.68 0.37 0.03125 0.03625
0 0.7475 0.325 0.03125 0.03125
0 0.74 0.35875 0.02875 0.03
0 0.62875 0.47125 0.02625 0.1125
0 0.60625 0.47625 0.01875 0.10375
0 0.73375 0.4225 0.03 0.02875
0 0.71125 0.37375 0.01875 0.02625
0 0.7125 0.35 0.02125 0.0175
0 0.68 0.34375 0.03125 0.015
0 0.3025 0.51625 0.035 0.015
0 0.3 0.4975 0.0325 0.0175
0 0.58375 0.4775 0.02125 0.1
0 0.73625 0.39125 0.0275 0.0275
0 0.7475 0.6975 0.06625 0.07875
0 0.38125 0.8725 0.0375 0.04125
0 0.42375 0.7175 0.035 0.0425
0 0.38 0.67625 0.03625 0.03625
0 0.42125 0.675 0.0375 0.035
0 0.46625 0.71625 0.03625 0.0425
0 0.465 0.67375 0.03625 0.04
0 0.50875 0.72375 0.04 0.0275
0 0.55625 0.725 0.04875 0.02
0 0.555 0.69875 0.05 0.025
0 0.6025 0.72125 0.0375 0.0325
0 0.60125 0.68375 0.03625 0.0375
0 0.64375 0.71625 0.03875 0.03625
0 0.64375 0.675 0.04125 0.0375
0 0.69 0.7175 0.04375 0.04
0 0.2475 0.84 0.0225 0.0925
0 0.29 0.8775 0.04625 0.0375
0 0.28875 0.8375 0.04875 0.03625
0 0.33625 0.875 0.0425 0.03625
0 0.38375 0.71625 0.03625 0.03875
0 0.33625 0.83625 0.04125 0.0375
0 0.34125 0.69625 0.0375 0.08
0 0.26 0.66875 0.045 0.02875
0 0.28875 0.20625 0.0175 0.10625
0 0.51375 0.605 0.015 0.06
0 0.5375 0.59875 0.0275 0.065
0 0.57 0.6175 0.02125 0.02875
0 0.56875 0.59375 0.02 0.01625
0 0.59375 0.60625 0.02125 0.0525
0 0.6175 0.6025 0.01875 0.06625
0 0.63875 0.60375 0.01875 0.07
0 0.665 0.59375 0.0275 0.0775
0 0.6925 0.59125 0.02 0.09125
0 0.715 0.59 0.0225 0.08875
0 0.74375 0.57 0.01625 0.09
0 0.76875 0.57125 0.02375 0.0925
0 0.2825 0.7975 0.04375 0.02875
0 0.26875 0.73375 0.0425 0.025
0 0.2725 0.76375 0.04375 0.02625
0 0.26625 0.7 0.04125 0.025
0 0.305 0.70125 0.02875 0.06875
0 0.3375 0.79375 0.04375 0.04
0 0.2675 0.20625 0.02125 0.10625
0 0.42625 0.87375 0.0425 0.04375
0 0.52375 0.7825 0.0275 0.0425
0 0.74 0.83125 0.08125 0.13375
0 0.66125 0.7825 0.05625 0.0425
0 0.66875 0.855 0.04 0.07375
0 0.61875 0.8575 0.0525 0.08375
0 0.2275 0.84 0.01375 0.10125
0 0.52375 0.87375 0.0475 0.045
0 0.4725 0.87 0.04875 0.0525
0 0.42375 0.7975 0.0375 0.04125
0 0.425 0.835 0.03875 0.02875
0 0.38125 0.8325 0.04125 0.03625
0 0.57125 0.86 0.035 0.0825