0 0.22125 0.4225 0.05375 0.06625
0 0.85875 0.93 0.03125 0.085
0 0.8175 0.78375 0.05375 0.085
0 0.86125 0.7825 0.0275 0.0875
0 0.61 0.82625 0.0475 0.08375
0 0.6775 0.8225 0.07625 0.07875
0 0.7425 0.82125 0.035 0.08125
0 0.6 0.7375 0.04125 0.09
0 0.645 0.73625 0.03875 0.09375
0 0.68875 0.76125 0.04125 0.04625
0 0.73375 0.74375 0.04375 0.07125
0 0.6075 0.64125 0.0425 0.085
0 0.655 0.64875 0.04375 0.075
0 0.725 0.6575 0.05625 0.09125
0 0.81375 0.6075 0.0425 0.1025
0 0.73 0.53875 0.04375 0.07125
0 0.66875 0.54625 0.0475 0.075
0 0.59125 0.52875 0.04625 0.06125
0 0.3025 0.43 0.06125 0.08
0 0.84375 0.0625 0.06125 0.1025
0 0.575 0.285 0.03125 0.0725
0 0.58875 0.165 0.04125 0.0675
0 0.63875 0.19125 0.035 0.07125
0 0.72 0.1675 0.05 0.09375
0 0.81 0.935 0.05 0.08375
0 0.83875 0.2425 0.06625 0.0975
0 0.6475 0.295 0.05625 0.085
0 0.86 0.4275 0.03 0.105
0 0.8175 0.43 0.04625 0.11
0 0.7175 0.41875 0.0425 0.08375
0 0.6475 0.41875 0.04375 0.0825
0 0.585 0.415 0.03875 0.09625
0 0.7125 0.29625 0.04375 0.0875
0 0.75125 0.9125 0.01375 0.01625
0 0.8575 0.60625 0.035 0.10375
0 0.745 0.895 0.0175 0.01
0 0.36875 0.29875 0.05125 0.08375
0 0.72625 0.91375 0.02375 0.01625
0 0.20375 0.31375 0.0675 0.07125
0 0.3675 0.1725 0.05125 0.08625
0 0.20625 0.20125 0.08125 0.09125
0 0.3725 0.43625 0.05 0.0775
0 0.21 0.53875 0.05875 0.07125
0 0.2775 0.5375 0.05625 0.06625
0 0.33625 0.53 0.05 0.0625
0 0.22125 0.64875 0.05625 0.08375
0 0.2825 0.64375 0.05875 0.07375
0 0.3525 0.65 0.04375 0.07125
0 0.3925 0.64 0.025 0.0675
0 0.2225 0.75125 0.025 0.09
0 0.29 0.7425 0.075 0.0975
0 0.28 0.3175 0.065 0.0825
0 0.69875 0.90375 0.0225 0.06125
0 0.20875 0.83125 0.03125 0.05125
0 0.25625 0.82875 0.0425 0.04875
0 0.2975 0.84625 0.03375 0.06125
0 0.3675 0.84125 0.07875 0.0675
0 0.1975 0.9275 0.0375 0.0625
0 0.24375 0.92625 0.04 0.07
0 0.2875 0.92625 0.03625 0.0925
0 0.3325 0.925 0.04625 0.0925
0 0.37 0.74375 0.075 0.0875
0 0.3825 0.9375 0.04 0.06
0 0.61125 0.9025 0.04375 0.05625
0 0.65875 0.9 0.0425 0.0625
0 0.72375 0.8925 0.0125 0.0175