0 0.29125 0.3375 0.0225 0.05875
0 0.25375 0.35 0.04375 0.0325
0 0.675 0.33375 0.0225 0.05375
0 0.365 0.7225 0.01875 0.055
0 0.34375 0.72 0.01875 0.06125
0 0.4475 0.6375 0.015 0.05625
0 0.46875 0.6375 0.0225 0.0625
0 0.4925 0.64875 0.02125 0.0425
0 0.52125 0.64 0.02125 0.0575
0 0.54 0.64125 0.01375 0.06
0 0.5775 0.64 0.0325 0.06125
0 0.61125 0.64 0.02875 0.0725
0 0.3875 0.725 0.02125 0.055
0 0.64375 0.63875 0.0275 0.07125
0 0.69875 0.64875 0.02 0.05
0 0.7175 0.65 0.015 0.05625
0 0.735 0.6525 0.01625 0.0525
0 0.76125 0.6375 0.0275 0.02375
0 0.76 0.665 0.03 0.025
0 0.25625 0.7325 0.01375 0.05
0 0.2775 0.73125 0.0225 0.0525
0 0.30875 0.74 0.035 0.03375
0 0.35 0.34125 0.02625 0.04875
0 0.67375 0.65 0.025 0.04875
0 0.3725 0.3375 0.01125 0.06125
0 0.41 0.73 0.02125 0.06125
0 0.46 0.72125 0.02 0.05625
0 0.33375 0.6375 0.01625 0.0525
0 0.35375 0.64 0.02 0.05375
0 0.37625 0.63875 0.02125 0.0575
0 0.4 0.64 0.01875 0.055
0 0.42375 0.65375 0.025 0.03375
0 0.27125 0.8025 0.04125 0.035
0 0.23125 0.805 0.0225 0.0875
0 0.7675 0.73875 0.0225 0.06
0 0.60375 0.455 0.0275 0.0175
0 0.43625 0.73 0.0225 0.06
0 0.715 0.735 0.02375 0.05875
0 0.65125 0.73125 0.0225 0.065
0 0.62625 0.7325 0.01875 0.065
0 0.605 0.73125 0.02125 0.06125
0 0.57625 0.72875 0.02375 0.06375
0 0.55125 0.73 0.0225 0.0625
0 0.53125 0.735 0.0125 0.05375
0 0.51625 0.73375 0.0125 0.05
0 0.5 0.72625 0.01625 0.06625
0 0.48125 0.725 0.01625 0.065
0 0.67875 0.73125 0.025 0.06875
0 0.30625 0.63875 0.025 0.0475
0 0.385 0.3375 0.01125 0.0625
0 0.40625 0.32625 0.02375 0.02625
0 0.7325 0.425 0.0275 0.02375
0 0.68375 0.45375 0.025 0.01875
0 0.685 0.4325 0.02625 0.02125
0 0.6575 0.4375 0.025 0.04875
0 0.63125 0.4275 0.02125 0.03125
0 0.305 0.4375 0.03 0.055
0 0.3475 0.41875 0.0425 0.0275
0 0.3475 0.45 0.04125 0.02875
0 0.39125 0.45 0.04125 0.02875
0 0.76375 0.42375 0.03 0.0225
0 0.39 0.42 0.03875 0.0275
0 0.46125 0.435 0.0225 0.01625
0 0.48625 0.435 0.02375 0.02
0 0.46 0.45625 0.02375 0.01875
0 0.48625 0.4575 0.0225 0.0175
0 0.52125 0.435 0.03625 0.0575
0 0.55375 0.43375 0.02125 0.01875
0 0.55375 0.45375 0.02125 0.01875
0 0.57875 0.43875 0.02125 0.05
0 0.605 0.43375 0.02625 0.02125
0 0.43 0.43625 0.03375 0.055
0 0.40625 0.35375 0.025 0.01875
0 0.72875 0.45125 0.02875 0.02375
0 0.26625 0.5275 0.045 0.03375
0 0.4325 0.33375 0.02125 0.02
0 0.43375 0.35625 0.025 0.02125
0 0.45625 0.31125 0.0225 0.02375
0 0.45625 0.335 0.0225 0.015
0 0.46 0.35625 0.02125 0.02
0 0.48125 0.35375 0.01875 0.02125
0 0.48125 0.3275 0.01875 0.0225
0 0.52625 0.33875 0.025 0.0475
0 0.55375 0.3375 0.025 0.0475
0 0.76 0.45125 0.03 0.025
0 0.58 0.33875 0.0225 0.04875
0 0.63125 0.335 0.02 0.0525
0 0.6525 0.33375 0.0175 0.05625
0 0.7025 0.33625 0.02625 0.05
0 0.73 0.34625 0.025 0.02875
0 0.72875 0.315 0.025 0.0275
0 0.75375 0.33375 0.01875 0.055
0 0.7725 0.33 0.015 0.06
0 0.26125 0.445 0.05 0.0425
0 0.26625 0.4075 0.03875 0.025
0 0.60625 0.3375 0.02625 0.05
0 0.28 0.64 0.02 0.0575
0 0.7425 0.7375 0.025 0.06
0 0.7325 0.535 0.05625 0.03
0 0.64125 0.21625 0.03125 0.0225
0 0.76125 0.84 0.0225 0.055
0 0.73875 0.83625 0.0175 0.0575
0 0.72 0.83875 0.0175 0.05625
0 0.68 0.85 0.045 0.0325
0 0.6775 0.81 0.05125 0.03875
0 0.6225 0.84625 0.05125 0.03125
0 0.62125 0.8075 0.05 0.03875
0 0.255 0.64875 0.02 0.0425
0 0.57 0.8 0.0375 0.02625
0 0.5675 0.8375 0.04125 0.03875
0 0.52 0.8325 0.04125 0.04375
0 0.47125 0.84 0.04625 0.0375
0 0.425 0.8 0.05125 0.0375
0 0.42375 0.845 0.04375 0.04375
0 0.64125 0.2425 0.03125 0.02375
0 0.6725 0.2175 0.02875 0.02375
0 0.705 0.21625 0.03 0.02375
0 0.6725 0.2425 0.02625 0.0225
0 0.26875 0.56375 0.04375 0.03125
0 0.30625 0.55125 0.02 0.0525
0 0.32875 0.54375 0.0225 0.06875
0 0.35625 0.54875 0.02375 0.055
0 0.38 0.54875 0.0225 0.055
0 0.405 0.5425 0.02 0.07125
0 0.4275 0.54375 0.02125 0.06375
0 0.3775 0.83 0.03875 0.03875
0 0.45125 0.53625 0.02 0.07625
0 0.48875 0.53625 0.02 0.08
0 0.51125 0.55125 0.02125 0.05
0 0.535 0.5275 0.0225 0.0175
0 0.76625 0.205 0.02875 0.02875
0 0.7675 0.2375 0.02625 0.03
0 0.73875 0.2375 0.025 0.0325
0 0.70625 0.24125 0.03125 0.0225
0 0.47 0.5375 0.015 0.07875
0 0.3775 0.7925 0.03875 0.0275
0 0.52625 0.79625 0.03375 0.01875
0 0.31875 0.84125 0.0425 0.035
0 0.37125 0.24 0.0175 0.05125
0 0.3325 0.23625 0.0525 0.03125
0 0.29375 0.2425 0.01625 0.05
0 0.27875 0.24375 0.0125 0.05
0 0.26375 0.255 0.01375 0.025
0 0.245 0.255 0.01875 0.0225
0 0.24625 0.2325 0.02 0.02
0 0.2275 0.25 0.01375 0.0375
0 0.31875 0.3375 0.0275 0.06
0 0.5375 0.5475 0.025 0.015
0 0.27625 0.83875 0.03875 0.03125
0 0.59625 0.52625 0.025 0.01875
0 0.5975 0.5475 0.0225 0.01625
0 0.59875 0.5675 0.025 0.01875
0 0.62125 0.55125 0.01375 0.05
0 0.64 0.55625 0.01625 0.04125
0 0.66625 0.5475 0.025 0.0225
0 0.69125 0.54875 0.02375 0.02
0 0.69375 0.57125 0.02625 0.01875
0 0.66625 0.57125 0.025 0.01875
0 0.71 0.5 0.06375 0.01875
0 0.39 0.23875 0.0175 0.0525
0 0.40875 0.235 0.015 0.05875
0 0.535 0.56875 0.02375 0.02
0 0.45 0.24 0.02 0.045
0 0.31875 0.80125 0.045 0.03625
0 0.61625 0.225 0.0125 0.065
0 0.59875 0.225 0.015 0.07
0 0.5825 0.22375 0.015 0.0675
0 0.4275 0.24125 0.01875 0.045
0 0.63 0.455 0.0225 0.01875
0 0.49375 0.24875 0.01875 0.025
0 0.5625 0.2375 0.02125 0.04375
0 0.515 0.2375 0.01875 0.0425
0 0.5375 0.2375 0.0225 0.045
0 0.49375 0.2225 0.0175 0.02
0 0.47125 0.24 0.02 0.04625