0 0.545 0.72375 0.0425 0.09625
0 0.2575 0.4525 0.02625 0.00875
0 0.25625 0.44125 0.02625 0.0075
0 0.25375 0.42625 0.0275 0.01625
0 0.2225 0.425 0.025 0.015
0 0.22375 0.44 0.02875 0.01
0 0.225 0.45125 0.025 0.00875
0 0.19 0.42625 0.0325 0.01625
0 0.19 0.44125 0.0275 0.0075
0 0.19125 0.45125 0.0275 0.00875
0 0.15625 0.45375 0.03375 0.01125
0 0.15625 0.44125 0.0275 0.01
0 0.155 0.42625 0.0325 0.0125
0 0.3225 0.34875 0.02875 0.045
0 0.28875 0.35 0.02875 0.04125
0 0.25625 0.345 0.03125 0.04875
0 0.29625 0.43 0.01875 0.05
0 0.3275 0.42875 0.0275 0.05375
0 0.36875 0.3975 0.03375 0.08
0 0.41125 0.39375 0.04125 0.085
0 0.775 0.7525 0.03125 0.00625
0 0.865 0.72 0.01875 0.07875
0 0.1575 0.7325 0.0375 0.1
0 0.20125 0.735 0.04125 0.09375
0 0.245 0.73 0.04125 0.0975
0 0.28875 0.73125 0.04125 0.09875
0 0.33 0.73125 0.03625 0.09875
0 0.2225 0.34625 0.03125 0.04625
0 0.4125 0.73 0.03625 0.09125
0 0.49625 0.72625 0.035 0.1
0 0.6275 0.39375 0.02875 0.08
0 0.58875 0.37875 0.0325 0.075
0 0.555 0.39125 0.01625 0.08875
0 0.535 0.405 0.01375 0.07
0 0.50375 0.39875 0.035 0.0825
0 0.46125 0.39375 0.04 0.08875
0 0.4525 0.725 0.0375 0.1025
0 0.77625 0.74625 0.03 0.00625
0 0.1925 0.34375 0.01875 0.05375
0 0.32375 0.27 0.04 0.06625
0 0.8375 0.18375 0.02625 0.0575
0 0.8075 0.17375 0.01875 0.07
0 0.75375 0.16625 0.02875 0.09125
0 0.71875 0.15875 0.03375 0.11
0 0.6825 0.155 0.02875 0.1125
0 0.6475 0.16 0.02875 0.095
0 0.61625 0.16375 0.02 0.095
0 0.5875 0.1575 0.0275 0.10875
0 0.55625 0.15875 0.02625 0.1075
0 0.1625 0.1675 0.04875 0.075
0 0.215 0.17625 0.045 0.06875
0 0.265 0.17625 0.045 0.07
0 0.3125 0.1775 0.045 0.06375
0 0.3625 0.17375 0.04625 0.06375
0 0.40875 0.15875 0.0325 0.09375
0 0.8675 0.29 0.015 0.05875
0 0.84 0.29375 0.03125 0.05
0 0.81125 0.29125 0.02 0.06
0 0.78375 0.28 0.02875 0.07875
0 0.275 0.27 0.04625 0.06125
0 0.22875 0.27 0.04125 0.06
0 0.14 0.2675 0.0275 0.0575
0 0.18125 0.2675 0.045 0.06125
0 0.36375 0.2875 0.02625 0.0775
0 0.61125 0.27875 0.0325 0.10125
0 0.5775 0.27875 0.02875 0.10875
0 0.155 0.34125 0.04625 0.055
0 0.54 0.2775 0.0325 0.1075
0 0.47125 0.275 0.02875 0.1075
0 0.43875 0.29375 0.03125 0.07
0 0.3975 0.3025 0.03625 0.05625
0 0.64125 0.3 0.02125 0.055
0 0.665 0.28875 0.01875 0.08125
0 0.6925 0.28 0.0275 0.10125
0 0.75 0.2925 0.0225 0.08
0 0.505 0.2775 0.03125 0.1075
0 0.77625 0.74 0.03125 0.00625
0 0.77625 0.73125 0.03125 0.00625
0 0.775 0.76625 0.0325 0.00625
0 0.84875 0.5025 0.0225 0.02625
0 0.76125 0.49 0.02375 0.04625
0 0.72875 0.53625 0.0325 0.01375
0 0.7275 0.52 0.0325 0.00875
0 0.72875 0.505 0.0325 0.0125
0 0.72875 0.48625 0.03375 0.0175
0 0.6925 0.49875 0.03 0.0925
0 0.65125 0.5 0.03375 0.08875
0 0.61375 0.50375 0.035 0.085
0 0.57125 0.5025 0.0375 0.0875
0 0.52875 0.5025 0.03625 0.0925
0 0.48875 0.50125 0.03375 0.09375
0 0.445 0.5025 0.03625 0.09375
0 0.40625 0.50125 0.0375 0.09625
0 0.36 0.5025 0.03625 0.09625
0 0.78875 0.50625 0.01125 0.02625
0 0.86 0.55875 0.02 0.035
0 0.8325 0.5625 0.02125 0.02875
0 0.81 0.5625 0.02125 0.035
0 0.27375 0.61875 0.03 0.09375
0 0.23875 0.62125 0.03125 0.09125
0 0.205 0.62375 0.0275 0.08875
0 0.175 0.62125 0.02375 0.09
0 0.14625 0.62125 0.02125 0.09
0 0.86 0.655 0.015 0.0075
0 0.85875 0.64625 0.01625 0.00875
0 0.325 0.52125 0.025 0.065
0 0.86375 0.63375 0.02 0.0075
0 0.8375 0.6425 0.01625 0.0375
0 0.8175 0.635 0.015 0.0425
0 0.80125 0.64125 0.01125 0.0375
0 0.78125 0.6425 0.01875 0.03875
0 0.75625 0.645 0.0225 0.0325
0 0.7825 0.55875 0.025 0.03625
0 0.76125 0.55875 0.015 0.0425
0 0.865 0.62125 0.01625 0.0125
0 0.295 0.5225 0.02375 0.06625
0 0.26375 0.52375 0.02625 0.06375
0 0.225 0.53375 0.04125 0.03875
0 0.55875 0.6125 0.0175 0.08875
0 0.58875 0.61 0.0325 0.09375
0 0.64 0.6075 0.06 0.09875
0 0.71125 0.6125 0.0625 0.09375
0 0.64 0.69625 0.06125 0.015
0 0.63875 0.7125 0.055 0.01125
0 0.6375 0.72625 0.06 0.01
0 0.5325 0.6125 0.02625 0.0925
0 0.64 0.73875 0.05625 0.01125
0 0.64 0.76625 0.05625 0.01
0 0.69125 0.74 0.04125 0.055
0 0.735 0.74 0.035 0.06625
0 0.7775 0.72375 0.03 0.00625
0 0.82125 0.72875 0.055 0.015
0 0.82375 0.745 0.055 0.00875
0 0.825 0.75875 0.06125 0.01625
0 0.63875 0.75375 0.06 0.01125
0 0.45 0.1775 0.035 0.05875
0 0.50625 0.61875 0.015 0.08875
0 0.45375 0.6125 0.03 0.09
0 0.1775 0.5325 0.035 0.04
0 0.1425 0.5075 0.03125 0.0175
0 0.1375 0.53125 0.02375 0.02625
0 0.86875 0.38375 0.01125 0.07375
0 0.8525 0.3825 0.01375 0.075
0 0.83625 0.38125 0.015 0.0775
0 0.81375 0.3825 0.02125 0.08375
0 0.48375 0.61625 0.02 0.09125
0 0.77 0.3925 0.02125 0.07375
0 0.69375 0.39125 0.03 0.0875
0 0.66 0.3925 0.02875 0.08375
0 0.30375 0.62125 0.02125 0.08375
0 0.3275 0.6175 0.0225 0.0925
0 0.36125 0.61625 0.03375 0.10125
0 0.39625 0.615 0.02375 0.09625
0 0.4225 0.61375 0.01875 0.0975
0 0.73625 0.39125 0.0375 0.08625
0 0.48875 0.1625 0.03125 0.09625
0 0.37 0.7275 0.03625 0.09875