0 0.58 0.71875 0.0425 0.025
0 0.57875 0.74625 0.04375 0.025
0 0.63125 0.70375 0.05625 0.035
0 0.63125 0.74125 0.055 0.03625
0 0.615 0.85 0.0525 0.025
0 0.6875 0.7025 0.05 0.03375
0 0.68625 0.7425 0.0525 0.0375
0 0.73875 0.72375 0.045 0.02375
0 0.75625 0.98375 0.0525 0.03125
0 0.815 0.95625 0.05625 0.02375
0 0.815 0.985 0.05875 0.02625
0 0.53 0.71875 0.05375 0.0275
0 0.41 0.985 0.05875 0.02875
0 0.52875 0.7475 0.055 0.02375
0 0.47375 0.7175 0.0525 0.0275
0 0.6425 0.9525 0.05 0.0275
0 0.64125 0.98375 0.05 0.03
0 0.1825 0.44375 0.045 0.02125
0 0.58875 0.9525 0.0525 0.03
0 0.5325 0.9875 0.05 0.0225
0 0.53375 0.965 0.05125 0.0225
0 0.47375 0.95125 0.0625 0.0425
0 0.475 0.74625 0.05125 0.0275
0 0.475 0.98625 0.06125 0.02625
0 0.75625 0.94875 0.0525 0.0325
0 0.6975 0.9825 0.05625 0.0275
0 0.2325 0.74125 0.065 0.035
0 0.30375 0.73875 0.07125 0.04125
0 0.3675 0.74625 0.05 0.02375
0 0.42 0.71875 0.04875 0.02375
0 0.42125 0.745 0.04875 0.025
0 0.69875 0.95 0.055 0.03
0 0.35375 0.9875 0.04125 0.0225
0 0.22625 0.98625 0.0625 0.02625
0 0.29375 0.9825 0.06875 0.035
0 0.61375 0.87375 0.0525 0.02125
0 0.67375 0.83125 0.06125 0.0375
0 0.73875 0.83125 0.0625 0.0375
0 0.675 0.87 0.06 0.03125
0 0.73875 0.86875 0.06375 0.03375
0 0.7825 0.8575 0.02 0.06
0 0.81 0.85625 0.0225 0.05875
0 0.8425 0.85375 0.04 0.0725
0 0.15625 0.9575 0.0625 0.03125
0 0.1575 0.9875 0.065 0.02375
0 0.225 0.9575 0.0625 0.025
0 0.565 0.84875 0.04375 0.0225
0 0.50875 0.875 0.06375 0.03
0 0.51 0.8375 0.06375 0.04
0 0.4525 0.8775 0.04375 0.0275
0 0.45375 0.84875 0.0425 0.02375
0 0.3925 0.87125 0.06875 0.0375
0 0.29375 0.9425 0.07125 0.03625
0 0.56375 0.87625 0.04375 0.025
0 0.7375 0.75 0.04625 0.025
0 0.79625 0.7025 0.06125 0.03625
0 0.795 0.74125 0.0625 0.03625
0 0.8525 0.71875 0.045 0.02375
0 0.355 0.96125 0.045 0.02375
0 0.85125 0.7475 0.04625 0.0275
0 0.25625 0.8425 0.05875 0.02875
0 0.255 0.875 0.06 0.03
0 0.32125 0.83 0.06625 0.035
0 0.3225 0.87125 0.06875 0.03875
0 0.19 0.8425 0.06625 0.03
0 0.3925 0.8325 0.07 0.03625
0 0.19 0.875 0.065 0.03
0 0.14125 0.44375 0.0325 0.0225
0 0.58875 0.98375 0.05375 0.02875
0 0.17375 0.7475 0.04875 0.02375
0 0.74 0.44125 0.0625 0.03
0 0.675 0.475 0.06125 0.02875
0 0.67625 0.44125 0.05875 0.02875
0 0.61375 0.4725 0.0575 0.03125
0 0.61625 0.44 0.0575 0.02875
0 0.5475 0.46875 0.06875 0.0375
0 0.54875 0.43 0.06625 0.03625
0 0.4775 0.47 0.06625 0.035
0 0.48 0.435 0.06375 0.03125
0 0.41125 0.47 0.06 0.0325
0 0.415 0.435 0.05625 0.03125
0 0.3475 0.46875 0.06 0.03
0 0.3475 0.43625 0.06125 0.03
0 0.29375 0.43875 0.04375 0.03
0 0.28625 0.47 0.0575 0.025
0 0.2325 0.46875 0.04625 0.02875
0 0.235 0.44 0.045 0.025
0 0.1425 0.46875 0.035 0.02125
0 0.18375 0.47 0.04375 0.02375
0 0.13375 0.08125 0.01375 0.0625
0 0.15625 0.08375 0.02875 0.0625
0 0.7375 0.47375 0.0625 0.03
0 0.8025 0.445 0.05375 0.0275
0 0.8 0.475 0.05875 0.02625
0 0.85375 0.45125 0.04 0.025
0 0.23125 0.7025 0.0625 0.03375
0 0.7725 0.565 0.05875 0.0425
0 0.71375 0.61375 0.05 0.025
0 0.715 0.5875 0.05 0.025
0 0.66 0.60625 0.0525 0.03625
0 0.60875 0.60875 0.04375 0.03375
0 0.66 0.56875 0.0525 0.0375
0 0.60875 0.575 0.04375 0.03125
0 0.5475 0.605 0.07125 0.03625
0 0.5475 0.56375 0.07125 0.03875
0 0.20125 0.08625 0.05125 0.06
0 0.4775 0.57 0.0625 0.03375
0 0.4125 0.60625 0.065 0.03375
0 0.4125 0.57 0.0625 0.03375
0 0.36125 0.59125 0.0325 0.065
0 0.31125 0.60875 0.05875 0.03125
0 0.3125 0.5775 0.06 0.0275
0 0.25625 0.61125 0.04375 0.0275
0 0.20875 0.5775 0.045 0.09
0 0.15375 0.605 0.05625 0.0375
0 0.15375 0.565 0.05625 0.0375
0 0.85375 0.4775 0.03875 0.0225
0 0.4775 0.60625 0.0625 0.03375
0 0.265 0.08625 0.06625 0.0625
0 0.3275 0.09125 0.05625 0.05875
0 0.3875 0.085 0.05875 0.07125
0 0.7225 0.215 0.03625 0.06
0 0.7625 0.2125 0.04 0.06875
0 0.82625 0.22625 0.08125 0.04625
0 0.14375 0.32375 0.03125 0.05375
0 0.1975 0.3375 0.0575 0.03375
0 0.2625 0.30375 0.0625 0.03125
0 0.3325 0.3025 0.06625 0.03125
0 0.3325 0.3375 0.06375 0.03375
0 0.265 0.33875 0.065 0.035
0 0.4025 0.30375 0.065 0.0325
0 0.68625 0.215 0.0325 0.06125
0 0.47125 0.3025 0.065 0.035
0 0.54875 0.34125 0.08625 0.03875
0 0.47125 0.34 0.0675 0.0375
0 0.4 0.33875 0.065 0.035
0 0.68375 0.3175 0.05375 0.02625
0 0.6825 0.34625 0.05375 0.02875
0 0.74375 0.31375 0.05875 0.03
0 0.74375 0.345 0.06 0.03125
0 0.79125 0.32 0.035 0.01875
0 0.80625 0.34875 0.0575 0.02875
0 0.85625 0.3475 0.03625 0.03125
0 0.55125 0.29875 0.08625 0.03875
0 0.83375 0.57875 0.05875 0.03125
0 0.63375 0.22875 0.06625 0.0325
0 0.57375 0.22875 0.04875 0.02875
0 0.43625 0.08125 0.03 0.07375
0 0.46875 0.08625 0.025 0.07125
0 0.49625 0.08375 0.02125 0.0725
0 0.52375 0.085 0.0225 0.075
0 0.55 0.08625 0.02125 0.075
0 0.59 0.08625 0.04375 0.0775
0 0.63375 0.08 0.04125 0.09125
0 0.69375 0.08875 0.06875 0.07875
0 0.76625 0.09125 0.06875 0.07875
0 0.83875 0.0925 0.07125 0.0725
0 0.63375 0.19375 0.065 0.03375
0 0.155 0.18125 0.06 0.03375
0 0.15375 0.2175 0.0575 0.03
0 0.22 0.21875 0.0675 0.0325
0 0.35 0.17625 0.06875 0.04125
0 0.35125 0.22 0.06875 0.04
0 0.41 0.195 0.0375 0.0925
0 0.4575 0.22625 0.05125 0.02625
0 0.4575 0.195 0.0475 0.03125
0 0.5175 0.18875 0.06 0.03625
0 0.515 0.22625 0.0625 0.035
0 0.57375 0.19875 0.0475 0.02875
0 0.22 0.1825 0.06375 0.03375
0 0.83375 0.61125 0.06 0.03
0 0.77125 0.60875 0.055 0.04
0 0.17375 0.72 0.04875 0.02125