0 0.73625 0.935 0.02375 0.07375
0 0.63875 0.83 0.03625 0.04
0 0.67875 0.83875 0.03375 0.0275
0 0.715 0.8275 0.0325 0.0525
0 0.74 0.83625 0.0125 0.0375
0 0.42 0.95625 0.0325 0.00875
0 0.60125 0.83375 0.03375 0.03375
0 0.42 0.94625 0.0325 0.0075
0 0.38625 0.9475 0.03375 0.00875
0 0.38625 0.93625 0.03125 0.01125
0 0.41875 0.93375 0.0325 0.01125
0 0.765 0.8375 0.0325 0.0475
0 0.565 0.83125 0.0325 0.04
0 0.44125 0.24375 0.0325 0.08
0 0.44 0.94625 0.0075 0.04375
0 0.48125 0.2325 0.0375 0.1
0 0.5225 0.2375 0.04 0.09375
0 0.56375 0.24125 0.03375 0.08625
0 0.59625 0.24 0.02625 0.08875
0 0.62125 0.2325 0.015 0.03125
0 0.6225 0.26625 0.01875 0.03375
0 0.64625 0.2525 0.0275 0.06
0 0.67625 0.26125 0.0275 0.0325
0 0.715 0.2275 0.04125 0.1025
0 0.75625 0.225 0.035 0.09875
0 0.26625 0.3575 0.0325 0.1
0 0.405 0.24125 0.0375 0.08625
0 0.765 0.92875 0.0325 0.08625
0 0.45875 0.96125 0.01375 0.00875
0 0.51125 0.9475 0.01625 0.01375
0 0.705 0.92375 0.01 0.08125
0 0.69375 0.9225 0.01375 0.085
0 0.67625 0.92375 0.01375 0.08125
0 0.65875 0.925 0.01375 0.07875
0 0.645 0.9225 0.0125 0.08125
0 0.63 0.925 0.01375 0.085
0 0.36375 0.24375 0.04 0.0875
0 0.33125 0.2375 0.025 0.0975
0 0.2975 0.36875 0.0225 0.08375
0 0.3 0.23375 0.03125 0.03375
0 0.3025 0.26875 0.0275 0.0325
0 0.2725 0.2775 0.02 0.01375
0 0.2725 0.26125 0.02 0.0125
0 0.2725 0.245 0.01875 0.015
0 0.25125 0.27625 0.02 0.02
0 0.2475 0.2575 0.0225 0.015
0 0.2475 0.23875 0.02125 0.02
0 0.24625 0.21875 0.02125 0.0175
0 0.77125 0.0975 0.0175 0.1025
0 0.7475 0.1 0.02125 0.09875
0 0.60375 0.935 0.0225 0.05125
0 0.57375 0.9225 0.0275 0.075
0 0.5375 0.94625 0.0375 0.0375
0 0.47125 0.92125 0.02125 0.01375
0 0.4725 0.93625 0.02 0.0125
0 0.475 0.94875 0.02125 0.01125
0 0.47625 0.96125 0.0175 0.01375
0 0.495 0.9425 0.015 0.01125
0 0.495 0.955 0.01625 0.01125
0 0.51 0.96 0.015 0.00875
0 0.3225 0.36625 0.01875 0.08
0 0.32625 0.71375 0.035 0.0725
0 0.375 0.36875 0.02125 0.08
0 0.36625 0.48125 0.02375 0.09125
0 0.3975 0.47875 0.025 0.0925
0 0.42375 0.4825 0.02375 0.085
0 0.46125 0.475 0.0375 0.095
0 0.4975 0.48 0.03 0.08625
0 0.53125 0.48125 0.03375 0.08875
0 0.56375 0.48375 0.03 0.0775
0 0.6025 0.48375 0.035 0.07875
0 0.64 0.4825 0.0375 0.07875
0 0.67875 0.4825 0.03625 0.07875
0 0.71625 0.48125 0.03375 0.08125
0 0.75 0.49 0.02875 0.065
0 0.28125 0.59875 0.035 0.03375
0 0.3375 0.4825 0.02875 0.09125
0 0.3225 0.58875 0.04125 0.05375
0 0.375 0.5625 0.0525 0.01625
0 0.375 0.59375 0.05625 0.04125
0 0.42625 0.585 0.0425 0.06375
0 0.46625 0.60125 0.0375 0.02875
0 0.4675 0.57375 0.03625 0.02125
0 0.51625 0.59125 0.05375 0.03625
0 0.565 0.57875 0.03875 0.065
0 0.59875 0.5775 0.0275 0.06625
0 0.62875 0.595 0.0325 0.03375
0 0.665 0.58125 0.03875 0.02
0 0.66625 0.6025 0.03625 0.01875
0 0.38625 0.96125 0.03375 0.01
0 0.705 0.595 0.03 0.03875
0 0.32375 0.54875 0.0425 0.01
0 0.34875 0.3575 0.02875 0.1
0 0.305 0.48125 0.02875 0.08875
0 0.74875 0.3525 0.0275 0.10375
0 0.4 0.36 0.0275 0.1
0 0.45 0.3625 0.025 0.09
0 0.475 0.37 0.02 0.0775
0 0.50375 0.3625 0.0325 0.09125
0 0.53375 0.80625 0.0225 0.08
0 0.50125 0.81 0.03375 0.0725
0 0.46125 0.82375 0.03125 0.0525
0 0.41625 0.81375 0.05 0.06875
0 0.36625 0.7975 0.05125 0.04625
0 0.2975 0.8175 0.04875 0.05875
0 0.72375 0.6925 0.05625 0.10875
0 0.66 0.6925 0.06125 0.11
0 0.59625 0.71125 0.05375 0.07375
0 0.27375 0.485 0.03 0.08125
0 0.545 0.71 0.045 0.06875
0 0.46375 0.6975 0.02625 0.09125
0 0.435 0.69875 0.02875 0.0875
0 0.3975 0.70875 0.03125 0.06625
0 0.3625 0.70875 0.03 0.06875
0 0.28625 0.71125 0.035 0.06875
0 0.76 0.5825 0.02375 0.0625
0 0.53625 0.35875 0.0225 0.1025
0 0.56375 0.355 0.025 0.09875
0 0.62125 0.355 0.0325 0.10625
0 0.65375 0.355 0.03 0.10625
0 0.68625 0.3525 0.02875 0.105
0 0.7175 0.35375 0.02875 0.105
0 0.73625 0.5825 0.02 0.06375
0 0.4975 0.69625 0.0375 0.09375
0 0.325 0.90375 0.09 0.0525
0 0.59125 0.35625 0.025 0.09875
0 0.7025 0.09 0.0275 0.12
0 0.72625 0.1125 0.01125 0.06625
0 0.645 0.0875 0.02375 0.12
0 0.62125 0.08875 0.02125 0.11875
0 0.59125 0.08625 0.02875 0.12875
0 0.56375 0.0875 0.0225 0.12875
0 0.535 0.0875 0.0275 0.125
0 0.505 0.09125 0.02875 0.12125
0 0.67125 0.09 0.02375 0.11625
0 0.4525 0.09 0.02625 0.125
0 0.42375 0.09125 0.03 0.1225
0 0.3975 0.0925 0.02 0.12125
0 0.3625 0.1025 0.04375 0.1025
0 0.3075 0.10875 0.05625 0.1025
0 0.25375 0.1 0.045 0.11875
0 0.47875 0.08875 0.02375 0.125