0 0.4 0.06375 0.0425 0.115
0 0.35125 0.065 0.04 0.11875
0 0.3025 0.06375 0.0475 0.12
0 0.2525 0.06375 0.0425 0.12375
0 0.2075 0.06375 0.04 0.1225
0 0.5 0.06375 0.04 0.12125
0 0.44875 0.0625 0.0525 0.11625
0 0.16125 0.07625 0.0425 0.14625
0 0.505 0.3475 0.04875 0.0525
0 0.04875 0.075 0.06125 0.14375
0 0.03 0.4075 0.02375 0.04875
0 0.2275 0.41125 0.05125 0.05125
0 0.28375 0.345 0.05125 0.05375
0 0.345 0.35 0.0525 0.05
0 0.41875 0.3475 0.0575 0.0525
0 0.55 0.06125 0.04 0.115
0 0.56 0.345 0.04625 0.04875
0 0.615 0.34875 0.0525 0.05125
0 0.68 0.3625 0.045 0.0525
0 0.10875 0.075 0.06 0.14375
0 0.6 0.06125 0.0575 0.11625
0 0.4225 0.54625 0.02125 0.025
0 0.7125 0.06625 0.0475 0.10625
0 0.73375 0.62 0.01875 0.02125
0 0.71125 0.62 0.0175 0.02125
0 0.705 0.6775 0.0175 0.02375
0 0.6825 0.675 0.025 0.02
0 0.66125 0.67375 0.0175 0.0225
0 0.70875 0.65 0.01875 0.02125
0 0.685 0.65125 0.02375 0.0225
0 0.52625 0.48125 0.02125 0.03
0 0.49 0.50875 0.01875 0.03
0 0.47125 0.5075 0.015 0.02625
0 0.65875 0.06125 0.0575 0.1175
0 0.45 0.50625 0.02 0.02875
0 0.53625 0.54125 0.02625 0.02625
0 0.5125 0.5375 0.02 0.02875
0 0.48875 0.545 0.02 0.03
0 0.46625 0.54375 0.01875 0.02875
0 0.445 0.54375 0.0225 0.02875
0 0.4 0.545 0.02 0.0275
0 0.11 0.405 0.02875 0.07125
0 0.07125 0.39 0.045 0.07
0 0.80125 0.0725 0.04 0.09125
0 0.76 0.06875 0.04125 0.09875
0 0.56 0.5425 0.01875 0.02875
0 0.74 0.3675 0.04 0.04
0 0.56125 0.41 0.04875 0.06375
0 0.345 0.41125 0.045 0.055
0 0.235 0.5325 0.0375 0.05625
0 0.275 0.53375 0.03 0.05125
0 0.3075 0.53625 0.03 0.05125
0 0.345 0.535 0.0325 0.05375
0 0.37375 0.51375 0.02 0.03125
0 0.39625 0.51375 0.0225 0.03125
0 0.2 0.49625 0.02875 0.01
0 0.2025 0.48375 0.02125 0.0125
0 0.19125 0.445 0.025 0.01625
0 0.19 0.45875 0.02125 0.00875
0 0.21 0.46625 0.015 0.01
0 0.1375 0.57375 0.01625 0.02125
0 0.1575 0.57375 0.015 0.02125
0 0.18 0.5725 0.01625 0.02125
0 0.2525 0.78375 0.02125 0.01875
0 0.23125 0.7825 0.015 0.01875
0 0.27375 0.7625 0.01875 0.02
0 0.2525 0.76 0.0175 0.02
0 0.2325 0.76125 0.02 0.01875
0 0.28625 0.72 0.0175 0.02875
0 0.26625 0.72 0.02 0.02875
0 0.20375 0.57 0.02125 0.0325
0 0.185 0.5525 0.01875 0.01375
0 0.16375 0.55375 0.0125 0.01375
0 0.19125 0.5325 0.01875 0.01625
0 0.39875 0.41375 0.05125 0.05875
0 0.4525 0.4125 0.0475 0.0625
0 0.505 0.41375 0.045 0.0625
0 0.54 0.67625 0.01875 0.0175
0 0.615 0.41375 0.04375 0.06625
0 0.66875 0.42125 0.0475 0.04375
0 0.72125 0.42125 0.05 0.04375
0 0.775 0.42 0.03875 0.04875
0 0.81375 0.45875 0.03125 0.06375
0 0.855 0.44 0.0425 0.1
0 0.28875 0.41 0.04875 0.05125
0 0.895 0.46125 0.0325 0.0575
0 0.96875 0.46 0.0475 0.05875
0 0.89625 0.415 0.0275 0.03125
0 0.135 0.4875 0.02 0.0275
0 0.175 0.475 0.01875 0.02
0 0.1575 0.43875 0.03125 0.0175
0 0.14875 0.455 0.02125 0.01375
0 0.145 0.47 0.01875 0.0125
0 0.16625 0.49625 0.0275 0.01375
0 0.15 0.5325 0.015 0.01875
0 0.16875 0.53 0.015 0.0175
0 0.93 0.4475 0.0275 0.085
0 0.5175 0.675 0.02 0.0175
0 0.57125 0.48125 0.02 0.02875
0 0.53875 0.65375 0.0225 0.02125
0 0.98875 0.63 0.0225 0.05875
0 0.95375 0.61375 0.04375 0.09625
0 0.90875 0.63 0.04 0.0675
0 0.14125 0.875 0.0225 0.03625
0 0.25625 0.8025 0.01375 0.015
0 0.27375 0.8025 0.01875 0.015
0 0.27375 0.82 0.015 0.01625
0 0.25375 0.82 0.01875 0.0175
0 0.23375 0.81875 0.02 0.01875
0 0.23 0.80125 0.02 0.015
0 0.27375 0.78125 0.0175 0.0175
0 0.87625 0.0925 0.10125 0.10875
0 0.015 0.50375 0.0275 0.10875
0 0.045 0.50375 0.025 0.11125
0 0.06625 0.4925 0.0125 0.12625
0 0.03875 0.65125 0.02125 0.09875
0 0.01625 0.6525 0.02375 0.0975
0 0.76625 0.52625 0.045 0.06375
0 0.71125 0.515 0.045 0.065
0 0.65875 0.52375 0.04875 0.06125
0 0.605 0.54125 0.055 0.0425
0 0.80375 0.82875 0.0325 0.03875
0 0.08375 0.50375 0.01875 0.10375
0 0.94625 0.1225 0.03625 0.05375
0 0.025 0.2575 0.04625 0.08125
0 0.36625 0.2475 0.0525 0.075
0 0.42375 0.2525 0.0375 0.06125
0 0.47375 0.24875 0.05125 0.0725
0 0.53125 0.25 0.05 0.075
0 0.57875 0.21125 0.03625 0.0475
0 0.58125 0.26125 0.04 0.04625
0 0.62625 0.2625 0.04625 0.04625
0 0.68625 0.22 0.06625 0.04125
0 0.6775 0.265 0.04875 0.04375
0 0.72375 0.2675 0.03875 0.0425
0 0.775 0.22 0.05 0.0475
0 0.77375 0.26625 0.04625 0.0425
0 0.8625 0.2 0.105 0.02
0 0.86125 0.225 0.1075 0.02375
0 0.84875 0.29125 0.08875 0.1
0 0.92 0.3175 0.0425 0.04625
0 0.96625 0.3075 0.04625 0.0625
0 0.3075 0.2375 0.0475 0.1
0 0.23875 0.235 0.075 0.10375
0 0.18 0.26125 0.0325 0.0825
0 0.105 0.26875 0.11125 0.06625
0 0.98375 0.10375 0.02875 0.0525
0 0.56125 0.65375 0.0175 0.02125
0 0.10125 0.505 0.015 0.105
0 0.14875 0.6475 0.02375 0.02375
0 0.73 0.66125 0.015 0.02
0 0.7525 0.62375 0.01625 0.02125
0 0.33875 0.66125 0.01875 0.01625
0 0.375 0.64 0.0225 0.0175
0 0.41375 0.64125 0.0225 0.0175
0 0.37375 0.65875 0.02 0.02
0 0.395 0.66 0.0175 0.02125
0 0.415 0.6625 0.01875 0.01625
0 0.395 0.64 0.01375 0.015
0 0.4425 0.63625 0.02125 0.0375
0 0.56375 0.51125 0.01375 0.02625
0 0.54375 0.5125 0.01875 0.02625
0 0.51875 0.51 0.02375 0.0225
0 0.245 0.7175 0.0175 0.0275
0 0.55125 0.48125 0.01875 0.0275
0 0.465 0.635 0.02125 0.0375
0 0.4875 0.63625 0.02375 0.0375
0 0.44 0.66625 0.0175 0.0175
0 0.465 0.6675 0.02125 0.0175
0 0.4875 0.6675 0.015 0.02125
0 0.51625 0.65375 0.02 0.02125
0 0.7475 0.66125 0.015 0.01875
0 0.1375 0.67125 0.02875 0.0225
0 0.3175 0.6625 0.02 0.01875
0 0.34 0.64375 0.02125 0.015
0 0.1725 0.69875 0.04375 0.02875
0 0.18 0.6725 0.045 0.01875
0 0.18625 0.65 0.0425 0.02125
0 0.19375 0.62625 0.04625 0.02
0 0.20875 0.6975 0.02 0.02875
0 0.2125 0.6725 0.0175 0.0175
0 0.24 0.61125 0.02625 0.03375
0 0.2675 0.6075 0.02625 0.0425
0 0.23875 0.65625 0.025 0.0325
0 0.2625 0.65625 0.02125 0.0325
0 0.2975 0.62 0.02625 0.02375
0 0.32125 0.62125 0.01875 0.025
0 0.3425 0.62125 0.02 0.025
0 0.36875 0.6175 0.02 0.02
0 0.38875 0.6175 0.02 0.02375
0 0.4125 0.6175 0.02 0.0225
0 0.2975 0.64125 0.02125 0.01625
0 0.13125 0.6975 0.02375 0.0275
0 0.8225 0.5725 0.08 0.01875
0 0.7675 0.66125 0.01875 0.02375
0 0.2975 0.66 0.01875 0.02375
0 0.31875 0.6425 0.0175 0.0175
0 0.34625 0.8125 0.02625 0.03125
0 0.06125 0.65375 0.0225 0.10125
0 0.345 0.785 0.035 0.02625
0 0.655 0.8 0.03 0.06625
0 0.68625 0.78375 0.0275 0.06125
0 0.7225 0.7875 0.03375 0.06125
0 0.81375 0.75875 0.12 0.05625
0 0.91625 0.7525 0.04 0.07375
0 0.98125 0.75375 0.0375 0.08125
0 0.45875 0.72625 0.02125 0.02875
0 0.485 0.725 0.02625 0.0325
0 0.58375 0.7125 0.0325 0.03
0 0.845 0.96625 0.0275 0.06625
0 0.61375 0.71375 0.0225 0.0275
0 0.255 0.9025 0.065 0.0275
0 0.58 0.7725 0.02625 0.02625
0 0.61 0.7725 0.03 0.025
0 0.58625 0.7975 0.03 0.01875
0 0.6175 0.7975 0.03 0.01875
0 0.58625 0.82 0.0275 0.0225
0 0.61875 0.82 0.03 0.02125
0 0.53375 0.755 0.05625 0.02125
0 0.53625 0.71875 0.05625 0.01625
0 0.25375 0.93375 0.06375 0.03125
0 0.52875 0.805 0.06375 0.01625
0 0.8125 0.97 0.03625 0.06
0 0.2525 0.99 0.06125 0.02
0 0.6625 0.9875 0.03875 0.025
0 0.7275 0.915 0.02875 0.055
0 0.315 0.8125 0.02875 0.025
0 0.68625 0.91 0.035 0.05
0 0.73125 0.98375 0.03 0.03125
0 0.69875 0.98125 0.03 0.035
0 0.58875 0.9825 0.03875 0.035
0 0.4725 0.8675 0.01375 0.0325
0 0.14375 0.5525 0.01375 0.015
0 0.2525 0.9625 0.05625 0.02625
0 0.45625 0.865 0.0175 0.02625
0 0.4225 0.865 0.0175 0.03
0 0.405 0.86625 0.015 0.03
0 0.36625 0.87125 0.06 0.025
0 0.44875 0.9925 0.0225 0.015
0 0.42375 0.99125 0.02375 0.0175
0 0.40375 0.98875 0.01375 0.0225
0 0.38375 0.9875 0.0175 0.025
0 0.365 0.985 0.02 0.03
0 0.315 0.98625 0.05625 0.02625
0 0.625 0.985 0.03125 0.03
0 0.1975 0.92125 0.0275 0.03375
0 0.43875 0.865 0.01375 0.02875
0 0.16375 0.9175 0.02625 0.0375
0 0.16 0.785 0.065 0.02125
0 0.15125 0.8125 0.07 0.0275
0 0.205 0.755 0.03 0.02625
0 0.1725 0.75125 0.02625 0.02875
0 0.1375 0.755 0.03375 0.03
0 0.83625 0.6475 0.1 0.025
0 0.8175 0.6125 0.09125 0.015
0 0.8175 0.59125 0.085 0.015
0 0.41875 0.515 0.02125 0.0275
0 0.3775 0.54625 0.02 0.02625
0 0.88 0.965 0.0375 0.06875
0 0.2 0.87875 0.03 0.0375
0 0.925 0.9025 0.035 0.08375
0 0.9675 0.92625 0.05 0.0725
0 0.3125 0.72625 0.02875 0.03
0 0.3425 0.72625 0.02625 0.02875
0 0.31125 0.75625 0.02625 0.02875
0 0.34375 0.755 0.03 0.02625
0 0.31375 0.785 0.02625 0.025
0 0.56375 0.6775 0.02 0.02125
0 0.585 0.5975 0.0175 0.02125
0 0.77125 0.97 0.04 0.06
0 0.62125 0.595 0.015 0.02
0 0.1075 0.91625 0.0225 0.03
0 0.165 0.87125 0.0275 0.04125
0 0.10875 0.8775 0.035 0.04625
0 0.4775 0.81625 0.03 0.02125
0 0.44625 0.81375 0.02875 0.02125
0 0.60375 0.59625 0.0175 0.02375
0 0.13625 0.91625 0.01875 0.02875
0 0.41375 0.81625 0.0275 0.01875
0 0.38125 0.81625 0.03 0.02375
0 0.47625 0.78875 0.0325 0.02625
0 0.66375 0.65 0.02 0.02
0 0.4125 0.78875 0.0275 0.03125
0 0.5925 0.64625 0.01875 0.0225
0 0.61375 0.6475 0.0225 0.01875
0 0.63625 0.64875 0.0175 0.0225
0 0.59 0.66625 0.01875 0.01875
0 0.445 0.7875 0.03 0.0275
0 0.61125 0.67 0.02 0.02
0 0.52875 0.82375 0.06375 0.0175
0 0.37875 0.7875 0.03 0.03
0 0.63375 0.67125 0.01875 0.01875