0 0.33375 0.3625 0.0375 0.065
0 0.2925 0.3425 0.03875 0.06125
0 0.2125 0.3425 0.0375 0.0625
0 0.175 0.34375 0.035 0.06
0 0.14 0.3425 0.02875 0.06125
0 0.13375 0.24375 0.01625 0.05375
0 0.15625 0.245 0.0125 0.04625
0 0.17375 0.245 0.01625 0.05125
0 0.1975 0.2475 0.02125 0.04
0 0.24125 0.245 0.0425 0.04875
0 0.25125 0.3425 0.035 0.0625
0 0.37375 0.3625 0.035 0.06625
0 0.285 0.725 0.02125 0.08625
0 0.285 0.245 0.04125 0.05125
0 0.4525 0.365 0.03375 0.06125
0 0.4925 0.3625 0.035 0.0625
0 0.53 0.365 0.03 0.0625
0 0.56625 0.37625 0.03625 0.04
0 0.60625 0.36125 0.035 0.0775
0 0.645 0.36375 0.035 0.0725
0 0.64 0.46375 0.03875 0.06625
0 0.6 0.45875 0.035 0.07375
0 0.4875 0.46 0.03875 0.0725
0 0.5625 0.46125 0.0325 0.0725
0 0.41375 0.365 0.03625 0.06
0 0.28125 0.20625 0.04625 0.0175
0 0.40875 0.24125 0.03875 0.065
0 0.36875 0.23875 0.0375 0.06625
0 0.2375 0.105 0.025 0.0825
0 0.20875 0.105 0.0275 0.0825
0 0.18 0.115 0.02 0.0625
0 0.15875 0.115 0.02 0.0625
0 0.13375 0.1175 0.0175 0.065
0 0.3075 0.725 0.02125 0.08625
0 0.16375 0.82375 0.04875 0.04875
0 0.26375 0.1 0.0225 0.09
0 0.16125 0.87625 0.05 0.0475
0 0.60375 0.85 0.0225 0.06625
0 0.5775 0.85875 0.0275 0.08
0 0.4775 0.855 0.0625 0.075
0 0.5375 0.85625 0.05 0.075
0 0.415 0.86125 0.05375 0.06625
0 0.3625 0.86125 0.045 0.065
0 0.31125 0.85875 0.0525 0.0675
0 0.6325 0.85 0.0275 0.06875
0 0.32875 0.23875 0.03875 0.065
0 0.29 0.10125 0.02625 0.09
0 0.36 0.1175 0.03625 0.09875
0 0.525 0.46125 0.0325 0.0675
0 0.45125 0.24 0.03625 0.07
0 0.48875 0.2425 0.02875 0.0675
0 0.51875 0.24125 0.025 0.0725
0 0.55375 0.24875 0.0175 0.0625
0 0.575 0.25 0.01625 0.0625
0 0.61875 0.24125 0.02125 0.0225
0 0.325 0.11875 0.03 0.09875
0 0.6 0.2575 0.01375 0.035
0 0.64875 0.24875 0.02625 0.06
0 0.65875 0.1275 0.035 0.0875
0 0.6225 0.1425 0.03625 0.06
0 0.58375 0.13 0.03375 0.08
0 0.54625 0.12125 0.035 0.095
0 0.51375 0.1225 0.02375 0.095
0 0.48375 0.12 0.03125 0.09875
0 0.625 0.26875 0.01625 0.02625
0 0.44875 0.46125 0.0325 0.06875
0 0.135 0.44375 0.02 0.06125
0 0.37625 0.46125 0.0325 0.0725
0 0.60375 0.7575 0.025 0.08375
0 0.63 0.73875 0.02125 0.07625
0 0.63125 0.66125 0.01875 0.0475
0 0.61 0.66375 0.01375 0.045
0 0.595 0.66375 0.01375 0.045
0 0.575 0.66 0.01625 0.045
0 0.575 0.75625 0.0275 0.08375
0 0.5575 0.6625 0.015 0.04125
0 0.52 0.6625 0.015 0.04125
0 0.5025 0.66 0.015 0.04
0 0.48375 0.65875 0.015 0.0375
0 0.4675 0.65875 0.01625 0.04125
0 0.44875 0.66 0.01625 0.04
0 0.43 0.66 0.0175 0.04
0 0.53875 0.6625 0.015 0.04125
0 0.41125 0.65875 0.015 0.04125
0 0.54625 0.74625 0.025 0.0825
0 0.50375 0.76625 0.01125 0.03375
0 0.26125 0.72625 0.0225 0.08625
0 0.23875 0.73 0.02 0.075
0 0.2125 0.74 0.02625 0.06
0 0.17875 0.72 0.03 0.04125
0 0.17875 0.75875 0.02 0.0225
0 0.14375 0.72 0.03 0.04625
0 0.5225 0.785 0.01375 0.03125
0 0.135 0.75875 0.02 0.02125
0 0.375 0.7425 0.02875 0.07625
0 0.41 0.77 0.0275 0.05625
0 0.40625 0.7175 0.0275 0.025
0 0.43375 0.77 0.015 0.05625
0 0.455 0.75625 0.02 0.08625
0 0.48125 0.78125 0.0275 0.0325
0 0.34 0.75625 0.03125 0.08375
0 0.41375 0.4625 0.035 0.07125
0 0.39375 0.6575 0.015 0.04125
0 0.35875 0.6575 0.015 0.04
0 0.33625 0.55375 0.03125 0.0675
0 0.30125 0.52625 0.0325 0.04375
0 0.24125 0.52625 0.03875 0.0425
0 0.1975 0.53125 0.035 0.03375
0 0.16625 0.53375 0.0225 0.03625
0 0.17 0.50375 0.02875 0.01625
0 0.37375 0.5525 0.03625 0.0675
0 0.1375 0.505 0.025 0.02125
0 0.16625 0.44125 0.03625 0.0625
0 0.2025 0.4575 0.02875 0.03375
0 0.23375 0.45625 0.0325 0.035
0 0.2675 0.455 0.0325 0.035
0 0.30375 0.455 0.035 0.035
0 0.33875 0.46125 0.0325 0.07375
0 0.13625 0.53375 0.0225 0.03125
0 0.37625 0.6575 0.015 0.04
0 0.41125 0.5475 0.03 0.0625
0 0.48375 0.54875 0.0325 0.01375
0 0.34 0.6575 0.015 0.04
0 0.305 0.6325 0.01625 0.055
0 0.285 0.635 0.01875 0.0525
0 0.2475 0.6475 0.05125 0.025
0 0.20125 0.64375 0.03125 0.03875
0 0.17375 0.64125 0.01625 0.04
0 0.4475 0.5525 0.03375 0.06875
0 0.14625 0.6325 0.03125 0.05125
0 0.595 0.5575 0.03375 0.06
0 0.55875 0.55375 0.0325 0.07375
0 0.5225 0.55375 0.03625 0.0675
0 0.485 0.59 0.03125 0.01125
0 0.485 0.57625 0.03125 0.01125
0 0.48375 0.5625 0.03375 0.01125
0 0.635 0.55375 0.0425 0.0725
0 0.26125 0.86 0.04625 0.06875
0 0.21375 0.85 0.04 0.09625