0 0.2425 0.71125 0.05625 0.09625
0 0.17875 0.70125 0.07 0.0975
0 0.3375 0.625 0.0875 0.115
0 0.695 0.34375 0.01625 0.04625
0 0.6775 0.34125 0.01625 0.04875
0 0.75125 0.34625 0.0175 0.05
0 0.63375 0.33125 0.01375 0.0375
0 0.61875 0.32875 0.01375 0.0375
0 0.33 0.7375 0.08375 0.10375
0 0.6025 0.32875 0.015 0.03875
0 0.57125 0.32125 0.015 0.03875
0 0.64875 0.33375 0.015 0.03375
0 0.1875 0.8125 0.05625 0.09
0 0.53875 0.38 0.0175 0.0525
0 0.3375 0.8425 0.08 0.09125
0 0.20875 0.91375 0.07125 0.09125
0 0.30375 0.9375 0.09625 0.08625
0 0.555 0.38375 0.01375 0.04375
0 0.7325 0.34625 0.01875 0.04875
0 0.79125 0.35375 0.0175 0.05125
0 0.7125 0.34375 0.01625 0.05
0 0.77125 0.35 0.02 0.04375
0 0.60625 0.39 0.01375 0.0475
0 0.58875 0.38875 0.015 0.0425
0 0.44125 0.1775 0.0125 0.05
0 0.25625 0.8225 0.06125 0.095
0 0.5725 0.385 0.0175 0.0475
0 0.4675 0.1225 0.01625 0.0375
0 0.45625 0.17875 0.01625 0.0475
0 0.7575 0.5275 0.01375 0.04125
0 0.77375 0.53 0.01875 0.0375
0 0.795 0.5325 0.01875 0.04
0 0.69875 0.21125 0.02 0.05375
0 0.6675 0.2 0.01625 0.0525
0 0.65 0.19875 0.01875 0.0525
0 0.63125 0.19625 0.01875 0.05
0 0.6125 0.195 0.0175 0.0475
0 0.59375 0.19375 0.01375 0.04875
0 0.5775 0.19125 0.015 0.0525
0 0.74125 0.5275 0.015 0.03875
0 0.56 0.19125 0.01375 0.05125
0 0.5225 0.19125 0.01875 0.04125
0 0.86125 0.155 0.02625 0.0675
0 0.835 0.1525 0.02375 0.07
0 0.27875 0.09625 0.01125 0.03875
0 0.13375 0.09 0.01625 0.05
0 0.14875 0.09125 0.0125 0.04625
0 0.51875 0.2525 0.01625 0.055
0 0.53625 0.25375 0.015 0.05125
0 0.5525 0.25375 0.015 0.04875
0 0.56875 0.25625 0.015 0.0525
0 0.54125 0.195 0.0175 0.03875
0 0.58625 0.2575 0.0175 0.055
0 0.72375 0.525 0.015 0.045
0 0.665 0.5125 0.0175 0.0375
0 0.4525 0.12 0.0125 0.0425
0 0.43875 0.11875 0.01375 0.04
0 0.4225 0.11625 0.01625 0.04375
0 0.4075 0.115 0.0125 0.0425
0 0.3925 0.115 0.01375 0.04125
0 0.3775 0.11375 0.01375 0.04
0 0.3625 0.11 0.015 0.04125
0 0.855 0.22625 0.02 0.055
0 0.83375 0.225 0.02 0.06125
0 0.8125 0.22125 0.0175 0.05625
0 0.68375 0.515 0.0175 0.0425
0 0.79375 0.22125 0.01625 0.055
0 0.755 0.21625 0.0175 0.05625
0 0.735 0.215 0.01625 0.0575
0 0.7175 0.21375 0.01625 0.0575
0 0.5425 0.49375 0.01375 0.035
0 0.5575 0.495 0.01625 0.03375
0 0.57375 0.4975 0.015 0.03875
0 0.59 0.5 0.015 0.035
0 0.60625 0.50375 0.01625 0.0425
0 0.62125 0.505 0.0125 0.0375
0 0.65 0.51125 0.01125 0.03875
0 0.77375 0.2175 0.02125 0.05875
0 0.605 0.26125 0.01625 0.05375
0 0.6225 0.2625 0.015 0.04875
0 0.645 0.24625 0.03125 0.04
0 0.7925 0.4175 0.0175 0.04875
0 0.77375 0.41375 0.01875 0.04875
0 0.755 0.41125 0.0175 0.04625
0 0.73375 0.41 0.02125 0.05
0 0.7175 0.40625 0.0125 0.045
0 0.7 0.4025 0.01875 0.0525
0 0.68375 0.4 0.0125 0.0475
0 0.6675 0.4 0.01625 0.04875
0 0.63875 0.39375 0.01375 0.05
0 0.6225 0.39125 0.0175 0.045
0 0.81375 0.42 0.02 0.05375
0 0.20625 0.31625 0.09375 0.15375
0 0.25 0.47625 0.09625 0.11875
0 0.34875 0.49625 0.06125 0.14
0 0.26375 0.095 0.01125 0.04
0 0.2525 0.09625 0.01 0.03875
0 0.485 0.12375 0.01625 0.04
0 0.2375 0.09375 0.01375 0.0375
0 0.22375 0.09375 0.0125 0.03875
0 0.3 0.10625 0.025 0.045
0 0.48875 0.185 0.015 0.05
0 0.47375 0.18125 0.01375 0.05375
0 0.1675 0.46875 0.06375 0.12625
0 0.54875 0.43875 0.01375 0.04625
0 0.56375 0.43875 0.015 0.04625
0 0.58 0.4425 0.01625 0.04875
0 0.69 0.2775 0.015 0.05375
0 0.70625 0.27875 0.0175 0.0525
0 0.725 0.28 0.0175 0.0525
0 0.74375 0.2825 0.01875 0.04875
0 0.76375 0.2875 0.0175 0.06
0 0.78 0.28625 0.01375 0.06125
0 0.79875 0.2875 0.0175 0.0625
0 0.82 0.29 0.01625 0.05375
0 0.8425 0.295 0.01875 0.055
0 0.52625 0.4925 0.0125 0.0325
0 0.51375 0.49 0.01125 0.035
0 0.8025 0.47375 0.01625 0.0475
0 0.7825 0.4725 0.01875 0.04625
0 0.765 0.47 0.015 0.045
0 0.74625 0.46875 0.015 0.0425
0 0.73 0.46625 0.015 0.04875
0 0.70875 0.4625 0.0175 0.04625
0 0.6925 0.46 0.015 0.045
0 0.67625 0.46 0.015 0.04875
0 0.66125 0.4575 0.01125 0.0525
0 0.63 0.4525 0.0175 0.04375
0 0.6125 0.45 0.015 0.04875
0 0.5975 0.44625 0.015 0.045
0 0.1775 0.59625 0.0675 0.1075
0 0.25375 0.60375 0.07125 0.095
0 0.54375 0.32 0.01125 0.04125
0 0.71375 0.1425 0.0175 0.06625
0 0.785 0.1475 0.02125 0.07125
0 0.76 0.145 0.0225 0.065
0 0.735 0.14625 0.02375 0.06625
0 0.67625 0.13125 0.02 0.055
0 0.65375 0.13 0.02375 0.0575
0 0.55625 0.32125 0.01125 0.0375
0 0.62875 0.13 0.02125 0.06125
0 0.60625 0.1275 0.0225 0.0575
0 0.58375 0.125 0.0175 0.0625
0 0.81 0.15 0.025 0.06625
0 0.55875 0.12375 0.0225 0.05875
0 0.53625 0.12125 0.02125 0.0625