0 0.19875 0.51875 0.01375 0.03
0 0.19625 0.55 0.0125 0.02875
0 0.23 0.54375 0.02 0.065
0 0.24875 0.54875 0.0175 0.06875
0 0.27125 0.53125 0.01875 0.025
0 0.29125 0.5375 0.01875 0.01875
0 0.26875 0.55625 0.0175 0.01875
0 0.305 0.63625 0.01625 0.02125
0 0.27 0.5775 0.02 0.01875
0 0.29125 0.5825 0.01875 0.02125
0 0.315 0.55125 0.02125 0.03625
0 0.34125 0.5575 0.02375 0.03625
0 0.315 0.58875 0.02375 0.02875
0 0.34 0.595 0.0225 0.03125
0 0.36625 0.5575 0.02 0.025
0 0.3925 0.5625 0.025 0.02375
0 0.17375 0.525 0.025 0.06875
0 0.2925 0.56 0.01875 0.02
0 0.145 0.5175 0.0275 0.06875
0 0.85625 0.58 0.035 0.1025
0 0.225 0.48125 0.01875 0.0275
0 0.27 0.46 0.0225 0.08375
0 0.2975 0.46625 0.03125 0.08125
0 0.32625 0.47 0.02125 0.08625
0 0.34625 0.47375 0.01875 0.09
0 0.3675 0.47875 0.02125 0.0875
0 0.3925 0.48125 0.0225 0.09375
0 0.4175 0.4875 0.02 0.1
0 0.445 0.49625 0.03 0.0875
0 0.47625 0.50125 0.0275 0.09625
0 0.5375 0.51 0.03625 0.1025
0 0.5975 0.5225 0.03875 0.11
0 0.63875 0.535 0.03875 0.105
0 0.68 0.54 0.0375 0.10625
0 0.72125 0.54375 0.03375 0.12125
0 0.76125 0.56625 0.04 0.10125
0 0.81125 0.575 0.0525 0.1
0 0.36625 0.5825 0.01875 0.01625
0 0.3925 0.58875 0.0275 0.025
0 0.39125 0.6175 0.025 0.02375
0 0.22375 0.45625 0.0175 0.01875
0 0.2825 0.6275 0.01875 0.02375
0 0.285 0.6525 0.0175 0.0175
0 0.30375 0.6575 0.015 0.01875
0 0.2825 0.67375 0.02125 0.02125
0 0.30375 0.68375 0.015 0.02125
0 0.3275 0.67125 0.02625 0.07
0 0.35375 0.68 0.02375 0.0725
0 0.26125 0.6425 0.01875 0.0675
0 0.38125 0.6625 0.02125 0.0275
0 0.3775 0.7125 0.02125 0.02375
0 0.40125 0.72375 0.02125 0.02375
0 0.38 0.68875 0.02 0.02125
0 0.40375 0.6975 0.02 0.02125
0 0.4325 0.70875 0.03125 0.08125
0 0.46625 0.72125 0.0275 0.0825
0 0.49875 0.705 0.02875 0.03375
0 0.40625 0.6725 0.02125 0.02375
0 0.36625 0.60625 0.01875 0.01875
0 0.24 0.63625 0.01375 0.0625
0 0.22125 0.62875 0.01625 0.01625
0 0.42375 0.5675 0.02375 0.0275
0 0.67125 0.69 0.0275 0.01
0 0.66875 0.705 0.03 0.01125
0 0.705 0.68875 0.03625 0.05625
0 0.7425 0.68125 0.03375 0.10375
0 0.77625 0.6875 0.03125 0.10875
0 0.82375 0.71 0.055 0.105
0 0.22 0.64875 0.015 0.01375
0 0.135 0.57375 0.01875 0.0325
0 0.15625 0.58375 0.01875 0.03125
0 0.18125 0.5925 0.02625 0.0375
0 0.1575 0.61625 0.01875 0.02875
0 0.18125 0.6275 0.0225 0.0275
0 0.20375 0.63625 0.01375 0.03125
0 0.205 0.605 0.01125 0.0275
0 0.22125 0.60875 0.01 0.01875
0 0.13625 0.6075 0.01875 0.025
0 0.22875 0.435 0.0175 0.02375
0 0.2025 0.4775 0.02 0.02125
0 0.20125 0.45375 0.01875 0.02375
0 0.50875 0.115 0.0375 0.13125
0 0.55 0.11625 0.0425 0.125
0 0.595 0.115 0.03875 0.11625
0 0.685 0.11 0.1025 0.11625
0 0.76125 0.09 0.04125 0.13375
0 0.1575 0.265 0.02 0.06875
0 0.175 0.26375 0.0125 0.07375
0 0.4725 0.12625 0.03125 0.115
0 0.19375 0.26375 0.02 0.0775
0 0.2325 0.2625 0.02375 0.08125
0 0.25125 0.26375 0.00875 0.08375
0 0.27 0.26375 0.025 0.08375
0 0.30875 0.2725 0.04 0.01625
0 0.30375 0.295 0.03875 0.02125
0 0.33625 0.27125 0.01875 0.06375
0 0.355 0.2725 0.0175 0.06625
0 0.21375 0.26625 0.015 0.0775
0 0.435 0.1375 0.025 0.09875
0 0.39375 0.14125 0.02875 0.095
0 0.36875 0.1425 0.01875 0.1
0 0.52125 0.60625 0.035 0.04625
0 0.5175 0.65 0.03375 0.04
0 0.55875 0.62375 0.0325 0.0375
0 0.555 0.6625 0.03 0.03375
0 0.6 0.63625 0.0375 0.03875
0 0.595 0.67375 0.03875 0.035
0 0.66875 0.6575 0.03375 0.02125
0 0.67 0.6775 0.03375 0.01125
0 0.16125 0.1675 0.01875 0.075
0 0.18875 0.1625 0.01875 0.07875
0 0.2075 0.16 0.01625 0.085
0 0.22625 0.16 0.02 0.085
0 0.2675 0.15375 0.02375 0.0875
0 0.28875 0.15625 0.01625 0.08125
0 0.31 0.15125 0.0125 0.09125
0 0.33 0.14625 0.0225 0.095
0 0.35 0.14625 0.01625 0.095
0 0.375 0.26625 0.01625 0.0825
0 0.39125 0.26625 0.015 0.085
0 0.4125 0.265 0.02 0.0925
0 0.43125 0.265 0.0125 0.0925
0 0.41125 0.37625 0.02375 0.1025
0 0.43625 0.38125 0.02375 0.095
0 0.4575 0.3825 0.0175 0.1
0 0.47875 0.38375 0.02125 0.09875
0 0.505 0.38875 0.02875 0.09875
0 0.5375 0.39125 0.03 0.1
0 0.57125 0.39375 0.0325 0.105
0 0.605 0.3975 0.03375 0.105
0 0.64125 0.395 0.03625 0.1175
0 0.69375 0.39875 0.03625 0.12125
0 0.7275 0.4025 0.02375 0.12125
0 0.765 0.4075 0.05 0.1275
0 0.81375 0.4275 0.0425 0.09
0 0.13625 0.44 0.0125 0.06125
0 0.15 0.4425 0.0125 0.06
0 0.17375 0.45125 0.01375 0.06
0 0.18625 0.455 0.00875 0.06125
0 0.385 0.375 0.0225 0.09375
0 0.53125 0.71125 0.025 0.0275
0 0.3575 0.37125 0.02875 0.08625
0 0.3025 0.36625 0.02375 0.09
0 0.4475 0.2625 0.01375 0.09375
0 0.465 0.265 0.0225 0.09125
0 0.49 0.26625 0.02375 0.09375
0 0.5175 0.26625 0.0275 0.095
0 0.5475 0.26875 0.0275 0.0875
0 0.58 0.2675 0.035 0.095
0 0.61625 0.2675 0.03375 0.09375
0 0.6575 0.2675 0.04375 0.095
0 0.70875 0.26875 0.05375 0.09625
0 0.75625 0.265 0.03875 0.10375
0 0.795 0.27125 0.03375 0.09
0 0.84 0.27375 0.0475 0.09375
0 0.13375 0.35125 0.015 0.07
0 0.15 0.3525 0.015 0.07375
0 0.18625 0.35875 0.01875 0.0725
0 0.2375 0.36125 0.01875 0.0825
0 0.265 0.3625 0.02875 0.08375
0 0.33 0.3675 0.02625 0.09375
0 0.4975 0.73375 0.0275 0.02
0 0.2475 0.1575 0.01375 0.0825
0 0.49875 0.76125 0.02875 0.02625
0 0.4525 0.57625 0.03 0.02625
0 0.315 0.7375 0.02125 0.02
0 0.31375 0.76 0.02125 0.02
0 0.31375 0.785 0.02125 0.02
0 0.34 0.77125 0.02125 0.0725
0 0.3625 0.7825 0.02 0.06625
0 0.39125 0.8025 0.03 0.07625
0 0.72375 0.935 0.07 0.12875
0 0.65125 0.92 0.0575 0.10875
0 0.4225 0.81375 0.025 0.075
0 0.59125 0.89 0.05125 0.10125
0 0.5475 0.89625 0.025 0.035
0 0.5175 0.88 0.02625 0.02875
0 0.5475 0.85625 0.02375 0.0325
0 0.52 0.84625 0.02375 0.035
0 0.485 0.86625 0.02375 0.02375
0 0.4525 0.85125 0.0275 0.0225
0 0.48875 0.83875 0.02875 0.0225
0 0.455 0.8275 0.03 0.01625
0 0.4925 0.81375 0.03375 0.0225
0 0.52875 0.74125 0.02625 0.0225
0 0.44875 0.63125 0.03 0.025
0 0.455 0.80125 0.0325 0.02625
0 0.45 0.60375 0.025 0.0225
0 0.2925 0.75 0.0175 0.06375
0 0.42 0.595 0.02125 0.02125
0 0.27 0.73875 0.02125 0.06625
0 0.2425 0.73125 0.0225 0.01375
0 0.19125 0.71 0.03375 0.0375
0 0.16625 0.69375 0.01375 0.0425
0 0.15 0.6875 0.0175 0.04875
0 0.8175 0.8375 0.05875 0.125
0 0.7325 0.8475 0.0425 0.02625
0 0.68375 0.83 0.0375 0.025
0 0.645 0.81625 0.03125 0.025
0 0.73875 0.8175 0.0375 0.02625
0 0.41875 0.62375 0.02375 0.02625
0 0.645 0.79 0.0375 0.02
0 0.68875 0.80375 0.03875 0.02
0 0.5625 0.76 0.03375 0.08875
0 0.60375 0.7725 0.0425 0.09
0 0.5275 0.76875 0.02625 0.0275
0 0.65125 0.7575 0.03875 0.0375
0 0.695 0.77375 0.03625 0.03125
0 0.7425 0.78625 0.0425 0.0325