0 0.54625 0.635 0.02375 0.02375
0 0.55125 0.695 0.02375 0.0225
0 0.49625 0.71 0.01625 0.0175
0 0.52625 0.69125 0.02125 0.0225
0 0.5025 0.68375 0.02375 0.02375
0 0.555 0.66375 0.0225 0.025
0 0.5275 0.66 0.0225 0.0225
0 0.5025 0.655 0.02125 0.02375
0 0.5225 0.63375 0.02 0.02125
0 0.46625 0.7575 0.02375 0.03125
0 0.50125 0.60375 0.02 0.02
0 0.55125 0.575 0.0225 0.025
0 0.525 0.5725 0.02125 0.0275
0 0.5 0.57 0.02125 0.02
0 0.55125 0.55 0.02125 0.02
0 0.52875 0.5475 0.0225 0.02125
0 0.505 0.545 0.0225 0.02375
0 0.43875 0.75125 0.02625 0.03375
0 0.52125 0.715 0.02875 0.02375
0 0.4975 0.62875 0.0225 0.02
0 0.55125 0.71875 0.02375 0.0175
0 0.6725 0.74375 0.0175 0.06
0 0.525 0.74 0.03 0.02125
0 0.40875 0.74125 0.02875 0.0275
0 0.7375 0.745 0.01875 0.06125
0 0.71625 0.74875 0.02 0.0575
0 0.69375 0.745 0.0175 0.05875
0 0.65125 0.74375 0.02 0.0575
0 0.6275 0.74125 0.0175 0.06
0 0.7425 0.6575 0.0175 0.06125
0 0.72 0.655 0.01875 0.06
0 0.7 0.655 0.0175 0.06125
0 0.4975 0.73375 0.0175 0.02125
0 0.6525 0.59125 0.04625 0.1275
0 0.71625 0.56 0.0175 0.06
0 0.7375 0.55875 0.02 0.0625
0 0.73625 0.46125 0.0175 0.0625
0 0.7175 0.46125 0.0125 0.06
0 0.7 0.46 0.01625 0.06125
0 0.67625 0.465 0.02125 0.0625
0 0.64125 0.46125 0.02125 0.065
0 0.6225 0.46 0.015 0.065
0 0.5525 0.74625 0.02125 0.02
0 0.69125 0.55875 0.01875 0.065
0 0.4675 0.7225 0.02375 0.03125
0 0.52875 0.61125 0.02625 0.02
0 0.41125 0.70875 0.025 0.03
0 0.165 0.59375 0.00875 0.0225
0 0.17625 0.59625 0.01125 0.025
0 0.19 0.59875 0.0125 0.02125
0 0.2175 0.60375 0.01125 0.02375
0 0.16875 0.65 0.01 0.02625
0 0.18125 0.655 0.01 0.02375
0 0.19625 0.65625 0.0075 0.02625
0 0.21875 0.5375 0.00625 0.02375
0 0.20625 0.6575 0.00875 0.02625
0 0.3275 0.52375 0.0675 0.035
0 0.27875 0.5575 0.02125 0.03125
0 0.30375 0.56125 0.0225 0.02875
0 0.32875 0.565 0.0225 0.03
0 0.27875 0.58875 0.02 0.02625
0 0.3025 0.59125 0.0225 0.02875
0 0.32875 0.59625 0.0225 0.03
0 0.22 0.66375 0.01 0.02375
0 0.215 0.48375 0.01 0.02625
0 0.20625 0.4775 0.00625 0.02375
0 0.18625 0.48 0.01 0.02875
0 0.43875 0.71625 0.025 0.03
0 0.05625 0.48 0.02875 0.0975
0 0.02 0.48 0.03125 0.09875
0 0.08375 0.47625 0.0225 0.09625
0 0.1075 0.475 0.02375 0.09375
0 0.135 0.47125 0.0275 0.09375
0 0.03 0.585 0.03375 0.09375
0 0.0625 0.5825 0.02625 0.0975
0 0.0875 0.57625 0.02 0.09125
0 0.11 0.57125 0.0225 0.08625
0 0.13625 0.565 0.025 0.085
0 0.07375 0.6625 0.1025 0.06125
0 0.07 0.74375 0.0825 0.07125
0 0.18 0.42 0.01375 0.02625
0 0.19625 0.42125 0.01375 0.02625
0 0.21375 0.4225 0.01 0.02625
0 0.175 0.4775 0.00875 0.0275
0 0.28 0.6175 0.0225 0.03
0 0.305 0.6225 0.01875 0.0275
0 0.20625 0.535 0.01125 0.02375
0 0.28 0.6475 0.02125 0.025
0 0.38125 0.73375 0.02375 0.03
0 0.41 0.545 0.02125 0.02875
0 0.425 0.51125 0.025 0.03
0 0.44125 0.55125 0.02875 0.03125
0 0.4725 0.5525 0.02875 0.03125
0 0.41125 0.57875 0.02875 0.03125
0 0.44 0.58375 0.0275 0.03
0 0.4725 0.5875 0.02875 0.03125
0 0.41125 0.61125 0.02625 0.03
0 0.44125 0.6175 0.02625 0.0325
0 0.47 0.62125 0.02625 0.03125
0 0.41 0.645 0.0275 0.03
0 0.44 0.65125 0.02625 0.03125
0 0.47 0.65375 0.02875 0.03375
0 0.3275 0.62625 0.02125 0.02875
0 0.4125 0.67625 0.02625 0.02875
0 0.44125 0.68375 0.0275 0.03
0 0.38125 0.7 0.02375 0.03
0 0.35625 0.69375 0.02125 0.0325
0 0.35625 0.72625 0.0225 0.02875
0 0.355 0.56875 0.02125 0.03375
0 0.30625 0.6525 0.02 0.0275
0 0.32875 0.6575 0.02125 0.03
0 0.2825 0.67375 0.02125 0.0275
0 0.3075 0.68125 0.02125 0.02875
0 0.32875 0.68875 0.01875 0.0275
0 0.28125 0.705 0.02125 0.0275
0 0.30625 0.71125 0.02375 0.02625
0 0.32875 0.71875 0.02125 0.0275
0 0.3825 0.5725 0.02375 0.03125
0 0.355 0.60125 0.02375 0.02875
0 0.38125 0.605 0.02375 0.03125
0 0.355 0.63125 0.02125 0.0275
0 0.38125 0.63875 0.02375 0.03125
0 0.35625 0.66125 0.0225 0.02875
0 0.38125 0.67 0.02625 0.0275
0 0.47125 0.68875 0.0275 0.03125