0 0.04875 0.17 0.06875 0.0275
0 0.09875 0.76 0.0625 0.0225
0 0.71875 0.69375 0.07375 0.035
0 0.79625 0.68875 0.0725 0.04125
0 0.7975 0.65625 0.07375 0.02
0 0.79875 0.63625 0.075 0.0175
0 0.72125 0.6525 0.07375 0.04375
0 0.64125 0.69 0.0775 0.03375
0 0.6375 0.6575 0.07375 0.02375
0 0.63625 0.635 0.065 0.01625
0 0.87 0.67875 0.0675 0.0575
0 0.5625 0.6925 0.07375 0.04
0 0.5625 0.64125 0.0725 0.02125
0 0.48625 0.69 0.0725 0.03875
0 0.48625 0.65875 0.07 0.01875
0 0.485 0.63875 0.07375 0.01625
0 0.43375 0.68125 0.0275 0.055
0 0.4325 0.64125 0.0275 0.02125
0 0.39125 0.6825 0.0525 0.055
0 0.5625 0.6625 0.0725 0.01875
0 0.93375 0.64125 0.05875 0.0325
0 0.93875 0.6825 0.0625 0.04375
0 0.9825 0.6425 0.03375 0.03125
0 0.595 0.75375 0.08 0.05875
0 0.52375 0.7775 0.05375 0.0575
0 0.525 0.735 0.055 0.0225
0 0.47875 0.77375 0.0275 0.07125
0 0.4425 0.78375 0.03125 0.0525
0 0.43875 0.74125 0.02875 0.0275
0 0.4 0.79 0.05 0.04625
0 0.39 0.745 0.03 0.03875
0 0.34875 0.74375 0.0475 0.03375
0 0.29 0.78625 0.05375 0.0575
0 0.23125 0.7875 0.06 0.05125
0 0.17 0.78375 0.0575 0.04625
0 0.11 0.79 0.05375 0.035
0 0.035 0.19875 0.065 0.025
0 0.0975 0.73875 0.06375 0.0175
0 0.03625 0.78125 0.05875 0.0625
0 0.98625 0.68375 0.0275 0.0425
0 0.39 0.6425 0.05 0.02125
0 0.33875 0.67625 0.0475 0.0575
0 0.2525 0.70125 0.0525 0.03125
0 0.265 0.665 0.07875 0.03375
0 0.23375 0.59875 0.04625 0.03875
0 0.345 0.54875 0.065 0.04125
0 0.34625 0.595 0.06125 0.045
0 0.69125 0.59625 0.06875 0.04125
0 0.76 0.5925 0.0625 0.0325
0 0.76125 0.55375 0.055 0.03875
0 0.69875 0.56125 0.06125 0.0225
0 0.7 0.535 0.06125 0.02625
0 0.55125 0.59 0.06375 0.0425
0 0.41125 0.545 0.05875 0.035
0 0.41 0.58875 0.0575 0.04875
0 0.465 0.545 0.03625 0.0375
0 0.4625 0.58875 0.035 0.0475
0 0.50125 0.585 0.03125 0.05375
0 0.555 0.54625 0.075 0.04
0 0.63375 0.545 0.06625 0.04875
0 0.61875 0.5925 0.06625 0.0425
0 0.22625 0.5525 0.04125 0.0475
0 0.595 0.80375 0.0775 0.03375
0 0.18125 0.575 0.0425 0.08625
0 0.13 0.5525 0.055 0.0425
0 0.1825 0.685 0.08125 0.05125
0 0.105 0.67625 0.0675 0.05625
0 0.03375 0.6825 0.065 0.055
0 0.93125 0.57625 0.125 0.05625
0 0.92 0.53125 0.10125 0.02625
0 0.83 0.56 0.07375 0.0775
0 0.70375 0.47375 0.1 0.06
0 0.81 0.47125 0.10625 0.06
0 0.91375 0.45125 0.09375 0.09625
0 0.98125 0.4525 0.03625 0.09375
0 0.96625 0.3025 0.06625 0.0525
0 0.96375 0.34875 0.07125 0.035
0 0.87375 0.3025 0.10875 0.05
0 0.86875 0.34875 0.11125 0.0375
0 0.76125 0.305 0.10875 0.04875
0 0.75375 0.35 0.1125 0.0375
0 0.05 0.58 0.09875 0.0725
0 0.135 0.59625 0.04625 0.04
0 0.68375 0.7525 0.09125 0.05625
0 0.345 0.7875 0.04875 0.05
0 0.76375 0.76625 0.0675 0.05625
0 0.68875 0.18375 0.04125 0.04375
0 0.68375 0.1475 0.04875 0.02625
0 0.7325 0.14625 0.04375 0.025
0 0.735 0.18375 0.04625 0.0475
0 0.6975 0.2325 0.04375 0.04625
0 0.7425 0.2325 0.04125 0.04625
0 0.67875 0.79625 0.0825 0.0275
0 0.63125 0.235 0.08 0.04625
0 0.79125 0.22875 0.05125 0.0525
0 0.92375 0.17 0.05875 0.05625
0 0.84875 0.2275 0.0575 0.0525
0 0.9175 0.22625 0.07125 0.05375
0 0.9775 0.1675 0.045 0.05625
0 0.97875 0.22625 0.0425 0.0575
0 0.0425 0.3175 0.0825 0.05625
0 0.05 0.3725 0.075 0.04875
0 0.86 0.17 0.06375 0.05625
0 0.1175 0.35625 0.04875 0.07875
0 0.55 0.235 0.07875 0.04375
0 0.64 0.19625 0.0475 0.025
0 0.1125 0.195 0.035 0.035
0 0.03875 0.2425 0.07625 0.055
0 0.17 0.24 0.065 0.0475
0 0.23125 0.2375 0.05375 0.0525
0 0.2925 0.23625 0.06125 0.05625
0 0.28625 0.18375 0.05625 0.0425
0 0.22875 0.18875 0.05625 0.03625
0 0.5725 0.19875 0.07625 0.02125
0 0.35375 0.235 0.05625 0.065
0 0.41375 0.1675 0.06 0.0625
0 0.475 0.16375 0.05625 0.065
0 0.41875 0.23125 0.0575 0.06375
0 0.4775 0.23125 0.05 0.0625
0 0.52125 0.19 0.01875 0.045
0 0.55375 0.17875 0.04 0.01625
0 0.59125 0.17125 0.03125 0.03
0 0.345 0.16625 0.05875 0.065
0 0.17625 0.36125 0.05375 0.07125
0 0.79375 0.17125 0.0675 0.05875
0 0.295 0.3675 0.06625 0.055
0 0.1575 0.49375 0.0675 0.05125
0 0.96 0.78375 0.05125 0.03125
0 0.40125 0.4325 0.06375 0.03875
0 0.4 0.48 0.06125 0.05125
0 0.45875 0.4325 0.0425 0.0375
0 0.50125 0.4325 0.0375 0.03875
0 0.4525 0.47875 0.0375 0.05
0 0.49625 0.47875 0.03625 0.05125
0 0.295 0.31 0.07375 0.0575
0 0.84 0.765 0.07875 0.0575
0 0.91 0.74625 0.055 0.04
0 0.965 0.74375 0.05125 0.04
0 0.55375 0.4325 0.0625 0.04375
0 0.555 0.48125 0.06625 0.04625
0 0.62125 0.48125 0.06125 0.04125
0 0.27375 0.4325 0.04 0.0375
0 0.3325 0.48125 0.06375 0.05375
0 0.08875 0.4925 0.06625 0.0425
0 0.275 0.48125 0.045 0.05375
0 0.3625 0.31 0.055 0.05125
0 0.36125 0.365 0.055 0.0525
0 0.42625 0.30875 0.0575 0.04875
0 0.4225 0.365 0.05625 0.0575
0 0.47875 0.31375 0.0325 0.03625
0 0.51375 0.31375 0.03125 0.035
0 0.32875 0.435 0.0625 0.03125
0 0.575 0.34375 0.08375 0.08625
0 0.9075 0.785 0.05 0.035
0 0.6575 0.34625 0.07625 0.0775
0 0.2175 0.48125 0.04625 0.05875
0 0.155 0.44125 0.06875 0.04875
0 0.08375 0.44375 0.07 0.05125
0 0.475 0.36125 0.035 0.055
0 0.51125 0.36125 0.03125 0.055
0 0.6625 0.29375 0.085 0.02375