0 0.48125 0.68 0.01375 0.0325
0 0.735 0.68 0.01375 0.0375
0 0.34875 0.59375 0.0425 0.0625
0 0.3925 0.5925 0.03125 0.0625
0 0.43 0.59375 0.03875 0.06375
0 0.4875 0.59375 0.05125 0.0625
0 0.53625 0.6025 0.0375 0.04875
0 0.58125 0.60375 0.03875 0.04625
0 0.6225 0.60125 0.035 0.045
0 0.655 0.60125 0.025 0.04625
0 0.68 0.60125 0.02375 0.04625
0 0.705 0.59875 0.0225 0.04875
0 0.725 0.58625 0.01375 0.04375
0 0.78 0.64375 0.05875 0.095
0 0.85625 0.62875 0.0375 0.115
0 0.6875 0.67375 0.025 0.0375
0 0.71625 0.68 0.01625 0.03625
0 0.29625 0.59375 0.04375 0.06375
0 0.25125 0.5925 0.0375 0.06125
0 0.25125 0.505 0.05 0.06875
0 0.3 0.505 0.04375 0.06625
0 0.785 0.45875 0.02 0.08625
0 0.7875 0.39875 0.02625 0.0325
0 0.82875 0.395 0.05375 0.03
0 0.85875 0.5 0.0325 0.05
0 0.8475 0.43875 0.055 0.0475
0 0.74625 0.5 0.0325 0.0525
0 0.69 0.52 0.02125 0.01875
0 0.5 0.69 0.01625 0.035
0 0.625 0.52875 0.03 0.00875
0 0.59125 0.51375 0.03 0.0425
0 0.5575 0.52125 0.03375 0.05125
0 0.52125 0.50375 0.0325 0.06375
0 0.485 0.50625 0.03 0.055
0 0.44625 0.5225 0.04125 0.02375
0 0.3925 0.50625 0.04625 0.0675
0 0.34625 0.51125 0.0375 0.0625
0 0.62375 0.51375 0.03 0.015
0 0.6575 0.68875 0.015 0.04
0 0.64125 0.68875 0.015 0.03875
0 0.62125 0.6875 0.01625 0.03875
0 0.29375 0.8 0.0225 0.09125
0 0.26875 0.8 0.0225 0.0925
0 0.245 0.7975 0.01875 0.09375
0 0.1475 0.69125 0.015 0.10375
0 0.16375 0.69 0.01375 0.10375
0 0.18375 0.69125 0.02375 0.1025
0 0.295 0.675 0.0375 0.06
0 0.32125 0.79875 0.0225 0.09375
0 0.3225 0.6825 0.015 0.035
0 0.36 0.68625 0.015 0.03375
0 0.37625 0.68625 0.01625 0.03375
0 0.395 0.6875 0.01625 0.0375
0 0.4125 0.68875 0.015 0.0375
0 0.43375 0.675 0.01375 0.03125
0 0.4475 0.67375 0.0125 0.03125
0 0.465 0.67875 0.01375 0.0325
0 0.3425 0.685 0.01625 0.03375
0 0.755 0.41875 0.03375 0.07
0 0.34625 0.8 0.02375 0.09375
0 0.42 0.80125 0.025 0.09125
0 0.60375 0.6875 0.01625 0.0375
0 0.58125 0.67 0.01625 0.03625
0 0.56625 0.67125 0.01375 0.035
0 0.5425 0.6875 0.03125 0.04
0 0.5175 0.69 0.015 0.035
0 0.765 0.79 0.04625 0.115
0 0.85 0.78875 0.05 0.1075
0 0.39125 0.79125 0.02375 0.1
0 0.7175 0.80125 0.04375 0.09375
0 0.6325 0.8 0.0425 0.09
0 0.59125 0.79875 0.03875 0.0925
0 0.555 0.79125 0.02375 0.06875
0 0.52625 0.8125 0.02875 0.07375
0 0.49875 0.79875 0.0225 0.1025
0 0.47375 0.79125 0.02375 0.09875
0 0.44625 0.78625 0.02375 0.0975
0 0.675 0.8 0.04 0.0925
0 0.7125 0.41125 0.03375 0.05125
0 0.65875 0.50375 0.03625 0.05125
0 0.64375 0.415 0.03125 0.075
0 0.8275 0.31625 0.025 0.08875
0 0.85875 0.31125 0.03125 0.1025
0 0.865 0.1525 0.02 0.09125
0 0.77875 0.15 0.05375 0.0925
0 0.7325 0.13875 0.0175 0.11875
0 0.70875 0.13375 0.02625 0.12875
0 0.67375 0.1325 0.02625 0.13
0 0.63625 0.17125 0.03375 0.05375
0 0.60125 0.1725 0.0325 0.04875
0 0.795 0.315 0.03 0.0875
0 0.56625 0.16 0.0325 0.075
0 0.5 0.15875 0.02875 0.075
0 0.46625 0.1575 0.03125 0.0775
0 0.43375 0.1575 0.02875 0.075
0 0.4 0.1575 0.03 0.07375
0 0.3675 0.15625 0.03125 0.07375
0 0.33875 0.1625 0.02375 0.06625
0 0.29875 0.15625 0.03125 0.07375
0 0.215 0.1425 0.04875 0.1
0 0.67625 0.4225 0.0275 0.05375
0 0.5325 0.15875 0.02875 0.0725
0 0.7475 0.29625 0.0375 0.08875
0 0.8325 0.135 0.04375 0.1275
0 0.655 0.30125 0.0575 0.0775
0 0.45125 0.30375 0.03 0.07125
0 0.41625 0.30375 0.03125 0.06875
0 0.385 0.30375 0.03 0.07125
0 0.34625 0.30375 0.0325 0.07
0 0.3125 0.30375 0.03 0.06875
0 0.2575 0.2875 0.07125 0.0975
0 0.24875 0.415 0.035 0.06625
0 0.4825 0.30375 0.02875 0.06875
0 0.28375 0.41875 0.035 0.065
0 0.35625 0.41875 0.0325 0.0675
0 0.7025 0.3 0.0325 0.08
0 0.42875 0.41875 0.02875 0.06625
0 0.46125 0.41875 0.0325 0.0675
0 0.52 0.40125 0.0475 0.07375
0 0.5725 0.41625 0.03375 0.07
0 0.61125 0.4175 0.03125 0.0675
0 0.32375 0.4175 0.02875 0.0675
0 0.51375 0.305 0.02875 0.07125
0 0.395 0.41875 0.03125 0.06375
0 0.60625 0.30375 0.02875 0.0675
0 0.57125 0.305 0.02625 0.06625