0 0.43375 0.62125 0.01625 0.08625
0 0.41125 0.61875 0.015 0.08
0 0.465 0.83 0.0225 0.09125
0 0.49125 0.83 0.0225 0.0875
0 0.515 0.8275 0.01875 0.0825
0 0.53875 0.82125 0.02375 0.0725
0 0.5325 0.7275 0.025 0.0875
0 0.72 0.63 0.01875 0.07625
0 0.585 0.72875 0.03125 0.08875
0 0.44875 0.6225 0.01 0.08625
0 0.4625 0.62125 0.01375 0.08625
0 0.47625 0.6225 0.01125 0.0875
0 0.49 0.62 0.0125 0.085
0 0.5025 0.6225 0.01375 0.08875
0 0.86125 0.8575 0.02625 0.0725
0 0.70875 0.8325 0.03125 0.0925
0 0.64125 0.82125 0.02375 0.07
0 0.61875 0.82 0.01875 0.07125
0 0.5875 0.81875 0.02 0.07
0 0.565 0.81875 0.02375 0.07
0 0.5225 0.62125 0.0225 0.0875
0 0.55625 0.72875 0.02375 0.09
0 0.54375 0.6225 0.0175 0.085
0 0.575 0.61875 0.015 0.07875
0 0.58875 0.61875 0.01 0.07875
0 0.62375 0.61875 0.0125 0.0775
0 0.64625 0.62375 0.01875 0.08625
0 0.67375 0.6225 0.015 0.08625
0 0.68875 0.62125 0.01125 0.08375
0 0.7025 0.62375 0.01 0.085
0 0.78 0.7025 0.07125 0.1275
0 0.8475 0.70125 0.05375 0.12875
0 0.705 0.7275 0.03375 0.08125
0 0.67 0.725 0.025 0.08125
0 0.61375 0.7225 0.02375 0.07375
0 0.56125 0.62 0.00875 0.08
0 0.395 0.61875 0.01375 0.08
0 0.48125 0.22125 0.0575 0.07375
0 0.42875 0.515 0.01375 0.08625
0 0.58875 0.3175 0.0275 0.0425
0 0.4125 0.515 0.01125 0.08625
0 0.51625 0.31375 0.02625 0.04625
0 0.485 0.315 0.03375 0.05
0 0.44625 0.31375 0.03 0.04875
0 0.41 0.3125 0.03375 0.0625
0 0.36875 0.31125 0.035 0.06
0 0.3325 0.30625 0.03375 0.0525
0 0.2975 0.31125 0.03375 0.055
0 0.29 0.4075 0.01875 0.09
0 0.31375 0.4125 0.0225 0.0925
0 0.34125 0.4125 0.02625 0.09625
0 0.36625 0.41625 0.02375 0.08875
0 0.3925 0.41375 0.02125 0.09125
0 0.41875 0.41625 0.02625 0.08375
0 0.445 0.41875 0.01375 0.0875
0 0.4675 0.41875 0.025 0.08375
0 0.625 0.31875 0.03125 0.04375
0 0.66 0.315 0.035 0.0375
0 0.7125 0.31625 0.04375 0.04375
0 0.76375 0.3225 0.0325 0.065
0 0.50625 0.72625 0.02 0.0825
0 0.48125 0.72125 0.02 0.0775
0 0.45125 0.7275 0.03125 0.085
0 0.3775 0.825 0.01125 0.07625
0 0.3975 0.8175 0.0175 0.06375
0 0.41875 0.82375 0.015 0.07375
0 0.43875 0.8275 0.02125 0.08125
0 0.315 0.2125 0.05 0.08
0 0.49375 0.42 0.025 0.08125
0 0.37 0.21125 0.0525 0.08
0 0.5375 0.22625 0.04625 0.08125
0 0.59 0.23 0.05 0.0675
0 0.64 0.22 0.04375 0.05875
0 0.6925 0.2075 0.0525 0.03125
0 0.7475 0.2025 0.04875 0.03875
0 0.79125 0.23375 0.0225 0.0925
0 0.81625 0.235 0.01875 0.09
0 0.84 0.235 0.025 0.09125
0 0.42625 0.22125 0.04625 0.0725
0 0.5175 0.4175 0.01875 0.08875
0 0.5525 0.32 0.03125 0.05
0 0.78875 0.43625 0.03375 0.075
0 0.5825 0.415 0.02125 0.09125
0 0.64375 0.4175 0.0175 0.08875
0 0.66625 0.41625 0.02625 0.08625
0 0.69125 0.41625 0.02375 0.085
0 0.7125 0.41375 0.0175 0.08625
0 0.7325 0.4125 0.015 0.0875
0 0.6025 0.51625 0.02125 0.07625
0 0.825 0.435 0.035 0.07375
0 0.85875 0.43375 0.03 0.08125
0 0.8525 0.55375 0.04125 0.09875
0 0.81 0.5525 0.04375 0.10125
0 0.75625 0.5525 0.05 0.09625
0 0.715 0.52375 0.015 0.08
0 0.6925 0.5225 0.02375 0.08125
0 0.665 0.52 0.01875 0.0775
0 0.5825 0.5175 0.015 0.0825
0 0.64125 0.51875 0.0175 0.08125
0 0.56375 0.51875 0.01625 0.0875
0 0.56 0.415 0.01875 0.095
0 0.4525 0.5125 0.0125 0.08
0 0.54125 0.5225 0.02375 0.0875
0 0.49125 0.515 0.02125 0.0825
0 0.5175 0.51875 0.01875 0.08625
0 0.47125 0.5175 0.01375 0.08375
0 0.53875 0.4125 0.02125 0.09125
0 0.625 0.52125 0.015 0.08625