0 0.86 0.40625 0.02875 0.0775
0 0.83 0.405 0.0225 0.06875
0 0.7675 0.39125 0.02875 0.07375
0 0.17 0.49125 0.0325 0.0775
0 0.20125 0.49125 0.0325 0.06875
0 0.1375 0.48625 0.0225 0.06875
0 0.48375 0.5775 0.0325 0.06625
0 0.1725 0.5875 0.02375 0.06875
0 0.2025 0.5875 0.02875 0.06625
0 0.27375 0.58125 0.0275 0.06875
0 0.30625 0.58375 0.02875 0.065
0 0.34125 0.5825 0.03125 0.065
0 0.38 0.58 0.03375 0.06875
0 0.415 0.575 0.02625 0.0725
0 0.44875 0.58 0.03 0.065
0 0.7375 0.39 0.02875 0.07
0 0.57 0.55375 0.0125 0.045
0 0.5925 0.57 0.0175 0.05125
0 0.145 0.5775 0.02375 0.0875
0 0.70625 0.39125 0.02125 0.075
0 0.31625 0.4825 0.03625 0.0625
0 0.6525 0.38875 0.02375 0.0725
0 0.76 0.475 0.0275 0.0625
0 0.7325 0.4825 0.01625 0.05625
0 0.7075 0.4825 0.03 0.05875
0 0.66375 0.47625 0.02375 0.06
0 0.6375 0.4775 0.015 0.04875
0 0.615 0.48375 0.0225 0.0425
0 0.59 0.48125 0.02 0.04125
0 0.56375 0.48125 0.02 0.045
0 0.54 0.48125 0.025 0.045
0 0.48875 0.48 0.0325 0.06375
0 0.455 0.48375 0.0325 0.06
0 0.4175 0.48125 0.03125 0.0625
0 0.3825 0.48125 0.03625 0.06125
0 0.34625 0.47125 0.02125 0.0775
0 0.6125 0.56125 0.01375 0.0375
0 0.27875 0.485 0.035 0.075
0 0.575 0.38625 0.015 0.06875
0 0.6 0.38625 0.0225 0.07125
0 0.62625 0.39 0.0225 0.0725
0 0.68 0.39 0.0225 0.07
0 0.6325 0.565 0.01875 0.05
0 0.31875 0.7775 0.0225 0.06125
0 0.675 0.56125 0.0175 0.0575
0 0.75125 0.76875 0.02375 0.05625
0 0.8125 0.7325 0.01125 0.05375
0 0.83125 0.735 0.02125 0.0525
0 0.85875 0.7325 0.02625 0.055
0 0.72625 0.5625 0.025 0.06625
0 0.75625 0.56 0.0275 0.0675
0 0.8625 0.635 0.02125 0.07
0 0.83 0.61375 0.025 0.035
0 0.73875 0.66 0.01875 0.05875
0 0.72 0.66 0.02 0.05875
0 0.6975 0.6575 0.02 0.05375
0 0.6625 0.67375 0.04125 0.055
0 0.6325 0.65625 0.015 0.0475
0 0.615 0.66 0.0175 0.04875
0 0.595 0.66 0.01875 0.05
0 0.555 0.66875 0.04375 0.0475
0 0.4875 0.66625 0.03 0.06625
0 0.4525 0.6675 0.03125 0.065
0 0.41875 0.6675 0.02875 0.06625
0 0.7175 0.77 0.025 0.05375
0 0.655 0.5625 0.02 0.055
0 0.69625 0.77125 0.0125 0.05125
0 0.63625 0.76875 0.0225 0.05875
0 0.6975 0.56125 0.0225 0.05875
0 0.31375 0.67125 0.0375 0.0575
0 0.2775 0.67375 0.035 0.06375
0 0.20625 0.68625 0.01875 0.04125
0 0.1775 0.69 0.025 0.0375
0 0.1475 0.6875 0.03375 0.0425
0 0.1425 0.78 0.0225 0.0625
0 0.17125 0.78125 0.025 0.0625
0 0.20375 0.78125 0.02625 0.06
0 0.29 0.7775 0.02125 0.0625
0 0.34375 0.77625 0.0225 0.05875
0 0.37125 0.77625 0.02625 0.05875
0 0.40125 0.77625 0.025 0.06125
0 0.42875 0.7775 0.02125 0.0625
0 0.455 0.77625 0.025 0.06625
0 0.48625 0.775 0.02125 0.0625
0 0.55875 0.77 0.0175 0.0525
0 0.5825 0.7675 0.0175 0.06
0 0.61 0.7675 0.02625 0.05875
0 0.67 0.76875 0.0225 0.06
0 0.84375 0.525 0.03875 0.09375
0 0.38625 0.66875 0.0325 0.06375
0 0.54875 0.29 0.0175 0.06375
0 0.1475 0.295 0.02625 0.06375
0 0.175 0.29625 0.0225 0.06125
0 0.19875 0.295 0.02125 0.0625
0 0.27375 0.2825 0.0375 0.0725
0 0.30875 0.285 0.03125 0.075
0 0.3475 0.28375 0.0325 0.07375
0 0.3825 0.2875 0.03125 0.0775
0 0.41875 0.2875 0.035 0.0775
0 0.45625 0.28875 0.03625 0.0775
0 0.49625 0.2875 0.0325 0.075
0 0.38 0.1925 0.01875 0.07375
0 0.5925 0.2875 0.03125 0.0675
0 0.62125 0.29 0.025 0.07
0 0.6475 0.2875 0.02125 0.0675
0 0.67125 0.29125 0.02375 0.07125
0 0.6975 0.29 0.025 0.07125
0 0.725 0.28625 0.0225 0.07
0 0.7725 0.285 0.025 0.0675
0 0.84125 0.29625 0.01375 0.0825
0 0.865 0.295 0.01875 0.08375
0 0.85625 0.19125 0.03625 0.06375
0 0.795 0.2025 0.04125 0.06625
0 0.35375 0.19 0.025 0.0775
0 0.3275 0.19125 0.02125 0.08125
0 0.2975 0.19 0.02625 0.08875
0 0.14375 0.2025 0.025 0.0575
0 0.1725 0.20375 0.02125 0.05125
0 0.13875 0.38625 0.02375 0.0775
0 0.16625 0.39125 0.0225 0.0725
0 0.19625 0.39375 0.03 0.08
0 0.2725 0.37875 0.03 0.07875
0 0.35 0.6675 0.0325 0.06625
0 0.72375 0.20125 0.02 0.0675
0 0.67625 0.2 0.02625 0.07375
0 0.20375 0.20625 0.0375 0.06
0 0.625 0.1975 0.02125 0.07
0 0.60375 0.2 0.015 0.07375
0 0.5775 0.20125 0.025 0.065
0 0.50375 0.19 0.03125 0.08125
0 0.47 0.1925 0.03 0.07875
0 0.64875 0.1975 0.02 0.07125
0 0.55 0.38375 0.01625 0.0725
0 0.30375 0.37875 0.025 0.0775
0 0.44125 0.19125 0.02125 0.07625
0 0.41 0.19125 0.0325 0.075
0 0.3425 0.3825 0.04 0.075
0 0.2675 0.18625 0.02125 0.08
0 0.41875 0.3825 0.0325 0.07125
0 0.45625 0.38625 0.03125 0.08
0 0.49 0.3825 0.02625 0.0775
0 0.38125 0.38125 0.0325 0.0725