0 0.17375 0.6925 0.0175 0.03875
0 0.1525 0.69125 0.0175 0.0425
0 0.13375 0.69125 0.0175 0.0425
0 0.19375 0.69125 0.0175 0.04375
0 0.2325 0.69375 0.01875 0.04125
0 0.2525 0.68875 0.01375 0.04625
0 0.2725 0.68875 0.02 0.05
0 0.295 0.69125 0.0175 0.04
0 0.32625 0.6975 0.04 0.02625
0 0.3675 0.6975 0.04125 0.02625
0 0.84375 0.61125 0.03875 0.045
0 0.21375 0.695 0.0175 0.04125
0 0.805 0.61875 0.03125 0.0325
0 0.47 0.61625 0.04 0.03
0 0.72625 0.61875 0.0375 0.03375
0 0.685 0.61125 0.03875 0.04375
0 0.64125 0.61625 0.0375 0.03
0 0.59875 0.61625 0.04125 0.03
0 0.55375 0.61625 0.04 0.0275
0 0.5125 0.6175 0.04125 0.02875
0 0.41 0.6975 0.04125 0.02625
0 0.4675 0.3775 0.0475 0.0575
0 0.38375 0.61875 0.0425 0.03
0 0.3375 0.62 0.04625 0.0275
0 0.29375 0.6175 0.0375 0.03
0 0.2225 0.61375 0.0375 0.04
0 0.1825 0.6125 0.0375 0.0375
0 0.14375 0.6125 0.0375 0.03375
0 0.7675 0.61875 0.04 0.0325
0 0.45375 0.6975 0.04125 0.02625
0 0.8375 0.69375 0.03375 0.03375
0 0.5375 0.6975 0.04125 0.02625
0 0.45625 0.7675 0.01375 0.03875
0 0.4925 0.76875 0.01875 0.03125
0 0.52 0.7725 0.0375 0.03
0 0.55625 0.77125 0.02625 0.03
0 0.58625 0.77125 0.02875 0.0275
0 0.61875 0.77 0.02875 0.03125
0 0.6475 0.7625 0.01875 0.05
0 0.6725 0.7625 0.0225 0.04625
0 0.69625 0.7675 0.0175 0.04
0 0.7275 0.77125 0.03625 0.03125
0 0.765 0.76875 0.0375 0.03375
0 0.80125 0.76875 0.03375 0.0325
0 0.84125 0.7725 0.03875 0.03
0 0.65375 0.04625 0.07625 0.0575
0 0.4475 0.05 0.0375 0.04625
0 0.3675 0.035 0.0375 0.07
0 0.3275 0.035 0.0325 0.06875
0 0.43625 0.7675 0.0225 0.0375
0 0.49625 0.69625 0.04 0.02625
0 0.41125 0.765 0.02375 0.0475
0 0.36875 0.76375 0.01375 0.0475
0 0.57875 0.6975 0.04125 0.02625
0 0.62125 0.695 0.0375 0.0275
0 0.6525 0.6925 0.01875 0.04125
0 0.6725 0.69125 0.01375 0.04125
0 0.69625 0.69375 0.03125 0.0375
0 0.7275 0.6975 0.02375 0.01875
0 0.76125 0.69375 0.03375 0.03375
0 0.7975 0.6925 0.0375 0.03375
0 0.15125 0.77125 0.0275 0.03125
0 0.1825 0.77125 0.0275 0.03125
0 0.215 0.76875 0.02875 0.0375
0 0.245 0.76 0.01625 0.045
0 0.26375 0.77 0.01625 0.03625
0 0.285 0.76875 0.02 0.03625
0 0.30875 0.7625 0.01875 0.05
0 0.33125 0.76125 0.01875 0.04875
0 0.35 0.7625 0.015 0.04625
0 0.3875 0.76375 0.0175 0.0475
0 0.5175 0.3775 0.04875 0.05375
0 0.42625 0.6175 0.04 0.03
0 0.26375 0.38375 0.0375 0.04125
0 0.6 0.54 0.0425 0.03875
0 0.64125 0.535 0.0325 0.05
0 0.68125 0.535 0.03625 0.05125
0 0.72375 0.53375 0.0375 0.04625
0 0.765 0.5425 0.03375 0.0375
0 0.8025 0.54125 0.03375 0.0375
0 0.83875 0.5375 0.03625 0.04375
0 0.415 0.37625 0.04625 0.0575
0 0.31 0.375 0.05 0.06125
0 0.22 0.38125 0.04 0.03125
0 0.1775 0.38 0.04 0.03375
0 0.14 0.38 0.02875 0.04125
0 0.8375 0.28625 0.06125 0.065
0 0.775 0.2875 0.05625 0.0625
0 0.70125 0.29 0.03 0.0525
0 0.67 0.29 0.03125 0.05375
0 0.6225 0.28375 0.0525 0.06875
0 0.56375 0.28125 0.0575 0.0675
0 0.505 0.28125 0.05375 0.06375
0 0.45875 0.2875 0.0275 0.05125
0 0.415 0.2825 0.05625 0.06625
0 0.36375 0.2875 0.03875 0.05375
0 0.31625 0.28625 0.02 0.055
0 0.2275 0.28125 0.05 0.0575
0 0.185 0.285 0.03 0.05
0 0.1525 0.285 0.03125 0.05
0 0.85625 0.19875 0.0375 0.04625
0 0.815 0.2 0.0375 0.04
0 0.76875 0.2 0.04125 0.04
0 0.55625 0.54 0.03125 0.0375
0 0.72125 0.2 0.04125 0.04
0 0.52125 0.54125 0.03375 0.03875
0 0.38375 0.54 0.03625 0.04
0 0.57 0.3775 0.05 0.05375
0 0.62375 0.37625 0.03875 0.05625
0 0.6625 0.385 0.0325 0.0475
0 0.69625 0.385 0.02875 0.0475
0 0.7275 0.38375 0.03125 0.0475
0 0.76 0.38375 0.02875 0.0475
0 0.825 0.38375 0.04 0.0475
0 0.86125 0.38125 0.0275 0.04625
0 0.14 0.465 0.03125 0.03375
0 0.185 0.45875 0.0375 0.0325
0 0.225 0.46625 0.0375 0.0325
0 0.265 0.46625 0.03875 0.03125
0 0.3 0.46 0.02375 0.045
0 0.32375 0.46125 0.02125 0.04625
0 0.345 0.46 0.0175 0.045
0 0.3775 0.4625 0.0425 0.0425
0 0.41875 0.46 0.03625 0.04
0 0.4625 0.46 0.04375 0.0425
0 0.515 0.46 0.045 0.04125
0 0.55875 0.4625 0.0375 0.03625
0 0.59375 0.46375 0.0325 0.0375
0 0.6375 0.46125 0.04125 0.0375
0 0.68375 0.46125 0.0375 0.05
0 0.14 0.53875 0.02875 0.03875
0 0.175 0.5375 0.0425 0.035
0 0.21625 0.53875 0.03875 0.03375
0 0.25625 0.54125 0.04 0.03
0 0.305 0.5375 0.045 0.04375
0 0.3475 0.53875 0.035 0.04125
0 0.43 0.53625 0.0475 0.03875
0 0.675 0.2 0.04125 0.0425
0 0.1375 0.195 0.02375 0.03875
0 0.765 0.15 0.04 0.0325
0 0.5 0.185 0.0575 0.07
0 0.56 0.185 0.05375 0.07
0 0.6225 0.185 0.05625 0.0675
0 0.67375 0.15 0.04 0.0325
0 0.71875 0.15 0.04 0.0325
0 0.80875 0.15125 0.04 0.0325
0 0.43625 0.18625 0.05625 0.06625
0 0.855 0.15 0.04 0.0325
0 0.25875 0.195 0.04 0.04
0 0.215 0.19625 0.04125 0.03875
0 0.17 0.19625 0.04125 0.03875
0 0.2625 0.14375 0.0325 0.0325
0 0.22125 0.14625 0.04 0.03
0 0.175 0.14375 0.04125 0.0325
0 0.13875 0.14375 0.0275 0.03
0 0.34 0.19125 0.11875 0.08375