0 0.18625 0.50375 0.0275 0.06875
0 0.2125 0.5025 0.02125 0.065
0 0.1275 0.26875 0.0325 0.07125
0 0.38375 0.645 0.01875 0.0575
0 0.365 0.6525 0.015 0.05
0 0.34375 0.66125 0.01875 0.065
0 0.3225 0.67125 0.01875 0.0525
0 0.30125 0.6775 0.02 0.05375
0 0.27875 0.69 0.01625 0.06375
0 0.2575 0.6975 0.0225 0.055
0 0.2325 0.70625 0.02 0.07
0 0.20875 0.71625 0.02375 0.0625
0 0.1825 0.73 0.01875 0.07125
0 0.15625 0.73875 0.025 0.05875
0 0.40375 0.6375 0.0175 0.05125
0 0.92125 0.38 0.015 0.02
0 0.9025 0.355 0.0275 0.025
0 0.85625 0.38375 0.0175 0.05625
0 0.8375 0.39 0.0175 0.05
0 0.7825 0.425 0.01875 0.02
0 0.7825 0.4 0.01875 0.02375
0 0.76625 0.43875 0.01 0.0325
0 0.75625 0.43875 0.01 0.03375
0 0.73875 0.44375 0.01125 0.03375
0 0.7275 0.4475 0.01 0.035
0 0.7075 0.45375 0.01625 0.035
0 0.66 0.4725 0.015 0.03625
0 0.8975 0.38375 0.02375 0.01875
0 0.42125 0.63125 0.01625 0.05625
0 0.43875 0.62375 0.015 0.05
0 0.455 0.615 0.01125 0.055
0 0.79625 0.475 0.0125 0.04375
0 0.78 0.48375 0.0175 0.04125
0 0.755 0.495 0.0075 0.04375
0 0.745 0.4975 0.0075 0.0425
0 0.73375 0.505 0.00875 0.035
0 0.7225 0.5125 0.01 0.03375
0 0.71 0.5175 0.01125 0.02875
0 0.6975 0.515 0.01 0.04125
0 0.685 0.52125 0.01 0.0425
0 0.6725 0.52375 0.01125 0.04125
0 0.66125 0.52875 0.0075 0.04375
0 0.65125 0.535 0.0075 0.0475
0 0.64125 0.5375 0.0075 0.05
0 0.63 0.54375 0.01 0.04375
0 0.6175 0.5475 0.0125 0.055
0 0.60375 0.5525 0.00875 0.05125
0 0.59375 0.55625 0.01125 0.055
0 0.58 0.56125 0.0125 0.0475
0 0.56125 0.57125 0.015 0.04875
0 0.54625 0.575 0.01125 0.05875
0 0.5325 0.58 0.01 0.04875
0 0.52 0.58625 0.00875 0.06
0 0.50625 0.59875 0.01125 0.04625
0 0.49 0.605 0.01625 0.04875
0 0.47125 0.61 0.01375 0.04625
0 0.615 0.485 0.0125 0.04
0 0.60125 0.4875 0.01125 0.05
0 0.5875 0.49375 0.0125 0.0425
0 0.575 0.49625 0.01 0.0475
0 0.0825 0.26375 0.0525 0.0825
0 0.66625 0.39 0.0125 0.04375
0 0.6475 0.39375 0.01625 0.04375
0 0.6325 0.3975 0.01 0.04375
0 0.6175 0.4025 0.01375 0.05
0 0.605 0.40625 0.01 0.045
0 0.5925 0.40875 0.0125 0.0475
0 0.5775 0.4125 0.0125 0.04625
0 0.56375 0.415 0.0125 0.0475
0 0.54875 0.41875 0.01375 0.05375
0 0.5325 0.4225 0.01375 0.04625
0 0.51875 0.425 0.01125 0.05125
0 0.50125 0.43 0.01375 0.04875
0 0.48625 0.43375 0.0125 0.05625
0 0.47 0.4375 0.01625 0.05
0 0.4525 0.445 0.01625 0.05125
0 0.4325 0.4475 0.01375 0.055
0 0.415 0.45125 0.01875 0.05125
0 0.395 0.45875 0.0125 0.0625
0 0.37375 0.46375 0.0225 0.05625
0 0.33375 0.47625 0.025 0.0575
0 0.3075 0.48 0.0225 0.0625
0 0.285 0.485 0.0175 0.055
0 0.265 0.49 0.01625 0.0625
0 0.2375 0.4975 0.02375 0.05875
0 0.68125 0.38625 0.0125 0.045
0 0.8175 0.4675 0.025 0.0525
0 0.69125 0.3825 0.0075 0.04125
0 0.7125 0.3775 0.0075 0.03875
0 0.5625 0.50125 0.01125 0.04625
0 0.54625 0.50625 0.01375 0.05
0 0.5325 0.5125 0.0125 0.04625
0 0.5175 0.51625 0.015 0.05125
0 0.50375 0.52375 0.01125 0.045
0 0.48375 0.52875 0.02 0.05
0 0.4675 0.535 0.0125 0.04375
0 0.45 0.54125 0.015 0.04375
0 0.42875 0.5475 0.02 0.05
0 0.4075 0.5525 0.01625 0.04875
0 0.38625 0.56125 0.015 0.0575
0 0.36875 0.5675 0.015 0.0525
0 0.3475 0.5725 0.0225 0.06125
0 0.325 0.5825 0.01875 0.05
0 0.3025 0.59 0.02 0.0625
0 0.27875 0.595 0.02 0.0625
0 0.2525 0.6025 0.02375 0.05625
0 0.2225 0.61375 0.02625 0.0675
0 0.18875 0.61875 0.03625 0.065
0 0.1375 0.62875 0.04125 0.07875
0 0.77 0.365 0.01125 0.03625
0 0.75875 0.36625 0.01 0.035
0 0.7475 0.37125 0.01 0.03625
0 0.73625 0.37375 0.01 0.0375
0 0.72375 0.37375 0.01 0.0425
0 0.7025 0.38125 0.0125 0.0425
0 0.84375 0.44 0.0175 0.02
0 0.65 0.6275 0.01 0.04125
0 0.8625 0.435 0.0125 0.01875
0 0.875 0.5225 0.0125 0.02375
0 0.85875 0.53125 0.01125 0.01875
0 0.84375 0.54 0.01375 0.02125
0 0.845 0.51375 0.01375 0.01625
0 0.825 0.55125 0.0175 0.02
0 0.82625 0.52625 0.0175 0.025
0 0.80375 0.5625 0.01375 0.02
0 0.8075 0.53375 0.01625 0.03
0 0.78375 0.56875 0.0225 0.025
0 0.78375 0.54 0.025 0.0225
0 0.7425 0.58125 0.00875 0.03625
0 0.7325 0.585 0.01 0.03625
0 0.72 0.58875 0.01125 0.03625
0 0.69375 0.6075 0.00875 0.035
0 0.6825 0.61 0.00875 0.0375
0 0.6725 0.61875 0.0075 0.03875
0 0.6625 0.62375 0.01 0.0425
0 0.635 0.635 0.0175 0.03625
0 0.61625 0.64375 0.0175 0.045
0 0.6 0.65375 0.01 0.0425
0 0.585 0.66 0.0125 0.04875
0 0.5725 0.66625 0.01 0.04125
0 0.5575 0.67625 0.0125 0.0475
0 0.54375 0.68125 0.01125 0.0425
0 0.53 0.68875 0.0125 0.04125
0 0.51375 0.6975 0.01375 0.05
0 0.49875 0.705 0.01375 0.04375
0 0.8875 0.51875 0.00875 0.01375
0 0.48375 0.71 0.01375 0.05
0 0.9025 0.51125 0.01625 0.0175
0 0.77 0.29 0.00875 0.0425
0 0.105 0.3925 0.0425 0.0725
0 0.84125 0.46625 0.01625 0.0175
0 0.14375 0.38875 0.03 0.06875
0 0.1775 0.38375 0.02875 0.06125
0 0.21125 0.38 0.03375 0.06375
0 0.24375 0.3775 0.02875 0.05875
0 0.2725 0.3675 0.01875 0.06875
0 0.2975 0.36375 0.02375 0.0625
0 0.3225 0.36125 0.0225 0.06625
0 0.34625 0.3575 0.02125 0.06
0 0.36875 0.3525 0.01875 0.06375
0 0.39125 0.35 0.01875 0.0575
0 0.415 0.3475 0.0225 0.06125
0 0.43875 0.345 0.01875 0.0575
0 0.4575 0.3375 0.015 0.06125
0 0.48 0.3375 0.02125 0.05625
0 0.5125 0.32875 0.02 0.06125
0 0.63625 0.31 0.0125 0.05125
0 0.6525 0.30875 0.01375 0.04875
0 0.6725 0.305 0.0125 0.0475
0 0.69 0.30125 0.01375 0.05
0 0.71375 0.29875 0.0125 0.04875
0 0.72625 0.29625 0.01 0.04625
0 0.70125 0.30125 0.00875 0.045
0 0.7375 0.295 0.00875 0.045
0 0.75875 0.29125 0.0075 0.04125
0 0.74875 0.2925 0.00875 0.04375
0 0.7825 0.28875 0.0125 0.0425
0 0.46625 0.71875 0.015 0.0475
0 0.705 0.6 0.01 0.0375
0 0.43375 0.725 0.01375 0.07
0 0.66125 0.22125 0.015 0.06625
0 0.64625 0.22125 0.01125 0.0675
0 0.63375 0.22375 0.00875 0.06375
0 0.6175 0.22375 0.02 0.06875
0 0.5975 0.225 0.0125 0.06875
0 0.58375 0.225 0.0125 0.07
0 0.5675 0.225 0.015 0.07
0 0.545 0.2275 0.01875 0.07125
0 0.5275 0.2275 0.01125 0.075
0 0.51125 0.23 0.015 0.075
0 0.49375 0.2325 0.0125 0.075
0 0.4775 0.235 0.015 0.07375
0 0.4625 0.23875 0.01125 0.07125
0 0.44875 0.72 0.0125 0.0725
0 0.4275 0.2475 0.0175 0.05625
0 0.4025 0.25125 0.0225 0.05625
0 0.3775 0.2525 0.02125 0.0575
0 0.3525 0.25125 0.02375 0.05875
0 0.32375 0.25375 0.0225 0.06375
0 0.295 0.2575 0.025 0.06125
0 0.265 0.255 0.02625 0.07
0 0.23375 0.25625 0.0325 0.06875
0 0.1975 0.26125 0.03 0.0675
0 0.1625 0.265 0.03 0.065
0 0.89625 0.42625 0.01125 0.02375
0 0.87875 0.43 0.01375 0.02375
0 0.86125 0.46 0.01375 0.02125
0 0.87625 0.45625 0.01375 0.02125
0 0.8925 0.45 0.015 0.01375
0 0.4475 0.2475 0.01625 0.055
0 0.10375 0.82625 0.0575 0.0975
0 0.04125 0.84 0.055 0.06875
0 0.39625 0.7375 0.02 0.0775
0 0.3625 0.75875 0.0325 0.08125
0 0.3225 0.77375 0.03125 0.1025
0 0.295 0.79 0.0175 0.085
0 0.275 0.80125 0.01875 0.09875
0 0.25125 0.8125 0.0225 0.08625
0 0.22875 0.82125 0.01375 0.09375
0 0.2075 0.83375 0.02375 0.0825
0 0.41625 0.73125 0.01625 0.08625
0 0.12375 0.47875 0.05 0.05375
0 0.15 0.56875 0.03125 0.0275
0 0.12375 0.5325 0.03 0.0375
0 0.02 0.39125 0.04 0.10875
0 0.175 0.83875 0.0375 0.0725
0 0.0475 0.62125 0.0425 0.08
0 0.08375 0.7075 0.03125 0.0875
0 0.03 0.7325 0.055 0.07875
0 0.0325 0.50875 0.06 0.07875