0 0.3925 0.36125 0.03 0.0375
0 0.45625 0.36 0.03125 0.03625
0 0.31125 0.4375 0.04875 0.01
0 0.435 0.43125 0.0475 0.02625
0 0.3625 0.35875 0.025 0.0325
0 0.42125 0.36 0.02625 0.0375
0 0.2675 0.43125 0.02875 0.0125
0 0.48625 0.4325 0.04625 0.02125
0 0.3275 0.36375 0.03375 0.0275
0 0.75375 0.44125 0.025 0.0425
0 0.7225 0.445 0.0275 0.0375
0 0.5975 0.49125 0.03875 0.02625
0 0.6725 0.50125 0.04125 0.02
0 0.67 0.47875 0.04375 0.0175
0 0.71375 0.5125 0.0275 0.03
0 0.75 0.50125 0.03 0.0175
0 0.75875 0.525 0.03125 0.01375
0 0.55125 0.49125 0.04375 0.025
0 0.4175 0.78375 0.02375 0.02625
0 0.29125 0.36375 0.025 0.03
0 0.46875 0.3 0.0475 0.025
0 0.4225 0.2975 0.025 0.03125
0 0.75125 0.615 0.02875 0.03125
0 0.70875 0.61375 0.01 0.0325
0 0.695 0.19 0.05875 0.02125
0 0.6825 0.3025 0.04625 0.02
0 0.73875 0.30625 0.0475 0.015
0 0.63625 0.2775 0.03875 0.08125
0 0.58375 0.30125 0.0475 0.025
0 0.5425 0.36125 0.02625 0.035
0 0.5775 0.36375 0.03 0.0375
0 0.61375 0.36125 0.0275 0.035
0 0.68 0.37 0.04125 0.00625
0 0.645 0.36875 0.01625 0.0075
0 0.54375 0.4325 0.05125 0.01875
0 0.62 0.4325 0.045 0.01875
0 0.61625 0.40875 0.0475 0.0175
0 0.67375 0.41125 0.04625 0.01125
0 0.53625 0.2925 0.02125 0.04375
0 0.51 0.29 0.01875 0.0525
0 0.4675 0.27 0.04625 0.02625
0 0.50375 0.495 0.04375 0.02
0 0.29375 0.28375 0.045 0.05625
0 0.36125 0.295 0.03 0.03125
0 0.39875 0.29125 0.0125 0.04625
0 0.34875 0.26125 0.05 0.0275
0 0.4525 0.495 0.04125 0.02
0 0.67875 0.435 0.05125 0.015
0 0.39 0.4925 0.0425 0.01875
0 0.555 0.645 0.02125 0.04125
0 0.4875 0.6425 0.02125 0.0425
0 0.36375 0.62875 0.0275 0.04
0 0.62875 0.70375 0.0225 0.03
0 0.66125 0.71 0.03125 0.03
0 0.7575 0.69625 0.0475 0.0275
0 0.71 0.69875 0.0325 0.02125
0 0.71 0.76875 0.05 0.03875
0 0.76125 0.775 0.04 0.035
0 0.6075 0.7875 0.025 0.02875
0 0.52625 0.64625 0.03 0.0425
0 0.63625 0.78625 0.0225 0.025
0 0.6325 0.75875 0.02875 0.02
0 0.66375 0.76 0.02875 0.02625
0 0.59875 0.755 0.02875 0.015
0 0.56875 0.78625 0.02375 0.02625
0 0.565 0.755 0.0275 0.0125
0 0.5225 0.75125 0.0275 0.0175
0 0.5225 0.77875 0.02125 0.02
0 0.54625 0.7775 0.0175 0.0175
0 0.46375 0.77375 0.02125 0.02625
0 0.4925 0.77375 0.02375 0.01875
0 0.6675 0.78875 0.025 0.02375
0 0.4275 0.4675 0.04625 0.015
0 0.58375 0.6425 0.03 0.0425
0 0.6475 0.6325 0.0175 0.03875
0 0.37625 0.47 0.045 0.015
0 0.7475 0.58 0.035 0.0275
0 0.33875 0.49375 0.045 0.01875
0 0.28875 0.4875 0.04125 0.03
0 0.24125 0.48875 0.04125 0.03
0 0.26375 0.5625 0.0325 0.01125
0 0.3425 0.5675 0.025 0.02625
0 0.3725 0.57 0.03125 0.02875
0 0.40375 0.565 0.02125 0.0275
0 0.4325 0.56875 0.0225 0.03125
0 0.61875 0.645 0.03125 0.04625
0 0.465 0.5725 0.02375 0.02375
0 0.52375 0.56875 0.02625 0.025
0 0.5525 0.56625 0.0225 0.0275
0 0.58125 0.57125 0.02625 0.03
0 0.6125 0.57625 0.0225 0.02625
0 0.64125 0.56375 0.0225 0.03
0 0.675 0.56375 0.02625 0.0125
0 0.6825 0.59125 0.0225 0.02625
0 0.68375 0.61875 0.0325 0.01625
0 0.6825 0.645 0.02875 0.0175
0 0.6925 0.675 0.025 0.0175
0 0.4925 0.57 0.025 0.02375
0 0.33625 0.6225 0.01375 0.0275
0 0.34375 0.78375 0.0275 0.0225
0 0.31625 0.82875 0.0175 0.03125
0 0.2325 0.18125 0.02 0.07875
0 0.2575 0.18625 0.02375 0.06625
0 0.2825 0.1875 0.01625 0.065
0 0.30625 0.18375 0.0175 0.07375
0 0.32625 0.1875 0.01875 0.0625
0 0.3525 0.20625 0.01875 0.01875
0 0.375 0.78 0.02375 0.02
0 0.39875 0.185 0.015 0.06875
0 0.44375 0.19 0.01625 0.0675
0 0.48125 0.18125 0.0225 0.07625
0 0.5725 0.215 0.0525 0.01375
0 0.63125 0.175 0.04375 0.08875
0 0.6975 0.16875 0.05875 0.0075
0 0.25 0.86125 0.025 0.03625
0 0.41875 0.18875 0.02 0.06375
0 0.33125 0.75125 0.02125 0.02625
0 0.3475 0.1725 0.01875 0.04
0 0.31 0.75125 0.01625 0.02
0 0.705 0.8325 0.01625 0.05375
0 0.73875 0.8475 0.01875 0.06
0 0.76875 0.85875 0.02375 0.05875
0 0.6225 0.8675 0.02875 0.0375
0 0.3425 0.85125 0.02375 0.04125
0 0.5825 0.83875 0.03375 0.0275
0 0.58 0.86875 0.035 0.01625
0 0.535 0.85125 0.03125 0.05
0 0.66875 0.86375 0.03625 0.04375
0 0.49625 0.85 0.03125 0.0525
0 0.4275 0.855 0.02875 0.05375
0 0.4 0.85 0.01375 0.05
0 0.37375 0.85625 0.01875 0.0425
0 0.35875 0.755 0.02875 0.025
0 0.4625 0.83625 0.03 0.035
0 0.25 0.77375 0.06 0.02875