0 0.5925 0.33125 0.0325 0.0625
0 0.52 0.33375 0.0325 0.06375
0 0.625 0.26625 0.025 0.0625
0 0.59375 0.26125 0.03 0.0675
0 0.55625 0.2625 0.0275 0.06875
0 0.52 0.26125 0.035 0.07375
0 0.55125 0.165 0.035 0.06375
0 0.66 0.2625 0.03125 0.06625
0 0.62625 0.335 0.025 0.06
0 0.66125 0.3325 0.03625 0.06
0 0.475 0.265 0.04 0.07125
0 0.36625 0.07375 0.04125 0.06875
0 0.265 0.14375 0.0375 0.06625
0 0.61125 0.8125 0.04875 0.0525
0 0.66 0.8625 0.045 0.0525
0 0.61 0.8775 0.045 0.05375
0 0.66125 0.79875 0.04125 0.05375
0 0.55625 0.33125 0.03 0.06375
0 0.47875 0.3375 0.03875 0.0625
0 0.265 0.07125 0.03875 0.06875
0 0.43125 0.335 0.04375 0.06125
0 0.59125 0.16875 0.03875 0.05875
0 0.635 0.1675 0.0325 0.06375
0 0.67 0.17375 0.03125 0.055
0 0.66875 0.1075 0.03125 0.0675
0 0.71125 0.16875 0.0375 0.07
0 0.75125 0.16625 0.03625 0.08625
0 0.79 0.1725 0.02875 0.06875
0 0.835 0.175 0.045 0.075
0 0.77125 0.0975 0.04 0.0175
0 0.84 0.1175 0.04125 0.01875
0 0.84 0.0925 0.04375 0.01625
0 0.1625 0.255 0.05 0.0825
0 0.22375 0.2625 0.04875 0.0825
0 0.55 0.09375 0.0375 0.07125
0 0.50875 0.09875 0.0375 0.06125
0 0.51 0.165 0.0375 0.05875
0 0.46375 0.1625 0.04375 0.0575
0 0.46125 0.095 0.0475 0.06625
0 0.4075 0.09625 0.02125 0.06125
0 0.40875 0.1625 0.0225 0.0525
0 0.37125 0.15125 0.04125 0.07
0 0.31875 0.15 0.04375 0.06875
0 0.155 0.11125 0.05125 0.09375
0 0.21625 0.14625 0.04875 0.075
0 0.21375 0.06375 0.045 0.0775
0 0.59375 0.09875 0.0375 0.07
0 0.31625 0.06875 0.05 0.08125
0 0.28125 0.26625 0.05 0.08125
0 0.34125 0.335 0.04625 0.0675
0 0.42625 0.26125 0.05125 0.07375
0 0.66125 0.7325 0.04 0.0675
0 0.355 0.52375 0.06 0.0625
0 0.55375 0.7675 0.0475 0.0675
0 0.7975 0.535 0.0225 0.0625
0 0.85 0.53375 0.02125 0.05
0 0.6975 0.6425 0.03125 0.08375
0 0.49 0.44875 0.05625 0.06625
0 0.49125 0.51625 0.0625 0.05625
0 0.4225 0.5125 0.0625 0.075
0 0.41 0.43875 0.03875 0.06375
0 0.355 0.45125 0.0625 0.06375
0 0.295 0.54875 0.04125 0.0775
0 0.2425 0.545 0.04375 0.09
0 0.18875 0.555 0.0425 0.08875
0 0.14 0.56125 0.03 0.08625
0 0.28875 0.4125 0.0425 0.0675
0 0.24 0.41625 0.03875 0.06875
0 0.1875 0.415 0.0525 0.07125
0 0.14 0.4175 0.02875 0.0725
0 0.65 0.49 0.04 0.06
0 0.77 0.5375 0.02375 0.0675
0 0.73625 0.53375 0.03125 0.07625
0 0.69875 0.54125 0.03125 0.0775
0 0.65375 0.645 0.04375 0.06375
0 0.5525 0.44625 0.05625 0.0625
0 0.5525 0.51125 0.05375 0.05375
0 0.605 0.50375 0.0325 0.05625
0 0.60625 0.4425 0.035 0.0525
0 0.75125 0.26875 0.02625 0.08
0 0.73625 0.4075 0.0125 0.08875
0 0.74625 0.36375 0.0075 0.08875
0 0.16125 0.71625 0.055 0.12375
0 0.64625 0.41875 0.04 0.06875
0 0.22625 0.70625 0.055 0.13125
0 0.34375 0.70625 0.04125 0.0675
0 0.34375 0.62875 0.045 0.07375
0 0.4025 0.61875 0.0575 0.075
0 0.40375 0.69375 0.055 0.06875
0 0.53625 0.6725 0.0675 0.05625
0 0.5325 0.61 0.065 0.05375
0 0.65 0.5725 0.04875 0.06875
0 0.59875 0.65875 0.04875 0.05375
0 0.28875 0.69125 0.05125 0.135
0 0.6125 0.745 0.05125 0.07125
0 0.705 0.45125 0.0375 0.08
0 0.85 0.4425 0.0175 0.045
0 0.78 0.8125 0.01625 0.08
0 0.8025 0.80375 0.02125 0.08125
0 0.8375 0.7975 0.035 0.0875
0 0.155 0.8625 0.04375 0.09625
0 0.21 0.8475 0.0425 0.095
0 0.25875 0.83875 0.04375 0.08875
0 0.30875 0.83125 0.04375 0.09125
0 0.205 0.95625 0.065 0.07125
0 0.76125 0.82 0.0175 0.07375
0 0.28125 0.94375 0.06375 0.095
0 0.36125 0.94125 0.06125 0.06125
0 0.44125 0.925 0.0625 0.06875
0 0.43375 0.85 0.05375 0.07125
0 0.48875 0.75875 0.0575 0.0725
0 0.49375 0.8325 0.05 0.0625
0 0.49625 0.9025 0.04125 0.06375
0 0.55625 0.8875 0.05625 0.05
0 0.555 0.8325 0.055 0.04625
0 0.36875 0.85875 0.06 0.09375
0 0.86875 0.4425 0.01125 0.04375
0 0.74125 0.82 0.01125 0.075
0 0.70875 0.83125 0.0175 0.08
0 0.825 0.4475 0.01875 0.04625
0 0.80375 0.45 0.01625 0.0425
0 0.76875 0.4525 0.045 0.045
0 0.8325 0.355 0.025 0.05375
0 0.835 0.27375 0.02625 0.0625
0 0.8625 0.2725 0.0225 0.06875
0 0.72875 0.63875 0.025 0.07375
0 0.77875 0.63375 0.03375 0.06375
0 0.81375 0.63 0.02375 0.0575
0 0.84 0.62 0.01875 0.07
0 0.86375 0.615 0.0175 0.07125
0 0.8625 0.70125 0.02 0.06875
0 0.70375 0.73625 0.02625 0.07625
0 0.73625 0.7325 0.025 0.075
0 0.76375 0.7325 0.02125 0.0625
0 0.78875 0.7225 0.02125 0.07
0 0.81625 0.7125 0.02125 0.07125
0 0.84 0.7125 0.01375 0.06375
0 0.72625 0.8275 0.01 0.075
0 0.595 0.595 0.04875 0.065