0 0.1475 0.14875 0.0225 0.0925
0 0.175 0.14875 0.025 0.09125
0 0.2 0.14625 0.02 0.09625
0 0.22375 0.14625 0.02125 0.09625
0 0.5475 0.16875 0.0525 0.02875
0 0.4725 0.26875 0.01375 0.0725
0 0.16625 0.41625 0.02125 0.0825
0 0.14125 0.41625 0.02 0.08625
0 0.78625 0.74625 0.115 0.1125
0 0.83 0.14125 0.02125 0.0425
0 0.20625 0.295 0.02 0.07875
0 0.23625 0.26625 0.03625 0.08375
0 0.54875 0.385 0.0475 0.07625
0 0.2725 0.27 0.02875 0.08
0 0.31875 0.27125 0.0225 0.07375
0 0.34625 0.27 0.02625 0.075
0 0.375 0.27 0.025 0.0725
0 0.405 0.26375 0.02625 0.08875
0 0.43375 0.27 0.02375 0.0725
0 0.83375 0.905 0.06875 0.085
0 0.2975 0.27875 0.0125 0.06125
0 0.18875 0.4175 0.01875 0.085
0 0.21125 0.42625 0.02125 0.06375
0 0.235 0.4325 0.02125 0.05375
0 0.48375 0.57875 0.0375 0.06125
0 0.6875 0.26 0.015 0.0925
0 0.62875 0.24125 0.04125 0.05875
0 0.6275 0.28875 0.0425 0.0325
0 0.13875 0.295 0.02625 0.0775
0 0.17125 0.295 0.0375 0.0775
0 0.52625 0.57 0.03625 0.0375
0 0.565 0.5625 0.02875 0.03
0 0.605 0.57375 0.0375 0.04375
0 0.50125 0.3825 0.04125 0.08
0 0.45875 0.385 0.035 0.0775
0 0.41875 0.37375 0.03875 0.05875
0 0.3675 0.37625 0.04 0.06
0 0.31875 0.38 0.04 0.07125
0 0.27375 0.38 0.04125 0.0725
0 0.74875 0.8825 0.06625 0.09875
0 0.685 0.88875 0.05125 0.07
0 0.625 0.88875 0.045 0.05625
0 0.81 0.2375 0.06125 0.08
0 0.59 0.265 0.02875 0.08375
0 0.51125 0.68375 0.0375 0.1075
0 0.55875 0.26125 0.02875 0.10125
0 0.52625 0.265 0.0275 0.085
0 0.49625 0.2675 0.02625 0.08125
0 0.64375 0.58 0.03375 0.05
0 0.6825 0.5925 0.035 0.07375
0 0.72125 0.5775 0.0325 0.04125
0 0.1675 0.48875 0.02875 0.0325
0 0.135 0.67875 0.02 0.0225
0 0.17 0.68375 0.035 0.0225
0 0.21 0.69125 0.0325 0.02375
0 0.26125 0.685 0.03375 0.0175
0 0.46625 0.6875 0.04625 0.12125
0 0.4125 0.69375 0.04875 0.1325
0 0.455 0.27 0.015 0.0725
0 0.4375 0.57 0.0375 0.055
0 0.55375 0.69 0.0425 0.115
0 0.625 0.685 0.02875 0.105
0 0.86 0.235 0.03125 0.0825
0 0.81375 0.59875 0.10875 0.10875
0 0.85 0.39875 0.05 0.08
0 0.79625 0.38875 0.05 0.06625
0 0.57375 0.86 0.0425 0.095
0 0.52625 0.875 0.0425 0.0575
0 0.47625 0.88 0.0425 0.03625
0 0.425 0.8625 0.04 0.04875
0 0.37125 0.81875 0.05125 0.1125
0 0.32125 0.81375 0.03625 0.10875
0 0.24375 0.84 0.04125 0.0525
0 0.1975 0.83375 0.04125 0.04625
0 0.15625 0.83 0.03625 0.03125
0 0.70125 0.69125 0.035 0.0775
0 0.66375 0.685 0.02875 0.07875
0 0.5925 0.69 0.02875 0.10625
0 0.3575 0.685 0.0425 0.12375
0 0.40125 0.56625 0.03 0.0475
0 0.32125 0.5675 0.02125 0.05875
0 0.32 0.47875 0.035 0.0675
0 0.35375 0.5625 0.0375 0.04875
0 0.66625 0.25875 0.02625 0.0925
0 0.76125 0.25375 0.025 0.1
0 0.735 0.255 0.02125 0.10125
0 0.71125 0.255 0.0225 0.10375
0 0.77625 0.12625 0.03125 0.095
0 0.7425 0.1275 0.03 0.09375
0 0.7075 0.13 0.03 0.09625
0 0.675 0.13125 0.02875 0.095
0 0.64125 0.1375 0.02875 0.085
0 0.61125 0.135 0.025 0.095
0 0.58875 0.16 0.015 0.04125
0 0.36375 0.48 0.03625 0.0675
0 0.55375 0.14125 0.05125 0.02
0 0.55375 0.11875 0.04625 0.01875
0 0.4975 0.16 0.0225 0.0525
0 0.4125 0.14625 0.03 0.085
0 0.37875 0.14875 0.02375 0.08625
0 0.345 0.15 0.0275 0.085
0 0.315 0.14625 0.025 0.09375
0 0.2825 0.145 0.0325 0.0975
0 0.25125 0.145 0.025 0.0975
0 0.41125 0.4775 0.0375 0.06875
0 0.45 0.48125 0.03375 0.065
0 0.49625 0.48 0.04125 0.0625
0 0.54375 0.48125 0.03875 0.0625
0 0.28875 0.47375 0.02375 0.0525
0 0.59375 0.485 0.03875 0.06875
0 0.30875 0.67375 0.04625 0.115
0 0.5925 0.3825 0.035 0.07375
0 0.17625 0.5525 0.03375 0.07375
0 0.14 0.55125 0.03 0.06875
0 0.63625 0.38875 0.04875 0.0825
0 0.68375 0.38375 0.0375 0.075
0 0.73 0.38625 0.04875 0.08625
0 0.21 0.55 0.02125 0.08375
0 0.72875 0.4825 0.04 0.06375
0 0.2975 0.56375 0.01625 0.05375
0 0.63875 0.48125 0.03125 0.0625
0 0.2475 0.565 0.04375 0.06375
0 0.68 0.4825 0.04625 0.05875