0 0.36625 0.73875 0.015 0.05125
0 0.53 0.64 0.02 0.03875
0 0.5075 0.6425 0.0175 0.04125
0 0.485 0.63875 0.02 0.05
0 0.46125 0.65 0.015 0.0325
0 0.43875 0.65125 0.0225 0.03625
0 0.41375 0.65 0.0225 0.035
0 0.39125 0.655 0.02 0.03625
0 0.36875 0.65625 0.02125 0.03875
0 0.34 0.65875 0.03 0.03125
0 0.25125 0.64125 0.01375 0.03125
0 0.23125 0.6375 0.0225 0.0475
0 0.25625 0.7425 0.05 0.05375
0 0.29 0.7575 0.01125 0.03375
0 0.3025 0.76 0.01375 0.025
0 0.3175 0.7425 0.01375 0.0425
0 0.3325 0.74375 0.01375 0.04625
0 0.34875 0.74 0.015 0.05375
0 0.38125 0.73875 0.0125 0.0525
0 0.395 0.7375 0.01125 0.04875
0 0.55 0.71875 0.05 0.04125
0 0.43625 0.81625 0.02125 0.03875
0 0.50875 0.72 0.015 0.035
0 0.48375 0.71125 0.015 0.04875
0 0.41 0.8125 0.02625 0.06125
0 0.3825 0.83125 0.025 0.04375
0 0.32125 0.8375 0.0175 0.05125
0 0.3025 0.8325 0.0175 0.055
0 0.25875 0.8425 0.025 0.07125
0 0.23375 0.8475 0.02375 0.07125
0 0.46625 0.7175 0.01375 0.05875
0 0.42875 0.72875 0.05 0.0175
0 0.43 0.745 0.0475 0.0125
0 0.61375 0.7025 0.02125 0.04125
0 0.645 0.695 0.025 0.055
0 0.67125 0.69375 0.025 0.05375
0 0.70375 0.68625 0.02125 0.03625
0 0.72625 0.6875 0.02375 0.0375
0 0.75375 0.69125 0.03 0.02625
0 0.75375 0.66875 0.03125 0.0175
0 0.7475 0.775 0.02 0.02125
0 0.72 0.77125 0.02625 0.02625
0 0.67 0.77125 0.0525 0.03625
0 0.55375 0.63625 0.02125 0.04
0 0.61625 0.7825 0.05625 0.03625
0 0.55375 0.80625 0.0475 0.0325
0 0.51625 0.79875 0.025 0.05875
0 0.49125 0.8025 0.02625 0.05375
0 0.465 0.82125 0.025 0.035
0 0.58625 0.70875 0.02125 0.045
0 0.575 0.635 0.0175 0.03375
0 0.35125 0.84625 0.0375 0.0275
0 0.62625 0.62625 0.02875 0.04625
0 0.38375 0.44125 0.045 0.05875
0 0.42625 0.4425 0.03875 0.05625
0 0.47625 0.43625 0.045 0.0575
0 0.515 0.445 0.025 0.0375
0 0.545 0.44 0.02 0.04375
0 0.5725 0.43375 0.025 0.05375
0 0.605 0.43 0.0325 0.06125
0 0.63375 0.4275 0.015 0.05625
0 0.66 0.42625 0.0275 0.04875
0 0.68625 0.42625 0.015 0.05
0 0.70875 0.40875 0.025 0.02
0 0.70625 0.45 0.025 0.0175
0 0.70625 0.46875 0.0175 0.0175
0 0.71 0.48875 0.03125 0.0175
0 0.7025 0.50875 0.02625 0.01
0 0.7325 0.39625 0.0175 0.015
0 0.765 0.3925 0.03125 0.01625
0 0.74 0.34625 0.0525 0.02625
0 0.775 0.3425 0.01125 0.0225
0 0.33625 0.4425 0.04875 0.06125
0 0.26625 0.46875 0.02625 0.02625
0 0.2675 0.49125 0.02375 0.0175
0 0.23 0.48125 0.02 0.03
0 0.425 0.3525 0.01375 0.05125
0 0.40375 0.35375 0.02 0.0525
0 0.385 0.3525 0.01625 0.05125
0 0.36625 0.35125 0.01625 0.06125
0 0.34375 0.35375 0.01625 0.05625
0 0.32375 0.35375 0.0175 0.05625
0 0.30375 0.35125 0.01625 0.05375
0 0.28375 0.3575 0.0225 0.05
0 0.265 0.35875 0.01375 0.0525
0 0.735 0.435 0.015 0.02125
0 0.2375 0.39875 0.01625 0.04875
0 0.59625 0.63125 0.02125 0.0325
0 0.50125 0.35375 0.04375 0.05625
0 0.44125 0.35375 0.01375 0.0525
0 0.55125 0.35 0.0175 0.05375
0 0.57125 0.3475 0.0175 0.0575
0 0.5875 0.355 0.0125 0.045
0 0.61 0.35375 0.02125 0.04125
0 0.64875 0.34 0.035 0.07
0 0.6825 0.3475 0.02875 0.05125
0 0.225 0.395 0.01 0.05
0 0.75875 0.43 0.02125 0.01375
0 0.5325 0.3475 0.015 0.06
0 0.7625 0.45625 0.02 0.02
0 0.2825 0.60875 0.0225 0.0075
0 0.2875 0.63 0.02375 0.01625
0 0.29375 0.65125 0.02375 0.0125
0 0.3 0.66875 0.01875 0.0125
0 0.31875 0.59625 0.02625 0.0475
0 0.3475 0.58875 0.02875 0.0475
0 0.38875 0.595 0.02625 0.01875
0 0.43875 0.595 0.02125 0.00875
0 0.46375 0.5875 0.02 0.015
0 0.4925 0.57375 0.01875 0.03875
0 0.515 0.57375 0.02375 0.03875
0 0.54625 0.5725 0.0325 0.04
0 0.5775 0.5725 0.03125 0.04
0 0.61125 0.575 0.02 0.0225
0 0.73875 0.46 0.0225 0.0225
0 0.635 0.56625 0.02375 0.0375
0 0.65625 0.565 0.01875 0.04
0 0.68375 0.56375 0.03125 0.04125
0 0.7325 0.5225 0.02375 0.02125
0 0.76375 0.50625 0.02875 0.01875
0 0.725 0.58 0.02625 0.03375
0 0.76375 0.575 0.02375 0.02125
0 0.71625 0.62875 0.015 0.05125
0 0.7375 0.625 0.01875 0.0425
0 0.755 0.6225 0.0125 0.03
0 0.68 0.62125 0.015 0.03125
0 0.6525 0.62625 0.02 0.03875
0 0.28125 0.58625 0.0175 0.0125
0 0.24625 0.56625 0.0175 0.05125
0 0.46 0.35625 0.0175 0.05
0 0.26875 0.5375 0.0125 0.01625
0 0.22875 0.56625 0.01625 0.05125
0 0.51375 0.5225 0.01875 0.0175
0 0.56625 0.505 0.03375 0.03875
0 0.60125 0.5 0.03625 0.04375
0 0.635 0.50375 0.03125 0.03875
0 0.66125 0.49375 0.0175 0.03875
0 0.5325 0.50875 0.0175 0.0275
0 0.4525 0.51625 0.02875 0.0375
0 0.42375 0.51875 0.02875 0.03875
0 0.39 0.525 0.0375 0.03625
0 0.35125 0.525 0.03 0.035
0 0.31625 0.52375 0.03625 0.03125
0 0.28875 0.52375 0.01625 0.03875
0 0.48625 0.51625 0.01875 0.01375