0 0.38 0.52625 0.03375 0.0475
0 0.24125 0.7075 0.0175 0.06125
0 0.26125 0.71 0.0175 0.06125
0 0.28125 0.7075 0.01875 0.06875
0 0.30125 0.7075 0.0175 0.05375
0 0.32875 0.705 0.0125 0.05
0 0.34375 0.71375 0.015 0.04875
0 0.37 0.70625 0.01875 0.06125
0 0.50875 0.44375 0.02 0.02125
0 0.53125 0.4425 0.02125 0.0225
0 0.555 0.44125 0.02125 0.02
0 0.55375 0.4625 0.02 0.02
0 0.52875 0.46625 0.01875 0.0175
0 0.225 0.71125 0.01 0.065
0 0.5075 0.46375 0.02125 0.0175
0 0.585 0.46625 0.0225 0.01875
0 0.6025 0.45125 0.0275 0.0125
0 0.6325 0.45 0.01375 0.035
0 0.64625 0.45125 0.01125 0.035
0 0.6775 0.4425 0.02375 0.06625
0 0.75625 0.42375 0.02375 0.05375
0 0.7225 0.355 0.0175 0.0575
0 0.725 0.46875 0.02625 0.065
0 0.71125 0.545 0.01125 0.07
0 0.465 0.51875 0.02375 0.01875
0 0.66875 0.61625 0.03625 0.04125
0 0.6325 0.63375 0.0275 0.0225
0 0.3375 0.53125 0.0325 0.0375
0 0.42625 0.5225 0.0325 0.04875
0 0.47625 0.54875 0.0325 0.02375
0 0.53375 0.52 0.02625 0.02375
0 0.57 0.5175 0.0225 0.03625
0 0.2975 0.5325 0.04 0.0425
0 0.43875 0.635 0.03375 0.00875
0 0.44 0.62375 0.0325 0.0075
0 0.435 0.605 0.03 0.02
0 0.57 0.5475 0.0375 0.02
0 0.345 0.61625 0.02625 0.04125
0 0.24625 0.52875 0.04 0.04375
0 0.31625 0.6175 0.02625 0.04625
0 0.285 0.62125 0.02875 0.0425
0 0.2525 0.6175 0.025 0.0425
0 0.2275 0.61625 0.01625 0.04625
0 0.61 0.53875 0.035 0.02375
0 0.50125 0.51 0.03 0.01625
0 0.47125 0.61875 0.03 0.0425
0 0.50125 0.59 0.02375 0.01125
0 0.50875 0.62375 0.03375 0.01875
0 0.57875 0.595 0.03875 0.03
0 0.57875 0.62375 0.0625 0.01625
0 0.5725 0.63875 0.05375 0.00625
0 0.61875 0.59875 0.025 0.02875
0 0.65125 0.53 0.03375 0.0375
0 0.35875 0.44875 0.045 0.0475
0 0.44375 0.44875 0.04 0.04625
0 0.47375 0.85125 0.04125 0.03
0 0.43625 0.845 0.01625 0.04125
0 0.42 0.85 0.01 0.03125
0 0.40625 0.85 0.0125 0.03125
0 0.3625 0.82375 0.06875 0.05875
0 0.28 0.8125 0.06625 0.075
0 0.65125 0.6975 0.04 0.05625
0 0.6075 0.70625 0.03125 0.045
0 0.515 0.8375 0.01625 0.045
0 0.57375 0.70375 0.02875 0.0475
0 0.5075 0.7 0.025 0.06125
0 0.48375 0.45875 0.0225 0.03
0 0.47375 0.69625 0.03125 0.06625
0 0.44125 0.6975 0.025 0.0675
0 0.41125 0.7 0.02625 0.06875
0 0.3875 0.6925 0.01625 0.0475
0 0.76625 0.59 0.02375 0.0275
0 0.24625 0.11625 0.05125 0.07375
0 0.5375 0.71375 0.0275 0.03
0 0.3075 0.11125 0.065 0.08
0 0.59875 0.82375 0.03125 0.0725
0 0.64125 0.8425 0.04 0.02875
0 0.73875 0.6225 0.0225 0.025
0 0.73875 0.595 0.02375 0.02125
0 0.7175 0.625 0.01 0.0225
0 0.7175 0.5975 0.01625 0.02
0 0.70125 0.62 0.01375 0.0725
0 0.76875 0.6825 0.02375 0.03375
0 0.74 0.68 0.0275 0.03125
0 0.705 0.67875 0.0225 0.03875
0 0.64125 0.80375 0.04125 0.03
0 0.75875 0.74875 0.0175 0.0225
0 0.7025 0.75875 0.02625 0.0225
0 0.73125 0.7325 0.02625 0.02
0 0.7 0.73375 0.03 0.02625
0 0.755 0.84875 0.0275 0.025
0 0.72375 0.84875 0.02375 0.0225
0 0.69625 0.85 0.025 0.025
0 0.70125 0.81375 0.0275 0.02
0 0.635 0.7725 0.03125 0.0275
0 0.73125 0.76 0.03 0.02375
0 0.37875 0.11875 0.055 0.075
0 0.77125 0.62625 0.0175 0.02125
0 0.50125 0.10875 0.0575 0.09875
0 0.6775 0.25 0.02625 0.0825
0 0.57 0.25125 0.02125 0.075
0 0.545 0.25125 0.02125 0.07625
0 0.51875 0.25625 0.01875 0.0625
0 0.49875 0.25625 0.02 0.06875
0 0.47375 0.25375 0.0225 0.06625
0 0.76875 0.14375 0.02125 0.05
0 0.39375 0.27625 0.06875 0.0225
0 0.39375 0.25125 0.0675 0.02625
0 0.33125 0.225 0.04125 0.03375
0 0.33 0.26375 0.05125 0.0425
0 0.24875 0.275 0.055 0.02
0 0.24875 0.25375 0.05375 0.02
0 0.43875 0.11375 0.06125 0.08625
0 0.68875 0.12375 0.05125 0.07375
0 0.7425 0.08125 0.04375 0.06
0 0.73375 0.13875 0.03625 0.055
0 0.70625 0.25125 0.02625 0.07875
0 0.23375 0.34625 0.02625 0.08125
0 0.4475 0.25375 0.025 0.0675
0 0.34125 0.36375 0.04125 0.03875
0 0.56375 0.11125 0.06375 0.09375
0 0.4025 0.44875 0.03375 0.035
0 0.30125 0.4475 0.05125 0.055
0 0.23875 0.44875 0.035 0.04875
0 0.75375 0.3475 0.0425 0.02625
0 0.2775 0.34375 0.05 0.0825
0 0.70375 0.355 0.02125 0.0625
0 0.67875 0.355 0.02 0.0625
0 0.6475 0.37625 0.02 0.0125
0 0.6275 0.11375 0.06125 0.09875
0 0.63375 0.355 0.02625 0.01875
0 0.60125 0.35125 0.02 0.07
0 0.57375 0.35 0.02625 0.0625
0 0.38875 0.35125 0.055 0.06125
0 0.445 0.35375 0.04375 0.0575
0 0.4825 0.35625 0.02 0.06125
0 0.54375 0.3475 0.01875 0.07125
0 0.525 0.34875 0.01625 0.06875
0 0.50625 0.35625 0.01875 0.05875
0 0.625 0.37625 0.01875 0.015