0 0.71625 0.35 0.02375 0.025
0 0.4975 0.56625 0.05125 0.03125
0 0.45 0.5625 0.04375 0.04
0 0.32625 0.5675 0.06125 0.03625
0 0.2825 0.52375 0.0475 0.03
0 0.26625 0.57125 0.03625 0.03375
0 0.76375 0.45125 0.02625 0.0725
0 0.64875 0.45 0.0275 0.08125
0 0.69 0.46 0.02375 0.05625
0 0.4975 0.53 0.0525 0.0275
0 0.61625 0.44875 0.02875 0.08375
0 0.58875 0.455 0.025 0.07875
0 0.56125 0.46625 0.0225 0.0475
0 0.54 0.47125 0.015 0.055
0 0.57625 0.2425 0.0175 0.03125
0 0.71875 0.455 0.03125 0.0725
0 0.55375 0.53 0.05125 0.03
0 0.54625 0.27375 0.0225 0.025
0 0.61375 0.55 0.05125 0.06875
0 0.40625 0.24375 0.02625 0.0175
0 0.4025 0.27625 0.0275 0.025
0 0.4425 0.26125 0.01375 0.0625
0 0.46125 0.25625 0.01625 0.06625
0 0.48375 0.22375 0.02625 0.02625
0 0.48625 0.2525 0.025 0.02
0 0.485 0.275 0.02625 0.02125
0 0.2525 0.26375 0.0275 0.045
0 0.3175 0.2625 0.01875 0.0625
0 0.3375 0.26 0.01875 0.0625
0 0.36375 0.2475 0.025 0.03
0 0.365 0.275 0.0225 0.02375
0 0.5125 0.24375 0.02625 0.02875
0 0.51625 0.27375 0.03 0.0225
0 0.575 0.27 0.02 0.02125
0 0.55875 0.57 0.055 0.02625
0 0.60125 0.255 0.015 0.06
0 0.61875 0.25125 0.01875 0.06875
0 0.6425 0.2475 0.02375 0.06375
0 0.615 0.365 0.0225 0.05
0 0.63875 0.35625 0.0225 0.065
0 0.66 0.36375 0.01375 0.06875
0 0.685 0.38 0.025 0.02625
0 0.495 0.4625 0.015 0.06
0 0.47125 0.4575 0.02 0.06125
0 0.4475 0.4625 0.0225 0.06125
0 0.425 0.45625 0.01625 0.05375
0 0.405 0.46 0.0175 0.05125
0 0.3725 0.4675 0.01875 0.0525
0 0.35125 0.46625 0.02125 0.06
0 0.325 0.4675 0.0225 0.0575
0 0.2975 0.4675 0.02375 0.05375
0 0.25625 0.44375 0.02375 0.03625
0 0.25875 0.47875 0.02125 0.02375
0 0.235 0.46625 0.01375 0.05875
0 0.71375 0.37875 0.025 0.02625
0 0.5875 0.365 0.01875 0.0575
0 0.685 0.3475 0.03 0.03
0 0.5675 0.365 0.01625 0.05375
0 0.52625 0.365 0.01625 0.0575
0 0.66875 0.27 0.02875 0.02875
0 0.69875 0.2725 0.02625 0.02375
0 0.69625 0.2375 0.03 0.03125
0 0.7375 0.2375 0.03375 0.1075
0 0.77 0.2425 0.0225 0.08625
0 0.24625 0.3525 0.025 0.07375
0 0.27875 0.35125 0.025 0.075
0 0.3125 0.36875 0.0175 0.0525
0 0.51625 0.46125 0.0225 0.06125
0 0.33375 0.36375 0.01875 0.0625
0 0.3625 0.38 0.02625 0.02
0 0.3875 0.36375 0.01625 0.05
0 0.415 0.38 0.02625 0.03125
0 0.44125 0.36625 0.015 0.055
0 0.46375 0.3675 0.015 0.055
0 0.48125 0.3675 0.01875 0.055
0 0.50375 0.3675 0.02125 0.05625
0 0.5475 0.36375 0.02125 0.0575
0 0.36125 0.35 0.0275 0.03375
0 0.7225 0.86875 0.05 0.02375
0 0.7 0.65625 0.015 0.05375
0 0.6025 0.75625 0.01875 0.05125
0 0.58 0.7525 0.015 0.055
0 0.56 0.755 0.01875 0.06
0 0.53 0.7375 0.02625 0.07375
0 0.50375 0.74125 0.01625 0.07375
0 0.48375 0.74125 0.01875 0.075
0 0.45125 0.74875 0.02625 0.06125
0 0.42125 0.7475 0.02375 0.06
0 0.38625 0.77125 0.0375 0.03
0 0.3825 0.73 0.03375 0.04125
0 0.335 0.73375 0.03375 0.04375
0 0.3375 0.77125 0.0325 0.02
0 0.2975 0.77 0.025 0.0275
0 0.2975 0.73625 0.0175 0.0325
0 0.275 0.745 0.01625 0.06
0 0.2475 0.745 0.01875 0.06375
0 0.7525 0.6725 0.02875 0.0225
0 0.75125 0.65125 0.03125 0.01625
0 0.7475 0.63 0.025 0.02125
0 0.62375 0.7525 0.0175 0.04625
0 0.64375 0.75 0.015 0.05875
0 0.65875 0.74625 0.0125 0.05625
0 0.675 0.74875 0.0175 0.0625
0 0.67375 0.865 0.03625 0.035
0 0.66625 0.82375 0.0375 0.04
0 0.6125 0.81 0.04625 0.025
0 0.625 0.86625 0.0525 0.04625
0 0.56625 0.87125 0.0475 0.0325
0 0.56375 0.8325 0.0425 0.03375
0 0.515 0.88125 0.04 0.02625
0 0.51625 0.8525 0.04375 0.025
0 0.51375 0.82125 0.0475 0.03125
0 0.725 0.6625 0.0125 0.04375
0 0.4575 0.81375 0.0375 0.02125
0 0.45875 0.87875 0.0575 0.03875
0 0.4125 0.88 0.02625 0.0375
0 0.41625 0.83875 0.0275 0.04125
0 0.36625 0.8525 0.02875 0.085
0 0.33375 0.855 0.0325 0.09
0 0.27 0.855 0.07875 0.08375
0 0.7525 0.7475 0.03125 0.065
0 0.7225 0.74875 0.02375 0.06625
0 0.69875 0.745 0.02375 0.05875
0 0.46 0.845 0.0525 0.0275
0 0.7125 0.65875 0.01125 0.0575
0 0.39375 0.5675 0.04875 0.04
0 0.67875 0.655 0.0175 0.055
0 0.72125 0.82875 0.05 0.04125
0 0.66375 0.55875 0.04125 0.03875
0 0.6775 0.52875 0.04375 0.01625
0 0.72 0.5625 0.0425 0.04125
0 0.75375 0.53 0.04625 0.0175
0 0.2425 0.675 0.02375 0.03625
0 0.27 0.67625 0.02375 0.03125
0 0.26875 0.64625 0.02125 0.0275
0 0.29625 0.645 0.03 0.02375
0 0.30125 0.675 0.02375 0.02625
0 0.3325 0.65375 0.01875 0.05875
0 0.36 0.64625 0.02125 0.0725
0 0.40125 0.65625 0.01875 0.05625
0 0.76375 0.56375 0.03375 0.04
0 0.44125 0.645 0.01375 0.07625
0 0.42375 0.6475 0.01625 0.08125
0 0.65125 0.64875 0.02875 0.02125
0 0.65375 0.6725 0.025 0.02625
0 0.59125 0.675 0.02125 0.02125
0 0.5925 0.655 0.01875 0.01875
0 0.62125 0.6725 0.025 0.03125
0 0.56375 0.63625 0.0225 0.06
0 0.5425 0.635 0.01875 0.06
0 0.51875 0.645 0.0225 0.07875
0 0.49625 0.65 0.01625 0.06875
0 0.4625 0.65 0.02625 0.0775
0 0.5925 0.625 0.02625 0.025