0 0.62625 0.61 0.0225 0.01875
0 0.65 0.58625 0.02125 0.0625
0 0.675 0.5875 0.02375 0.02125
0 0.70125 0.59 0.025 0.0225
0 0.67625 0.61125 0.025 0.0225
0 0.7 0.6125 0.01875 0.0175
0 0.5925 0.605 0.04125 0.02875
0 0.72375 0.58875 0.0175 0.06375
0 0.76875 0.56625 0.02375 0.03875
0 0.77 0.605 0.02125 0.035
0 0.28125 0.58375 0.045 0.02375
0 0.285 0.60875 0.0525 0.02
0 0.2875 0.63125 0.05 0.01625
0 0.29375 0.6525 0.05 0.0175
0 0.74375 0.59 0.02125 0.06375
0 0.59125 0.56875 0.03875 0.03875
0 0.54625 0.59625 0.04125 0.0525
0 0.5 0.59625 0.04625 0.05
0 0.49375 0.50125 0.02625 0.05875
0 0.52625 0.4975 0.02375 0.06375
0 0.5525 0.495 0.025 0.06625
0 0.57625 0.4975 0.01625 0.0625
0 0.6 0.5075 0.0175 0.0475
0 0.65375 0.50125 0.025 0.05875
0 0.68125 0.49625 0.0225 0.0675
0 0.7075 0.50125 0.025 0.05375
0 0.74125 0.505 0.03 0.05625
0 0.2875 0.55125 0.0525 0.03375
0 0.32375 0.5875 0.0175 0.0625
0 0.34625 0.58875 0.02125 0.06
0 0.3775 0.5975 0.015 0.0475
0 0.42 0.59625 0.05125 0.04125
0 0.46125 0.59125 0.02625 0.0575
0 0.29875 0.67125 0.04875 0.0125
0 0.25375 0.69875 0.0425 0.04875
0 0.34375 0.675 0.03625 0.05125
0 0.39125 0.65125 0.0275 0.02625
0 0.3275 0.75375 0.04125 0.025
0 0.295 0.77625 0.0375 0.015
0 0.2925 0.795 0.03375 0.015
0 0.3325 0.7925 0.04 0.0125
0 0.33375 0.8075 0.04125 0.0125
0 0.54125 0.7975 0.0475 0.03375
0 0.59375 0.7375 0.04 0.0225
0 0.5975 0.76375 0.04375 0.02125
0 0.5975 0.7975 0.045 0.04
0 0.65 0.7675 0.05125 0.0325
0 0.6475 0.8025 0.04875 0.03375
0 0.7 0.76875 0.0425 0.0325
0 0.695 0.80375 0.04125 0.0325
0 0.7475 0.7675 0.045 0.0375
0 0.7425 0.80625 0.04625 0.0375
0 0.28625 0.755 0.035 0.02125
0 0.44 0.5 0.025 0.0575
0 0.25625 0.79125 0.03 0.0275
0 0.24625 0.76375 0.0325 0.02125
0 0.42875 0.64875 0.04 0.02625
0 0.3875 0.68625 0.04125 0.04
0 0.42875 0.6875 0.03875 0.0425
0 0.48 0.67625 0.03625 0.04875
0 0.525 0.65625 0.04625 0.02375
0 0.52375 0.69 0.045 0.03375
0 0.57375 0.6525 0.0425 0.03375
0 0.6175 0.6525 0.03875 0.0325
0 0.57375 0.6875 0.04 0.03
0 0.6175 0.68875 0.04125 0.03625
0 0.6725 0.66125 0.0475 0.03375
0 0.72625 0.66375 0.05125 0.035
0 0.66625 0.695 0.045 0.0275
0 0.71625 0.695 0.04625 0.025
0 0.77 0.67625 0.0225 0.0575
0 0.22875 0.79375 0.02 0.02625
0 0.41375 0.50375 0.0225 0.05125
0 0.335 0.775 0.0375 0.0175
0 0.38875 0.49375 0.02375 0.06875
0 0.4075 0.2275 0.025 0.02375
0 0.4475 0.21125 0.0275 0.05625
0 0.505 0.20875 0.025 0.0575
0 0.53375 0.2125 0.0275 0.0525
0 0.565 0.1925 0.02875 0.0325
0 0.56375 0.22125 0.025 0.02
0 0.40625 0.19625 0.02375 0.035
0 0.6075 0.1825 0.05125 0.04
0 0.64875 0.2025 0.025 0.0475
0 0.68375 0.20125 0.025 0.0475
0 0.70875 0.21125 0.01375 0.03875
0 0.725 0.20875 0.015 0.04
0 0.75375 0.21125 0.0375 0.035
0 0.2375 0.30875 0.03375 0.07125
0 0.60625 0.21875 0.0475 0.025
0 0.38625 0.21125 0.0125 0.04375
0 0.36625 0.2125 0.02 0.04375
0 0.3375 0.20875 0.025 0.05125
0 0.37 0.49375 0.0125 0.05875
0 0.24375 0.06875 0.035 0.06375
0 0.2825 0.08125 0.01375 0.05625
0 0.3075 0.07 0.03 0.0775
0 0.3525 0.09 0.02375 0.03375
0 0.3975 0.0875 0.02125 0.03875
0 0.4225 0.08 0.02375 0.05375
0 0.45625 0.07625 0.02 0.06125
0 0.44 0.08125 0.00875 0.0525
0 0.5075 0.08375 0.04375 0.0475
0 0.59125 0.05625 0.0975 0.0825
0 0.69375 0.06125 0.07125 0.075
0 0.75 0.07375 0.03125 0.05875
0 0.28625 0.21 0.02 0.04625
0 0.31 0.2075 0.025 0.0525
0 0.28 0.30875 0.03375 0.06
0 0.31625 0.31125 0.0325 0.05875
0 0.47625 0.0775 0.01375 0.05875
0 0.4125 0.31125 0.02375 0.05875
0 0.58125 0.41375 0.02125 0.0525
0 0.6075 0.40875 0.0275 0.05625
0 0.63375 0.40375 0.02375 0.06625
0 0.66125 0.36375 0.02125 0.015
0 0.66125 0.38 0.02 0.01375
0 0.66 0.4125 0.02 0.05
0 0.6875 0.4075 0.02375 0.05625
0 0.72 0.4075 0.02625 0.05625
0 0.75375 0.3825 0.0225 0.02875
0 0.26125 0.47125 0.03875 0.01875
0 0.2675 0.505 0.045 0.0425
0 0.23 0.5 0.0225 0.035
0 0.31 0.5025 0.025 0.05875
0 0.37375 0.32125 0.0475 0.0425
0 0.33875 0.5025 0.02 0.0575
0 0.56125 0.41375 0.01875 0.04875
0 0.4825 0.4075 0.0275 0.05625
0 0.75125 0.4175 0.02875 0.03625
0 0.4175 0.41625 0.04125 0.04375
0 0.4525 0.40125 0.02625 0.07375
0 0.485 0.315 0.01 0.05125
0 0.50375 0.315 0.02 0.05
0 0.55625 0.3125 0.01875 0.05375
0 0.46 0.31125 0.01375 0.05375
0 0.5825 0.30875 0.025 0.0575
0 0.665 0.3075 0.0225 0.06375
0 0.5325 0.30875 0.025 0.06375
0 0.47375 0.3125 0.00875 0.05125
0 0.72875 0.3075 0.03 0.06
0 0.7675 0.30875 0.01625 0.0425
0 0.2575 0.41125 0.045 0.09625
0 0.29375 0.38375 0.0225 0.0275
0 0.295 0.42125 0.02125 0.0375
0 0.68875 0.31125 0.0225 0.05625
0 0.35 0.4025 0.0825 0.0725