0 0.30625 0.85625 0.07 0.1
0 0.235 0.85625 0.07125 0.1025
0 0.1575 0.8725 0.06375 0.09
0 0.845 0.7475 0.0375 0.09
0 0.8075 0.75 0.03375 0.09375
0 0.375 0.855 0.06375 0.095
0 0.44125 0.85375 0.065 0.09625
0 0.515 0.825 0.07 0.03375
0 0.51625 0.8575 0.0625 0.03125
0 0.51625 0.895 0.06375 0.04125
0 0.58625 0.8925 0.0625 0.03125
0 0.585 0.86 0.06625 0.0325
0 0.6625 0.85625 0.08125 0.10375
0 0.66375 0.725 0.05375 0.06
0 0.73 0.7475 0.075 0.06
0 0.6025 0.7625 0.065 0.03625
0 0.6025 0.72125 0.065 0.0475
0 0.5 0.715 0.055 0.0475
0 0.5 0.76 0.05625 0.0425
0 0.435 0.7325 0.06625 0.115
0 0.74 0.855 0.07125 0.1075
0 0.3675 0.7325 0.06875 0.1125
0 0.58625 0.82375 0.07 0.03625
0 0.46375 0.97125 0.0875 0.05625
0 0.1675 0.78875 0.04125 0.04375
0 0.68875 0.62125 0.05625 0.04625
0 0.36875 0.38875 0.0325 0.0375
0 0.335 0.39 0.035 0.03625
0 0.295 0.7325 0.06875 0.1125
0 0.2275 0.73375 0.06625 0.1125
0 0.1675 0.74375 0.0475 0.04625
0 0.17 0.65875 0.04 0.07125
0 0.85 0.62125 0.04375 0.09125
0 0.8125 0.62 0.03 0.09375
0 0.37125 0.3525 0.0325 0.035
0 0.335 0.35 0.04 0.0425
0 0.28625 0.305 0.0575 0.02125
0 0.285 0.365 0.0625 0.0925
0 0.215 0.3525 0.075 0.115
0 0.15375 0.34625 0.04375 0.075
0 0.8425 0.21625 0.02875 0.13
0 0.74125 0.1725 0.17 0.21875
0 0.6225 0.215 0.06125 0.1325
0 0.57375 0.22625 0.035 0.11
0 0.5325 0.23125 0.04375 0.095
0 0.49125 0.23625 0.03875 0.085
0 0.44375 0.22375 0.05 0.1025
0 0.37625 0.18625 0.06875 0.06
0 0.3775 0.2475 0.07375 0.05625
0 0.29125 0.17125 0.08 0.04875
0 0.3 0.2375 0.08 0.075
0 0.22125 0.2375 0.075 0.0775
0 0.2125 0.17125 0.07625 0.0525
0 0.41 0.38125 0.03875 0.0575
0 0.44625 0.38125 0.0325 0.0575
0 0.4075 0.3275 0.03375 0.04375
0 0.4425 0.3275 0.03375 0.045
0 0.6275 0.6 0.05625 0.0925
0 0.5725 0.6 0.05375 0.09375
0 0.5175 0.60125 0.05625 0.09625
0 0.4575 0.6025 0.05875 0.09375
0 0.39875 0.6025 0.05875 0.0925
0 0.34125 0.60375 0.05625 0.09
0 0.28125 0.6075 0.0575 0.08875
0 0.22625 0.61 0.05125 0.08625
0 0.8525 0.505 0.03 0.0725
0 0.81875 0.50375 0.0325 0.07625
0 0.75625 0.48375 0.09125 0.09375
0 0.66875 0.48375 0.07625 0.08625
0 0.58375 0.47625 0.085 0.0975
0 0.76 0.6075 0.0725 0.06875
0 0.50125 0.48 0.07875 0.09625
0 0.32625 0.4875 0.0725 0.08125
0 0.2475 0.48125 0.08125 0.0775
0 0.15375 0.5775 0.05375 0.06625
0 0.17125 0.5075 0.05875 0.06125
0 0.1525 0.4125 0.05125 0.05375
0 0.855 0.38 0.03875 0.06875
0 0.8175 0.37875 0.03625 0.0675
0 0.76375 0.37125 0.0725 0.08125
0 0.69125 0.37125 0.07125 0.08125
0 0.615 0.3725 0.0775 0.08125
0 0.48625 0.33 0.0525 0.0325
0 0.5475 0.36125 0.05625 0.1
0 0.49125 0.37875 0.0525 0.065
0 0.41 0.475 0.09375 0.10625
0 0.84 0.8725 0.05375 0.1025