0 0.435 0.50375 0.05875 0.06875
0 0.5875 0.62625 0.05625 0.05625
0 0.53 0.62625 0.05625 0.07375
0 0.4675 0.62875 0.05625 0.065
0 0.41 0.62125 0.055 0.06125
0 0.355 0.615 0.05625 0.06375
0 0.4925 0.505 0.055 0.06625
0 0.86 0.4975 0.02875 0.095
0 0.225 0.61625 0.05875 0.07125
0 0.15875 0.61625 0.05875 0.07
0 0.825 0.49125 0.04 0.0825
0 0.5475 0.50875 0.05375 0.07125
0 0.6075 0.5125 0.06125 0.06125
0 0.76375 0.72375 0.03875 0.08875
0 0.66875 0.51625 0.06 0.06875
0 0.29 0.60375 0.055 0.06375
0 0.70625 0.71875 0.04875 0.11
0 0.16125 0.71 0.0525 0.10375
0 0.5925 0.7275 0.04875 0.1
0 0.21875 0.92625 0.03375 0.115
0 0.24875 0.925 0.02625 0.11875
0 0.28375 0.9275 0.0375 0.12
0 0.31375 0.92625 0.0225 0.11875
0 0.36875 0.5 0.06625 0.06875
0 0.64875 0.6325 0.05625 0.07
0 0.70125 0.6225 0.04375 0.0525
0 0.6475 0.73625 0.0575 0.12375
0 0.77625 0.6 0.03375 0.08375
0 0.85 0.605 0.035 0.0825
0 0.22875 0.70875 0.05 0.09875
0 0.29 0.70375 0.0575 0.09375
0 0.35375 0.715 0.0625 0.1175
0 0.415 0.71875 0.05625 0.10125
0 0.47375 0.71375 0.0575 0.095
0 0.53625 0.72875 0.0575 0.10875
0 0.8125 0.60375 0.03875 0.07875
0 0.355 0.9275 0.0575 0.115
0 0.78625 0.49 0.0375 0.0875
0 0.435 0.93375 0.03375 0.12375
0 0.84 0.725 0.0375 0.0825
0 0.205 0.065 0.0575 0.1075
0 0.25875 0.065 0.05 0.10875
0 0.315 0.075 0.05875 0.09125
0 0.36875 0.08 0.05 0.1025
0 0.41875 0.08375 0.04375 0.09625
0 0.4675 0.085 0.05375 0.10875
0 0.515 0.09875 0.04125 0.08125
0 0.57 0.09 0.05375 0.1125
0 0.61625 0.0875 0.035 0.12
0 0.655 0.09875 0.0375 0.115
0 0.6975 0.09625 0.04125 0.11875
0 0.74 0.0975 0.03875 0.1325
0 0.77875 0.10625 0.03625 0.11375
0 0.8575 0.10625 0.035 0.10875
0 0.4025 0.93375 0.03 0.12625
0 0.2275 0.2775 0.0325 0.08125
0 0.16875 0.80875 0.08125 0.07625
0 0.25875 0.81 0.095 0.07375
0 0.33875 0.80875 0.04375 0.0675
0 0.405 0.80875 0.07875 0.065
0 0.8025 0.72625 0.0375 0.085
0 0.18625 0.92625 0.03125 0.1125
0 0.5875 0.92125 0.0175 0.09375
0 0.61625 0.9325 0.03375 0.115
0 0.65 0.9325 0.03125 0.115
0 0.69375 0.93625 0.055 0.10875
0 0.7425 0.94 0.04125 0.10625
0 0.785 0.94375 0.04125 0.0975
0 0.2275 0.19875 0.03375 0.08125
0 0.825 0.9475 0.03625 0.10125
0 0.86125 0.83125 0.0275 0.08625
0 0.155 0.9275 0.0275 0.11375
0 0.82875 0.835 0.0375 0.0875
0 0.7725 0.83375 0.05125 0.0675
0 0.7 0.82375 0.04375 0.07375
0 0.64875 0.83125 0.0575 0.06125
0 0.56625 0.81875 0.10375 0.05875
0 0.48 0.81125 0.06875 0.07125
0 0.85875 0.94125 0.03125 0.10875
0 0.2875 0.215 0.04875 0.0975
0 0.1825 0.21 0.0525 0.1
0 0.38375 0.21625 0.04375 0.10125
0 0.465 0.935 0.025 0.125
0 0.4975 0.93625 0.0375 0.1225
0 0.5325 0.935 0.03 0.115
0 0.5625 0.93375 0.02625 0.11875
0 0.155 0.06125 0.04 0.11625
0 0.3 0.4975 0.07125 0.075
0 0.1775 0.48875 0.0425 0.065
0 0.84625 0.37 0.0375 0.09
0 0.805 0.36625 0.04 0.09625
0 0.6925 0.40375 0.0625 0.1175
0 0.63125 0.4025 0.055 0.125
0 0.56875 0.39875 0.04875 0.12375
0 0.5075 0.3975 0.05375 0.1125
0 0.44875 0.38625 0.0475 0.12125
0 0.3375 0.2175 0.0475 0.09375
0 0.38 0.3775 0.06 0.11
0 0.71125 0.23875 0.0475 0.1
0 0.62 0.2325 0.0475 0.09875
0 0.4825 0.22125 0.04125 0.1025
0 0.6675 0.2375 0.04 0.10125
0 0.43375 0.2175 0.05125 0.09875
0 0.75875 0.24 0.04375 0.1
0 0.8 0.24625 0.0375 0.08625
0 0.84125 0.25 0.0375 0.0875
0 0.16125 0.365 0.0525 0.1175
0 0.575 0.22875 0.04375 0.1025
0 0.225 0.40625 0.05375 0.1525
0 0.325 0.37625 0.04875 0.10625
0 0.2775 0.3775 0.04375 0.1025
0 0.5275 0.225 0.0475 0.095