0 0.99 0.82125 0.01875 0.105
0 0.46875 0.55625 0.035 0.1125
0 0.5075 0.55125 0.03625 0.11125
0 0.5475 0.55375 0.0375 0.11625
0 0.58625 0.55375 0.0375 0.11625
0 0.625 0.55625 0.03625 0.1125
0 0.665 0.55625 0.03875 0.11125
0 0.7075 0.5575 0.0375 0.11375
0 0.74625 0.55625 0.03625 0.115
0 0.7875 0.55625 0.03875 0.11625
0 0.8275 0.555 0.0375 0.11875
0 0.87125 0.55375 0.0425 0.12125
0 0.915 0.5525 0.0425 0.12
0 0.9925 0.415 0.01375 0.11875
0 0.96125 0.41625 0.0425 0.115
0 0.91875 0.4275 0.0375 0.09375
0 0.88125 0.42625 0.0375 0.09375
0 0.845 0.4275 0.03 0.09
0 0.43125 0.5575 0.03375 0.11375
0 0.3925 0.555 0.0375 0.12
0 0.35125 0.55625 0.03625 0.1225
0 0.30875 0.5525 0.03625 0.12125
0 0.5325 0.6825 0.0625 0.05
0 0.4675 0.7075 0.06125 0.09375
0 0.4025 0.7075 0.065 0.09375
0 0.3475 0.7375 0.0425 0.03375
0 0.3025 0.74 0.04375 0.0325
0 0.33 0.67375 0.0425 0.03125
0 0.2675 0.67125 0.0625 0.04375
0 0.24875 0.73375 0.0625 0.0475
0 0.8125 0.42875 0.03 0.09125
0 0.185 0.735 0.0625 0.045
0 0.12125 0.6525 0.0675 0.03125
0 0.1175 0.71625 0.0675 0.08625
0 0.065 0.7325 0.0325 0.09875
0 0.03375 0.73 0.0275 0.10125
0 0.01 0.72875 0.01875 0.1025
0 0.1175 0.55875 0.055 0.11625
0 0.1975 0.55625 0.1 0.12375
0 0.2675 0.55625 0.03625 0.1225
0 0.185 0.68875 0.0625 0.03875
0 0.775 0.41625 0.04 0.1125
0 0.73 0.41625 0.0475 0.115
0 0.6825 0.41625 0.04125 0.115
0 0.71 0.285 0.03 0.1125
0 0.67125 0.28375 0.0425 0.125
0 0.63125 0.28875 0.03375 0.11125
0 0.59125 0.2875 0.04 0.1125
0 0.55625 0.29 0.02625 0.11
0 0.52625 0.28875 0.03 0.115
0 0.49125 0.295 0.0325 0.09625
0 0.44875 0.2825 0.0475 0.12
0 0.7425 0.28625 0.03125 0.1125
0 0.4025 0.2825 0.03625 0.11625
0 0.315 0.28375 0.04375 0.11375
0 0.26875 0.28125 0.04 0.11625
0 0.225 0.28125 0.03625 0.115
0 0.18375 0.28125 0.03625 0.11625
0 0.95875 0.86 0.04 0.03
0 0.1025 0.28 0.03625 0.1125
0 0.015 0.27125 0.03 0.1
0 0.0575 0.26125 0.04375 0.10375
0 0.36125 0.28375 0.03875 0.11375
0 0.5325 0.73 0.065 0.04375
0 0.77875 0.2875 0.0375 0.11375
0 0.84875 0.2875 0.03125 0.1125
0 0.63875 0.4175 0.04375 0.11625
0 0.59 0.41625 0.04625 0.115
0 0.54625 0.41625 0.0375 0.11375
0 0.5075 0.415 0.0375 0.11375
0 0.4675 0.415 0.04 0.115
0 0.42375 0.415 0.0425 0.11625
0 0.37875 0.41625 0.04 0.11625
0 0.33625 0.415 0.04 0.11625
0 0.81625 0.2875 0.03125 0.1125
0 0.29125 0.415 0.04375 0.1175
0 0.2075 0.415 0.03875 0.1175
0 0.16625 0.415 0.03875 0.11375
0 0.1125 0.4175 0.0625 0.11625
0 0.02125 0.38375 0.0425 0.07
0 0.98625 0.2875 0.0275 0.115
0 0.9525 0.285 0.03625 0.11875
0 0.915 0.2875 0.03125 0.1125
0 0.88375 0.28625 0.03125 0.1125
0 0.2475 0.41625 0.03875 0.115
0 0.59375 0.73125 0.05625 0.0425
0 0.14375 0.28125 0.03625 0.11
0 0.64875 0.73375 0.0425 0.035
0 0.51 0.85625 0.06375 0.02625
0 0.56 0.78375 0.035 0.0225
0 0.595 0.775 0.0325 0.02375
0 0.56625 0.86375 0.0375 0.02125
0 0.60625 0.86375 0.0375 0.02125
0 0.65 0.8625 0.045 0.02375
0 0.69625 0.86375 0.04 0.0225
0 0.73625 0.82875 0.035 0.08875
0 0.51 0.82125 0.065 0.04125
0 0.7825 0.8625 0.04375 0.025
0 0.775 0.7925 0.04125 0.035
0 0.8125 0.78375 0.03125 0.03
0 0.82 0.82375 0.02875 0.0325
0 0.86375 0.82625 0.04125 0.09
0 0.91375 0.86 0.04 0.03125
0 0.925 0.82875 0.03 0.025
0 0.95 0.81 0.015 0.04375
0 0.59375 0.675 0.05625 0.05
0 0.82375 0.8625 0.03625 0.025
0 0.51 0.78125 0.06375 0.03375
0 0.78125 0.83375 0.0425 0.03
0 0.38 0.835 0.06 0.06875
0 0.6575 0.6525 0.035 0.02875
0 0.36125 0.67 0.015 0.03125
0 0.44375 0.83375 0.06375 0.0675
0 0.63125 0.65375 0.01625 0.03
0 0.7575 0.705 0.0875 0.09625
0 0.8225 0.69375 0.03875 0.0975
0 0.9275 0.7025 0.04625 0.095
0 0.97625 0.7025 0.04625 0.09125
0 0.01 0.845 0.01875 0.05875
0 0.875 0.70125 0.055 0.09875
0 0.03875 0.83 0.03125 0.07375
0 0.07625 0.8325 0.0375 0.0675
0 0.12875 0.83 0.06625 0.0775
0 0.6925 0.735 0.04 0.03375
0 0.19 0.82875 0.05375 0.0775
0 0.25125 0.85625 0.065 0.02875
0 0.31625 0.85625 0.06 0.02625
0 0.33375 0.7825 0.02875 0.035
0 0.2825 0.78375 0.07 0.0325