0 0.36875 0.83625 0.01375 0.08625
0 0.46 0.8375 0.015 0.07375
0 0.43125 0.835 0.0175 0.06
0 0.4175 0.83625 0.01 0.06875
0 0.40375 0.83375 0.01375 0.06875
0 0.64875 0.26 0.01125 0.0925
0 0.28375 0.8325 0.03125 0.12375
0 0.7025 0.5375 0.0175 0.09375
0 0.33625 0.8425 0.0175 0.09125
0 0.5175 0.84 0.01375 0.08
0 0.49375 0.83875 0.0175 0.07125
0 0.67625 0.9425 0.13375 0.02
0 0.47625 0.83625 0.01375 0.07125
0 0.7375 0.39875 0.01125 0.09375
0 0.68375 0.26 0.0175 0.11625
0 0.5075 0.12125 0.015 0.09625
0 0.47625 0.12625 0.02 0.10125
0 0.445 0.12 0.01625 0.1
0 0.42875 0.12375 0.01125 0.0925
0 0.41375 0.125 0.01625 0.09
0 0.39625 0.1125 0.0125 0.0875
0 0.38125 0.1125 0.0125 0.09375
0 0.36 0.12375 0.02125 0.1
0 0.33625 0.12125 0.01625 0.095
0 0.31 0.12125 0.02 0.10875
0 0.2825 0.1175 0.01375 0.1025
0 0.26375 0.125 0.01125 0.1
0 0.25125 0.12875 0.01 0.1
0 0.23 0.12125 0.01875 0.08875
0 0.74125 0.26375 0.02 0.10625
0 0.7125 0.265 0.01875 0.10875
0 0.52875 0.80375 0.005 0.07375
0 0.7725 0.40875 0.015 0.0875
0 0.76 0.41 0.00875 0.06875
0 0.76125 0.545 0.02625 0.095
0 0.72625 0.5425 0.01875 0.10125
0 0.66 0.26 0.00875 0.09125
0 0.53875 0.80125 0.01125 0.08125
0 0.35125 0.83875 0.01125 0.08875
0 0.575 0.8375 0.01375 0.08
0 0.30375 0.69 0.0075 0.07875
0 0.2975 0.6925 0.005 0.0775
0 0.29 0.695 0.00625 0.0775
0 0.28 0.695 0.0075 0.07625
0 0.27 0.69875 0.01125 0.0775
0 0.265 0.5525 0.02 0.08625
0 0.28875 0.555 0.01125 0.085
0 0.3 0.5525 0.01125 0.0825
0 0.32375 0.54625 0.01875 0.095
0 0.34875 0.57375 0.01875 0.0925
0 0.36375 0.5675 0.01 0.09
0 0.37625 0.5625 0.015 0.09375
0 0.39375 0.55875 0.015 0.09625
0 0.42625 0.53125 0.01125 0.09
0 0.31375 0.69 0.01 0.07875
0 0.4125 0.5325 0.01 0.08875
0 0.44875 0.545 0.00875 0.075
0 0.46625 0.5375 0.0075 0.0825
0 0.47625 0.5375 0.00875 0.08625
0 0.49625 0.53875 0.00875 0.08375
0 0.50625 0.5375 0.0075 0.08375
0 0.52375 0.53875 0.005 0.0875
0 0.6525 0.53 0.00625 0.0875
0 0.64125 0.5275 0.01125 0.085
0 0.62 0.53625 0.01 0.085
0 0.60875 0.535 0.01 0.08375
0 0.59 0.54125 0.00875 0.0875
0 0.565 0.54 0.0075 0.0875
0 0.55375 0.54 0.00625 0.0875
0 0.53375 0.5375 0.00875 0.08625
0 0.44 0.54875 0.00625 0.07875
0 0.5575 0.845 0.01625 0.0825
0 0.33375 0.68375 0.02875 0.09625
0 0.36875 0.68 0.005 0.07875
0 0.3025 0.27125 0.02 0.11
0 0.62125 0.82 0.0175 0.09625
0 0.64875 0.81125 0.02 0.0925
0 0.69125 0.81 0.0225 0.09125
0 0.72 0.81 0.02875 0.0975
0 0.765 0.79875 0.025 0.095
0 0.76875 0.6775 0.0075 0.06875
0 0.76 0.6775 0.005 0.06875
0 0.72875 0.6725 0.02 0.09
0 0.7 0.68375 0.0175 0.09
0 0.67375 0.6825 0.01625 0.095
0 0.655 0.67625 0.00875 0.0825
0 0.6425 0.6775 0.01125 0.07875
0 0.62 0.67875 0.01125 0.0825
0 0.36125 0.67875 0.01 0.0825
0 0.61 0.68375 0.0075 0.08
0 0.5825 0.6825 0.00875 0.07375
0 0.5625 0.68 0.00625 0.06125
0 0.55125 0.685 0.00875 0.07
0 0.53 0.685 0.01 0.05125
0 0.51625 0.68375 0.0125 0.05375
0 0.50125 0.68125 0.0125 0.0625
0 0.48125 0.69375 0.0125 0.09625
0 0.465 0.69 0.01125 0.085
0 0.67375 0.54125 0.01625 0.09875
0 0.45375 0.69 0.00875 0.08125
0 0.4275 0.6875 0.0125 0.085
0 0.415 0.68625 0.00875 0.0825
0 0.3975 0.68875 0.01 0.07875
0 0.385 0.68625 0.01 0.08125
0 0.595 0.695 0.01 0.07375
0 0.595 0.8375 0.02125 0.08625
0 0.35625 0.42375 0.00875 0.08875
0 0.59375 0.40375 0.00875 0.0875
0 0.50875 0.2625 0.0075 0.09375
0 0.5 0.2625 0.00875 0.09375
0 0.48125 0.265 0.02 0.105
0 0.455 0.2625 0.01875 0.10375
0 0.42875 0.255 0.00875 0.0975
0 0.41875 0.25625 0.01125 0.09875
0 0.36 0.2525 0.0225 0.11625
0 0.3425 0.2575 0.0075 0.095
0 0.32875 0.29 0.01875 0.09125
0 0.37 0.42125 0.0175 0.0925
0 0.39375 0.41 0.00625 0.0825
0 0.40375 0.41 0.00875 0.0875
0 0.425 0.415 0.00875 0.09
0 0.43375 0.415 0.00875 0.09125
0 0.47375 0.41375 0.01375 0.08375
0 0.4975 0.41 0.01 0.08625
0 0.50625 0.4075 0.00875 0.0875
0 0.3275 0.4275 0.0125 0.09375
0 0.34625 0.4225 0.00875 0.08875
0 0.27375 0.265 0.03 0.11
0 0.70125 0.415 0.015 0.08875
0 0.67875 0.4075 0.01625 0.09125
0 0.66375 0.41125 0.01125 0.09
0 0.53625 0.27 0.00625 0.09375
0 0.64625 0.40625 0.01 0.085
0 0.60875 0.41 0.00875 0.08125
0 0.5825 0.4075 0.01 0.085
0 0.57125 0.41875 0.00875 0.08625
0 0.55875 0.42125 0.01375 0.0825
0 0.5375 0.4125 0.0075 0.0875
0 0.5275 0.4125 0.01 0.0875
0 0.62 0.40625 0.01 0.08625
0 0.5475 0.2425 0.01125 0.07625
0 0.385 0.26125 0.015 0.11
0 0.57125 0.265 0.0075 0.09375
0 0.2975 0.42875 0.01 0.09375
0 0.315 0.4275 0.01125 0.0875
0 0.23875 0.265 0.02125 0.1075
0 0.56125 0.265 0.00875 0.095
0 0.61875 0.2625 0.0175 0.10375
0 0.595 0.2625 0.02 0.09875
0 0.53375 0.1175 0.0075 0.0975
0 0.285 0.42875 0.01 0.08875
0 0.56125 0.12625 0.00875 0.10125
0 0.575 0.1275 0.01 0.09375
0 0.54375 0.11875 0.0075 0.095
0 0.61875 0.13 0.02 0.095
0 0.76 0.26 0.01625 0.1
0 0.77 0.1125 0.02125 0.10625
0 0.73875 0.12 0.0175 0.10875
0 0.715 0.10625 0.0175 0.09875
0 0.59375 0.12875 0.01625 0.1075
0 0.6875 0.115 0.0225 0.10625
0 0.2625 0.42125 0.0125 0.09
0 0.64375 0.125 0.015 0.09375
0 0.65875 0.125 0.00875 0.095