0 0.62875 0.705 0.03375 0.095
0 0.67 0.70375 0.0325 0.1025
0 0.8075 0.29625 0.03875 0.10625
0 0.14375 0.84625 0.03375 0.0375
0 0.30375 0.72 0.05625 0.14
0 0.2425 0.7125 0.05625 0.135
0 0.19875 0.89 0.055 0.03125
0 0.5825 0.7075 0.03125 0.14
0 0.36625 0.705 0.05 0.11375
0 0.53625 0.705 0.04125 0.15375
0 0.45125 0.88 0.03375 0.17125
0 0.42625 0.7125 0.06125 0.155
0 0.33875 0.87375 0.05625 0.11625
0 0.39625 0.8675 0.03 0.11375
0 0.5125 0.87 0.03375 0.11125
0 0.56875 0.89625 0.0475 0.11375
0 0.625 0.85125 0.05625 0.1175
0 0.68875 0.88875 0.06 0.12375
0 0.75875 0.8875 0.06625 0.10875
0 0.185 0.71375 0.04125 0.04
0 0.83 0.75875 0.08875 0.1375
0 0.48375 0.69875 0.04375 0.14
0 0.82625 0.89375 0.06625 0.08125
0 0.73375 0.355 0.04625 0.0875
0 0.21875 0.57125 0.03125 0.08
0 0.63125 0.06125 0.0325 0.0925
0 0.595 0.055 0.035 0.1075
0 0.55875 0.0575 0.03625 0.1025
0 0.50875 0.08 0.06 0.06375
0 0.4625 0.08375 0.03 0.0625
0 0.4125 0.06625 0.0375 0.0975
0 0.33625 0.06875 0.02875 0.09125
0 0.29125 0.07125 0.03625 0.08875
0 0.83375 0.1025 0.0325 0.03
0 0.24875 0.0725 0.0375 0.09125
0 0.1675 0.0675 0.02875 0.11
0 0.13875 0.0675 0.02625 0.115
0 0.16375 0.215 0.05375 0.1075
0 0.205 0.21875 0.025 0.09125
0 0.2325 0.23 0.02875 0.07375
0 0.26375 0.21875 0.02875 0.095
0 0.2975 0.2225 0.03125 0.0875
0 0.3375 0.22125 0.0325 0.08375
0 0.205 0.065 0.04125 0.1075
0 0.7725 0.0525 0.03375 0.09875
0 0.73625 0.0525 0.03625 0.09875
0 0.7025 0.0525 0.03125 0.09875
0 0.26 0.57625 0.04875 0.0725
0 0.31125 0.57375 0.04875 0.0575
0 0.36125 0.56875 0.03875 0.04875
0 0.40625 0.58 0.045 0.0675
0 0.4725 0.57125 0.045 0.05375
0 0.52875 0.5725 0.0475 0.06
0 0.58125 0.57 0.0425 0.05125
0 0.62625 0.57 0.0425 0.0425
0 0.72125 0.56375 0.03875 0.03625
0 0.8225 0.58 0.10375 0.1275
0 0.67 0.57875 0.03625 0.06
0 0.7325 0.46 0.04875 0.0725
0 0.68125 0.46125 0.045 0.07125
0 0.635 0.4625 0.03375 0.06625
0 0.5875 0.455 0.04625 0.05625
0 0.47 0.46375 0.0475 0.06875
0 0.41875 0.4725 0.0475 0.085
0 0.3625 0.47125 0.0425 0.08125
0 0.6675 0.055 0.03375 0.10375
0 0.1475 0.57125 0.01625 0.015
0 0.13625 0.69125 0.02 0.03625
0 0.71625 0.7225 0.04 0.1375
0 0.4075 0.21875 0.0275 0.08625
0 0.83125 0.18875 0.06875 0.085
0 0.8 0.405 0.0575 0.08375
0 0.85375 0.40625 0.04125 0.07875
0 0.85875 0.28875 0.0325 0.095
0 0.14625 0.4125 0.0425 0.0775
0 0.6825 0.35625 0.04875 0.0875
0 0.62125 0.35125 0.04625 0.0925
0 0.76875 0.195 0.02875 0.11
0 0.3725 0.21 0.035 0.1025
0 0.51375 0.34375 0.04875 0.0775
0 0.3625 0.3575 0.05 0.1
0 0.3125 0.35625 0.04625 0.09
0 0.25875 0.34375 0.04875 0.07125
0 0.3125 0.4725 0.0475 0.0775
0 0.26 0.47 0.03625 0.07625
0 0.21125 0.47 0.0475 0.07375
0 0.5675 0.345 0.04875 0.08375
0 0.7425 0.19875 0.02125 0.1125
0 0.1975 0.355 0.04375 0.085
0 0.68125 0.20375 0.035 0.1
0 0.63625 0.1875 0.04625 0.0625
0 0.63875 0.2375 0.0475 0.03625
0 0.59625 0.20875 0.03125 0.09625
0 0.43875 0.22 0.0175 0.08125
0 0.45875 0.22 0.0175 0.0825
0 0.48625 0.215 0.0325 0.095
0 0.56125 0.205 0.03625 0.11
0 0.7175 0.19875 0.0225 0.11125