0 0.80625 0.4625 0.0475 0.055
0 0.75625 0.46375 0.045 0.05375
0 0.75875 0.51125 0.0475 0.0375
0 0.8175 0.51625 0.04625 0.0475
0 0.7525 0.55375 0.045 0.04125
0 0.7025 0.55 0.0375 0.04
0 0.50375 0.46 0.045 0.05
0 0.805 0.55875 0.0425 0.035
0 0.865 0.5575 0.04 0.04375
0 0.87 0.51625 0.04625 0.03875
0 0.87 0.46625 0.055 0.0525
0 0.9375 0.4625 0.03375 0.05375
0 0.93 0.51125 0.03125 0.0425
0 0.7075 0.50875 0.04 0.03875
0 0.71 0.4625 0.04 0.04875
0 0.55625 0.47 0.04125 0.035
0 0.6575 0.50875 0.035 0.04375
0 0.66 0.4625 0.04125 0.04625
0 0.605 0.545 0.03625 0.03625
0 0.61125 0.50875 0.0375 0.03125
0 0.6125 0.4725 0.035 0.0325
0 0.61 0.4425 0.05375 0.01625
0 0.555 0.44 0.0475 0.01875
0 0.5575 0.50875 0.0425 0.03875
0 0.9275 0.55625 0.03875 0.0425
0 0.55875 0.5475 0.045 0.0375
0 0.50875 0.545 0.03125 0.04
0 0.50875 0.50625 0.04125 0.0375
0 0.5975 0.28375 0.03125 0.00875
0 0.615 0.29875 0.03125 0.01375
0 0.6575 0.55125 0.0375 0.03875
0 0.05 0.42 0.075 0.02375
0 0.33625 0.205 0.0125 0.01125
0 0.12625 0.40625 0.07375 0.02
0 0.67625 0.2925 0.0125 0.00625
0 0.655 0.3025 0.03 0.0075
0 0.65125 0.2925 0.02125 0.01
0 0.28375 0.4525 0.07375 0.02125
0 0.285 0.475 0.0725 0.01875
0 0.24 0.31125 0.03125 0.02125
0 0.28375 0.495 0.07625 0.01625
0 0.28625 0.51375 0.0775 0.01875
0 0.28375 0.535 0.075 0.02125
0 0.28875 0.555 0.06875 0.01625
0 0.2875 0.57125 0.06375 0.015
0 0.21375 0.5725 0.08125 0.02
0 0.2075 0.55125 0.07625 0.01875
0 0.20375 0.53 0.07375 0.02
0 0.12625 0.37875 0.07 0.02
0 0.205 0.50875 0.08 0.02
0 0.2025 0.4625 0.07625 0.02
0 0.1275 0.47 0.0675 0.02
0 0.1275 0.45 0.07125 0.01875
0 0.13125 0.43 0.075 0.02125
0 0.20375 0.42875 0.07125 0.01875
0 0.28125 0.42625 0.08 0.02125
0 0.3625 0.42625 0.075 0.02
0 0.36125 0.40125 0.0775 0.0225
0 0.27875 0.40125 0.075 0.02125
0 0.20375 0.4025 0.07125 0.01875
0 0.36625 0.34625 0.09125 0.02625
0 0.35375 0.37625 0.08375 0.02375
0 0.27625 0.37625 0.06875 0.025
0 0.20375 0.37875 0.07125 0.02
0 0.2025 0.485 0.0775 0.02
0 0.07 0.34 0.01625 0.0375
0 0.79125 0.73625 0.2425 0.095
0 0.03625 0.34 0.01375 0.0375
0 0.4175 0.19125 0.02625 0.01125
0 0.4175 0.21125 0.02375 0.02125
0 0.445 0.21125 0.02625 0.0225
0 0.44625 0.1925 0.02625 0.01125
0 0.46625 0.1925 0.0125 0.01
0 0.4675 0.21125 0.01375 0.02375
0 0.42 0.24125 0.02375 0.00875
0 0.42125 0.25875 0.025 0.02375
0 0.44625 0.24125 0.02375 0.01
0 0.53 0.2075 0.05125 0.0275
0 0.58875 0.2075 0.0625 0.02875
0 0.63625 0.20625 0.0275 0.02625
0 0.66375 0.2025 0.02625 0.035
0 0.6925 0.2025 0.02625 0.0325
0 0.72375 0.2 0.03125 0.0375
0 0.37625 0.26625 0.01125 0.00625
0 0.38875 0.265 0.01 0.0075
0 0.4 0.26625 0.01125 0.01
0 0.4025 0.25375 0.01125 0.01375
0 0.35 0.20625 0.01125 0.01125
0 0.34875 0.21875 0.01125 0.01
0 0.3625 0.21875 0.01125 0.00875
0 0.37375 0.21875 0.01125 0.00875
0 0.3875 0.21875 0.0125 0.00875
0 0.4 0.21875 0.01125 0.00875
0 0.33875 0.24125 0.01125 0.01375
0 0.66 0.2475 0.02875 0.0425
0 0.35125 0.24 0.01 0.0125
0 0.37625 0.24125 0.0125 0.0125
0 0.34 0.2525 0.01125 0.01
0 0.3525 0.25375 0.01125 0.01
0 0.365 0.255 0.01 0.0125
0 0.37625 0.255 0.01125 0.0125
0 0.5525 0.295 0.0225 0.01
0 0.575 0.29625 0.0175 0.01
0 0.36375 0.24125 0.01 0.0125
0 0.69 0.24875 0.03 0.04125
0 0.72 0.245 0.025 0.0375
0 0.61125 0.25375 0.06375 0.0275
0 0.80375 0.35375 0.03875 0.04875
0 0.8525 0.34875 0.05375 0.0575
0 0.49 0.31875 0.02375 0.075
0 0.52 0.40375 0.01875 0.0425
0 0.4925 0.41 0.03375 0.03625
0 0.4875 0.38125 0.0325 0.0175
0 0.55125 0.41 0.03125 0.03875
0 0.75625 0.3525 0.05 0.055
0 0.5525 0.38125 0.03625 0.015
0 0.65375 0.4125 0.03625 0.04125
0 0.69875 0.40875 0.03625 0.04125
0 0.74875 0.41125 0.035 0.04375
0 0.79625 0.4075 0.04125 0.04875
0 0.84875 0.4075 0.0375 0.04625
0 0.89625 0.405 0.03875 0.04875
0 0.0775 0.39625 0.01625 0.02
0 0.6025 0.40875 0.03625 0.0475
0 0.0525 0.34 0.01375 0.0375
0 0.7 0.34875 0.045 0.0575
0 0.62 0.35375 0.035 0.05
0 0.5275 0.25625 0.05875 0.025
0 0.79375 0.6325 0.2375 0.10875
0 0.3375 0.21875 0.01 0.00875
0 0.57 0.725 0.17625 0.1025
0 0.575 0.6225 0.17875 0.0925
0 0.40375 0.63125 0.13875 0.09375
0 0.40625 0.72 0.13125 0.08375
0 0.6575 0.3525 0.03625 0.0475
0 0.26625 0.6275 0.135 0.0825
0 0.1225 0.715 0.1675 0.08
0 0.11 0.63 0.1725 0.07875
0 0.04875 0.39 0.0325 0.02625
0 0.08 0.37 0.015 0.02
0 0.5175 0.3575 0.0275 0.0425
0 0.54625 0.35375 0.02125 0.03375
0 0.58125 0.35375 0.03625 0.03875
0 0.2725 0.7175 0.12875 0.08625
0 0.38875 0.25375 0.01125 0.01375
0 0.52625 0.29375 0.02125 0.01125
0 0.35875 0.57125 0.0675 0.02
0 0.05875 0.555 0.07375 0.01875
0 0.0575 0.53625 0.065 0.0175
0 0.0525 0.49125 0.06875 0.01875
0 0.055 0.515 0.06875 0.02
0 0.05125 0.46875 0.0675 0.0225
0 0.04875 0.445 0.07625 0.01875
0 0.29125 0.3525 0.04 0.0175
0 0.24625 0.345 0.04 0.02625
0 0.1675 0.3425 0.04 0.02875
0 0.13 0.335 0.03 0.02875
0 0.27375 0.32 0.03 0.0225
0 0.3075 0.315 0.03125 0.02625
0 0.3425 0.32 0.03625 0.0225
0 0.405 0.32125 0.02625 0.0175
0 0.44 0.30125 0.0275 0.05625
0 0.4 0.2975 0.04 0.03
0 0.35 0.29 0.03875 0.02375
0 0.06375 0.5775 0.0725 0.01875
0 0.29875 0.28375 0.035 0.01625
0 0.1375 0.5775 0.0675 0.02125
0 0.1325 0.5375 0.07 0.0175
0 0.36125 0.5525 0.0725 0.015
0 0.445 0.465 0.065 0.01875
0 0.44625 0.4875 0.06625 0.0225
0 0.44375 0.51125 0.0675 0.025
0 0.44125 0.53625 0.075 0.01875
0 0.43875 0.55375 0.0725 0.015
0 0.43875 0.57375 0.0775 0.02125
0 0.3675 0.46125 0.0775 0.02875
0 0.37 0.48875 0.07875 0.02125
0 0.365 0.51125 0.07625 0.02125
0 0.365 0.53375 0.075 0.0175
0 0.44 0.4425 0.0625 0.02
0 0.4375 0.41875 0.07 0.02
0 0.4375 0.39375 0.06625 0.02125
0 0.43875 0.37 0.07125 0.01875
0 0.12625 0.49375 0.07125 0.02125
0 0.12625 0.515 0.07375 0.01875
0 0.13375 0.55625 0.0675 0.01625
0 0.04125 0.21125 0.02625 0.03625
0 0.6925 0.29 0.0175 0.01
0 0.10375 0.21125 0.0275 0.035
0 0.11625 0.29875 0.02375 0.0275
0 0.14875 0.29375 0.02625 0.0075
0 0.14375 0.305 0.02625 0.00625
0 0.17625 0.295 0.025 0.02
0 0.2025 0.29375 0.02375 0.0275
0 0.23125 0.2875 0.02625 0.01625
0 0.25625 0.2875 0.0175 0.02
0 0.33625 0.1925 0.01125 0.01375
0 0.34875 0.19125 0.01125 0.01375
0 0.36125 0.1925 0.00875 0.015
0 0.385 0.1925 0.00875 0.0125
0 0.3975 0.19125 0.0125 0.015
0 0.3975 0.20625 0.01125 0.01375
0 0.38625 0.20625 0.01 0.01375
0 0.37375 0.20625 0.0125 0.0125
0 0.07 0.21125 0.02875 0.03875
0 0.3625 0.20625 0.01125 0.01
0 0.08375 0.2975 0.03125 0.0325
0 0.0525 0.29875 0.02875 0.02875
0 0.37375 0.1925 0.01125 0.01375
0 0.30125 0.2525 0.02 0.03875
0 0.16625 0.20875 0.03125 0.04125
0 0.3225 0.25375 0.0175 0.035
0 0.195 0.21125 0.02375 0.0375
0 0.22125 0.20875 0.02375 0.0375
0 0.2725 0.20875 0.02375 0.03625
0 0.2975 0.20625 0.01875 0.04
0 0.31875 0.20625 0.02125 0.04125
0 0.04375 0.2575 0.03125 0.03875
0 0.2475 0.20875 0.02125 0.03875
0 0.11 0.255 0.02625 0.03625
0 0.13375 0.20875 0.02875 0.04125
0 0.28 0.25125 0.0175 0.0375
0 0.14 0.25375 0.03125 0.03625
0 0.17375 0.25375 0.03125 0.03625
0 0.20875 0.255 0.03125 0.04
0 0.2375 0.255 0.02375 0.04
0 0.07875 0.25625 0.03375 0.03875
0 0.26 0.2525 0.0175 0.03625