0 0.46625 0.65625 0.06875 0.0075
0 0.53625 0.26125 0.0725 0.015
0 0.53875 0.7525 0.06375 0.0125
0 0.54125 0.7375 0.0675 0.0125
0 0.5325 0.3125 0.06875 0.01375
0 0.53375 0.295 0.0675 0.0125
0 0.5325 0.2775 0.06625 0.01
0 0.5425 0.105 0.065 0.01625
0 0.67125 0.6225 0.0625 0.01
0 0.605 0.62375 0.06125 0.0125
0 0.5975 0.60375 0.06125 0.00875
0 0.6075 0.55 0.06375 0.01
0 0.6025 0.52875 0.0625 0.02
0 0.60375 0.49875 0.065 0.0225
0 0.605 0.47 0.0675 0.0125
0 0.60375 0.44875 0.0675 0.025
0 0.6 0.4225 0.06625 0.025
0 0.60375 0.38125 0.06125 0.03875
0 0.60375 0.34875 0.065 0.02375
0 0.60625 0.305 0.065 0.03875
0 0.6075 0.26875 0.065 0.02625
0 0.67125 0.7675 0.06125 0.015
0 0.60625 0.76875 0.05625 0.0075
0 0.46125 0.17125 0.0725 0.0225
0 0.4625 0.19125 0.07125 0.0175
0 0.54 0.77 0.065 0.0125
0 0.46875 0.77875 0.07125 0.0125
0 0.46875 0.7625 0.07125 0.0125
0 0.47 0.74375 0.07 0.01625
0 0.53375 0.33875 0.06375 0.01125
0 0.38375 0.27375 0.075 0.01875
0 0.38375 0.2925 0.07625 0.015
0 0.385 0.31125 0.07875 0.02
0 0.46125 0.31375 0.0675 0.015
0 0.46 0.29375 0.0725 0.0175
0 0.45875 0.27625 0.07125 0.01375
0 0.46125 0.25625 0.07 0.01375
0 0.385 0.255 0.075 0.015
0 0.5375 0.6525 0.07125 0.00875
0 0.5375 0.66625 0.06375 0.01
0 0.46375 0.21 0.07125 0.01125
0 0.53625 0.68125 0.06125 0.0125
0 0.54125 0.1225 0.0675 0.015
0 0.46375 0.67125 0.06625 0.01
0 0.46625 0.6875 0.0675 0.01375
0 0.46625 0.7075 0.06875 0.01125
0 0.39125 0.65875 0.07 0.00875
0 0.39375 0.675 0.0725 0.00875
0 0.39375 0.69125 0.07125 0.01125
0 0.3925 0.71 0.06875 0.01125
0 0.395 0.78125 0.07 0.015
0 0.39375 0.76375 0.0725 0.01125
0 0.395 0.74625 0.0725 0.015
0 0.53625 0.69875 0.06625 0.01625
0 0.5375 0.215 0.06875 0.01375
0 0.5325 0.195 0.06125 0.015
0 0.5375 0.17625 0.07 0.0125
0 0.67625 0.4675 0.07125 0.015
0 0.67625 0.45 0.06625 0.0125
0 0.6725 0.4325 0.0675 0.015
0 0.67625 0.39375 0.07 0.01375
0 0.67625 0.3775 0.06875 0.015
0 0.675 0.35875 0.06875 0.0125
0 0.675 0.34 0.0725 0.01
0 0.67625 0.31875 0.06875 0.01375
0 0.6775 0.2975 0.0675 0.0175
0 0.67625 0.28125 0.06625 0.0125
0 0.67875 0.265 0.06875 0.01375
0 0.67625 0.495 0.065 0.00875
0 0.67625 0.24 0.0625 0.01375
0 0.68 0.20125 0.07 0.015
0 0.68 0.1825 0.06625 0.01375
0 0.3275 0.61 0.03375 0.06625
0 0.33625 0.69 0.04 0.0625
0 0.33375 0.77125 0.035 0.0525
0 0.6875 0.15375 0.07 0.01875
0 0.3375 0.1025 0.0175 0.0825
0 0.39 0.09625 0.07125 0.015
0 0.3875 0.1175 0.07125 0.01375
0 0.38875 0.13625 0.07375 0.015
0 0.465 0.1425 0.07375 0.015
0 0.68125 0.22 0.06375 0.015
0 0.535 0.36 0.0675 0.01625
0 0.67375 0.51 0.06875 0.0125
0 0.675 0.5475 0.06625 0.01375
0 0.6075 0.1825 0.06125 0.0325
0 0.6075 0.215 0.06875 0.0275
0 0.60875 0.23625 0.07125 0.0125
0 0.535 0.2325 0.06375 0.015
0 0.46125 0.22625 0.07 0.015
0 0.38625 0.22625 0.07375 0.0175
0 0.3825 0.205 0.07125 0.01875
0 0.385 0.18625 0.075 0.0125
0 0.38625 0.16625 0.0725 0.02
0 0.6075 0.655 0.06125 0.01625
0 0.60625 0.67625 0.06 0.02
0 0.67125 0.53 0.0625 0.01125
0 0.6075 0.69875 0.06625 0.01125
0 0.60625 0.73625 0.055 0.01
0 0.67375 0.74875 0.0575 0.01375
0 0.67125 0.73375 0.0575 0.01125
0 0.6725 0.71875 0.06375 0.00625
0 0.67125 0.6925 0.06 0.00625
0 0.67125 0.67875 0.06375 0.015
0 0.67 0.66375 0.0625 0.00875
0 0.67125 0.65125 0.06375 0.01125
0 0.67125 0.6075 0.0625 0.01125
0 0.6725 0.59125 0.065 0.01
0 0.6725 0.575 0.06625 0.01
0 0.6075 0.75375 0.06 0.00875
0 0.4675 0.1225 0.07375 0.0175
0 0.53375 0.375 0.07 0.01125
0 0.46125 0.34 0.0725 0.015
0 0.46 0.435 0.07 0.01125
0 0.46 0.4525 0.0675 0.015
0 0.53375 0.55 0.06875 0.01125
0 0.53375 0.53375 0.07 0.0125
0 0.535 0.51625 0.06625 0.01125
0 0.53625 0.4975 0.07 0.0175
0 0.38625 0.55875 0.0725 0.01125
0 0.46125 0.55625 0.07 0.01125
0 0.46375 0.5375 0.07125 0.01
0 0.46375 0.51875 0.07125 0.015
0 0.4625 0.5 0.075 0.01375
0 0.38375 0.5 0.07125 0.01375
0 0.3875 0.52 0.07625 0.0125
0 0.38625 0.53625 0.07125 0.0125
0 0.54125 0.14375 0.065 0.0175
0 0.61375 0.145 0.06375 0.02625
0 0.615 0.1125 0.0725 0.0325
0 0.32625 0.19125 0.03875 0.07
0 0.32375 0.28 0.0375 0.07375
0 0.325 0.3625 0.035 0.07625
0 0.32625 0.4475 0.03125 0.0675
0 0.3275 0.52875 0.0325 0.07375
0 0.53625 0.39375 0.06625 0.015
0 0.4625 0.42 0.07125 0.01125
0 0.53125 0.43375 0.065 0.015
0 0.46875 0.10125 0.07625 0.02
0 0.535 0.47125 0.0675 0.0125
0 0.5325 0.45375 0.07 0.0125
0 0.4625 0.35625 0.07 0.0125
0 0.46125 0.375 0.07 0.01625
0 0.4625 0.39625 0.07375 0.015
0 0.385 0.3425 0.06875 0.01375
0 0.38625 0.3575 0.07375 0.015
0 0.385 0.39625 0.075 0.01625
0 0.52125 0.6 0.0425 0.01375
0 0.53375 0.62375 0.06125 0.01125
0 0.46125 0.63375 0.0725 0.0125
0 0.46125 0.6125 0.0725 0.01375
0 0.385 0.37625 0.075 0.0125
0 0.4625 0.5775 0.06875 0.01375
0 0.38625 0.63625 0.075 0.015
0 0.38875 0.615 0.07375 0.015
0 0.3875 0.59875 0.07375 0.01375
0 0.3875 0.5825 0.07125 0.01375
0 0.51125 0.58625 0.0175 0.0125
0 0.38625 0.41875 0.07625 0.0125
0 0.385 0.43375 0.07375 0.01375
0 0.385 0.45 0.0725 0.01375
0 0.46125 0.47125 0.07125 0.01375
0 0.4625 0.5975 0.06875 0.01125
0 0.38625 0.47 0.07125 0.015