0 0.175 0.18375 0.0275 0.09
0 0.295 0.36125 0.02375 0.0625
0 0.27375 0.36 0.01875 0.0575
0 0.25125 0.36 0.02375 0.055
0 0.8325 0.215 0.05375 0.0975
0 0.7825 0.215 0.04625 0.0925
0 0.74 0.21875 0.0375 0.08625
0 0.18125 0.43875 0.04625 0.04
0 0.14 0.44875 0.02625 0.05625
0 0.18125 0.51375 0.105 0.0675
0 0.22375 0.4225 0.03125 0.05875
0 0.22875 0.25 0.01875 0.07625
0 0.24625 0.24875 0.01375 0.08
0 0.265 0.24875 0.0225 0.08
0 0.29 0.255 0.025 0.0675
0 0.315 0.2525 0.0225 0.06625
0 0.34 0.25 0.025 0.07125
0 0.36375 0.2475 0.0225 0.0725
0 0.39 0.24875 0.02625 0.06875
0 0.41875 0.24875 0.0275 0.07
0 0.445 0.24125 0.02375 0.0825
0 0.475 0.24 0.035 0.08
0 0.50875 0.235 0.03375 0.08875
0 0.54375 0.23625 0.0325 0.0925
0 0.58 0.23375 0.03875 0.09375
0 0.6175 0.22875 0.03875 0.08875
0 0.65375 0.22625 0.0325 0.0925
0 0.69 0.22375 0.0375 0.0875
0 0.3175 0.3625 0.02 0.06
0 0.3425 0.3625 0.02625 0.06125
0 0.39625 0.36375 0.03 0.0725
0 0.45125 0.3625 0.02625 0.07375
0 0.1475 0.20375 0.01875 0.05
0 0.22125 0.1425 0.01375 0.0875
0 0.2375 0.1425 0.01625 0.09
0 0.25625 0.13875 0.01875 0.0825
0 0.2775 0.14 0.02375 0.0825
0 0.30375 0.1375 0.02875 0.0775
0 0.3275 0.135 0.01875 0.0825
0 0.3475 0.13125 0.02 0.07875
0 0.37 0.125 0.025 0.0925
0 0.3975 0.115 0.02625 0.09625
0 0.425 0.1175 0.0275 0.09125
0 0.45375 0.1125 0.0275 0.08375
0 0.48375 0.10875 0.03125 0.09
0 0.36875 0.36 0.02375 0.06625
0 0.515 0.105 0.03125 0.08125
0 0.58375 0.095 0.0275 0.09125
0 0.64125 0.08125 0.0275 0.08625
0 0.67625 0.0775 0.03875 0.095
0 0.74 0.06125 0.03375 0.08875
0 0.7775 0.0575 0.03875 0.10125
0 0.8125 0.0525 0.02875 0.09625
0 0.85 0.05125 0.0425 0.10125
0 0.14125 0.30875 0.025 0.08125
0 0.1675 0.30625 0.0275 0.085
0 0.20125 0.30875 0.025 0.09375
0 0.14875 0.38375 0.02625 0.035
0 0.18125 0.385 0.0275 0.04625
0 0.425 0.36625 0.025 0.06875
0 0.55125 0.09875 0.0325 0.09125
0 0.48125 0.36125 0.03125 0.0725
0 0.2 0.18375 0.02125 0.08875
0 0.32875 0.565 0.02125 0.05875
0 0.62875 0.7425 0.03125 0.07
0 0.66125 0.74375 0.03375 0.06375
0 0.6975 0.75375 0.03125 0.085
0 0.73625 0.76875 0.03625 0.07375
0 0.77625 0.77875 0.04 0.06375
0 0.81875 0.785 0.0325 0.09125
0 0.85625 0.79125 0.03625 0.07
0 0.40375 0.77625 0.02125 0.0825
0 0.42625 0.7775 0.02 0.07875
0 0.45 0.805 0.01875 0.06375
0 0.47375 0.8125 0.02625 0.05
0 0.59625 0.72625 0.0275 0.075
0 0.50125 0.82125 0.02625 0.06875
0 0.39875 0.58 0.02875 0.07125
0 0.3725 0.57375 0.02375 0.05625
0 0.35125 0.56875 0.01875 0.06625
0 0.145 0.70125 0.03125 0.06125
0 0.3075 0.5625 0.0225 0.06375
0 0.265 0.55125 0.025 0.04625
0 0.2475 0.62625 0.02375 0.095
0 0.57625 0.48375 0.0375 0.0825
0 0.54125 0.48 0.03125 0.075
0 0.51125 0.47875 0.0275 0.07875
0 0.48375 0.475 0.02625 0.07125
0 0.4275 0.58375 0.0225 0.0675
0 0.45625 0.4725 0.02875 0.075
0 0.565 0.71625 0.025 0.08125
0 0.5075 0.7 0.0275 0.07625
0 0.79375 0.655 0.04625 0.07125
0 0.75375 0.65 0.03125 0.08375
0 0.7175 0.64625 0.03875 0.06125
0 0.68125 0.63125 0.0325 0.0875
0 0.64875 0.62625 0.03125 0.07625
0 0.61 0.625 0.035 0.0625
0 0.57375 0.6075 0.03375 0.07625
0 0.54 0.6025 0.03125 0.06375
0 0.51 0.59625 0.02875 0.075
0 0.48 0.5925 0.0275 0.06625
0 0.45375 0.5875 0.025 0.075
0 0.5375 0.7075 0.03 0.065
0 0.28125 0.755 0.0175 0.04625
0 0.32 0.74875 0.02 0.08375
0 0.34375 0.75375 0.02375 0.07
0 0.37375 0.7675 0.03625 0.095
0 0.31125 0.655 0.02375 0.06375
0 0.335 0.6575 0.01875 0.0575
0 0.35625 0.665 0.02125 0.06875
0 0.38125 0.66875 0.02625 0.06
0 0.40625 0.675 0.02125 0.07125
0 0.42875 0.68125 0.02125 0.05875
0 0.45375 0.69 0.02875 0.07375
0 0.48125 0.695 0.0225 0.065
0 0.30125 0.7425 0.015 0.0725
0 0.8375 0.66125 0.04375 0.0925
0 0.4275 0.4675 0.02625 0.065
0 0.375 0.46625 0.02125 0.0625
0 0.5125 0.36375 0.03 0.0775
0 0.225 0.61875 0.02125 0.08375
0 0.17125 0.7075 0.015 0.05875
0 0.4 0.4675 0.0275 0.06625
0 0.2125 0.715 0.01875 0.07
0 0.235 0.725 0.02125 0.0875
0 0.26 0.73875 0.02875 0.0575
0 0.615 0.49 0.0375 0.07
0 0.5425 0.3625 0.02875 0.08
0 0.64875 0.49625 0.0275 0.0825
0 0.775 0.505 0.04375 0.0875
0 0.81875 0.50875 0.04125 0.095
0 0.8575 0.515 0.035 0.08125
0 0.13375 0.595 0.00875 0.09
0 0.145 0.6025 0.01375 0.075
0 0.16 0.60625 0.0125 0.08125
0 0.175 0.60625 0.0175 0.08
0 0.19875 0.61375 0.02875 0.09625
0 0.735 0.50375 0.03625 0.0875
0 0.57625 0.36625 0.04 0.08375
0 0.19125 0.715 0.02375 0.07
0 0.64875 0.3625 0.03125 0.08125
0 0.53 0.8275 0.03 0.05625
0 0.55875 0.83875 0.02625 0.0775
0 0.59 0.85 0.03125 0.06375
0 0.6225 0.865 0.03 0.0675
0 0.65375 0.875 0.03125 0.06375
0 0.68625 0.885 0.03 0.07125
0 0.72 0.89875 0.0375 0.065
0 0.615 0.365 0.03375 0.08125
0 0.79375 0.9225 0.03625 0.0675
0 0.82875 0.935 0.03 0.0875
0 0.86125 0.9575 0.0275 0.0625
0 0.75625 0.91625 0.02875 0.08125
0 0.8225 0.36625 0.045 0.09375
0 0.78 0.36625 0.0375 0.0925
0 0.86 0.36625 0.03 0.095
0 0.26375 0.45625 0.02125 0.0625
0 0.285 0.455 0.01875 0.06375
0 0.2725 0.64 0.025 0.0625
0 0.3275 0.46 0.02125 0.065
0 0.35125 0.4625 0.025 0.06875
0 0.30625 0.4575 0.02 0.07