0 0.66875 0.61125 0.02625 0.02625
0 0.28875 0.75375 0.05125 0.08125
0 0.2025 0.7325 0.085 0.11625
0 0.82875 0.5875 0.02875 0.0225
0 0.79625 0.58875 0.0275 0.02625
0 0.83 0.55625 0.02875 0.025
0 0.79875 0.5575 0.02875 0.02375
0 0.765 0.59375 0.02875 0.0275
0 0.73375 0.59875 0.03 0.02625
0 0.76625 0.5625 0.03125 0.02375
0 0.73125 0.56625 0.03125 0.02625
0 0.7 0.60625 0.02625 0.025
0 0.70125 0.57875 0.03 0.01875
0 0.66875 0.5825 0.02875 0.02125
0 0.5875 0.595 0.04375 0.075
0 0.34 0.7475 0.04625 0.07625
0 0.545 0.59875 0.0375 0.07625
0 0.46875 0.63375 0.03625 0.0275
0 0.50625 0.6 0.03375 0.025
0 0.46625 0.6 0.03625 0.02625
0 0.42375 0.61875 0.0425 0.0875
0 0.3775 0.6225 0.0475 0.08125
0 0.32875 0.6275 0.0475 0.085
0 0.27375 0.635 0.0525 0.09
0 0.85625 0.475 0.0175 0.035
0 0.83375 0.4775 0.0175 0.035
0 0.81375 0.47875 0.01875 0.03625
0 0.79125 0.48 0.02 0.03625
0 0.7725 0.48125 0.0175 0.0375
0 0.7475 0.48625 0.02 0.03875
0 0.7225 0.4875 0.0225 0.03625
0 0.50625 0.63 0.03125 0.03
0 0.69625 0.4875 0.0225 0.0375
0 0.3875 0.74 0.04375 0.08
0 0.47 0.69625 0.03875 0.0275
0 0.6125 0.7875 0.04 0.02
0 0.60125 0.8275 0.0325 0.05375
0 0.56625 0.8325 0.035 0.06375
0 0.5225 0.83 0.03875 0.06875
0 0.48125 0.84125 0.04 0.06625
0 0.43625 0.8475 0.0425 0.07375
0 0.39375 0.85625 0.04125 0.07375
0 0.34625 0.865 0.0475 0.075
0 0.29875 0.87375 0.04375 0.08375
0 0.195 0.8825 0.13875 0.115
0 0.86 0.6825 0.02375 0.0275
0 0.83 0.68875 0.02875 0.025
0 0.85875 0.65 0.02375 0.02375
0 0.83 0.6575 0.02875 0.03
0 0.43 0.7025 0.0375 0.025
0 0.79625 0.68125 0.025 0.05125
0 0.735 0.685 0.03375 0.07
0 0.69875 0.69 0.0325 0.06875
0 0.665 0.71875 0.02875 0.0225
0 0.245 0.0875 0.045 0.12125
0 0.63125 0.7225 0.0325 0.0225
0 0.66375 0.69125 0.03125 0.01625
0 0.63 0.6975 0.0325 0.01875
0 0.5925 0.705 0.03875 0.07375
0 0.55 0.70875 0.04125 0.07375
0 0.50875 0.71625 0.0375 0.08125
0 0.47125 0.75375 0.03375 0.025
0 0.43125 0.76 0.04 0.02625
0 0.46875 0.72375 0.03125 0.02375
0 0.43 0.73125 0.035 0.02125
0 0.76875 0.68625 0.02875 0.04875
0 0.6375 0.82 0.0325 0.04
0 0.6975 0.44875 0.02625 0.03625
0 0.6225 0.475 0.03875 0.07625
0 0.77375 0.1275 0.01875 0.08625
0 0.85 0.245 0.02375 0.09375
0 0.8225 0.24625 0.02625 0.0925
0 0.79125 0.24375 0.03125 0.0975
0 0.75375 0.24375 0.03375 0.09625
0 0.71375 0.24625 0.04 0.095
0 0.6725 0.245 0.03375 0.1
0 0.635 0.24375 0.03625 0.10125
0 0.595 0.24375 0.0375 0.10375
0 0.555 0.24375 0.03625 0.1025
0 0.51125 0.2375 0.03875 0.105
0 0.4725 0.2375 0.035 0.1125
0 0.43 0.2375 0.03875 0.10625
0 0.39 0.2375 0.03625 0.1125
0 0.795 0.12875 0.01625 0.08
0 0.34375 0.23375 0.04875 0.11
0 0.2525 0.2375 0.0425 0.11375
0 0.7475 0.12375 0.02625 0.0875
0 0.71625 0.12 0.0325 0.09375
0 0.685 0.1175 0.0275 0.09375
0 0.6525 0.115 0.03 0.09875
0 0.62125 0.11375 0.02625 0.10125
0 0.5925 0.10875 0.02375 0.1025
0 0.5575 0.11625 0.03625 0.08625
0 0.5125 0.10125 0.03875 0.11125
0 0.47 0.09875 0.03875 0.11125
0 0.42875 0.0975 0.0375 0.1125
0 0.38625 0.09375 0.0375 0.1125
0 0.34125 0.08875 0.04375 0.12375
0 0.29375 0.08625 0.04625 0.12375
0 0.2975 0.23625 0.03875 0.11125
0 0.66375 0.47125 0.0375 0.07125
0 0.81625 0.13 0.02125 0.07875
0 0.18875 0.3775 0.07625 0.165
0 0.5825 0.47875 0.04 0.07375
0 0.54375 0.50875 0.0325 0.02125
0 0.54375 0.4825 0.03125 0.02375
0 0.54375 0.45375 0.0325 0.025
0 0.51 0.51 0.0325 0.025
0 0.50875 0.48375 0.0325 0.0225
0 0.4725 0.51375 0.03625 0.025
0 0.47125 0.48375 0.03875 0.025
0 0.43 0.5175 0.03875 0.02375
0 0.43125 0.49 0.04 0.0275
0 0.38125 0.49375 0.04375 0.0825
0 0.33125 0.4975 0.05125 0.08375
0 0.2775 0.5025 0.0525 0.09125
0 0.2 0.57125 0.07125 0.17
0 0.8475 0.125 0.02875 0.09625
0 0.845 0.355 0.03625 0.0925
0 0.7725 0.3575 0.03125 0.09
0 0.73875 0.3625 0.03125 0.0925
0 0.7025 0.3625 0.03625 0.09375
0 0.665 0.36625 0.03125 0.09375
0 0.63 0.36875 0.0325 0.0975
0 0.59625 0.37 0.0325 0.09625
0 0.56 0.37 0.03375 0.09375
0 0.52375 0.36875 0.0325 0.10625
0 0.4825 0.36875 0.04 0.1025
0 0.44375 0.37125 0.03375 0.10625
0 0.39875 0.37125 0.04375 0.10625
0 0.3525 0.37375 0.04375 0.10875
0 0.30875 0.37375 0.04 0.11125
0 0.2625 0.37625 0.04125 0.11375
0 0.8075 0.35625 0.03375 0.09
0 0.67375 0.805 0.0325 0.055
0 0.1775 0.13625 0.07 0.16
0 0.74375 0.78 0.03 0.06375
0 0.77875 0.77375 0.03 0.06375
0 0.8125 0.76625 0.03125 0.06375
0 0.84625 0.76375 0.02875 0.0175
0 0.845 0.78375 0.02625 0.0175
0 0.70875 0.79 0.03625 0.06