0 0.59625 0.64125 0.02125 0.07125
0 0.57 0.6425 0.02375 0.0725
0 0.8575 0.53125 0.02625 0.08625
0 0.54 0.6425 0.0275 0.07125
0 0.765 0.13 0.0225 0.08
0 0.86375 0.115 0.0225 0.0775
0 0.85375 0.215 0.0275 0.09625
0 0.85625 0.32125 0.02625 0.09375
0 0.835 0.43125 0.02 0.08875
0 0.86375 0.4275 0.02125 0.09125
0 0.82125 0.52 0.0175 0.08875
0 0.82125 0.6225 0.025 0.07875
0 0.6075 0.73125 0.025 0.07
0 0.515 0.6375 0.01875 0.07125
0 0.805 0.73125 0.01625 0.08875
0 0.685 0.74 0.0175 0.0575
0 0.57875 0.7225 0.02 0.06
0 0.5325 0.7275 0.03 0.06625
0 0.50625 0.7275 0.01625 0.07125
0 0.6325 0.735 0.01875 0.055
0 0.65625 0.735 0.02125 0.05375
0 0.86375 0.73 0.0225 0.08625
0 0.73375 0.7425 0.02625 0.06
0 0.70625 0.725 0.01625 0.055
0 0.85125 0.6275 0.02125 0.08375
0 0.625 0.64 0.0225 0.07125
0 0.74625 0.44625 0.02625 0.09125
0 0.68375 0.6425 0.02375 0.06375
0 0.7175 0.44625 0.02125 0.09
0 0.68625 0.44625 0.02125 0.085
0 0.655 0.4425 0.02 0.0875
0 0.6275 0.44625 0.02 0.08625
0 0.59875 0.44375 0.03 0.09125
0 0.56875 0.44625 0.0275 0.08875
0 0.54 0.44625 0.025 0.08375
0 0.5125 0.44375 0.02625 0.0875
0 0.5375 0.3325 0.0225 0.07625
0 0.56375 0.33 0.025 0.0825
0 0.58875 0.32625 0.01875 0.09
0 0.61125 0.325 0.02 0.08375
0 0.64 0.32625 0.0225 0.0825
0 0.67125 0.32875 0.0275 0.085
0 0.7375 0.12875 0.0275 0.09
0 0.6275 0.54375 0.02625 0.0775
0 0.595 0.54125 0.02625 0.08125
0 0.565 0.53875 0.0225 0.08125
0 0.5375 0.5325 0.01875 0.065
0 0.51125 0.54375 0.0175 0.07875
0 0.71 0.54625 0.03 0.07625
0 0.51125 0.3325 0.02375 0.085
0 0.7425 0.545 0.0275 0.07875
0 0.74375 0.6425 0.03 0.0675
0 0.71 0.64125 0.0275 0.0675
0 0.65625 0.64125 0.0225 0.065
0 0.7025 0.13125 0.02125 0.08
0 0.3275 0.11 0.02375 0.0825
0 0.64 0.1275 0.025 0.0825
0 0.24 0.2075 0.025 0.07625
0 0.27125 0.20875 0.02375 0.07375
0 0.2975 0.20875 0.02375 0.08125
0 0.32625 0.21125 0.02375 0.07875
0 0.75875 0.22375 0.0225 0.08
0 0.7325 0.22125 0.025 0.0825
0 0.70125 0.22125 0.025 0.085
0 0.675 0.22625 0.015 0.085
0 0.64 0.22625 0.02 0.08625
0 0.6075 0.22625 0.0225 0.08875
0 0.57625 0.225 0.0225 0.08125
0 0.5425 0.22625 0.0275 0.09125
0 0.515 0.2325 0.01875 0.0925
0 0.43625 0.20375 0.0225 0.06375
0 0.21375 0.2075 0.0275 0.0725
0 0.4075 0.21 0.02 0.08
0 0.355 0.21 0.02 0.0825
0 0.695 0.33 0.02 0.0825
0 0.2225 0.38625 0.03125 0.07875
0 0.2525 0.39875 0.0225 0.05375
0 0.2825 0.3875 0.0275 0.0775
0 0.3125 0.39 0.02 0.0775
0 0.3425 0.39125 0.02375 0.075
0 0.375 0.395 0.02375 0.075
0 0.39875 0.39375 0.02125 0.07875
0 0.43125 0.4075 0.02125 0.04875
0 0.45875 0.4075 0.02 0.04875
0 0.25125 0.49125 0.0275 0.09
0 0.28625 0.4925 0.02875 0.09
0 0.3225 0.49125 0.03375 0.09625
0 0.37875 0.21375 0.02125 0.08
0 0.67125 0.13125 0.025 0.0825
0 0.4025 0.30875 0.02125 0.07
0 0.24375 0.10625 0.02625 0.09625
0 0.6075 0.13125 0.0225 0.07875
0 0.57875 0.12875 0.02375 0.08
0 0.5475 0.1275 0.02625 0.075
0 0.5175 0.125 0.02375 0.08125
0 0.35125 0.50125 0.0225 0.0775
0 0.38125 0.5025 0.02 0.07625
0 0.41125 0.50125 0.01625 0.07375
0 0.43875 0.5 0.01625 0.07625
0 0.4625 0.49875 0.01625 0.07375
0 0.26125 0.59875 0.0475 0.09
0 0.32625 0.6 0.05 0.09125
0 0.385 0.59875 0.04875 0.09
0 0.43875 0.6 0.04875 0.09
0 0.27 0.69875 0.04875 0.0925
0 0.21125 0.11 0.02625 0.0925
0 0.33625 0.70625 0.05625 0.0925
0 0.45875 0.695 0.03125 0.06375
0 0.21375 0.29625 0.02625 0.07875
0 0.24125 0.29875 0.02375 0.075
0 0.27 0.3 0.02125 0.075
0 0.29375 0.29875 0.02375 0.0775
0 0.32 0.305 0.025 0.075
0 0.34625 0.3025 0.02 0.07125
0 0.37375 0.30375 0.02625 0.07375
0 0.46 0.1125 0.0225 0.09375
0 0.435 0.115 0.0175 0.09
0 0.41125 0.11375 0.02 0.09125
0 0.38125 0.11125 0.02375 0.0925
0 0.3575 0.1125 0.01875 0.085
0 0.27625 0.105 0.02 0.0875
0 0.40875 0.69625 0.04625 0.075
0 0.7225 0.3275 0.03 0.08875