0 0.505 0.315 0.02875 0.04
0 0.53875 0.315 0.0275 0.04
0 0.57 0.31875 0.025 0.0375
0 0.405 0.3125 0.0325 0.04
0 0.25875 0.3075 0.03125 0.04125
0 0.26625 0.2275 0.0375 0.03
0 0.2375 0.78125 0.0125 0.045
0 0.605 0.31875 0.03 0.03875
0 0.38 0.2325 0.035 0.03125
0 0.3425 0.23125 0.03375 0.0325
0 0.30625 0.23 0.0325 0.03375
0 0.23375 0.21875 0.02375 0.04625
0 0.605 0.2875 0.035 0.015
0 0.71875 0.32125 0.0275 0.0375
0 0.71125 0.29 0.02875 0.01125
0 0.4175 0.235 0.03375 0.03
0 0.45625 0.235 0.035 0.03125
0 0.49875 0.2375 0.0375 0.03
0 0.54 0.23875 0.03375 0.03125
0 0.57625 0.23875 0.035 0.03125
0 0.61375 0.24 0.03375 0.0275
0 0.615 0.20875 0.0325 0.02875
0 0.66 0.1925 0.04125 0.0375
0 0.65625 0.24625 0.045 0.02125
0 0.7325 0.1825 0.04375 0.0175
0 0.73 0.20375 0.0425 0.01625
0 0.7275 0.225 0.0425 0.015
0 0.725 0.24625 0.04125 0.02
0 0.685 0.32 0.02875 0.04
0 0.67375 0.29 0.03875 0.01
0 0.6425 0.3175 0.0325 0.0375
0 0.6575 0.22375 0.04125 0.01375
0 0.2575 0.78625 0.015 0.04625
0 0.2975 0.6275 0.01875 0.04875
0 0.62125 0.54875 0.01875 0.06125
0 0.65 0.5525 0.025 0.06125
0 0.68 0.5525 0.02 0.0625
0 0.7075 0.55125 0.0225 0.0625
0 0.74125 0.5775 0.0325 0.0125
0 0.69125 0.635 0.0375 0.0275
0 0.73375 0.63 0.0275 0.03
0 0.76625 0.635 0.02875 0.0225
0 0.76625 0.66125 0.0275 0.02375
0 0.72875 0.66 0.03 0.02375
0 0.69125 0.66125 0.03875 0.02125
0 0.64625 0.66 0.03875 0.0225
0 0.61625 0.6525 0.01875 0.02875
0 0.58875 0.645 0.02625 0.03875
0 0.595 0.54875 0.0225 0.06125
0 0.5575 0.64375 0.0275 0.03875
0 0.50375 0.63625 0.02 0.04875
0 0.4725 0.63625 0.01875 0.05125
0 0.44625 0.6275 0.0225 0.06625
0 0.42 0.63 0.0175 0.05375
0 0.4 0.62875 0.0175 0.055
0 0.3775 0.6275 0.01875 0.0525
0 0.34375 0.62875 0.01375 0.0525
0 0.32125 0.62625 0.01625 0.05875
0 0.675 0.4725 0.00625 0.01
0 0.61625 0.38875 0.02 0.06
0 0.59375 0.39 0.0175 0.05875
0 0.5625 0.3975 0.02875 0.03875
0 0.53 0.39625 0.0225 0.0425
0 0.50125 0.395 0.025 0.04125
0 0.52875 0.64125 0.02625 0.04125
0 0.56875 0.5475 0.02125 0.05875
0 0.54125 0.55 0.02375 0.06125
0 0.51375 0.54875 0.025 0.0575
0 0.31625 0.5475 0.01625 0.0475
0 0.29375 0.545 0.02125 0.05
0 0.2725 0.54625 0.01625 0.05
0 0.24 0.5375 0.03125 0.02875
0 0.7475 0.48 0.0325 0.025
0 0.70875 0.4775 0.02625 0.03375
0 0.6775 0.475 0.0275 0.0325
0 0.64625 0.475 0.02625 0.03375
0 0.615 0.475 0.02375 0.035
0 0.58625 0.47125 0.0225 0.0375
0 0.55625 0.47 0.0275 0.0325
0 0.52625 0.47125 0.02625 0.03375
0 0.49625 0.47125 0.025 0.03625
0 0.46625 0.46875 0.02625 0.03125
0 0.4375 0.46875 0.025 0.03375
0 0.40625 0.4675 0.02875 0.03125
0 0.37375 0.47 0.03 0.02375
0 0.48875 0.55375 0.01625 0.0475
0 0.465 0.5525 0.0175 0.05125
0 0.44125 0.5475 0.02375 0.05875
0 0.4175 0.55 0.01625 0.05
0 0.3975 0.55 0.0175 0.04625
0 0.64 0.39 0.015 0.05875
0 0.4725 0.39375 0.02375 0.04
0 0.6625 0.3875 0.01625 0.05625
0 0.71 0.3925 0.025 0.06
0 0.26875 0.4675 0.02875 0.0225
0 0.2425 0.4575 0.01375 0.01
0 0.24 0.47375 0.02 0.015
0 0.305 0.4675 0.03 0.025
0 0.33875 0.47 0.0325 0.025
0 0.685 0.38875 0.01875 0.05875
0 0.44625 0.3925 0.02125 0.03625
0 0.415 0.39625 0.02625 0.025
0 0.38 0.395 0.03 0.02875
0 0.25375 0.61625 0.0225 0.07375
0 0.23125 0.6125 0.01875 0.07875
0 0.2375 0.70375 0.03 0.0625
0 0.29 0.725 0.04375 0.03375
0 0.3425 0.72375 0.05125 0.0375
0 0.39125 0.7 0.035 0.02375
0 0.39 0.7275 0.03875 0.02125
0 0.44125 0.72375 0.02625 0.04
0 0.475 0.72125 0.0275 0.04
0 0.5175 0.73125 0.03375 0.0275
0 0.51375 0.69 0.035 0.02125
0 0.3425 0.54375 0.02375 0.0575
0 0.56 0.735 0.03625 0.02625
0 0.6 0.735 0.03625 0.02625
0 0.645 0.7375 0.0375 0.03
0 0.68625 0.74 0.03625 0.03
0 0.725 0.73 0.02875 0.025
0 0.2775 0.62875 0.0175 0.0525
0 0.295 0.80375 0.045 0.02125
0 0.56 0.70625 0.04 0.025
0 0.36875 0.545 0.02375 0.05875
0 0.3475 0.79375 0.0275 0.02375
0 0.34375 0.39375 0.02875 0.03
0 0.31125 0.4025 0.0325 0.01375
0 0.27875 0.385 0.0125 0.04375
0 0.2625 0.38625 0.015 0.04
0 0.3625 0.31 0.0325 0.03875
0 0.3275 0.31 0.03125 0.03875
0 0.2925 0.3075 0.0275 0.0375
0 0.75875 0.725 0.02625 0.025
0 0.3075 0.385 0.0325 0.01375
0 0.75875 0.7975 0.035 0.0425
0 0.675 0.80125 0.04375 0.0425
0 0.625 0.80375 0.04375 0.03875
0 0.57375 0.80375 0.0425 0.0275
0 0.525 0.7975 0.0375 0.0525
0 0.48 0.795 0.03625 0.04125
0 0.41875 0.80375 0.02625 0.01875
0 0.71875 0.79625 0.03375 0.05
0 0.3825 0.8025 0.0325 0.025