0 0.37125 0.80625 0.01625 0.02
0 0.455 0.58875 0.02375 0.02625
0 0.4975 0.555 0.0575 0.0075
0 0.4975 0.565 0.05875 0.01
0 0.49625 0.5825 0.055 0.015
0 0.5825 0.56375 0.05625 0.0175
0 0.58125 0.59 0.0575 0.025
0 0.53875 0.6 0.02375 0.0075
0 0.23375 0.225 0.01875 0.05625
0 0.2675 0.25 0.0325 0.09875
0 0.305 0.2425 0.0325 0.09125
0 0.23625 0.32375 0.02875 0.06125
0 0.30125 0.34875 0.025 0.06125
0 0.2675 0.41875 0.0225 0.0325
0 0.2975 0.4175 0.02375 0.0375
0 0.3325 0.41625 0.02625 0.03875
0 0.2325 0.47125 0.01625 0.03375
0 0.25875 0.4725 0.01875 0.03125
0 0.28625 0.4725 0.0175 0.03375
0 0.3075 0.47125 0.01375 0.02875
0 0.33 0.46875 0.02125 0.0325
0 0.42875 0.5875 0.0225 0.025
0 0.24125 0.55125 0.025 0.0475
0 0.40375 0.58375 0.0225 0.0325
0 0.3525 0.57625 0.02 0.04625
0 0.38 0.5075 0.015 0.0175
0 0.395 0.495 0.01 0.04625
0 0.40625 0.5 0.01 0.03875
0 0.42 0.49125 0.015 0.05375
0 0.435 0.49875 0.01125 0.04125
0 0.4475 0.4975 0.01375 0.045
0 0.45875 0.5075 0.005 0.02125
0 0.46875 0.5 0.0125 0.03125
0 0.4825 0.51 0.0125 0.0175
0 0.49625 0.5025 0.0125 0.035
0 0.5075 0.5 0.00875 0.0375
0 0.51875 0.49375 0.01125 0.05125
0 0.53625 0.49625 0.0175 0.05125
0 0.55625 0.5025 0.01875 0.035
0 0.5875 0.5025 0.0175 0.0375
0 0.625 0.5025 0.01875 0.0325
0 0.6525 0.49875 0.01875 0.03875
0 0.70125 0.50125 0.0175 0.045
0 0.72625 0.515 0.025 0.015
0 0.7525 0.515 0.02625 0.01875
0 0.77375 0.51125 0.01375 0.0225
0 0.3775 0.5825 0.0225 0.0325
0 0.27125 0.555 0.0225 0.04375
0 0.3475 0.805 0.02125 0.0175
0 0.3925 0.8025 0.01875 0.01875
0 0.42875 0.65625 0.01375 0.02125
0 0.4475 0.65625 0.01875 0.02875
0 0.4675 0.65625 0.01875 0.02875
0 0.49125 0.65375 0.02125 0.03125
0 0.535 0.65875 0.02625 0.0225
0 0.575 0.64375 0.0225 0.0525
0 0.60125 0.64875 0.01875 0.0425
0 0.62 0.65125 0.0175 0.04625
0 0.64125 0.65375 0.01875 0.02375
0 0.4575 0.71 0.02625 0.0175
0 0.4325 0.7225 0.0175 0.02625
0 0.405 0.7275 0.03125 0.01375
0 0.3625 0.705 0.02125 0.05125
0 0.7525 0.65875 0.025 0.0125
0 0.75375 0.64125 0.0275 0.0175
0 0.73 0.64 0.01375 0.05125
0 0.7125 0.65 0.0125 0.02875
0 0.7 0.6475 0.0075 0.03375
0 0.68875 0.64625 0.0075 0.03375
0 0.6775 0.6525 0.01375 0.02875
0 0.66 0.6475 0.01375 0.02625
0 0.40875 0.65875 0.025 0.01875
0 0.3875 0.65625 0.015 0.0225
0 0.37 0.65 0.01625 0.035
0 0.35125 0.655 0.01875 0.0275
0 0.42625 0.80125 0.03125 0.02625
0 0.48625 0.79875 0.03 0.03125
0 0.51125 0.78875 0.01125 0.05125
0 0.31875 0.5525 0.0225 0.0475
0 0.25875 0.7775 0.0475 0.0775
0 0.3875 0.26375 0.03 0.04375
0 0.415 0.265 0.01125 0.045
0 0.43625 0.26375 0.02625 0.045
0 0.46375 0.26625 0.015 0.03875
0 0.4875 0.26625 0.03 0.04375
0 0.3575 0.5025 0.0175 0.02625
0 0.525 0.255 0.0225 0.065
0 0.58 0.25875 0.02 0.0575
0 0.6225 0.5925 0.02 0.0075
0 0.6225 0.60125 0.0225 0.005
0 0.64375 0.57875 0.02 0.0275
0 0.6725 0.58125 0.02375 0.0275
0 0.69625 0.58 0.0225 0.0275
0 0.72375 0.58375 0.025 0.02125
0 0.75125 0.58375 0.02125 0.02875
0 0.77125 0.585 0.01875 0.02125
0 0.35375 0.625 0.015 0.0075
0 0.555 0.26 0.02 0.05625
0 0.7725 0.43375 0.0175 0.04
0 0.4825 0.4925 0.0125 0.0175
0 0.515 0.4325 0.015 0.03375
0 0.5275 0.79 0.01375 0.05
0 0.39625 0.36375 0.01 0.0275
0 0.3825 0.36375 0.0125 0.0275
0 0.36875 0.36375 0.0125 0.0275
0 0.3525 0.35 0.015 0.05125
0 0.70625 0.26 0.01625 0.0625
0 0.68125 0.25875 0.015 0.0575
0 0.6625 0.26125 0.01625 0.06125
0 0.755 0.4325 0.01375 0.03875
0 0.73875 0.4325 0.01625 0.03375
0 0.5425 0.7925 0.01125 0.04625
0 0.7225 0.4275 0.01375 0.04625
0 0.6875 0.4275 0.0125 0.0475
0 0.6675 0.42875 0.01875 0.045
0 0.63375 0.4425 0.01625 0.02
0 0.6175 0.4375 0.01 0.02625
0 0.60125 0.43625 0.01875 0.03125
0 0.6025 0.41 0.0175 0.01125
0 0.58125 0.43375 0.01625 0.0325
0 0.56625 0.43375 0.01375 0.03625
0 0.55 0.43375 0.0125 0.0325
0 0.53125 0.43125 0.0125 0.03375
0 0.70375 0.4275 0.01625 0.04625
0 0.44125 0.36125 0.01625 0.03
0 0.5575 0.79625 0.01625 0.045
0 0.59 0.7975 0.01375 0.04
0 0.465 0.3625 0.0175 0.02875
0 0.48125 0.365 0.015 0.03125
0 0.4975 0.36375 0.01 0.0275
0 0.5075 0.36375 0.0075 0.03
0 0.51625 0.36625 0.01 0.03
0 0.5275 0.36625 0.00875 0.025
0 0.55 0.3625 0.025 0.01125
0 0.54875 0.37375 0.02625 0.01125
0 0.57125 0.36625 0.01375 0.03125
0 0.6 0.34375 0.0325 0.01125
0 0.57375 0.79625 0.015 0.045
0 0.6 0.37 0.0325 0.01125
0 0.7725 0.2825 0.01625 0.0225
0 0.74875 0.285 0.02875 0.0125
0 0.75625 0.805 0.01875 0.03375
0 0.73625 0.80625 0.01625 0.035
0 0.715 0.80375 0.01875 0.03375
0 0.69375 0.805 0.02 0.0375
0 0.67125 0.80375 0.0175 0.0275
0 0.65 0.8 0.01875 0.035
0 0.625 0.7975 0.0125 0.0375
0 0.60875 0.79375 0.01625 0.0425
0 0.63 0.3625 0.02 0.03375
0 0.5125 0.405 0.01625 0.01125
0 0.4225 0.36 0.0175 0.035
0 0.49625 0.43125 0.015 0.0325
0 0.6825 0.7125 0.03 0.07
0 0.70625 0.7275 0.01375 0.03375
0 0.64375 0.72125 0.015 0.03625
0 0.62125 0.72875 0.01375 0.0275
0 0.60375 0.72375 0.01625 0.02875
0 0.72625 0.72875 0.0175 0.0325
0 0.585 0.72625 0.015 0.0275
0 0.56625 0.7275 0.01875 0.025
0 0.74625 0.7275 0.0125 0.035
0 0.7625 0.72875 0.0175 0.03375
0 0.54125 0.7275 0.0175 0.02375
0 0.52375 0.72 0.01625 0.035
0 0.50625 0.72875 0.0175 0.02
0 0.48375 0.7275 0.02125 0.02375
0 0.43625 0.69125 0.01625 0.0125
0 0.45625 0.72875 0.02625 0.015
0 0.71625 0.33625 0.0275 0.02
0 0.64875 0.3575 0.01375 0.0375
0 0.47875 0.43 0.01375 0.03125
0 0.6625 0.36125 0.01125 0.03125
0 0.6775 0.36125 0.0125 0.0325
0 0.46125 0.425 0.01875 0.045
0 0.69375 0.36125 0.01125 0.03625
0 0.44125 0.4275 0.0175 0.04
0 0.4225 0.42375 0.015 0.0475
0 0.4025 0.425 0.0225 0.04
0 0.375 0.42625 0.03125 0.04125
0 0.71625 0.365 0.0275 0.0225
0 0.7425 0.3675 0.025 0.02
0 0.765 0.36125 0.015 0.0325