0 0.41625 0.65125 0.01875 0.0625
0 0.55625 0.66875 0.01875 0.05875
0 0.57375 0.67125 0.015 0.055
0 0.59625 0.67125 0.01875 0.0575
0 0.605 0.6 0.02125 0.06
0 0.58 0.6 0.0175 0.06
0 0.55875 0.6 0.01875 0.06125
0 0.47875 0.6 0.015 0.05875
0 0.44 0.58125 0.02 0.05875
0 0.41375 0.57875 0.01875 0.065
0 0.39375 0.5825 0.02 0.0625
0 0.37 0.58125 0.0175 0.06125
0 0.3475 0.58 0.0175 0.06125
0 0.3225 0.585 0.01875 0.05125
0 0.43125 0.74875 0.0125 0.03125
0 0.3 0.585 0.015 0.05625
0 0.21875 0.5725 0.01625 0.04625
0 0.1975 0.56875 0.0225 0.04375
0 0.17125 0.5725 0.02 0.05125
0 0.14875 0.57 0.0175 0.055
0 0.12875 0.56625 0.0075 0.0425
0 0.1325 0.485 0.01375 0.055
0 0.1525 0.4825 0.02125 0.05375
0 0.19875 0.48875 0.02 0.05
0 0.2225 0.485 0.02125 0.06375
0 0.25 0.49375 0.0225 0.03875
0 0.305 0.52125 0.01125 0.025
0 0.32625 0.5025 0.01875 0.06125
0 0.355 0.49875 0.02125 0.06
0 0.2425 0.57625 0.01875 0.05
0 0.47 0.75 0.01625 0.03
0 0.48625 0.735 0.01 0.04
0 0.41125 0.74375 0.01625 0.05
0 0.3925 0.75 0.0125 0.035
0 0.36875 0.75125 0.01375 0.035
0 0.3525 0.74875 0.015 0.03875
0 0.3325 0.75125 0.01875 0.04
0 0.31 0.75375 0.015 0.0375
0 0.29 0.755 0.015 0.03875
0 0.21625 0.73875 0.0225 0.0475
0 0.19125 0.7375 0.015 0.04875
0 0.17 0.7375 0.01875 0.04375
0 0.15 0.7375 0.0175 0.04625
0 0.16875 0.6475 0.02 0.04375
0 0.195 0.65 0.015 0.0475
0 0.21875 0.65125 0.0175 0.045
0 0.24125 0.65125 0.02375 0.05375
0 0.295 0.65625 0.0175 0.06
0 0.32 0.655 0.01875 0.05875
0 0.345 0.65375 0.02 0.0575
0 0.36625 0.65375 0.0175 0.06375
0 0.38875 0.6525 0.02125 0.0575
0 0.44 0.65 0.02375 0.055
0 0.47375 0.67625 0.015 0.055
0 0.49125 0.67125 0.01 0.05125
0 0.50625 0.66125 0.0125 0.03
0 0.52625 0.66125 0.01625 0.03625
0 0.59375 0.74 0.01875 0.03375
0 0.57125 0.74125 0.0175 0.03625
0 0.55 0.74375 0.0125 0.0375
0 0.525 0.7325 0.02125 0.03875
0 0.5 0.73375 0.01375 0.03875
0 0.38 0.50125 0.02125 0.065
0 0.4025 0.5025 0.01875 0.0675
0 0.17625 0.4875 0.015 0.055
0 0.44375 0.505 0.02375 0.0675
0 0.595 0.37875 0.02125 0.0625
0 0.45 0.34625 0.025 0.0675
0 0.42625 0.345 0.015 0.06
0 0.40125 0.345 0.01875 0.06375
0 0.42125 0.50375 0.015 0.05875
0 0.37875 0.34125 0.015 0.065
0 0.61875 0.37625 0.02125 0.0675
0 0.33375 0.33875 0.01875 0.05875
0 0.25875 0.32875 0.02 0.06
0 0.235 0.33 0.0175 0.04875
0 0.215 0.32625 0.0175 0.05125
0 0.19375 0.32625 0.01875 0.04875
0 0.17125 0.32625 0.02125 0.05125
0 0.15 0.32125 0.015 0.0525
0 0.30625 0.33625 0.02375 0.0725
0 0.1325 0.32125 0.015 0.05125
0 0.6225 0.2975 0.015 0.06625
0 0.57 0.3025 0.02 0.06
0 0.1325 0.25 0.015 0.05125
0 0.15125 0.25125 0.01375 0.04875
0 0.17875 0.255 0.01375 0.05125
0 0.20875 0.2575 0.025 0.05625
0 0.24 0.2625 0.025 0.03875
0 0.3 0.25625 0.0175 0.055
0 0.5975 0.29875 0.025 0.065
0 0.325 0.26375 0.01625 0.0525
0 0.3825 0.27 0.0225 0.05
0 0.40375 0.27125 0.015 0.04875
0 0.42625 0.2725 0.01875 0.0475
0 0.45 0.2675 0.0175 0.0575
0 0.49125 0.3 0.00875 0.05375
0 0.51 0.29875 0.02 0.055
0 0.3525 0.27125 0.02125 0.04375
0 0.12875 0.40875 0.0075 0.0475
0 0.35625 0.34125 0.02125 0.065
0 0.16125 0.41125 0.02 0.04625
0 0.50125 0.52625 0.02 0.065
0 0.52125 0.5275 0.015 0.055
0 0.56375 0.5275 0.01625 0.065
0 0.14 0.41 0.01375 0.045
0 0.58625 0.52875 0.02 0.0575
0 0.6075 0.5275 0.0175 0.0625
0 0.61375 0.455 0.0225 0.0575
0 0.58875 0.4525 0.0175 0.05875
0 0.5675 0.455 0.015 0.06125
0 0.5475 0.4525 0.02 0.06875
0 0.525 0.4525 0.01625 0.06375
0 0.5025 0.45 0.02 0.06
0 0.48 0.45125 0.01125 0.06
0 0.47875 0.5275 0.01625 0.06625
0 0.4475 0.43 0.02 0.05875
0 0.42375 0.4275 0.01875 0.0675
0 0.40125 0.4275 0.01375 0.06625
0 0.37625 0.425 0.02 0.065
0 0.35125 0.42375 0.01875 0.0675
0 0.2025 0.415 0.01625 0.0425
0 0.32625 0.42125 0.01625 0.06625
0 0.30375 0.42375 0.01625 0.06625
0 0.25875 0.415 0.02125 0.0475
0 0.1825 0.4125 0.01875 0.04875
0 0.22 0.415 0.015 0.0425
0 0.2375 0.41125 0.01375 0.04625
0 0.51125 0.36375 0.06 0.04625