0 0.40875 0.84 0.02375 0.0575
0 0.38 0.84125 0.0325 0.055
0 0.345 0.8425 0.03375 0.0575
0 0.3125 0.84375 0.02875 0.05625
0 0.285 0.84375 0.0225 0.055
0 0.25625 0.84375 0.02875 0.0575
0 0.1375 0.8475 0.025 0.05625
0 0.195 0.84375 0.02875 0.05625
0 0.16625 0.84375 0.02625 0.05875
0 0.86875 0.70625 0.0125 0.085
0 0.825 0.70375 0.0175 0.0825
0 0.8475 0.70625 0.02625 0.08
0 0.43375 0.8425 0.02375 0.06375
0 0.22375 0.8425 0.03 0.0575
0 0.465 0.84625 0.0275 0.05625
0 0.36875 0.4625 0.03375 0.07
0 0.52375 0.84625 0.025 0.05125
0 0.55125 0.8475 0.0225 0.05375
0 0.5775 0.84625 0.0275 0.055
0 0.605 0.8425 0.02375 0.0575
0 0.63125 0.845 0.0275 0.05125
0 0.65875 0.84375 0.02375 0.0525
0 0.68625 0.845 0.025 0.055
0 0.74125 0.825 0.02375 0.08625
0 0.7725 0.825 0.0275 0.08875
0 0.825 0.835 0.02125 0.09
0 0.8525 0.8325 0.02875 0.0825
0 0.7975 0.815 0.0175 0.07
0 0.8025 0.70375 0.0225 0.08125
0 0.40125 0.4625 0.0275 0.06875
0 0.49625 0.8475 0.025 0.05
0 0.7725 0.69625 0.025 0.0625
0 0.71375 0.84375 0.0275 0.0575
0 0.72125 0.695 0.02 0.075
0 0.305 0.46375 0.03125 0.07
0 0.27375 0.46375 0.02875 0.06875
0 0.245 0.4625 0.0275 0.0675
0 0.21375 0.4625 0.03375 0.07
0 0.74625 0.69375 0.02125 0.06875
0 0.15 0.4625 0.03125 0.06875
0 0.81125 0.34625 0.03875 0.075
0 0.77625 0.345 0.03 0.075
0 0.7425 0.3475 0.035 0.07875
0 0.70875 0.3475 0.02875 0.0775
0 0.6775 0.3475 0.0325 0.07625
0 0.6475 0.34625 0.0275 0.07625
0 0.61125 0.34625 0.035 0.07875
0 0.57875 0.34375 0.0275 0.07625
0 0.54875 0.34375 0.03125 0.075
0 0.515 0.345 0.03375 0.075
0 0.48 0.34375 0.03625 0.07875
0 0.445 0.34375 0.02875 0.08
0 0.41375 0.3425 0.03 0.07875
0 0.3775 0.34375 0.035 0.075
0 0.34375 0.3425 0.02875 0.07875
0 0.3075 0.34125 0.04 0.07875
0 0.27 0.34125 0.03375 0.07875
0 0.23625 0.34375 0.0325 0.07625
0 0.2 0.34 0.03375 0.0775
0 0.33625 0.4625 0.03 0.06875
0 0.165 0.34 0.035 0.07625
0 0.60625 0.59125 0.03125 0.04875
0 0.5475 0.59125 0.0275 0.05125
0 0.43 0.46375 0.03 0.06875
0 0.46125 0.46375 0.03125 0.06625
0 0.495 0.46375 0.02875 0.06875
0 0.52375 0.465 0.02625 0.07
0 0.55625 0.46375 0.02875 0.06875
0 0.61625 0.465 0.0325 0.0675
0 0.6525 0.4675 0.03 0.0675
0 0.68125 0.4675 0.0225 0.07
0 0.71125 0.4675 0.03125 0.06625
0 0.74 0.46875 0.025 0.06625
0 0.7675 0.46875 0.03125 0.065
0 0.7975 0.4675 0.02625 0.0625
0 0.1475 0.5875 0.02625 0.065
0 0.1775 0.5875 0.02875 0.06875
0 0.21 0.58625 0.03125 0.065
0 0.24125 0.58625 0.03125 0.06375
0 0.27375 0.58625 0.03 0.065
0 0.305 0.5875 0.03125 0.0625
0 0.33625 0.5875 0.02875 0.06375
0 0.36625 0.5925 0.02875 0.05625
0 0.39625 0.59125 0.0275 0.055
0 0.42625 0.59125 0.02875 0.05375
0 0.45625 0.59 0.03 0.0525
0 0.48625 0.59125 0.025 0.05
0 0.515 0.5925 0.02875 0.0525
0 0.57625 0.59125 0.0275 0.05125
0 0.8225 0.2125 0.0375 0.0725
0 0.18125 0.46125 0.03 0.06875
0 0.745 0.21 0.0375 0.0725
0 0.72875 0.59375 0.02625 0.05
0 0.755 0.5925 0.025 0.0475
0 0.78375 0.59 0.03125 0.05125
0 0.8175 0.60125 0.02375 0.075
0 0.85125 0.6075 0.0275 0.06
0 0.85875 0.28625 0.0175 0.08
0 0.14125 0.69625 0.02875 0.07
0 0.17 0.695 0.025 0.07125
0 0.19875 0.69375 0.02125 0.07
0 0.225 0.6925 0.02875 0.07
0 0.78375 0.21125 0.04 0.075
0 0.27625 0.69375 0.025 0.0725
0 0.30125 0.69375 0.02375 0.0725
0 0.32625 0.69375 0.025 0.07125
0 0.35125 0.69375 0.02375 0.0725
0 0.375 0.69375 0.0225 0.07375
0 0.40625 0.7 0.02625 0.06125
0 0.43625 0.695 0.02375 0.0675
0 0.465 0.695 0.0275 0.06875
0 0.495 0.69625 0.03 0.06375
0 0.52875 0.69875 0.02625 0.05625
0 0.56 0.7 0.0275 0.05375
0 0.59 0.7 0.0275 0.055
0 0.61625 0.70625 0.02375 0.04625
0 0.63875 0.705 0.02125 0.0425
0 0.6675 0.7025 0.02375 0.05625
0 0.69375 0.7025 0.02625 0.0525
0 0.7 0.59375 0.0225 0.04625
0 0.67875 0.5925 0.01375 0.05375
0 0.25125 0.69375 0.02125 0.0725
0 0.67625 0.20375 0.03 0.08375
0 0.71 0.20375 0.03375 0.08375
0 0.65875 0.59 0.0225 0.05
0 0.6425 0.20375 0.0275 0.085
0 0.60875 0.20375 0.03875 0.08625
0 0.57125 0.20375 0.03 0.085
0 0.53875 0.2025 0.03375 0.0825
0 0.5025 0.2025 0.03125 0.085
0 0.46875 0.2025 0.03125 0.08375
0 0.44 0.18875 0.025 0.11125
0 0.4125 0.19 0.02625 0.1125
0 0.3775 0.19 0.03375 0.1175
0 0.345 0.18625 0.0275 0.11625
0 0.3175 0.1875 0.02625 0.1125
0 0.2575 0.185 0.03 0.11
0 0.2275 0.18375 0.02875 0.11125
0 0.2875 0.18375 0.03 0.11125
0 0.16625 0.18 0.0225 0.11375
0 0.635 0.59 0.025 0.05125
0 0.14 0.18 0.02625 0.11375
0 0.19625 0.18375 0.0325 0.1125