0 0.46375 0.18125 0.03125 0.0975
0 0.135 0.20625 0.01625 0.08625
0 0.43 0.18625 0.0325 0.105
0 0.1575 0.2025 0.02375 0.09125
0 0.21625 0.1975 0.02875 0.0925
0 0.84875 0.3025 0.03375 0.065
0 0.5975 0.31375 0.0325 0.1075
0 0.63375 0.31125 0.03875 0.115
0 0.6725 0.30625 0.035 0.11125
0 0.46375 0.31375 0.0375 0.09625
0 0.49875 0.31125 0.0325 0.10125
0 0.8175 0.3025 0.0275 0.06625
0 0.53125 0.31125 0.0325 0.10375
0 0.49 0.6875 0.0175 0.065
0 0.50875 0.68875 0.0175 0.06125
0 0.52625 0.695 0.02 0.07375
0 0.5475 0.69375 0.0175 0.06625
0 0.37 0.19 0.02875 0.095
0 0.58875 0.69875 0.0175 0.065
0 0.5625 0.30875 0.0275 0.1075
0 0.6075 0.7025 0.02 0.07375
0 0.79 0.30375 0.02875 0.06875
0 0.7375 0.30875 0.02125 0.0725
0 0.49875 0.18 0.03625 0.10125
0 0.5425 0.1825 0.02875 0.095
0 0.57375 0.17375 0.03125 0.1125
0 0.61 0.17125 0.035 0.1075
0 0.4025 0.19 0.02 0.09625
0 0.68125 0.16875 0.03875 0.11375
0 0.76125 0.305 0.025 0.065
0 0.71125 0.1725 0.02 0.09625
0 0.75875 0.1675 0.02 0.0975
0 0.78125 0.165 0.02375 0.09125
0 0.8075 0.1625 0.0275 0.09375
0 0.835 0.165 0.02875 0.09625
0 0.8625 0.165 0.02375 0.09875
0 0.71125 0.3125 0.03125 0.06875
0 0.735 0.17 0.025 0.095
0 0.185 0.2 0.03 0.09375
0 0.63375 0.70375 0.02 0.06875
0 0.67625 0.7075 0.0225 0.07375
0 0.19375 0.31375 0.02375 0.0925
0 0.21875 0.31375 0.025 0.0925
0 0.2475 0.315 0.0275 0.09375
0 0.27875 0.31125 0.035 0.1025
0 0.33875 0.31125 0.03 0.09125
0 0.3675 0.3125 0.025 0.09125
0 0.17 0.3175 0.02125 0.08875
0 0.39375 0.315 0.025 0.10375
0 0.43375 0.4 0.03 0.04875
0 0.4325 0.4425 0.03375 0.0325
0 0.3375 0.18875 0.0325 0.1
0 0.3025 0.19 0.03375 0.1025
0 0.26875 0.19375 0.0275 0.09375
0 0.24125 0.19625 0.02125 0.095
0 0.42125 0.31125 0.02375 0.1025
0 0.655 0.70625 0.02 0.06625
0 0.1475 0.31375 0.0225 0.09625
0 0.7975 0.4125 0.04625 0.075
0 0.795 0.7075 0.04125 0.04125
0 0.69875 0.6075 0.0375 0.07875
0 0.74125 0.61375 0.045 0.06875
0 0.785 0.61875 0.04 0.08125
0 0.8325 0.6225 0.05125 0.075
0 0.62125 0.60875 0.01875 0.07
0 0.8475 0.41125 0.04875 0.07625
0 0.64125 0.61 0.01875 0.06625
0 0.705 0.5075 0.04125 0.08375
0 0.75 0.51 0.04875 0.07875
0 0.7975 0.51 0.04125 0.0925
0 0.84375 0.50875 0.04875 0.0925
0 0.7075 0.4125 0.045 0.0775
0 0.75125 0.41125 0.04125 0.07375
0 0.66125 0.61125 0.02375 0.06875
0 0.5675 0.6975 0.0225 0.0675
0 0.64375 0.1675 0.03125 0.1125
0 0.3675 0.67 0.015 0.05625
0 0.32375 0.6825 0.03 0.0275
0 0.2925 0.6825 0.03125 0.0325
0 0.31375 0.58375 0.0325 0.03125
0 0.2825 0.5825 0.0275 0.03375
0 0.22375 0.57625 0.03125 0.02875
0 0.19125 0.575 0.0325 0.0325
0 0.47125 0.685 0.02 0.06375
0 0.4525 0.6825 0.01375 0.07
0 0.4375 0.67875 0.01875 0.06125
0 0.41875 0.67625 0.015 0.06375
0 0.40125 0.67375 0.01875 0.0575
0 0.38375 0.6725 0.015 0.06
0 0.285 0.42375 0.0225 0.07
0 0.35 0.66875 0.0175 0.06
0 0.5925 0.595 0.01625 0.05
0 0.575 0.59125 0.015 0.05375
0 0.555 0.5925 0.02125 0.05375
0 0.5375 0.5875 0.01625 0.05875
0 0.5175 0.58625 0.02 0.05375
0 0.4975 0.585 0.01625 0.05625
0 0.48 0.58375 0.01625 0.0525
0 0.46375 0.58 0.01625 0.05875
0 0.4475 0.57875 0.01375 0.055
0 0.43125 0.57875 0.0175 0.05375
0 0.41375 0.58 0.015 0.05125
0 0.39875 0.5775 0.01625 0.05375
0 0.38125 0.57625 0.0175 0.0475
0 0.28875 0.65 0.03125 0.0325
0 0.36125 0.57375 0.01625 0.0525
0 0.3225 0.65125 0.03 0.0275
0 0.31875 0.6175 0.03125 0.03
0 0.205 0.4175 0.02375 0.07125
0 0.15875 0.4225 0.0275 0.0775
0 0.13375 0.4225 0.0175 0.07875
0 0.275 0.4975 0.0325 0.02875
0 0.24125 0.495 0.0275 0.03
0 0.3125 0.535 0.03125 0.0325
0 0.2825 0.535 0.02875 0.035
0 0.25125 0.53125 0.03 0.0275
0 0.22 0.53 0.03125 0.035
0 0.18625 0.5275 0.03375 0.0275
0 0.155 0.52375 0.02875 0.0325
0 0.1525 0.49125 0.03 0.03125
0 0.1425 0.65875 0.02875 0.03
0 0.14 0.6275 0.02875 0.0225
0 0.13875 0.6025 0.0275 0.03
0 0.13875 0.56625 0.0275 0.03125
0 0.2 0.66375 0.02625 0.0225
0 0.1725 0.66375 0.0275 0.02625
0 0.16625 0.63 0.0275 0.02875
0 0.25875 0.67625 0.025 0.02375
0 0.22875 0.67125 0.03125 0.03125
0 0.26 0.645 0.025 0.02875
0 0.23125 0.64125 0.03125 0.02
0 0.2 0.6375 0.03125 0.02625
0 0.25375 0.61125 0.02625 0.02875
0 0.225 0.60875 0.02875 0.0225
0 0.195 0.60625 0.03125 0.02625
0 0.2875 0.6175 0.03 0.03125
0 0.23125 0.42375 0.02625 0.08125
0 0.67 0.51875 0.0225 0.0625
0 0.63 0.52125 0.02125 0.06375
0 0.6275 0.42125 0.0175 0.08
0 0.6075 0.42125 0.01875 0.07375
0 0.585 0.42 0.02 0.0725
0 0.56625 0.42125 0.01875 0.075
0 0.545 0.42125 0.01875 0.08
0 0.52625 0.42125 0.02 0.07125
0 0.65 0.42375 0.0225 0.0725
0 0.50375 0.42125 0.02375 0.07125
0 0.4625 0.41875 0.02 0.06625
0 0.40375 0.42 0.015 0.065
0 0.39 0.41875 0.01125 0.06875
0 0.65 0.52 0.01625 0.06125
0 0.3575 0.41875 0.0175 0.0675
0 0.375 0.42125 0.01625 0.065
0 0.48125 0.42 0.015 0.06625
0 0.6725 0.42125 0.01875 0.07125
0 0.25875 0.42625 0.025 0.075
0 0.33875 0.505 0.015 0.0625
0 0.585 0.5175 0.02 0.07125
0 0.6075 0.5175 0.0225 0.07375
0 0.56625 0.51875 0.0175 0.07
0 0.545 0.51375 0.025 0.06125
0 0.5225 0.51 0.0175 0.0675
0 0.485 0.50625 0.02 0.07
0 0.50375 0.50875 0.0175 0.065
0 0.445 0.5075 0.02 0.06375
0 0.4275 0.50875 0.015 0.065
0 0.41125 0.505 0.01875 0.06625
0 0.39125 0.50375 0.01625 0.0625
0 0.37375 0.50125 0.01625 0.06375
0 0.35625 0.50375 0.0175 0.0625
0 0.465 0.50375 0.01625 0.06875