0 0.6475 0.46875 0.02125 0.0575
0 0.4725 0.465 0.03 0.0875
0 0.4975 0.4675 0.01875 0.0825
0 0.52125 0.46875 0.0225 0.075
0 0.5425 0.46875 0.01625 0.075
0 0.62625 0.46625 0.01875 0.06375
0 0.58625 0.45625 0.01875 0.08125
0 0.60625 0.465 0.02125 0.0625
0 0.44375 0.46625 0.02375 0.08
0 0.56375 0.45875 0.0225 0.0825
0 0.415 0.4675 0.02875 0.08625
0 0.605 0.30875 0.035 0.085
0 0.31125 0.4825 0.0575 0.08
0 0.23375 0.475 0.09875 0.105
0 0.165 0.48875 0.0375 0.105
0 0.135 0.4875 0.01875 0.105
0 0.1475 0.66875 0.04125 0.10625
0 0.1875 0.6625 0.03625 0.0925
0 0.22625 0.65625 0.03875 0.10375
0 0.2675 0.64125 0.0275 0.105
0 0.29875 0.6175 0.0325 0.13125
0 0.66875 0.4575 0.01125 0.0675
0 0.355 0.47625 0.02875 0.0925
0 0.6825 0.4575 0.01375 0.065
0 0.525 0.3075 0.02875 0.08
0 0.71 0.4525 0.01375 0.07375
0 0.28875 0.27125 0.11875 0.15
0 0.17625 0.26875 0.10125 0.14
0 0.3725 0.3225 0.04625 0.05875
0 0.46125 0.26625 0.1 0.11
0 0.475 0.34625 0.075 0.04375
0 0.3275 0.61875 0.0275 0.1275
0 0.56 0.31 0.04 0.08375
0 0.65125 0.31625 0.06 0.08
0 0.70875 0.31625 0.055 0.08125
0 0.7575 0.3175 0.0325 0.085
0 0.79375 0.32125 0.0375 0.07875
0 0.82625 0.3225 0.02625 0.08
0 0.8575 0.3225 0.035 0.08
0 0.86375 0.45 0.01125 0.0375
0 0.85 0.4475 0.015 0.0425
0 0.8375 0.45125 0.0125 0.03875
0 0.82 0.4125 0.0225 0.06125
0 0.77875 0.45125 0.03125 0.05875
0 0.7575 0.44625 0.01125 0.06875
0 0.7425 0.4475 0.01625 0.07125
0 0.725 0.44875 0.015 0.0675
0 0.69625 0.45875 0.0125 0.06375
0 0.3575 0.625 0.0225 0.1025
0 0.385 0.47125 0.02875 0.0925
0 0.41125 0.605 0.03125 0.105
0 0.2375 0.8025 0.06875 0.12375
0 0.30125 0.7875 0.05625 0.1275
0 0.35625 0.77375 0.0575 0.105
0 0.40875 0.75375 0.04625 0.11125
0 0.45625 0.7425 0.04 0.10125
0 0.49 0.72875 0.02375 0.10125
0 0.51375 0.7225 0.02375 0.11125
0 0.17 0.82125 0.075 0.13375
0 0.5375 0.72375 0.02 0.07875
0 0.57625 0.71125 0.02 0.07625
0 0.6 0.70875 0.02 0.0775
0 0.6175 0.70625 0.015 0.07125
0 0.63875 0.69375 0.0175 0.08
0 0.65875 0.69125 0.01625 0.075
0 0.67375 0.6925 0.015 0.07
0 0.6925 0.67625 0.02125 0.075
0 0.38375 0.615 0.0275 0.1175
0 0.71 0.66625 0.01375 0.08
0 0.155 0.955 0.0575 0.08875
0 0.28125 0.93375 0.0575 0.1325
0 0.835 0.72375 0.01125 0.07375
0 0.81875 0.725 0.01875 0.07
0 0.86625 0.7075 0.01125 0.0575
0 0.84875 0.71375 0.01375 0.05625
0 0.85875 0.71125 0.0075 0.06
0 0.77875 0.74125 0.0325 0.05875
0 0.74875 0.7525 0.02375 0.06375
0 0.21625 0.94625 0.06875 0.1075
0 0.715 0.7675 0.04375 0.05875
0 0.62625 0.80125 0.0425 0.06625
0 0.59125 0.80875 0.03 0.08375
0 0.54625 0.8225 0.06 0.0575
0 0.5 0.84875 0.02875 0.08375
0 0.455 0.85875 0.0575 0.06375
0 0.4025 0.87875 0.0475 0.1025
0 0.34 0.90375 0.06125 0.095
0 0.66375 0.78375 0.0325 0.08125
0 0.72625 0.6625 0.01625 0.08
0 0.55875 0.71875 0.01625 0.08875
0 0.75625 0.6625 0.01375 0.0625
0 0.79625 0.575 0.0175 0.01
0 0.76625 0.55875 0.02125 0.0675
0 0.74625 0.56375 0.01625 0.05625
0 0.7275 0.56375 0.01625 0.06875
0 0.705 0.5625 0.02625 0.0725
0 0.7425 0.66375 0.0125 0.06875
0 0.67 0.57375 0.0125 0.06375
0 0.65625 0.5775 0.015 0.07125
0 0.795 0.56 0.02625 0.01625
0 0.64 0.5775 0.01875 0.07125
0 0.6 0.58375 0.01375 0.075
0 0.58375 0.58875 0.01625 0.0825
0 0.5575 0.5825 0.015 0.0925
0 0.54 0.58625 0.01875 0.0975
0 0.51875 0.59 0.02125 0.09125
0 0.5 0.59625 0.015 0.10625
0 0.475 0.60875 0.03375 0.08
0 0.43875 0.60125 0.02375 0.11125
0 0.6175 0.5825 0.02125 0.08125
0 0.79125 0.545 0.0325 0.01375
0 0.68375 0.56625 0.01375 0.08
0 0.795 0.53125 0.035 0.015
0 0.8275 0.6425 0.01375 0.0675
0 0.81125 0.64125 0.01375 0.075
0 0.77125 0.50875 0.035 0.0125
0 0.87 0.6275 0.01 0.05875
0 0.87 0.535 0.01 0.06
0 0.85875 0.535 0.0125 0.06125
0 0.84875 0.53625 0.0075 0.06375
0 0.8375 0.53875 0.015 0.05875
0 0.79875 0.65125 0.01125 0.06375
0 0.785 0.6525 0.0125 0.06
0 0.77125 0.66 0.0125 0.0575
0 0.81625 0.5525 0.02 0.01875
0 0.8175 0.56875 0.02375 0.015
0 0.84125 0.63625 0.01125 0.06125
0 0.8575 0.62875 0.01375 0.06