0 0.545 0.17 0.045 0.125
0 0.8 0.19125 0.03 0.08875
0 0.8375 0.1925 0.0375 0.08625
0 0.8525 0.295 0.03375 0.0825
0 0.81875 0.295 0.02875 0.08625
0 0.785 0.295 0.0325 0.08375
0 0.75125 0.295 0.03125 0.0825
0 0.76625 0.1925 0.03375 0.08875
0 0.71875 0.29625 0.0325 0.0875
0 0.73 0.19 0.03 0.09125
0 0.69875 0.19125 0.03 0.08875
0 0.59125 0.1725 0.0325 0.13125
0 0.5075 0.16625 0.03 0.13
0 0.725 0.7975 0.0275 0.0825
0 0.42625 0.16125 0.0325 0.12875
0 0.3825 0.17625 0.0325 0.10375
0 0.34875 0.1775 0.03125 0.0975
0 0.30875 0.18375 0.04 0.1025
0 0.2675 0.18125 0.0425 0.10625
0 0.68625 0.29875 0.02375 0.0875
0 0.1525 0.1475 0.0425 0.115
0 0.4975 0.9275 0.03125 0.07875
0 0.53 0.92875 0.02625 0.08
0 0.56375 0.925 0.03125 0.08125
0 0.6575 0.9025 0.03375 0.09875
0 0.7025 0.89625 0.035 0.09875
0 0.74125 0.8975 0.0275 0.09625
0 0.46625 0.1625 0.04 0.13
0 0.59375 0.315 0.0325 0.1125
0 0.28375 0.31125 0.02625 0.12
0 0.5175 0.3125 0.03375 0.11125
0 0.1925 0.92375 0.0325 0.11625
0 0.29375 0.93125 0.0325 0.06375
0 0.3275 0.9275 0.02625 0.0675
0 0.3575 0.9275 0.02875 0.0675
0 0.39125 0.93125 0.03125 0.0625
0 0.425 0.93 0.02875 0.07
0 0.46125 0.93375 0.03 0.0725
0 0.7425 0.39875 0.0325 0.09125
0 0.71 0.4 0.0225 0.09625
0 0.6775 0.4 0.02875 0.09375
0 0.58875 0.445 0.03625 0.1075
0 0.5475 0.4475 0.03625 0.10875
0 0.51 0.4475 0.035 0.10875
0 0.15125 0.92375 0.04125 0.11375
0 0.47125 0.44875 0.03125 0.10875
0 0.43375 0.44625 0.03625 0.10875
0 0.39375 0.44875 0.02875 0.10875
0 0.3575 0.44625 0.0325 0.1125
0 0.31875 0.44625 0.03625 0.10875
0 0.28 0.44625 0.02875 0.10875
0 0.165 0.41625 0.04875 0.1075
0 0.795 0.8925 0.0475 0.10125
0 0.32375 0.31375 0.04375 0.11875
0 0.365 0.31375 0.03375 0.1175
0 0.40125 0.31375 0.03875 0.1175
0 0.44125 0.315 0.03375 0.11625
0 0.47875 0.3125 0.03625 0.11375
0 0.555 0.31625 0.03625 0.1125
0 0.85 0.89 0.05 0.0975
0 0.69375 0.7975 0.0325 0.0825
0 0.4475 0.57 0.03125 0.09625
0 0.82375 0.6075 0.0275 0.08
0 0.79125 0.6075 0.03125 0.0825
0 0.72625 0.6075 0.02875 0.07875
0 0.6975 0.61 0.0225 0.07875
0 0.66875 0.60875 0.02625 0.08125
0 0.575 0.6975 0.03375 0.11
0 0.5325 0.69625 0.0375 0.11
0 0.4925 0.695 0.03 0.1075
0 0.45375 0.6975 0.03875 0.10875
0 0.36875 0.5775 0.0275 0.10125
0 0.4075 0.575 0.04 0.09375
0 0.48125 0.5725 0.0325 0.09
0 0.51625 0.57 0.0325 0.09375
0 0.855 0.605 0.03125 0.08
0 0.55125 0.57125 0.0325 0.0975
0 0.68375 0.50375 0.03 0.08625
0 0.7475 0.50375 0.03625 0.09
0 0.43625 0.83375 0.0375 0.08625
0 0.78125 0.50625 0.03125 0.08875
0 0.81375 0.50375 0.03125 0.09375
0 0.8425 0.3975 0.02625 0.09625
0 0.80875 0.39875 0.0325 0.0925
0 0.775 0.3975 0.025 0.09125
0 0.4725 0.83375 0.03375 0.0875
0 0.50875 0.83125 0.03375 0.07875
0 0.5425 0.83 0.03125 0.0825
0 0.5725 0.8275 0.0275 0.0775
0 0.66375 0.7975 0.03 0.0825
0 0.585 0.56625 0.03125 0.1025
0 0.6675 0.71 0.02375 0.075
0 0.76 0.6075 0.03 0.08
0 0.72875 0.7025 0.03 0.08375
0 0.75875 0.7975 0.03 0.08
0 0.78875 0.7975 0.03 0.07875
0 0.82375 0.79375 0.03125 0.0825
0 0.85625 0.795 0.0275 0.08125
0 0.1475 0.80625 0.03375 0.10125
0 0.185 0.8125 0.03875 0.09875
0 0.21625 0.8075 0.015 0.1025
0 0.2975 0.8425 0.0325 0.07875
0 0.33375 0.84 0.035 0.0825
0 0.36875 0.8375 0.03625 0.0725
0 0.40375 0.83 0.02625 0.07875
0 0.695 0.7 0.0225 0.07625
0 0.82 0.70375 0.02125 0.085
0 0.7875 0.7025 0.0275 0.085
0 0.85 0.70125 0.0325 0.08625
0 0.40875 0.7 0.035 0.10625
0 0.37125 0.7 0.03125 0.1075
0 0.33 0.7025 0.0325 0.10875
0 0.29125 0.70375 0.035 0.10875
0 0.20875 0.67875 0.02875 0.10875
0 0.17125 0.6875 0.02125 0.0525
0 0.14375 0.68125 0.03125 0.10125
0 0.18375 0.5425 0.03125 0.10625
0 0.76 0.70375 0.02125 0.085
0 0.14625 0.54375 0.03875 0.1
0 0.29125 0.5775 0.0325 0.09625
0 0.3325 0.57875 0.04375 0.09625