0 0.5225 0.84 0.03125 0.08875
0 0.57 0.8225 0.055 0.11875
0 0.62875 0.825 0.05625 0.12125
0 0.4625 0.6975 0.0375 0.08375
0 0.68875 0.825 0.05625 0.12
0 0.74375 0.82625 0.04625 0.1125
0 0.79375 0.86 0.03875 0.05375
0 0.525 0.11 0.055 0.0375
0 0.47125 0.1 0.0475 0.05625
0 0.17125 0.32375 0.02875 0.0625
0 0.485 0.84125 0.0325 0.09375
0 0.425 0.84 0.0325 0.0875
0 0.33125 0.845 0.025 0.08375
0 0.3625 0.8425 0.02375 0.08125
0 0.13625 0.32625 0.0225 0.06125
0 0.5225 0.0825 0.05 0.01125
0 0.27 0.83625 0.03625 0.1025
0 0.2 0.83875 0.03875 0.085
0 0.16125 0.84 0.03375 0.0825
0 0.85625 0.72375 0.03625 0.05375
0 0.82375 0.7175 0.025 0.06
0 0.7675 0.68625 0.04 0.0925
0 0.7225 0.68 0.03 0.08
0 0.6875 0.69125 0.03125 0.09875
0 0.3925 0.84375 0.025 0.08125
0 0.8475 0.21625 0.02625 0.045
0 0.81625 0.20875 0.0275 0.0625
0 0.78875 0.2175 0.025 0.045
0 0.63 0.10125 0.05 0.04875
0 0.68125 0.09875 0.04625 0.05375
0 0.7325 0.09625 0.04875 0.0575
0 0.78875 0.09375 0.05125 0.0575
0 0.84875 0.075 0.05125 0.0275
0 0.84625 0.1075 0.05625 0.02875
0 0.1525 0.21875 0.03375 0.0625
0 0.1875 0.21125 0.02875 0.0775
0 0.21875 0.21 0.03125 0.07625
0 0.2525 0.21 0.0275 0.0775
0 0.285 0.21 0.02625 0.07875
0 0.31375 0.22625 0.02375 0.045
0 0.34 0.225 0.02375 0.04375
0 0.38125 0.17625 0.0375 0.0225
0 0.59125 0.69875 0.045 0.08125
0 0.375 0.205 0.03875 0.0275
0 0.41625 0.22375 0.025 0.0475
0 0.4425 0.22375 0.02375 0.04375
0 0.48125 0.18 0.04875 0.025
0 0.48125 0.20625 0.04875 0.025
0 0.53125 0.2175 0.04875 0.05875
0 0.58 0.215 0.04375 0.05875
0 0.48 0.23375 0.04625 0.02375
0 0.63375 0.1825 0.055 0.01125
0 0.63125 0.1975 0.05375 0.00875
0 0.63125 0.225 0.05125 0.035
0 0.6725 0.21875 0.02375 0.0475
0 0.69875 0.215 0.0225 0.05375
0 0.72375 0.21875 0.02 0.04625
0 0.75625 0.20875 0.03 0.0625
0 0.37875 0.23375 0.04375 0.02625
0 0.505 0.6975 0.0375 0.0825
0 0.20875 0.32125 0.01625 0.06125
0 0.28375 0.3125 0.0525 0.08125
0 0.80625 0.58875 0.03375 0.07375
0 0.83625 0.615 0.02 0.04875
0 0.8625 0.61 0.02375 0.0675
0 0.7725 0.57875 0.025 0.075
0 0.74 0.5875 0.03125 0.07
0 0.7 0.58375 0.04125 0.06875
0 0.6525 0.58875 0.04375 0.06875
0 0.6 0.59625 0.05125 0.05125
0 0.5475 0.585 0.04375 0.0725
0 0.49125 0.585 0.05 0.075
0 0.405 0.59125 0.0375 0.06375
0 0.3575 0.58625 0.05 0.06875
0 0.165 0.54 0.0325 0.0675
0 0.2075 0.53875 0.045 0.065
0 0.25625 0.54 0.045 0.07125
0 0.14125 0.6375 0.02125 0.04
0 0.13625 0.5375 0.0225 0.075
0 0.17625 0.62625 0.04125 0.065
0 0.2275 0.63125 0.05 0.05625
0 0.27875 0.63375 0.04625 0.045
0 0.32 0.62875 0.02375 0.06375
0 0.165 0.725 0.05125 0.03625
0 0.21 0.71125 0.03 0.0525
0 0.24375 0.71 0.03125 0.06
0 0.2775 0.70875 0.02625 0.0575
0 0.3075 0.71 0.02875 0.06
0 0.34 0.70875 0.025 0.0625
0 0.37625 0.70125 0.04 0.0825
0 0.4225 0.70875 0.0325 0.065
0 0.8525 0.5475 0.0375 0.02
0 0.85 0.5225 0.035 0.02
0 0.85125 0.4975 0.0425 0.02375
0 0.85125 0.4475 0.04625 0.02375
0 0.33875 0.33125 0.04 0.10625
0 0.39 0.3325 0.04125 0.10625
0 0.42625 0.33 0.02 0.095
0 0.45625 0.32875 0.0375 0.10375
0 0.49875 0.32875 0.03125 0.10875
0 0.53375 0.3275 0.0325 0.1075
0 0.56875 0.33 0.03125 0.1075
0 0.6025 0.3475 0.03125 0.075
0 0.665 0.32375 0.04375 0.1025
0 0.71625 0.3425 0.0475 0.07125
0 0.76 0.3425 0.02875 0.07125
0 0.80625 0.32125 0.05875 0.115
0 0.19 0.43125 0.04 0.07125
0 0.5475 0.7025 0.035 0.0775
0 0.23625 0.32125 0.0325 0.0675
0 0.28125 0.42375 0.055 0.09
0 0.34875 0.4425 0.045 0.025
0 0.35 0.48375 0.045 0.0525
0 0.4 0.445 0.02125 0.06125
0 0.4375 0.46875 0.04125 0.07375
0 0.4825 0.46375 0.04375 0.085
0 0.52375 0.4725 0.035 0.0625
0 0.56625 0.46125 0.04375 0.08375
0 0.6125 0.4575 0.045 0.09
0 0.6675 0.45375 0.05625 0.1
0 0.5775 0.10125 0.04625 0.0575
0 0.73125 0.4525 0.05625 0.10125
0 0.7925 0.41625 0.05625 0.03
0 0.79375 0.46875 0.0575 0.065
0 0.85125 0.4175 0.0475 0.02875
0 0.15 0.45875 0.02625 0.03
0 0.23 0.435 0.03375 0.075
0 0.30375 0.84375 0.02625 0.08125
0 0.525 0.0675 0.0475 0.01
0 0.14125 0.09625 0.03 0.07875
0 0.19125 0.1075 0.05625 0.05625
0 0.2525 0.105 0.06125 0.06
0 0.31125 0.10625 0.0475 0.0525
0 0.365 0.11 0.05 0.04625
0 0.4175 0.10875 0.0475 0.04375