0 0.15 0.715 0.02625 0.06
0 0.825 0.725 0.02375 0.05375
0 0.86 0.71125 0.03 0.08875
0 0.85625 0.84125 0.03625 0.085
0 0.81875 0.82875 0.0275 0.09875
0 0.78875 0.8275 0.03 0.0975
0 0.7575 0.8425 0.0275 0.06875
0 0.73 0.845 0.025 0.06375
0 0.7 0.84875 0.03 0.06375
0 0.6675 0.8475 0.02625 0.0625
0 0.63875 0.8475 0.0275 0.065
0 0.60875 0.845 0.02625 0.0625
0 0.58125 0.84375 0.025 0.065
0 0.55375 0.8375 0.0225 0.075
0 0.525 0.83375 0.025 0.08
0 0.49875 0.83 0.02375 0.09125
0 0.475 0.8375 0.02125 0.08
0 0.7975 0.72625 0.02375 0.055
0 0.76875 0.72125 0.0275 0.0625
0 0.7375 0.7175 0.0275 0.06625
0 0.705 0.7125 0.02875 0.07
0 0.1475 0.615 0.02625 0.06
0 0.74625 0.49625 0.02875 0.0775
0 0.21125 0.7175 0.0275 0.0575
0 0.24 0.7175 0.02875 0.0575
0 0.27 0.71625 0.025 0.06125
0 0.3 0.71625 0.0275 0.05625
0 0.33125 0.71375 0.03125 0.06375
0 0.445 0.84125 0.02375 0.06375
0 0.365 0.71125 0.03125 0.0625
0 0.48875 0.7175 0.02875 0.06125
0 0.52 0.7175 0.0275 0.0625
0 0.54875 0.7125 0.0275 0.0725
0 0.57875 0.7125 0.03125 0.07375
0 0.61 0.7125 0.025 0.07375
0 0.63875 0.7125 0.03 0.06875
0 0.67375 0.71625 0.03 0.06875
0 0.45875 0.7175 0.025 0.05625
0 0.1775 0.615 0.0225 0.0625
0 0.42 0.83875 0.025 0.06625
0 0.3625 0.26 0.03125 0.08
0 0.76125 0.11875 0.035 0.08625
0 0.19375 0.1325 0.03125 0.0775
0 0.26875 0.1275 0.03 0.085
0 0.3025 0.1275 0.035 0.08125
0 0.3375 0.12375 0.03125 0.0875
0 0.3725 0.125 0.03 0.0825
0 0.40625 0.125 0.0325 0.08125
0 0.79625 0.11875 0.03125 0.085
0 0.44125 0.125 0.03125 0.08125
0 0.50875 0.12375 0.03375 0.0825
0 0.545 0.12125 0.035 0.08625
0 0.58 0.12 0.03125 0.08125
0 0.61375 0.1225 0.03 0.08125
0 0.65125 0.12125 0.0325 0.08125
0 0.685 0.12 0.03125 0.08375
0 0.7225 0.12 0.035 0.08375
0 0.47375 0.1225 0.03 0.08
0 0.16125 0.13125 0.03 0.0825
0 0.8625 0.59875 0.02375 0.08375
0 0.135 0.83875 0.02 0.0625
0 0.3275 0.25625 0.0275 0.0775
0 0.29625 0.25625 0.0275 0.08125
0 0.265 0.25625 0.03 0.0825
0 0.2325 0.25625 0.025 0.08
0 0.20125 0.26125 0.02625 0.07
0 0.17125 0.26 0.02875 0.07125
0 0.14 0.26125 0.02875 0.07375
0 0.135 0.135 0.01875 0.08125
0 0.39125 0.83875 0.025 0.06875
0 0.36 0.84 0.025 0.07125
0 0.33 0.84375 0.025 0.0625
0 0.3 0.84375 0.025 0.065
0 0.27125 0.84125 0.0225 0.06375
0 0.24375 0.84125 0.0275 0.0625
0 0.215 0.8425 0.0225 0.065
0 0.1875 0.84 0.025 0.065
0 0.16 0.83875 0.02375 0.0625
0 0.39625 0.26125 0.02625 0.08375
0 0.205 0.61125 0.02625 0.0625
0 0.235 0.6125 0.0275 0.06
0 0.58125 0.3775 0.0275 0.085
0 0.15875 0.49625 0.025 0.07125
0 0.13375 0.495 0.01625 0.07
0 0.13875 0.37875 0.0275 0.07875
0 0.17125 0.38375 0.03125 0.07125
0 0.20625 0.38375 0.0275 0.06875
0 0.235 0.385 0.025 0.07125
0 0.26375 0.38375 0.02875 0.0725
0 0.18875 0.49625 0.02875 0.07375
0 0.29625 0.385 0.02875 0.07375
0 0.3575 0.38125 0.0325 0.075
0 0.38875 0.38375 0.03 0.075
0 0.4225 0.3825 0.03 0.075
0 0.45125 0.38 0.0275 0.075
0 0.4825 0.38125 0.03 0.07375
0 0.51375 0.3825 0.03 0.0775
0 0.54875 0.3775 0.0275 0.085
0 0.325 0.38375 0.02875 0.07625
0 0.26625 0.6125 0.025 0.06125
0 0.22 0.49625 0.0275 0.0725
0 0.285 0.49625 0.03 0.07375
0 0.64875 0.49625 0.0275 0.07875
0 0.77625 0.4975 0.0275 0.075
0 0.81 0.4975 0.03125 0.0775
0 0.8425 0.49625 0.0275 0.075
0 0.8625 0.1175 0.025 0.08625
0 0.71 0.4975 0.03125 0.08125
0 0.58875 0.49625 0.025 0.07
0 0.25125 0.495 0.02875 0.07125
0 0.55875 0.49625 0.02625 0.07625
0 0.49875 0.49625 0.02625 0.07375
0 0.4675 0.4975 0.02875 0.0725
0 0.43625 0.4975 0.02625 0.07625
0 0.40375 0.49625 0.03 0.0725
0 0.37375 0.4975 0.02875 0.0725
0 0.34375 0.495 0.02625 0.0725
0 0.31375 0.49625 0.025 0.07125
0 0.52875 0.49625 0.03 0.07625
0 0.615 0.37875 0.03375 0.08375
0 0.6475 0.3775 0.0275 0.0825
0 0.68125 0.375 0.03 0.0825
0 0.74375 0.6125 0.02875 0.06
0 0.715 0.61375 0.025 0.055
0 0.68625 0.61375 0.02875 0.055
0 0.65625 0.615 0.02625 0.05625
0 0.62625 0.6125 0.02625 0.05875
0 0.5975 0.6125 0.02625 0.05625
0 0.5675 0.61 0.0275 0.05625
0 0.77375 0.615 0.025 0.05375
0 0.54 0.6075 0.025 0.065
0 0.48 0.61 0.025 0.0675
0 0.44625 0.60875 0.02625 0.06875
0 0.41625 0.6075 0.02625 0.065
0 0.3875 0.60625 0.02625 0.06625
0 0.35625 0.6125 0.0275 0.0575
0 0.32625 0.61125 0.02625 0.05875
0 0.29625 0.61 0.02875 0.06
0 0.5075 0.60875 0.025 0.065
0 0.80375 0.615 0.0275 0.05875
0 0.83375 0.61375 0.0275 0.055
0 0.43125 0.25625 0.02875 0.08375
0 0.715 0.375 0.03375 0.08
0 0.74875 0.375 0.02875 0.0825
0 0.7825 0.37375 0.03 0.08375
0 0.81375 0.37375 0.02875 0.08375
0 0.8475 0.375 0.03375 0.08
0 0.84375 0.25 0.04125 0.08
0 0.795 0.25625 0.03375 0.08625
0 0.76 0.25375 0.0325 0.0875
0 0.725 0.25625 0.03 0.09
0 0.6925 0.255 0.02875 0.09125
0 0.66 0.2575 0.03125 0.0875
0 0.62625 0.25625 0.0325 0.08125
0 0.59375 0.2575 0.0275 0.0825
0 0.56 0.25625 0.0325 0.085
0 0.52625 0.25875 0.03125 0.085
0 0.495 0.2575 0.0275 0.0875
0 0.46125 0.2575 0.03 0.0825
0 0.68 0.4975 0.02875 0.0775
0 0.8325 0.11875 0.0325 0.08625