0 0.41625 0.44625 0.0325 0.0775
0 0.57625 0.435 0.03375 0.1075
0 0.5425 0.44375 0.03125 0.09375
0 0.51 0.4425 0.03125 0.09125
0 0.4775 0.44125 0.02875 0.09
0 0.74875 0.31125 0.04625 0.07625
0 0.79875 0.30875 0.0525 0.08
0 0.8525 0.30875 0.04375 0.07875
0 0.135 0.465 0.01875 0.03
0 0.16125 0.435 0.03125 0.08875
0 0.195 0.44 0.0325 0.08125
0 0.2475 0.44 0.02 0.085
0 0.27 0.4425 0.02125 0.08
0 0.29 0.435 0.01875 0.0975
0 0.44625 0.43125 0.02625 0.1125
0 0.31375 0.44375 0.025 0.0775
0 0.3375 0.44 0.02 0.09
0 0.3625 0.43875 0.02375 0.0925
0 0.38625 0.44625 0.02375 0.08
0 0.22375 0.4425 0.02375 0.075
0 0.8425 0.13125 0.03875 0.10375
0 0.645 0.32375 0.03125 0.01625
0 0.24375 0.30125 0.02875 0.02125
0 0.24375 0.3225 0.02625 0.0175
0 0.26875 0.2775 0.02 0.1075
0 0.2925 0.2775 0.0225 0.1075
0 0.31625 0.28875 0.02375 0.085
0 0.61 0.43875 0.0325 0.1025
0 0.34375 0.2925 0.025 0.0775
0 0.21 0.30375 0.035 0.05375
0 0.17625 0.29125 0.02875 0.08
0 0.1475 0.29 0.02125 0.0875
0 0.805 0.13125 0.035 0.1025
0 0.6975 0.31 0.05125 0.08
0 0.7675 0.1325 0.03875 0.10375
0 0.68625 0.13375 0.0375 0.105
0 0.65125 0.1075 0.03125 0.15625
0 0.36875 0.30625 0.0175 0.05125
0 0.38625 0.3025 0.0175 0.06
0 0.41125 0.28 0.02875 0.1075
0 0.4475 0.31875 0.025 0.0275
0 0.47125 0.29625 0.0225 0.07375
0 0.5025 0.29125 0.0375 0.0825
0 0.54 0.29375 0.0325 0.07875
0 0.5775 0.28 0.0325 0.10375
0 0.61125 0.32375 0.03125 0.02
0 0.72625 0.1325 0.04125 0.10375
0 0.64375 0.43625 0.03125 0.10875
0 0.8375 0.61875 0.05 0.0775
0 0.73375 0.4675 0.045 0.07875
0 0.50625 0.11875 0.02125 0.13375
0 0.5275 0.11625 0.02375 0.13875
0 0.555 0.1075 0.03125 0.16
0 0.58375 0.1275 0.02375 0.11875
0 0.61125 0.11 0.0275 0.1475
0 0.55 0.85375 0.0275 0.11375
0 0.52125 0.8525 0.02625 0.11625
0 0.49375 0.8525 0.0275 0.11375
0 0.465 0.115 0.025 0.14625
0 0.4225 0.84625 0.02375 0.10875
0 0.36875 0.8525 0.0175 0.095
0 0.34875 0.8475 0.0225 0.09625
0 0.325 0.84625 0.02375 0.095
0 0.30125 0.845 0.02 0.09375
0 0.28 0.84375 0.02125 0.09125
0 0.255 0.835 0.0225 0.105
0 0.20375 0.83125 0.0275 0.10625
0 0.1775 0.83375 0.01875 0.10125
0 0.39375 0.845 0.03 0.1075
0 0.68625 0.46625 0.04125 0.0825
0 0.435 0.11125 0.03125 0.15375
0 0.57875 0.85625 0.02875 0.11875
0 0.155 0.125 0.02625 0.13125
0 0.18125 0.15875 0.02 0.065
0 0.205 0.125 0.025 0.13
0 0.23125 0.125 0.02375 0.13
0 0.25625 0.1175 0.0225 0.1475
0 0.28 0.1175 0.02 0.1475
0 0.30875 0.1175 0.03375 0.14375
0 0.34625 0.11625 0.035 0.1475
0 0.3825 0.1325 0.02375 0.10875
0 0.40875 0.11875 0.02 0.1375
0 0.86 0.88125 0.02625 0.1125
0 0.83125 0.8775 0.02375 0.11125
0 0.80875 0.87875 0.02125 0.10625
0 0.78125 0.87375 0.02625 0.11125
0 0.7375 0.8725 0.025 0.10625
0 0.69 0.8675 0.025 0.1125
0 0.6625 0.86125 0.02375 0.11875
0 0.63625 0.85875 0.0275 0.115
0 0.6075 0.85875 0.025 0.11875
0 0.825 0.75375 0.04875 0.0775
0 0.77625 0.75125 0.0425 0.07625
0 0.4575 0.8775 0.04375 0.05125
0 0.6425 0.72 0.0275 0.1275
0 0.15 0.585 0.02125 0.0625
0 0.17625 0.60125 0.0275 0.04
0 0.78625 0.61875 0.04875 0.0775
0 0.2025 0.57625 0.01875 0.09125
0 0.225 0.5775 0.02125 0.0925
0 0.24625 0.57375 0.01875 0.105
0 0.2725 0.58 0.0275 0.09
0 0.30125 0.5825 0.02875 0.09
0 0.33375 0.58375 0.03125 0.0925
0 0.36375 0.58375 0.02625 0.09
0 0.72625 0.7475 0.0525 0.07625
0 0.3925 0.575 0.025 0.10375
0 0.4225 0.5825 0.03625 0.095
0 0.4575 0.58375 0.03125 0.0925
0 0.49 0.61625 0.03375 0.0275
0 0.5225 0.615 0.02875 0.02875
0 0.55625 0.62 0.03625 0.02875
0 0.5975 0.62125 0.035 0.02875
0 0.635 0.62125 0.0375 0.02875
0 0.8375 0.4675 0.04625 0.08125
0 0.6825 0.615 0.05125 0.08125
0 0.7925 0.4675 0.04125 0.08
0 0.1375 0.715 0.0225 0.075
0 0.61125 0.71875 0.0275 0.125
0 0.585 0.7225 0.0225 0.11125
0 0.5625 0.72375 0.02 0.10625
0 0.535 0.7175 0.02875 0.1125
0 0.50625 0.715 0.02625 0.1175
0 0.47875 0.715 0.02625 0.11625
0 0.45 0.7125 0.02875 0.1175
0 0.42125 0.715 0.025 0.11
0 0.39375 0.7125 0.0275 0.1125
0 0.37 0.715 0.01875 0.11375
0 0.34875 0.71375 0.0225 0.10625
0 0.32625 0.725 0.02125 0.08125
0 0.30375 0.7075 0.0225 0.11125
0 0.27875 0.7175 0.025 0.0875
0 0.25 0.7175 0.02875 0.0875
0 0.2225 0.71125 0.02375 0.09375
0 0.19375 0.715 0.0275 0.08375
0 0.16375 0.71 0.02875 0.09375
0 0.73375 0.6175 0.05125 0.08125