0 0.75375 0.415 0.03 0.08375
0 0.5075 0.41875 0.03125 0.07875
0 0.475 0.42 0.03125 0.0775
0 0.44 0.42 0.0325 0.08
0 0.405 0.42125 0.03 0.07875
0 0.36375 0.42 0.03125 0.08
0 0.3275 0.42375 0.03375 0.07875
0 0.28875 0.4225 0.03375 0.0825
0 0.25375 0.4225 0.03375 0.08375
0 0.21625 0.4225 0.03625 0.08375
0 0.18125 0.425 0.03125 0.08125
0 0.1425 0.4225 0.035 0.085
0 0.8475 0.3725 0.055 0.1175
0 0.8 0.2875 0.035 0.08625
0 0.76125 0.2875 0.03875 0.0875
0 0.7225 0.28875 0.03125 0.08625
0 0.5425 0.4175 0.0325 0.08125
0 0.68625 0.29 0.035 0.08625
0 0.57875 0.415 0.0325 0.08125
0 0.6525 0.41625 0.03125 0.08125
0 0.45 0.5375 0.03 0.07375
0 0.41375 0.53875 0.0325 0.0775
0 0.37625 0.54 0.03375 0.07875
0 0.3425 0.54125 0.03 0.07625
0 0.31 0.54125 0.03125 0.07625
0 0.28375 0.54375 0.01375 0.07125
0 0.265 0.54375 0.02 0.075
0 0.23375 0.55 0.03375 0.06875
0 0.1975 0.5475 0.03125 0.07
0 0.16375 0.55125 0.03 0.0675
0 0.135 0.55125 0.01875 0.06625
0 0.79125 0.415 0.03625 0.0825
0 0.24875 0.04 0.035 0.075
0 0.71875 0.415 0.0275 0.08375
0 0.685 0.41625 0.02875 0.08375
0 0.615 0.41625 0.03 0.0825
0 0.485 0.54125 0.03 0.06875
0 0.65 0.28875 0.0325 0.08625
0 0.5725 0.2925 0.03125 0.08625
0 0.4925 0.16375 0.03375 0.0875
0 0.45375 0.16375 0.03375 0.08875
0 0.41375 0.165 0.03625 0.085
0 0.3725 0.165 0.0375 0.08625
0 0.13625 0.17 0.0225 0.09125
0 0.8325 0.03625 0.03375 0.06625
0 0.79625 0.03875 0.03375 0.0725
0 0.7575 0.03875 0.03375 0.07375
0 0.71875 0.04 0.0375 0.0725
0 0.68125 0.03875 0.03 0.07375
0 0.645 0.03875 0.03875 0.07375
0 0.60375 0.04 0.03375 0.0725
0 0.56125 0.03875 0.03625 0.0725
0 0.52375 0.0375 0.035 0.07125
0 0.485 0.0375 0.035 0.07375
0 0.52625 0.1625 0.03375 0.08875
0 0.61 0.2925 0.03875 0.085
0 0.56625 0.1625 0.035 0.09
0 0.645 0.1625 0.03625 0.0825
0 0.53625 0.29375 0.0325 0.08625
0 0.4975 0.29375 0.0325 0.0875
0 0.4575 0.2925 0.035 0.0875
0 0.42125 0.295 0.03 0.08125
0 0.385 0.2975 0.035 0.08375
0 0.345 0.295 0.035 0.0825
0 0.30875 0.2975 0.03375 0.07875
0 0.27125 0.29625 0.035 0.08125
0 0.23375 0.29875 0.03375 0.0775
0 0.19625 0.2975 0.03375 0.08
0 0.15875 0.29875 0.03625 0.0825
0 0.7975 0.1625 0.03625 0.08875
0 0.75625 0.1625 0.03625 0.085
0 0.71875 0.1625 0.0325 0.08625
0 0.68125 0.1625 0.0325 0.085
0 0.605 0.16125 0.0325 0.08625
0 0.5175 0.5425 0.0275 0.0675
0 0.54875 0.545 0.02875 0.06875
0 0.585 0.5425 0.0325 0.06875
0 0.1725 0.8525 0.03 0.07625
0 0.2075 0.85125 0.0375 0.075
0 0.245 0.84625 0.0275 0.0825
0 0.28 0.84875 0.03375 0.07375
0 0.31625 0.85 0.0275 0.0775
0 0.20875 0.04125 0.035 0.07625
0 0.35 0.84625 0.03625 0.07625
0 0.385 0.8425 0.0275 0.08625
0 0.415 0.84125 0.02625 0.0825
0 0.4425 0.0375 0.0325 0.0725
0 0.13875 0.85125 0.0275 0.07875
0 0.4775 0.84 0.02375 0.09125
0 0.54375 0.84625 0.03 0.07625
0 0.58 0.845 0.03375 0.07625
0 0.61125 0.845 0.025 0.0775
0 0.64875 0.84625 0.03375 0.07625
0 0.685 0.845 0.0325 0.0775
0 0.7175 0.8425 0.0275 0.0775
0 0.7525 0.82375 0.03375 0.115
0 0.78625 0.82125 0.02875 0.11625
0 0.8425 0.8275 0.065 0.11375
0 0.165 0.04125 0.04 0.0775
0 0.51125 0.8475 0.03125 0.075
0 0.85 0.67375 0.05 0.10875
0 0.44625 0.84 0.03 0.08625
0 0.75875 0.67625 0.0275 0.0625
0 0.8 0.6775 0.03125 0.07125
0 0.62 0.54625 0.02875 0.06375
0 0.65125 0.54 0.03125 0.06875
0 0.6875 0.5425 0.02625 0.06375
0 0.72125 0.54 0.03125 0.065
0 0.7575 0.54 0.0325 0.06625
0 0.795 0.54 0.03375 0.0675
0 0.845 0.5275 0.0575 0.1175
0 0.155 0.6825 0.03125 0.0675
0 0.19375 0.67625 0.04 0.08125
0 0.23875 0.675 0.04 0.08125
0 0.28 0.68125 0.035 0.06875
0 0.28875 0.04125 0.03 0.07625
0 0.355 0.675 0.03125 0.07375
0 0.39125 0.6725 0.0325 0.0725
0 0.43125 0.67125 0.03875 0.075
0 0.47 0.665 0.03125 0.08125
0 0.505 0.66625 0.02875 0.08
0 0.54 0.6675 0.03375 0.0825
0 0.5825 0.665 0.03875 0.085
0 0.61875 0.6675 0.02625 0.0825
0 0.65125 0.67125 0.035 0.07875
0 0.69 0.67125 0.03375 0.07375
0 0.725 0.67125 0.03125 0.0725
0 0.3175 0.6775 0.03375 0.07125