0 0.49125 0.70125 0.025 0.09
0 0.3825 0.70125 0.03 0.09
0 0.47375 0.43125 0.02875 0.04875
0 0.3475 0.7 0.03375 0.0825
0 0.32 0.695 0.02 0.08125
0 0.29125 0.695 0.01875 0.08125
0 0.31875 0.59 0.025 0.08125
0 0.285 0.59125 0.0225 0.08125
0 0.36125 0.5925 0.01875 0.0825
0 0.4525 0.5975 0.0275 0.085
0 0.4225 0.6 0.0275 0.085
0 0.51 0.61375 0.02375 0.0575
0 0.48125 0.61 0.02375 0.05875
0 0.54125 0.60625 0.02875 0.07375
0 0.575 0.60375 0.0275 0.07625
0 0.6125 0.6075 0.0275 0.07125
0 0.6475 0.605 0.02875 0.07625
0 0.4525 0.70125 0.0275 0.0825
0 0.685 0.60125 0.02875 0.09375
0 0.7125 0.52375 0.0675 0.0125
0 0.43875 0.43 0.02875 0.05125
0 0.39625 0.4325 0.0275 0.04
0 0.26625 0.43125 0.0325 0.045
0 0.30625 0.4325 0.03125 0.0425
0 0.32125 0.52625 0.03125 0.01
0 0.4075 0.49625 0.0475 0.01125
0 0.42125 0.7 0.03125 0.08125
0 0.40375 0.52125 0.06375 0.01625
0 0.5475 0.4825 0.06125 0.0175
0 0.54625 0.5025 0.065 0.01375
0 0.54875 0.52125 0.06625 0.01625
0 0.61625 0.5225 0.06375 0.0175
0 0.7075 0.48125 0.05875 0.025
0 0.71 0.505 0.06875 0.0175
0 0.4725 0.52125 0.06375 0.015
0 0.7225 0.60125 0.03875 0.09625
0 0.7625 0.48 0.02375 0.035
0 0.52375 0.4325 0.0525 0.01
0 0.32 0.37375 0.00875 0.01875
0 0.33375 0.35 0.0125 0.07125
0 0.305 0.34875 0.0125 0.07375
0 0.29125 0.35 0.00875 0.075
0 0.27875 0.35 0.00625 0.075
0 0.2675 0.34875 0.01125 0.07125
0 0.73625 0.20375 0.0325 0.06375
0 0.6875 0.20375 0.01875 0.105
0 0.665 0.2025 0.0175 0.1
0 0.64375 0.2075 0.01875 0.09875
0 0.6175 0.2075 0.02 0.09375
0 0.5925 0.21125 0.02 0.0925
0 0.56875 0.21 0.015 0.09375
0 0.3475 0.33625 0.00875 0.08875
0 0.5525 0.21 0.01 0.09125
0 0.5175 0.21375 0.0125 0.08875
0 0.4925 0.21375 0.0275 0.09375
0 0.4675 0.21375 0.015 0.09625
0 0.42 0.22 0.01625 0.0925
0 0.40125 0.22 0.015 0.08875
0 0.38625 0.22375 0.01125 0.08
0 0.37125 0.22375 0.0125 0.07875
0 0.345 0.22125 0.01 0.08875
0 0.33 0.2225 0.01375 0.08625
0 0.31375 0.225 0.01125 0.085
0 0.29375 0.2275 0.01875 0.08625
0 0.26 0.22875 0.04 0.07875
0 0.5225 0.7025 0.0275 0.0875
0 0.53375 0.21125 0.015 0.0925
0 0.52125 0.44625 0.05875 0.0125
0 0.365 0.3375 0.02 0.09375
0 0.42 0.33625 0.00875 0.09125
0 0.52375 0.41625 0.05375 0.01125
0 0.58375 0.44625 0.055 0.0175
0 0.58875 0.4275 0.05125 0.01125
0 0.58625 0.4125 0.055 0.01125
0 0.64625 0.44625 0.0525 0.01375
0 0.6475 0.42875 0.05375 0.0125
0 0.64625 0.4125 0.055 0.0125
0 0.71125 0.445 0.05125 0.01875
0 0.715 0.42875 0.0475 0.01125
0 0.7125 0.41375 0.05125 0.0125
0 0.75875 0.44125 0.025 0.0325
0 0.76125 0.40625 0.02875 0.03125
0 0.765 0.37125 0.03 0.0325
0 0.4075 0.335 0.0125 0.09
0 0.765 0.30875 0.03 0.08
0 0.685 0.3325 0.015 0.0925
0 0.66625 0.3325 0.0125 0.0975
0 0.64875 0.33125 0.01625 0.0925
0 0.62875 0.335 0.01375 0.08125
0 0.6075 0.335 0.01125 0.0825
0 0.5925 0.33625 0.0125 0.08125
0 0.575 0.33625 0.0125 0.0825
0 0.555 0.33375 0.0175 0.0925
0 0.53875 0.33625 0.0125 0.09875
0 0.5225 0.335 0.015 0.095
0 0.50375 0.335 0.01375 0.09125
0 0.485 0.3375 0.01625 0.09125
0 0.44375 0.33625 0.03 0.09
0 0.7025 0.3325 0.01875 0.095
0 0.55875 0.70625 0.0275 0.08625
0 0.38875 0.5925 0.02625 0.08375
0 0.63125 0.705 0.0275 0.08125
0 0.2425 0.71875 0.04375 0.0125
0 0.24125 0.7 0.0425 0.01125
0 0.24375 0.685 0.045 0.00875
0 0.24 0.8025 0.02625 0.07875
0 0.27875 0.8 0.03 0.08
0 0.33875 0.80875 0.02625 0.08375
0 0.3725 0.81125 0.035 0.0925
0 0.41625 0.81125 0.02875 0.08875
0 0.45 0.815 0.02875 0.0875
0 0.52625 0.81875 0.03375 0.0875
0 0.3075 0.80125 0.02625 0.085
0 0.49125 0.81625 0.0275 0.0825
0 0.60375 0.8175 0.03375 0.095
0 0.56875 0.8175 0.0275 0.1
0 0.64375 0.82125 0.0325 0.08875
0 0.76 0.8375 0.025 0.0625
0 0.7325 0.83875 0.02375 0.06625
0 0.73375 0.7225 0.02875 0.085
0 0.70375 0.7225 0.02125 0.0725
0 0.66625 0.71 0.03 0.0825
0 0.5925 0.7075 0.02875 0.08875