0 0.81 0.64875 0.07 0.07
0 0.835 0.55625 0.07875 0.08125
0 0.725 0.59125 0.07875 0.04
0 0.66 0.56875 0.04875 0.09125
0 0.86 0.65 0.03 0.06875
0 0.1525 0.7225 0.04875 0.04875
0 0.5325 0.56625 0.085 0.09875
0 0.2125 0.7225 0.065 0.05
0 0.43625 0.5675 0.09875 0.10125
0 0.36 0.5775 0.05 0.08125
0 0.85625 0.84625 0.0375 0.07
0 0.8125 0.8325 0.0425 0.08125
0 0.77125 0.83375 0.04 0.07375
0 0.605 0.5675 0.05625 0.09
0 0.28125 0.72125 0.06625 0.05
0 0.5275 0.71 0.0575 0.07125
0 0.42125 0.7125 0.05 0.0625
0 0.49375 0.85625 0.03625 0.04125
0 0.455 0.85625 0.03875 0.0425
0 0.47625 0.805 0.04875 0.045
0 0.42625 0.79375 0.0325 0.035
0 0.4125 0.8575 0.04125 0.035
0 0.37125 0.82125 0.04375 0.03125
0 0.3675 0.85875 0.035 0.0375
0 0.32375 0.85 0.04875 0.055
0 0.3725 0.72 0.045 0.05375
0 0.2725 0.835 0.05125 0.08375
0 0.15875 0.825 0.0625 0.09875
0 0.8625 0.72 0.025 0.06625
0 0.81375 0.7225 0.07 0.0625
0 0.73125 0.705 0.085 0.08
0 0.65125 0.705 0.06875 0.0775
0 0.58875 0.70875 0.055 0.07
0 0.72625 0.84875 0.04625 0.0575
0 0.47375 0.71375 0.04875 0.065
0 0.21875 0.8325 0.055 0.07875
0 0.6775 0.85 0.04625 0.06125
0 0.67125 0.415 0.04125 0.10375
0 0.71625 0.41375 0.05125 0.10625
0 0.21625 0.235 0.09875 0.11625
0 0.3125 0.2325 0.0925 0.115
0 0.40875 0.23625 0.0975 0.11
0 0.505 0.2375 0.08625 0.11625
0 0.595 0.235 0.0925 0.12125
0 0.69 0.23125 0.09625 0.115
0 0.78875 0.2325 0.0975 0.11375
0 0.16125 0.415 0.0525 0.09625
0 0.1475 0.235 0.03875 0.12125
0 0.21 0.415 0.04375 0.0975
0 0.3025 0.40875 0.05125 0.11875
0 0.35125 0.40875 0.04625 0.11625
0 0.39625 0.41625 0.0425 0.0975
0 0.4425 0.415 0.04875 0.09625
0 0.48875 0.4125 0.04375 0.10125
0 0.53625 0.4125 0.05 0.09875
0 0.58375 0.415 0.045 0.0925
0 0.6275 0.415 0.03875 0.10125
0 0.255 0.4175 0.04375 0.105
0 0.63 0.8475 0.04625 0.065
0 0.805 0.06125 0.0875 0.0975
0 0.6175 0.055 0.09375 0.1075
0 0.54125 0.8525 0.05 0.06125
0 0.30625 0.58 0.05125 0.07625
0 0.25125 0.57625 0.0575 0.0825
0 0.1975 0.575 0.0475 0.07875
0 0.7125 0.05625 0.09125 0.10625
0 0.84625 0.45375 0.05625 0.06375
0 0.15 0.575 0.04625 0.0775
0 0.7675 0.41625 0.04625 0.11
0 0.16125 0.0575 0.0675 0.10625
0 0.24125 0.0575 0.09 0.10625
0 0.33375 0.0575 0.09375 0.10375
0 0.43 0.05875 0.09625 0.1025
0 0.52625 0.05625 0.08875 0.10375
0 0.825 0.36875 0.06625 0.07375
0 0.5875 0.8475 0.03625 0.06625