0 0.5075 0.64375 0.04125 0.06875
0 0.46625 0.6225 0.03625 0.035
0 0.33125 0.64625 0.08125 0.06
0 0.465 0.66375 0.03875 0.03375
0 0.54625 0.6325 0.0225 0.09625
0 0.575 0.6325 0.02625 0.0925
0 0.60625 0.6325 0.02625 0.09625
0 0.1525 0.76625 0.035 0.04625
0 0.19125 0.77375 0.03625 0.02375
0 0.22875 0.775 0.03125 0.02125
0 0.4075 0.6375 0.06125 0.07875
0 0.22125 0.645 0.0225 0.0625
0 0.14625 0.645 0.025 0.065
0 0.17125 0.6425 0.02125 0.06
0 0.175 0.53625 0.02125 0.03875
0 0.19875 0.53875 0.02125 0.03625
0 0.255 0.51625 0.04625 0.075
0 0.32 0.4925 0.04625 0.06875
0 0.39 0.5175 0.04125 0.07125
0 0.435 0.52 0.03875 0.07125
0 0.52 0.44125 0.0075 0.01125
0 0.48125 0.515 0.03875 0.08
0 0.52625 0.5175 0.04125 0.085
0 0.5825 0.5 0.03875 0.06
0 0.65625 0.51625 0.04 0.07
0 0.7025 0.51875 0.03625 0.07375
0 0.7425 0.515 0.04 0.0775
0 0.62 0.52 0.02875 0.07125
0 0.81125 0.51375 0.0375 0.08375
0 0.85375 0.5125 0.04125 0.07375
0 0.8175 0.65125 0.0325 0.055
0 0.72125 0.64125 0.03375 0.06875
0 0.6775 0.63625 0.025 0.08375
0 0.64125 0.6425 0.03875 0.06875
0 0.26875 0.76125 0.03875 0.06375
0 0.19625 0.64375 0.025 0.0625
0 0.3175 0.77625 0.02375 0.02625
0 0.15875 0.0825 0.0675 0.11625
0 0.39 0.76625 0.04125 0.05625
0 0.14125 0.91875 0.03125 0.04625
0 0.46125 0.92125 0.02875 0.0875
0 0.49625 0.92125 0.0275 0.0825
0 0.52625 0.9275 0.0225 0.0775
0 0.5525 0.925 0.02375 0.0775
0 0.58625 0.93 0.03125 0.0625
0 0.635 0.90125 0.05 0.03625
0 0.68375 0.9325 0.0275 0.06375
0 0.71625 0.93375 0.02875 0.05875
0 0.8475 0.92 0.055 0.0725
0 0.77625 0.89125 0.04125 0.0875
0 0.8425 0.76375 0.035 0.05125
0 0.1525 0.54125 0.01875 0.03875
0 0.72125 0.74875 0.025 0.0825
0 0.8025 0.76375 0.035 0.04875
0 0.18375 0.9125 0.02125 0.0425
0 0.215 0.91625 0.025 0.0425
0 0.28625 0.92875 0.08625 0.08625
0 0.35 0.925 0.0275 0.0875
0 0.425 0.7625 0.0175 0.06625
0 0.45 0.735 0.025 0.0625
0 0.47625 0.75 0.0225 0.0875
0 0.5025 0.74875 0.02375 0.0875
0 0.53125 0.7475 0.0225 0.085
0 0.55625 0.74875 0.02375 0.0875
0 0.58375 0.74875 0.02125 0.0875
0 0.355 0.73625 0.02 0.0675
0 0.61875 0.7575 0.03875 0.065
0 0.69125 0.74875 0.0225 0.08125
0 0.8425 0.265 0.0425 0.08
0 0.16375 0.22875 0.0775 0.09125
0 0.17375 0.39875 0.08 0.04
0 0.1675 0.3275 0.07875 0.0475
0 0.4175 0.92375 0.03 0.09375
0 0.3825 0.92125 0.02625 0.09375
0 0.66125 0.75875 0.03125 0.06375
0 0.1325 0.5425 0.015 0.0375
0 0.395 0.055 0.03875 0.10875
0 0.86375 0.3975 0.02 0.0625
0 0.25125 0.3675 0.0525 0.01625
0 0.53875 0.26375 0.025 0.02875
0 0.51 0.2625 0.0275 0.03125
0 0.47875 0.24375 0.0275 0.0625
0 0.445 0.24375 0.02875 0.06125
0 0.4125 0.23625 0.025 0.0775
0 0.375 0.2275 0.04125 0.0875
0 0.3275 0.22875 0.0425 0.09
0 0.2775 0.23 0.04 0.08625
0 0.2325 0.22875 0.03875 0.08875
0 0.47125 0.17875 0.04375 0.06
0 0.53 0.19625 0.02875 0.09875
0 0.5675 0.235 0.0225 0.09125
0 0.25125 0.3875 0.05375 0.01375
0 0.59 0.23375 0.01875 0.0925
0 0.46625 0.0575 0.035 0.115
0 0.535 0.05875 0.035 0.115
0 0.5775 0.06 0.045 0.11875
0 0.625 0.06375 0.04125 0.115
0 0.17875 0.4425 0.07375 0.0225
0 0.63125 0.24125 0.02125 0.0775
0 0.66375 0.23375 0.03125 0.09125
0 0.69625 0.23625 0.02625 0.09
0 0.71125 0.06 0.0375 0.12
0 0.755 0.0775 0.04125 0.08625
0 0.7925 0.07875 0.0275 0.0875
0 0.77 0.2425 0.02875 0.075
0 0.73625 0.225 0.03375 0.11125
0 0.61 0.2425 0.015 0.07375
0 0.2525 0.40875 0.05125 0.02375
0 0.67125 0.06 0.0375 0.12
0 0.49 0.38125 0.04 0.07625
0 0.6625 0.3725 0.0475 0.06
0 0.62 0.385 0.02875 0.075
0 0.5825 0.38375 0.03875 0.08125
0 0.53625 0.3825 0.04 0.075
0 0.83 0.40375 0.03 0.04625
0 0.445 0.38 0.0425 0.08
0 0.4 0.37875 0.04125 0.07875
0 0.3525 0.38 0.0425 0.0725
0 0.305 0.37875 0.04625 0.07625
0 0.2225 0.055 0.04 0.1075
0 0.27 0.05375 0.04 0.1075
0 0.71375 0.3825 0.04125 0.08
0 0.7575 0.38625 0.03875 0.075
0 0.34 0.05375 0.04 0.1075