0 0.6525 0.12375 0.0275 0.1
0 0.6175 0.1275 0.03375 0.10375
0 0.58 0.12875 0.02625 0.10125
0 0.335 0.16 0.01875 0.0925
0 0.28625 0.17 0.01125 0.0875
0 0.30125 0.16625 0.01 0.09125
0 0.69625 0.09875 0.0425 0.14
0 0.27125 0.1725 0.01625 0.085
0 0.25375 0.17375 0.01625 0.08125
0 0.22125 0.185 0.01875 0.07375
0 0.315 0.165 0.01375 0.09125
0 0.405 0.16 0.03 0.09
0 0.23 0.28375 0.0125 0.07875
0 0.2175 0.285 0.01125 0.07875
0 0.2425 0.2825 0.01 0.08375
0 0.25625 0.285 0.01625 0.08875
0 0.27375 0.285 0.0175 0.08375
0 0.29125 0.28375 0.01125 0.08625
0 0.20375 0.28375 0.01375 0.07625
0 0.19 0.28375 0.00875 0.08375
0 0.17375 0.2875 0.02 0.07625
0 0.15375 0.28625 0.01625 0.07375
0 0.135 0.29 0.02 0.07125
0 0.48625 0.145 0.03 0.09625
0 0.53375 0.13875 0.02 0.09625
0 0.555 0.13375 0.01875 0.1075
0 0.83 0.06 0.04 0.11875
0 0.77875 0.0925 0.0425 0.14375
0 0.73625 0.0975 0.0325 0.1425
0 0.43 0.15125 0.0125 0.09625
0 0.44875 0.15 0.0225 0.09375
0 0.27 0.625 0.025 0.0425
0 0.5425 0.60375 0.025 0.07625
0 0.5775 0.385 0.02875 0.0875
0 0.665 0.4325 0.05875 0.02125
0 0.66875 0.3825 0.04875 0.075
0 0.72875 0.4 0.0575 0.10125
0 0.77375 0.405 0.03125 0.10375
0 0.8325 0.35 0.01625 0.08125
0 0.85875 0.3525 0.0325 0.08
0 0.54875 0.385 0.02375 0.08375
0 0.21375 0.48125 0.04125 0.08
0 0.3275 0.5 0.0625 0.085
0 0.37375 0.4725 0.0125 0.0725
0 0.39125 0.475 0.015 0.07375
0 0.41125 0.47625 0.02 0.0775
0 0.43625 0.4825 0.0225 0.07875
0 0.45875 0.48625 0.02125 0.08625
0 0.4875 0.48875 0.0325 0.085
0 0.265 0.49 0.0525 0.07
0 0.52875 0.49625 0.02375 0.0875
0 0.49 0.38625 0.0275 0.07875
0 0.34875 0.3975 0.02375 0.0925
0 0.6075 0.285 0.05375 0.08375
0 0.6875 0.26375 0.0425 0.1175
0 0.73625 0.25625 0.0425 0.13
0 0.7825 0.25375 0.04 0.13125
0 0.82 0.22 0.02875 0.09125
0 0.855 0.2175 0.03875 0.09125
0 0.20625 0.38625 0.01125 0.08125
0 0.45875 0.38375 0.02375 0.08375
0 0.22 0.38875 0.01125 0.0775
0 0.25 0.39125 0.0125 0.085
0 0.26375 0.39125 0.0125 0.08625
0 0.27875 0.39375 0.0125 0.09
0 0.29625 0.39375 0.015 0.09125
0 0.31125 0.395 0.01375 0.0925
0 0.1825 0.18625 0.015 0.07875
0 0.32625 0.39625 0.0175 0.09125
0 0.235 0.38875 0.015 0.08375
0 0.72125 0.6775 0.04875 0.06625
0 0.55875 0.5025 0.03 0.08375
0 0.83375 0.5625 0.08125 0.0625
0 0.31625 0.635 0.02 0.0325
0 0.3425 0.6425 0.02125 0.0425
0 0.15125 0.6475 0.01875 0.07625
0 0.17125 0.6575 0.01875 0.075
0 0.19625 0.6675 0.02125 0.065
0 0.2225 0.6775 0.0175 0.08
0 0.24375 0.6825 0.02 0.07375
0 0.29375 0.63 0.0125 0.03875
0 0.2875 0.68875 0.0475 0.04
0 0.355 0.7375 0.065 0.05625
0 0.4975 0.79625 0.08625 0.07875
0 0.43375 0.5625 0.01875 0.045
0 0.45625 0.5675 0.02 0.0425
0 0.4775 0.57125 0.01625 0.05
0 0.49875 0.59125 0.01625 0.07125
0 0.51875 0.60125 0.0175 0.085
0 0.2875 0.7275 0.04125 0.02375
0 0.83375 0.49 0.08 0.07625
0 0.30625 0.28125 0.01625 0.0875
0 0.36375 0.2875 0.01375 0.06875
0 0.17375 0.565 0.025 0.08625
0 0.2025 0.5725 0.0225 0.075
0 0.22625 0.5825 0.02 0.0925
0 0.245 0.59375 0.01125 0.07125
0 0.2625 0.57875 0.01875 0.04625
0 0.2875 0.5825 0.0225 0.04125
0 0.31375 0.59125 0.0225 0.04875
0 0.325 0.2825 0.01875 0.08875
0 0.34125 0.5975 0.02625 0.04125
0 0.52375 0.285 0.0275 0.07625
0 0.49125 0.28625 0.02375 0.07
0 0.4675 0.28875 0.01875 0.0625
0 0.44625 0.28875 0.02 0.06375
0 0.42125 0.28875 0.02125 0.06875
0 0.4 0.28625 0.0175 0.06875
0 0.38125 0.28625 0.015 0.06875
0 0.55625 0.285 0.0325 0.07375
0 0.19875 0.185 0.01625 0.08875