0 0.8425 0.4425 0.11125 0.0275
0 0.0725 0.31125 0.1175 0.025
0 0.11875 0.46875 0.12125 0.02375
0 0.1125 0.4425 0.12125 0.025
0 0.11125 0.4175 0.11625 0.02375
0 0.23375 0.41875 0.1225 0.025
0 0.235 0.44375 0.12 0.0225
0 0.24 0.4675 0.1175 0.0225
0 0.845 0.41875 0.115 0.02125
0 0.36375 0.43375 0.1175 0.02875
0 0.95 0.47 0.1 0.02125
0 0.49125 0.4325 0.12125 0.03125
0 0.62 0.44125 0.1075 0.0275
0 0.62125 0.47 0.11 0.025
0 0.73125 0.47 0.1025 0.025
0 0.72625 0.44125 0.10125 0.02125
0 0.725 0.42 0.09875 0.01875
0 0.84125 0.46875 0.115 0.02375
0 0.3675 0.46625 0.12875 0.03125
0 0.4975 0.4675 0.125 0.0275
0 0.82125 0.375 0.125 0.0325
0 0.075 0.34 0.1225 0.03
0 0.82625 0.31 0.13125 0.03
0 0.3575 0.21625 0.02375 0.10125
0 0.385 0.21625 0.02625 0.10625
0 0.4175 0.21 0.035 0.12125
0 0.4525 0.21125 0.03375 0.12125
0 0.4875 0.21 0.03375 0.12
0 0.52 0.2175 0.03 0.10375
0 0.5525 0.2175 0.03 0.10125
0 0.6 0.2125 0.035 0.125
0 0.63625 0.21125 0.03375 0.125
0 0.6725 0.21375 0.035 0.125
0 0.70625 0.21875 0.0275 0.10625
0 0.73625 0.22125 0.025 0.10375
0 0.765 0.22 0.0275 0.10625
0 0.8 0.2125 0.03375 0.125
0 0.835 0.21375 0.03125 0.12375
0 0.86625 0.2125 0.03 0.12125
0 0.9 0.2125 0.035 0.12125
0 0.9375 0.21375 0.0375 0.115
0 0.98 0.21 0.03875 0.1225
0 0.945 0.37625 0.10875 0.0275
0 0.945 0.34875 0.1075 0.0275
0 0.9475 0.32 0.105 0.03
0 0.7025 0.3775 0.1075 0.0275
0 0.825 0.34125 0.13125 0.03
0 0.7025 0.35125 0.10875 0.02625
0 0.58125 0.37375 0.13125 0.03125
0 0.0775 0.36875 0.12125 0.025
0 0.19625 0.29375 0.115 0.01375
0 0.055 0.24875 0.10125 0.03125
0 0.05 0.215 0.09875 0.03
0 0.0475 0.18125 0.095 0.03375
0 0.0425 0.15125 0.08375 0.025
0 0.14875 0.15125 0.10375 0.02375
0 0.15125 0.1825 0.10125 0.0325
0 0.15625 0.21625 0.10125 0.03125
0 0.16125 0.24875 0.1 0.03
0 0.22625 0.20625 0.02625 0.1225
0 0.2625 0.20625 0.02625 0.1175
0 0.29625 0.205 0.02625 0.11875
0 0.3275 0.21375 0.0225 0.10375
0 0.19 0.32125 0.1075 0.025
0 0.1925 0.345 0.11 0.02375
0 0.32 0.3675 0.12375 0.03
0 0.37125 0.3375 0.0225 0.0375
0 0.3375 0.3375 0.03625 0.02625
0 0.44875 0.3425 0.1275 0.02375
0 0.44875 0.37125 0.13 0.0325
0 0.57 0.30875 0.135 0.0275
0 0.58 0.34 0.13 0.035
0 0.7025 0.32375 0.1125 0.025
0 0.195 0.37125 0.1125 0.02625
0 0.79125 0.75125 0.0875 0.02125
0 0.82 0.50875 0.1125 0.01625
0 0.91125 0.63625 0.10375 0.01875
0 0.80125 0.5875 0.1175 0.015
0 0.80125 0.60875 0.1175 0.02625
0 0.8 0.635 0.115 0.02375
0 0.68875 0.635 0.0975 0.02
0 0.6925 0.61375 0.09875 0.0225
0 0.06125 0.71125 0.105 0.01875
0 0.0575 0.69125 0.1 0.02
0 0.055 0.67125 0.1075 0.01875
0 0.91125 0.615 0.10375 0.02125
0 0.0675 0.79 0.10375 0.01625
0 0.1675 0.7725 0.0975 0.02
0 0.70875 0.55625 0.1 0.02125
0 0.59 0.61375 0.09875 0.0225
0 0.58875 0.635 0.09875 0.01875
0 0.48875 0.595 0.09875 0.02
0 0.49125 0.615 0.09625 0.02
0 0.49125 0.6375 0.09625 0.02
0 0.3825 0.6325 0.12 0.02125
0 0.38125 0.605 0.11625 0.02875
0 0.065 0.7725 0.1 0.01875
0 0.26875 0.63375 0.1075 0.02375
0 0.91125 0.59375 0.105 0.02
0 0.965 0.7625 0.07 0.01625
0 0.16875 0.6825 0.1125 0.02
0 0.17125 0.70625 0.11375 0.025
0 0.28 0.66875 0.105 0.015
0 0.27875 0.69 0.10375 0.02375
0 0.28125 0.71125 0.10375 0.01875
0 0.3875 0.7 0.10875 0.03625
0 0.4925 0.6725 0.10125 0.01875
0 0.49375 0.69125 0.10125 0.01875
0 0.49375 0.71125 0.10125 0.01625
0 0.9625 0.78125 0.0725 0.01875
0 0.59625 0.6875 0.1 0.02
0 0.6975 0.7075 0.09625 0.02125
0 0.6925 0.66875 0.10875 0.01375
0 0.6975 0.685 0.09875 0.02
0 0.8025 0.6875 0.1075 0.02125
0 0.8 0.7075 0.105 0.01875
0 0.91 0.6725 0.0975 0.0175
0 0.90625 0.69125 0.0975 0.0175
0 0.9025 0.70875 0.09625 0.015
0 0.96625 0.745 0.06625 0.01875
0 0.59625 0.70875 0.10125 0.02125
0 0.26625 0.6125 0.11 0.0175
0 0.59125 0.595 0.1 0.015
0 0.14875 0.6075 0.12375 0.03
0 0.46875 0.78875 0.10125 0.01625
0 0.46875 0.77 0.10375 0.0175
0 0.46875 0.74875 0.1 0.0225
0 0.5775 0.785 0.11 0.0225
0 0.69 0.76625 0.11125 0.025
0 0.69 0.78875 0.11 0.02
0 0.78875 0.7875 0.085 0.0175
0 0.79 0.77 0.085 0.015
0 0.26625 0.5925 0.10875 0.0175
0 0.87875 0.78625 0.09375 0.01875
0 0.88 0.7675 0.09125 0.01625
0 0.88375 0.7475 0.09375 0.02125
0 0.95 0.44625 0.09875 0.02375
0 0.9525 0.4225 0.095 0.0225
0 0.91875 0.55625 0.09625 0.01875
0 0.9275 0.53625 0.10625 0.02
0 0.93375 0.515 0.10625 0.02125
0 0.815 0.555 0.11125 0.0225
0 0.8175 0.53 0.11 0.025
0 0.37 0.755 0.09125 0.01875
0 0.36375 0.77375 0.09625 0.01625
0 0.575 0.75375 0.10875 0.02
0 0.26625 0.77 0.0975 0.02375
0 0.155 0.63625 0.11625 0.025
0 0.045 0.63875 0.09 0.02
0 0.0425 0.6175 0.085 0.02
0 0.04125 0.595 0.0825 0.02125
0 0.1225 0.55125 0.11375 0.0225
0 0.1175 0.5225 0.125 0.0275
0 0.23625 0.5075 0.11375 0.02
0 0.3675 0.79125 0.095 0.02
0 0.2375 0.53 0.11375 0.02125
0 0.36 0.5525 0.1175 0.02625
0 0.24125 0.5525 0.1125 0.02125
0 0.47875 0.525 0.1225 0.0275
0 0.48 0.55125 0.1175 0.025
0 0.595 0.55125 0.1125 0.0225
0 0.6 0.52625 0.1175 0.02875
0 0.71125 0.51125 0.10125 0.01625
0 0.71 0.53125 0.1025 0.025
0 0.17 0.7925 0.09875 0.01875
0 0.26875 0.79125 0.095 0.01625
0 0.35625 0.525 0.12125 0.025