0 0.3825 0.8525 0.0175 0.0375
0 0.35875 0.855 0.02125 0.035
0 0.6375 0.86375 0.02625 0.015
0 0.4075 0.85125 0.025 0.03375
0 0.4375 0.85 0.0275 0.0375
0 0.465 0.8575 0.0225 0.03
0 0.505 0.83625 0.025 0.0125
0 0.50625 0.85625 0.025 0.02
0 0.5375 0.84375 0.0325 0.01375
0 0.53875 0.86375 0.03125 0.015
0 0.5775 0.84625 0.025 0.0125
0 0.60625 0.845 0.02375 0.01375
0 0.60625 0.86125 0.0225 0.01625
0 0.63625 0.84625 0.02875 0.0125
0 0.57625 0.8625 0.02375 0.01375
0 0.28375 0.855 0.02875 0.0325
0 0.31 0.845 0.01125 0.025
0 0.495 0.3575 0.01375 0.05125
0 0.4825 0.35625 0.01375 0.05125
0 0.4675 0.3575 0.0125 0.05125
0 0.45125 0.35625 0.0125 0.05125
0 0.435 0.355 0.0125 0.05125
0 0.42 0.3575 0.01375 0.05125
0 0.405 0.3575 0.01375 0.05125
0 0.39 0.35875 0.0125 0.05125
0 0.375 0.35625 0.0125 0.05125
0 0.35875 0.35625 0.0125 0.05125
0 0.345 0.355 0.0125 0.05125
0 0.33 0.35625 0.0125 0.05125
0 0.315 0.355 0.0125 0.05125
0 0.23 0.85625 0.01875 0.02875
0 0.325 0.85125 0.02125 0.03125
0 0.34125 0.8425 0.00625 0.01875
0 0.3 0.35375 0.01375 0.05125
0 0.71375 0.85375 0.02125 0.0275
0 0.76875 0.27 0.025 0.01875
0 0.3925 0.085 0.0225 0.0425
0 0.42 0.09125 0.02375 0.03375
0 0.44875 0.085 0.0225 0.04625
0 0.4725 0.0925 0.0175 0.03375
0 0.49125 0.0825 0.0125 0.04875
0 0.5075 0.08 0.015 0.05375
0 0.2875 0.08 0.02625 0.05625
0 0.59125 0.02375 0.03875 0.04125
0 0.63125 0.02625 0.025 0.0375
0 0.645 0.07625 0.03625 0.06
0 0.54125 0.35625 0.0125 0.05125
0 0.7575 0.01625 0.0425 0.03125
0 0.76375 0.0725 0.03 0.07625
0 0.7025 0.075 0.0575 0.05625
0 0.5975 0.0775 0.0375 0.06
0 0.51 0.3575 0.01375 0.05125
0 0.5775 0.37125 0.0525 0.02125
0 0.5775 0.3475 0.05 0.025
0 0.7625 0.29 0.035 0.0175
0 0.725 0.2925 0.03125 0.02125
0 0.69 0.29125 0.035 0.02375
0 0.625 0.295 0.065 0.01375
0 0.58 0.28125 0.02 0.045
0 0.55875 0.27625 0.01375 0.0525
0 0.53875 0.28625 0.0175 0.03375
0 0.515 0.29 0.01875 0.02375
0 0.48875 0.28375 0.025 0.03625
0 0.665 0.855 0.02125 0.0275
0 0.69 0.85625 0.0225 0.02875
0 0.74125 0.85375 0.0225 0.02875
0 0.76375 0.8425 0.02 0.04875
0 0.58875 0.45125 0.0375 0.01
0 0.7725 0.77625 0.01625 0.035
0 0.285 0.355 0.01375 0.05125
0 0.255 0.8475 0.02375 0.02125
0 0.725 0.7825 0.02875 0.01625
0 0.745 0.7875 0.01125 0.03375
0 0.3575 0.5175 0.0175 0.0275
0 0.38125 0.515 0.025 0.03
0 0.41 0.515 0.0225 0.0325
0 0.43625 0.515 0.025 0.02875
0 0.46625 0.515 0.0225 0.03375
0 0.49375 0.51125 0.02375 0.03375
0 0.5225 0.51 0.0275 0.0375
0 0.54875 0.505 0.02 0.04625
0 0.58375 0.4975 0.02375 0.0375
0 0.57875 0.52625 0.02875 0.015
0 0.61875 0.515 0.0225 0.02375
0 0.65 0.51875 0.02125 0.025
0 0.6875 0.49625 0.0125 0.0275
0 0.67 0.50375 0.01625 0.0125
0 0.7075 0.51125 0.0175 0.03125
0 0.7225 0.51125 0.01 0.03375
0 0.7375 0.51 0.0125 0.03375
0 0.75125 0.51125 0.0125 0.035
0 0.33875 0.5775 0.0275 0.0475
0 0.3725 0.585 0.01625 0.0375
0 0.39 0.58375 0.015 0.0375
0 0.4075 0.58375 0.0175 0.03625
0 0.43 0.585 0.015 0.035
0 0.45875 0.56 0.03 0.01375
0 0.46 0.5775 0.03375 0.01375
0 0.45625 0.59375 0.035 0.01375
0 0.48875 0.58625 0.01625 0.03
0 0.51125 0.57875 0.025 0.04125
0 0.5375 0.58125 0.02125 0.0375
0 0.33125 0.5175 0.02375 0.03125
0 0.30375 0.51 0.025 0.0425
0 0.7475 0.4425 0.02125 0.03125
0 0.725 0.4425 0.02 0.03375
0 0.63125 0.3475 0.0525 0.02375
0 0.6325 0.37125 0.05 0.02
0 0.6875 0.33875 0.05125 0.0125
0 0.68875 0.36375 0.05375 0.03125
0 0.7425 0.33375 0.04625 0.01375
0 0.74125 0.34875 0.0475 0.01125
0 0.74 0.3625 0.04375 0.01125
0 0.73875 0.37375 0.0475 0.00875
0 0.3025 0.43375 0.0175 0.05375
0 0.3175 0.43375 0.00875 0.05375
0 0.33125 0.43375 0.01625 0.0525
0 0.34375 0.4325 0.00625 0.055
0 0.355 0.4325 0.00875 0.04875
0 0.36625 0.43125 0.01125 0.05
0 0.56375 0.5825 0.01875 0.03375
0 0.37875 0.4325 0.01375 0.05125
0 0.4075 0.4325 0.0125 0.0525
0 0.42 0.4325 0.01 0.0525
0 0.4325 0.4325 0.0125 0.0525
0 0.44375 0.43375 0.01125 0.05125
0 0.4575 0.4325 0.0125 0.0525
0 0.47125 0.43375 0.01125 0.05125
0 0.485 0.43125 0.01375 0.05375
0 0.4975 0.43125 0.00625 0.05375
0 0.51 0.43125 0.01375 0.05625
0 0.5275 0.44375 0.0175 0.0325
0 0.55 0.4425 0.02125 0.03625
0 0.64 0.4425 0.02375 0.02875
0 0.675 0.44375 0.0175 0.03
0 0.6975 0.4425 0.02125 0.03375
0 0.3925 0.4325 0.0125 0.05125
0 0.75625 0.78875 0.01 0.035
0 0.5825 0.57875 0.0175 0.02625
0 0.62875 0.58375 0.01875 0.03125
0 0.61 0.72125 0.02 0.0375
0 0.63625 0.7225 0.0225 0.0375
0 0.65875 0.7225 0.01625 0.0325
0 0.6775 0.72375 0.01625 0.02875
0 0.6925 0.71 0.01 0.02625
0 0.71375 0.70875 0.02 0.03625
0 0.7525 0.72125 0.0225 0.04375
0 0.24 0.78625 0.0375 0.025
0 0.2775 0.7875 0.025 0.01875
0 0.30625 0.7925 0.02 0.03875
0 0.335 0.78625 0.02625 0.015
0 0.335 0.8025 0.02875 0.0125
0 0.365 0.7825 0.025 0.01375
0 0.36625 0.8 0.02625 0.015
0 0.3975 0.79 0.025 0.03875
0 0.425 0.7875 0.02625 0.04
0 0.45875 0.78375 0.02375 0.015
0 0.45875 0.8 0.02625 0.01125
0 0.49 0.79 0.0275 0.035
0 0.51875 0.79 0.025 0.04
0 0.54625 0.78625 0.02375 0.015
0 0.54625 0.8025 0.025 0.0125
0 0.575 0.7875 0.025 0.03625
0 0.60375 0.78125 0.02 0.035
0 0.63 0.77625 0.02375 0.0275
0 0.63125 0.80125 0.02875 0.00875
0 0.6625 0.78375 0.02375 0.0375
0 0.6925 0.785 0.03125 0.0425
0 0.72375 0.79875 0.02375 0.0125
0 0.55375 0.71625 0.02 0.03
0 0.52375 0.72 0.02875 0.035
0 0.4925 0.72 0.02875 0.035
0 0.4625 0.72125 0.02875 0.035
0 0.65 0.5825 0.01625 0.03375
0 0.6725 0.58375 0.01875 0.02875
0 0.69875 0.58375 0.01875 0.03
0 0.725 0.585 0.01875 0.03375
0 0.74875 0.58375 0.01875 0.03125
0 0.2325 0.665 0.025 0.02
0 0.27 0.66625 0.03625 0.02
0 0.305 0.6575 0.02125 0.03125
0 0.3325 0.65125 0.0225 0.0425
0 0.35625 0.65625 0.01875 0.03125
0 0.37875 0.65125 0.01875 0.04
0 0.40125 0.64875 0.02 0.0425
0 0.43375 0.65 0.025 0.0475
0 0.4625 0.65375 0.02875 0.03875
0 0.60625 0.58375 0.01875 0.03125
0 0.495 0.6525 0.02875 0.03625
0 0.5525 0.6525 0.0275 0.035
0 0.58375 0.6525 0.02625 0.03625
0 0.6125 0.65 0.0275 0.03625
0 0.65 0.64625 0.025 0.04125
0 0.68375 0.65125 0.03 0.0375
0 0.71375 0.6525 0.02625 0.03625
0 0.74125 0.65 0.01875 0.03375
0 0.2275 0.71875 0.01375 0.0475
0 0.25375 0.73 0.0175 0.03
0 0.275 0.73125 0.0175 0.03125
0 0.32375 0.71625 0.0175 0.04
0 0.3725 0.72 0.0175 0.0425
0 0.39875 0.72 0.03 0.04
0 0.43 0.72125 0.02875 0.035
0 0.52375 0.6525 0.025 0.035
0 0.3475 0.72125 0.0225 0.04125
0 0.5275 0.35625 0.01375 0.05125
0 0.23 0.51625 0.02 0.03875
0 0.235 0.28375 0.01625 0.05125
0 0.25375 0.28125 0.0125 0.05
0 0.23375 0.36 0.0225 0.0475
0 0.25625 0.36125 0.01875 0.0475
0 0.255 0.435 0.045 0.04875
0 0.2575 0.51625 0.0325 0.03875
0 0.235 0.595 0.03 0.0575
0 0.27125 0.59875 0.03375 0.045
0 0.3075 0.29375 0.03 0.02125
0 0.3125 0.58875 0.0225 0.0275
0 0.3475 0.285 0.01 0.03125
0 0.33625 0.2625 0.0175 0.01125
0 0.37375 0.2925 0.03375 0.03
0 0.405 0.29 0.02125 0.02875
0 0.43125 0.2875 0.02625 0.03
0 0.46 0.28625 0.0275 0.0325
0 0.33375 0.285 0.0125 0.03125