0 0.26125 0.745 0.03125 0.03375
0 0.26 0.78 0.0325 0.03375
0 0.30375 0.73625 0.05125 0.04125
0 0.305 0.77875 0.05125 0.04125
0 0.35375 0.74 0.0425 0.0225
0 0.3525 0.76125 0.0425 0.02
0 0.395 0.76125 0.04 0.025
0 0.39625 0.7375 0.0425 0.02
0 0.39625 0.7875 0.04125 0.025
0 0.44 0.775 0.045 0.05
0 0.4875 0.77875 0.04625 0.04875
0 0.22625 0.78 0.03125 0.03375
0 0.48625 0.735 0.04375 0.03
0 0.35375 0.785 0.0425 0.02
0 0.225 0.745 0.03125 0.03375
0 0.3075 0.13125 0.03625 0.09625
0 0.17125 0.7325 0.0575 0.045
0 0.78 0.6475 0.03375 0.09625
0 0.74375 0.6475 0.03375 0.09625
0 0.70625 0.64375 0.03375 0.09625
0 0.1775 0.135 0.03875 0.08375
0 0.2225 0.14 0.04 0.0725
0 0.26625 0.13 0.04125 0.09625
0 0.52625 0.74 0.035 0.04
0 0.355 0.12375 0.05625 0.11375
0 0.4125 0.12625 0.05625 0.11375
0 0.575 0.12875 0.05625 0.11375
0 0.64 0.13125 0.05625 0.11375
0 0.7 0.13125 0.05625 0.11375
0 0.76 0.1325 0.05625 0.11375
0 0.17125 0.77875 0.05875 0.045
0 0.5275 0.78 0.035 0.04
0 0.70625 0.7425 0.0325 0.0375
0 0.565 0.78 0.03375 0.04
0 0.86375 0.5375 0.02125 0.05125
0 0.8475 0.65875 0.05375 0.12125
0 0.85 0.87125 0.03875 0.1
0 0.81625 0.8675 0.02625 0.09375
0 0.75375 0.8825 0.06625 0.085
0 0.695 0.89375 0.0475 0.08125
0 0.645 0.87625 0.04375 0.08
0 0.5975 0.87375 0.04375 0.07875
0 0.54375 0.8925 0.05 0.0425
0 0.5475 0.8475 0.05 0.0425
0 0.49375 0.89 0.045 0.05125
0 0.495 0.83875 0.04875 0.04375
0 0.42 0.87875 0.0875 0.0675
0 0.1425 0.12875 0.03125 0.09375
0 0.34125 0.85125 0.06875 0.045
0 0.2725 0.8725 0.06625 0.08
0 0.21375 0.87375 0.04625 0.07875
0 0.6 0.74125 0.0325 0.0375
0 0.6 0.77875 0.0325 0.0375
0 0.63375 0.74125 0.0325 0.0375
0 0.635 0.78 0.0325 0.0375
0 0.67 0.74375 0.0325 0.0375
0 0.67 0.78 0.0325 0.0375
0 0.56375 0.74 0.03375 0.03875
0 0.81875 0.13375 0.05625 0.11375
0 0.775 0.7425 0.0325 0.0375
0 0.70625 0.7825 0.0325 0.0375
0 0.74125 0.7825 0.0325 0.0375
0 0.775 0.78 0.0325 0.0375
0 0.15625 0.85375 0.0625 0.0375
0 0.15625 0.895 0.0625 0.0375
0 0.74 0.74375 0.0325 0.0375
0 0.18375 0.255 0.0425 0.075
0 0.5375 0.25375 0.03375 0.09125
0 0.265 0.255 0.0375 0.0725
0 0.30375 0.50625 0.03 0.095
0 0.34375 0.50125 0.04125 0.11
0 0.38625 0.49875 0.04 0.11
0 0.42875 0.50375 0.04 0.11
0 0.46875 0.50875 0.035 0.09875
0 0.50625 0.51 0.035 0.09875
0 0.54125 0.51125 0.035 0.1
0 0.58 0.5075 0.0375 0.1
0 0.62375 0.50625 0.04 0.1025
0 0.66375 0.5075 0.03625 0.10375
0 0.70125 0.50875 0.03625 0.10375
0 0.74 0.5075 0.03625 0.10375
0 0.77875 0.50875 0.03625 0.10375
0 0.1375 0.635 0.025 0.1075
0 0.27 0.5075 0.035 0.095
0 0.1675 0.635 0.03125 0.10375
0 0.235 0.64125 0.03125 0.10375
0 0.26875 0.64375 0.03125 0.10375
0 0.3025 0.64125 0.03125 0.1
0 0.33875 0.64 0.03125 0.1
0 0.3725 0.64125 0.03125 0.1
0 0.40875 0.6425 0.03125 0.1
0 0.4425 0.64375 0.03375 0.09625
0 0.48 0.6425 0.03375 0.09625
0 0.51625 0.645 0.03375 0.09625
0 0.55625 0.64375 0.03375 0.09625
0 0.6 0.64375 0.03375 0.09625
0 0.63625 0.64625 0.03375 0.09625
0 0.6725 0.645 0.03375 0.09625
0 0.84125 0.5375 0.02125 0.05125
0 0.2 0.63875 0.03125 0.10375
0 0.2325 0.5025 0.0375 0.1
0 0.1975 0.5075 0.03 0.0925
0 0.1675 0.5075 0.02625 0.09875
0 0.3025 0.2575 0.03375 0.0725
0 0.33625 0.2525 0.03125 0.0825
0 0.37 0.2525 0.03125 0.08125
0 0.40625 0.2525 0.0325 0.08625
0 0.45625 0.26125 0.055 0.07625
0 0.5025 0.2525 0.03375 0.09125
0 0.5725 0.24875 0.03375 0.09875
0 0.60625 0.25125 0.03375 0.09875
0 0.6475 0.2525 0.0375 0.09625
0 0.6875 0.25375 0.0375 0.09625
0 0.725 0.25375 0.0375 0.09625
0 0.76 0.255 0.02625 0.09875
0 0.78875 0.25375 0.02625 0.09875
0 0.84125 0.23 0.06625 0.07375
0 0.84375 0.31875 0.06125 0.07625
0 0.16125 0.3675 0.04375 0.115
0 0.205 0.37375 0.0375 0.11
0 0.13875 0.5075 0.02625 0.09875
0 0.7875 0.38125 0.04 0.10625
0 0.72125 0.3825 0.04 0.10625
0 0.67875 0.38125 0.04 0.10625
0 0.6375 0.3825 0.04 0.10625
0 0.59875 0.38125 0.03625 0.1
0 0.225 0.25625 0.0375 0.0725
0 0.56125 0.38125 0.03625 0.105
0 0.485 0.37875 0.03625 0.105
0 0.44125 0.37625 0.03625 0.105
0 0.4025 0.37625 0.0375 0.105
0 0.36375 0.37375 0.0375 0.11125
0 0.325 0.37375 0.0375 0.11125
0 0.2875 0.3725 0.0375 0.11125
0 0.52 0.37875 0.03625 0.105
0 0.83375 0.46875 0.06875 0.065
0 0.34125 0.8975 0.06875 0.0375