0 0.7325 0.09625 0.0425 0.135
0 0.78125 0.08375 0.05 0.15375
0 0.8325 0.075 0.04625 0.15
0 0.84375 0.2625 0.0525 0.14875
0 0.79375 0.2675 0.04625 0.14
0 0.755 0.2675 0.02875 0.14125
0 0.63375 0.28 0.03625 0.13125
0 0.6725 0.2775 0.04125 0.13625
0 0.59625 0.28625 0.04 0.1275
0 0.55625 0.29125 0.04 0.12
0 0.51875 0.295 0.0325 0.11875
0 0.485 0.29875 0.03125 0.11125
0 0.45625 0.3 0.02375 0.11375
0 0.71625 0.275 0.045 0.12875
0 0.69 0.1025 0.03875 0.1425
0 0.575 0.125 0.03625 0.125
0 0.61125 0.11875 0.0375 0.1375
0 0.1925 0.21375 0.02 0.0875
0 0.2125 0.21125 0.0175 0.09125
0 0.23125 0.2075 0.015 0.08625
0 0.25125 0.20125 0.025 0.0975
0 0.275 0.19625 0.015 0.0975
0 0.29625 0.19 0.02375 0.10625
0 0.32 0.185 0.01875 0.10375
0 0.3425 0.18375 0.025 0.105
0 0.365 0.17875 0.01875 0.1025
0 0.38875 0.1725 0.025 0.1125
0 0.41375 0.16625 0.0225 0.1125
0 0.44 0.16125 0.02625 0.11375
0 0.4675 0.15125 0.0275 0.12125
0 0.49875 0.145 0.03125 0.12875
0 0.54 0.135 0.03125 0.13
0 0.65 0.11375 0.03625 0.13125
0 0.43 0.3 0.03 0.115
0 0.35625 0.30375 0.02375 0.10875
0 0.38125 0.30375 0.025 0.1075
0 0.2475 0.32 0.01375 0.0875
0 0.2325 0.32 0.0175 0.08625
0 0.215 0.31875 0.015 0.0925
0 0.1975 0.31875 0.01875 0.09
0 0.8325 0.465 0.0575 0.1475
0 0.7775 0.46375 0.05 0.13875
0 0.26375 0.3175 0.01875 0.085
0 0.73 0.46 0.04375 0.1325
0 0.64625 0.4525 0.04 0.13125
0 0.60625 0.45125 0.035 0.125
0 0.57125 0.4525 0.0325 0.125
0 0.53875 0.44875 0.03125 0.11625
0 0.50625 0.44875 0.0325 0.11375
0 0.475 0.4475 0.0275 0.11125
0 0.68625 0.45625 0.04 0.13875
0 0.28375 0.3125 0.02 0.09375
0 0.3075 0.31375 0.025 0.09125
0 0.54375 0.5425 0.03 0.03125
0 0.3325 0.3075 0.01875 0.10375
0 0.40625 0.9025 0.025 0.01875
0 0.435 0.91125 0.02 0.0375
0 0.3275 0.44625 0.0325 0.07875
0 0.46125 0.925 0.025 0.03375
0 0.505 0.91625 0.0525 0.11
0 0.56125 0.93875 0.05625 0.11375
0 0.35875 0.44125 0.02375 0.10125
0 0.3875 0.44125 0.02875 0.10125
0 0.4175 0.44375 0.03 0.10625
0 0.4475 0.44625 0.0275 0.1075
0 0.61 0.97875 0.0375 0.0425
0 0.39875 0.51875 0.02875 0.02125
0 0.45375 0.52 0.0375 0.02
0 0.515 0.54 0.02625 0.025
0 0.40375 0.30125 0.02 0.11375
0 0.46125 0.88875 0.02375 0.03625
0 0.315 0.71125 0.02875 0.085
0 0.50625 0.78125 0.03 0.07875
0 0.37375 0.73125 0.03 0.0875
0 0.405 0.74625 0.0275 0.06375
0 0.4225 0.69375 0.03 0.04
0 0.4375 0.755 0.0325 0.08
0 0.475 0.77125 0.02625 0.06875
0 0.29 0.69875 0.02 0.0725
0 0.57375 0.8225 0.03375 0.04125
0 0.5375 0.81125 0.03 0.04
0 0.5375 0.7675 0.0275 0.0425
0 0.57375 0.7725 0.0375 0.0425
0 0.6125 0.835 0.03375 0.045
0 0.65 0.85 0.04125 0.045
0 0.6675 0.79125 0.03375 0.05625
0 0.69875 0.80125 0.025 0.045
0 0.73375 0.8225 0.0375 0.06
0 0.345 0.72 0.02875 0.06875
0 0.405 0.87875 0.03 0.02625
0 0.355 0.84875 0.025 0.06375
0 0.37625 0.86 0.0175 0.07125
0 0.2675 0.715 0.02 0.03125
0 0.2675 0.68875 0.0225 0.01875
0 0.24625 0.7075 0.02 0.0225
0 0.24625 0.68375 0.0175 0.02
0 0.22625 0.67375 0.01625 0.01875
0 0.22625 0.69625 0.015 0.02125
0 0.235 0.815 0.01875 0.01875
0 0.6925 0.86875 0.03625 0.05125
0 0.23625 0.79125 0.01875 0.025
0 0.28125 0.8125 0.025 0.02375
0 0.2825 0.84 0.025 0.0225
0 0.2575 0.8175 0.02125 0.0275
0 0.305 0.85 0.01875 0.02125
0 0.32875 0.85875 0.025 0.03125
0 0.35625 0.79625 0.03125 0.025
0 0.39375 0.8075 0.03375 0.0325
0 0.2575 0.7825 0.0225 0.02625
0 0.735 0.8825 0.04375 0.0575
0 0.61375 0.785 0.04 0.04625
0 0.78625 0.895 0.05625 0.0725
0 0.2725 0.5925 0.0225 0.0225
0 0.27125 0.56375 0.02375 0.0325
0 0.78625 0.82375 0.05875 0.0625
0 0.24875 0.585 0.02 0.025
0 0.225 0.58125 0.01375 0.02125
0 0.21125 0.58125 0.0125 0.0225
0 0.21125 0.55625 0.01375 0.025
0 0.29875 0.575 0.025 0.07
0 0.2275 0.55875 0.01875 0.01875
0 0.2075 0.415 0.015 0.0225
0 0.22625 0.41375 0.02 0.02125
0 0.22 0.4375 0.025 0.0225
0 0.22 0.465 0.02625 0.0275
0 0.245 0.4525 0.02 0.055
0 0.265 0.45125 0.02125 0.06
0 0.29375 0.44625 0.0325 0.08
0 0.2275 0.52875 0.01625 0.02125
0 0.32375 0.57875 0.02125 0.0775
0 0.24875 0.5575 0.01875 0.03125
0 0.37 0.6175 0.02375 0.0325
0 0.845 0.91 0.06 0.07
0 0.84875 0.8375 0.0525 0.07125
0 0.83375 0.6875 0.07 0.125
0 0.345 0.61 0.02125 0.02375
0 0.7675 0.6775 0.05625 0.11625
0 0.71125 0.6625 0.055 0.125
0 0.5925 0.6375 0.0675 0.10875
0 0.65375 0.65125 0.055 0.10125
0 0.4925 0.6175 0.035 0.09
0 0.42625 0.63625 0.02625 0.03125
0 0.45625 0.64 0.0325 0.025
0 0.45375 0.6075 0.02875 0.02875
0 0.42375 0.6025 0.0275 0.03125
0 0.39625 0.5975 0.02625 0.0325
0 0.39625 0.625 0.025 0.02125
0 0.53375 0.62625 0.03625 0.1