0 0.43125 0.31 0.04 0.09375
0 0.475 0.31125 0.04 0.0925
0 0.52 0.285 0.04 0.0925
0 0.5675 0.3075 0.03875 0.0925
0 0.6125 0.30875 0.03875 0.09375
0 0.65875 0.30625 0.0425 0.09375
0 0.74375 0.28375 0.025 0.10125
0 0.77875 0.2825 0.0375 0.1
0 0.39 0.30875 0.04 0.09375
0 0.87 0.28125 0.045 0.1
0 0.9175 0.28125 0.045 0.1
0 0.065 0.44125 0.0325 0.08125
0 0.1 0.44125 0.03125 0.08125
0 0.13375 0.43 0.02875 0.09375
0 0.165 0.43 0.02875 0.09375
0 0.19875 0.43 0.02875 0.09375
0 0.23125 0.4275 0.02875 0.09375
0 0.725 0.62625 0.01875 0.0825
0 0.265 0.4225 0.0325 0.10625
0 0.29875 0.42125 0.03125 0.105
0 0.81875 0.28125 0.0375 0.1
0 0.7575 0.62375 0.0375 0.08875
0 0.75375 0.7275 0.03625 0.0825
0 0.84125 0.6225 0.0375 0.08875
0 0.4775 0.1675 0.0325 0.085
0 0.4425 0.1675 0.0325 0.085
0 0.4075 0.1675 0.0325 0.085
0 0.3725 0.17 0.03125 0.0825
0 0.28125 0.17125 0.0325 0.0925
0 0.245 0.1725 0.03 0.09375
0 0.51375 0.1675 0.0325 0.085
0 0.21125 0.1725 0.03 0.09375
0 0.1425 0.1725 0.02875 0.09375
0 0.905 0.81375 0.035 0.05625
0 0.8675 0.8125 0.035 0.05625
0 0.82625 0.8125 0.035 0.05625
0 0.78625 0.8125 0.035 0.05625
0 0.7475 0.8125 0.035 0.05625
0 0.17625 0.1725 0.03 0.09375
0 0.7975 0.62375 0.0375 0.08875
0 0.54875 0.1675 0.03125 0.085
0 0.62125 0.1675 0.03125 0.085
0 0.88375 0.62375 0.0375 0.08875
0 0.925 0.6225 0.0375 0.08875
0 0.96875 0.6225 0.0425 0.08625
0 0.7225 0.73 0.01875 0.07875
0 0.79375 0.72625 0.0375 0.08125
0 0.83375 0.72625 0.03625 0.08125
0 0.585 0.1675 0.0325 0.085
0 0.86875 0.72625 0.0275 0.0775
0 0.9325 0.72375 0.03125 0.0775
0 0.72 0.815 0.01625 0.055
0 0.8225 0.16625 0.03875 0.08125
0 0.77875 0.16625 0.03625 0.08125
0 0.74625 0.16625 0.02375 0.08125
0 0.65625 0.1675 0.03125 0.085
0 0.9 0.725 0.03 0.0775
0 0.11 0.1725 0.02875 0.09375
0 0.48875 0.55 0.03 0.08875
0 0.045 0.1725 0.02875 0.09375
0 0.49 0.67375 0.03 0.08
0 0.45875 0.67125 0.03 0.08
0 0.42875 0.6975 0.025 0.02875
0 0.6575 0.78 0.025 0.0775
0 0.6275 0.7825 0.03 0.075
0 0.5975 0.7825 0.03 0.075
0 0.56375 0.78125 0.03 0.075
0 0.525 0.7825 0.03 0.075
0 0.08 0.555 0.0325 0.0925
0 0.115 0.555 0.0325 0.0925
0 0.15125 0.55125 0.03125 0.0975
0 0.1825 0.55 0.0275 0.10375
0 0.21625 0.54875 0.03375 0.10125
0 0.27625 0.5525 0.03375 0.09
0 0.52125 0.675 0.0275 0.07625
0 0.3125 0.55375 0.03375 0.0825
0 0.13375 0.68625 0.03375 0.09625
0 0.16875 0.675 0.03 0.10875
0 0.87125 0.16625 0.0425 0.08125
0 0.2025 0.67625 0.0325 0.11
0 0.23625 0.67625 0.0325 0.11
0 0.2725 0.6825 0.0325 0.09875
0 0.30875 0.68 0.0325 0.09875
0 0.33625 0.67625 0.01875 0.09375
0 0.09875 0.80125 0.03 0.08
0 0.1375 0.80125 0.03625 0.07875
0 0.1875 0.795 0.04125 0.07625
0 0.4025 0.795 0.025 0.06
0 0.46125 0.79625 0.025 0.05875
0 0.49125 0.795 0.025 0.05875
0 0.09625 0.6875 0.035 0.09625
0 0.0775 0.1725 0.02875 0.09375
0 0.55125 0.6725 0.02875 0.07625
0 0.61375 0.6725 0.02875 0.07625
0 0.015 0.1725 0.02875 0.09375
0 0.9775 0.51625 0.04125 0.0925
0 0.93375 0.51625 0.03875 0.0925
0 0.89 0.5175 0.03875 0.0925
0 0.845 0.5175 0.03875 0.0925
0 0.80125 0.515 0.03875 0.0925
0 0.76 0.5175 0.03625 0.09
0 0.73 0.51875 0.0175 0.08625
0 0.98625 0.39625 0.0275 0.0975
0 0.9475 0.39875 0.04375 0.0975
0 0.9 0.4025 0.04375 0.0975
0 0.8525 0.4025 0.03875 0.0975
0 0.80875 0.40125 0.03875 0.0975
0 0.76625 0.4025 0.04125 0.0975
0 0.5825 0.67125 0.02875 0.07625
0 0.73375 0.40375 0.01875 0.09375
0 0.61375 0.4425 0.03875 0.085
0 0.56875 0.43875 0.03625 0.0875
0 0.525 0.44 0.03625 0.0875
0 0.4825 0.44125 0.03625 0.0875
0 0.44 0.445 0.03875 0.085
0 0.3975 0.445 0.04 0.08625
0 0.655 0.54875 0.02875 0.09
0 0.62125 0.54875 0.02875 0.09
0 0.58 0.54875 0.02875 0.09
0 0.5475 0.54875 0.0275 0.09125
0 0.45375 0.5575 0.03 0.0825
0 0.4225 0.55375 0.03 0.0825
0 0.39125 0.54375 0.02625 0.07375
0 0.6475 0.67375 0.03 0.075
0 0.65375 0.44125 0.035 0.08375
0 0.91625 0.16375 0.04375 0.0775
0 0.43 0.79625 0.025 0.05875
0 0.98875 0.1625 0.0225 0.075
0 0.95875 0.16375 0.03125 0.0775
0 0.255 0.2925 0.0325 0.09625
0 0.21875 0.29375 0.0325 0.09625
0 0.1825 0.29375 0.03125 0.0975
0 0.29125 0.29375 0.0325 0.09625
0 0.115 0.2975 0.03125 0.09375
0 0.08125 0.2975 0.03125 0.09375
0 0.14875 0.29375 0.03 0.0975
0 0.045 0.2975 0.035 0.0925