0 0.6825 0.695 0.035 0.0325
0 0.61375 0.67125 0.04 0.0275
0 0.6125 0.70125 0.03625 0.025
0 0.64625 0.69125 0.0225 0.0375
0 0.73375 0.6725 0.03875 0.02125
0 0.2375 0.85375 0.02875 0.02125
0 0.77 0.67125 0.0225 0.0225
0 0.37375 0.85375 0.01875 0.06375
0 0.395 0.8525 0.0225 0.0675
0 0.43625 0.87125 0.0525 0.0225
0 0.48125 0.87125 0.03375 0.02125
0 0.47875 0.84625 0.03 0.02125
0 0.52125 0.8425 0.04125 0.02625
0 0.5225 0.87125 0.04375 0.03
0 0.56375 0.83125 0.035 0.0175
0 0.56375 0.85125 0.0375 0.01625
0 0.56625 0.87375 0.0375 0.02125
0 0.605 0.86 0.035 0.01375
0 0.605 0.8775 0.03875 0.01375
0 0.645 0.84375 0.03875 0.01
0 0.645 0.855 0.0375 0.00625
0 0.645 0.8675 0.03625 0.0075
0 0.645 0.8775 0.04 0.01125
0 0.67625 0.85 0.02125 0.0275
0 0.68 0.87375 0.025 0.01
0 0.7125 0.865 0.02875 0.03375
0 0.74375 0.86125 0.03 0.035
0 0.77125 0.85625 0.0175 0.0375
0 0.30125 0.86125 0.02 0.0475
0 0.7325 0.69875 0.0375 0.02375
0 0.27125 0.8775 0.03375 0.0225
0 0.24 0.87875 0.0275 0.02375
0 0.76625 0.6975 0.0275 0.02125
0 0.235 0.77 0.02875 0.045
0 0.2625 0.7625 0.025 0.0175
0 0.265 0.78375 0.025 0.015
0 0.29 0.77375 0.02375 0.03125
0 0.32875 0.77125 0.0275 0.03
0 0.35875 0.76375 0.02375 0.04375
0 0.38625 0.75875 0.0275 0.045
0 0.4175 0.75625 0.02625 0.0425
0 0.45 0.7625 0.03 0.05
0 0.4825 0.765 0.0275 0.03875
0 0.51 0.7625 0.0275 0.0375
0 0.54375 0.765 0.02625 0.03875
0 0.5725 0.7625 0.02625 0.04
0 0.60375 0.75875 0.03 0.04125
0 0.635 0.75875 0.02375 0.04375
0 0.66625 0.76 0.03375 0.0425
0 0.70625 0.7475 0.0375 0.01875
0 0.70375 0.77 0.03625 0.01875
0 0.74875 0.7425 0.04875 0.01625
0 0.74625 0.7675 0.0425 0.02375
0 0.2675 0.85375 0.03 0.02
0 0.2675 0.71625 0.0475 0.01875
0 0.48 0.23625 0.03125 0.06125
0 0.34625 0.11 0.03125 0.10125
0 0.53625 0.5375 0.05125 0.02375
0 0.48625 0.5375 0.04625 0.0225
0 0.59125 0.5125 0.04875 0.025
0 0.535 0.695 0.02375 0.03
0 0.56875 0.6675 0.04 0.01875
0 0.53875 0.51 0.05125 0.02375
0 0.4875 0.50875 0.05125 0.0325
0 0.44625 0.535 0.02875 0.08125
0 0.4125 0.5375 0.03 0.07625
0 0.57125 0.7 0.03625 0.02875
0 0.35125 0.545 0.02 0.05875
0 0.585 0.5375 0.04 0.0225
0 0.32625 0.545 0.02125 0.0575
0 0.76625 0.42625 0.02375 0.08
0 0.735 0.4275 0.0325 0.08375
0 0.70125 0.43125 0.02875 0.07
0 0.6725 0.4325 0.02625 0.0675
0 0.645 0.43375 0.025 0.06875
0 0.615 0.43375 0.0275 0.0675
0 0.59 0.44125 0.02125 0.05625
0 0.5625 0.44125 0.0225 0.055
0 0.53625 0.4425 0.02375 0.05375
0 0.51375 0.44 0.0225 0.05625
0 0.475 0.43125 0.04 0.07625
0 0.22875 0.54875 0.01625 0.07125
0 0.4225 0.4575 0.0525 0.02375
0 0.485 0.5625 0.04875 0.025
0 0.5875 0.5625 0.0475 0.02125
0 0.26625 0.69625 0.0475 0.01875
0 0.7725 0.61875 0.01625 0.0375
0 0.73375 0.61875 0.0425 0.02625
0 0.6875 0.62125 0.045 0.02875
0 0.64125 0.61875 0.04125 0.03
0 0.59625 0.61875 0.045 0.03
0 0.55125 0.61875 0.04 0.0275
0 0.50875 0.62 0.04125 0.02875
0 0.465 0.62 0.04 0.03125
0 0.355 0.62375 0.0425 0.03125
0 0.31125 0.62375 0.03625 0.02875
0 0.5375 0.5625 0.05375 0.0225
0 0.2625 0.63625 0.05375 0.02875
0 0.3475 0.6975 0.0325 0.03875
0 0.3825 0.68875 0.03375 0.05
0 0.42 0.7 0.0375 0.025
0 0.46125 0.68875 0.04 0.05375
0 0.50625 0.69625 0.0225 0.035
0 0.5325 0.6675 0.02 0.01875
0 0.71875 0.5325 0.0325 0.07625
0 0.69 0.54625 0.01875 0.0525
0 0.665 0.54375 0.015 0.05375
0 0.645 0.545 0.0175 0.05
0 0.62625 0.54625 0.0125 0.04875
0 0.7575 0.53375 0.03375 0.0725
0 0.4225 0.43375 0.0525 0.0225
0 0.4225 0.405 0.05375 0.025
0 0.3675 0.45875 0.05 0.02625
0 0.36875 0.23375 0.02125 0.05875
0 0.34125 0.23625 0.02125 0.06
0 0.31625 0.2325 0.02375 0.065
0 0.27625 0.55125 0.05875 0.04875
0 0.275 0.51 0.06 0.02
0 0.2775 0.47875 0.06875 0.02375
0 0.27625 0.44875 0.065 0.025
0 0.26875 0.42 0.06375 0.0225
0 0.25375 0.385 0.06375 0.03
0 0.2575 0.35125 0.0625 0.0275
0 0.26375 0.29125 0.06625 0.07625
0 0.41875 0.235 0.0175 0.06625
0 0.28375 0.22 0.0275 0.04125
0 0.72125 0.12125 0.0325 0.08
0 0.68875 0.12125 0.03 0.07875
0 0.65 0.13 0.0425 0.06125
0 0.61875 0.13125 0.01375 0.05875
0 0.60125 0.1275 0.01625 0.065
0 0.57125 0.115 0.03375 0.09125
0 0.53 0.1175 0.03625 0.0875
0 0.49 0.11 0.03625 0.10125
0 0.4525 0.11 0.03 0.1
0 0.41625 0.11 0.0375 0.09875
0 0.37875 0.11 0.03125 0.095
0 0.2375 0.20625 0.03375 0.085
0 0.44875 0.2375 0.03 0.0625
0 0.31 0.6975 0.035 0.0375
0 0.51375 0.23625 0.02875 0.06625
0 0.36875 0.43125 0.0525 0.0225
0 0.32625 0.45875 0.0275 0.025
0 0.325 0.43125 0.03 0.0225
0 0.31875 0.40375 0.03 0.0225
0 0.755 0.32375 0.03 0.06625
0 0.725 0.32375 0.02875 0.06625
0 0.695 0.32875 0.02125 0.05125
0 0.64125 0.325 0.03125 0.05875
0 0.60875 0.32625 0.02875 0.06
0 0.5775 0.32625 0.0275 0.06125
0 0.545 0.32625 0.0275 0.05875
0 0.51625 0.3275 0.02625 0.0575
0 0.4875 0.3275 0.02625 0.0575
0 0.45375 0.3275 0.03 0.06
0 0.41625 0.3275 0.02625 0.05625
0 0.38375 0.32625 0.0275 0.05875
0 0.35375 0.32875 0.03125 0.06
0 0.32125 0.32625 0.03125 0.0625
0 0.75875 0.2375 0.035 0.05875
0 0.72 0.23875 0.035 0.0625
0 0.6825 0.2375 0.0325 0.06
0 0.6475 0.23625 0.02875 0.06375
0 0.61375 0.23625 0.03375 0.06125
0 0.57875 0.23625 0.03125 0.06
0 0.545 0.23625 0.03 0.06125
0 0.3 0.11875 0.05375 0.09
0 0.37875 0.535 0.02875 0.07875
0 0.36625 0.40375 0.05375 0.025