0 0.7175 0.17125 0.01875 0.0475
0 0.7375 0.1725 0.01625 0.0475
0 0.7575 0.1725 0.01375 0.04625
0 0.77375 0.1725 0.0175 0.04875
0 0.13375 0.255 0.0175 0.05625
0 0.15125 0.255 0.01625 0.05625
0 0.17 0.255 0.01625 0.0575
0 0.25 0.16125 0.02 0.06875
0 0.6975 0.17375 0.01625 0.05375
0 0.2075 0.255 0.015 0.05625
0 0.225 0.255 0.01625 0.05625
0 0.245 0.25 0.01875 0.06625
0 0.2625 0.25 0.01375 0.06875
0 0.2825 0.2525 0.01625 0.0675
0 0.23 0.15875 0.01625 0.0675
0 0.1875 0.2575 0.015 0.05625
0 0.68 0.17125 0.01625 0.0575
0 0.60375 0.17 0.0175 0.055
0 0.6425 0.17 0.015 0.05875
0 0.30625 0.25 0.02 0.06875
0 0.4525 0.1675 0.015 0.065
0 0.43125 0.16625 0.02125 0.0675
0 0.40875 0.165 0.01875 0.06375
0 0.3875 0.1625 0.02125 0.075
0 0.35125 0.1625 0.0175 0.065
0 0.3275 0.16125 0.01875 0.06875
0 0.30875 0.16125 0.01625 0.06875
0 0.66125 0.16875 0.0175 0.0575
0 0.28875 0.16 0.01875 0.07
0 0.47125 0.16625 0.01625 0.06375
0 0.49125 0.1675 0.01625 0.0625
0 0.51 0.16875 0.01625 0.0625
0 0.5275 0.16875 0.015 0.06375
0 0.54625 0.16625 0.01875 0.06375
0 0.565 0.17 0.015 0.05875
0 0.585 0.16875 0.0175 0.0575
0 0.62375 0.17 0.01875 0.05875
0 0.27 0.16 0.01375 0.06875
0 0.3525 0.2525 0.02 0.07
0 0.18375 0.35 0.0175 0.05375
0 0.38625 0.255 0.015 0.07
0 0.13125 0.35125 0.0125 0.055
0 0.14625 0.35125 0.01625 0.055
0 0.165 0.35 0.015 0.05125
0 0.21 0.16 0.0175 0.07125
0 0.2025 0.35125 0.01625 0.0525
0 0.2225 0.35 0.01625 0.05375
0 0.24125 0.3525 0.01875 0.055
0 0.26125 0.35125 0.01625 0.05625
0 0.28 0.3525 0.01625 0.05875
0 0.2975 0.35125 0.01625 0.055
0 0.315 0.35375 0.015 0.0575
0 0.33125 0.3525 0.01625 0.055
0 0.35 0.35125 0.015 0.05625
0 0.365 0.35375 0.015 0.05375
0 0.38625 0.355 0.01875 0.055
0 0.4075 0.3525 0.0175 0.0575
0 0.43125 0.35 0.02125 0.0625
0 0.85625 0.235 0.025 0.0775
0 0.825 0.23625 0.02625 0.07375
0 0.7675 0.26375 0.01125 0.07
0 0.75125 0.26125 0.0125 0.0725
0 0.405 0.25875 0.02 0.0675
0 0.425 0.26 0.01625 0.06375
0 0.445 0.26125 0.02 0.06625
0 0.46625 0.26 0.01875 0.065
0 0.4875 0.26375 0.0175 0.06875
0 0.5075 0.2625 0.01625 0.06625
0 0.5275 0.26125 0.01875 0.06625
0 0.5475 0.26375 0.02125 0.06625
0 0.37 0.25375 0.0125 0.0675
0 0.57 0.26375 0.01875 0.06625
0 0.60875 0.25875 0.015 0.0775
0 0.62625 0.25875 0.015 0.0775
0 0.64375 0.26 0.01625 0.075
0 0.66125 0.2575 0.0175 0.0775
0 0.68125 0.26 0.01375 0.07
0 0.69875 0.2625 0.0175 0.06875
0 0.71625 0.2625 0.0125 0.06875
0 0.73375 0.26125 0.0175 0.07125
0 0.58875 0.26375 0.01625 0.0675
0 0.18875 0.16 0.01625 0.06625
0 0.7225 0.345 0.025 0.07375
0 0.14625 0.1575 0.02125 0.065
0 0.555 0.4375 0.0225 0.05875
0 0.5775 0.42875 0.02 0.06625
0 0.6 0.43 0.02125 0.0725
0 0.625 0.43125 0.02375 0.07125
0 0.64875 0.43125 0.01875 0.07125
0 0.6725 0.43 0.02375 0.07
0 0.69625 0.43125 0.02 0.0725
0 0.74 0.43125 0.0175 0.0725
0 0.835 0.37875 0.0675 0.02375
0 0.8325 0.405 0.06625 0.01625
0 0.83125 0.425 0.0625 0.02
0 0.1625 0.52625 0.07375 0.05875
0 0.4375 0.53125 0.0225 0.05375
0 0.16875 0.16 0.02 0.06375
0 0.53 0.43625 0.02 0.05625
0 0.46375 0.53125 0.0225 0.0525
0 0.5125 0.53125 0.02375 0.05375
0 0.53625 0.53 0.02125 0.05125
0 0.56 0.5325 0.02125 0.04875
0 0.59 0.52375 0.03 0.06625
0 0.62125 0.52375 0.02875 0.0675
0 0.65125 0.5225 0.03 0.06875
0 0.68375 0.5225 0.03 0.07
0 0.71625 0.52375 0.02875 0.07125
0 0.8225 0.46875 0.0625 0.02125
0 0.82125 0.49125 0.0625 0.015
0 0.8225 0.51 0.05625 0.0175
0 0.82 0.55125 0.05125 0.025
0 0.8175 0.57375 0.0525 0.01375
0 0.81875 0.5925 0.05375 0.01625
0 0.4875 0.53125 0.0225 0.0525
0 0.5075 0.43625 0.02375 0.055
0 0.72 0.43125 0.02125 0.0725
0 0.45875 0.4375 0.02125 0.05625
0 0.84375 0.31375 0.0625 0.0225
0 0.84625 0.29125 0.05625 0.01875
0 0.76875 0.34625 0.01375 0.07125
0 0.7475 0.345 0.02 0.07375
0 0.69625 0.34375 0.02375 0.07125
0 0.6725 0.34625 0.02375 0.0725
0 0.4825 0.435 0.0225 0.05375
0 0.625 0.3475 0.02125 0.07375
0 0.6025 0.345 0.02 0.07875
0 0.57875 0.34625 0.01875 0.07375
0 0.555 0.35125 0.01875 0.05875
0 0.53125 0.3525 0.02125 0.0625
0 0.5075 0.35375 0.02375 0.06125
0 0.4825 0.3525 0.0225 0.06125
0 0.45625 0.35125 0.02375 0.06125
0 0.8425 0.33625 0.05875 0.0175
0 0.14125 0.4375 0.0175 0.045
0 0.6475 0.345 0.0225 0.07375
0 0.435 0.43625 0.02125 0.06
0 0.2675 0.44125 0.0175 0.045
0 0.22625 0.44 0.02 0.04625
0 0.205 0.43875 0.02 0.0475
0 0.2925 0.4325 0.02125 0.0675
0 0.1825 0.43875 0.02 0.04625
0 0.16125 0.4375 0.0175 0.0425
0 0.31375 0.43125 0.01875 0.065
0 0.24625 0.44125 0.0175 0.05
0 0.33375 0.43125 0.0175 0.06625
0 0.37375 0.4325 0.01875 0.06625
0 0.39125 0.43375 0.015 0.0625
0 0.4125 0.43375 0.02375 0.0575
0 0.35375 0.4325 0.0175 0.065