0 0.46875 0.38875 0.07375 0.0425
0 0.5475 0.38875 0.075 0.04125
0 0.62375 0.39 0.07 0.04
0 0.68375 0.38625 0.025 0.05125
0 0.6225 0.45875 0.0725 0.04875
0 0.7 0.4625 0.0575 0.04125
0 0.76625 0.385 0.0225 0.05
0 0.81875 0.38625 0.0225 0.04875
0 0.79125 0.39375 0.02625 0.03125
0 0.74375 0.3925 0.01625 0.0275
0 0.725 0.38875 0.015 0.03625
0 0.70625 0.3975 0.01625 0.02375
0 0.39375 0.38875 0.07125 0.04125
0 0.8425 0.39375 0.02125 0.0325
0 0.31875 0.3875 0.0725 0.04375
0 0.18 0.39375 0.02625 0.03125
0 0.545 0.45875 0.07375 0.05
0 0.77 0.26125 0.0325 0.0325
0 0.7375 0.2625 0.03 0.0325
0 0.71 0.2625 0.02125 0.03375
0 0.68625 0.2625 0.0225 0.03375
0 0.28 0.74875 0.0475 0.05625
0 0.23125 0.75 0.04375 0.05375
0 0.665 0.2775 0.015 0.05
0 0.77375 0.22375 0.01875 0.03875
0 0.6475 0.2825 0.0175 0.03875
0 0.605 0.2825 0.02 0.03875
0 0.185 0.75125 0.045 0.05625
0 0.1425 0.75125 0.03375 0.0525
0 0.33125 0.75375 0.0475 0.0375
0 0.38125 0.755 0.04625 0.0325
0 0.43125 0.76375 0.05125 0.015
0 0.43 0.74 0.05 0.0275
0 0.6275 0.2825 0.0175 0.03875
0 0.79625 0.25625 0.0175 0.04375
0 0.82 0.25625 0.0225 0.045
0 0.80625 0.21625 0.02125 0.03125
0 0.15125 0.39375 0.02375 0.03
0 0.225 0.3275 0.02875 0.03
0 0.255 0.32875 0.025 0.02375
0 0.325 0.3375 0.06875 0.0425
0 0.47125 0.3375 0.075 0.04125
0 0.54125 0.34 0.06625 0.04125
0 0.61 0.34125 0.06875 0.03875
0 0.685 0.3225 0.0225 0.04375
0 0.7075 0.32375 0.0175 0.045
0 0.73 0.33125 0.025 0.03
0 0.75375 0.33125 0.0225 0.03
0 0.77625 0.325 0.02 0.04375
0 0.7975 0.32375 0.02125 0.04375
0 0.82375 0.33125 0.025 0.02875
0 0.8475 0.33125 0.01875 0.0275
0 0.855 0.25875 0.04 0.04
0 0.83375 0.22 0.0275 0.02375
0 0.2225 0.385 0.0425 0.05375
0 0.4675 0.45875 0.0725 0.0525
0 0.19125 0.325 0.03 0.0325
0 0.31 0.46 0.0775 0.05
0 0.2625 0.61375 0.03 0.03875
0 0.2975 0.6125 0.03125 0.0375
0 0.32875 0.6125 0.03 0.035
0 0.36375 0.61125 0.0325 0.03625
0 0.4 0.61125 0.0325 0.03625
0 0.67875 0.535 0.02625 0.02375
0 0.71125 0.5225 0.03 0.01625
0 0.45875 0.61 0.0325 0.03625
0 0.50375 0.60875 0.0325 0.0375
0 0.53625 0.60875 0.03 0.03625
0 0.56875 0.6075 0.03 0.04
0 0.6025 0.60625 0.0325 0.03875
0 0.64125 0.60625 0.02625 0.03875
0 0.69 0.6075 0.0525 0.09
0 0.73625 0.60875 0.0275 0.07125
0 0.78 0.6075 0.03875 0.09625
0 0.82 0.61375 0.03625 0.07
0 0.8625 0.535 0.015 0.0225
0 0.84625 0.535 0.01375 0.02
0 0.83125 0.535 0.01375 0.0225
0 0.815 0.53625 0.0125 0.01875
0 0.79375 0.5225 0.0175 0.0475
0 0.745 0.51 0.02125 0.02
0 0.77 0.5425 0.025 0.00875
0 0.77 0.5325 0.02375 0.00875
0 0.15 0.6175 0.02 0.03375
0 0.17875 0.615 0.025 0.0375
0 0.20625 0.615 0.0225 0.03375
0 0.2325 0.61125 0.02125 0.03625
0 0.14125 0.47 0.02625 0.0325
0 0.16875 0.47 0.025 0.03375
0 0.19875 0.46875 0.02625 0.0325
0 0.2275 0.46875 0.025 0.03625
0 0.25625 0.46875 0.025 0.035
0 0.14375 0.53375 0.0275 0.04125
0 0.17625 0.53125 0.02875 0.04375
0 0.20375 0.53625 0.0225 0.0325
0 0.74 0.54 0.02875 0.01625
0 0.48375 0.74625 0.05 0.045
0 0.29 0.53125 0.03 0.04125
0 0.32125 0.535 0.025 0.035
0 0.39125 0.45875 0.07625 0.05375
0 0.35125 0.53125 0.03 0.03875
0 0.41125 0.53 0.02875 0.0375
0 0.4425 0.53375 0.025 0.03375
0 0.47125 0.53 0.02875 0.04125
0 0.5 0.53375 0.01875 0.035
0 0.52625 0.52875 0.03 0.04
0 0.555 0.53375 0.025 0.03375
0 0.58375 0.52875 0.0275 0.04
0 0.61375 0.53 0.02375 0.035
0 0.64375 0.52875 0.03 0.0375
0 0.20125 0.675 0.02875 0.04875
0 0.16875 0.67375 0.03125 0.0475
0 0.13875 0.67375 0.02625 0.05
0 0.38 0.53375 0.025 0.03375
0 0.53875 0.76125 0.04875 0.01375
0 0.26 0.535 0.02875 0.0375
0 0.59125 0.76 0.0475 0.01375
0 0.31375 0.67125 0.04625 0.0125
0 0.26625 0.6725 0.0275 0.0475
0 0.23375 0.6725 0.03125 0.04875
0 0.57 0.28 0.01625 0.0425
0 0.55 0.28125 0.01875 0.03875
0 0.53125 0.2825 0.01625 0.0375
0 0.5125 0.28125 0.0175 0.0375
0 0.49125 0.2825 0.01875 0.03875
0 0.465 0.28125 0.0175 0.04
0 0.445 0.28125 0.01875 0.0375
0 0.425 0.28125 0.0175 0.0375
0 0.4075 0.28125 0.01625 0.0375
0 0.3875 0.28125 0.0175 0.0375
0 0.3675 0.28125 0.01875 0.0375
0 0.3475 0.28 0.0175 0.03875
0 0.32875 0.28 0.0175 0.0375
0 0.3075 0.27875 0.02 0.04
0 0.2875 0.27875 0.01625 0.04
0 0.25625 0.25625 0.025 0.03375
0 0.21625 0.25625 0.02625 0.03125
0 0.18625 0.255 0.025 0.0325
0 0.1575 0.255 0.025 0.03125
0 0.5375 0.7375 0.0475 0.02875
0 0.31375 0.68625 0.0475 0.015
0 0.36875 0.66875 0.05 0.01375
0 0.70875 0.54125 0.03 0.01875
0 0.42125 0.665 0.04125 0.01125
0 0.59 0.745 0.05 0.01125
0 0.58875 0.72375 0.04875 0.0275
0 0.64 0.7625 0.04125 0.0125
0 0.64 0.74875 0.0425 0.01
0 0.6375 0.72125 0.045 0.01625
0 0.84125 0.71625 0.0325 0.0875
0 0.81 0.71375 0.0225 0.09625
0 0.7825 0.71 0.02625 0.10125
0 0.75625 0.715 0.01875 0.09125
0 0.73875 0.71375 0.01125 0.0925
0 0.72125 0.715 0.01875 0.09125
0 0.69375 0.7125 0.0225 0.09875
0 0.64 0.73625 0.04375 0.00875
0 0.63625 0.67875 0.04875 0.015
0 0.42 0.6825 0.04375 0.01875
0 0.6725 0.71875 0.01875 0.085
0 0.47375 0.67625 0.05625 0.0275
0 0.535 0.65125 0.04375 0.0125
0 0.53375 0.665 0.04625 0.01125
0 0.3675 0.685 0.05 0.01375
0 0.58875 0.65 0.04875 0.01375
0 0.58625 0.665 0.05125 0.01
0 0.58625 0.68 0.05 0.01375
0 0.6375 0.66375 0.04875 0.00875
0 0.53375 0.68125 0.0475 0.01625