0 0.55125 0.02625 0.0325 0.045
0 0.625 0.025 0.03375 0.04875
0 0.65875 0.0275 0.03125 0.05125
0 0.6925 0.0275 0.0275 0.0525
0 0.72375 0.0275 0.02625 0.04875
0 0.76 0.03 0.03625 0.05625
0 0.445 0.02375 0.025 0.0425
0 0.8375 0.03 0.03375 0.055
0 0.515 0.02875 0.03125 0.0525
0 0.47875 0.02625 0.03375 0.04875
0 0.41625 0.02375 0.02625 0.04375
0 0.37125 0.02375 0.03625 0.04375
0 0.79625 0.03 0.03125 0.05625
0 0.5875 0.025 0.03125 0.0475
0 0.30625 0.835 0.0175 0.035
0 0.32625 0.835 0.01875 0.03875
0 0.80875 0.5075 0.03625 0.09125
0 0.7675 0.50625 0.02625 0.09125
0 0.73375 0.505 0.02875 0.08875
0 0.7 0.505 0.03125 0.09125
0 0.6625 0.50375 0.03125 0.0925
0 0.57 0.82125 0.04625 0.065
0 0.5175 0.82125 0.04875 0.065
0 0.84375 0.5075 0.02875 0.095
0 0.47375 0.83625 0.0275 0.03625
0 0.395 0.815 0.05625 0.0775
0 0.35125 0.8325 0.025 0.04625
0 0.27375 0.83125 0.03375 0.04125
0 0.23625 0.83 0.035 0.04375
0 0.1975 0.83625 0.03625 0.02875
0 0.16125 0.8175 0.03375 0.045
0 0.13375 0.82625 0.0175 0.035
0 0.44375 0.83625 0.03 0.03625
0 0.8675 0.50625 0.015 0.09625
0 0.84625 0.3925 0.0325 0.09625
0 0.80875 0.3925 0.03125 0.0875
0 0.14625 0.37375 0.04125 0.11
0 0.19125 0.37375 0.04 0.10375
0 0.26625 0.37875 0.025 0.10125
0 0.3 0.37875 0.03625 0.105
0 0.33625 0.38375 0.03 0.095
0 0.3725 0.38375 0.03875 0.1
0 0.41375 0.38125 0.035 0.10125
0 0.45125 0.3825 0.03375 0.1
0 0.495 0.385 0.03375 0.1
0 0.5325 0.38625 0.03 0.09625
0 0.56375 0.38625 0.0275 0.09375
0 0.59625 0.3875 0.0275 0.09
0 0.62875 0.3875 0.0325 0.0875
0 0.665 0.38625 0.03625 0.09375
0 0.735 0.38625 0.0325 0.0925
0 0.69875 0.3875 0.03125 0.0925
0 0.7725 0.39 0.035 0.09
0 0.36125 0.71 0.03875 0.0775
0 0.30125 0.2575 0.03125 0.1075
0 0.63 0.50375 0.02375 0.0875
0 0.565 0.5 0.035 0.09625
0 0.7125 0.61125 0.0525 0.0725
0 0.76875 0.61375 0.0475 0.07
0 0.825 0.61375 0.055 0.0775
0 0.76875 0.71 0.0525 0.07
0 0.8425 0.71875 0.05875 0.0775
0 0.64875 0.71375 0.055 0.07875
0 0.7125 0.7125 0.055 0.08125
0 0.6575 0.61125 0.05125 0.07125
0 0.53875 0.72 0.05125 0.0675
0 0.49125 0.7125 0.04 0.0725
0 0.44625 0.7125 0.04125 0.0775
0 0.28875 0.6675 0.02375 0.01375
0 0.245 0.66875 0.03125 0.0225
0 0.1475 0.70875 0.04375 0.07375
0 0.19375 0.70875 0.04625 0.07375
0 0.24 0.7175 0.035 0.06375
0 0.59125 0.71875 0.0475 0.06375
0 0.60625 0.6125 0.05125 0.075
0 0.55 0.61125 0.05 0.0725
0 0.5 0.5975 0.045 0.06875
0 0.52875 0.49875 0.03 0.0975
0 0.4975 0.5 0.03 0.09125
0 0.46375 0.49875 0.0325 0.095
0 0.42625 0.4975 0.03 0.095
0 0.25 0.49 0.03625 0.1
0 0.28375 0.49125 0.0275 0.10125
0 0.3175 0.49375 0.03125 0.09625
0 0.3525 0.4975 0.03 0.0975
0 0.39125 0.495 0.035 0.09625
0 0.13625 0.4925 0.02125 0.095
0 0.16625 0.49125 0.035 0.0975
0 0.15625 0.605 0.06125 0.0775
0 0.20875 0.605 0.04375 0.07875
0 0.25 0.605 0.035 0.07875
0 0.3125 0.61125 0.085 0.08
0 0.3875 0.6075 0.05125 0.08
0 0.44125 0.6075 0.04875 0.07625
0 0.6 0.50375 0.03 0.0875
0 0.27875 0.7175 0.035 0.05875
0 0.26375 0.255 0.035 0.10375
0 0.37 0.26125 0.02625 0.1025
0 0.3475 0.12125 0.035 0.12125
0 0.385 0.1225 0.0325 0.12
0 0.42125 0.1225 0.03625 0.1125
0 0.51625 0.12125 0.12875 0.12125
0 0.60625 0.1275 0.025 0.1125
0 0.665 0.12875 0.03375 0.1125
0 0.74375 0.13 0.1025 0.12
0 0.8625 0.1375 0.02375 0.1025
0 0.82125 0.135 0.035 0.10625
0 0.6175 0.835 0.035 0.04375
0 0.65875 0.83375 0.0375 0.0425
0 0.71125 0.81375 0.0575 0.075
0 0.77125 0.81875 0.055 0.07375
0 0.8325 0.815 0.06125 0.07875
0 0.33875 0.25875 0.0325 0.105
0 0.31125 0.12125 0.03125 0.11125
0 0.27875 0.12375 0.03125 0.11375
0 0.32 0.71 0.04 0.0725
0 0.2125 0.12125 0.03375 0.11375
0 0.395 0.26375 0.01625 0.095
0 0.24375 0.12375 0.025 0.11625
0 0.49125 0.2625 0.03125 0.1025
0 0.45375 0.2625 0.02875 0.1025
0 0.8675 0.2675 0.0125 0.1
0 0.8375 0.265 0.0325 0.0975
0 0.79875 0.27875 0.04125 0.07625
0 0.75375 0.26375 0.03125 0.1075
0 0.42125 0.26375 0.03 0.0975
0 0.68 0.2625 0.02875 0.10375
0 0.63875 0.26375 0.0325 0.10125
0 0.60125 0.26375 0.02875 0.1025
0 0.56375 0.265 0.0325 0.10375
0 0.17875 0.12125 0.03 0.11125
0 0.52875 0.265 0.03 0.10125
0 0.71375 0.26375 0.03 0.0975
0 0.145 0.12 0.03625 0.11