0 0.37 0.2975 0.03375 0.07625
0 0.32875 0.29625 0.02875 0.075
0 0.29 0.2925 0.03375 0.08125
0 0.25375 0.29 0.03125 0.07625
0 0.215 0.29 0.03375 0.08125
0 0.5175 0.30625 0.03125 0.06875
0 0.48125 0.30375 0.03 0.0725
0 0.13875 0.2875 0.02625 0.08
0 0.445 0.3 0.0325 0.075
0 0.4075 0.3 0.03375 0.075
0 0.17625 0.28875 0.0325 0.07875
0 0.15125 0.41375 0.04875 0.07375
0 0.44 0.4225 0.0325 0.07125
0 0.22875 0.41875 0.025 0.0725
0 0.2575 0.4175 0.025 0.06875
0 0.29 0.41875 0.0275 0.07125
0 0.32 0.41875 0.025 0.07375
0 0.35 0.42 0.0275 0.0725
0 0.3775 0.4225 0.02125 0.06875
0 0.40625 0.4225 0.025 0.0725
0 0.475 0.425 0.03 0.075
0 0.51 0.42375 0.03 0.0725
0 0.5525 0.30375 0.0325 0.07625
0 0.54375 0.43 0.03125 0.07
0 0.19875 0.4175 0.02375 0.07125
0 0.5875 0.30625 0.03125 0.07375
0 0.3325 0.17 0.03375 0.07875
0 0.6575 0.31125 0.03 0.06875
0 0.57875 0.4275 0.0325 0.0675
0 0.14875 0.15125 0.025 0.0975
0 0.1775 0.15625 0.02625 0.0925
0 0.215 0.1625 0.0375 0.08125
0 0.25375 0.165 0.03375 0.08
0 0.295 0.1675 0.03625 0.08
0 0.3725 0.17 0.03625 0.07625
0 0.41625 0.1725 0.04125 0.0775
0 0.46 0.17875 0.035 0.07
0 0.5 0.18125 0.0325 0.06625
0 0.5375 0.185 0.0325 0.06625
0 0.57375 0.185 0.035 0.0675
0 0.6225 0.30875 0.02875 0.0675
0 0.61125 0.18625 0.0275 0.06125
0 0.68 0.18875 0.02875 0.0675
0 0.71625 0.19 0.02875 0.06875
0 0.74875 0.18 0.0225 0.08625
0 0.77875 0.17875 0.025 0.08375
0 0.80875 0.1825 0.025 0.08375
0 0.84375 0.2175 0.0275 0.075
0 0.8325 0.35 0.025 0.10625
0 0.8625 0.3525 0.02375 0.10375
0 0.8 0.315 0.02875 0.06625
0 0.7625 0.31375 0.03 0.06875
0 0.7275 0.31125 0.03 0.06875
0 0.69125 0.3125 0.03 0.07
0 0.64625 0.1875 0.03125 0.06625
0 0.61625 0.42625 0.03125 0.07625
0 0.17 0.53125 0.03 0.07625
0 0.6875 0.43 0.03 0.07
0 0.37625 0.85625 0.03125 0.06
0 0.41 0.85625 0.03125 0.055
0 0.44625 0.85625 0.02875 0.05875
0 0.47625 0.8525 0.02625 0.07
0 0.5075 0.8525 0.02875 0.07
0 0.5425 0.8525 0.03 0.06625
0 0.5775 0.8525 0.03125 0.0675
0 0.61 0.8525 0.03 0.06875
0 0.6475 0.85375 0.03 0.07125
0 0.68125 0.855 0.02875 0.06
0 0.71125 0.85375 0.025 0.06125
0 0.65 0.42875 0.02875 0.0675
0 0.76625 0.85125 0.025 0.0675
0 0.8525 0.855 0.04375 0.08
0 0.80375 0.85 0.0375 0.08625
0 0.76875 0.75625 0.0275 0.05875
0 0.735 0.7575 0.03125 0.06625
0 0.69875 0.75375 0.03 0.0675
0 0.66625 0.7525 0.02875 0.07
0 0.6325 0.75625 0.02875 0.07
0 0.59875 0.755 0.02875 0.07
0 0.5675 0.755 0.02625 0.06875
0 0.53375 0.7525 0.03 0.06875
0 0.34 0.85625 0.03 0.0575
0 0.5 0.75375 0.03125 0.0675
0 0.1625 0.85125 0.02875 0.06375
0 0.23125 0.85625 0.03 0.05625
0 0.135 0.85125 0.01875 0.06375
0 0.15875 0.9775 0.0275 0.04375
0 0.86625 0.96875 0.0175 0.06
0 0.835 0.97 0.035 0.05875
0 0.795 0.96875 0.035 0.06125
0 0.75625 0.9725 0.025 0.055
0 0.72625 0.97375 0.025 0.0525
0 0.69625 0.97 0.0275 0.05875
0 0.6625 0.97125 0.02875 0.0575
0 0.63 0.97375 0.0225 0.05125
0 0.59875 0.97375 0.02375 0.05125
0 0.57125 0.9725 0.02625 0.055
0 0.5425 0.97125 0.0275 0.0575
0 0.50875 0.9725 0.02875 0.05375
0 0.475 0.9725 0.03125 0.05375
0 0.43625 0.97125 0.03 0.05625
0 0.4025 0.9725 0.02625 0.055
0 0.36625 0.97 0.02875 0.06
0 0.33375 0.97 0.03125 0.06
0 0.30125 0.9575 0.02375 0.085
0 0.27375 0.95875 0.02375 0.08125
0 0.29875 0.855 0.03125 0.055
0 0.265 0.85625 0.03125 0.05375
0 0.19625 0.8525 0.03125 0.06625
0 0.465 0.75125 0.02875 0.06875
0 0.7375 0.8525 0.02125 0.06875
0 0.39625 0.75375 0.03125 0.06375
0 0.71125 0.545 0.02875 0.07125
0 0.72 0.42875 0.0275 0.07375
0 0.75375 0.43 0.03 0.07
0 0.78875 0.4325 0.03 0.065
0 0.8275 0.48125 0.03 0.09375
0 0.1375 0.53125 0.025 0.075
0 0.20875 0.5325 0.03125 0.085
0 0.2475 0.53125 0.03625 0.08
0 0.42875 0.75375 0.03 0.0675
0 0.28625 0.5325 0.03625 0.08125
0 0.325 0.53375 0.03125 0.08
0 0.36125 0.53375 0.03125 0.0775
0 0.39875 0.53375 0.03375 0.07875
0 0.4375 0.53625 0.03 0.07875
0 0.475 0.54 0.03125 0.07125
0 0.5075 0.53875 0.0275 0.07375
0 0.5425 0.53875 0.03 0.0725
0 0.57875 0.54125 0.03 0.07625
0 0.61 0.5425 0.02875 0.06875
0 0.82625 0.61125 0.045 0.09125
0 0.64375 0.54 0.02875 0.07125
0 0.78375 0.545 0.03 0.07375
0 0.74875 0.545 0.03 0.07375
0 0.1675 0.65125 0.0325 0.0725
0 0.20625 0.65 0.03125 0.07375
0 0.1375 0.64625 0.02375 0.07875
0 0.28 0.65 0.03125 0.07625
0 0.3625 0.75375 0.0325 0.06875
0 0.325 0.75625 0.03125 0.065
0 0.2925 0.755 0.03 0.0675
0 0.25625 0.75375 0.03 0.06875
0 0.22375 0.75125 0.03 0.06875
0 0.1875 0.7525 0.03 0.06875
0 0.155 0.75125 0.03 0.0675
0 0.85875 0.735 0.03125 0.07625
0 0.8175 0.735 0.04375 0.0875
0 0.7775 0.6625 0.03125 0.06125
0 0.7425 0.66125 0.02625 0.06
0 0.71 0.655 0.0325 0.0725
0 0.6725 0.65625 0.02875 0.07125
0 0.64125 0.655 0.0275 0.06875
0 0.60625 0.65375 0.0275 0.0725
0 0.57375 0.65375 0.03125 0.0725
0 0.54125 0.65375 0.03 0.07125
0 0.5075 0.65375 0.03125 0.07
0 0.46875 0.6525 0.03 0.0725
0 0.43375 0.6525 0.03 0.07375
0 0.39625 0.6525 0.02875 0.06875
0 0.35625 0.65125 0.03375 0.07125
0 0.31875 0.6525 0.03125 0.07625
0 0.2425 0.65 0.03375 0.07125
0 0.67875 0.54375 0.03 0.0725