0 0.6475 0.76125 0.0525 0.0575
0 0.59875 0.78625 0.02625 0.02
0 0.56625 0.7875 0.0325 0.0125
0 0.71375 0.76125 0.0525 0.06
0 0.24875 0.51625 0.06 0.01125
0 0.32375 0.4525 0.0575 0.00875
0 0.77 0.36375 0.02125 0.06875
0 0.7675 0.43875 0.01625 0.03625
0 0.76625 0.47875 0.01375 0.03625
0 0.7175 0.4475 0.08125 0.03375
0 0.71875 0.495 0.06875 0.0525
0 0.63625 0.44875 0.075 0.0125
0 0.4025 0.45 0.0825 0.01125
0 0.64 0.4625 0.07125 0.00875
0 0.63875 0.49375 0.075 0.01
0 0.63875 0.50625 0.07875 0.0075
0 0.2425 0.475 0.04625 0.0225
0 0.245 0.4975 0.0525 0.01625
0 0.6025 0.765 0.03125 0.01625
0 0.2475 0.5325 0.0575 0.0125
0 0.64375 0.47875 0.07625 0.0125
0 0.3125 0.47125 0.07875 0.01125
0 0.4575 0.76 0.06125 0.08625
0 0.3975 0.48 0.075 0.00625
0 0.76 0.66 0.0225 0.02875
0 0.76125 0.59125 0.02 0.015
0 0.7625 0.5725 0.01875 0.01625
0 0.7625 0.55 0.02375 0.01625
0 0.7125 0.5875 0.06625 0.0725
0 0.6425 0.59 0.06375 0.065
0 0.57125 0.595 0.0675 0.0775
0 0.49625 0.595 0.0725 0.07625
0 0.4225 0.5875 0.06625 0.07125
0 0.33 0.6 0.07375 0.08875
0 0.255 0.6025 0.06625 0.08125
0 0.5575 0.49625 0.0775 0.01125
0 0.55875 0.48375 0.08125 0.01
0 0.5575 0.46625 0.07625 0.01625
0 0.55625 0.51 0.075 0.00875
0 0.55625 0.525 0.07375 0.0125
0 0.48 0.495 0.06625 0.07
0 0.4 0.495 0.07375 0.01
0 0.40125 0.51 0.075 0.0125
0 0.4025 0.5275 0.075 0.01
0 0.71875 0.4075 0.0725 0.01625
0 0.70125 0.6725 0.04 0.04
0 0.65375 0.67125 0.0425 0.0425
0 0.60625 0.67 0.0425 0.0475
0 0.5575 0.67125 0.045 0.045
0 0.31625 0.49125 0.07875 0.01
0 0.3175 0.505 0.0775 0.00875
0 0.325 0.5175 0.075 0.00875
0 0.3225 0.5325 0.07625 0.01125
0 0.56625 0.765 0.03125 0.0225
0 0.60125 0.7375 0.0375 0.025
0 0.56625 0.735 0.02875 0.03
0 0.5175 0.75875 0.05 0.0775
0 0.395 0.76875 0.04875 0.0775
0 0.33875 0.76875 0.05625 0.085
0 0.39875 0.465 0.0775 0.01125
0 0.28625 0.805 0.0425 0.0125
0 0.24125 0.81 0.03625 0.01125
0 0.23875 0.78625 0.03375 0.02375
0 0.25875 0.7 0.06875 0.0225
0 0.33125 0.70125 0.0525 0.01125
0 0.3275 0.68 0.04875 0.02125
0 0.3925 0.69875 0.05375 0.01375
0 0.38375 0.67875 0.055 0.01625
0 0.45 0.69625 0.0575 0.015
0 0.45 0.67375 0.05375 0.01875
0 0.5075 0.675 0.0475 0.0525
0 0.28375 0.78375 0.045 0.0125
0 0.72 0.385 0.0725 0.01875
0 0.6325 0.37 0.0775 0.01625
0 0.71375 0.3425 0.0675 0.01375
0 0.6575 0.1775 0.07625 0.00625
0 0.66 0.1875 0.0775 0.00625
0 0.65625 0.195 0.0775 0.00625
0 0.655 0.205 0.075 0.0075
0 0.7075 0.155 0.01125 0.105
0 0.725 0.15375 0.01625 0.1025
0 0.74625 0.15375 0.01875 0.10375
0 0.71375 0.27 0.08125 0.08375
0 0.63125 0.275 0.0625 0.08375
0 0.56125 0.285 0.06875 0.01875
0 0.715 0.3625 0.0725 0.0175
0 0.48125 0.29 0.07625 0.02125
0 0.47875 0.3125 0.075 0.01625
0 0.395 0.26625 0.07375 0.0225
0 0.39875 0.28875 0.0825 0.0175
0 0.4025 0.31125 0.06875 0.0175
0 0.3125 0.26875 0.07625 0.01875
0 0.31625 0.29 0.07625 0.01875
0 0.32375 0.31375 0.0725 0.02
0 0.2525 0.28125 0.045 0.01625
0 0.24875 0.30125 0.055 0.01625
0 0.24125 0.36 0.045 0.01625
0 0.24125 0.3825 0.045 0.0175
0 0.655 0.16875 0.07375 0.00625
0 0.245 0.40125 0.05 0.01375
0 0.65 0.1575 0.07375 0.01
0 0.58125 0.1975 0.0725 0.00625
0 0.255 0.17375 0.065 0.02
0 0.2525 0.20125 0.06 0.02
0 0.335 0.16125 0.0725 0.00625
0 0.3275 0.17125 0.06625 0.0075
0 0.335 0.18375 0.07125 0.00875
0 0.33125 0.19625 0.075 0.01125
0 0.33 0.20875 0.08 0.00625
0 0.4125 0.16 0.0675 0.01
0 0.41125 0.17 0.07375 0.0075
0 0.41375 0.18 0.07625 0.0075
0 0.41875 0.19125 0.0725 0.00875
0 0.4175 0.2 0.07 0.005
0 0.42125 0.20875 0.07875 0.00625
0 0.4925 0.1575 0.07625 0.005
0 0.49 0.16375 0.07125 0.005
0 0.48875 0.1725 0.0725 0.0075
0 0.49375 0.18375 0.0675 0.0075
0 0.49875 0.19375 0.0725 0.0075
0 0.5 0.20625 0.06875 0.0075
0 0.5725 0.16125 0.07 0.00625
0 0.575 0.17375 0.06625 0.00625
0 0.57625 0.18125 0.0725 0.00625
0 0.575 0.19 0.06875 0.005
0 0.57625 0.20625 0.07625 0.00875
0 0.245 0.42125 0.05 0.01625
0 0.5575 0.30875 0.07 0.01625
0 0.40625 0.3925 0.07125 0.01625
0 0.63875 0.4125 0.07 0.01375
0 0.64 0.39125 0.0775 0.01625
0 0.56375 0.4125 0.07375 0.01125
0 0.5625 0.39125 0.07 0.02
0 0.31625 0.3725 0.06875 0.0175
0 0.325 0.39375 0.08375 0.0175
0 0.7675 0.76625 0.0275 0.0425
0 0.32125 0.41875 0.07625 0.01625
0 0.39625 0.36875 0.07625 0.015
0 0.32125 0.35 0.06 0.01625
0 0.405 0.41625 0.07125 0.02
0 0.4825 0.36875 0.08 0.01875
0 0.48125 0.34625 0.07125 0.01625
0 0.485 0.3925 0.07375 0.01875
0 0.39375 0.345 0.07625 0.01625
0 0.485 0.4125 0.075 0.0175
0 0.55375 0.36625 0.05 0.01875