0 0.3275 0.515 0.03125 0.04125
0 0.40125 0.26125 0.045 0.045
0 0.33125 0.61625 0.02875 0.0475
0 0.32875 0.565 0.03125 0.04125
0 0.39875 0.31125 0.04875 0.03625
0 0.26125 0.285 0.02625 0.015
0 0.32875 0.29375 0.06375 0.0475
0 0.32125 0.81625 0.0675 0.05
0 0.32625 0.4625 0.03625 0.04625
0 0.3225 0.875 0.065 0.0475
0 0.32375 0.92375 0.06375 0.04
0 0.39 0.4425 0.06625 0.06875
0 0.38875 0.51125 0.07375 0.055
0 0.3875 0.57375 0.07 0.05625
0 0.39 0.635 0.0675 0.0575
0 0.38875 0.69625 0.07125 0.0525
0 0.39125 0.75625 0.06625 0.05625
0 0.38875 0.81375 0.0625 0.04875
0 0.39375 0.87 0.0625 0.0525
0 0.39 0.92125 0.05875 0.04125
0 0.46 0.30375 0.0625 0.0725
0 0.4625 0.38125 0.065 0.05625
0 0.585 0.86125 0.065 0.045
0 0.5875 0.81 0.05375 0.0475
0 0.59125 0.74625 0.065 0.04875
0 0.59375 0.68875 0.06125 0.0425
0 0.46125 0.44875 0.06375 0.05
0 0.46375 0.51625 0.0675 0.05625
0 0.4575 0.57875 0.0625 0.05125
0 0.46125 0.64 0.06 0.05375
0 0.32 0.7575 0.07 0.055
0 0.2525 0.93125 0.0625 0.04375
0 0.18375 0.93125 0.0675 0.04875
0 0.25625 0.87875 0.06 0.0475
0 0.335 0.35 0.0625 0.04375
0 0.2725 0.4 0.045 0.05625
0 0.20125 0.4 0.055 0.05125
0 0.1475 0.4 0.0375 0.05125
0 0.14625 0.4575 0.0425 0.04875
0 0.21 0.4575 0.0525 0.04875
0 0.27875 0.45625 0.0525 0.04125
0 0.2175 0.5075 0.05625 0.04375
0 0.28 0.5075 0.0525 0.04
0 0.22375 0.5575 0.05375 0.0425
0 0.2825 0.5575 0.05625 0.045
0 0.39625 0.35625 0.04375 0.0325
0 0.4575 0.8125 0.06125 0.055
0 0.6925 0.245 0.07125 0.06875
0 0.7 0.17375 0.07625 0.06625
0 0.705 0.09375 0.0775 0.0775
0 0.58375 0.90875 0.06 0.0425
0 0.22375 0.61 0.05625 0.04625
0 0.28625 0.61 0.055 0.04625
0 0.22625 0.6575 0.055 0.0425
0 0.2875 0.6575 0.05875 0.0425
0 0.1775 0.8175 0.0625 0.06125
0 0.25 0.8225 0.06125 0.0575
0 0.18 0.87875 0.06625 0.05125
0 0.6875 0.3175 0.07 0.05875
0 0.3225 0.405 0.03375 0.0475
0 0.52375 0.7 0.065 0.05125
0 0.19375 0.34 0.045 0.035
0 0.71875 0.74875 0.0575 0.04625
0 0.72 0.68875 0.06 0.0525
0 0.72625 0.63375 0.05625 0.0475
0 0.7325 0.57375 0.05625 0.05
0 0.7375 0.5125 0.06125 0.0475
0 0.7425 0.4475 0.05375 0.0525
0 0.7125 0.79875 0.0575 0.04
0 0.75125 0.385 0.06 0.0525
0 0.6425 0.90625 0.04875 0.04375
0 0.64625 0.855 0.0525 0.035
0 0.65 0.80125 0.05625 0.04875
0 0.65625 0.74625 0.0575 0.045
0 0.65875 0.68875 0.0575 0.04375
0 0.66 0.63375 0.055 0.045
0 0.2425 0.345 0.045 0.03625
0 0.665 0.5725 0.05875 0.0475
0 0.70375 0.8525 0.05875 0.04625
0 0.80875 0.45 0.0525 0.05875
0 0.8225 0.89 0.04375 0.0375
0 0.83 0.84625 0.05625 0.04875
0 0.83375 0.795 0.04875 0.0425
0 0.84875 0.73875 0.05125 0.045
0 0.8475 0.685 0.05375 0.04
0 0.84875 0.6325 0.04625 0.0575
0 0.7025 0.9025 0.0525 0.04
0 0.7625 0.89625 0.0575 0.04625
0 0.775 0.79625 0.05 0.045
0 0.7825 0.7425 0.0525 0.05125
0 0.78375 0.6875 0.0525 0.0475
0 0.79 0.63125 0.06 0.05375
0 0.79625 0.57125 0.05875 0.04375
0 0.80125 0.51 0.05875 0.055
0 0.765 0.84875 0.05875 0.04625
0 0.67 0.51375 0.05875 0.04875
0 0.76375 0.31625 0.0625 0.06625
0 0.25875 0.2625 0.02625 0.02
0 0.45375 0.92 0.0575 0.0375
0 0.675 0.4475 0.0575 0.05375
0 0.685 0.38375 0.0625 0.0575
0 0.22875 0.21875 0.01875 0.01375
0 0.25625 0.21875 0.025 0.01625
0 0.2275 0.24 0.02 0.02
0 0.2575 0.24125 0.0275 0.015
0 0.2325 0.26375 0.02375 0.02
0 0.235 0.285 0.02375 0.01375
0 0.455 0.87375 0.05625 0.0525
0 0.235 0.30625 0.025 0.015
0 0.26125 0.31 0.02375 0.0225
0 0.17625 0.29125 0.0425 0.045
0 0.19875 0.24375 0.03 0.03875
0 0.15875 0.2425 0.035 0.03875
0 0.5375 0.385 0.06875 0.06875
0 0.59625 0.6325 0.06125 0.04625
0 0.4575 0.75625 0.06375 0.04625
0 0.60375 0.51125 0.06125 0.05125
0 0.59875 0.57125 0.0675 0.055
0 0.535 0.45 0.05875 0.06
0 0.52625 0.58375 0.0625 0.05875
0 0.525 0.64375 0.06 0.06
0 0.4575 0.69875 0.06 0.05
0 0.5225 0.755 0.0625 0.04625
0 0.53375 0.51625 0.06625 0.0475
0 0.5175 0.86875 0.05625 0.04625
0 0.52125 0.9175 0.06 0.04125
0 0.615 0.31 0.06875 0.06125
0 0.6125 0.3775 0.0625 0.06125
0 0.6075 0.44625 0.05875 0.05875
0 0.52125 0.81125 0.06125 0.04625