0 0.27375 0.61625 0.06375 0.0375
0 0.335 0.6175 0.04375 0.0275
0 0.335 0.6425 0.0525 0.0225
0 0.34125 0.58875 0.03125 0.02375
0 0.275 0.6475 0.065 0.02125
0 0.20625 0.64625 0.06625 0.02125
0 0.0575 0.645 0.0425 0.0225
0 0.19625 0.58125 0.06125 0.02375
0 0.15375 0.5575 0.025 0.015
0 0.01875 0.6475 0.0325 0.02
0 0.3875 0.60625 0.055 0.03375
0 0.01375 0.615 0.0275 0.04
0 0.2025 0.62 0.06625 0.0275
0 0.39 0.63875 0.0525 0.025
0 0.5725 0.6075 0.05625 0.0325
0 0.4475 0.63875 0.05375 0.025
0 0.50875 0.60875 0.0525 0.0325
0 0.50375 0.63875 0.05 0.0225
0 0.5625 0.63875 0.0525 0.0275
0 0.09375 0.67 0.0325 0.01875
0 0.03875 0.70125 0.03625 0.0375
0 0.0425 0.7325 0.04125 0.02
0 0.0825 0.70625 0.03875 0.025
0 0.0825 0.73375 0.035 0.0225
0 0.12125 0.71125 0.03625 0.02375
0 0.12875 0.735 0.035 0.0225
0 0.13625 0.6725 0.0325 0.02
0 0.4475 0.60625 0.06125 0.0325
0 0.64875 0.555 0.07 0.0525
0 0.1 0.64375 0.0375 0.02625
0 0.72375 0.55875 0.07375 0.0325
0 0.05 0.67125 0.035 0.0175
0 0.05 0.62125 0.03875 0.0225
0 0.15 0.645 0.0425 0.02
0 0.14125 0.62 0.0425 0.02875
0 0.0925 0.5975 0.04375 0.04
0 0.0275 0.57 0.05125 0.0375
0 0.5625 0.53 0.0575 0.03875
0 0.585 0.4875 0.055 0.04875
0 0.535 0.47875 0.0375 0.03375
0 0.50375 0.52375 0.05375 0.04625
0 0.445 0.5225 0.0575 0.04625
0 0.30875 0.51875 0.06375 0.05125
0 0.23125 0.46125 0.09375 0.02875
0 0.22 0.4975 0.0875 0.03875
0 0.2175 0.535 0.09 0.02625
0 0.12875 0.535 0.07875 0.0275
0 0.12625 0.5 0.0875 0.03875
0 0.015 0.53625 0.03 0.02625
0 0.06 0.53625 0.055 0.0275
0 0.05375 0.5025 0.055 0.035
0 0.01125 0.5025 0.0225 0.03125
0 0.9825 0.54375 0.035 0.06125
0 0.9 0.5975 0.08625 0.035
0 0.90625 0.55625 0.0825 0.04125
0 0.80625 0.60125 0.095 0.03375
0 0.81 0.56125 0.09125 0.04375
0 0.72125 0.5975 0.0675 0.03625
0 0.6475 0.6 0.065 0.035
0 0.1775 0.705 0.06 0.0375
0 0.745 0.79875 0.0775 0.0475
0 0.2425 0.7025 0.05625 0.04375
0 0.04125 0.8125 0.04125 0.02375
0 0.08375 0.8125 0.0375 0.02375
0 0.125 0.81125 0.04 0.0225
0 0.17625 0.79625 0.06 0.05
0 0.2375 0.79625 0.05625 0.05
0 0.3 0.7875 0.05625 0.0275
0 0.3025 0.8125 0.055 0.02125
0 0.35875 0.78125 0.05375 0.02875
0 0.36 0.80875 0.05625 0.02375
0 0.41625 0.8075 0.05125 0.03125
0 0.42 0.7675 0.04375 0.02375
0 0.47625 0.805 0.0575 0.03625
0 0.47375 0.77 0.0475 0.02
0 0.52 0.80375 0.02625 0.03625
0 0.51625 0.76125 0.02625 0.0275
0 0.555 0.8025 0.03 0.045
0 0.5475 0.765 0.0275 0.025
0 0.57625 0.75875 0.02625 0.025
0 0.585 0.79625 0.02375 0.04375
0 0.6575 0.7925 0.08125 0.0525
0 0.64375 0.75625 0.07625 0.02
0 0.825 0.79625 0.0775 0.045
0 0.8225 0.75875 0.07625 0.0275
0 0.89375 0.76625 0.055 0.03875
0 0.89 0.80375 0.0475 0.03125
0 0.96 0.7625 0.05375 0.03875
0 0.9525 0.8 0.05125 0.03125
0 0.1175 0.7875 0.0425 0.0225
0 0.18125 0.73375 0.05625 0.01
0 0.07375 0.7875 0.04 0.025
0 0.03125 0.7875 0.04125 0.02625
0 0.2425 0.73625 0.05375 0.0225
0 0.29875 0.73 0.05125 0.02875
0 0.3525 0.72875 0.05375 0.0275
0 0.40875 0.73 0.055 0.0275
0 0.305 0.6825 0.04875 0.025
0 0.36 0.6825 0.05375 0.025
0 0.4175 0.6825 0.0575 0.02375
0 0.4175 0.66125 0.0575 0.0125
0 0.3625 0.66125 0.05 0.01
0 0.3075 0.665 0.05125 0.00875
0 0.27625 0.58375 0.0575 0.02
0 0.29125 0.56375 0.05375 0.0175
0 0.63 0.69625 0.04125 0.04125
0 0.67 0.69625 0.03375 0.03875
0 0.70875 0.695 0.03625 0.0375
0 0.74875 0.7 0.0375 0.04
0 0.7925 0.70375 0.0425 0.0325
0 0.8325 0.7025 0.0375 0.03375
0 0.875 0.68375 0.04375 0.05
0 0.9325 0.68625 0.05875 0.1025
0 0.8775 0.72625 0.045 0.03
0 0.62625 0.73125 0.03375 0.02625
0 0.66125 0.73 0.0325 0.02375
0 0.7 0.73 0.04125 0.025
0 0.74375 0.7325 0.03625 0.0225
0 0.78125 0.7325 0.035 0.02
0 0.82375 0.73125 0.0425 0.01875
0 0.9675 0.4675 0.04625 0.0325
0 0.96625 0.4225 0.045 0.05
0 0.1075 0.56375 0.0425 0.02375
0 0.89875 0.4175 0.0725 0.045
0 0.73125 0.29875 0.06625 0.0525
0 0.66875 0.2975 0.055 0.055
0 0.605 0.27125 0.06875 0.04875
0 0.53625 0.27375 0.06375 0.0525
0 0.405 0.27125 0.065 0.05625
0 0.33875 0.27125 0.06375 0.05625
0 0.61125 0.20875 0.075 0.07375
0 0.53875 0.21125 0.0675 0.07
0 0.47 0.20875 0.065 0.06875
0 0.4 0.20125 0.0675 0.0775
0 0.3325 0.20125 0.065 0.07875
0 0.2625 0.19875 0.06875 0.07625
0 0.275 0.27 0.06 0.05625
0 0.205 0.285 0.08125 0.02625
0 0.19625 0.255 0.07875 0.03125
0 0.9025 0.46375 0.06375 0.0375
0 0.19125 0.22125 0.0725 0.02
0 0.12125 0.2875 0.0825 0.02875
0 0.115 0.255 0.0825 0.0325
0 0.11125 0.2275 0.08 0.0175
0 0.05125 0.26375 0.03375 0.07625
0 0.0125 0.22375 0.0225 0.05
0 0.01625 0.27875 0.0325 0.05
0 0.8025 0.3 0.07 0.05375
0 0.86 0.30125 0.03625 0.05125
0 0.47125 0.2725 0.06375 0.055
0 0.91875 0.3025 0.025 0.05
0 0.44875 0.3525 0.05625 0.05625
0 0.45375 0.40375 0.06125 0.0425
0 0.52 0.35 0.0675 0.06
0 0.5225 0.40375 0.06625 0.0425
0 0.58875 0.34875 0.06125 0.06
0 0.58625 0.4025 0.05625 0.0425
0 0.8925 0.30125 0.02375 0.05
0 0.8175 0.42125 0.07125 0.04625
0 0.38875 0.395 0.0575 0.06
0 0.32625 0.4 0.06375 0.05
0 0.26125 0.39875 0.0575 0.05125
0 0.205 0.41375 0.04625 0.03625
0 0.1625 0.415 0.03625 0.035
0 0.155 0.375 0.05 0.04125
0 0.1025 0.375 0.0375 0.04
0 0.11875 0.41375 0.045 0.035
0 0.0725 0.415 0.04375 0.0375
0 0.06125 0.37625 0.03875 0.03875
0 0.82625 0.46625 0.07625 0.035
0 0.02875 0.415 0.03125 0.025
0 0.02 0.37625 0.0375 0.04125
0 0.9925 0.305 0.01375 0.04625
0 0.97375 0.30375 0.0225 0.04875
0 0.94625 0.3025 0.0275 0.04875
0 0.2025 0.37375 0.04 0.04