0 0.4125 0.8275 0.0225 0.0825
0 0.53875 0.67875 0.0375 0.08375
0 0.49875 0.67875 0.0375 0.08125
0 0.63 0.8325 0.0325 0.06625
0 0.5675 0.8325 0.03125 0.06875
0 0.53375 0.8325 0.03125 0.065
0 0.2625 0.83375 0.03125 0.07625
0 0.22875 0.83375 0.03375 0.07875
0 0.1925 0.83875 0.035 0.06875
0 0.16125 0.83875 0.02875 0.065
0 0.135 0.83625 0.02 0.0675
0 0.13875 0.69375 0.02625 0.06875
0 0.17375 0.69 0.0425 0.0725
0 0.46625 0.67875 0.0275 0.08125
0 0.4325 0.6825 0.02875 0.08125
0 0.25125 0.69 0.0375 0.06875
0 0.28875 0.69 0.0375 0.07125
0 0.3275 0.68625 0.03375 0.075
0 0.5775 0.6775 0.0375 0.08375
0 0.385 0.82625 0.02625 0.08625
0 0.85 0.81875 0.05 0.09625
0 0.32625 0.835 0.03125 0.0675
0 0.745 0.5725 0.0275 0.05625
0 0.4375 0.825 0.02875 0.08125
0 0.47125 0.83375 0.0325 0.06875
0 0.50375 0.8325 0.02875 0.0675
0 0.295 0.83625 0.03 0.06875
0 0.35625 0.8275 0.0275 0.08375
0 0.80125 0.5575 0.08 0.105
0 0.4 0.68625 0.0325 0.0725
0 0.7125 0.5675 0.0325 0.0625
0 0.7975 0.68875 0.08 0.1025
0 0.7375 0.68625 0.03125 0.05625
0 0.705 0.68625 0.03375 0.06125
0 0.64375 0.68375 0.03625 0.06875
0 0.66125 0.83 0.02875 0.0675
0 0.69375 0.81 0.0325 0.10625
0 0.21375 0.68875 0.0325 0.075
0 0.72875 0.81375 0.035 0.10125
0 0.78375 0.82 0.0725 0.10375
0 0.365 0.68875 0.03375 0.0725
0 0.34 0.57125 0.03625 0.07375
0 0.20875 0.3425 0.03625 0.08625
0 0.30625 0.56875 0.03125 0.0725
0 0.21625 0.2075 0.0375 0.095
0 0.3775 0.56875 0.025 0.06875
0 0.41 0.56875 0.03375 0.06875
0 0.45 0.575 0.0275 0.06125
0 0.4825 0.565 0.03125 0.06875
0 0.58125 0.5725 0.03125 0.05625
0 0.61375 0.5725 0.03 0.06
0 0.64875 0.57125 0.03125 0.06125
0 0.68 0.56875 0.02875 0.06125
0 0.25375 0.20625 0.0375 0.095
0 0.29625 0.20375 0.0325 0.09625
0 0.33375 0.205 0.0425 0.0975
0 0.27125 0.57 0.02875 0.0725
0 0.375 0.205 0.0375 0.0975
0 0.45625 0.20375 0.04 0.095
0 0.495 0.2025 0.0375 0.095
0 0.53375 0.2025 0.03625 0.095
0 0.57375 0.2025 0.04125 0.095
0 0.6125 0.20125 0.03625 0.09875
0 0.65125 0.2 0.0375 0.09625
0 0.69 0.2 0.0375 0.09625
0 0.7275 0.2 0.03625 0.095
0 0.76625 0.2 0.04 0.095
0 0.82375 0.25 0.06625 0.145
0 0.83375 0.0725 0.08 0.13625
0 0.72875 0.06 0.03875 0.1
0 0.68625 0.0625 0.04 0.1
0 0.415 0.2025 0.04 0.095
0 0.645 0.0625 0.04 0.1
0 0.23625 0.57 0.035 0.075
0 0.14125 0.21 0.03125 0.09375
0 0.395 0.45875 0.03125 0.08125
0 0.42875 0.46 0.03625 0.08
0 0.46625 0.4575 0.03375 0.07875
0 0.5 0.45875 0.03125 0.08
0 0.535 0.455 0.035 0.08375
0 0.57 0.455 0.0325 0.0825
0 0.60625 0.4525 0.03625 0.085
0 0.64375 0.45625 0.035 0.0775
0 0.67875 0.4525 0.035 0.08125
0 0.715 0.4525 0.03375 0.07875
0 0.75 0.4525 0.0325 0.08
0 0.81875 0.41375 0.08625 0.1175
0 0.75 0.3275 0.0425 0.09375
0 0.1775 0.2075 0.03875 0.0925
0 0.70625 0.32875 0.0375 0.095
0 0.63 0.33 0.03625 0.09125
0 0.59125 0.3325 0.035 0.09
0 0.55 0.335 0.0375 0.08875
0 0.51375 0.335 0.035 0.09
0 0.47625 0.335 0.03625 0.08875
0 0.4375 0.335 0.03625 0.09125
0 0.39875 0.335 0.03625 0.09
0 0.3625 0.3375 0.035 0.085
0 0.32375 0.34 0.0375 0.0875
0 0.28375 0.34 0.03625 0.08625
0 0.24625 0.34125 0.03375 0.0875
0 0.17375 0.3425 0.0325 0.085
0 0.14 0.3425 0.03 0.08625
0 0.6675 0.33125 0.0375 0.0925
0 0.60125 0.06625 0.04375 0.09875
0 0.7675 0.06 0.0375 0.09875
0 0.52375 0.065 0.04125 0.10375
0 0.36 0.46 0.035 0.08375
0 0.3275 0.45875 0.03 0.08125
0 0.5625 0.06625 0.0325 0.09875
0 0.25125 0.45875 0.03125 0.08625
0 0.21625 0.46125 0.03625 0.08125
0 0.18125 0.4625 0.035 0.08375
0 0.1425 0.465 0.03375 0.07875
0 0.14 0.58 0.02875 0.0675
0 0.17125 0.5775 0.03 0.065
0 0.2025 0.5775 0.03125 0.06375
0 0.2875 0.46 0.0375 0.08375
0 0.48125 0.06875 0.03625 0.09625
0 0.44125 0.06625 0.03875 0.1025
0 0.4 0.06625 0.04125 0.09875
0 0.3575 0.06625 0.03625 0.1
0 0.3175 0.06875 0.03875 0.10375
0 0.27375 0.07 0.0425 0.1025
0 0.22875 0.07 0.04375 0.1025
0 0.1875 0.07125 0.03875 0.105