0 0.21375 0.47125 0.0275 0.05875
0 0.18375 0.47125 0.0275 0.05875
0 0.15125 0.47 0.025 0.05875
0 0.355 0.40625 0.03125 0.02125
0 0.32125 0.405 0.0275 0.0225
0 0.38375 0.405 0.0125 0.02875
0 0.255 0.4 0.02875 0.03
0 0.22375 0.39875 0.0275 0.02875
0 0.1875 0.39 0.03375 0.04875
0 0.15 0.39 0.0325 0.04625
0 0.245 0.46625 0.02125 0.0325
0 0.28875 0.40375 0.03 0.02125
0 0.75 0.5175 0.03625 0.03625
0 0.645 0.475 0.025 0.0325
0 0.29 0.46375 0.01875 0.04125
0 0.32 0.47 0.03625 0.02625
0 0.35625 0.46875 0.03125 0.03125
0 0.38875 0.4675 0.025 0.03125
0 0.42 0.46875 0.03 0.02875
0 0.45125 0.46875 0.02625 0.02875
0 0.4825 0.47125 0.02875 0.03
0 0.5125 0.47125 0.02875 0.0325
0 0.54625 0.4725 0.03125 0.03375
0 0.58125 0.47125 0.03375 0.0325
0 0.615 0.4725 0.02625 0.035
0 0.6775 0.47 0.03 0.04125
0 0.41125 0.41375 0.0325 0.01
0 0.2675 0.4625 0.01875 0.03875
0 0.4125 0.395 0.03125 0.01625
0 0.835 0.34 0.05 0.03125
0 0.46625 0.4025 0.03125 0.03375
0 0.15875 0.31875 0.03625 0.055
0 0.195 0.3175 0.03 0.05375
0 0.225 0.31875 0.025 0.05
0 0.26625 0.3125 0.04625 0.06875
0 0.3675 0.31375 0.03875 0.06875
0 0.41 0.315 0.03875 0.0675
0 0.4525 0.31625 0.03875 0.06875
0 0.5325 0.3225 0.03125 0.0625
0 0.565 0.3225 0.03 0.0625
0 0.6 0.32125 0.03125 0.06375
0 0.6325 0.33375 0.02625 0.0425
0 0.6725 0.33125 0.045 0.0525
0 0.4375 0.405 0.015 0.02875
0 0.72625 0.32875 0.05 0.0475
0 0.83125 0.43 0.04875 0.0375
0 0.77875 0.425 0.0475 0.0425
0 0.72375 0.42125 0.04625 0.04625
0 0.61875 0.40625 0.01875 0.03625
0 0.64 0.41 0.015 0.0325
0 0.66125 0.4075 0.01625 0.0375
0 0.68125 0.41 0.0175 0.02875
0 0.55625 0.40125 0.015 0.0375
0 0.575 0.40375 0.01625 0.03375
0 0.5975 0.40625 0.0175 0.035
0 0.49875 0.4025 0.02625 0.03625
0 0.53 0.40375 0.02625 0.03625
0 0.78125 0.33125 0.04875 0.05125
0 0.7925 0.51875 0.03625 0.03375
0 0.49375 0.31625 0.04125 0.06875
0 0.865 0.5175 0.02 0.0375
0 0.46875 0.6775 0.025 0.03
0 0.54 0.67375 0.05375 0.0375
0 0.65625 0.67875 0.05375 0.04
0 0.59875 0.67875 0.055 0.0375
0 0.7625 0.6825 0.01875 0.0425
0 0.73875 0.6775 0.02125 0.04625
0 0.71625 0.6775 0.01625 0.04875
0 0.695 0.6775 0.0175 0.0475
0 0.785 0.68375 0.01875 0.04125
0 0.80625 0.67875 0.01875 0.05125
0 0.83125 0.68125 0.0225 0.0475
0 0.8575 0.68375 0.025 0.0425
0 0.6575 0.61875 0.055 0.0125
0 0.59375 0.6125 0.0675 0.015
0 0.59375 0.595 0.065 0.015
0 0.52375 0.6125 0.06625 0.01625
0 0.46375 0.61 0.0475 0.015
0 0.32125 0.535 0.01625 0.0475
0 0.345 0.5425 0.01375 0.03375
0 0.3425 0.51375 0.01625 0.01375
0 0.4075 0.5175 0.0325 0.01875
0 0.405 0.5375 0.03125 0.0175
0 0.4025 0.55625 0.0325 0.01125
0 0.4975 0.67625 0.0225 0.03125
0 0.37 0.5425 0.03 0.0325
0 0.4725 0.545 0.03125 0.035
0 0.49875 0.54625 0.0125 0.0325
0 0.24875 0.59875 0.0225 0.03
0 0.2875 0.6075 0.05 0.015
0 0.34875 0.6075 0.06125 0.015
0 0.41 0.60875 0.05125 0.0125
0 0.44 0.54625 0.02875 0.03125
0 0.3025 0.53125 0.01875 0.05625
0 0.43 0.67625 0.04625 0.025
0 0.39125 0.66625 0.02625 0.045
0 0.775 0.7725 0.025 0.06625
0 0.805 0.775 0.02375 0.065
0 0.8325 0.775 0.02625 0.06625
0 0.86125 0.77625 0.02625 0.06625
0 0.6925 0.78 0.02375 0.0425
0 0.7475 0.77 0.025 0.06875
0 0.72125 0.77 0.02375 0.06625
0 0.66 0.785 0.03625 0.03625
0 0.66 0.735 0.02875 0.02875
0 0.62375 0.735 0.03 0.02625
0 0.625 0.77625 0.0275 0.04375
0 0.58 0.77375 0.05625 0.045
0 0.5375 0.7725 0.025 0.04125
0 0.50625 0.75875 0.03375 0.07
0 0.4675 0.7575 0.03375 0.06875
0 0.43625 0.7575 0.0225 0.06625
0 0.40875 0.75625 0.0225 0.0675
0 0.2575 0.67875 0.05 0.015
0 0.31 0.67875 0.04875 0.01375
0 0.15375 0.64875 0.03125 0.07375
0 0.1875 0.64875 0.03 0.07375
0 0.21875 0.65 0.02375 0.0675
0 0.1575 0.74375 0.0375 0.0725
0 0.3575 0.67375 0.03375 0.02875
0 0.19375 0.7525 0.03 0.06375
0 0.24625 0.75125 0.01875 0.065
0 0.27 0.75375 0.02125 0.0625
0 0.2925 0.76375 0.01625 0.04375
0 0.32125 0.7475 0.035 0.07625
0 0.35375 0.755 0.02375 0.06125
0 0.38125 0.7575 0.02375 0.065
0 0.2225 0.75125 0.025 0.0625
0 0.8325 0.51875 0.0375 0.0325
0 0.32 0.30875 0.05 0.075
0 0.2475 0.53125 0.02875 0.0525
0 0.74625 0.6025 0.0375 0.0325
0 0.78625 0.6025 0.0375 0.03375
0 0.8575 0.60375 0.02 0.0325
0 0.56875 0.54875 0.03875 0.03125
0 0.6025 0.54875 0.025 0.03
0 0.63125 0.55 0.02875 0.035
0 0.66625 0.55125 0.0375 0.035
0 0.5275 0.5475 0.0375 0.03
0 0.13125 0.5575 0.0125 0.0675
0 0.155 0.5675 0.02625 0.04875
0 0.185 0.56875 0.0275 0.04875
0 0.21625 0.56875 0.02875 0.04875
0 0.27875 0.53125 0.02 0.05375
0 0.825 0.60375 0.03875 0.03375