0 0.7425 0.76875 0.01875 0.01
0 0.33875 0.745 0.02 0.0275
0 0.36125 0.7325 0.02 0.05375
0 0.3825 0.7275 0.0175 0.05875
0 0.40375 0.72875 0.01875 0.055
0 0.625 0.855 0.03375 0.05125
0 0.4275 0.7325 0.025 0.05125
0 0.45125 0.73125 0.0175 0.0525
0 0.73875 0.8425 0.03125 0.0675
0 0.47875 0.72125 0.02125 0.0675
0 0.535 0.72125 0.0275 0.075
0 0.56 0.735 0.01625 0.05
0 0.58125 0.72875 0.02 0.05875
0 0.605 0.72625 0.02125 0.07
0 0.6375 0.73875 0.0375 0.045
0 0.68375 0.7225 0.05 0.05125
0 0.76875 0.74375 0.02125 0.05625
0 0.72375 0.73375 0.02 0.05
0 0.745 0.7425 0.01625 0.015
0 0.745 0.7575 0.01625 0.01
0 0.505 0.72875 0.02625 0.06125
0 0.77 0.8425 0.02 0.06875
0 0.7575 0.5775 0.03 0.0725
0 0.2925 0.74625 0.0125 0.03
0 0.7725 0.4 0.015 0.065
0 0.27375 0.48375 0.03375 0.08375
0 0.3125 0.48625 0.03375 0.085
0 0.34875 0.49875 0.03 0.06375
0 0.37875 0.49875 0.02625 0.06
0 0.40875 0.49875 0.02875 0.065
0 0.45125 0.4925 0.015 0.08125
0 0.4725 0.49 0.02 0.085
0 0.74875 0.39875 0.02625 0.07125
0 0.495 0.49 0.02 0.08125
0 0.5425 0.5025 0.03125 0.06
0 0.57875 0.5025 0.0375 0.0575
0 0.61625 0.5025 0.0325 0.06
0 0.3175 0.62125 0.0175 0.0625
0 0.295 0.64 0.02 0.0225
0 0.26875 0.64125 0.02625 0.015
0 0.74625 0.4925 0.03625 0.06875
0 0.70875 0.4925 0.0275 0.06875
0 0.515 0.48875 0.015 0.0875
0 0.715 0.39875 0.0325 0.07375
0 0.345 0.6125 0.03125 0.08125
0 0.37625 0.61875 0.025 0.06625
0 0.27 0.74625 0.025 0.03
0 0.76 0.6575 0.0325 0.06125
0 0.73125 0.65625 0.01875 0.06875
0 0.58375 0.8375 0.0325 0.04125
0 0.73 0.58 0.01875 0.07625
0 0.70375 0.61375 0.03125 0.07625
0 0.67 0.6125 0.03 0.0775
0 0.63375 0.61375 0.03375 0.08125
0 0.6125 0.3925 0.03 0.09
0 0.64375 0.39375 0.03 0.0875
0 0.6775 0.39125 0.03375 0.09
0 0.60125 0.61125 0.0275 0.08375
0 0.57 0.60625 0.02625 0.09375
0 0.54 0.61 0.0275 0.085
0 0.5125 0.6125 0.02125 0.08125
0 0.4875 0.6175 0.02 0.08
0 0.4625 0.615 0.025 0.0725
0 0.435 0.61875 0.02375 0.065
0 0.405 0.6175 0.02625 0.06625
0 0.31375 0.74375 0.02375 0.0325
0 0.5425 0.825 0.03 0.05
0 0.43875 0.86 0.025 0.0325
0 0.32125 0.8575 0.02625 0.0325
0 0.69875 0.32125 0.02875 0.02875
0 0.6625 0.3 0.03625 0.07375
0 0.62125 0.32125 0.0375 0.03125
0 0.58125 0.30125 0.035 0.0725
0 0.25625 0.20125 0.01875 0.08375
0 0.28125 0.20375 0.0225 0.0775
0 0.30875 0.20125 0.02375 0.08
0 0.33375 0.2025 0.0225 0.0775
0 0.3575 0.2025 0.01875 0.08
0 0.37875 0.20125 0.02125 0.08375
0 0.4075 0.2025 0.01875 0.07875
0 0.43 0.20375 0.02375 0.08125
0 0.455 0.1925 0.02375 0.105
0 0.4825 0.2025 0.01875 0.0875
0 0.53125 0.205 0.02375 0.08
0 0.55375 0.22375 0.01875 0.04375
0 0.575 0.22125 0.01625 0.04625
0 0.51875 0.29875 0.03875 0.07
0 0.47125 0.315 0.0475 0.03375
0 0.42 0.315 0.0525 0.03625
0 0.37125 0.2975 0.02625 0.07
0 0.34125 0.295 0.03 0.07
0 0.3025 0.29875 0.03875 0.075
0 0.29 0.83125 0.0325 0.05375
0 0.2575 0.29875 0.0475 0.06375
0 0.71 0.21375 0.01875 0.06375
0 0.6875 0.21375 0.01375 0.065
0 0.66125 0.21125 0.02625 0.06875
0 0.6325 0.215 0.0175 0.065
0 0.61125 0.21125 0.015 0.06875
0 0.59375 0.2225 0.01625 0.05
0 0.7675 0.195 0.025 0.0675
0 0.7225 0.3225 0.01375 0.0275
0 0.65 0.4925 0.03125 0.08125
0 0.32625 0.39 0.0275 0.08625
0 0.295 0.39 0.02875 0.08
0 0.26375 0.39375 0.02875 0.0775
0 0.75125 0.30375 0.035 0.0675
0 0.3575 0.3925 0.03 0.08375
0 0.3925 0.38875 0.03375 0.09375
0 0.43 0.39125 0.0375 0.0925
0 0.47 0.38875 0.035 0.08875
0 0.5075 0.39 0.02875 0.0925
0 0.51 0.8375 0.02375 0.08125
0 0.48625 0.83875 0.0175 0.0825
0 0.585 0.86875 0.025 0.015
0 0.68125 0.495 0.02625 0.0725
0 0.415 0.84375 0.01625 0.065
0 0.395 0.84375 0.02 0.06875
0 0.36 0.83625 0.045 0.04125
0 0.36 0.86625 0.04625 0.0175
0 0.5425 0.39125 0.03375 0.09
0 0.57875 0.39375 0.0325 0.08875
0 0.46375 0.8425 0.02 0.075
0 0.55875 0.8675 0.01875 0.0125
0 0.53625 0.87 0.01875 0.01125
0 0.53375 0.855 0.02 0.00875