0 0.2175 0.53 0.025 0.07625
0 0.7075 0.52 0.01375 0.08125
0 0.69625 0.52 0.01 0.0825
0 0.66875 0.52 0.01 0.0875
0 0.66 0.52 0.0075 0.0875
0 0.63375 0.51875 0.01125 0.08625
0 0.62125 0.5175 0.0125 0.08875
0 0.58625 0.51 0.04 0.085
0 0.535 0.51875 0.02625 0.09125
0 0.7075 0.61875 0.01375 0.075
0 0.5025 0.52375 0.02125 0.08625
0 0.47375 0.52625 0.02125 0.07875
0 0.1825 0.5325 0.0275 0.08125
0 0.67 0.62375 0.01125 0.075
0 0.66 0.62375 0.0075 0.07625
0 0.44375 0.63375 0.01875 0.07625
0 0.4425 0.52875 0.01875 0.08125
0 0.40625 0.52625 0.01875 0.0875
0 0.38 0.52625 0.01875 0.09125
0 0.7675 0.47625 0.03875 0.0275
0 0.30625 0.5275 0.025 0.0925
0 0.27 0.53375 0.0225 0.0875
0 0.695 0.6175 0.01 0.0775
0 0.34125 0.53125 0.01625 0.0875
0 0.76625 0.505 0.03875 0.02375
0 0.80875 0.50375 0.045 0.02625
0 0.4675 0.17 0.025 0.11
0 0.43375 0.17125 0.02 0.1025
0 0.40125 0.16875 0.02 0.10125
0 0.36 0.1725 0.0175 0.105
0 0.32125 0.17125 0.02375 0.10375
0 0.28125 0.16875 0.03 0.1025
0 0.23125 0.16375 0.02875 0.1
0 0.17625 0.17375 0.025 0.1025
0 0.5 0.16375 0.02625 0.0975
0 0.1425 0.17375 0.0125 0.09625
0 0.645 0.6275 0.01125 0.08125
0 0.635 0.62625 0.01125 0.08375
0 0.60875 0.62125 0.01875 0.09125
0 0.57125 0.63125 0.02 0.08875
0 0.5375 0.63 0.0225 0.0825
0 0.50625 0.62625 0.02125 0.08
0 0.485 0.62625 0.02 0.08125
0 0.46375 0.625 0.01875 0.08
0 0.13125 0.17625 0.00875 0.09125
0 0.5325 0.16 0.0275 0.1025
0 0.5775 0.1625 0.02125 0.0975
0 0.6125 0.1625 0.02875 0.09375
0 0.85375 0.49375 0.03875 0.05
0 0.8225 0.45125 0.065 0.0125
0 0.8225 0.4625 0.065 0.00875
0 0.1475 0.62875 0.01625 0.08
0 0.16625 0.635 0.015 0.0825
0 0.21625 0.63375 0.015 0.08875
0 0.30875 0.63125 0.01625 0.08125
0 0.34625 0.63125 0.0175 0.08875
0 0.155 0.30875 0.01375 0.08875
0 0.86125 0.155 0.0225 0.0775
0 0.82 0.15625 0.0125 0.08625
0 0.79375 0.1525 0.03 0.06875
0 0.76375 0.155 0.02625 0.06625
0 0.735 0.1625 0.01 0.0975
0 0.7225 0.16375 0.01 0.09625
0 0.6975 0.16 0.01125 0.1025
0 0.68625 0.15875 0.00875 0.105
0 0.6575 0.16125 0.01125 0.1025
0 0.64625 0.1625 0.0125 0.10125
0 0.80875 0.47875 0.0425 0.0225
0 0.13875 0.31 0.0175 0.08875
0 0.515 0.76625 0.0175 0.07875
0 0.755 0.6075 0.0525 0.02
0 0.1875 0.31375 0.0225 0.09125
0 0.8675 0.2875 0.015 0.08375
0 0.83125 0.29 0.0125 0.08125
0 0.84375 0.29 0.01375 0.08
0 0.15375 0.42875 0.01875 0.0875
0 0.16875 0.4275 0.01125 0.0875
0 0.20875 0.4275 0.0275 0.08625
0 0.26 0.42625 0.0225 0.09875
0 0.305 0.42625 0.025 0.09375
0 0.33875 0.42125 0.025 0.0925
0 0.37625 0.425 0.025 0.09375
0 0.4 0.425 0.0225 0.09
0 0.43375 0.42 0.0225 0.095
0 0.7975 0.6925 0.0625 0.02375
0 0.80375 0.815 0.01 0.065
0 0.7675 0.57125 0.01375 0.00875
0 0.75375 0.57125 0.01375 0.01
0 0.25 0.31125 0.01875 0.1025
0 0.74 0.57125 0.01375 0.01
0 0.29 0.30875 0.01875 0.0975
0 0.34375 0.31 0.01625 0.0825
0 0.385 0.63 0.01625 0.0825
0 0.465 0.30125 0.0175 0.09375
0 0.49375 0.29625 0.02875 0.10625
0 0.5325 0.305 0.01375 0.09625
0 0.5675 0.27375 0.03 0.08375
0 0.6075 0.3 0.0175 0.095
0 0.63125 0.3 0.01 0.08625
0 0.64125 0.30125 0.01125 0.08625
0 0.6725 0.30125 0.0125 0.0875
0 0.685 0.2875 0.01 0.09
0 0.7125 0.28 0.0225 0.0925
0 0.7575 0.29375 0.05875 0.07625
0 0.81 0.29375 0.02125 0.09
0 0.4275 0.30625 0.02625 0.09875
0 0.4025 0.31 0.0225 0.09
0 0.375 0.305 0.01 0.09125
0 0.36125 0.305 0.01375 0.09125
0 0.325 0.30625 0.02125 0.09375
0 0.75375 0.59 0.055 0.015
0 0.77 0.56 0.015 0.01
0 0.7375 0.56 0.01375 0.01125
0 0.775 0.82625 0.01375 0.0725
0 0.75375 0.8275 0.015 0.0725
0 0.7325 0.82375 0.01125 0.06375
0 0.57625 0.76875 0.01125 0.06875
0 0.56625 0.7675 0.00875 0.07375
0 0.555 0.77 0.01125 0.06875
0 0.4725 0.7625 0.02375 0.075
0 0.43125 0.765 0.025 0.0825
0 0.39625 0.75875 0.02 0.0775
0 0.36375 0.7625 0.01875 0.08375
0 0.3275 0.7525 0.01875 0.08
0 0.1525 0.75 0.01125 0.06625
0 0.14125 0.75125 0.0075 0.07
0 0.13125 0.7525 0.01125 0.06875
0 0.2725 0.75875 0.0175 0.07625
0 0.82375 0.61375 0.06375 0.025
0 0.76125 0.62625 0.05625 0.0125
0 0.71375 0.83 0.01125 0.055
0 0.75375 0.56 0.01625 0.0125
0 0.61125 0.76375 0.00875 0.0725
0 0.62125 0.7625 0.0075 0.0725
0 0.81 0.5875 0.05625 0.01625
0 0.8375 0.82875 0.015 0.0675
0 0.46875 0.41875 0.0175 0.08875
0 0.4925 0.3875 0.02875 0.0725
0 0.535 0.41125 0.02125 0.0975
0 0.575 0.41375 0.02375 0.09375
0 0.6025 0.41125 0.03 0.1025
0 0.64375 0.395 0.02375 0.0875
0 0.685 0.40625 0.025 0.09
0 0.70125 0.4125 0.01125 0.09375
0 0.715 0.41375 0.015 0.09875
0 0.7625 0.38375 0.055 0.03875
0 0.81125 0.3775 0.03375 0.04875
0 0.8375 0.40375 0.0125 0.08
0 0.855 0.39875 0.02 0.0875
0 0.14375 0.5325 0.0175 0.08125
0 0.67 0.76 0.0075 0.07
0 0.63 0.7625 0.0075 0.0675
0 0.41375 0.63375 0.0225 0.07625