0 0.4275 0.71 0.01375 0.075
0 0.1425 0.7975 0.03125 0.09375
0 0.10375 0.81 0.04 0.08
0 0.44625 0.7025 0.01875 0.06875
0 0.40125 0.72 0.0325 0.075
0 0.3425 0.755 0.0275 0.08
0 0.07125 0.41875 0.03125 0.0875
0 0.29125 0.4125 0.0175 0.06875
0 0.3125 0.41375 0.02 0.0675
0 0.3325 0.41375 0.01625 0.065
0 0.35125 0.41125 0.01625 0.06125
0 0.36875 0.4125 0.0175 0.0575
0 0.37625 0.285 0.01625 0.08125
0 0.3925 0.4075 0.025 0.06875
0 0.41375 0.4075 0.015 0.06375
0 0.43375 0.40375 0.0175 0.06125
0 0.41375 0.29 0.01375 0.0775
0 0.43125 0.2925 0.015 0.08
0 0.00875 0.66875 0.0175 0.0875
0 0.0375 0.66375 0.03125 0.0925
0 0.0725 0.65625 0.03375 0.07875
0 0.10875 0.64875 0.025 0.08875
0 0.27 0.41125 0.01875 0.0725
0 0.1375 0.64 0.02875 0.07375
0 0.2475 0.41125 0.02 0.08
0 0.195 0.41125 0.025 0.08625
0 0.04 0.215 0.05625 0.16375
0 0.095 0.21375 0.045 0.17625
0 0.13875 0.235 0.03875 0.14875
0 0.1825 0.23125 0.04 0.15875
0 0.22125 0.2375 0.02875 0.155
0 0.2525 0.2675 0.02625 0.1
0 0.28125 0.27375 0.03 0.1
0 0.31125 0.275 0.025 0.09875
0 0.335 0.28 0.0225 0.095
0 0.35625 0.2825 0.01875 0.09375
0 0.03125 0.41875 0.04 0.09125
0 0.30375 0.66125 0.0325 0.08
0 0.10375 0.41875 0.03 0.08375
0 0.13375 0.41625 0.02125 0.08625
0 0.1625 0.415 0.03125 0.07875
0 0.22125 0.41125 0.025 0.08125
0 0.01 0.5775 0.01875 0.08625
0 0.395 0.2875 0.01875 0.07875
0 0.07125 0.56625 0.03125 0.09375
0 0.38625 0.57375 0.02625 0.0575
0 0.41 0.5675 0.01625 0.05375
0 0.42625 0.56375 0.01125 0.0575
0 0.43875 0.56125 0.01125 0.05625
0 0.41875 0.50625 0.01875 0.055
0 0.43875 0.505 0.01375 0.05
0 0.3975 0.505 0.02 0.05375
0 0.35875 0.575 0.01875 0.0625
0 0.04625 0.50375 0.03875 0.02875
0 0.03625 0.56875 0.0275 0.09
0 0.20875 0.48125 0.02375 0.02625
0 0.24625 0.47875 0.0375 0.02875
0 0.1425 0.3475 0.08875 0.03375
0 0.05125 0.35 0.08125 0.03375
0 0.225 0.76125 0.03375 0.07625
0 0.3 0.765 0.02875 0.08375
0 0.08625 0.49625 0.0275 0.02625
0 0.375 0.505 0.0125 0.05625
0 0.18 0.48375 0.0225 0.0225
0 0.34125 0.50875 0.01625 0.05875
0 0.35875 0.50625 0.01625 0.05375
0 0.10375 0.5575 0.03125 0.0875
0 0.1375 0.55625 0.02875 0.085
0 0.17875 0.60875 0.03875 0.09875
0 0.24 0.5375 0.02 0.07
0 0.26375 0.5325 0.02125 0.06875
0 0.28875 0.53125 0.02 0.0675
0 0.21375 0.61625 0.02125 0.07125
0 0.2125 0.5425 0.025 0.07
0 0.2625 0.6025 0.01875 0.065
0 0.28625 0.59375 0.0225 0.0525
0 0.3075 0.58625 0.00875 0.0575
0 0.325 0.58125 0.0175 0.0625
0 0.34375 0.57625 0.01 0.06625
0 0.2375 0.6075 0.0225 0.0675
0 0.32 0.50875 0.02125 0.06125