0 0.8 0.6975 0.0275 0.035
0 0.66 0.70125 0.0275 0.03875
0 0.76875 0.7 0.02625 0.035
0 0.9375 0.69875 0.08 0.07125
0 0.74125 0.69875 0.025 0.0375
0 0.715 0.69875 0.025 0.0375
0 0.68875 0.7 0.025 0.0375
0 0.62875 0.7 0.02625 0.04
0 0.44375 0.71875 0.04 0.01625
0 0.575 0.70125 0.02625 0.03625
0 0.54375 0.6975 0.03125 0.04625
0 0.5125 0.69625 0.02875 0.05625
0 0.48 0.70375 0.025 0.03875
0 0.445 0.69375 0.04 0.01875
0 0.44875 0.61625 0.03125 0.035
0 0.85375 0.70125 0.07375 0.07625
0 0.41125 0.61875 0.03375 0.03875
0 0.6025 0.70125 0.025 0.0375
0 0.5575 0.6125 0.03375 0.04125
0 0.96375 0.42625 0.04125 0.0825
0 0.66875 0.6 0.0275 0.06
0 0.3775 0.61125 0.03125 0.04125
0 0.9825 0.5175 0.03375 0.0625
0 0.91625 0.42375 0.04125 0.08125
0 0.87625 0.33625 0.0525 0.0175
0 0.93375 0.3375 0.05125 0.02125
0 0.9325 0.35875 0.05 0.01375
0 0.98 0.33125 0.0375 0.0325
0 0.98 0.35875 0.03625 0.0125
0 0.97625 0.60625 0.04125 0.0575
0 0.93125 0.605 0.04125 0.06
0 0.8875 0.605 0.03875 0.05875
0 0.84375 0.605 0.03625 0.06
0 0.80125 0.61 0.02125 0.04125
0 0.7825 0.605 0.0125 0.05
0 0.765 0.60625 0.01375 0.05
0 0.7375 0.61875 0.03 0.02625
0 0.70125 0.61875 0.0325 0.02625
0 0.5925 0.61125 0.0375 0.04375
0 0.3375 0.6175 0.0325 0.0375
0 0.465 0.76375 0.0325 0.0275
0 0.38375 0.7025 0.02375 0.04625
0 0.04125 0.75875 0.065 0.04
0 0.0875 0.77 0.02125 0.0175
0 0.15375 0.75875 0.02125 0.0425
0 0.1775 0.75875 0.02375 0.04125
0 0.20625 0.75875 0.025 0.03875
0 0.27125 0.7675 0.03125 0.02375
0 0.305 0.7675 0.02875 0.025
0 0.3675 0.7675 0.0225 0.025
0 0.01875 0.6825 0.02625 0.055
0 0.3925 0.765 0.02125 0.02625
0 0.94 0.5175 0.04375 0.0625
0 0.50125 0.765 0.03375 0.02875
0 0.5425 0.765 0.0375 0.03
0 0.61625 0.76375 0.0375 0.03125
0 0.655 0.76375 0.035 0.0325
0 0.69375 0.7625 0.0325 0.03375
0 0.73125 0.76375 0.035 0.03375
0 0.77 0.76375 0.03125 0.03375
0 0.42625 0.765 0.035 0.0275
0 0.41 0.7025 0.0225 0.0475
0 0.045 0.68125 0.02375 0.055
0 0.09625 0.68125 0.0225 0.05375
0 0.3575 0.70625 0.02375 0.0475
0 0.33375 0.70375 0.02375 0.0475
0 0.23875 0.6125 0.03625 0.055
0 0.275 0.62125 0.03375 0.0425
0 0.3075 0.62 0.02375 0.0375
0 0.30125 0.695 0.035 0.0625
0 0.27 0.7075 0.01875 0.0375
0 0.2425 0.71125 0.02875 0.035
0 0.07125 0.68125 0.025 0.05375
0 0.2075 0.68125 0.0275 0.06
0 0.15 0.68375 0.0225 0.04875
0 0.1225 0.685 0.02375 0.04875
0 0.14125 0.60625 0.03375 0.04375
0 0.105 0.6075 0.03375 0.04625
0 0.07875 0.605 0.01625 0.045
0 0.06125 0.60625 0.01375 0.045
0 0.045 0.6075 0.015 0.0475
0 0.02875 0.6075 0.015 0.05
0 0.1775 0.685 0.02375 0.05125
0 0.89375 0.51625 0.04 0.06375
0 0.87125 0.425 0.0375 0.0825
0 0.81875 0.525 0.02375 0.03375
0 0.07875 0.51125 0.04625 0.05625
0 0.03125 0.51125 0.045 0.05625
0 0.22875 0.4225 0.01875 0.0625
0 0.24875 0.42 0.015 0.0575
0 0.2675 0.41875 0.01625 0.05625
0 0.2875 0.4175 0.01875 0.05875
0 0.135 0.51375 0.055 0.05125
0 0.30625 0.41625 0.01875 0.06
0 0.345 0.4175 0.01625 0.055
0 0.36625 0.4175 0.0175 0.05625
0 0.385 0.4175 0.01625 0.0525
0 0.4025 0.41875 0.015 0.05375
0 0.42125 0.41875 0.01875 0.05375
0 0.44375 0.4175 0.01625 0.05
0 0.3275 0.4175 0.0175 0.05625
0 0.1825 0.51625 0.035 0.05375
0 0.165 0.4375 0.0575 0.04
0 0.10625 0.4375 0.05625 0.0375
0 0.5275 0.52875 0.02375 0.03375
0 0.02625 0.33375 0.04125 0.05
0 0.075 0.3325 0.0475 0.0525
0 0.1275 0.3275 0.045 0.0675
0 0.17375 0.32625 0.03625 0.06625
0 0.27 0.33125 0.015 0.04
0 0.29 0.33125 0.01875 0.0425
0 0.31 0.32375 0.01375 0.06375
0 0.32875 0.32375 0.01625 0.06625
0 0.3625 0.34125 0.04375 0.03125
0 0.40125 0.33625 0.03125 0.03875
0 0.44125 0.3375 0.0375 0.03875
0 0.4825 0.3375 0.03375 0.03875
0 0.5175 0.33125 0.03125 0.05
0 0.05 0.43875 0.05 0.035
0 0.465 0.41875 0.0175 0.0525
0 0.48875 0.42 0.01625 0.05375
0 0.5475 0.3425 0.02125 0.03125
0 0.525 0.42 0.015 0.05125
0 0.7225 0.34375 0.04125 0.03
0 0.76875 0.3425 0.045 0.03
0 0.81875 0.3425 0.0475 0.02875
0 0.77625 0.43 0.05125 0.01375
0 0.715 0.42875 0.0675 0.03125
0 0.665 0.42375 0.02625 0.06125
0 0.635 0.42375 0.02875 0.06
0 0.57 0.42375 0.03125 0.06375
0 0.64875 0.52625 0.02375 0.03625
0 0.68125 0.52625 0.025 0.0325
0 0.70875 0.5275 0.02375 0.035
0 0.735 0.5275 0.025 0.03375
0 0.76375 0.525 0.02375 0.03375
0 0.50875 0.41875 0.015 0.05125
0 0.7925 0.52625 0.025 0.03375
0 0.67625 0.34625 0.04625 0.01625
0 0.67625 0.325 0.04875 0.02375
0 0.6025 0.425 0.0325 0.0625
0 0.6125 0.32625 0.02125 0.06875
0 0.50125 0.53 0.02625 0.0375
0 0.63875 0.33125 0.02 0.05125
0 0.47875 0.51375 0.01375 0.06625
0 0.4625 0.51375 0.01625 0.07
0 0.44625 0.51375 0.0125 0.07
0 0.415 0.51375 0.015 0.06875
0 0.3975 0.51375 0.015 0.07
0 0.43125 0.515 0.015 0.07375
0 0.54375 0.42125 0.015 0.0525
0 0.34875 0.51125 0.01625 0.06625
0 0.33125 0.51375 0.015 0.06625
0 0.31375 0.51375 0.01625 0.0625
0 0.29375 0.51375 0.0175 0.06375
0 0.27625 0.51375 0.01375 0.06625
0 0.37625 0.5125 0.01625 0.06625
0 0.25875 0.515 0.0175 0.07