0 0.6725 0.75 0.04 0.045
0 0.6075 0.5025 0.0375 0.045
0 0.65 0.50375 0.0425 0.05
0 0.695 0.5025 0.0425 0.05
0 0.60125 0.7575 0.0375 0.03
0 0.63625 0.75 0.03125 0.045
0 0.7225 0.59625 0.0225 0.07
0 0.28125 0.255 0.0175 0.05875
0 0.55375 0.26875 0.02375 0.045
0 0.5875 0.26875 0.03875 0.04375
0 0.26 0.61125 0.03625 0.03625
0 0.76375 0.765 0.03 0.0725
0 0.71 0.74125 0.0325 0.0775
0 0.7075 0.66375 0.025 0.06125
0 0.30375 0.25875 0.02375 0.0525
0 0.37 0.26375 0.0225 0.05
0 0.58625 0.235 0.0425 0.0225
0 0.3975 0.26875 0.03125 0.04125
0 0.4575 0.27125 0.02875 0.04
0 0.42375 0.23875 0.0275 0.01625
0 0.46125 0.2425 0.02125 0.0125
0 0.48375 0.26625 0.02 0.045
0 0.50625 0.26625 0.02375 0.045
0 0.53 0.2675 0.0225 0.0475
0 0.42875 0.27 0.0275 0.0425
0 0.2475 0.55 0.02375 0.02375
0 0.2375 0.3875 0.02375 0.05875
0 0.2425 0.27 0.04375 0.03125
0 0.465 0.3425 0.025 0.04875
0 0.43625 0.3425 0.03 0.04375
0 0.4 0.3425 0.0425 0.045
0 0.23 0.32625 0.02 0.035
0 0.26 0.325 0.02375 0.03125
0 0.28375 0.345 0.0225 0.0325
0 0.72125 0.27 0.05 0.0475
0 0.4875 0.34875 0.01875 0.035
0 0.67625 0.27 0.03625 0.0475
0 0.61875 0.26875 0.02125 0.04875
0 0.40625 0.44 0.0175 0.0325
0 0.3875 0.44125 0.0175 0.0275
0 0.365 0.43375 0.02625 0.04375
0 0.3375 0.43375 0.02625 0.045
0 0.31125 0.43125 0.025 0.045
0 0.2625 0.39 0.02375 0.05625
0 0.645 0.26875 0.02375 0.04625
0 0.505 0.34875 0.01625 0.03625
0 0.52375 0.34875 0.0175 0.0325
0 0.5425 0.35 0.0175 0.03125
0 0.32125 0.59125 0.0275 0.03625
0 0.29625 0.5925 0.02125 0.03375
0 0.27875 0.555 0.03 0.01625
0 0.3275 0.74875 0.05875 0.03875
0 0.395 0.74625 0.03875 0.02375
0 0.38125 0.72125 0.04 0.01875
0 0.43875 0.75375 0.03875 0.03625
0 0.47875 0.7525 0.03875 0.03625
0 0.51875 0.75 0.0375 0.035
0 0.56125 0.75625 0.0375 0.03125
0 0.47875 0.43625 0.02375 0.04375
0 0.45375 0.435 0.025 0.045
0 0.4275 0.43375 0.025 0.045
0 0.66875 0.34625 0.0375 0.04375
0 0.625 0.34625 0.045 0.04375
0 0.59 0.34625 0.025 0.045
0 0.56375 0.34375 0.025 0.0425
0 0.705 0.34625 0.03375 0.04375
0 0.25 0.2375 0.0425 0.025
0 0.2725 0.7475 0.0325 0.04375
0 0.2375 0.735 0.03375 0.015
0 0.5925 0.4375 0.03875 0.04375
0 0.62625 0.435 0.02 0.03875
0 0.655 0.4475 0.02375 0.02375
0 0.67875 0.44875 0.02 0.02
0 0.70125 0.45125 0.0225 0.02625
0 0.22625 0.48 0.01125 0.05875
0 0.24375 0.47875 0.02125 0.06
0 0.54875 0.43625 0.02375 0.0425
0 0.265 0.48125 0.01875 0.06
0 0.3325 0.505 0.035 0.0375
0 0.38875 0.505 0.03125 0.04375
0 0.42 0.505 0.03 0.0425
0 0.4525 0.50625 0.03125 0.04375
0 0.485 0.50625 0.0325 0.045
0 0.5225 0.50375 0.04 0.04375
0 0.56625 0.50375 0.0425 0.05
0 0.295 0.50625 0.03375 0.03375
0 0.52375 0.43625 0.025 0.0425
0 0.34875 0.5925 0.025 0.035
0 0.41625 0.58875 0.0325 0.04
0 0.24 0.7175 0.04 0.00875
0 0.645 0.67625 0.035 0.0325
0 0.6125 0.67625 0.02875 0.03375
0 0.58375 0.67625 0.02625 0.03375
0 0.565 0.6775 0.01125 0.0375
0 0.58375 0.645 0.03875 0.01875
0 0.4575 0.66375 0.04375 0.04875
0 0.41 0.66875 0.03375 0.05375
0 0.37 0.67 0.03 0.0425
0 0.33125 0.675 0.03375 0.03875
0 0.29875 0.675 0.03 0.0375
0 0.27125 0.67125 0.02375 0.04625
0 0.245 0.67125 0.01875 0.045
0 0.2275 0.66 0.01375 0.025
0 0.67 0.585 0.06375 0.05625
0 0.58375 0.58625 0.035 0.045
0 0.4975 0.5875 0.0575 0.04875
0 0.2375 0.75875 0.03375 0.02
0 0.2875 0.43375 0.0225 0.04375