0 0.51875 0.8975 0.05125 0.06125
0 0.13625 0.925 0.01875 0.0125
0 0.62 0.43125 0.02375 0.0625
0 0.65375 0.42625 0.0275 0.0825
0 0.69375 0.44125 0.035 0.06375
0 0.73625 0.425 0.03125 0.075
0 0.77375 0.42375 0.04 0.08125
0 0.8075 0.43 0.0175 0.07875
0 0.83625 0.43 0.03 0.075
0 0.865 0.42625 0.02 0.08875
0 0.13875 0.53 0.0275 0.0825
0 0.1725 0.5275 0.02625 0.08375
0 0.20625 0.52875 0.03 0.085
0 0.59125 0.4325 0.025 0.0625
0 0.23875 0.5275 0.0275 0.0825
0 0.3 0.52625 0.03375 0.0875
0 0.33625 0.52875 0.04 0.08625
0 0.59125 0.535 0.02 0.0775
0 0.65625 0.5325 0.03 0.07625
0 0.685 0.53 0.0175 0.075
0 0.71625 0.49625 0.02875 0.0375
0 0.72125 0.53125 0.01875 0.02
0 0.7675 0.49625 0.02 0.0275
0 0.77375 0.53625 0.02625 0.0425
0 0.755 0.62875 0.03 0.035
0 0.815 0.53375 0.03125 0.07625
0 0.26875 0.52875 0.025 0.0875
0 0.845 0.5325 0.0175 0.07875
0 0.5325 0.4275 0.0225 0.05625
0 0.4675 0.4325 0.02125 0.06625
0 0.14375 0.335 0.01625 0.01125
0 0.16875 0.3175 0.025 0.09
0 0.19875 0.3175 0.03 0.08875
0 0.23875 0.31875 0.02 0.08625
0 0.265 0.31625 0.02375 0.08875
0 0.30125 0.32125 0.02375 0.0775
0 0.32875 0.3225 0.025 0.0825
0 0.355 0.32125 0.02125 0.0825
0 0.38125 0.32125 0.025 0.08625
0 0.41 0.32125 0.02625 0.08375
0 0.445 0.31625 0.03 0.09125
0 0.49875 0.43125 0.02375 0.07
0 0.47875 0.32 0.03 0.08875
0 0.565 0.3225 0.03 0.07875
0 0.60125 0.32 0.03 0.08
0 0.63375 0.31875 0.0225 0.0875
0 0.665 0.3225 0.03 0.0825
0 0.69625 0.3175 0.02875 0.0875
0 0.78 0.3175 0.045 0.03625
0 0.74375 0.325 0.01875 0.025
0 0.865 0.32 0.02 0.0775
0 0.23 0.425 0.03875 0.07875
0 0.31625 0.42875 0.0325 0.07875
0 0.43625 0.43125 0.02875 0.07625
0 0.505 0.3325 0.01875 0.0625
0 0.16375 0.92375 0.0275 0.01375
0 0.8675 0.535 0.015 0.075
0 0.16875 0.6325 0.03125 0.08375
0 0.60125 0.7225 0.04375 0.05875
0 0.65 0.72125 0.04875 0.06375
0 0.7 0.7225 0.0475 0.065
0 0.75125 0.72 0.0475 0.05
0 0.83375 0.7275 0.07625 0.04875
0 0.1325 0.80875 0.015 0.0625
0 0.16125 0.8075 0.0325 0.06625
0 0.20125 0.8075 0.035 0.06875
0 0.24 0.80625 0.04 0.0675
0 0.28375 0.81 0.04375 0.0625
0 0.3325 0.81125 0.055 0.06
0 0.555 0.72 0.04125 0.06375
0 0.40375 0.7975 0.04875 0.05625
0 0.52375 0.78375 0.04375 0.03125
0 0.58125 0.8075 0.05375 0.06625
0 0.6375 0.8075 0.0525 0.06625
0 0.7025 0.80625 0.05875 0.06875
0 0.75875 0.805 0.05 0.05625
0 0.815 0.8025 0.0525 0.0575
0 0.86 0.8025 0.03125 0.0575
0 0.13375 0.8825 0.01625 0.02
0 0.15875 0.88125 0.0275 0.01875
0 0.135 0.90375 0.01875 0.0175
0 0.16125 0.90125 0.0275 0.0125
0 0.46875 0.79875 0.05 0.05875
0 0.1375 0.6325 0.025 0.08625
0 0.5075 0.72 0.04375 0.06
0 0.3725 0.7225 0.045 0.06125
0 0.2 0.63125 0.025 0.0825
0 0.24375 0.62625 0.02875 0.07375
0 0.2775 0.62875 0.025 0.075
0 0.30625 0.6275 0.025 0.085
0 0.39 0.62875 0.03 0.08125
0 0.42375 0.62875 0.02875 0.08625
0 0.4575 0.62875 0.02625 0.08375
0 0.49 0.6275 0.0275 0.08
0 0.52125 0.62875 0.02875 0.085
0 0.55 0.63 0.02125 0.0825
0 0.57375 0.6275 0.0175 0.07375
0 0.45875 0.72 0.04625 0.05875
0 0.59875 0.6275 0.02125 0.0875
0 0.7125 0.64 0.03 0.06
0 0.7775 0.63375 0.02 0.07625
0 0.8075 0.63375 0.03 0.07625
0 0.8425 0.63375 0.03 0.0775
0 0.8675 0.635 0.01375 0.08125
0 0.135 0.72375 0.01875 0.06375
0 0.165 0.72375 0.0325 0.06
0 0.20375 0.72125 0.035 0.06
0 0.235 0.72125 0.025 0.0625
0 0.27125 0.72125 0.04375 0.05875
0 0.32375 0.72375 0.0475 0.05875
0 0.68 0.63375 0.02875 0.075
0 0.3475 0.63 0.02625 0.0825
0 0.86625 0.21 0.01625 0.08625
0 0.4525 0.87875 0.03625 0.03375
0 0.1425 0.20875 0.02875 0.09875
0 0.86875 0.89625 0.01125 0.0675
0 0.8475 0.92375 0.02375 0.0175
0 0.845 0.89875 0.02 0.02
0 0.81 0.8825 0.03 0.02375
0 0.8125 0.915 0.035 0.03875
0 0.77375 0.88625 0.02875 0.0175
0 0.77375 0.91625 0.03375 0.035
0 0.72625 0.9025 0.05375 0.06
0 0.6175 0.89375 0.04875 0.0625
0 0.57 0.915 0.035 0.0375
0 0.17625 0.21125 0.0325 0.0875
0 0.83625 0.21125 0.0325 0.07
0 0.41625 0.88875 0.02625 0.02375
0 0.415 0.91625 0.0275 0.0225
0 0.3825 0.9075 0.02375 0.02875
0 0.32875 0.91375 0.0275 0.035
0 0.28 0.9 0.0525 0.065
0 0.2375 0.9175 0.025 0.01375
0 0.2375 0.9 0.0225 0.01375
0 0.2375 0.8825 0.0275 0.01375
0 0.19875 0.885 0.035 0.0175
0 0.20375 0.905 0.03375 0.01625
0 0.2025 0.92125 0.03375 0.01625
0 0.45125 0.9175 0.035 0.0325
0 0.20875 0.23 0.02625 0.04625
0 0.6725 0.89 0.04875 0.0575
0 0.26125 0.2175 0.0225 0.0725
0 0.2375 0.2175 0.02 0.07625
0 0.7725 0.17625 0.01625 0.02
0 0.7525 0.17625 0.01 0.02375
0 0.765 0.23875 0.0175 0.0275
0 0.135 0.3025 0.02 0.04125
0 0.74375 0.2375 0.0225 0.02875
0 0.76875 0.205 0.01875 0.0325
0 0.74375 0.205 0.0225 0.0325
0 0.71125 0.215 0.02875 0.07625
0 0.68 0.2175 0.02625 0.07625
0 0.64625 0.2125 0.0375 0.08
0 0.60125 0.21625 0.02 0.08
0 0.79125 0.21625 0.02 0.06875
0 0.53375 0.23625 0.0425 0.0375
0 0.57375 0.20625 0.02625 0.1
0 0.3175 0.21375 0.02125 0.08
0 0.34125 0.21375 0.01625 0.08625
0 0.36625 0.21 0.02375 0.0875
0 0.39375 0.21 0.02375 0.08875
0 0.29 0.2175 0.02375 0.0725
0 0.4475 0.21875 0.02 0.075
0 0.4725 0.22375 0.0175 0.0675
0 0.49625 0.21125 0.0225 0.0875
0 0.42125 0.215 0.0225 0.0825