0 0.3725 0.47625 0.0225 0.07375
0 0.83875 0.39625 0.02875 0.085
0 0.80375 0.39125 0.03125 0.0925
0 0.77125 0.38875 0.0225 0.09125
0 0.73625 0.39 0.03625 0.09
0 0.6975 0.3875 0.0275 0.0925
0 0.6725 0.38625 0.01625 0.09
0 0.8675 0.39375 0.015 0.09
0 0.6125 0.2525 0.02125 0.0575
0 0.55125 0.27 0.02625 0.0975
0 0.51875 0.2725 0.025 0.09125
0 0.48625 0.27 0.02375 0.0925
0 0.46 0.27 0.0225 0.095
0 0.42875 0.2675 0.0225 0.0975
0 0.29875 0.5 0.02125 0.0775
0 0.58125 0.275 0.0225 0.09375
0 0.37125 0.265 0.02625 0.09375
0 0.86125 0.50375 0.02625 0.0875
0 0.6975 0.495 0.02875 0.0825
0 0.4325 0.38 0.02625 0.0825
0 0.4025 0.37625 0.02375 0.0825
0 0.37 0.37375 0.02875 0.08375
0 0.29875 0.40125 0.0225 0.08125
0 0.26875 0.3975 0.025 0.08375
0 0.24125 0.395 0.02125 0.07875
0 0.66625 0.49 0.025 0.09
0 0.21375 0.3975 0.025 0.0775
0 0.15875 0.395 0.025 0.07625
0 0.135 0.39 0.02 0.08
0 0.82875 0.5 0.0325 0.08875
0 0.79375 0.4975 0.03125 0.08375
0 0.75875 0.49625 0.03125 0.09375
0 0.72875 0.49375 0.0275 0.08625
0 0.19 0.395 0.01875 0.07375
0 0.2925 0.29375 0.02125 0.08
0 0.26625 0.2975 0.0225 0.0925
0 0.24125 0.29375 0.0225 0.08875
0 0.6975 0.12625 0.02875 0.12125
0 0.60125 0.135 0.0375 0.1225
0 0.56 0.12875 0.03375 0.12125
0 0.52375 0.1325 0.0325 0.12125
0 0.485 0.13375 0.0275 0.12375
0 0.44875 0.13 0.02875 0.1175
0 0.7325 0.12625 0.03125 0.12
0 0.41125 0.1325 0.03 0.11625
0 0.29125 0.0875 0.01875 0.07125
0 0.26 0.08875 0.02375 0.07
0 0.23125 0.09375 0.01875 0.06125
0 0.205 0.09375 0.0225 0.06375
0 0.17625 0.09375 0.025 0.065
0 0.1475 0.0875 0.0225 0.0725
0 0.375 0.13125 0.0275 0.11375
0 0.77375 0.125 0.03375 0.12875
0 0.80875 0.13 0.02625 0.1225
0 0.8475 0.13125 0.03 0.115
0 0.21125 0.295 0.0225 0.09
0 0.17 0.29875 0.025 0.09875
0 0.145 0.2925 0.0225 0.08625
0 0.29 0.18875 0.0225 0.095
0 0.26375 0.1875 0.02625 0.09125
0 0.235 0.1875 0.02125 0.09125
0 0.20375 0.19 0.02625 0.08375
0 0.1775 0.18875 0.0225 0.09
0 0.1475 0.185 0.025 0.08875
0 0.785 0.2725 0.02625 0.1025
0 0.75125 0.2725 0.03125 0.10375
0 0.71625 0.275 0.02625 0.0975
0 0.68375 0.27 0.0275 0.105
0 0.82125 0.27375 0.03375 0.095
0 0.8575 0.27125 0.025 0.105
0 0.49125 0.37625 0.02625 0.08875
0 0.46125 0.37625 0.0225 0.09
0 0.4 0.2675 0.02375 0.08875
0 0.24625 0.49375 0.01625 0.07875
0 0.65875 0.69125 0.025 0.0725
0 0.69 0.69125 0.0275 0.07625
0 0.72375 0.6975 0.02875 0.0725
0 0.755 0.69875 0.025 0.0775
0 0.69 0.77375 0.02375 0.05125
0 0.72 0.78125 0.02375 0.05125
0 0.74875 0.785 0.02125 0.05
0 0.7825 0.78625 0.02375 0.0475
0 0.81125 0.7875 0.02125 0.0425
0 0.8425 0.7925 0.02625 0.05125
0 0.56 0.77375 0.035 0.02125
0 0.515 0.7675 0.0425 0.02125
0 0.4725 0.72125 0.04 0.04375
0 0.47 0.7625 0.03625 0.02
0 0.42375 0.75375 0.04 0.02375
0 0.37875 0.7525 0.03625 0.01625
0 0.37625 0.72 0.04625 0.03625
0 0.7875 0.705 0.0275 0.07125
0 0.37875 0.67625 0.0425 0.0425
0 0.84875 0.7075 0.02625 0.0775
0 0.79 0.6025 0.02875 0.08125
0 0.27 0.4975 0.0175 0.0775
0 0.52 0.37875 0.02375 0.0875
0 0.22 0.4925 0.0225 0.07625
0 0.40125 0.47625 0.0225 0.075
0 0.42375 0.48125 0.01625 0.0775
0 0.445 0.48 0.02 0.07
0 0.475 0.48625 0.025 0.0675
0 0.50125 0.48875 0.01625 0.06375
0 0.525 0.47875 0.0225 0.08125
0 0.5575 0.48125 0.02625 0.07875
0 0.5825 0.495 0.01625 0.06
0 0.60875 0.5 0.02 0.06125
0 0.85625 0.60875 0.02875 0.08625
0 0.6625 0.59125 0.02625 0.0875
0 0.6925 0.59625 0.02375 0.0825
0 0.72625 0.5975 0.03 0.085
0 0.75875 0.60125 0.025 0.0775
0 0.8225 0.605 0.02625 0.07625
0 0.16875 0.59875 0.01625 0.085
0 0.66 0.7725 0.025 0.05
0 0.21375 0.60125 0.02125 0.0825
0 0.50125 0.5875 0.02 0.05875
0 0.52875 0.58875 0.01875 0.0625
0 0.555 0.58875 0.0225 0.0625
0 0.58 0.59375 0.02 0.06375
0 0.605 0.59625 0.01625 0.06125
0 0.13875 0.6975 0.02625 0.03875
0 0.17125 0.7 0.0325 0.0325
0 0.13625 0.7325 0.0225 0.01875
0 0.47625 0.58375 0.0175 0.06375
0 0.17125 0.73375 0.0325 0.02125
0 0.21 0.69625 0.04 0.0375
0 0.2775 0.73875 0.0725 0.02875
0 0.19375 0.4925 0.02125 0.075
0 0.1875 0.6 0.01875 0.085
0 0.14 0.49 0.02375 0.07875
0 0.61375 0.38125 0.02 0.08625
0 0.585 0.38 0.02875 0.0925
0 0.55 0.3825 0.025 0.08625
0 0.21 0.73375 0.03875 0.02375
0 0.45125 0.5825 0.01875 0.0575
0 0.1675 0.48875 0.02 0.075
0 0.3975 0.5775 0.01625 0.0575
0 0.37375 0.5775 0.02625 0.06125
0 0.30625 0.61125 0.01625 0.08
0 0.4275 0.58 0.0175 0.05875
0 0.23875 0.60375 0.02125 0.0825
0 0.26 0.6075 0.01625 0.08625
0 0.285 0.605 0.0225 0.08625