0 0.40625 0.09375 0.02 0.02375
0 0.4275 0.09 0.0175 0.02125
0 0.34 0.46625 0.01875 0.025
0 0.34625 0.33625 0.01625 0.01875
0 0.36375 0.31375 0.0175 0.0225
0 0.34625 0.315 0.01625 0.02
0 0.33375 0.335 0.00625 0.0175
0 0.32125 0.33375 0.015 0.01875
0 0.3325 0.31375 0.00625 0.02
0 0.32 0.31375 0.015 0.02
0 0.33125 0.29 0.0075 0.02125
0 0.33125 0.26875 0.00625 0.0175
0 0.5875 0.29625 0.015 0.02375
0 0.5675 0.29625 0.02125 0.02125
0 0.5375 0.29625 0.03 0.02375
0 0.51125 0.295 0.02 0.0225
0 0.48875 0.29625 0.02125 0.0225
0 0.4675 0.295 0.01875 0.0225
0 0.445 0.295 0.0175 0.02375
0 0.42875 0.2925 0.01 0.01875
0 0.5875 0.27 0.0175 0.02375
0 0.61 0.27125 0.025 0.02375
0 0.63875 0.27125 0.0275 0.03125
0 0.67 0.27125 0.03125 0.03
0 0.7 0.27 0.0275 0.02625
0 0.69625 0.29875 0.03 0.02375
0 0.36625 0.33625 0.01875 0.01875
0 0.6675 0.29875 0.02625 0.0225
0 0.61125 0.2975 0.02625 0.02625
0 0.32 0.29125 0.015 0.01875
0 0.345 0.2925 0.0175 0.02125
0 0.36375 0.2925 0.0175 0.01875
0 0.39375 0.2925 0.01625 0.02125
0 0.4125 0.2925 0.02 0.02
0 0.63875 0.3 0.0275 0.0225
0 0.565 0.27 0.025 0.02375
0 0.40625 0.34 0.01875 0.02125
0 0.4125 0.31625 0.0175 0.02125
0 0.76125 0.4025 0.03125 0.05625
0 0.73375 0.405 0.0225 0.0675
0 0.83375 0.33125 0.0275 0.075
0 0.80125 0.33 0.02875 0.0725
0 0.7725 0.325 0.0275 0.06375
0 0.745 0.32625 0.02375 0.06
0 0.695 0.3525 0.025 0.025
0 0.665 0.35375 0.02875 0.02375
0 0.63375 0.3525 0.0225 0.02625
0 0.6075 0.35 0.025 0.02375
0 0.585 0.35 0.0175 0.02
0 0.5625 0.34875 0.02 0.0225
0 0.5375 0.34875 0.02625 0.0225
0 0.51 0.3475 0.02125 0.0225
0 0.48875 0.345 0.02 0.025
0 0.46625 0.345 0.02 0.02375
0 0.44625 0.34375 0.01875 0.02375
0 0.42875 0.31875 0.01 0.0225
0 0.445 0.31875 0.01875 0.02125
0 0.465 0.32 0.01875 0.02125
0 0.48875 0.32125 0.02125 0.02625
0 0.51 0.3225 0.02125 0.025
0 0.53875 0.3225 0.0275 0.025
0 0.39375 0.31625 0.0175 0.02
0 0.56375 0.32375 0.02375 0.02375
0 0.60875 0.32375 0.025 0.02375
0 0.63875 0.325 0.03125 0.02375
0 0.6675 0.3275 0.025 0.025
0 0.695 0.32625 0.02875 0.0275
0 0.42875 0.3425 0.01125 0.0175
0 0.38875 0.34 0.01 0.02
0 0.58625 0.3225 0.015 0.02375
0 0.5425 0.27125 0.02125 0.02375
0 0.51375 0.27125 0.02875 0.025
0 0.4875 0.27 0.02 0.02375
0 0.41875 0.22 0.02125 0.025
0 0.385 0.22 0.02375 0.02125
0 0.3625 0.22125 0.02125 0.02125
0 0.3425 0.22125 0.0175 0.02375
0 0.32375 0.22125 0.02 0.0225
0 0.705 0.2125 0.0275 0.0275
0 0.70375 0.185 0.02875 0.02625
0 0.6725 0.1825 0.025 0.02875
0 0.64375 0.18375 0.0275 0.02875
0 0.615 0.18625 0.02625 0.025
0 0.5875 0.1875 0.02625 0.025
0 0.565 0.18875 0.01625 0.0275
0 0.5425 0.19 0.025 0.0225
0 0.51 0.1925 0.02 0.0275
0 0.4875 0.1925 0.02125 0.025
0 0.46625 0.19375 0.0225 0.02625
0 0.44375 0.19375 0.02 0.025
0 0.5125 0.16375 0.02375 0.02375
0 0.5375 0.1625 0.02625 0.0275
0 0.56875 0.1625 0.02125 0.02375
0 0.595 0.16 0.025 0.02625
0 0.6225 0.15875 0.02375 0.02375
0 0.65 0.15625 0.0275 0.02625
0 0.44125 0.22125 0.02125 0.025
0 0.6775 0.15625 0.0275 0.025
0 0.32125 0.1975 0.0175 0.02125
0 0.34 0.1975 0.0175 0.0225
0 0.35875 0.19625 0.01875 0.0225
0 0.38125 0.195 0.02125 0.0225
0 0.4025 0.19625 0.01375 0.01625
0 0.42125 0.19375 0.0175 0.0225
0 0.7075 0.15375 0.03 0.0275
0 0.46375 0.22125 0.02 0.02375
0 0.48625 0.22 0.02 0.02375
0 0.515 0.21875 0.02875 0.02375
0 0.64125 0.21375 0.025 0.0275
0 0.61375 0.21375 0.02875 0.0275
0 0.5875 0.21375 0.025 0.02625
0 0.67 0.2125 0.02875 0.0275
0 0.67375 0.2425 0.02875 0.025
0 0.7025 0.24 0.02375 0.0275
0 0.64125 0.2425 0.025 0.02625
0 0.31875 0.27125 0.0175 0.02
0 0.3675 0.26875 0.025 0.025
0 0.3925 0.27 0.0175 0.0225
0 0.4125 0.27 0.02 0.02125
0 0.4325 0.27 0.01625 0.02125
0 0.4475 0.26875 0.01125 0.02
0 0.46625 0.27 0.0225 0.02375
0 0.345 0.26875 0.0175 0.02375
0 0.7925 0.405 0.025 0.06625
0 0.61375 0.2425 0.0275 0.025
0 0.5675 0.24375 0.02 0.0225
0 0.54375 0.21875 0.0225 0.02375
0 0.56375 0.21625 0.0175 0.02625
0 0.3175 0.24625 0.01625 0.02125
0 0.33 0.24625 0.0075 0.02125
0 0.34375 0.245 0.0175 0.02125
0 0.3675 0.245 0.0275 0.02125
0 0.58875 0.24375 0.01875 0.0225
0 0.39125 0.245 0.01625 0.02125
0 0.43125 0.24625 0.0175 0.02125
0 0.44625 0.2475 0.01125 0.02
0 0.465 0.24625 0.02125 0.02125
0 0.48625 0.245 0.02 0.02375
0 0.51125 0.245 0.0225 0.02375
0 0.54375 0.24375 0.025 0.0225
0 0.41 0.24625 0.02125 0.02
0 0.48875 0.165 0.0225 0.0275
0 0.8225 0.4025 0.035 0.06125
0 0.3475 0.36 0.0175 0.02
0 0.545 0.58375 0.0125 0.0475
0 0.53 0.57875 0.01375 0.045
0 0.5175 0.57875 0.01125 0.04375
0 0.5025 0.5725 0.01125 0.04625
0 0.49 0.5725 0.01125 0.04375
0 0.46125 0.53125 0.01 0.02875
0 0.44875 0.53125 0.01 0.02875
0 0.43625 0.5275 0.01125 0.025
0 0.47 0.57 0.01375 0.0375
0 0.45625 0.5675 0.0125 0.03875
0 0.44375 0.565 0.0125 0.0375
0 0.43 0.5625 0.01125 0.0425
0 0.4175 0.56 0.01 0.0425
0 0.40625 0.5575 0.01125 0.04125
0 0.39125 0.5425 0.0075 0.04
0 0.38125 0.5425 0.01 0.0425
0 0.37 0.54125 0.01 0.04125
0 0.19375 0.52 0.0075 0.03875
0 0.20375 0.52 0.01 0.04125
0 0.21375 0.52 0.0075 0.04
0 0.22375 0.5225 0.00875 0.0375
0 0.2325 0.52375 0.01 0.04125
0 0.24375 0.52875 0.01 0.04
0 0.56125 0.585 0.01375 0.045
0 0.2575 0.53125 0.0125 0.03625
0 0.27875 0.535 0.01 0.04375
0 0.29 0.53625 0.01 0.04125
0 0.30125 0.54 0.00875 0.04375
0 0.3125 0.5425 0.01125 0.04
0 0.34625 0.5375 0.01 0.04125
0 0.35875 0.53875 0.01 0.0425
0 0.2675 0.5325 0.00875 0.0375
0 0.18125 0.51625 0.01375 0.04125
0 0.5825 0.59125 0.015 0.0475
0 0.6125 0.59625 0.01625 0.05125
0 0.28125 0.415 0.01625 0.0325
0 0.265 0.4175 0.01375 0.0275
0 0.55375 0.4975 0.01125 0.02
0 0.53875 0.49375 0.01625 0.0225
0 0.715 0.5475 0.0325 0.03
0 0.68 0.5425 0.0325 0.0275
0 0.64875 0.53875 0.03 0.02875
0 0.6175 0.5325 0.0275 0.02625
0 0.5875 0.52875 0.02375 0.02625
0 0.56 0.525 0.02375 0.025
0 0.78875 0.56125 0.03625 0.03
0 0.75 0.5575 0.03125 0.03
0 0.79 0.53125 0.035 0.03
0 0.75375 0.5275 0.03375 0.02875
0 0.79375 0.5 0.0325 0.02875
0 0.755 0.49625 0.03375 0.03125
0 0.795 0.46625 0.03625 0.03625
0 0.63 0.60125 0.015 0.055
0 0.64625 0.6025 0.015 0.04875
0 0.66375 0.60625 0.015 0.0475
0 0.68875 0.61375 0.01625 0.05375
0 0.7075 0.615 0.01625 0.0525
0 0.725 0.61875 0.01625 0.05875
0 0.5975 0.59375 0.01375 0.045
0 0.74375 0.6225 0.0175 0.0525
0 0.78125 0.63 0.02 0.05375
0 0.51375 0.46375 0.06625 0.02875
0 0.58625 0.47125 0.07375 0.03125
0 0.67125 0.48625 0.085 0.03125
0 0.7275 0.47375 0.0175 0.06125
0 0.7575 0.4625 0.0325 0.035
0 0.7625 0.6275 0.015 0.05375
0 0.17 0.51375 0.00875 0.0375
0 0.1625 0.5125 0.0075 0.0375
0 0.1525 0.51125 0.01 0.03625
0 0.605 0.4025 0.0225 0.0225
0 0.5575 0.4 0.02 0.02375
0 0.5325 0.3975 0.02125 0.02375
0 0.51125 0.39875 0.02 0.02125
0 0.4875 0.39375 0.01875 0.02
0 0.46875 0.39125 0.0175 0.02
0 0.4475 0.39 0.0175 0.01875
0 0.4275 0.38875 0.02 0.02
0 0.40625 0.38625 0.01875 0.02
0 0.3875 0.385 0.01875 0.0225
0 0.36625 0.3825 0.01625 0.02
0 0.34875 0.38 0.0175 0.01875
0 0.33125 0.38 0.01625 0.02
0 0.6875 0.45875 0.0225 0.02
0 0.6875 0.4325 0.02 0.0275
0 0.69 0.4075 0.025 0.02
0 0.69125 0.37875 0.02375 0.025
0 0.36625 0.36 0.0175 0.0225
0 0.385 0.36125 0.01875 0.02
0 0.40625 0.3625 0.02125 0.0225
0 0.42625 0.36625 0.0175 0.02375
0 0.445 0.3675 0.02 0.0225
0 0.46625 0.36875 0.02 0.02125
0 0.6325 0.405 0.02375 0.02625
0 0.48875 0.37 0.02125 0.0225
0 0.5325 0.3725 0.02125 0.02125
0 0.5575 0.37375 0.02 0.02375
0 0.58125 0.375 0.02375 0.02375
0 0.6075 0.3775 0.02375 0.02625
0 0.63375 0.3775 0.025 0.02375
0 0.66 0.37875 0.02625 0.02375
0 0.51 0.3725 0.02125 0.02375
0 0.65875 0.405 0.02625 0.02625
0 0.2225 0.31125 0.015 0.0525
0 0.23875 0.31 0.015 0.055
0 0.25625 0.48 0.0175 0.02125
0 0.275 0.48375 0.01875 0.01875
0 0.2975 0.4875 0.02125 0.0225
0 0.31875 0.48875 0.02 0.02125
0 0.33875 0.4925 0.01875 0.02375
0 0.29625 0.4625 0.02125 0.0225
0 0.23625 0.47625 0.0175 0.0175
0 0.31625 0.46375 0.01625 0.02
0 0.3825 0.4725 0.0225 0.02375
0 0.36 0.495 0.02 0.02125
0 0.3825 0.49875 0.0225 0.0225
0 0.40625 0.4775 0.01875 0.02
0 0.13375 0.50875 0.0075 0.03375
0 0.1425 0.51125 0.00875 0.03625
0 0.36 0.47 0.02 0.025
0 0.32875 0.3575 0.01625 0.0225
0 0.21625 0.475 0.01875 0.02
0 0.18125 0.46875 0.01625 0.01625
0 0.2575 0.31 0.02125 0.05625
0 0.28625 0.31 0.0225 0.05375
0 0.2275 0.36625 0.01625 0.035
0 0.245 0.37125 0.01625 0.04375
0 0.2625 0.37125 0.01375 0.05375
0 0.27875 0.37 0.0175 0.055
0 0.19875 0.47 0.015 0.0175
0 0.175 0.4025 0.01375 0.0225
0 0.195 0.42625 0.01875 0.02
0 0.17875 0.44875 0.015 0.02375
0 0.19625 0.44875 0.01625 0.02125
0 0.215 0.45125 0.0175 0.01875
0 0.23375 0.4525 0.015 0.02125
0 0.25375 0.45625 0.01875 0.0225
0 0.17625 0.425 0.01625 0.02
0 0.46625 0.16625 0.02125 0.025
0 0.58125 0.40125 0.0225 0.0225
0 0.30625 0.055 0.015 0.01875
0 0.4425 0.14 0.02125 0.025
0 0.42 0.145 0.01875 0.02
0 0.405 0.1475 0.00875 0.02375
0 0.4425 0.1675 0.02125 0.02625
0 0.36625 0.15125 0.0175 0.0225
0 0.34875 0.15 0.01625 0.0225
0 0.33 0.155 0.01625 0.02375
0 0.3125 0.15375 0.015 0.0275
0 0.56625 0.1325 0.02875 0.02625
0 0.65125 0.13 0.03 0.025
0 0.6225 0.13125 0.025 0.02875
0 0.59625 0.13125 0.025 0.02875
0 0.68375 0.125 0.0325 0.025
0 0.71375 0.12375 0.02625 0.0275
0 0.7125 0.0975 0.0275 0.02875
0 0.46625 0.13875 0.0225 0.02875
0 0.49125 0.13625 0.0225 0.02875
0 0.515 0.135 0.0225 0.02625
0 0.54 0.1325 0.025 0.025
0 0.3275 0.07625 0.0175 0.025
0 0.345 0.07375 0.015 0.02375
0 0.36375 0.07125 0.0175 0.0225
0 0.38375 0.07 0.02 0.02375
0 0.405 0.0675 0.02125 0.0225
0 0.4275 0.06375 0.02125 0.025
0 0.44875 0.06 0.02125 0.02625
0 0.68125 0.0975 0.0275 0.02625
0 0.46625 0.0575 0.015 0.02125
0 0.51375 0.04875 0.0225 0.02625
0 0.40375 0.1725 0.0075 0.02125
0 0.3875 0.1725 0.02 0.0225
0 0.36875 0.17375 0.0175 0.02125
0 0.35 0.17375 0.01625 0.02125
0 0.33 0.17625 0.01375 0.0175
0 0.31375 0.17625 0.015 0.01625
0 0.48875 0.0525 0.0225 0.02375
0 0.65 0.10125 0.02875 0.03
0 0.6225 0.10125 0.025 0.0275
0 0.5975 0.10125 0.02375 0.0275
0 0.385 0.09625 0.02 0.02125
0 0.36625 0.125 0.0175 0.025
0 0.3475 0.12625 0.01625 0.0225
0 0.33 0.12875 0.01625 0.02375
0 0.31125 0.12875 0.01625 0.02125
0 0.71375 0.06625 0.03125 0.03
0 0.68375 0.06625 0.0275 0.02875
0 0.365 0.0975 0.0175 0.025
0 0.65375 0.07 0.0275 0.02875
0 0.5975 0.07375 0.025 0.02625
0 0.5675 0.0725 0.03 0.025
0 0.54 0.075 0.025 0.02625
0 0.51375 0.07625 0.0225 0.02625
0 0.48875 0.08 0.025 0.025
0 0.465 0.085 0.02 0.02375
0 0.445 0.08875 0.01625 0.02125
0 0.625 0.07125 0.02625 0.0275
0 0.30875 0.07875 0.01625 0.02625
0 0.3475 0.1 0.015 0.02625
0 0.31 0.105 0.01625 0.02375
0 0.565 0.10125 0.02625 0.03125
0 0.53875 0.105 0.02375 0.02625
0 0.51375 0.10625 0.025 0.03
0 0.48875 0.10875 0.02375 0.02625
0 0.46375 0.11 0.02125 0.0275
0 0.4425 0.11375 0.02 0.0225
0 0.425 0.115 0.01 0.02625
0 0.32875 0.1025 0.01875 0.025
0 0.40625 0.12 0.0175 0.02875
0 0.5375 0.045 0.02125 0.02875
0 0.565 0.0425 0.0225 0.02875
0 0.59875 0.04375 0.02625 0.03125
0 0.62625 0.04 0.025 0.0275
0 0.65375 0.0375 0.02625 0.03125
0 0.68375 0.03375 0.0275 0.02875
0 0.71375 0.03 0.03125 0.03
0 0.38625 0.12375 0.02 0.025
0 0.715 0.00625 0.03125 0.0125
0 0.3875 0.14875 0.02375 0.02125
0 0.68375 0.00875 0.03 0.01375
0 0.42125 0.17 0.01875 0.02375
0 0.32375 0.0525 0.01875 0.01875
0 0.36375 0.04625 0.0175 0.02
0 0.3825 0.04375 0.0175 0.02125
0 0.4025 0.04125 0.0225 0.02
0 0.42625 0.03625 0.02 0.02
0 0.44875 0.03375 0.02125 0.02125
0 0.34375 0.04875 0.0175 0.02125
0 0.49625 0.02625 0.0225 0.01875
0 0.47125 0.03 0.0225 0.02
0 0.6275 0.01375 0.0225 0.0225
0 0.59875 0.01375 0.02625 0.02375
0 0.65375 0.01 0.02625 0.0175
0 0.54625 0.0175 0.025 0.02
0 0.52 0.02125 0.02125 0.02
0 0.57125 0.01375 0.02375 0.02125