0 0.20125 0.725 0.03375 0.0625
0 0.16875 0.04625 0.075 0.0625
0 0.185 0.17375 0.045 0.07625
0 0.185 0.23 0.04875 0.03125
0 0.18375 0.275 0.0425 0.04875
0 0.18875 0.315 0.05125 0.025
0 0.1875 0.34125 0.04875 0.0225
0 0.19125 0.36875 0.04375 0.025
0 0.18625 0.39625 0.04375 0.02375
0 0.19875 0.42375 0.0475 0.02875
0 0.19 0.4525 0.045 0.02
0 0.19375 0.48 0.04125 0.02875
0 0.19 0.51 0.04375 0.025
0 0.1925 0.54375 0.04 0.035
0 0.19375 0.57875 0.04 0.02375
0 0.45375 0.25125 0.0675 0.045
0 0.385 0.25375 0.06 0.0375
0 0.31625 0.2525 0.07375 0.03625
0 0.3125 0.215 0.065 0.0325
0 0.245 0.25125 0.0625 0.04
0 0.24125 0.205 0.06 0.04625
0 0.20625 0.9625 0.04625 0.02875
0 0.21 0.93125 0.0425 0.02625
0 0.20375 0.89375 0.04125 0.04
0 0.21 0.855 0.04 0.03125
0 0.20875 0.81625 0.04125 0.03875
0 0.205 0.77625 0.04125 0.0325
0 0.14625 0.24 0.0225 0.06625
0 0.20125 0.67625 0.0425 0.02
0 0.2025 0.65375 0.04 0.0175
0 0.66 0.08 0.06625 0.0425
0 0.16875 0.105 0.07875 0.05
0 0.26 0.03375 0.0575 0.03375
0 0.2575 0.07125 0.06 0.0325
0 0.76375 0.26 0.0225 0.03125
0 0.80375 0.255 0.05375 0.04125
0 0.705 0.2575 0.05625 0.04125
0 0.705 0.2125 0.06125 0.04125
0 0.64375 0.25375 0.06 0.0425
0 0.64 0.2075 0.0575 0.04125
0 0.58375 0.25375 0.05625 0.04125
0 0.5825 0.21 0.05375 0.0425
0 0.5225 0.2525 0.0625 0.0425
0 0.52125 0.20875 0.05875 0.04125
0 0.4575 0.2075 0.06125 0.0375
0 0.255 0.11375 0.06625 0.05
0 0.325 0.06875 0.0625 0.04125
0 0.325 0.1175 0.0625 0.0475
0 0.39125 0.07375 0.0625 0.0475
0 0.395 0.1225 0.0625 0.0475
0 0.4625 0.07625 0.0675 0.045
0 0.46375 0.12125 0.0675 0.04375
0 0.5275 0.0775 0.05625 0.04375
0 0.5275 0.1225 0.0575 0.04375
0 0.59125 0.08 0.06375 0.04125
0 0.59125 0.12375 0.0625 0.04125
0 0.65875 0.125 0.06625 0.04375
0 0.72375 0.12625 0.0625 0.04375
0 0.555 0.48875 0.0875 0.04375
0 0.7825 0.37375 0.08125 0.045
0 0.42375 0.77125 0.06875 0.03875
0 0.42625 0.81375 0.07125 0.04125
0 0.495 0.7675 0.06875 0.0375
0 0.495 0.8075 0.0625 0.0375
0 0.56125 0.76375 0.06125 0.03375
0 0.56625 0.8075 0.06625 0.04375
0 0.6275 0.76125 0.05875 0.03625
0 0.62875 0.80125 0.05625 0.0375
0 0.695 0.7525 0.06 0.01875
0 0.7575 0.75875 0.06 0.035
0 0.69375 0.80625 0.0575 0.04625
0 0.75875 0.80125 0.06 0.045
0 0.69125 0.7725 0.06 0.0175
0 0.75 0.88625 0.0875 0.0625
0 0.66 0.88625 0.08375 0.06375
0 0.58375 0.8975 0.0575 0.0475
0 0.53375 0.8625 0.04 0.0175
0 0.35125 0.81875 0.06625 0.04125
0 0.3525 0.77625 0.07 0.04125
0 0.27625 0.8275 0.07 0.04125
0 0.28 0.78 0.07125 0.04625
0 0.68375 0.43875 0.04375 0.04625
0 0.68125 0.49 0.04375 0.04875
0 0.7275 0.4875 0.0425 0.05
0 0.71875 0.70625 0.0625 0.03875
0 0.655 0.66375 0.05875 0.04125
0 0.65625 0.70625 0.0575 0.03875
0 0.5875 0.66125 0.0675 0.03875
0 0.58875 0.705 0.07 0.04375
0 0.52875 0.9025 0.04875 0.0475
0 0.51625 0.66375 0.07 0.04125
0 0.4375 0.67375 0.08 0.0275
0 0.43875 0.71125 0.07375 0.0425
0 0.3575 0.67125 0.07125 0.04
0 0.3625 0.715 0.0775 0.04
0 0.28125 0.67125 0.07625 0.04125
0 0.28125 0.715 0.07875 0.045
0 0.15125 0.6925 0.0525 0.0725
0 0.15375 0.8075 0.055 0.0825
0 0.515 0.70875 0.07375 0.04125
0 0.46625 0.87 0.07125 0.03625
0 0.465 0.91375 0.07375 0.0425
0 0.39625 0.8725 0.05875 0.03375
0 0.77625 0.66 0.05875 0.04
0 0.7775 0.70375 0.05125 0.03875
0 0.715 0.66375 0.05875 0.03875
0 0.3 0.32125 0.04875 0.05
0 0.355 0.37875 0.05125 0.04
0 0.3525 0.33625 0.0525 0.03875
0 0.405 0.37875 0.045 0.04
0 0.405 0.3375 0.04375 0.04
0 0.78125 0.58625 0.0675 0.06125
0 0.46 0.37625 0.05875 0.04125
0 0.52 0.3775 0.05875 0.04125
0 0.51875 0.335 0.05875 0.04125
0 0.57875 0.3775 0.055 0.0375
0 0.58 0.335 0.05625 0.0425
0 0.6375 0.3775 0.05625 0.04
0 0.63875 0.335 0.05375 0.0375
0 0.70375 0.375 0.0725 0.05
0 0.70625 0.3225 0.07375 0.05
0 0.20375 0.62 0.04 0.04625
0 0.78875 0.325 0.0825 0.04625
0 0.705 0.59 0.08125 0.06375
0 0.4725 0.59875 0.085 0.0525
0 0.3975 0.9125 0.055 0.03875
0 0.335 0.875 0.05875 0.03
0 0.33625 0.915 0.06 0.04375
0 0.2725 0.88125 0.06125 0.0225
0 0.2725 0.9175 0.06125 0.04375
0 0.45875 0.43875 0.09375 0.0475
0 0.36125 0.485 0.0725 0.0725
0 0.27125 0.47625 0.08875 0.08375
0 0.56875 0.59625 0.0975 0.055
0 0.3 0.37375 0.04875 0.05
0 0.24875 0.32 0.04875 0.05125
0 0.72875 0.43875 0.03875 0.04375
0 0.77 0.4375 0.0375 0.045
0 0.77 0.4875 0.03625 0.05125
0 0.80875 0.44125 0.0325 0.05375
0 0.81 0.49125 0.03625 0.04125
0 0.2925 0.59875 0.09125 0.06125
0 0.385 0.60125 0.08375 0.05625
0 0.24875 0.3725 0.05125 0.05
0 0.4575 0.33375 0.05875 0.04125
0 0.4575 0.49 0.1 0.0475
0 0.55625 0.4425 0.0875 0.04375