0 0.515 0.70125 0.02375 0.08125
0 0.56375 0.69875 0.02875 0.0825
0 0.4575 0.70375 0.025 0.07625
0 0.48625 0.70375 0.03 0.07625
0 0.25 0.37875 0.04 0.0575
0 0.3025 0.26875 0.04 0.0775
0 0.8625 0.37125 0.02375 0.06625
0 0.82625 0.48125 0.05 0.07125
0 0.86375 0.48125 0.02125 0.06625
0 0.78125 0.48125 0.03375 0.06875
0 0.74 0.4825 0.04125 0.06875
0 0.60625 0.47125 0.04875 0.09625
0 0.55875 0.48625 0.0375 0.06375
0 0.51 0.47375 0.05125 0.09625
0 0.15 0.44125 0.05 0.055
0 0.21125 0.47625 0.05125 0.09
0 0.26125 0.485 0.04125 0.07375
0 0.30625 0.49 0.04 0.06375
0 0.35 0.47625 0.04625 0.09
0 0.41125 0.47625 0.05125 0.08875
0 0.26 0.26625 0.04 0.07375
0 0.46125 0.4875 0.04125 0.065
0 0.23375 0.605 0.02875 0.065
0 0.26375 0.595 0.025 0.0825
0 0.29625 0.59 0.0325 0.08875
0 0.33625 0.59375 0.04 0.08125
0 0.60875 0.3725 0.0375 0.0625
0 0.565 0.375 0.03875 0.06625
0 0.5225 0.365 0.04 0.085
0 0.47375 0.3625 0.05 0.0925
0 0.43 0.3725 0.03625 0.0725
0 0.38375 0.3625 0.05125 0.0925
0 0.33875 0.3725 0.035 0.07125
0 0.29375 0.36375 0.04375 0.09375
0 0.43125 0.7025 0.02125 0.08125
0 0.2 0.3625 0.05125 0.09125
0 0.20125 0.605 0.0275 0.0625
0 0.4075 0.705 0.0225 0.0825
0 0.225 0.70375 0.0225 0.0925
0 0.33 0.70875 0.02625 0.08
0 0.66 0.1775 0.0375 0.0275
0 0.6125 0.16375 0.0325 0.0625
0 0.58125 0.16875 0.0275 0.0475
0 0.55125 0.1725 0.02125 0.04
0 0.56875 0.13125 0.0375 0.015
0 0.5225 0.16375 0.0325 0.05875
0 0.18875 0.1425 0.03375 0.0925
0 0.225 0.13875 0.0325 0.1
0 0.27125 0.14125 0.05 0.095
0 0.31875 0.1575 0.02625 0.07
0 0.34625 0.16 0.02375 0.06625
0 0.3775 0.15 0.03 0.08125
0 0.42875 0.155 0.02625 0.075
0 0.46625 0.15875 0.03 0.06875
0 0.4925 0.16125 0.0225 0.06375
0 0.40375 0.15 0.01875 0.08
0 0.7125 0.21875 0.0375 0.02875
0 0.22 0.27 0.03625 0.0625
0 0.17125 0.26875 0.04 0.0675
0 0.3675 0.26625 0.04375 0.07875
0 0.44125 0.2675 0.0375 0.07
0 0.495 0.27 0.02625 0.07125
0 0.5275 0.26375 0.0375 0.0825
0 0.72125 0.15875 0.0275 0.06875
0 0.57 0.265 0.03625 0.08
0 0.6575 0.26375 0.04625 0.07625
0 0.86 0.26625 0.02875 0.06625
0 0.825 0.265 0.0325 0.07875
0 0.7875 0.26375 0.03625 0.0825
0 0.74125 0.27 0.03 0.06875
0 0.705 0.27125 0.03875 0.0675
0 0.61 0.26875 0.03625 0.0725
0 0.75375 0.185 0.03375 0.01875
0 0.75625 0.16125 0.035 0.02125
0 0.795 0.16 0.035 0.02125
0 0.7375 0.78375 0.0275 0.0575
0 0.69625 0.79125 0.04125 0.0425
0 0.58125 0.7875 0.03125 0.05625
0 0.61375 0.79 0.0225 0.04625
0 0.63625 0.79 0.02 0.04625
0 0.66125 0.79125 0.02 0.05
0 0.76875 0.7825 0.03 0.0575
0 0.145 0.6325 0.025 0.08125
0 0.14 0.71875 0.02125 0.065
0 0.16625 0.71875 0.02625 0.0675
0 0.2 0.705 0.0225 0.09125
0 0.25 0.7025 0.0225 0.09
0 0.27375 0.70125 0.0225 0.09125
0 0.3 0.70625 0.02625 0.07625
0 0.1725 0.6325 0.02375 0.08
0 0.37875 0.70625 0.02375 0.08375
0 0.80875 0.7775 0.0425 0.06125
0 0.7025 0.6975 0.07125 0.06625
0 0.79375 0.18375 0.03375 0.02125
0 0.8375 0.18 0.04625 0.0225
0 0.38 0.5925 0.04125 0.0825
0 0.43125 0.59 0.05625 0.0875
0 0.525 0.59125 0.045 0.07875
0 0.575 0.5925 0.04375 0.0775
0 0.84375 0.78125 0.0225 0.06125
0 0.61875 0.59 0.03875 0.07625
0 0.78 0.57875 0.05 0.09625
0 0.82625 0.58875 0.035 0.07
0 0.86125 0.58 0.0275 0.0925
0 0.8125 0.6925 0.0525 0.0725
0 0.86 0.685 0.03125 0.07125
0 0.765 0.6975 0.025 0.0575
0 0.7325 0.58125 0.03125 0.08875
0 0.15625 0.16625 0.02625 0.0425
0 0.82625 0.37125 0.04375 0.06625
0 0.50125 0.78875 0.04625 0.06
0 0.6825 0.8875 0.03125 0.0925
0 0.715 0.88375 0.03 0.095
0 0.85 0.88625 0.0375 0.08625
0 0.8125 0.885 0.03375 0.08375
0 0.78 0.885 0.0275 0.08625
0 0.73125 0.375 0.03375 0.065
0 0.5375 0.695 0.015 0.075
0 0.64875 0.88875 0.03375 0.09625
0 0.595 0.69375 0.03125 0.0875
0 0.1625 0.80375 0.07375 0.0525
0 0.2225 0.80125 0.0425 0.0575
0 0.28875 0.79875 0.08125 0.05625
0 0.3575 0.79375 0.045 0.06
0 0.40625 0.7925 0.045 0.06
0 0.45375 0.79 0.04625 0.06
0 0.14 0.9075 0.03 0.09875
0 0.6275 0.69375 0.0275 0.08875
0 0.615 0.88875 0.0275 0.095
0 0.7475 0.885 0.03 0.09375
0 0.5425 0.90125 0.02875 0.075
0 0.50375 0.9025 0.02375 0.0775
0 0.47625 0.90875 0.02875 0.08
0 0.43625 0.89 0.02 0.07625
0 0.2325 0.905 0.035 0.0975
0 0.41375 0.90125 0.0225 0.07875
0 0.385 0.90875 0.03 0.08
0 0.35125 0.8975 0.03 0.07125
0 0.28 0.9025 0.03375 0.1
0 0.17625 0.90625 0.0375 0.09875
0 0.57625 0.905 0.03 0.07625
0 0.31625 0.91125 0.03 0.07875