0 0.86875 0.5525 0.0125 0.065
0 0.1325 0.79125 0.015 0.095
0 0.16625 0.78625 0.04125 0.10125
0 0.20875 0.77625 0.03625 0.085
0 0.2525 0.77 0.0425 0.0925
0 0.70875 0.25375 0.02625 0.055
0 0.29625 0.76125 0.03875 0.08375
0 0.335 0.75625 0.03625 0.09375
0 0.37625 0.75 0.0375 0.0725
0 0.865 0.67375 0.015 0.0525
0 0.585 0.4675 0.0225 0.06625
0 0.8525 0.55125 0.01625 0.06375
0 0.845 0.6725 0.0225 0.05
0 0.63 0.70625 0.03625 0.05875
0 0.79875 0.6825 0.02625 0.06
0 0.70625 0.695 0.03 0.0575
0 0.61125 0.46875 0.02625 0.06875
0 0.775 0.56 0.01875 0.0675
0 0.51125 0.73375 0.02625 0.0575
0 0.4775 0.7325 0.03625 0.075
0 0.4125 0.745 0.03375 0.0825
0 0.5575 0.47 0.02875 0.0725
0 0.5275 0.475 0.02125 0.0775
0 0.50125 0.475 0.0275 0.07375
0 0.4725 0.47625 0.02625 0.07625
0 0.44125 0.4775 0.03 0.07375
0 0.7325 0.25375 0.02 0.05625
0 0.40875 0.47375 0.03125 0.075
0 0.63625 0.46875 0.02 0.06875
0 0.68375 0.46375 0.02125 0.07
0 0.75375 0.56125 0.02 0.07
0 0.73375 0.56375 0.0175 0.07625
0 0.71 0.56375 0.0275 0.075
0 0.6825 0.56375 0.02625 0.07875
0 0.6575 0.56875 0.02 0.0775
0 0.635 0.56625 0.02125 0.08125
0 0.60875 0.56875 0.02875 0.08625
0 0.58 0.57 0.02375 0.085
0 0.55375 0.5725 0.0275 0.09125
0 0.5275 0.57875 0.02375 0.08
0 0.5 0.58375 0.02625 0.08375
0 0.4725 0.585 0.02625 0.08375
0 0.445 0.58875 0.02625 0.09125
0 0.41875 0.59 0.02375 0.08625
0 0.39 0.59 0.02875 0.09625
0 0.36125 0.59375 0.02875 0.10125
0 0.33 0.6 0.03 0.1
0 0.7025 0.47 0.015 0.05375
0 0.72875 0.46875 0.02125 0.0525
0 0.7525 0.46875 0.02 0.0525
0 0.7725 0.47 0.015 0.05375
0 0.79125 0.46875 0.0175 0.05375
0 0.8075 0.4525 0.015 0.0675
0 0.66125 0.465 0.02125 0.07
0 0.83 0.45375 0.02125 0.0725
0 0.8675 0.45125 0.015 0.0725
0 0.13625 0.6325 0.0225 0.07375
0 0.20125 0.615 0.03625 0.105
0 0.23625 0.61125 0.03375 0.09625
0 0.27 0.61 0.0325 0.0975
0 0.3 0.60125 0.02625 0.1
0 0.85125 0.45375 0.015 0.06875
0 0.38125 0.475 0.02 0.0725
0 0.8225 0.68125 0.01875 0.05625
0 0.32 0.48125 0.03125 0.08
0 0.3125 0.35 0.02875 0.085
0 0.24125 0.35 0.03625 0.08625
0 0.2025 0.34875 0.0375 0.0875
0 0.165 0.34875 0.03 0.08625
0 0.555 0.23 0.02625 0.09375
0 0.52625 0.22625 0.02875 0.095
0 0.49625 0.225 0.02875 0.09375
0 0.46375 0.22375 0.03125 0.0975
0 0.435 0.22125 0.02375 0.0925
0 0.40625 0.21875 0.0325 0.09875
0 0.3725 0.2175 0.03125 0.0975
0 0.335 0.21375 0.03375 0.10125
0 0.30375 0.21 0.0275 0.0975
0 0.27 0.20625 0.0375 0.1075
0 0.2325 0.205 0.03125 0.105
0 0.195 0.2 0.0375 0.11125
0 0.1525 0.19625 0.03875 0.11
0 0.795 0.55875 0.01625 0.07125
0 0.8125 0.55625 0.02 0.06625
0 0.83375 0.55625 0.01875 0.07
0 0.7525 0.26 0.01375 0.05125
0 0.77125 0.2575 0.0175 0.055
0 0.79125 0.2575 0.0175 0.055
0 0.81625 0.25875 0.02625 0.055
0 0.8375 0.26125 0.015 0.05125
0 0.85875 0.265 0.02 0.045
0 0.35375 0.48 0.03125 0.08375
0 0.34875 0.34875 0.03375 0.08875
0 0.385 0.35125 0.03 0.07875
0 0.2775 0.35 0.035 0.08625
0 0.44625 0.3525 0.0275 0.07875
0 0.28125 0.48375 0.03625 0.08125
0 0.24375 0.48125 0.02875 0.0875
0 0.21 0.48375 0.0325 0.0825
0 0.1775 0.485 0.03 0.0875
0 0.1425 0.48875 0.03375 0.09125
0 0.85625 0.355 0.02375 0.06375
0 0.6625 0.2375 0.0225 0.085
0 0.635 0.23375 0.02625 0.0875
0 0.61 0.23125 0.02375 0.09
0 0.4175 0.3525 0.03 0.07875
0 0.83375 0.355 0.0175 0.065
0 0.81 0.355 0.02125 0.065
0 0.785 0.35625 0.02375 0.06125
0 0.5825 0.2325 0.02625 0.08875
0 0.73875 0.355 0.02125 0.06625
0 0.4775 0.3525 0.02625 0.08
0 0.50625 0.35375 0.0275 0.0775
0 0.76125 0.3575 0.02125 0.0625
0 0.5675 0.35125 0.02875 0.075
0 0.59375 0.35125 0.0225 0.07375
0 0.53625 0.35375 0.02875 0.07625
0 0.62 0.3525 0.02875 0.0725
0 0.645 0.35125 0.02 0.075
0 0.67 0.3525 0.025 0.0725
0 0.69375 0.3525 0.02 0.075
0 0.71625 0.35625 0.02 0.06875
0 0.13625 0.3475 0.02125 0.0875