0 0.43 0.5175 0.045 0.0675
0 0.15375 0.535 0.0325 0.04625
0 0.2825 0.4825 0.03375 0.03125
0 0.2275 0.53625 0.04 0.04125
0 0.32625 0.48375 0.045 0.045
0 0.37625 0.485 0.055 0.04375
0 0.32625 0.5275 0.04625 0.04
0 0.375 0.52875 0.05 0.0375
0 0.18875 0.5375 0.03625 0.0425
0 0.2375 0.6075 0.03375 0.0675
0 0.53375 0.52375 0.0475 0.0675
0 0.585 0.5375 0.04875 0.05875
0 0.62875 0.5225 0.03625 0.04375
0 0.68375 0.54125 0.0525 0.05125
0 0.735 0.54125 0.05 0.0525
0 0.7725 0.5125 0.02625 0.035
0 0.805 0.51125 0.03875 0.03625
0 0.2 0.60625 0.03875 0.07
0 0.27625 0.61 0.03875 0.07
0 0.39 0.63 0.035 0.04375
0 0.285 0.4475 0.0375 0.03875
0 0.48125 0.52375 0.055 0.06875
0 0.24875 0.44625 0.02875 0.03625
0 0.33 0.4075 0.0525 0.0725
0 0.21625 0.47 0.0325 0.0475
0 0.69625 0.2625 0.055 0.04875
0 0.7525 0.26625 0.04625 0.05375
0 0.805 0.27 0.06 0.045
0 0.85625 0.27375 0.0375 0.04625
0 0.42375 0.63 0.03 0.045
0 0.38375 0.40625 0.055 0.07375
0 0.43875 0.40875 0.0525 0.08
0 0.34375 0.325 0.0525 0.0725
0 0.39625 0.325 0.04375 0.0725
0 0.4425 0.33125 0.045 0.0775
0 0.49375 0.34125 0.0525 0.085
0 0.49375 0.41875 0.05375 0.07
0 0.55 0.37375 0.05375 0.05
0 0.54625 0.42625 0.0475 0.05
0 0.59625 0.4275 0.0525 0.04625
0 0.64625 0.42875 0.045 0.0475
0 0.65125 0.375 0.055 0.05125
0 0.7025 0.38 0.04125 0.05
0 0.7025 0.4325 0.0575 0.04875
0 0.7625 0.44 0.05875 0.035
0 0.7625 0.39625 0.06 0.05125
0 0.8325 0.38625 0.06625 0.055
0 0.8225 0.4425 0.0575 0.05
0 0.2475 0.47875 0.02875 0.03
0 0.455 0.6325 0.03 0.0475
0 0.6475 0.2075 0.0475 0.05875
0 0.52125 0.5925 0.03375 0.04625
0 0.14125 0.35875 0.03 0.08875
0 0.29125 0.34875 0.03625 0.04375
0 0.28875 0.2975 0.0425 0.0425
0 0.645 0.26 0.04625 0.05375
0 0.28875 0.245 0.03375 0.04375
0 0.22 0.2625 0.0425 0.09
0 0.14 0.26 0.03125 0.08875
0 0.17875 0.2775 0.03375 0.055
0 0.24125 0.16875 0.03375 0.07875
0 0.20625 0.17 0.0325 0.0775
0 0.18 0.36125 0.0425 0.0925
0 0.16875 0.17125 0.0375 0.06625
0 0.76 0.1375 0.05625 0.055
0 0.7625 0.0775 0.065 0.06375
0 0.69875 0.1275 0.0575 0.0625
0 0.6475 0.12125 0.0425 0.07
0 0.59625 0.10125 0.055 0.1
0 0.53875 0.12125 0.05 0.06
0 0.48625 0.1025 0.045 0.0875
0 0.43375 0.1075 0.0475 0.085
0 0.255 0.08875 0.1075 0.04875
0 0.1675 0.07625 0.065 0.0725
0 0.825 0.13875 0.0725 0.05375
0 0.48375 0.63125 0.02625 0.04875
0 0.2225 0.3625 0.04375 0.09
0 0.37625 0.1925 0.0525 0.05
0 0.51625 0.63875 0.035 0.04
0 0.54875 0.6375 0.0275 0.04375
0 0.5775 0.64 0.03 0.05
0 0.61 0.62875 0.03125 0.0475
0 0.63875 0.6275 0.025 0.04625
0 0.67125 0.64625 0.03375 0.05375
0 0.705 0.64625 0.03125 0.05375
0 0.735 0.6475 0.03125 0.05625
0 0.795 0.635 0.0325 0.08625
0 0.83875 0.665 0.0475 0.025
0 0.32125 0.19375 0.055 0.05
0 0.83875 0.63625 0.0475 0.03125
0 0.5375 0.2575 0.04375 0.05375
0 0.485 0.25375 0.06 0.0475
0 0.42875 0.25375 0.05 0.05
0 0.375 0.2475 0.0525 0.05
0 0.3275 0.24625 0.04125 0.05125
0 0.70375 0.21 0.06375 0.055
0 0.59375 0.20625 0.05875 0.055
0 0.53875 0.2025 0.05125 0.06
0 0.485 0.20125 0.055 0.05375
0 0.43 0.1975 0.05375 0.05875
0 0.4075 0.57625 0.04375 0.0375
0 0.59125 0.25875 0.06125 0.05125