0 0.61625 0.73375 0.0375 0.12
0 0.81125 0.5925 0.03625 0.10375
0 0.56875 0.77 0.04625 0.04875
0 0.57125 0.71625 0.04375 0.05375
0 0.5025 0.73375 0.04625 0.11125
0 0.43625 0.725 0.0275 0.10625
0 0.4025 0.73 0.03125 0.115
0 0.37125 0.73 0.03 0.11375
0 0.6625 0.745 0.04625 0.095
0 0.705 0.75 0.03875 0.085
0 0.24625 0.7275 0.0275 0.1125
0 0.2125 0.72625 0.03125 0.11125
0 0.18375 0.725 0.0275 0.1125
0 0.96125 0.61625 0.0425 0.0775
0 0.90875 0.60375 0.0575 0.10125
0 0.85 0.62375 0.0375 0.0625
0 0.31375 0.72 0.02125 0.1025
0 0.3425 0.725 0.02375 0.10625
0 0.275 0.7275 0.03 0.11375
0 0.53375 0.70625 0.0125 0.065
0 0.95125 0.9075 0.06875 0.185
0 0.875 0.90875 0.07125 0.18125
0 0.805 0.90875 0.05625 0.1825
0 0.74 0.90625 0.0575 0.18
0 0.6775 0.90875 0.06375 0.1825
0 0.60375 0.90875 0.06625 0.18125
0 0.5375 0.91 0.0575 0.17875
0 0.385 0.42875 0.03 0.0975
0 0.47125 0.90875 0.06125 0.18125
0 0.335 0.93 0.06375 0.13875
0 0.26375 0.9225 0.07625 0.15375
0 0.18125 0.91625 0.0675 0.16625
0 0.97 0.77375 0.055 0.0525
0 0.87375 0.765 0.04375 0.05
0 0.81625 0.75 0.06375 0.0825
0 0.73625 0.705 0.025 0.05875
0 0.4 0.91 0.065 0.18
0 0.7675 0.5925 0.04375 0.1025
0 0.4225 0.42875 0.04125 0.09625
0 0.51875 0.43125 0.02 0.10625
0 0.46875 0.71 0.0175 0.07625
0 0.985 0.45125 0.02875 0.09375
0 0.94875 0.45875 0.0325 0.09375
0 0.91 0.4525 0.03 0.08625
0 0.885 0.4525 0.01875 0.09
0 0.85625 0.44625 0.03375 0.095
0 0.82625 0.44625 0.02375 0.09625
0 0.46125 0.43125 0.03125 0.1025
0 0.795 0.4475 0.03625 0.0975
0 0.7225 0.44375 0.0375 0.1
0 0.68125 0.44875 0.02625 0.0925
0 0.6525 0.43625 0.025 0.115
0 0.6275 0.43625 0.02 0.115
0 0.60125 0.43375 0.0275 0.10625
0 0.57375 0.43625 0.0275 0.11
0 0.54125 0.43625 0.0225 0.095
0 0.75875 0.4475 0.03375 0.1
0 0.70875 0.59375 0.05875 0.105
0 0.04625 0.1275 0.05 0.145
0 0.64 0.58375 0.03125 0.12625
0 0.87875 0.1 0.05875 0.09625
0 0.93375 0.11625 0.04375 0.06125
0 0.99 0.08125 0.02 0.145
0 0.09875 0.13125 0.045 0.1525
0 0.01625 0.31625 0.0325 0.14
0 0.07 0.30875 0.0575 0.14
0 0.12 0.31 0.03375 0.12875
0 0.2025 0.24125 0.0225 0.12375
0 0.23375 0.24875 0.04 0.1275
0 0.2725 0.2525 0.035 0.1175
0 0.31375 0.25125 0.03625 0.12375
0 0.37 0.2925 0.0725 0.04375
0 0.44375 0.2925 0.0625 0.04375
0 0.50625 0.2975 0.0625 0.03625
0 0.385 0.25 0.06 0.0325
0 0.81875 0.08625 0.05375 0.11625
0 0.44375 0.2525 0.05625 0.0275
0 0.77 0.08625 0.04 0.11125
0 0.6975 0.095 0.0325 0.0825
0 0.50875 0.07875 0.0325 0.0975
0 0.4775 0.07875 0.02875 0.095
0 0.45 0.075 0.0225 0.1
0 0.42 0.07625 0.035 0.1
0 0.38625 0.07375 0.0325 0.10625
0 0.34625 0.06875 0.035 0.1
0 0.30625 0.065 0.04125 0.1075
0 0.265 0.06375 0.035 0.1025
0 0.22625 0.06 0.04 0.115
0 0.18625 0.05875 0.03125 0.11125
0 0.15125 0.0575 0.04 0.11125
0 0.54625 0.0775 0.0375 0.09625
0 0.58875 0.0775 0.035 0.11625
0 0.63 0.0775 0.0375 0.11375
0 0.665 0.07875 0.03125 0.1175
0 0.73125 0.09875 0.03125 0.08875
0 0.50125 0.25375 0.0575 0.035
0 0.16 0.2625 0.045 0.08375
0 0.5625 0.2975 0.05 0.04875
0 0.0775 0.92 0.1125 0.1525
0 0.17375 0.5925 0.04375 0.08875
0 0.215 0.57625 0.03375 0.1225
0 0.25125 0.57375 0.035 0.12375
0 0.28875 0.575 0.0375 0.125
0 0.56125 0.23625 0.05125 0.06625
0 0.3225 0.57125 0.02625 0.1225
0 0.11375 0.6825 0.04875 0.13375
0 0.35125 0.58125 0.0275 0.12
0 0.4225 0.5925 0.035 0.09375
0 0.455 0.58375 0.03125 0.11
0 0.48625 0.58625 0.02875 0.115
0 0.5125 0.58125 0.0175 0.10125
0 0.5325 0.58625 0.0225 0.1125
0 0.56875 0.5775 0.03 0.115
0 0.6025 0.58875 0.035 0.10625
0 0.38125 0.58625 0.0275 0.11
0 0.06625 0.6775 0.03875 0.115
0 0.6675 0.60875 0.02375 0.075
0 0.11875 0.52 0.05125 0.11375
0 0.85625 0.28 0.03 0.10125
0 0.74625 0.2725 0.03 0.0975
0 0.88875 0.2825 0.03 0.0975
0 0.025 0.6625 0.04 0.09875
0 0.715 0.26875 0.0275 0.1075
0 0.6775 0.265 0.03625 0.1025
0 0.64375 0.26875 0.02875 0.105
0 0.60875 0.26375 0.0375 0.11375
0 0.8225 0.275 0.03625 0.1
0 0.785 0.27375 0.03625 0.1025
0 0.9575 0.2625 0.085 0.14875
0 0.17125 0.425 0.03625 0.1
0 0.2175 0.4225 0.03125 0.1175
0 0.25375 0.4275 0.04 0.1025
0 0.01 0.52 0.02 0.1375
0 0.055 0.52875 0.0625 0.14875