0 0.27375 0.3275 0.0375 0.035
0 0.26375 0.43375 0.04625 0.02875
0 0.31 0.4325 0.0425 0.02875
0 0.35375 0.43125 0.045 0.0275
0 0.64625 0.3775 0.05 0.0225
0 0.70375 0.3775 0.05875 0.025
0 0.76625 0.37625 0.06375 0.02125
0 0.65125 0.41625 0.0575 0.05125
0 0.71125 0.41625 0.06 0.05125
0 0.77375 0.41625 0.06375 0.055
0 0.13375 0.5 0.01625 0.03125
0 0.135 0.5325 0.01875 0.02875
0 0.16875 0.53125 0.04 0.0325
0 0.165 0.4975 0.045 0.0325
0 0.21 0.49625 0.035 0.03375
0 0.25125 0.495 0.0425 0.03625
0 0.21 0.53 0.04 0.0275
0 0.2525 0.53 0.03875 0.03125
0 0.8325 0.46625 0.07125 0.04
0 0.75 0.51375 0.0575 0.04625
0 0.695 0.51875 0.05 0.03875
0 0.64 0.52125 0.05125 0.0375
0 0.58625 0.51875 0.04625 0.0375
0 0.69875 0.4825 0.0525 0.03
0 0.22 0.435 0.04125 0.03125
0 0.64375 0.48375 0.05625 0.03125
0 0.52125 0.525 0.0775 0.03
0 0.4425 0.52625 0.08 0.03
0 0.5175 0.49125 0.075 0.0325
0 0.44 0.49125 0.07875 0.0325
0 0.37 0.5075 0.055 0.0675
0 0.3075 0.51 0.06375 0.065
0 0.5875 0.48375 0.05 0.0325
0 0.175 0.43625 0.04125 0.02875
0 0.59 0.39375 0.05875 0.04
0 0.59 0.43 0.0575 0.03125
0 0.6025 0.32 0.06125 0.04375
0 0.795 0.275 0.05625 0.0425
0 0.735 0.27625 0.06125 0.04
0 0.6725 0.27625 0.06375 0.0375
0 0.60625 0.27625 0.0625 0.0375
0 0.54875 0.32625 0.04 0.035
0 0.665 0.32 0.06 0.04375
0 0.5075 0.32625 0.04125 0.03375
0 0.435 0.345 0.035 0.07125
0 0.5525 0.28625 0.04 0.0425
0 0.51 0.28625 0.04125 0.04125
0 0.47125 0.2875 0.0375 0.0425
0 0.42375 0.2875 0.04375 0.04125
0 0.38875 0.32625 0.0325 0.035
0 0.4725 0.3275 0.03 0.0325
0 0.83375 0.52375 0.0775 0.0525
0 0.72625 0.32 0.0575 0.04375
0 0.84375 0.35125 0.05375 0.045
0 0.52875 0.4325 0.06375 0.0275
0 0.46875 0.43125 0.055 0.0275
0 0.40875 0.43375 0.06 0.0275
0 0.53 0.3975 0.06 0.03875
0 0.46875 0.39875 0.05625 0.03625
0 0.40875 0.39875 0.0625 0.0375
0 0.78625 0.32 0.06 0.045
0 0.35625 0.395 0.04125 0.04
0 0.2675 0.3975 0.0425 0.04
0 0.2225 0.39875 0.045 0.03875
0 0.17625 0.39875 0.04375 0.03875
0 0.13625 0.435 0.0225 0.03
0 0.13875 0.39625 0.02625 0.04375
0 0.84375 0.3975 0.05625 0.04375
0 0.3125 0.39625 0.045 0.04125
0 0.35375 0.3275 0.03625 0.035
0 0.1375 0.5925 0.02375 0.02875
0 0.16375 0.6225 0.035 0.0275
0 0.575 0.6725 0.0425 0.04125
0 0.61875 0.6725 0.0425 0.04
0 0.66625 0.67125 0.04625 0.03875
0 0.71375 0.67 0.0475 0.04
0 0.76375 0.6725 0.04875 0.045
0 0.20625 0.73875 0.06625 0.03125
0 0.21125 0.77625 0.06875 0.02375
0 0.27875 0.77 0.0625 0.04
0 0.34875 0.775 0.0675 0.0275
0 0.34625 0.73875 0.06625 0.03625
0 0.41625 0.74 0.06375 0.0375
0 0.4175 0.77625 0.06625 0.02875
0 0.47375 0.77625 0.0425 0.02625
0 0.47375 0.74125 0.03875 0.03875
0 0.51375 0.73875 0.04 0.0375
0 0.515 0.77375 0.04 0.02875
0 0.55625 0.725 0.04375 0.0225
0 0.855 0.76 0.04 0.04
0 0.81125 0.75875 0.0475 0.04
0 0.85625 0.71625 0.0375 0.04125
0 0.8125 0.715 0.05 0.0375
0 0.75375 0.76625 0.0525 0.03375
0 0.75625 0.73 0.05625 0.035
0 0.53125 0.675 0.04125 0.04
0 0.70125 0.7325 0.05125 0.0375
0 0.6475 0.7625 0.04875 0.0425
0 0.64625 0.7275 0.05125 0.0275
0 0.5575 0.74875 0.04125 0.02125
0 0.5575 0.775 0.04125 0.02625
0 0.59875 0.7725 0.04 0.03
0 0.59875 0.73875 0.03875 0.03625
0 0.70125 0.7675 0.0525 0.03125
0 0.49 0.6825 0.04125 0.025
0 0.48625 0.6625 0.04125 0.01375
0 0.43 0.675 0.04375 0.0375
0 0.53375 0.57625 0.0525 0.02625
0 0.48 0.6175 0.06125 0.025
0 0.41875 0.61875 0.06 0.02875
0 0.35375 0.6175 0.05125 0.03125
0 0.2975 0.6175 0.0575 0.0275
0 0.47625 0.585 0.05875 0.0375
0 0.59 0.5775 0.0575 0.0275
0 0.4125 0.58625 0.0625 0.0375
0 0.2925 0.58375 0.05875 0.0325
0 0.24375 0.6175 0.0425 0.02875
0 0.2025 0.62125 0.03625 0.0275
0 0.24125 0.5875 0.03875 0.0275
0 0.20375 0.59 0.035 0.03125
0 0.1675 0.59125 0.035 0.03
0 0.35125 0.58375 0.0575 0.03375
0 0.135 0.6225 0.02 0.02875
0 0.64375 0.5725 0.05 0.0225
0 0.5925 0.61 0.055 0.035
0 0.37625 0.68125 0.04125 0.0375
0 0.34 0.68125 0.03125 0.03625
0 0.29875 0.68375 0.05125 0.04125
0 0.24625 0.685 0.0525 0.03875
0 0.19375 0.68625 0.04375 0.045
0 0.14875 0.68875 0.04625 0.04125
0 0.53875 0.61 0.05 0.03625
0 0.86 0.6525 0.02875 0.03
0 0.8175 0.645 0.05625 0.0425
0 0.81875 0.5975 0.0575 0.04875
0 0.7625 0.605 0.05375 0.03875
0 0.76125 0.57375 0.05375 0.025
0 0.70625 0.60375 0.05 0.0425
0 0.65125 0.60625 0.0525 0.0375
0 0.86125 0.61625 0.025 0.03875
0 0.31375 0.3275 0.04125 0.035
0 0.855 0.20125 0.04 0.0425
0 0.3325 0.28625 0.03875 0.04125
0 0.85375 0.24375 0.04 0.04
0 0.85375 0.15875 0.04125 0.04125
0 0.8 0.13625 0.05625 0.02
0 0.80125 0.2125 0.06375 0.0375
0 0.74625 0.21375 0.045 0.035
0 0.695 0.215 0.055 0.03875
0 0.6375 0.215 0.05375 0.04
0 0.805 0.17 0.05 0.0425
0 0.75 0.17 0.05375 0.045
0 0.6925 0.17125 0.0575 0.045
0 0.63125 0.17125 0.065 0.04375
0 0.51 0.1925 0.05375 0.0225
0 0.575 0.22125 0.0675 0.02625
0 0.50875 0.22 0.06375 0.03
0 0.15 0.3125 0.05 0.0725
0 0.45375 0.21875 0.03875 0.03125
0 0.37625 0.21875 0.035 0.035
0 0.4575 0.1825 0.04625 0.035
0 0.415 0.18375 0.03625 0.03375
0 0.37625 0.1825 0.03875 0.035
0 0.335 0.18125 0.04 0.03375
0 0.1425 0.205 0.035 0.06125
0 0.275 0.2025 0.0775 0.05625
0 0.19875 0.2025 0.07125 0.0625
0 0.42375 0.15 0.04375 0.0275
0 0.38375 0.15 0.03375 0.0275
0 0.35 0.15125 0.0325 0.025
0 0.2725 0.15375 0.08125 0.03625
0 0.2 0.1375 0.05625 0.06
0 0.14875 0.15375 0.04625 0.0325
0 0.41375 0.2175 0.0375 0.0325
0 0.2125 0.32625 0.075 0.04375
0 0.335 0.2175 0.03875 0.03375
0 0.29375 0.28625 0.0375 0.04
0 0.2325 0.28125 0.06875 0.04375