0 0.5975 0.475 0.11625 0.0125
0 0.84125 0.9125 0.0625 0.025
0 0.8425 0.9375 0.0625 0.02
0 0.735 0.84875 0.13 0.025
0 0.73875 0.8775 0.13125 0.02625
0 0.73875 0.9075 0.1275 0.025
0 0.84375 0.88375 0.0625 0.02625
0 0.84375 0.85375 0.0625 0.03
0 0.36125 0.2475 0.13625 0.01125
0 0.19375 0.705 0.10625 0.02375
0 0.83375 0.70875 0.08125 0.0275
0 0.8325 0.74 0.08375 0.02625
0 0.8325 0.76625 0.085 0.02
0 0.70875 0.70375 0.10625 0.02625
0 0.70875 0.745 0.125 0.03125
0 0.5825 0.70375 0.12625 0.02125
0 0.5825 0.7325 0.12375 0.03125
0 0.31875 0.76125 0.10875 0.0225
0 0.57875 0.76375 0.1225 0.0275
0 0.44625 0.7075 0.1175 0.02375
0 0.44625 0.73625 0.12 0.02875
0 0.19125 0.895 0.12875 0.0825
0 0.4475 0.76625 0.1175 0.02625
0 0.3225 0.7375 0.10625 0.02375
0 0.845 0.535 0.05875 0.02375
0 0.73625 0.46875 0.14 0.02375
0 0.74 0.49875 0.1325 0.03
0 0.74125 0.52875 0.13375 0.02625
0 0.60125 0.5025 0.13375 0.0225
0 0.6025 0.53125 0.13625 0.02625
0 0.47625 0.46875 0.1125 0.02875
0 0.475 0.50125 0.11625 0.03125
0 0.47 0.53125 0.11875 0.02625
0 0.195 0.76 0.1075 0.02375
0 0.32 0.7075 0.1075 0.025
0 0.34375 0.525 0.1275 0.02875
0 0.325 0.93 0.1225 0.02125
0 0.32 0.86625 0.1225 0.03125
0 0.845 0.59625 0.06 0.0225
0 0.84125 0.62625 0.06625 0.03
0 0.8425 0.655 0.065 0.0225
0 0.73625 0.59625 0.135 0.03125
0 0.73625 0.63 0.1375 0.02875
0 0.735 0.66 0.13625 0.025
0 0.59625 0.5925 0.13 0.0275
0 0.5925 0.62375 0.13125 0.03
0 0.59125 0.65125 0.1275 0.02
0 0.4625 0.59125 0.1225 0.0225
0 0.46125 0.62 0.12125 0.0275
0 0.3225 0.9 0.1225 0.025
0 0.4625 0.65 0.12 0.02625
0 0.33375 0.61625 0.11625 0.0275
0 0.3375 0.64375 0.115 0.02
0 0.195 0.62125 0.13625 0.0675
0 0.8425 0.46875 0.06375 0.03
0 0.845 0.5075 0.06 0.03
0 0.5875 0.8775 0.12875 0.03
0 0.5875 0.90625 0.1275 0.0225
0 0.58875 0.9325 0.13 0.025
0 0.45375 0.87125 0.1275 0.03125
0 0.45375 0.905 0.1275 0.02625
0 0.45625 0.93 0.1275 0.025
0 0.34 0.5875 0.10125 0.02625
0 0.245 0.49 0.05625 0.0825
0 0.35125 0.49625 0.12375 0.0275
0 0.84625 0.34 0.0575 0.03125
0 0.19 0.4925 0.05375 0.08125
0 0.44875 0.22625 0.03125 0.11
0 0.355 0.21875 0.145 0.03125
0 0.355 0.1925 0.135 0.01625
0 0.14125 0.07875 0.02625 0.10875
0 0.17875 0.08 0.04125 0.10625
0 0.21875 0.08125 0.03375 0.105
0 0.2575 0.08 0.03625 0.105
0 0.29375 0.08125 0.0325 0.10625
0 0.33 0.08 0.03625 0.10625
0 0.42625 0.12 0.15125 0.0275
0 0.42625 0.08375 0.15 0.0375
0 0.425 0.04375 0.15 0.035
0 0.5925 0.115 0.15375 0.0275
0 0.73125 0.93875 0.1275 0.0275
0 0.59375 0.08125 0.15125 0.03625
0 0.595 0.0425 0.15125 0.035
0 0.36125 0.2675 0.14125 0.025
0 0.76625 0.1175 0.12 0.0225
0 0.76625 0.09 0.125 0.025
0 0.75875 0.065 0.10625 0.02
0 0.1575 0.2275 0.03375 0.09875
0 0.1925 0.22875 0.03 0.10125
0 0.22625 0.23 0.03375 0.10375
0 0.2625 0.22875 0.03375 0.1
0 0.53 0.24875 0.01875 0.0325
0 0.61 0.23875 0.12875 0.03
0 0.50625 0.26 0.02625 0.045
0 0.61 0.20375 0.1275 0.02875
0 0.8475 0.375 0.055 0.0275
0 0.8475 0.405 0.05375 0.025
0 0.75125 0.34 0.1275 0.03375
0 0.75125 0.375 0.13125 0.03
0 0.75 0.40625 0.135 0.02375
0 0.60125 0.34625 0.125 0.0275
0 0.60125 0.3775 0.125 0.0275
0 0.6 0.405 0.12875 0.02125
0 0.455 0.34375 0.115 0.02875
0 0.4525 0.37625 0.115 0.02625
0 0.4575 0.40625 0.12125 0.02375
0 0.34 0.36875 0.09 0.09875
0 0.25 0.365 0.085 0.095
0 0.1675 0.365 0.07875 0.09375
0 0.61 0.27 0.12625 0.02375
0 0.855 0.19625 0.0375 0.0325
0 0.8525 0.2625 0.045 0.01875
0 0.855 0.045 0.03875 0.035
0 0.855 0.08375 0.03875 0.0375
0 0.855 0.11625 0.04 0.02375
0 0.75875 0.18125 0.105 0.02125
0 0.76 0.20625 0.115 0.025
0 0.76375 0.23625 0.12125 0.03
0 0.76125 0.26375 0.12 0.01625
0 0.85125 0.23375 0.0475 0.03375
0 0.195 0.7325 0.10875 0.025