0 0.16125 0.17875 0.02875 0.0325
0 0.37 0.28875 0.03375 0.06125
0 0.19125 0.1775 0.02875 0.03125
0 0.2225 0.1775 0.02875 0.0325
0 0.25 0.175 0.0225 0.03
0 0.22875 0.29375 0.0325 0.0575
0 0.26125 0.2925 0.03 0.06
0 0.295 0.2875 0.03375 0.0625
0 0.33 0.29125 0.03375 0.05625
0 0.40625 0.29125 0.035 0.065
0 0.62 0.2925 0.03375 0.06125
0 0.47375 0.29125 0.03625 0.05875
0 0.51375 0.29375 0.035 0.0675
0 0.55125 0.29375 0.0375 0.07
0 0.58625 0.2925 0.03125 0.07
0 0.14125 0.42 0.03125 0.04625
0 0.1725 0.42 0.0275 0.0525
0 0.2075 0.4225 0.035 0.0575
0 0.24375 0.42 0.035 0.05875
0 0.2775 0.41875 0.025 0.05625
0 0.5825 0.22 0.02875 0.065
0 0.43875 0.28875 0.02875 0.06375
0 0.19625 0.29375 0.025 0.06
0 0.45375 0.76875 0.02875 0.0525
0 0.48375 0.77 0.02875 0.05
0 0.515 0.54375 0.025 0.06
0 0.545 0.54625 0.0325 0.05875
0 0.58 0.54375 0.0325 0.0575
0 0.61375 0.54625 0.03625 0.05375
0 0.51875 0.60375 0.0275 0.05
0 0.55 0.605 0.03125 0.04875
0 0.58 0.60125 0.03 0.05
0 0.61375 0.6025 0.03125 0.05
0 0.5225 0.66 0.03125 0.0525
0 0.55125 0.65875 0.02625 0.055
0 0.58125 0.65875 0.03125 0.055
0 0.6125 0.66 0.02625 0.05375
0 0.52 0.7175 0.03125 0.05375
0 0.55125 0.71875 0.03125 0.05125
0 0.585 0.715 0.02875 0.0525
0 0.6125 0.71625 0.02375 0.05
0 0.52 0.7725 0.02875 0.0475
0 0.55125 0.7725 0.0275 0.045
0 0.5825 0.77375 0.03 0.05375
0 0.615 0.77375 0.0275 0.055
0 0.14125 0.7675 0.02875 0.05125
0 0.1675 0.77 0.02375 0.04875
0 0.235 0.77 0.035 0.05125
0 0.2675 0.7675 0.0275 0.04875
0 0.2975 0.77 0.02875 0.04375
0 0.32625 0.76625 0.025 0.04375
0 0.35875 0.76625 0.035 0.045
0 0.395 0.7675 0.02875 0.0475
0 0.42625 0.7675 0.03125 0.04875
0 0.16375 0.29625 0.035 0.05625
0 0.19875 0.77125 0.03375 0.05125
0 0.33625 0.17 0.0325 0.035
0 0.415 0.41625 0.025 0.05
0 0.31875 0.60375 0.035 0.05375
0 0.2875 0.60375 0.0275 0.05375
0 0.255 0.60375 0.0325 0.05125
0 0.2225 0.60125 0.03125 0.0525
0 0.18875 0.60375 0.0325 0.0525
0 0.15625 0.60125 0.02875 0.05875
0 0.4875 0.715 0.03125 0.04875
0 0.45625 0.715 0.03125 0.0525
0 0.42375 0.71375 0.03125 0.0525
0 0.3925 0.71375 0.03 0.05125
0 0.35375 0.60125 0.03125 0.0525
0 0.485 0.66 0.0275 0.06125
0 0.42 0.66125 0.03125 0.05
0 0.39 0.66 0.0275 0.05375
0 0.48125 0.60375 0.02625 0.04875
0 0.4525 0.6025 0.03 0.05375
0 0.42 0.6025 0.03 0.05375
0 0.39 0.6025 0.03 0.0525
0 0.48375 0.54375 0.025 0.05125
0 0.45125 0.54375 0.035 0.05875
0 0.4175 0.5425 0.03125 0.05125
0 0.3875 0.5425 0.02875 0.05375
0 0.4525 0.6625 0.0325 0.05875
0 0.35 0.54625 0.03875 0.06125
0 0.13625 0.65875 0.02 0.045
0 0.19125 0.65875 0.02625 0.05125
0 0.36875 0.16875 0.03125 0.03875
0 0.405 0.1725 0.03 0.045
0 0.435 0.1725 0.02875 0.04125
0 0.46125 0.17 0.025 0.03875
0 0.4925 0.17125 0.03 0.0375
0 0.52125 0.16875 0.02875 0.035
0 0.55625 0.1675 0.035 0.0375
0 0.585 0.16625 0.02625 0.03625
0 0.35375 0.7125 0.03125 0.04875
0 0.32125 0.71375 0.03125 0.05
0 0.1625 0.65875 0.03125 0.0525
0 0.29 0.71125 0.03 0.0525
0 0.22625 0.715 0.03125 0.0475
0 0.19625 0.7175 0.02875 0.05125
0 0.16375 0.7175 0.03125 0.05125
0 0.1375 0.7175 0.02125 0.04875
0 0.355 0.65625 0.02875 0.04875
0 0.3225 0.6575 0.03125 0.04875
0 0.29 0.6575 0.0325 0.0475
0 0.25625 0.66125 0.03125 0.0525
0 0.27875 0.17125 0.02875 0.04
0 0.225 0.65875 0.03125 0.055
0 0.25875 0.715 0.03125 0.05125
0 0.61125 0.165 0.02375 0.03875
0 0.13875 0.35875 0.025 0.06125
0 0.1725 0.36125 0.0375 0.06125
0 0.70125 0.17 0.02625 0.0525
0 0.67125 0.17 0.03375 0.04625
0 0.30625 0.1725 0.025 0.04
0 0.31375 0.54125 0.03 0.05125
0 0.28375 0.54 0.03 0.0525
0 0.25 0.545 0.0325 0.05125
0 0.215 0.54125 0.03375 0.0575
0 0.18 0.5425 0.03 0.0525
0 0.15 0.5425 0.02875 0.05375
0 0.485 0.48125 0.03625 0.05625
0 0.7325 0.17 0.02875 0.04875
0 0.45125 0.4775 0.03 0.0525
0 0.385 0.4825 0.0325 0.055
0 0.34875 0.4825 0.035 0.05375
0 0.3125 0.48375 0.0275 0.05125
0 0.28 0.48125 0.035 0.0525
0 0.245 0.48375 0.03125 0.05125
0 0.21125 0.48 0.03125 0.05375
0 0.17625 0.48125 0.03125 0.05
0 0.14625 0.48125 0.03 0.05
0 0.48125 0.41875 0.03 0.06
0 0.44625 0.41375 0.03375 0.05125
0 0.4175 0.48 0.03125 0.055
0 0.76125 0.165 0.02875 0.04125
0 0.79375 0.16375 0.03125 0.04125
0 0.8225 0.16 0.02625 0.03625
0 0.205 0.35875 0.02875 0.0625
0 0.2375 0.355 0.0325 0.06625
0 0.27125 0.35625 0.02875 0.065
0 0.30375 0.35625 0.035 0.06625
0 0.3375 0.35625 0.03 0.0675
0 0.375 0.35375 0.03375 0.065
0 0.41 0.355 0.035 0.065
0 0.44375 0.35375 0.02875 0.06375
0 0.4725 0.35875 0.03125 0.05625
0 0.515 0.355 0.02625 0.05875
0 0.5475 0.355 0.035 0.06
0 0.58375 0.355 0.03375 0.06125
0 0.61625 0.35625 0.03125 0.06125
0 0.5175 0.42 0.03 0.06
0 0.54875 0.41875 0.03 0.06
0 0.58 0.4175 0.0325 0.05875
0 0.61375 0.41875 0.03 0.06
0 0.52125 0.48125 0.03 0.05625
0 0.55375 0.48125 0.0325 0.055
0 0.5825 0.48375 0.025 0.06125
0 0.615 0.48625 0.03375 0.055
0 0.64125 0.17125 0.025 0.0475
0 0.85375 0.15875 0.03125 0.03625
0 0.38375 0.4225 0.03625 0.05375
0 0.615 0.215 0.03125 0.06375
0 0.345 0.42 0.03625 0.0575
0 0.4 0.22125 0.0325 0.0575
0 0.32875 0.115 0.03 0.05625
0 0.3575 0.11625 0.0275 0.05375
0 0.3975 0.12125 0.02375 0.0525
0 0.4225 0.1225 0.0275 0.0525
0 0.46125 0.1175 0.02375 0.04875
0 0.48625 0.115 0.0275 0.055
0 0.5225 0.12 0.03 0.06
0 0.5525 0.12125 0.0275 0.05625
0 0.57875 0.1175 0.0275 0.0525
0 0.6075 0.11875 0.025 0.05
0 0.63625 0.11875 0.03125 0.05375
0 0.6675 0.115 0.02625 0.05375
0 0.695 0.1125 0.02625 0.05375
0 0.3 0.11875 0.02625 0.05625
0 0.725 0.11375 0.03125 0.05375
0 0.79 0.1125 0.03375 0.0525
0 0.8225 0.11125 0.025 0.055
0 0.6475 0.22375 0.03 0.05375
0 0.67875 0.225 0.03125 0.055
0 0.71125 0.2225 0.03 0.055
0 0.7425 0.22125 0.03125 0.05875
0 0.80125 0.21125 0.0325 0.06125
0 0.8375 0.21 0.03875 0.06375
0 0.65375 0.28125 0.03125 0.06125
0 0.6875 0.28375 0.0375 0.06
0 0.725 0.28 0.03125 0.05875
0 0.7575 0.28125 0.0325 0.0575
0 0.805 0.27625 0.03125 0.05625
0 0.75875 0.11125 0.03125 0.0525
0 0.83625 0.27625 0.03125 0.05875
0 0.2725 0.11875 0.02625 0.05375
0 0.21125 0.12625 0.02375 0.06375
0 0.55 0.22125 0.03625 0.06875
0 0.30875 0.42 0.0325 0.0525
0 0.14875 0.81875 0.03125 0.05625
0 0.1775 0.8225 0.025 0.05
0 0.20875 0.8175 0.03125 0.05125
0 0.24125 0.81625 0.02625 0.045
0 0.27 0.81625 0.02625 0.04875
0 0.2975 0.8175 0.0325 0.0475
0 0.33 0.82 0.03125 0.0425
0 0.36 0.81875 0.0275 0.04375
0 0.3925 0.81625 0.03 0.0425
0 0.42375 0.81875 0.0325 0.03875
0 0.45875 0.81875 0.03 0.04375
0 0.23875 0.125 0.0325 0.06625
0 0.48875 0.82 0.03 0.04125
0 0.55125 0.82375 0.03 0.04625
0 0.585 0.825 0.02375 0.04625
0 0.615 0.82625 0.03125 0.04125
0 0.64875 0.81625 0.03125 0.04
0 0.67875 0.81875 0.0275 0.04
0 0.71 0.82 0.025 0.04375
0 0.74125 0.8225 0.03125 0.04
0 0.775 0.82625 0.0275 0.04625
0 0.8025 0.82625 0.02375 0.04625
0 0.83625 0.82375 0.03375 0.0475
0 0.865 0.8225 0.02 0.03875
0 0.14625 0.12875 0.02875 0.0575
0 0.18125 0.12625 0.0275 0.06125
0 0.52125 0.8225 0.03 0.05
0 0.6575 0.35 0.03375 0.07
0 0.85625 0.11375 0.0325 0.05
0 0.7225 0.34875 0.0325 0.0625
0 0.71375 0.65875 0.02875 0.05375
0 0.74375 0.6625 0.03 0.0475
0 0.515 0.2225 0.0325 0.065
0 0.485 0.23 0.0275 0.0525
0 0.45375 0.22625 0.03 0.05375
0 0.77875 0.65875 0.03125 0.0525
0 0.815 0.66 0.035 0.05375
0 0.85 0.65875 0.03125 0.05375
0 0.65 0.7175 0.0325 0.06125
0 0.68375 0.7175 0.035 0.06
0 0.69 0.35125 0.03125 0.06625
0 0.74625 0.715 0.03625 0.05125
0 0.78125 0.71625 0.03 0.05375
0 0.68 0.65875 0.03125 0.04875
0 0.8125 0.71625 0.035 0.0525
0 0.645 0.77375 0.03125 0.0475
0 0.67625 0.7725 0.0325 0.05
0 0.7075 0.77 0.025 0.04625
0 0.7375 0.77 0.03 0.04875
0 0.7725 0.77125 0.03125 0.04875
0 0.80875 0.77125 0.03625 0.0475
0 0.84375 0.77 0.0325 0.04625
0 0.15625 0.22875 0.03125 0.06625
0 0.1875 0.22875 0.03125 0.06375
0 0.22375 0.23 0.0375 0.06625
0 0.2625 0.22625 0.035 0.0675
0 0.2975 0.2225 0.0325 0.065
0 0.33 0.225 0.03375 0.06375
0 0.84625 0.71625 0.02875 0.055
0 0.64875 0.6575 0.03 0.0525
0 0.715 0.715 0.02625 0.0525
0 0.81625 0.6 0.0375 0.05
0 0.76 0.34875 0.0375 0.06375
0 0.79625 0.34875 0.0325 0.0675
0 0.84875 0.6025 0.025 0.05375
0 0.83375 0.34875 0.03375 0.065
0 0.65 0.42 0.02875 0.06125
0 0.68125 0.42 0.0325 0.06
0 0.71875 0.415 0.0375 0.05625
0 0.755 0.4125 0.03625 0.06
0 0.7925 0.41125 0.03125 0.06125
0 0.82625 0.41625 0.035 0.055
0 0.65125 0.4825 0.03125 0.05625
0 0.68625 0.48375 0.035 0.0575
0 0.72 0.47875 0.02875 0.05875
0 0.75125 0.48125 0.0325 0.05625
0 0.36875 0.22375 0.0275 0.0575
0 0.83125 0.48125 0.03125 0.05
0 0.745 0.6 0.035 0.0525
0 0.79625 0.47875 0.0325 0.0525
0 0.685 0.60125 0.03125 0.05625
0 0.65375 0.6025 0.03125 0.055
0 0.85625 0.5375 0.0325 0.05875
0 0.81875 0.54375 0.03125 0.065
0 0.71375 0.59875 0.02375 0.0525
0 0.75 0.54125 0.035 0.0525
0 0.715 0.53875 0.03125 0.05625
0 0.68375 0.54 0.0275 0.0575
0 0.65125 0.54 0.0325 0.055
0 0.86 0.47875 0.02625 0.05125
0 0.7825 0.59875 0.03125 0.05
0 0.78625 0.54375 0.0325 0.065