0 0.85125 0.4475 0.04125 0.0625
0 0.63375 0.52375 0.05 0.07625
0 0.77 0.51625 0.055 0.0875
0 0.6975 0.5175 0.06625 0.0925
0 0.76875 0.62 0.05375 0.085
0 0.265 0.51125 0.0625 0.07375
0 0.51875 0.515 0.045 0.0825
0 0.4425 0.5375 0.0625 0.085
0 0.365 0.52 0.07375 0.085
0 0.8575 0.49875 0.035 0.0275
0 0.57625 0.525 0.04125 0.09
0 0.84875 0.5525 0.04375 0.05
0 0.625 0.91375 0.0375 0.07
0 0.845 0.71375 0.05625 0.05625
0 0.84125 0.7775 0.05 0.05125
0 0.26625 0.94125 0.0425 0.06125
0 0.31375 0.93125 0.0425 0.07875
0 0.35875 0.93125 0.03875 0.075
0 0.4 0.92875 0.04 0.08
0 0.445 0.92125 0.0375 0.08375
0 0.48875 0.92125 0.04 0.06875
0 0.53375 0.925 0.0375 0.06
0 0.5775 0.9225 0.04125 0.05375
0 0.68 0.90125 0.05375 0.06375
0 0.75125 0.90125 0.0625 0.075
0 0.71 0.62625 0.0475 0.08625
0 0.84625 0.645 0.04125 0.05125
0 0.28 0.305 0.08875 0.08875
0 0.33625 0.73 0.05875 0.06875
0 0.645 0.62375 0.05875 0.08375
0 0.18625 0.9125 0.08125 0.06375
0 0.19875 0.73 0.05 0.1
0 0.1475 0.7275 0.0375 0.1
0 0.15625 0.55875 0.06125 0.085
0 0.16875 0.38625 0.0875 0.1175
0 0.1675 0.21375 0.08125 0.1275
0 0.37125 0.425 0.0675 0.0875
0 0.4575 0.435 0.05625 0.08
0 0.5175 0.4225 0.0575 0.075
0 0.3375 0.82125 0.0675 0.09
0 0.58125 0.43 0.04375 0.08125
0 0.69625 0.42125 0.0525 0.07625
0 0.77625 0.4175 0.0525 0.07875
0 0.78125 0.31375 0.06875 0.09
0 0.715 0.31875 0.05875 0.08375
0 0.65125 0.31625 0.05125 0.08
0 0.58 0.31375 0.0575 0.08625
0 0.52 0.315 0.05625 0.08875
0 0.45375 0.32125 0.06125 0.0925
0 0.37625 0.31 0.075 0.09125
0 0.63875 0.43 0.04625 0.07625
0 0.39875 0.86125 0.035 0.015
0 0.2875 0.415 0.06375 0.09
0 0.48125 0.8375 0.045 0.06375
0 0.525 0.6275 0.0525 0.07125
0 0.465 0.63125 0.05 0.0825
0 0.43875 0.8625 0.03375 0.015
0 0.33625 0.63125 0.0575 0.09125
0 0.2725 0.59875 0.05375 0.08375
0 0.2625 0.68625 0.06 0.0875
0 0.405 0.725 0.05125 0.0775
0 0.465 0.725 0.05 0.07125
0 0.5175 0.72125 0.045 0.0825
0 0.5775 0.73625 0.06375 0.0675
0 0.4 0.625 0.05125 0.07375
0 0.68625 0.73375 0.0475 0.09
0 0.7575 0.73375 0.065 0.0975
0 0.755 0.84 0.04 0.02375
0 0.71375 0.84375 0.035 0.025
0 0.6675 0.83 0.0375 0.05
0 0.62125 0.8325 0.0375 0.04625
0 0.57375 0.83875 0.04125 0.04625
0 0.57625 0.78875 0.0675 0.03125
0 0.5275 0.85125 0.03 0.03
0 0.6375 0.73125 0.03625 0.0775