0 0.2525 0.67125 0.015 0.01625
0 0.27 0.67125 0.01125 0.015
0 0.28625 0.6725 0.0125 0.01625
0 0.42875 0.69875 0.0125 0.01125
0 0.2725 0.69 0.015 0.01375
0 0.2875 0.69125 0.0125 0.015
0 0.23125 0.73125 0.015 0.01625
0 0.25375 0.68875 0.015 0.015
0 0.21375 0.73125 0.015 0.015
0 0.4275 0.7275 0.01625 0.0125
0 0.46125 0.7125 0.01625 0.0125
0 0.62125 0.3375 0.0125 0.02875
0 0.19625 0.73125 0.015 0.01625
0 0.2325 0.71375 0.01375 0.01375
0 0.215 0.71375 0.015 0.01375
0 0.2525 0.7075 0.0125 0.0175
0 0.4475 0.7275 0.01375 0.0125
0 0.4625 0.7275 0.01375 0.01375
0 0.445 0.71375 0.015 0.0125
0 0.27 0.70875 0.01125 0.015
0 0.28625 0.70875 0.01625 0.015
0 0.25125 0.7425 0.0125 0.01625
0 0.46125 0.68375 0.015 0.01125
0 0.445 0.685 0.015 0.01125
0 0.4275 0.685 0.015 0.01125
0 0.46125 0.69875 0.015 0.0125
0 0.4025 0.715 0.01125 0.01125
0 0.38625 0.71625 0.0175 0.0125
0 0.36875 0.715 0.01375 0.01375
0 0.40375 0.7 0.01 0.01125
0 0.38625 0.7025 0.01375 0.01125
0 0.37 0.70125 0.01375 0.0125
0 0.40375 0.68375 0.015 0.015
0 0.38625 0.685 0.01375 0.015
0 0.36875 0.685 0.01625 0.01375
0 0.345 0.74125 0.0125 0.0125
0 0.445 0.7 0.015 0.0125
0 0.3275 0.7425 0.01375 0.0125
0 0.345 0.725 0.0125 0.01
0 0.32625 0.72625 0.0125 0.01375
0 0.31 0.7275 0.01375 0.01375
0 0.34625 0.7075 0.015 0.015
0 0.4275 0.7125 0.01375 0.01125
0 0.31 0.71 0.015 0.0125
0 0.34625 0.6925 0.01625 0.01375
0 0.3275 0.6925 0.0175 0.015
0 0.31125 0.6925 0.01375 0.015
0 0.345 0.675 0.015 0.015
0 0.3275 0.67625 0.015 0.015
0 0.30875 0.675 0.01625 0.01625
0 0.2825 0.74125 0.01625 0.01625
0 0.26875 0.74125 0.01125 0.01625
0 0.31 0.745 0.01625 0.01375
0 0.32625 0.7075 0.01625 0.015
0 0.23375 0.69625 0.01375 0.015
0 0.42625 0.74375 0.015 0.015
0 0.335 0.38375 0.03875 0.00625
0 0.33375 0.37625 0.03625 0.0075
0 0.33375 0.3675 0.0375 0.0075
0 0.3375 0.35875 0.04375 0.00625
0 0.33125 0.35125 0.04 0.00875
0 0.3325 0.34 0.0425 0.00875
0 0.3325 0.33 0.04 0.01125
0 0.29875 0.3825 0.0175 0.0225
0 0.2775 0.3825 0.02 0.02375
0 0.2975 0.35875 0.0175 0.02375
0 0.2775 0.35625 0.02 0.02125
0 0.2425 0.37125 0.03875 0.035
0 0.23875 0.33125 0.03875 0.04
0 0.19625 0.3875 0.0375 0.00875
0 0.375 0.3825 0.02125 0.02375
0 0.19625 0.3775 0.04 0.0075
0 0.19625 0.35875 0.03875 0.0075
0 0.15625 0.3575 0.03125 0.06375
0 0.755 0.26625 0.0125 0.0325
0 0.74125 0.2675 0.01375 0.03375
0 0.7225 0.2675 0.01375 0.03375
0 0.70875 0.2675 0.01 0.0325
0 0.695 0.2675 0.01 0.0325
0 0.68 0.265 0.015 0.03125
0 0.665 0.265 0.01 0.03125
0 0.65 0.26375 0.0125 0.03125
0 0.63625 0.265 0.01125 0.03125
0 0.62 0.26375 0.0125 0.03125
0 0.60375 0.26375 0.01375 0.0325
0 0.59 0.26125 0.0075 0.03125
0 0.19625 0.3675 0.04125 0.0075
0 0.19875 0.7125 0.0175 0.015
0 0.385 0.3575 0.01875 0.02125
0 0.42625 0.3325 0.0375 0.03625
0 0.21875 0.69625 0.0125 0.01625
0 0.2 0.69625 0.015 0.0125
0 0.23625 0.67875 0.01375 0.0125
0 0.2175 0.67875 0.01375 0.015
0 0.20125 0.68 0.01625 0.01375
0 0.235 0.6625 0.015 0.0125
0 0.2175 0.66375 0.01625 0.01125
0 0.20125 0.66375 0.015 0.01375
0 0.155 0.75125 0.02 0.035
0 0.1325 0.75 0.015 0.03125
0 0.265 0.6075 0.0525 0.0625
0 0.20875 0.60875 0.0475 0.05375
0 0.15 0.615 0.02875 0.01375
0 0.15375 0.595 0.04 0.0125
0 0.3975 0.38375 0.015 0.02375
0 0.15375 0.575 0.0425 0.01375
0 0.14875 0.5425 0.04625 0.015
0 0.1475 0.525 0.045 0.01875
0 0.84375 0.63 0.0275 0.01125
0 0.81 0.62625 0.02875 0.01375
0 0.845 0.61625 0.03125 0.0125
0 0.81125 0.61375 0.03125 0.00875
0 0.84625 0.6 0.03 0.0125
0 0.59625 0.37125 0.03375 0.0575
0 0.56375 0.38875 0.01375 0.0275
0 0.54625 0.38875 0.0225 0.0225
0 0.50875 0.38 0.0325 0.04125
0 0.5075 0.33375 0.035 0.0425
0 0.46875 0.37375 0.0375 0.05
0 0.4275 0.3775 0.035 0.04125
0 0.1525 0.56 0.04625 0.0125
0 0.445 0.74375 0.015 0.01375
0 0.61 0.69875 0.0425 0.0325
0 0.48125 0.67625 0.01375 0.0125
0 0.31875 0.60625 0.045 0.06875
0 0.85375 0.49125 0.04125 0.0625
0 0.76875 0.4925 0.03625 0.05625
0 0.7275 0.51375 0.0325 0.00625
0 0.72875 0.50375 0.035 0.00625
0 0.72875 0.49625 0.03625 0.0075
0 0.7275 0.485 0.0375 0.0075
0 0.69 0.50375 0.03125 0.0425
0 0.695 0.4625 0.035 0.03875
0 0.6525 0.5025 0.01625 0.03
0 0.6325 0.50375 0.0175 0.03125
0 0.59125 0.51125 0.0475 0.015
0 0.58125 0.4975 0.0375 0.01
0 0.54375 0.49625 0.035 0.0475
0 0.49625 0.46 0.01625 0.02625
0 0.51625 0.5025 0.0125 0.0275
0 0.5 0.505 0.02 0.0275
0 0.465 0.5175 0.03375 0.01125
0 0.465 0.50625 0.03875 0.01
0 0.46625 0.495 0.0325 0.00875
0 0.43875 0.4525 0.0275 0.0375
0 0.42875 0.495 0.03375 0.03875
0 0.39625 0.49875 0.02125 0.03125
0 0.3725 0.5 0.02375 0.0275
0 0.34125 0.4825 0.03625 0.06375
0 0.2975 0.49625 0.035 0.045
0 0.30625 0.44375 0.02875 0.03875
0 0.3725 0.6025 0.05 0.075
0 0.21375 0.4825 0.035 0.06625
0 0.4275 0.60625 0.05375 0.0775
0 0.48125 0.56375 0.0125 0.0175
0 0.6125 0.60375 0.0175 0.01375
0 0.61375 0.58625 0.015 0.015
0 0.685 0.56875 0.0125 0.0175
0 0.6675 0.57 0.015 0.01875
0 0.65 0.56875 0.01375 0.02
0 0.6325 0.57 0.015 0.0175
0 0.61625 0.56875 0.015 0.0175
0 0.59 0.63625 0.01375 0.01125
0 0.57125 0.63625 0.01625 0.0125
0 0.55375 0.635 0.01375 0.01375
0 0.53625 0.63875 0.01375 0.0125
0 0.51875 0.63875 0.015 0.015
0 0.5925 0.62125 0.01625 0.015
0 0.5725 0.62 0.01625 0.015
0 0.555 0.62 0.015 0.015
0 0.5375 0.62125 0.01375 0.01625
0 0.5175 0.62 0.01625 0.0175
0 0.49625 0.63375 0.015 0.0125
0 0.47875 0.635 0.015 0.015
0 0.4625 0.63625 0.01375 0.01625
0 0.49625 0.60125 0.01375 0.015
0 0.48 0.6 0.01125 0.015
0 0.46375 0.6 0.01625 0.01625
0 0.49625 0.58125 0.0125 0.015
0 0.48 0.5825 0.01375 0.015
0 0.46375 0.58125 0.01375 0.015
0 0.49875 0.56375 0.01375 0.01625
0 0.4625 0.5625 0.015 0.01875
0 0.86 0.3925 0.03 0.0325
0 0.82875 0.38625 0.025 0.03875
0 0.7975 0.37125 0.02625 0.0675
0 0.29375 0.8375 0.04375 0.065
0 0.24125 0.855 0.04875 0.06
0 0.15125 0.8725 0.01875 0.0175
0 0.13375 0.8725 0.015 0.02
0 0.19125 0.8475 0.03375 0.05375
0 0.15375 0.84625 0.01875 0.0275
0 0.13625 0.845 0.0175 0.02875
0 0.84625 0.71875 0.04125 0.07625
0 0.7975 0.71875 0.04625 0.09125
0 0.75625 0.7325 0.0225 0.0525
0 0.72875 0.73375 0.025 0.05375
0 0.7025 0.73125 0.02375 0.05625
0 0.60875 0.73375 0.03375 0.03625
0 0.57125 0.7575 0.01875 0.0075
0 0.5425 0.755 0.01625 0.0075
0 0.57125 0.73875 0.02 0.0075
0 0.54625 0.7375 0.02375 0.0075
0 0.57125 0.72625 0.025 0.0125
0 0.54375 0.7275 0.01875 0.00875
0 0.51875 0.745 0.01375 0.02
0 0.50375 0.745 0.01375 0.01875
0 0.485 0.74375 0.0175 0.0175
0 0.51875 0.69375 0.015 0.0125
0 0.50125 0.69375 0.015 0.0125
0 0.485 0.6925 0.015 0.01375
0 0.5175 0.6775 0.015 0.01375
0 0.5 0.6775 0.015 0.0125
0 0.34875 0.84 0.05625 0.075
0 0.4525 0.84125 0.04625 0.08125
0 0.765 0.6325 0.0375 0.02375
0 0.56125 0.85125 0.05 0.07625
0 0.7675 0.3625 0.03125 0.0875
0 0.72625 0.3875 0.03125 0.04
0 0.68875 0.38625 0.02 0.0325
0 0.65875 0.395 0.02 0.0225
0 0.63125 0.39625 0.01625 0.02125
0 0.65125 0.3675 0.02 0.025
0 0.63125 0.37 0.015 0.02625
0 0.6125 0.61875 0.015 0.01125
0 0.61125 0.63625 0.01375 0.01375
0 0.62875 0.63625 0.01375 0.0125
0 0.645 0.63875 0.01375 0.015
0 0.6625 0.6375 0.01625 0.015
0 0.68 0.63625 0.015 0.01625
0 0.4625 0.745 0.015 0.01375
0 0.68125 0.62 0.0125 0.015
0 0.6825 0.58625 0.0175 0.0125
0 0.72 0.57375 0.04 0.04625
0 0.7175 0.62375 0.03875 0.045
0 0.76375 0.61 0.035 0.01375
0 0.5775 0.26 0.01 0.03125
0 0.83 0.8675 0.03125 0.04
0 0.815 0.815 0.0225 0.03875
0 0.78875 0.83375 0.02 0.04125
0 0.7875 0.87 0.02375 0.03125
0 0.75625 0.86 0.03 0.0375
0 0.75875 0.8225 0.03125 0.03125
0 0.69625 0.83625 0.04875 0.05125
0 0.62 0.84375 0.05 0.08625
0 0.6825 0.6025 0.015 0.01625
0 0.5625 0.26125 0.01375 0.03125
0 0.50625 0.85125 0.04875 0.07125
0 0.53125 0.26 0.0125 0.03125
0 0.70375 0.17125 0.02625 0.135
0 0.675 0.17375 0.03 0.135
0 0.64625 0.17125 0.02 0.13625
0 0.6175 0.1725 0.02875 0.135
0 0.5925 0.16625 0.01875 0.13625
0 0.56375 0.16875 0.0325 0.14
0 0.53625 0.16875 0.01625 0.14125
0 0.51125 0.16625 0.02875 0.1375
0 0.48125 0.16375 0.025 0.14375
0 0.73625 0.18625 0.0325 0.12125
0 0.4525 0.1625 0.03125 0.14
0 0.39625 0.1625 0.02375 0.14
0 0.36875 0.15875 0.02625 0.14375
0 0.34125 0.16 0.02375 0.14125
0 0.31 0.1575 0.025 0.1425
0 0.81125 0.59875 0.0325 0.01625
0 0.27875 0.15625 0.02375 0.14375
0 0.24625 0.15625 0.02375 0.13625
0 0.22 0.15125 0.02125 0.14625
0 0.5475 0.26125 0.01125 0.03375
0 0.42125 0.16125 0.02625 0.14
0 0.78125 0.17625 0.025 0.11875
0 0.79 0.5625 0.03125 0.0125
0 0.83125 0.2475 0.03 0.0825
0 0.85375 0.10875 0.03375 0.085
0 0.50125 0.25875 0.015 0.0325
0 0.48625 0.25875 0.01125 0.03125
0 0.45875 0.2575 0.0125 0.0375
0 0.4425 0.2575 0.01125 0.03375
0 0.4275 0.25625 0.015 0.0375
0 0.4125 0.25625 0.0125 0.035
0 0.395 0.2575 0.01375 0.035
0 0.37875 0.25625 0.0125 0.03625
0 0.36375 0.255 0.015 0.03
0 0.35 0.25375 0.01375 0.0325
0 0.4725 0.25875 0.0125 0.03375
0 0.8625 0.25625 0.02375 0.06625
0 0.5175 0.25875 0.01375 0.03375
0 0.2225 0.24875 0.01375 0.0375
0 0.2525 0.25 0.01375 0.0325
0 0.26875 0.25 0.015 0.03375
0 0.2375 0.24875 0.01125 0.03375
0 0.30125 0.2525 0.01625 0.03625
0 0.3175 0.2525 0.01375 0.0375
0 0.3325 0.255 0.015 0.035
0 0.28375 0.25 0.015 0.035