0 0.57625 0.39125 0.03 0.05
0 0.61 0.32 0.03 0.05
0 0.6475 0.3175 0.03 0.05
0 0.48125 0.39125 0.03 0.04875
0 0.51375 0.3925 0.03 0.04875
0 0.5425 0.39125 0.03 0.04875
0 0.61125 0.38875 0.03 0.04875
0 0.5175 0.51 0.0275 0.04875
0 0.48 0.4425 0.03 0.04875
0 0.51 0.4425 0.03 0.05
0 0.545 0.44375 0.03 0.04875
0 0.57625 0.43875 0.03 0.04875
0 0.61 0.43875 0.03 0.04875
0 0.645 0.44125 0.03 0.04875
0 0.485 0.51125 0.02625 0.04375
0 0.58 0.31875 0.03 0.05
0 0.64 0.39 0.03 0.04875
0 0.54875 0.31875 0.03 0.05
0 0.51375 0.76875 0.03125 0.05
0 0.48375 0.32 0.03 0.05
0 0.55125 0.5125 0.0275 0.04875
0 0.54625 0.76875 0.03125 0.05
0 0.57875 0.7675 0.03125 0.05
0 0.61 0.76625 0.03125 0.05
0 0.645 0.77 0.03125 0.05
0 0.4775 0.82 0.03125 0.05
0 0.51 0.82 0.03125 0.05
0 0.54625 0.82 0.03125 0.05
0 0.5775 0.82 0.03125 0.05
0 0.61125 0.8225 0.03125 0.05
0 0.64625 0.82125 0.03125 0.05
0 0.4825 0.2675 0.03 0.05
0 0.5125 0.265 0.03 0.05
0 0.55 0.265 0.03 0.05
0 0.58 0.26625 0.03 0.05
0 0.6125 0.2675 0.03 0.05
0 0.645 0.26625 0.03 0.05
0 0.51375 0.3175 0.03 0.05
0 0.58375 0.5125 0.03125 0.04625
0 0.6125 0.68 0.03125 0.0475
0 0.6475 0.5075 0.02375 0.04125
0 0.28875 0.645 0.045 0.11125
0 0.34 0.6475 0.045 0.11125
0 0.38875 0.645 0.045 0.11
0 0.43625 0.64875 0.045 0.11125
0 0.29625 0.52625 0.04375 0.11125
0 0.3475 0.525 0.04375 0.11125
0 0.4 0.5275 0.04375 0.11125
0 0.4375 0.77625 0.05 0.1175
0 0.445 0.53 0.04375 0.11125
0 0.34 0.40125 0.04375 0.11625
0 0.39 0.40125 0.04375 0.11625
0 0.4375 0.4075 0.04375 0.11625
0 0.28625 0.30375 0.0425 0.06625
0 0.34 0.2975 0.04375 0.0625
0 0.385 0.2975 0.05 0.06875
0 0.44 0.295 0.0475 0.06875
0 0.2925 0.39875 0.04375 0.11625
0 0.38875 0.77375 0.05 0.1175
0 0.33875 0.7775 0.05 0.1175
0 0.285 0.78125 0.05 0.1175
0 0.48375 0.55875 0.03 0.04625
0 0.51875 0.555 0.03 0.0425
0 0.55375 0.55875 0.03 0.04
0 0.58625 0.55875 0.03 0.04
0 0.61625 0.5575 0.03 0.04
0 0.64875 0.55625 0.03 0.04
0 0.4825 0.62875 0.03125 0.0475
0 0.5125 0.63 0.03125 0.0475
0 0.545 0.63125 0.03125 0.04625
0 0.57875 0.6325 0.0325 0.04625
0 0.61375 0.63 0.0325 0.0475
0 0.64875 0.62875 0.03125 0.0475
0 0.48 0.68125 0.0325 0.0475
0 0.515 0.68125 0.03125 0.0475
0 0.54875 0.68125 0.03125 0.0475
0 0.57875 0.68125 0.03125 0.0475
0 0.645 0.68125 0.03125 0.04625
0 0.61625 0.50875 0.03125 0.04625
0 0.47875 0.765 0.03125 0.05