0 0.66375 0.72375 0.0425 0.1325
0 0.62375 0.705 0.02875 0.12625
0 0.32 0.35 0.00875 0.05875
0 0.845 0.57375 0.06 0.1425
0 0.44125 0.37375 0.01125 0.06
0 0.45625 0.38125 0.01375 0.05125
0 0.47375 0.38 0.0125 0.055
0 0.49 0.38 0.01875 0.065
0 0.51 0.3875 0.015 0.07125
0 0.53125 0.39 0.0225 0.0625
0 0.555 0.38625 0.02 0.075
0 0.58 0.39125 0.02 0.0675
0 0.605 0.39625 0.025 0.07625
0 0.63125 0.3975 0.02125 0.07125
0 0.49625 0.07125 0.015 0.08
0 0.4775 0.07375 0.0175 0.08
0 0.44 0.085 0.02875 0.07125
0 0.8675 0.155 0.01375 0.09625
0 0.8425 0.15 0.03 0.105
0 0.81125 0.155 0.03 0.1025
0 0.78875 0.56375 0.04375 0.13125
0 0.7825 0.15375 0.02625 0.10125
0 0.74 0.5525 0.0425 0.12875
0 0.655 0.53125 0.03375 0.12
0 0.34375 0.35375 0.01125 0.05875
0 0.35875 0.3575 0.01375 0.0625
0 0.3725 0.36 0.01 0.06375
0 0.68375 0.40625 0.0175 0.08375
0 0.29125 0.43125 0.01875 0.075
0 0.32375 0.4375 0.03125 0.0775
0 0.36875 0.4525 0.0275 0.08875
0 0.38375 0.35875 0.00875 0.0575
0 0.3975 0.36875 0.0125 0.0525
0 0.41 0.37 0.01125 0.0525
0 0.42625 0.37 0.015 0.05375
0 0.40125 0.46375 0.03125 0.0925
0 0.4425 0.46875 0.03625 0.09
0 0.48 0.48125 0.03375 0.095
0 0.52 0.48875 0.04 0.10625
0 0.56375 0.5 0.045 0.10875
0 0.61875 0.52 0.03 0.11375
0 0.695 0.54125 0.035 0.12125
0 0.3775 0.27125 0.01125 0.055
0 0.7525 0.15875 0.02875 0.095
0 0.695 0.15625 0.0225 0.095
0 0.56 0.2825 0.0175 0.06375
0 0.53875 0.2825 0.01625 0.06375
0 0.52 0.285 0.01375 0.0575
0 0.505 0.28125 0.015 0.06125
0 0.4875 0.28875 0.0125 0.04625
0 0.47125 0.2875 0.015 0.04875
0 0.45375 0.285 0.00875 0.04875
0 0.43375 0.285 0.01875 0.04375
0 0.4175 0.275 0.0125 0.06
0 0.40375 0.27375 0.0125 0.06
0 0.39125 0.27375 0.0075 0.055
0 0.855 0.43375 0.0325 0.08875
0 0.8225 0.4275 0.02375 0.0925
0 0.7925 0.4225 0.02875 0.09375
0 0.76125 0.42125 0.0225 0.08625
0 0.73375 0.41375 0.02125 0.08875
0 0.65875 0.4025 0.0175 0.07375
0 0.5825 0.28375 0.025 0.0675
0 0.7225 0.1575 0.0275 0.09875
0 0.61125 0.2775 0.02375 0.07625
0 0.68875 0.2825 0.025 0.09125
0 0.67 0.15625 0.0225 0.10125
0 0.6375 0.15875 0.02875 0.0975
0 0.6075 0.1625 0.02625 0.09375
0 0.585 0.16625 0.0175 0.095
0 0.56125 0.16375 0.025 0.095
0 0.5325 0.165 0.025 0.09375
0 0.50875 0.17375 0.02 0.08125
0 0.49 0.17375 0.01375 0.0775
0 0.4725 0.17375 0.01875 0.08125
0 0.4525 0.17375 0.01625 0.0775
0 0.4325 0.18625 0.01875 0.0675
0 0.8575 0.28625 0.0325 0.09
0 0.825 0.28875 0.0275 0.09125
0 0.79625 0.28875 0.0275 0.08875
0 0.7675 0.28875 0.02625 0.08625
0 0.73875 0.28125 0.0275 0.09125
0 0.7125 0.28125 0.02 0.09
0 0.645 0.27875 0.03 0.09125
0 0.365 0.27375 0.01125 0.0525
0 0.2725 0.425 0.01125 0.07125
0 0.3275 0.27 0.01625 0.05875
0 0.29875 0.57 0.0125 0.07875
0 0.31625 0.575 0.015 0.075
0 0.3475 0.27125 0.01625 0.0525
0 0.34875 0.59125 0.01375 0.0775
0 0.36625 0.59625 0.01625 0.08
0 0.38375 0.60625 0.01125 0.0875
0 0.4025 0.6125 0.015 0.09
0 0.4225 0.62125 0.02125 0.0925
0 0.44125 0.63125 0.015 0.09375
0 0.46125 0.64125 0.01625 0.08875
0 0.28375 0.5625 0.01375 0.075
0 0.485 0.65125 0.025 0.09875
0 0.70375 0.0425 0.02125 0.085
0 0.72875 0.04125 0.02 0.08125
0 0.7525 0.0425 0.02 0.0825
0 0.78375 0.0375 0.02875 0.07375
0 0.815 0.0375 0.0275 0.06625
0 0.85375 0.0375 0.03625 0.06125
0 0.51 0.66125 0.02 0.10125
0 0.535 0.67125 0.02 0.10375
0 0.56125 0.685 0.025 0.11
0 0.59125 0.68875 0.02875 0.12625
0 0.6775 0.0475 0.02625 0.08375
0 0.26625 0.555 0.01 0.0625
0 0.33125 0.58625 0.0125 0.075
0 0.8175 0.785 0.0575 0.14125
0 0.29625 0.265 0.0175 0.05625
0 0.33125 0.35125 0.00875 0.0575
0 0.30875 0.35 0.01125 0.055
0 0.29375 0.3475 0.00875 0.05125
0 0.26375 0.3425 0.02125 0.0575
0 0.75875 0.76875 0.04 0.13625
0 0.71375 0.74375 0.04 0.13375
0 0.515 0.07 0.01875 0.08375
0 0.53625 0.065 0.01875 0.08625
0 0.56 0.05875 0.0225 0.09
0 0.58375 0.06 0.025 0.08375
0 0.6075 0.06125 0.01125 0.06875
0 0.62625 0.05375 0.02125 0.08375
0 0.65 0.04875 0.02125 0.08375
0 0.71 0.40875 0.0225 0.0825