0 0.2575 0.8125 0.015 0.06
0 0.27875 0.8225 0.0125 0.06625
0 0.3 0.8175 0.01875 0.07125
0 0.3225 0.8325 0.0175 0.05
0 0.34375 0.8475 0.01875 0.05875
0 0.37125 0.85375 0.02375 0.0775
0 0.39375 0.855 0.0175 0.05875
0 0.1625 0.79 0.02375 0.04375
0 0.2825 0.66 0.02375 0.05875
0 0.19625 0.5575 0.01875 0.0525
0 0.15 0.54375 0.0325 0.06375
0 0.15625 0.635 0.02375 0.05375
0 0.19875 0.64 0.025 0.05875
0 0.225 0.65125 0.01875 0.05
0 0.25375 0.655 0.01875 0.0575
0 0.235 0.8025 0.01875 0.045
0 0.21375 0.7975 0.01375 0.0475
0 0.1875 0.795 0.0275 0.045
0 0.41625 0.865 0.025 0.05375
0 0.45 0.8775 0.0225 0.05625
0 0.6 0.07 0.03875 0.09
0 0.50375 0.8925 0.02125 0.0575
0 0.22 0.56125 0.02 0.05875
0 0.18 0.11125 0.02125 0.085
0 0.23125 0.07125 0.02125 0.08
0 0.32875 0.1 0.0275 0.075
0 0.42625 0.09 0.0275 0.08375
0 0.46625 0.085 0.0375 0.08375
0 0.51125 0.08 0.02875 0.095
0 0.55125 0.08125 0.045 0.09125
0 0.47625 0.88375 0.01875 0.05875
0 0.6475 0.0725 0.04875 0.0925
0 0.7025 0.06875 0.03875 0.105
0 0.84625 0.9375 0.05625 0.075
0 0.75875 0.9125 0.06875 0.075
0 0.69875 0.925 0.02875 0.1125
0 0.66375 0.91875 0.02625 0.115
0 0.63 0.90875 0.0275 0.10875
0 0.59625 0.9025 0.0325 0.10875
0 0.5625 0.90125 0.025 0.07125
0 0.765 0.055 0.05375 0.10125
0 0.25 0.56125 0.02 0.05625
0 0.1425 0.77625 0.0125 0.05
0 0.31375 0.56625 0.01875 0.0575
0 0.66875 0.38125 0.025 0.07375
0 0.63125 0.38125 0.0375 0.075
0 0.5975 0.38125 0.02875 0.075
0 0.5675 0.375 0.02375 0.0775
0 0.53375 0.38125 0.0275 0.07
0 0.50125 0.36875 0.03125 0.08375
0 0.7025 0.3825 0.0375 0.08125
0 0.44125 0.36625 0.02375 0.0825
0 0.3775 0.3625 0.02375 0.08125
0 0.3525 0.36 0.02375 0.075
0 0.32625 0.36375 0.025 0.07875
0 0.29375 0.3625 0.02375 0.075
0 0.2125 0.3525 0.01875 0.06875
0 0.19375 0.355 0.01625 0.07125
0 0.405 0.36875 0.03125 0.075
0 0.73875 0.51625 0.035 0.0725
0 0.7425 0.3875 0.0325 0.0675
0 0.83375 0.495 0.04375 0.09875
0 0.1575 0.11625 0.0225 0.08
0 0.2325 0.25 0.02375 0.245
0 0.1425 0.24375 0.0225 0.1
0 0.28375 0.25625 0.03 0.06625
0 0.3175 0.25375 0.02625 0.07125
0 0.35125 0.2525 0.03 0.07
0 0.385 0.2525 0.02625 0.07125
0 0.28 0.5675 0.0275 0.065
0 0.41875 0.25 0.025 0.0775
0 0.45625 0.25 0.03125 0.08125
0 0.4925 0.24875 0.02875 0.0775
0 0.52875 0.25375 0.03 0.07875
0 0.61125 0.2475 0.0325 0.09
0 0.6575 0.2425 0.03625 0.09
0 0.7575 0.23875 0.04875 0.0975
0 0.17 0.35125 0.01875 0.07
0 0.1475 0.35375 0.0175 0.0675
0 0.57 0.25625 0.03 0.09625
0 0.2025 0.46625 0.0175 0.065
0 0.585 0.61625 0.02875 0.055
0 0.62125 0.6175 0.0225 0.06875
0 0.65125 0.63 0.0225 0.0575
0 0.68625 0.62625 0.03 0.05875
0 0.33875 0.575 0.0225 0.06
0 0.175 0.46375 0.0225 0.06
0 0.5275 0.61 0.03 0.04375
0 0.41125 0.5825 0.03 0.0625
0 0.35375 0.68125 0.02 0.04625
0 0.37625 0.6925 0.01625 0.0375
0 0.40375 0.69375 0.0225 0.05
0 0.43125 0.6975 0.0225 0.05125
0 0.45875 0.69375 0.03 0.055
0 0.50625 0.71375 0.03625 0.06
0 0.56375 0.725 0.02375 0.0575
0 0.46875 0.595 0.025 0.06875
0 0.85125 0.81 0.0475 0.10625
0 0.23 0.475 0.02375 0.0475
0 0.25875 0.4775 0.025 0.05
0 0.335 0.4675 0.0225 0.05875
0 0.36125 0.46875 0.0225 0.07125
0 0.39375 0.47125 0.025 0.07
0 0.42125 0.47625 0.01875 0.075
0 0.595 0.74 0.0225 0.05625
0 0.47625 0.48375 0.025 0.07625
0 0.55625 0.61125 0.01625 0.05125
0 0.50875 0.48875 0.0225 0.08125
0 0.7775 0.7875 0.0825 0.11
0 0.75625 0.655 0.04625 0.04875
0 0.81125 0.675 0.05625 0.04125
0 0.7175 0.6375 0.0225 0.0625
0 0.5375 0.50375 0.025 0.06125
0 0.60875 0.505 0.02375 0.06125