0 0.72875 0.46 0.0825 0.025
0 0.73 0.43375 0.08 0.02625
0 0.26625 0.405 0.12375 0.025
0 0.72875 0.405 0.0825 0.02625
0 0.63125 0.4025 0.10875 0.0225
0 0.5125 0.4625 0.11625 0.025
0 0.51125 0.43375 0.115 0.0275
0 0.51 0.405 0.11875 0.0275
0 0.26875 0.43375 0.12125 0.02875
0 0.63 0.46125 0.1125 0.025
0 0.38875 0.405 0.11875 0.02375
0 0.59125 0.86625 0.09375 0.015
0 0.39375 0.46125 0.11625 0.0275
0 0.2725 0.46125 0.12125 0.02625
0 0.1675 0.465 0.085 0.0225
0 0.16625 0.4375 0.08125 0.02625
0 0.165 0.41125 0.07625 0.0275
0 0.79 0.435 0.035 0.12
0 0.78875 0.63 0.06125 0.26
0 0.59 0.8825 0.09375 0.015
0 0.48875 0.91625 0.09625 0.035
0 0.49 0.88875 0.09625 0.01625
0 0.49 0.8725 0.095 0.0125
0 0.39125 0.43125 0.11875 0.0275
0 0.63 0.4325 0.11625 0.0275
0 0.2525 0.3575 0.1025 0.02375
0 0.82 0.33 0.01625 0.12375
0 0.31125 0.33375 0.0175 0.02125
0 0.31 0.3075 0.01875 0.02375
0 0.24875 0.305 0.1 0.025
0 0.1625 0.3575 0.07375 0.02375
0 0.16125 0.33125 0.0725 0.02625
0 0.16125 0.3025 0.07125 0.02625
0 0.235 0.24625 0.1075 0.02375
0 0.235 0.22 0.1075 0.02625
0 0.23125 0.19 0.1075 0.02625
0 0.3 0.24625 0.0175 0.02375
0 0.30125 0.22 0.01875 0.02375
0 0.2975 0.1925 0.01875 0.02625
0 0.36375 0.24625 0.10375 0.02125
0 0.36375 0.2225 0.10375 0.02375
0 0.36 0.19375 0.10375 0.0275
0 0.31375 0.3575 0.01625 0.02125
0 0.42875 0.24875 0.02 0.02375
0 0.25 0.3325 0.10125 0.02375
0 0.435 0.3075 0.01875 0.025
0 0.7525 0.335 0.11625 0.0225
0 0.74875 0.30875 0.11375 0.02625
0 0.59 0.91 0.09375 0.03625
0 0.75375 0.36 0.1125 0.02375
0 0.68625 0.36125 0.02 0.0225
0 0.62 0.36 0.10875 0.025
0 0.63 0.3325 0.11125 0.02375
0 0.62875 0.30625 0.11375 0.0275
0 0.50375 0.3575 0.11875 0.0275
0 0.50875 0.3275 0.12125 0.02875
0 0.51 0.29625 0.12 0.03
0 0.37375 0.35875 0.0975 0.02375
0 0.3725 0.33375 0.1 0.0225
0 0.43375 0.36 0.0175 0.0225
0 0.43375 0.335 0.01875 0.02375
0 0.3725 0.30875 0.1 0.02375
0 0.81875 0.44875 0.01875 0.11125
0 0.4275 0.2225 0.01875 0.02375
0 0.50125 0.24625 0.1225 0.0325
0 0.6 0.0875 0.0325 0.11
0 0.5675 0.09 0.02875 0.10625
0 0.5375 0.09 0.0275 0.10625
0 0.5075 0.09 0.02625 0.10625
0 0.47625 0.085 0.0325 0.11375
0 0.4425 0.08375 0.03125 0.11375
0 0.40875 0.08375 0.03125 0.11375
0 0.37625 0.08375 0.03125 0.11625
0 0.3425 0.0825 0.0325 0.11375
0 0.31 0.08625 0.02875 0.10875
0 0.27875 0.085 0.0275 0.10875
0 0.25 0.0875 0.02875 0.1
0 0.21875 0.08625 0.02875 0.1
0 0.19 0.085 0.02875 0.1025
0 0.84125 0.2525 0.02375 0.1425
0 0.63 0.0925 0.025 0.10625
0 0.42625 0.195 0.0225 0.02625
0 0.65875 0.09375 0.02875 0.1025
0 0.7225 0.09625 0.01625 0.1
0 0.5 0.2125 0.1225 0.0325
0 0.50125 0.18 0.125 0.03125
0 0.69125 0.25 0.0175 0.02375
0 0.69 0.22375 0.0175 0.02625
0 0.6925 0.19625 0.01875 0.025
0 0.6225 0.25 0.115 0.025
0 0.6225 0.2225 0.115 0.025
0 0.62375 0.195 0.115 0.025
0 0.76 0.25 0.115 0.025
0 0.76 0.2225 0.1175 0.02625
0 0.76375 0.195 0.11875 0.02875
0 0.81875 0.0975 0.02375 0.0975
0 0.79375 0.0975 0.0225 0.09625
0 0.76875 0.09625 0.02375 0.0975
0 0.74375 0.09625 0.0225 0.0975
0 0.69375 0.0875 0.035 0.1125
0 0.68875 0.86625 0.09875 0.01625
0 0.17875 0.935 0.10625 0.0175
0 0.6875 0.91125 0.0975 0.035
0 0.285 0.63375 0.115 0.0225
0 0.28625 0.66 0.115 0.02625
0 0.175 0.615 0.09875 0.02125
0 0.175 0.63875 0.1 0.02125
0 0.17625 0.66125 0.1025 0.02125
0 0.17125 0.5175 0.08625 0.0225
0 0.17375 0.5425 0.09125 0.02375
0 0.175 0.56625 0.09375 0.02125
0 0.28125 0.5625 0.1175 0.02625
0 0.28 0.535 0.11625 0.02625
0 0.27625 0.50875 0.1175 0.02625
0 0.3975 0.515 0.10875 0.0275
0 0.3975 0.54 0.11 0.02
0 0.39875 0.5625 0.1075 0.02125
0 0.51125 0.5075 0.11125 0.0225
0 0.51125 0.5325 0.1125 0.025
0 0.51 0.56 0.10875 0.02625
0 0.1775 0.71 0.10375 0.02125
0 0.17875 0.73125 0.10625 0.0175
0 0.285 0.60875 0.115 0.025
0 0.4025 0.6575 0.11375 0.02875
0 0.40125 0.63 0.11125 0.025
0 0.40125 0.60625 0.1125 0.0225
0 0.72 0.53125 0.0725 0.025
0 0.71875 0.56 0.075 0.02625
0 0.62875 0.50625 0.1125 0.02125
0 0.62625 0.5325 0.11375 0.0275
0 0.62375 0.56125 0.1125 0.025
0 0.8475 0.51625 0.0525 0.01875
0 0.84875 0.5375 0.0525 0.01875
0 0.84875 0.56125 0.0525 0.0225
0 0.8475 0.6125 0.05375 0.02
0 0.18 0.7525 0.10875 0.02125
0 0.8475 0.6325 0.05375 0.0175
0 0.72125 0.60375 0.07 0.01875
0 0.72125 0.62625 0.07125 0.02375
0 0.72 0.6525 0.0725 0.0275
0 0.6275 0.6525 0.11 0.02625
0 0.63 0.625 0.10875 0.02375
0 0.6275 0.6025 0.11125 0.0175
0 0.515 0.605 0.11125 0.02
0 0.51625 0.62875 0.1125 0.02375
0 0.51625 0.655 0.11 0.02625
0 0.8475 0.65375 0.05375 0.02
0 0.72125 0.50625 0.06875 0.0225
0 0.28625 0.7025 0.11375 0.02
0 0.29 0.74875 0.11125 0.02125
0 0.5125 0.7825 0.10875 0.01875
0 0.5125 0.80625 0.105 0.0225
0 0.51375 0.8325 0.105 0.0225
0 0.40375 0.7875 0.1075 0.02125
0 0.40375 0.81 0.1075 0.02125
0 0.40375 0.83375 0.1075 0.0225
0 0.29125 0.7925 0.10875 0.02125
0 0.29125 0.81375 0.11 0.02125
0 0.2925 0.8375 0.11125 0.02125
0 0.18 0.7975 0.10875 0.01875
0 0.18 0.82 0.11 0.01625
0 0.18 0.8425 0.10875 0.0225
0 0.1775 0.89625 0.10375 0.01875
0 0.38375 0.92 0.09625 0.0375
0 0.385 0.8925 0.09625 0.01375
0 0.385 0.87625 0.0975 0.01375
0 0.2825 0.92375 0.09625 0.03625
0 0.28 0.8975 0.09625 0.015
0 0.28125 0.88 0.1 0.015
0 0.6225 0.78125 0.10625 0.01875
0 0.62125 0.80375 0.105 0.0225
0 0.62 0.82875 0.105 0.025
0 0.7275 0.82875 0.105 0.025
0 0.4025 0.70125 0.10875 0.02125
0 0.4025 0.725 0.10875 0.02375
0 0.4025 0.75 0.11 0.02125
0 0.6875 0.885 0.09625 0.015
0 0.51375 0.71875 0.1075 0.02375
0 0.51375 0.6975 0.1075 0.0175
0 0.625 0.69375 0.105 0.02
0 0.62375 0.7175 0.10625 0.025
0 0.62375 0.74375 0.1075 0.02375
0 0.29 0.72625 0.11125 0.02125
0 0.71875 0.6925 0.07375 0.02
0 0.7175 0.7425 0.07625 0.02375
0 0.84625 0.7025 0.05 0.01625
0 0.84625 0.72125 0.05 0.01625
0 0.84625 0.74375 0.05 0.025
0 0.84 0.78625 0.06875 0.0175
0 0.83875 0.8075 0.07 0.0175
0 0.8375 0.8275 0.07375 0.0175
0 0.7325 0.78125 0.1075 0.02
0 0.73 0.80375 0.10375 0.0225
0 0.7175 0.71625 0.07625 0.02375
0 0.1775 0.91625 0.10375 0.01625
0 0.515 0.745 0.1075 0.02375
0 0.76125 0.89375 0.04125 0.06375
0 0.8075 0.89375 0.04375 0.06625