0 0.6525 0.295 0.02375 0.05875
0 0.62625 0.2975 0.02625 0.055
0 0.595 0.3 0.03125 0.04875
0 0.38 0.2925 0.025 0.05625
0 0.41125 0.29125 0.03125 0.0575
0 0.47625 0.29625 0.02625 0.055
0 0.445 0.29125 0.03375 0.06
0 0.50375 0.295 0.025 0.05875
0 0.53125 0.29625 0.025 0.05875
0 0.6775 0.28625 0.02375 0.02
0 0.56 0.29875 0.02875 0.0525
0 0.67875 0.31 0.025 0.02625
0 0.37375 0.75 0.03875 0.06125
0 0.74 0.2975 0.02875 0.05625
0 0.7675 0.28875 0.01875 0.07375
0 0.79 0.29375 0.025 0.06375
0 0.83125 0.285 0.05375 0.0575
0 0.85625 0.39 0.03625 0.04625
0 0.3525 0.29125 0.025 0.0575
0 0.81625 0.395 0.0375 0.03375
0 0.785 0.38625 0.02125 0.0525
0 0.7575 0.3825 0.02875 0.06375
0 0.7275 0.385 0.02375 0.06
0 0.7025 0.385 0.0225 0.0625
0 0.6775 0.385 0.02375 0.06
0 0.70875 0.30625 0.03125 0.03875
0 0.325 0.29 0.025 0.055
0 0.7125 0.76 0.04125 0.07
0 0.62625 0.66875 0.04125 0.055
0 0.34125 0.75 0.02125 0.06
0 0.31625 0.75125 0.0225 0.05625
0 0.29125 0.75125 0.02125 0.055
0 0.29125 0.83375 0.02125 0.05875
0 0.3125 0.835 0.01875 0.0575
0 0.335 0.83625 0.01875 0.06
0 0.35875 0.84 0.02125 0.0525
0 0.64625 0.4025 0.03 0.02125
0 0.40625 0.75375 0.01875 0.05625
0 0.42875 0.75375 0.02125 0.055
0 0.45125 0.755 0.02 0.05625
0 0.48375 0.7575 0.035 0.05125
0 0.51625 0.755 0.0275 0.06375
0 0.5475 0.76375 0.0275 0.055
0 0.57625 0.765 0.0275 0.04875
0 0.60375 0.75875 0.02 0.0625
0 0.6325 0.7625 0.02625 0.06125
0 0.6575 0.7675 0.0225 0.0525
0 0.68125 0.77 0.01875 0.04625
0 0.75875 0.765 0.04375 0.0625
0 0.84125 0.83 0.065 0.13375
0 0.7525 0.685 0.01625 0.03625
0 0.72125 0.68375 0.04125 0.03625
0 0.68625 0.6625 0.025 0.07125
0 0.66 0.67 0.02125 0.0575
0 0.295 0.28125 0.03 0.06875
0 0.62 0.385 0.02 0.0575
0 0.71875 0.85625 0.03875 0.055
0 0.5675 0.38375 0.02375 0.06125
0 0.63375 0.5775 0.02125 0.06125
0 0.66625 0.59125 0.04125 0.0375
0 0.71125 0.59125 0.04375 0.03875
0 0.7575 0.59125 0.045 0.0375
0 0.78625 0.705 0.045 0.055
0 0.835 0.6675 0.03125 0.05375
0 0.86375 0.66875 0.02125 0.0525
0 0.79375 0.66125 0.0425 0.0275
0 0.79625 0.63125 0.04375 0.02875
0 0.80625 0.59625 0.04375 0.03375
0 0.8125 0.56625 0.0375 0.02125
0 0.81125 0.54 0.03625 0.02375
0 0.8125 0.49875 0.0325 0.05
0 0.85 0.5725 0.03125 0.0575
0 0.84875 0.485 0.035 0.0525
0 0.5925 0.6675 0.02125 0.05875
0 0.75375 0.4825 0.02375 0.06
0 0.61 0.57625 0.0225 0.0625
0 0.58125 0.57375 0.025 0.0675
0 0.54375 0.5875 0.04375 0.03125
0 0.50875 0.575 0.01875 0.05625
0 0.57 0.66625 0.02 0.05875
0 0.51625 0.665 0.04 0.05625
0 0.48125 0.65625 0.02375 0.065
0 0.44875 0.6625 0.0375 0.055
0 0.4175 0.6625 0.02125 0.055
0 0.395 0.6625 0.02 0.055
0 0.37125 0.66125 0.02 0.05375
0 0.34875 0.6625 0.01875 0.0525
0 0.72625 0.48375 0.0275 0.05875
0 0.325 0.655 0.025 0.0675
0 0.3075 0.56875 0.05375 0.0525
0 0.35125 0.56875 0.0225 0.0575
0 0.37375 0.57125 0.02 0.055
0 0.395 0.57125 0.02 0.055
0 0.41875 0.57125 0.0225 0.055
0 0.4425 0.5725 0.02 0.05125
0 0.46375 0.5725 0.02 0.05375
0 0.4875 0.57375 0.02125 0.05625
0 0.295 0.655 0.02875 0.065
0 0.595 0.385 0.02125 0.05875
0 0.7 0.48 0.0225 0.06625
0 0.65125 0.4825 0.02375 0.05875
0 0.50625 0.40125 0.03125 0.02125
0 0.4275 0.85375 0.02375 0.0375
0 0.45375 0.85375 0.025 0.0375
0 0.48 0.8525 0.025 0.045
0 0.52625 0.845 0.02125 0.065
0 0.55 0.8475 0.02375 0.06375
0 0.57375 0.84875 0.01875 0.0625
0 0.60125 0.8525 0.03125 0.05375
0 0.62875 0.8525 0.02125 0.05625
0 0.65 0.8525 0.0175 0.05625
0 0.67875 0.855 0.03625 0.06
0 0.74875 0.85625 0.01875 0.055
0 0.77125 0.8575 0.0225 0.05875
0 0.79625 0.85875 0.0225 0.0675
0 0.5075 0.37875 0.03125 0.01375
0 0.53875 0.38 0.0275 0.015
0 0.53875 0.40125 0.03 0.02375
0 0.47875 0.38375 0.0225 0.05875
0 0.45625 0.38375 0.02 0.05875
0 0.4325 0.3825 0.02125 0.05875
0 0.40875 0.38125 0.01875 0.05875
0 0.6275 0.48125 0.0225 0.0575
0 0.6025 0.47625 0.02375 0.06625
0 0.57625 0.48125 0.025 0.0575
0 0.55 0.48125 0.02 0.055
0 0.52 0.49625 0.03 0.0225
0 0.52125 0.47 0.02625 0.02125
0 0.4925 0.49 0.0225 0.03375
0 0.4925 0.46125 0.02125 0.02
0 0.675 0.48375 0.0225 0.0575
0 0.46875 0.4775 0.0225 0.05625
0 0.41 0.4825 0.01875 0.0425
0 0.365 0.4775 0.0575 0.055
0 0.30625 0.47375 0.05375 0.05375
0 0.29 0.37875 0.0225 0.0575
0 0.31375 0.37875 0.0225 0.06
0 0.3375 0.38125 0.02 0.06
0 0.36125 0.38 0.02125 0.0625
0 0.385 0.38125 0.02125 0.05875
0 0.43875 0.47625 0.03125 0.05625
0 0.78125 0.47875 0.02625 0.0725
0 0.38125 0.84125 0.02 0.05375
0 0.4025 0.84125 0.02 0.0575