0 0.4975 0.605 0.04375 0.05625
0 0.3575 0.5925 0.0425 0.07625
0 0.575 0.62 0.02875 0.05625
0 0.6075 0.625 0.03125 0.0625
0 0.6375 0.6275 0.02875 0.0575
0 0.66875 0.63125 0.0275 0.0625
0 0.70875 0.62625 0.04875 0.07375
0 0.54125 0.61 0.0375 0.07875
0 0.45 0.605 0.0425 0.06375
0 0.32625 0.4975 0.0425 0.07625
0 0.315 0.58875 0.04125 0.06875
0 0.75375 0.685 0.0375 0.105
0 0.37375 0.4975 0.04625 0.07375
0 0.28125 0.49375 0.045 0.0775
0 0.23625 0.49 0.0375 0.0825
0 0.18625 0.49125 0.05375 0.07
0 0.20875 0.58125 0.06 0.07
0 0.4025 0.605 0.0475 0.0525
0 0.805 0.7025 0.06125 0.10125
0 0.2075 0.8 0.01875 0.1025
0 0.6575 0.73 0.02125 0.055
0 0.23125 0.8125 0.02625 0.1075
0 0.26875 0.82125 0.025 0.10625
0 0.2975 0.82375 0.03 0.1175
0 0.325 0.83 0.02375 0.10375
0 0.37875 0.85125 0.02875 0.09
0 0.40875 0.85375 0.02875 0.085
0 0.18125 0.80375 0.02875 0.10375
0 0.43875 0.845 0.03 0.11125
0 0.53875 0.86 0.02875 0.12
0 0.58875 0.86375 0.05375 0.11625
0 0.645 0.8725 0.05375 0.12625
0 0.695 0.87625 0.0425 0.1275
0 0.41375 0.49875 0.03375 0.07875
0 0.74625 0.88875 0.0525 0.125
0 0.47375 0.84375 0.03125 0.1225
0 0.18875 0.6725 0.0225 0.045
0 0.21125 0.68375 0.02 0.03875
0 0.23 0.6875 0.01625 0.04
0 0.635 0.725 0.0225 0.055
0 0.60625 0.72 0.0175 0.04875
0 0.585 0.72625 0.0225 0.05
0 0.56375 0.7225 0.01625 0.0525
0 0.54375 0.72125 0.02 0.05
0 0.525 0.71375 0.01625 0.05625
0 0.50125 0.7175 0.02625 0.05
0 0.445 0.71 0.02 0.04875
0 0.42375 0.70875 0.01875 0.045
0 0.3725 0.7025 0.0175 0.04625
0 0.33625 0.7 0.0175 0.0425
0 0.32 0.69875 0.0175 0.045
0 0.3 0.69625 0.01375 0.04375
0 0.285 0.69375 0.01375 0.045
0 0.25375 0.68625 0.01875 0.04125
0 0.85625 0.71 0.0375 0.1175
0 0.4475 0.525 0.02375 0.03125
0 0.26625 0.3775 0.03625 0.0725
0 0.52375 0.50375 0.03625 0.08375
0 0.56875 0.25375 0.03125 0.07875
0 0.535 0.25375 0.0325 0.0825
0 0.5 0.25125 0.03375 0.08875
0 0.46625 0.255 0.03 0.0725
0 0.43625 0.255 0.03125 0.0775
0 0.40375 0.2575 0.0325 0.07625
0 0.375 0.26 0.0225 0.0725
0 0.33875 0.2575 0.0325 0.075
0 0.30625 0.25625 0.025 0.07
0 0.27625 0.255 0.03125 0.07375
0 0.24625 0.25625 0.025 0.075
0 0.17625 0.2425 0.085 0.105
0 0.18375 0.37625 0.04625 0.07125
0 0.22625 0.37625 0.04 0.07125
0 0.79625 0.86375 0.045 0.1475
0 0.30125 0.3775 0.03375 0.07
0 0.34125 0.38 0.0375 0.07625
0 0.41125 0.38125 0.04125 0.0675
0 0.45125 0.38375 0.03625 0.07375
0 0.49375 0.385 0.04 0.07375
0 0.53875 0.38625 0.035 0.07625
0 0.58125 0.39 0.0425 0.0725
0 0.625 0.39 0.04125 0.08
0 0.66875 0.3925 0.0375 0.07375
0 0.71875 0.38375 0.0575 0.10375
0 0.6275 0.2475 0.075 0.095
0 0.4825 0.50375 0.03375 0.08625
0 0.69125 0.24625 0.0425 0.09375
0 0.77875 0.235 0.03375 0.07625
0 0.56125 0.51 0.03625 0.085
0 0.60125 0.50875 0.04375 0.095
0 0.64125 0.51 0.0325 0.0975
0 0.7025 0.51875 0.0575 0.0825
0 0.7625 0.5325 0.035 0.11375
0 0.80125 0.5375 0.0375 0.095
0 0.8475 0.57125 0.045 0.0425
0 0.8475 0.3725 0.05375 0.09625
0 0.78375 0.3675 0.06875 0.0875
0 0.19125 0.11625 0.07625 0.105
0 0.26375 0.1125 0.06375 0.10375
0 0.73625 0.26375 0.03625 0.065
0 0.32 0.12375 0.03375 0.0775
0 0.3925 0.12125 0.03375 0.0775
0 0.42625 0.12 0.03 0.07875
0 0.46625 0.10375 0.045 0.11125
0 0.51 0.1275 0.03875 0.06125
0 0.54875 0.12875 0.03375 0.0525
0 0.5925 0.1125 0.045 0.085
0 0.64 0.10875 0.0425 0.08875
0 0.68625 0.10875 0.05125 0.09
0 0.74 0.105 0.04875 0.095
0 0.79 0.10375 0.05125 0.09875
0 0.855 0.23375 0.03125 0.0775
0 0.815 0.23625 0.0275 0.07375
0 0.35625 0.1225 0.0375 0.08
0 0.85 0.885 0.05 0.16625