0 0.35375 0.63 0.0325 0.1025
0 0.32375 0.60625 0.02125 0.09875
0 0.23875 0.0425 0.02625 0.07875
0 0.3025 0.5875 0.02125 0.09375
0 0.275 0.57125 0.02125 0.08875
0 0.71625 0.72125 0.065 0.16875
0 0.57875 0.64875 0.04875 0.1275
0 0.38375 0.6475 0.02875 0.1075
0 0.63875 0.68 0.05625 0.1475
0 0.77875 0.7625 0.04625 0.1475
0 0.8325 0.7875 0.05875 0.15625
0 0.4175 0.65875 0.03125 0.05875
0 0.59 0.3375 0.035 0.10125
0 0.415 0.7075 0.035 0.03
0 0.45875 0.72625 0.025 0.04375
0 0.51125 0.74125 0.06875 0.0875
0 0.64625 0.85 0.05375 0.135
0 0.71375 0.89625 0.06625 0.16
0 0.7775 0.93375 0.05 0.125
0 0.83375 0.94625 0.05875 0.10625
0 0.535 0.625 0.03125 0.1225
0 0.85625 0.14 0.035 0.165
0 0.81 0.14 0.05125 0.165
0 0.755 0.1375 0.0525 0.16
0 0.5175 0.27625 0.04375 0.07
0 0.45 0.675 0.0325 0.0575
0 0.4875 0.6225 0.045 0.05875
0 0.37625 0.51 0.03 0.05875
0 0.36875 0.55875 0.02875 0.035
0 0.69875 0.33875 0.03125 0.1525
0 0.65625 0.3325 0.0525 0.13125
0 0.29625 0.035 0.07 0.06375
0 0.37125 0.035 0.0775 0.0625
0 0.44 0.03375 0.0425 0.04625
0 0.50875 0.02 0.05625 0.035
0 0.27125 0.1625 0.02125 0.06625
0 0.2925 0.165 0.02 0.05875
0 0.31375 0.16375 0.01875 0.06875
0 0.33375 0.16125 0.0175 0.07
0 0.74375 0.34125 0.055 0.14
0 0.43375 0.15875 0.0575 0.0975
0 0.495 0.16 0.01875 0.1
0 0.515 0.15875 0.02 0.095
0 0.53625 0.1575 0.02 0.095
0 0.565 0.16125 0.03625 0.10375
0 0.515 0.33875 0.05 0.055
0 0.5575 0.33375 0.0275 0.11
0 0.63 0.14625 0.03125 0.14375
0 0.67125 0.1425 0.04875 0.1475
0 0.7125 0.145 0.02875 0.15125
0 0.61875 0.34125 0.02125 0.11125
0 0.47625 0.1625 0.02 0.0975
0 0.40375 0.5775 0.0325 0.035
0 0.8025 0.355 0.045 0.1675
0 0.2825 0.37875 0.02625 0.0675
0 0.44375 0.5925 0.03375 0.04375
0 0.445 0.54375 0.0375 0.04125
0 0.41 0.52875 0.025 0.05
0 0.33 0.53125 0.03375 0.04625
0 0.305 0.51875 0.01625 0.03875
0 0.3375 0.48125 0.0325 0.05375
0 0.29875 0.4675 0.03625 0.0575
0 0.2525 0.46875 0.01875 0.0675
0 0.85 0.575 0.05 0.16875
0 0.79125 0.55125 0.065 0.1625
0 0.26125 0.37125 0.01375 0.07375
0 0.73 0.53125 0.05625 0.15625
0 0.63875 0.505 0.03875 0.15625
0 0.59875 0.49 0.0375 0.14875
0 0.56125 0.4775 0.035 0.13
0 0.52 0.4275 0.04375 0.0575
0 0.5125 0.49125 0.0375 0.0625
0 0.465 0.47125 0.04125 0.05125
0 0.46375 0.415 0.045 0.05625
0 0.42375 0.44 0.02125 0.09125
0 0.3775 0.445 0.02875 0.025
0 0.30875 0.3975 0.025 0.06625
0 0.68125 0.525 0.03625 0.1625
0 0.345 0.4 0.0375 0.06875
0 0.37125 0.29 0.02625 0.08875
0 0.3175 0.275 0.035 0.07125