0 0.31375 0.13 0.02125 0.09125
0 0.43625 0.1275 0.04375 0.095
0 0.38375 0.7725 0.03875 0.01375
0 0.44 0.75 0.04 0.03125
0 0.3775 0.745 0.04375 0.0275
0 0.33375 0.7775 0.045 0.01375
0 0.3325 0.7975 0.04125 0.01125
0 0.33125 0.83625 0.04125 0.01375
0 0.6625 0.12625 0.07375 0.1175
0 0.2825 0.8325 0.0425 0.01875
0 0.2575 0.12625 0.0225 0.0925
0 0.39625 0.13125 0.02875 0.08875
0 0.5425 0.14375 0.05 0.0675
0 0.3625 0.145 0.02125 0.0625
0 0.33875 0.14375 0.01875 0.0575
0 0.595 0.14 0.04625 0.08625
0 0.2875 0.12625 0.01875 0.08625
0 0.29375 0.77125 0.03125 0.00875
0 0.48375 0.15125 0.0425 0.0525
0 0.29625 0.5425 0.02375 0.08875
0 0.72 0.1725 0.03375 0.0325
0 0.23375 0.79375 0.04125 0.01375
0 0.72875 0.4525 0.03125 0.03875
0 0.6875 0.42375 0.045 0.09875
0 0.64875 0.44 0.02625 0.0675
0 0.6225 0.435 0.01625 0.07375
0 0.5975 0.4375 0.02625 0.07
0 0.56875 0.435 0.02125 0.07625
0 0.54375 0.435 0.0225 0.0725
0 0.5125 0.43 0.025 0.07375
0 0.765 0.4525 0.03125 0.0325
0 0.14875 0.40875 0.0175 0.06375
0 0.20625 0.41875 0.02375 0.07875
0 0.265 0.42 0.0175 0.07875
0 0.285 0.42 0.01 0.0775
0 0.30125 0.42125 0.0225 0.0775
0 0.32875 0.41875 0.0175 0.08375
0 0.35375 0.41875 0.01875 0.09
0 0.375 0.42625 0.01375 0.0725
0 0.39625 0.42625 0.0175 0.07625
0 0.42375 0.42125 0.02625 0.08625
0 0.17875 0.415 0.0225 0.08625
0 0.8275 0.42125 0.07125 0.1
0 0.855 0.3025 0.04 0.085
0 0.8075 0.30125 0.03625 0.07625
0 0.29125 0.78875 0.03125 0.0125
0 0.1875 0.78625 0.03375 0.0075
0 0.19625 0.77125 0.02375 0.00875
0 0.195 0.75625 0.02375 0.0075
0 0.2475 0.75 0.04125 0.015
0 0.76 0.17375 0.04 0.035
0 0.82 0.135 0.06875 0.11375
0 0.1475 0.285 0.0275 0.0725
0 0.19125 0.29125 0.045 0.05625
0 0.24375 0.27875 0.03875 0.09
0 0.28 0.27875 0.02375 0.09375
0 0.3075 0.2875 0.0225 0.07625
0 0.335 0.28375 0.0225 0.08375
0 0.36375 0.28625 0.02625 0.08625
0 0.39625 0.2875 0.02375 0.08625
0 0.4225 0.29 0.0225 0.0825
0 0.45 0.28875 0.025 0.07875
0 0.48375 0.295 0.02625 0.07625
0 0.51 0.295 0.02125 0.07125
0 0.685 0.2825 0.0725 0.1025
0 0.75125 0.29875 0.0425 0.08125
0 0.38125 0.78875 0.0425 0.015
0 0.43125 0.78625 0.0375 0.01125
0 0.63875 0.8025 0.04125 0.01
0 0.4275 0.805 0.035 0.0075
0 0.22625 0.12625 0.02625 0.09
0 0.38375 0.80375 0.04375 0.0075
0 0.17 0.13 0.0125 0.0725
0 0.15 0.13 0.01375 0.07125
0 0.1325 0.12875 0.01375 0.07625
0 0.53 0.69125 0.0375 0.04125
0 0.48125 0.67 0.04625 0.0725
0 0.43125 0.67375 0.03625 0.07125
0 0.3925 0.6725 0.0325 0.07
0 0.355 0.67125 0.03125 0.07625
0 0.31875 0.66125 0.0325 0.08625
0 0.2825 0.66125 0.03 0.085
0 0.25 0.6675 0.025 0.07125
0 0.2175 0.65875 0.03 0.085
0 0.19 0.66 0.01875 0.0825
0 0.86375 0.67625 0.0225 0.0775
0 0.8575 0.57125 0.03125 0.0675
0 0.3225 0.54375 0.01875 0.0875
0 0.34875 0.54125 0.02 0.09125
0 0.37375 0.5625 0.01875 0.05375
0 0.405 0.54875 0.03375 0.09
0 0.44625 0.55375 0.035 0.08
0 0.49125 0.55625 0.04125 0.075
0 0.53 0.64125 0.0275 0.03625
0 0.5275 0.5525 0.02 0.0825
0 0.6075 0.5625 0.04 0.0625
0 0.6475 0.56 0.03125 0.06375
0 0.68875 0.565 0.035 0.06375
0 0.73125 0.565 0.03125 0.07
0 0.775 0.57125 0.035 0.06125
0 0.8225 0.585 0.0175 0.035
0 0.5625 0.55625 0.0375 0.0825
0 0.57125 0.68375 0.035 0.0525
0 0.1925 0.12875 0.025 0.07875
0 0.6575 0.6775 0.0325 0.07375
0 0.6375 0.77875 0.04375 0.00625
0 0.61375 0.6775 0.03625 0.07125
0 0.685 0.82625 0.03375 0.0125
0 0.6825 0.84125 0.0375 0.01
0 0.635 0.83375 0.0425 0.01
0 0.27125 0.5425 0.0175 0.08375
0 0.64 0.79 0.04375 0.01125
0 0.64125 0.765 0.04375 0.0125
0 0.58375 0.78625 0.045 0.11375
0 0.5325 0.78125 0.0375 0.10375
0 0.48375 0.78 0.03625 0.1075
0 0.4325 0.82625 0.045 0.01
0 0.43125 0.8425 0.04125 0.01375
0 0.38125 0.84 0.0425 0.0075
0 0.38 0.82625 0.04375 0.01
0 0.8525 0.7975 0.045 0.09625
0 0.78625 0.7975 0.0375 0.085
0 0.685 0.77125 0.0325 0.01375
0 0.18375 0.82875 0.0375 0.01375
0 0.74875 0.6825 0.04 0.07625
0 0.78625 0.675 0.025 0.065
0 0.82625 0.6775 0.03625 0.07375
0 0.7375 0.82875 0.0425 0.04125
0 0.23125 0.83375 0.045 0.00875
0 0.23125 0.82125 0.0425 0.01
0 0.2475 0.54375 0.02 0.0825
0 0.195 0.55375 0.025 0.065
0 0.4825 0.42625 0.02625 0.08
0 0.45375 0.42875 0.02625 0.075
0 0.22375 0.545 0.02125 0.0875
0 0.69875 0.675 0.03125 0.07625