0 0.41625 0.46375 0.06625 0.06625
0 0.39 0.3775 0.0625 0.07875
0 0.33875 0.48125 0.065 0.065
0 0.26 0.45875 0.06875 0.06
0 0.1775 0.43375 0.0575 0.06875
0 0.21 0.5275 0.075 0.0725
0 0.49875 0.44375 0.065 0.065
0 0.47125 0.37 0.0675 0.075
0 0.5775 0.34125 0.03875 0.03625
0 0.4025 0.285 0.04125 0.05625
0 0.245 0.37625 0.0725 0.07
0 0.16875 0.35625 0.07125 0.075
0 0.535 0.34375 0.045 0.03875
0 0.285 0.5475 0.06625 0.0625
0 0.6725 0.37125 0.04375 0.035
0 0.62 0.36875 0.04 0.03625
0 0.5775 0.37875 0.0375 0.035
0 0.53375 0.3825 0.03875 0.03375
0 0.34625 0.28375 0.06375 0.055
0 0.2775 0.28625 0.07125 0.055
0 0.2 0.28625 0.0775 0.05625
0 0.32 0.38 0.0725 0.07625
0 0.3575 0.545 0.06 0.06
0 0.755 0.33 0.0325 0.03
0 0.495 0.50625 0.07125 0.05
0 0.21 0.5975 0.0725 0.06
0 0.5075 0.60625 0.07 0.04125
0 0.50875 0.65625 0.06875 0.0525
0 0.43625 0.65625 0.065 0.07875
0 0.30375 0.675 0.06 0.08375
0 0.4525 0.30625 0.03 0.02875
0 0.495 0.305 0.04375 0.03125
0 0.53875 0.305 0.03875 0.0275
0 0.595 0.29625 0.045 0.03625
0 0.6375 0.2975 0.03625 0.0325
0 0.67625 0.2975 0.035 0.03375
0 0.7125 0.29625 0.03375 0.03125
0 0.7475 0.29625 0.03375 0.03125
0 0.71375 0.33125 0.0325 0.02875
0 0.66875 0.3325 0.04875 0.03625
0 0.63 0.3325 0.02375 0.03
0 0.6075 0.3325 0.01625 0.02875
0 0.2925 0.60625 0.06875 0.04875
0 0.3675 0.60125 0.06625 0.04875
0 0.43875 0.5875 0.06 0.04875
0 0.505 0.56 0.055 0.05
0 0.42375 0.53 0.06 0.06125
0 0.36875 0.66875 0.06375 0.07875
0 0.86 0.485 0.02875 0.04
0 0.80625 0.38625 0.0225 0.03
0 0.67125 0.60125 0.04125 0.035
0 0.67625 0.565 0.04125 0.035
0 0.6775 0.5275 0.04125 0.0375
0 0.62875 0.6425 0.03875 0.03625
0 0.63125 0.6025 0.0375 0.0375
0 0.63125 0.565 0.0425 0.035
0 0.67125 0.63625 0.04 0.02875
0 0.6325 0.525 0.04375 0.03875
0 0.5775 0.61 0.0425 0.03375
0 0.575 0.575 0.04625 0.035
0 0.57625 0.5325 0.04875 0.04125
0 0.71375 0.48125 0.0275 0.02875
0 0.6775 0.48375 0.04125 0.02875
0 0.6175 0.485 0.04625 0.035
0 0.57625 0.64875 0.04375 0.03875
0 0.56375 0.49125 0.045 0.035
0 0.71875 0.5225 0.0375 0.0375
0 0.715 0.59375 0.035 0.03
0 0.825 0.54375 0.03125 0.03375
0 0.82625 0.5775 0.035 0.03125
0 0.79 0.5825 0.035 0.0325
0 0.78625 0.615 0.0275 0.0275
0 0.8225 0.6075 0.02625 0.02625
0 0.86125 0.5275 0.0275 0.035
0 0.71625 0.56 0.03625 0.0325
0 0.86375 0.415 0.02125 0.03125
0 0.7925 0.51375 0.03125 0.035
0 0.75125 0.61875 0.03375 0.0325
0 0.75375 0.58625 0.0325 0.03
0 0.755 0.55375 0.03125 0.03125
0 0.7575 0.51875 0.03125 0.03625
0 0.7125 0.6275 0.0375 0.03
0 0.86375 0.4475 0.02125 0.03
0 0.66125 0.44875 0.04625 0.0225
0 0.72125 0.44625 0.05125 0.02625
0 0.76875 0.4425 0.0325 0.02625
0 0.85875 0.33375 0.03125 0.015
0 0.82125 0.3325 0.0375 0.01625
0 0.835 0.35375 0.0375 0.025
0 0.8025 0.43875 0.03125 0.03125
0 0.78375 0.3575 0.0475 0.02
0 0.8275 0.50875 0.03375 0.03375
0 0.73125 0.36375 0.03625 0.03375
0 0.5475 0.4475 0.0275 0.045
0 0.6125 0.445 0.04125 0.035
0 0.6325 0.41 0.0325 0.0325
0 0.67 0.40875 0.03875 0.03375
0 0.79 0.54875 0.03125 0.03
0 0.74375 0.405 0.035 0.0325
0 0.7775 0.40125 0.03 0.03625
0 0.78625 0.31875 0.0275 0.02375
0 0.82125 0.3125 0.03875 0.02125
0 0.8575 0.31125 0.03 0.02375
0 0.7525 0.47875 0.04375 0.0375
0 0.79375 0.4775 0.03 0.0325
0 0.8225 0.4725 0.0275 0.035
0 0.835 0.415 0.03 0.05625
0 0.7075 0.40875 0.0325 0.0325