0 0.51375 0.40875 0.0325 0.1025
0 0.44625 0.525 0.0375 0.09625
0 0.475 0.40875 0.03875 0.10375
0 0.82625 0.41375 0.09625 0.0925
0 0.40625 0.52625 0.035 0.1
0 0.2475 0.52625 0.04 0.10125
0 0.76125 0.41625 0.02375 0.09375
0 0.72625 0.4175 0.03875 0.0925
0 0.42125 0.40875 0.03875 0.10125
0 0.64 0.41125 0.0475 0.1025
0 0.5925 0.415 0.035 0.0925
0 0.14375 0.5275 0.03625 0.1025
0 0.5525 0.41375 0.03875 0.09375
0 0.28875 0.52625 0.035 0.09875
0 0.68625 0.415 0.0325 0.09875
0 0.61625 0.75125 0.045 0.07875
0 0.58375 0.1575 0.02625 0.0925
0 0.7375 0.645 0.03875 0.0925
0 0.77875 0.645 0.03375 0.09125
0 0.8175 0.64625 0.03625 0.0925
0 0.8625 0.6475 0.025 0.095
0 0.15625 0.75375 0.06125 0.0675
0 0.22625 0.75375 0.0675 0.07
0 0.28375 0.14375 0.03875 0.11
0 0.24125 0.14375 0.03625 0.10625
0 0.18 0.1425 0.04125 0.105
0 0.2875 0.75125 0.04 0.06875
0 0.6975 0.64125 0.03375 0.09
0 0.3325 0.75125 0.04125 0.07375
0 0.42125 0.75125 0.0425 0.07
0 0.47875 0.75375 0.0375 0.07
0 0.14875 0.27625 0.0475 0.09125
0 0.1975 0.2775 0.04 0.08625
0 0.28375 0.27375 0.1125 0.1025
0 0.785 0.915 0.04 0.02125
0 0.85125 0.97375 0.04375 0.02125
0 0.85 0.94625 0.035 0.0175
0 0.8475 0.91375 0.04625 0.02125
0 0.74375 0.97125 0.03625 0.02375
0 0.375 0.75 0.04125 0.07
0 0.66 0.6425 0.035 0.09375
0 0.615 0.64 0.03875 0.08875
0 0.56375 0.64 0.03625 0.095
0 0.55375 0.15875 0.02625 0.09
0 0.49625 0.1575 0.0325 0.08625
0 0.46375 0.1525 0.02875 0.09625
0 0.6125 0.1625 0.02125 0.08375
0 0.785 0.155 0.045 0.09875
0 0.825 0.15625 0.02875 0.0925
0 0.85 0.1725 0.015 0.0675
0 0.48875 0.52875 0.0425 0.09875
0 0.53625 0.53125 0.04 0.09875
0 0.59625 0.53125 0.07 0.095
0 0.6475 0.53375 0.02625 0.09
0 0.68625 0.52625 0.03875 0.0975
0 0.7325 0.53125 0.03375 0.10125
0 0.77125 0.5325 0.03625 0.09875
0 0.80875 0.53125 0.03 0.095
0 0.845 0.53 0.03375 0.0975
0 0.3375 0.55875 0.04125 0.16375
0 0.21125 0.64125 0.05625 0.105
0 0.2925 0.6425 0.03125 0.10375
0 0.39125 0.64125 0.0325 0.09
0 0.4325 0.6425 0.04 0.08375
0 0.47875 0.64 0.04125 0.09125
0 0.52125 0.64125 0.03625 0.0925
0 0.7 0.95125 0.04125 0.05
0 0.6575 0.9675 0.03375 0.0225
0 0.35625 0.16375 0.0425 0.0725
0 0.57625 0.97 0.03625 0.02375
0 0.38125 0.41 0.03625 0.105
0 0.3375 0.97125 0.0325 0.0275
0 0.38375 0.91375 0.0325 0.02
0 0.345 0.91375 0.035 0.01875
0 0.255 0.97 0.04 0.02625
0 0.52375 0.755 0.04375 0.07125
0 0.56875 0.745 0.03375 0.07
0 0.22 0.9675 0.02375 0.03125
0 0.19625 0.94375 0.01375 0.03125
0 0.85 0.84875 0.04875 0.06625
0 0.7375 0.85625 0.0425 0.06125
0 0.68375 0.85125 0.04375 0.07
0 0.63625 0.85125 0.045 0.06875
0 0.59 0.85125 0.04125 0.07375
0 0.6175 0.96875 0.03375 0.02625
0 0.4975 0.84875 0.04125 0.07375
0 0.45125 0.85 0.04625 0.07375
0 0.40125 0.84875 0.0425 0.075
0 0.355 0.84875 0.04375 0.0725
0 0.22375 0.85 0.04375 0.06375
0 0.1775 0.85 0.0375 0.06875
0 0.14 0.8525 0.02875 0.06375
0 0.81875 0.75625 0.0475 0.07
0 0.7575 0.74375 0.065 0.07
0 0.68125 0.755 0.07875 0.0725
0 0.31875 0.4075 0.0375 0.09375
0 0.27125 0.405 0.03625 0.10375
0 0.54375 0.85 0.04625 0.07125
0 0.19125 0.405 0.03625 0.1025
0 0.41875 0.945 0.03875 0.02375
0 0.22625 0.40375 0.02875 0.1
0 0.42 0.97125 0.0375 0.02125
0 0.46 0.97125 0.035 0.0225
0 0.45625 0.93 0.02875 0.02625
0 0.50125 0.94625 0.03625 0.0225
0 0.49875 0.97125 0.03125 0.0225
0 0.3675 0.27 0.0425 0.105
0 0.45375 0.27875 0.03375 0.1
0 0.48875 0.27875 0.03125 0.09875
0 0.51875 0.28 0.02625 0.09625
0 0.55625 0.2725 0.04 0.10625
0 0.41375 0.27375 0.0425 0.0925
0 0.6975 0.27625 0.11375 0.10875
0 0.77 0.27875 0.0275 0.1025
0 0.37875 0.97125 0.03875 0.025
0 0.535 0.97 0.03375 0.0225
0 0.14625 0.4075 0.04125 0.09875
0 0.86625 0.28 0.01625 0.10375
0 0.8375 0.28 0.03125 0.10375
0 0.6 0.28 0.03875 0.09625
0 0.8025 0.2775 0.03 0.10125