0 0.76625 0.26625 0.01625 0.0725
0 0.525 0.14 0.0475 0.09
0 0.715 0.265 0.02 0.075
0 0.7875 0.265 0.0225 0.07625
0 0.81125 0.2625 0.01875 0.07625
0 0.835 0.26375 0.01875 0.075
0 0.17875 0.4025 0.03875 0.08
0 0.15625 0.1225 0.03625 0.1025
0 0.2425 0.1275 0.0425 0.10875
0 0.28375 0.12875 0.035 0.09875
0 0.32375 0.13 0.03625 0.1025
0 0.365 0.13375 0.035 0.10125
0 0.4075 0.1325 0.035 0.09625
0 0.445 0.13625 0.0325 0.0975
0 0.48 0.1425 0.03375 0.09125
0 0.65 0.14625 0.0175 0.08875
0 0.67625 0.14875 0.0275 0.08375
0 0.69875 0.15 0.0125 0.09125
0 0.72625 0.14875 0.02625 0.08375
0 0.75 0.1525 0.0175 0.08625
0 0.77625 0.155 0.02375 0.08125
0 0.81375 0.1575 0.025 0.0875
0 0.845 0.15375 0.03 0.08625
0 0.16875 0.26625 0.03625 0.0975
0 0.2125 0.2675 0.03625 0.09375
0 0.2575 0.265 0.04375 0.08875
0 0.61125 0.265 0.01875 0.0775
0 0.64125 0.26625 0.02375 0.07625
0 0.66625 0.2675 0.025 0.07625
0 0.6925 0.26625 0.0225 0.075
0 0.7425 0.26625 0.02375 0.0725
0 0.1975 0.12375 0.0375 0.0925
0 0.625 0.1425 0.02125 0.09125
0 0.25875 0.39875 0.04 0.08625
0 0.505 0.71375 0.03125 0.0675
0 0.47375 0.72125 0.0275 0.0775
0 0.44625 0.72625 0.02375 0.06875
0 0.415 0.73 0.03125 0.07375
0 0.38 0.73625 0.02875 0.05875
0 0.34625 0.74625 0.02625 0.0775
0 0.28375 0.755 0.03625 0.0775
0 0.22375 0.8725 0.02875 0.0625
0 0.24875 0.74375 0.02625 0.06375
0 0.51 0.6275 0.03125 0.07125
0 0.4775 0.63 0.02625 0.0725
0 0.4475 0.6375 0.02375 0.07125
0 0.42125 0.63875 0.02875 0.07625
0 0.38375 0.6425 0.03375 0.07625
0 0.34625 0.6475 0.03375 0.08
0 0.2825 0.655 0.03625 0.07625
0 0.21 0.77 0.035 0.0725
0 0.24 0.66375 0.03625 0.09125
0 0.26125 0.8675 0.03625 0.07625
0 0.36625 0.82375 0.02875 0.06875
0 0.66375 0.035 0.02125 0.0625
0 0.69 0.03125 0.025 0.0575
0 0.715 0.03875 0.0175 0.0725
0 0.74375 0.03875 0.03125 0.07
0 0.7775 0.045 0.01875 0.0775
0 0.82625 0.05375 0.02625 0.07
0 0.7575 0.725 0.03 0.09625
0 0.3 0.85625 0.035 0.06375
0 0.72875 0.72875 0.02625 0.09125
0 0.66 0.74125 0.03125 0.08875
0 0.62875 0.7525 0.03125 0.10625
0 0.59625 0.75875 0.025 0.10125
0 0.5025 0.8025 0.03625 0.05375
0 0.46625 0.8075 0.0275 0.06625
0 0.435 0.80875 0.02875 0.06375
0 0.40375 0.8175 0.0275 0.0775
0 0.22 0.4025 0.03375 0.0875
0 0.2 0.67 0.03875 0.08125
0 0.69625 0.73625 0.0375 0.0975
0 0.67125 0.6225 0.03875 0.10625
0 0.375 0.50875 0.025 0.0775
0 0.30375 0.5125 0.03 0.08125
0 0.265 0.51375 0.035 0.08125
0 0.22625 0.52125 0.035 0.0875
0 0.1875 0.52375 0.035 0.0875
0 0.8225 0.38 0.0275 0.08
0 0.7975 0.38 0.0175 0.0775
0 0.77625 0.38125 0.01875 0.0775
0 0.75125 0.38 0.02625 0.07625
0 0.72125 0.3825 0.02125 0.07875
0 0.4075 0.5025 0.0325 0.07375
0 0.695 0.38625 0.03125 0.08
0 0.6425 0.385 0.0275 0.085
0 0.61375 0.38625 0.0225 0.0875
0 0.51125 0.38875 0.03375 0.0775
0 0.4775 0.38875 0.03125 0.08
0 0.4425 0.3925 0.03 0.07875
0 0.41 0.3925 0.03125 0.0775
0 0.37375 0.39625 0.03125 0.08125
0 0.33625 0.395 0.03375 0.08
0 0.2975 0.4 0.035 0.08625
0 0.605 0.6325 0.0275 0.09375
0 0.66625 0.38375 0.0175 0.08125
0 0.44375 0.50125 0.02625 0.07
0 0.3375 0.51 0.02625 0.0775
0 0.5075 0.50125 0.0275 0.07
0 0.70625 0.61875 0.02375 0.09625
0 0.73625 0.61375 0.0325 0.09125
0 0.79375 0.60625 0.0375 0.1
0 0.8125 0.4925 0.02875 0.10375
0 0.77875 0.495 0.035 0.105
0 0.74375 0.4975 0.02625 0.1
0 0.71 0.5025 0.0325 0.1075
0 0.67375 0.50625 0.0325 0.10875
0 0.475 0.49875 0.02625 0.07375
0 0.63875 0.51125 0.0325 0.11125
0 0.60875 0.51125 0.02375 0.11