0 0.775 0.5475 0.02 0.0575
0 0.715 0.43125 0.03375 0.085
0 0.67125 0.54625 0.02625 0.0625
0 0.755 0.295 0.03 0.0875
0 0.7075 0.29875 0.0425 0.085
0 0.67 0.29875 0.03 0.085
0 0.6325 0.3075 0.03375 0.08
0 0.59625 0.305 0.035 0.085
0 0.5575 0.305 0.0375 0.085
0 0.52125 0.30625 0.02875 0.08125
0 0.48375 0.3075 0.04 0.0825
0 0.44 0.3075 0.0375 0.0875
0 0.39875 0.30625 0.03625 0.08125
0 0.36 0.3075 0.03625 0.07625
0 0.325 0.31 0.035 0.0775
0 0.28625 0.31 0.04 0.075
0 0.25 0.31 0.03125 0.0775
0 0.2125 0.31 0.04125 0.07625
0 0.17125 0.31125 0.03875 0.07875
0 0.53375 0.78375 0.0275 0.0625
0 0.5625 0.7875 0.02625 0.05625
0 0.59375 0.78375 0.02625 0.0575
0 0.625 0.7775 0.03375 0.0725
0 0.66375 0.785 0.03125 0.05125
0 0.695 0.78375 0.02625 0.05875
0 0.72375 0.78125 0.02875 0.0575
0 0.75375 0.78125 0.02375 0.05875
0 0.78375 0.76625 0.03 0.09
0 0.79 0.295 0.03875 0.0875
0 0.81625 0.765 0.0225 0.0925
0 0.82875 0.29625 0.035 0.0925
0 0.03875 0.25 0.06125 0.11875
0 0.5025 0.77875 0.03125 0.075
0 0.47 0.77125 0.025 0.085
0 0.40875 0.7675 0.02625 0.09375
0 0.36375 0.77 0.05625 0.09125
0 0.32 0.76875 0.02625 0.09
0 0.29 0.77 0.03 0.09125
0 0.25875 0.77 0.03125 0.09125
0 0.22875 0.77 0.02875 0.0875
0 0.19625 0.77125 0.03375 0.08375
0 0.16625 0.7725 0.02625 0.0875
0 0.135 0.77375 0.0325 0.08625
0 0.105 0.775 0.0225 0.0875
0 0.07625 0.775 0.02875 0.0875
0 0.04625 0.7775 0.025 0.0875
0 0.01875 0.7775 0.03 0.08125
0 0.18125 0.65375 0.025 0.0925
0 0.1525 0.655 0.03125 0.09
0 0.125 0.65375 0.0225 0.09375
0 0.09625 0.65375 0.03625 0.09625
0 0.06625 0.65375 0.02125 0.0975
0 0.03875 0.65375 0.035 0.09125
0 0.13 0.4975 0.05375 0.105
0 0.06625 0.49375 0.05875 0.09875
0 0.065 0.375 0.06625 0.09375
0 0.1 0.23125 0.05875 0.1275
0 0.86625 0.2975 0.0375 0.0875
0 0.7075 0.5475 0.03375 0.05625
0 0.89375 0.7525 0.0925 0.115
0 0.25 0.65625 0.025 0.0775
0 0.73875 0.65375 0.03875 0.0725
0 0.77375 0.6525 0.0275 0.0725
0 0.80375 0.6575 0.025 0.0675
0 0.8325 0.66875 0.02625 0.045
0 0.92625 0.5975 0.12375 0.12
0 0.19875 0.55375 0.0325 0.06125
0 0.235 0.5475 0.03125 0.07125
0 0.26875 0.55 0.03125 0.07125
0 0.335 0.44125 0.0375 0.075
0 0.3025 0.44375 0.02375 0.075
0 0.26875 0.44125 0.03875 0.08125
0 0.23 0.44 0.03375 0.0775
0 0.18625 0.44 0.04375 0.0825
0 0.84875 0.54625 0.02875 0.06125
0 0.82125 0.545 0.02375 0.06375
0 0.32625 0.55 0.0375 0.0675
0 0.3625 0.55 0.0325 0.065
0 0.40625 0.55 0.03375 0.065
0 0.44125 0.55 0.03 0.06375
0 0.47375 0.55 0.02875 0.05625
0 0.51125 0.55 0.035 0.05875
0 0.54875 0.55 0.03125 0.06
0 0.58125 0.55125 0.02875 0.055
0 0.6125 0.5475 0.02625 0.0625
0 0.6425 0.545 0.025 0.065
0 0.70125 0.65625 0.02875 0.07
0 0.2225 0.655 0.0225 0.08
0 0.66625 0.65625 0.03375 0.06875
0 0.60125 0.65125 0.02625 0.0775
0 0.28 0.655 0.02625 0.07625
0 0.30875 0.65375 0.02625 0.07875
0 0.33875 0.65625 0.02875 0.075
0 0.3725 0.6575 0.03125 0.07
0 0.405 0.6575 0.03125 0.06875
0 0.9725 0.41125 0.05375 0.12125
0 0.8525 0.4325 0.035 0.0725
0 0.8175 0.4325 0.03 0.0775
0 0.7825 0.4275 0.03 0.08625
0 0.74875 0.43 0.03 0.0825
0 0.67875 0.4325 0.03375 0.085
0 0.64375 0.43375 0.03375 0.0775
0 0.6075 0.43625 0.0325 0.0775
0 0.5725 0.43625 0.035 0.075
0 0.5375 0.435 0.0275 0.0875
0 0.5025 0.43625 0.035 0.0825
0 0.46875 0.435 0.02625 0.0825
0 0.4375 0.43875 0.03 0.08125
0 0.405 0.4375 0.03125 0.08
0 0.37125 0.44 0.03125 0.075
0 0.43875 0.66375 0.02375 0.0625
0 0.46875 0.66125 0.03 0.06625
0 0.50125 0.65875 0.03 0.0675
0 0.53625 0.65625 0.035 0.06875
0 0.57 0.6575 0.02625 0.06625
0 0.63375 0.65125 0.025 0.0775
0 0.4375 0.76875 0.02875 0.0925
0 0.79625 0.545 0.02 0.06375