0 0.355 0.50125 0.025 0.03
0 0.38125 0.5025 0.02375 0.02875
0 0.45625 0.4175 0.02625 0.03125
0 0.42125 0.3875 0.0275 0.02375
0 0.425 0.4175 0.03125 0.03125
0 0.725 0.64875 0.035 0.05125
0 0.3575 0.415 0.0275 0.0325
0 0.325 0.41375 0.02875 0.03125
0 0.2925 0.41375 0.02875 0.03875
0 0.76 0.65 0.03 0.0525
0 0.32625 0.5025 0.02625 0.0325
0 0.3925 0.41875 0.03 0.03125
0 0.29875 0.5025 0.02625 0.03375
0 0.51625 0.42 0.02875 0.03125
0 0.81375 0.42375 0.03 0.03375
0 0.77625 0.425 0.035 0.035
0 0.74 0.42375 0.03 0.0375
0 0.6225 0.39375 0.025 0.01875
0 0.705 0.425 0.02625 0.0325
0 0.675 0.425 0.0275 0.03125
0 0.64 0.42375 0.02625 0.02875
0 0.61125 0.42125 0.02875 0.02875
0 0.57875 0.42125 0.0275 0.02875
0 0.5475 0.42125 0.02875 0.03125
0 0.48625 0.41875 0.02875 0.0325
0 0.82625 0.6475 0.035 0.05
0 0.84875 0.42625 0.0325 0.03
0 0.85625 0.6425 0.01875 0.04125
0 0.59375 0.62375 0.025 0.03625
0 0.34 0.7325 0.03375 0.04
0 0.40875 0.5025 0.0225 0.0275
0 0.42 0.8225 0.0175 0.03375
0 0.39875 0.82375 0.02 0.03375
0 0.3775 0.82375 0.01875 0.0375
0 0.35375 0.825 0.02 0.035
0 0.33125 0.825 0.02 0.04
0 0.3075 0.8275 0.02125 0.0325
0 0.285 0.825 0.01875 0.03875
0 0.64375 0.6975 0.02875 0.01125
0 0.715 0.70125 0.0325 0.0175
0 0.71625 0.72625 0.03125 0.02875
0 0.67875 0.7275 0.03625 0.03
0 0.64125 0.7275 0.03125 0.02875
0 0.6025 0.72875 0.035 0.03
0 0.56625 0.7275 0.03125 0.0325
0 0.52875 0.72875 0.035 0.0325
0 0.4925 0.70625 0.0325 0.0225
0 0.4925 0.7325 0.0325 0.02625
0 0.45375 0.73375 0.02875 0.02875
0 0.455 0.7075 0.0325 0.01875
0 0.41625 0.73125 0.035 0.035
0 0.44 0.81875 0.01875 0.03625
0 0.3025 0.7325 0.0375 0.04
0 0.4625 0.81875 0.01875 0.03625
0 0.50625 0.81875 0.02 0.03625
0 0.3775 0.73125 0.0375 0.03875
0 0.85875 0.72 0.03125 0.035
0 0.82 0.71875 0.03375 0.03625
0 0.86875 0.8075 0.01125 0.0325
0 0.85375 0.80625 0.01625 0.03125
0 0.83375 0.80875 0.01875 0.0275
0 0.81375 0.8075 0.0175 0.03125
0 0.79375 0.81 0.01875 0.03125
0 0.77375 0.8125 0.0175 0.03
0 0.7525 0.81125 0.02 0.03125
0 0.7325 0.81125 0.01625 0.03125
0 0.71125 0.8125 0.01875 0.02875
0 0.69375 0.8125 0.0125 0.03
0 0.67375 0.8125 0.0175 0.03125
0 0.65125 0.8125 0.02 0.035
0 0.63 0.81375 0.01875 0.03375
0 0.61 0.81375 0.01625 0.0325
0 0.59125 0.815 0.01875 0.03375
0 0.57 0.815 0.0175 0.0325
0 0.54875 0.815 0.01875 0.03375
0 0.52875 0.8175 0.0175 0.03375
0 0.48375 0.81875 0.01875 0.03625
0 0.43625 0.50375 0.025 0.025
0 0.50875 0.33625 0.02875 0.05
0 0.49125 0.5025 0.02375 0.0275
0 0.37875 0.245 0.035 0.06625
0 0.41625 0.2475 0.03125 0.0625
0 0.45125 0.2525 0.03625 0.0675
0 0.48875 0.2525 0.035 0.065
0 0.52625 0.255 0.035 0.065
0 0.56125 0.25375 0.03375 0.065
0 0.5975 0.25625 0.0325 0.0625
0 0.63375 0.25875 0.03 0.065
0 0.33875 0.245 0.0375 0.065
0 0.67 0.26125 0.03375 0.0625
0 0.7475 0.2525 0.0375 0.025
0 0.74375 0.28125 0.03625 0.025
0 0.785 0.285 0.03625 0.02625
0 0.4625 0.50375 0.02375 0.0275
0 0.82875 0.25625 0.04125 0.02625
0 0.82625 0.28625 0.0375 0.02625
0 0.86125 0.28875 0.02625 0.0275
0 0.2925 0.3275 0.025 0.05625
0 0.705 0.27 0.0325 0.04625
0 0.29875 0.2425 0.03625 0.0675
0 0.4075 0.56875 0.03375 0.0475
0 0.44375 0.5675 0.03125 0.04375
0 0.68 0.6475 0.035 0.0525
0 0.535 0.62875 0.01875 0.04
0 0.51 0.6325 0.02625 0.04875
0 0.46375 0.6475 0.0325 0.05375
0 0.43125 0.63625 0.01875 0.04625
0 0.4075 0.6425 0.02375 0.0575
0 0.37625 0.64875 0.03 0.05375
0 0.3425 0.65375 0.035 0.0575
0 0.30375 0.65125 0.03375 0.05625
0 0.85875 0.5675 0.03125 0.05
0 0.82375 0.5675 0.03 0.04875
0 0.7925 0.5675 0.03 0.04875
0 0.75375 0.56625 0.03125 0.05
0 0.72125 0.5675 0.02875 0.04625
0 0.6875 0.57 0.035 0.0425
0 0.58875 0.56625 0.03375 0.04625
0 0.5525 0.57 0.03125 0.0425
0 0.51625 0.5675 0.0325 0.04375
0 0.48125 0.565 0.03375 0.04625
0 0.32375 0.32875 0.025 0.04875
0 0.3525 0.33 0.0275 0.0525
0 0.785 0.25375 0.03375 0.02875
0 0.86375 0.4975 0.0225 0.05125
0 0.8125 0.355 0.04125 0.02875
0 0.8425 0.35625 0.015 0.02875
0 0.3725 0.5675 0.03125 0.05
0 0.3375 0.56625 0.0325 0.04875
0 0.29875 0.565 0.03 0.05
0 0.38375 0.33125 0.03 0.0525
0 0.83375 0.4975 0.02625 0.05
0 0.795 0.49875 0.02625 0.0475
0 0.76125 0.35375 0.045 0.03125
0 0.76375 0.4975 0.0325 0.05
0 0.67125 0.50625 0.02 0.03125
0 0.6475 0.505 0.02125 0.02875
0 0.62 0.505 0.02625 0.02875
0 0.54625 0.4675 0.02375 0.02375
0 0.37625 0.46375 0.02375 0.0225
0 0.47625 0.46875 0.02625 0.02375
0 0.56625 0.505 0.02 0.02875
0 0.54375 0.505 0.0225 0.02625
0 0.6975 0.5075 0.02375 0.03
0 0.5175 0.505 0.0225 0.0275
0 0.72 0.3525 0.0325 0.0325
0 0.6575 0.34 0.025 0.05375
0 0.6275 0.34 0.02625 0.05
0 0.59875 0.34125 0.0275 0.05125
0 0.545 0.33875 0.02625 0.0525
0 0.48 0.335 0.02375 0.05375
0 0.45125 0.335 0.02875 0.055
0 0.42 0.33375 0.025 0.055
0 0.62125 0.625 0.02375 0.03625
0 0.68625 0.3425 0.02875 0.04875