0 0.43 0.17375 0.03 0.09875
0 0.17 0.02875 0.04375 0.01125
0 0.34 0.54875 0.0325 0.09625
0 0.305 0.54875 0.03375 0.095
0 0.26875 0.54875 0.03375 0.09875
0 0.2325 0.54625 0.035 0.09375
0 0.1975 0.54625 0.02875 0.095
0 0.1575 0.545 0.045 0.0975
0 0.84875 0.44625 0.03 0.09375
0 0.81375 0.44625 0.03125 0.09875
0 0.77375 0.44125 0.04 0.1025
0 0.7375 0.445 0.02375 0.08625
0 0.6975 0.44125 0.03625 0.10125
0 0.65875 0.44375 0.03125 0.09875
0 0.62625 0.4325 0.02375 0.11125
0 0.57625 0.44 0.035 0.09875
0 0.53875 0.43625 0.03 0.10125
0 0.505 0.43875 0.03 0.1025
0 0.47125 0.43875 0.03375 0.09875
0 0.74125 0.3125 0.03 0.09625
0 0.775 0.31125 0.03125 0.09875
0 0.81375 0.31375 0.03125 0.095
0 0.84875 0.31125 0.03125 0.0975
0 0.135 0.43125 0.01875 0.09875
0 0.16125 0.43375 0.0325 0.09375
0 0.3775 0.55 0.03375 0.0975
0 0.19375 0.435 0.03 0.0975
0 0.2775 0.4375 0.0275 0.0925
0 0.30375 0.43625 0.02375 0.095
0 0.3325 0.4325 0.02875 0.09875
0 0.36875 0.43375 0.035 0.1025
0 0.405 0.435 0.0325 0.105
0 0.4375 0.43625 0.02875 0.10125
0 0.22875 0.435 0.0325 0.0975
0 0.1675 0.01 0.04375 0.01125
0 0.435 0.55125 0.03 0.095
0 0.46875 0.5525 0.0325 0.095
0 0.71625 0.5575 0.03 0.0925
0 0.68125 0.5575 0.03 0.0975
0 0.64625 0.55625 0.0325 0.095
0 0.61125 0.555 0.03 0.0975
0 0.575 0.55375 0.03625 0.1
0 0.325 0.03875 0.04625 0.07625
0 0.74875 0.555 0.02875 0.095
0 0.3625 0.03875 0.025 0.075
0 0.43 0.03875 0.03875 0.07625
0 0.47 0.03875 0.03625 0.0775
0 0.505 0.03875 0.02625 0.07625
0 0.53625 0.0375 0.0325 0.0725
0 0.57375 0.03625 0.035 0.07
0 0.61125 0.03875 0.02875 0.075
0 0.3925 0.03875 0.03125 0.07625
0 0.69375 0.31375 0.0325 0.09125
0 0.785 0.56 0.03875 0.09875
0 0.86 0.55625 0.02875 0.09375
0 0.5025 0.5525 0.03 0.09625
0 0.5375 0.55375 0.0325 0.0975
0 0.39625 0.1675 0.0325 0.11
0 0.1625 0.18 0.0625 0.08
0 0.74 0.04 0.02625 0.07375
0 0.7125 0.03875 0.025 0.075
0 0.82625 0.55875 0.03375 0.095
0 0.56125 0.6625 0.05375 0.0775
0 0.4325 0.66 0.04 0.075
0 0.39 0.66 0.03875 0.07375
0 0.3325 0.6625 0.06875 0.075
0 0.25875 0.6525 0.07375 0.075
0 0.205 0.645 0.03125 0.0675
0 0.15125 0.65375 0.04875 0.07875
0 0.49125 0.65625 0.0725 0.07875
0 0.64125 0.03875 0.0275 0.075
0 0.655 0.31375 0.02375 0.1025
0 0.5925 0.31125 0.0325 0.1
0 0.495 0.17 0.02875 0.10875
0 0.21375 0.17 0.01625 0.095
0 0.23875 0.1675 0.03 0.10625
0 0.27375 0.16625 0.03375 0.10875
0 0.3375 0.17125 0.01375 0.1
0 0.36125 0.1675 0.03125 0.1075
0 0.265 0.85875 0.03375 0.0275
0 0.22625 0.8275 0.035 0.02875
0 0.3025 0.8325 0.03375 0.02625
0 0.30125 0.86 0.03375 0.02625
0 0.3375 0.8625 0.035 0.02625
0 0.34 0.83375 0.03375 0.0225
0 0.3775 0.85625 0.03625 0.04125
0 0.415 0.865 0.03625 0.0275
0 0.45125 0.8575 0.03125 0.045
0 0.4875 0.84375 0.02875 0.04
0 0.5125 0.83125 0.01875 0.03375
0 0.17 0.04625 0.04375 0.01125
0 0.17125 0.065 0.04375 0.01125
0 0.215 0.03875 0.04 0.07625
0 0.25 0.03875 0.02875 0.075
0 0.28375 0.03875 0.03375 0.07375
0 0.84875 0.8725 0.04125 0.0425
0 0.52875 0.17 0.03 0.11
0 0.80375 0.87125 0.03625 0.04125
0 0.7025 0.85875 0.0525 0.0675
0 0.6575 0.87125 0.03 0.03375
0 0.6275 0.86875 0.0275 0.03375
0 0.53875 0.86875 0.02125 0.0325
0 0.5375 0.8325 0.02125 0.0325
0 0.51375 0.8675 0.02 0.03375
0 0.7575 0.86125 0.04875 0.06125
0 0.565 0.16625 0.03625 0.1175
0 0.63875 0.16875 0.03125 0.11
0 0.725 0.1575 0.13375 0.0925
0 0.2475 0.7575 0.045 0.075
0 0.835 0.665 0.0525 0.07625
0 0.21625 0.30375 0.04125 0.10375
0 0.7775 0.6575 0.03875 0.06375
0 0.72625 0.6675 0.055 0.07375
0 0.66875 0.6675 0.055 0.08125
0 0.295 0.7575 0.045 0.0725
0 0.6125 0.65875 0.04375 0.07375
0 0.3025 0.30875 0.03125 0.1
0 0.33375 0.30875 0.02875 0.10125
0 0.3675 0.305 0.035 0.11125
0 0.445 0.30875 0.11 0.10125
0 0.52 0.31 0.03125 0.1025
0 0.55625 0.3125 0.03125 0.09875
0 0.2625 0.30625 0.04125 0.09875
0 0.62625 0.315 0.02625 0.095
0 0.34 0.75625 0.04375 0.0725
0 0.43 0.76125 0.0375 0.06125
0 0.80875 0.17 0.0275 0.1075
0 0.84125 0.16875 0.0275 0.11125
0 0.1425 0.3075 0.035 0.09375
0 0.17625 0.30625 0.03125 0.1
0 0.22875 0.8575 0.035 0.025
0 0.19125 0.85375 0.03375 0.025
0 0.38625 0.755 0.045 0.0725
0 0.1675 0.815 0.0375 0.02125
0 0.8175 0.765 0.055 0.0775
0 0.7575 0.76875 0.0525 0.065
0 0.70375 0.7675 0.05 0.06875
0 0.5625 0.7525 0.04 0.0675
0 0.5175 0.75875 0.0425 0.07625
0 0.47375 0.7625 0.03375 0.0625
0 0.15375 0.8525 0.035 0.02625
0 0.675 0.03875 0.03125 0.07375