0 0.15625 0.81 0.0475 0.055
0 0.4075 0.705 0.0425 0.06625
0 0.47 0.4875 0.0375 0.07
0 0.365 0.68 0.035 0.05625
0 0.3125 0.725 0.06125 0.0775
0 0.7425 0.495 0.0375 0.0675
0 0.71 0.49 0.02375 0.05625
0 0.3825 0.825 0.065 0.09
0 0.32 0.82875 0.05875 0.085
0 0.2675 0.84375 0.04125 0.04
0 0.2675 0.8 0.04125 0.04375
0 0.68 0.49375 0.03625 0.06875
0 0.18625 0.515 0.0425 0.0525
0 0.2125 0.85125 0.05 0.07375
0 0.17375 0.7275 0.0675 0.08125
0 0.24875 0.72625 0.06625 0.075
0 0.84625 0.83 0.045 0.06
0 0.16 0.8625 0.0425 0.04625
0 0.19125 0.45875 0.0575 0.0575
0 0.4175 0.58125 0.03875 0.08625
0 0.46375 0.58375 0.035 0.08
0 0.375 0.575 0.03625 0.08625
0 0.3175 0.605 0.06375 0.05625
0 0.3175 0.5475 0.065 0.0575
0 0.31875 0.48625 0.065 0.0625
0 0.24125 0.60875 0.0675 0.05375
0 0.2425 0.5525 0.0675 0.0575
0 0.24875 0.51 0.0475 0.025
0 0.1625 0.6025 0.07375 0.075
0 0.5175 0.57875 0.0375 0.07125
0 0.82375 0.58625 0.03375 0.07625
0 0.555 0.58375 0.03875 0.08
0 0.18625 0.66625 0.0625 0.04125
0 0.63375 0.5825 0.03875 0.0775
0 0.6725 0.58375 0.03875 0.07375
0 0.71 0.585 0.035 0.0775
0 0.855 0.49125 0.04 0.06375
0 0.82 0.49125 0.03 0.06
0 0.78375 0.49 0.03875 0.05625
0 0.74625 0.58375 0.0375 0.07125
0 0.785 0.58625 0.04 0.07625
0 0.59375 0.58375 0.03875 0.08
0 0.25125 0.66375 0.0625 0.03875
0 0.74375 0.69875 0.03625 0.05375
0 0.45125 0.6775 0.03875 0.05875
0 0.4125 0.3175 0.06625 0.06375
0 0.41125 0.38375 0.06625 0.065
0 0.85875 0.41 0.0325 0.05125
0 0.8225 0.40875 0.0325 0.05375
0 0.79 0.41 0.03125 0.05125
0 0.75375 0.40625 0.03125 0.05375
0 0.79875 0.29625 0.04375 0.03
0 0.79625 0.32625 0.04875 0.02875
0 0.7075 0.29375 0.03875 0.02875
0 0.71875 0.32375 0.04625 0.02875
0 0.6725 0.3225 0.045 0.02875
0 0.62125 0.31 0.04375 0.05375
0 0.57625 0.30875 0.035 0.05
0 0.47 0.39625 0.03875 0.06625
0 0.50875 0.3975 0.035 0.07
0 0.54625 0.39875 0.03625 0.0675
0 0.58625 0.39625 0.03875 0.0775
0 0.63 0.3975 0.04 0.0725
0 0.6675 0.3975 0.0325 0.07375
0 0.7 0.405 0.02875 0.0625
0 0.54375 0.30875 0.025 0.0525
0 0.51125 0.31 0.04 0.04875
0 0.46875 0.315 0.03375 0.04
0 0.72625 0.40375 0.02125 0.06125
0 0.63875 0.78 0.06 0.03
0 0.70375 0.79375 0.0575 0.03625
0 0.51125 0.82 0.035 0.06375
0 0.465 0.84625 0.05375 0.03625
0 0.45875 0.795 0.055 0.03
0 0.3425 0.31875 0.07 0.07125
0 0.34125 0.385 0.07125 0.06
0 0.2675 0.37875 0.07125 0.07125
0 0.205 0.37375 0.05125 0.05875
0 0.4925 0.67375 0.04125 0.05625
0 0.495 0.7325 0.04 0.0575
0 0.55625 0.67875 0.03125 0.0425
0 0.605 0.71375 0.04125 0.06625
0 0.64625 0.715 0.035 0.0625
0 0.68375 0.7125 0.03625 0.06125
0 0.7075 0.65625 0.035 0.04
0 0.79375 0.7125 0.04375 0.06375
0 0.84125 0.72 0.0425 0.06
0 0.84875 0.65375 0.0375 0.04375
0 0.79875 0.80875 0.025 0.0575
0 0.76625 0.83625 0.03875 0.0625
0 0.7125 0.84875 0.0575 0.03125
0 0.65125 0.84875 0.0575 0.03
0 0.45 0.73125 0.04 0.04875
0 0.58375 0.85125 0.065 0.0275
0 0.73875 0.23125 0.04875 0.05875
0 0.64875 0.22875 0.04875 0.06125
0 0.54875 0.22625 0.04 0.06
0 0.51 0.225 0.0325 0.0625
0 0.5125 0.16125 0.03625 0.0625
0 0.46875 0.2325 0.04625 0.04875
0 0.46875 0.185 0.04375 0.04625
0 0.41875 0.18625 0.04875 0.04625
0 0.41875 0.2325 0.04875 0.04125
0 0.275 0.22625 0.08625 0.04875
0 0.27125 0.1725 0.085 0.0525
0 0.1825 0.205 0.08 0.0775
0 0.1775 0.30875 0.06125 0.05625
0 0.15 0.37 0.04875 0.06125
0 0.79125 0.23125 0.0475 0.05875
0 0.52625 0.4875 0.04 0.07125
0 0.585 0.4875 0.04 0.06375
0 0.835 0.23125 0.04125 0.06125
0 0.6425 0.49375 0.0375 0.06625
0 0.1625 0.03 0.07375 0.055
0 0.21875 0.03125 0.04125 0.0575
0 0.25875 0.03125 0.0375 0.0575
0 0.2975 0.03 0.03875 0.05875
0 0.33875 0.03375 0.04125 0.06375
0 0.3775 0.035 0.03375 0.06375
0 0.42125 0.0525 0.0475 0.03125
0 0.4725 0.03875 0.04375 0.0675
0 0.51625 0.04125 0.0425 0.06125
0 0.74375 0.17125 0.04375 0.0625
0 0.555 0.0575 0.0275 0.03125
0 0.58125 0.05 0.02375 0.04875
0 0.6075 0.05125 0.025 0.04875
0 0.64125 0.04375 0.04125 0.07
0 0.68375 0.04375 0.045 0.065
0 0.72875 0.04375 0.04125 0.06375
0 0.78375 0.04375 0.06625 0.085
0 0.83625 0.0575 0.0325 0.06
0 0.55375 0.025 0.03 0.0325
0 0.78625 0.1725 0.04125 0.05875