0 0.50875 0.65625 0.0475 0.05625
0 0.73875 0.3675 0.025 0.04
0 0.55375 0.6425 0.03375 0.03875
0 0.72125 0.31625 0.03125 0.04875
0 0.495 0.70375 0.13 0.02875
0 0.49375 0.795 0.11375 0.0425
0 0.66 0.51625 0.02625 0.03625
0 0.59625 0.485 0.03375 0.0475
0 0.63125 0.47875 0.025 0.03875
0 0.66625 0.4725 0.02125 0.03625
0 0.6 0.4325 0.03125 0.04625
0 0.63625 0.4275 0.02625 0.045
0 0.6725 0.4225 0.02375 0.0375
0 0.6725 0.705 0.0225 0.02375
0 0.7 0.69125 0.0175 0.025
0 0.6725 0.6675 0.01875 0.03375
0 0.70375 0.65625 0.01875 0.03
0 0.63 0.52625 0.025 0.0375
0 0.68 0.6275 0.0225 0.03375
0 0.685 0.585 0.0225 0.035
0 0.71625 0.5775 0.01875 0.03
0 0.68875 0.5475 0.02375 0.03125
0 0.71625 0.53875 0.02 0.03
0 0.69375 0.50625 0.025 0.035
0 0.7225 0.49625 0.02125 0.03125
0 0.69375 0.4625 0.02 0.0375
0 0.7275 0.45625 0.02625 0.035
0 0.7025 0.4175 0.02375 0.0375
0 0.7325 0.41375 0.02625 0.03875
0 0.71 0.36625 0.025 0.0425
0 0.7075 0.615 0.02 0.03
0 0.495 0.74625 0.11625 0.03375
0 0.5925 0.535 0.03125 0.03625
0 0.75 0.32 0.02125 0.04625
0 0.57625 0.75375 0.0325 0.0275
0 0.57875 0.71 0.02625 0.0275
0 0.60875 0.735 0.03125 0.02625
0 0.6125 0.69875 0.02625 0.025
0 0.6425 0.71875 0.0225 0.03125
0 0.645 0.68125 0.0225 0.03125
0 0.46 0.67 0.0425 0.0375
0 0.505 0.60125 0.1275 0.03625
0 0.50375 0.55625 0.13375 0.0325
0 0.555 0.49625 0.03625 0.0425
0 0.51 0.5025 0.04875 0.04875
0 0.62125 0.5675 0.025 0.03375
0 0.4625 0.50875 0.045 0.05625
0 0.5125 0.39 0.1375 0.045
0 0.60375 0.37875 0.03625 0.0475
0 0.64125 0.3775 0.03 0.045
0 0.68125 0.37375 0.0275 0.04375
0 0.68875 0.32125 0.02875 0.04875
0 0.475 0.32375 0.1425 0.055
0 0.64875 0.64 0.02125 0.0325
0 0.58375 0.67375 0.0225 0.03125
0 0.5875 0.62375 0.02625 0.03
0 0.6225 0.61375 0.0275 0.0325
0 0.65375 0.5975 0.02625 0.03
0 0.51125 0.44875 0.13375 0.0425
0 0.58875 0.57875 0.02625 0.0325
0 0.65375 0.55875 0.02375 0.0325