0 0.44375 0.80875 0.0275 0.06875
0 0.86125 0.80875 0.02625 0.0675
0 0.855 0.66875 0.0375 0.07375
0 0.82125 0.66875 0.02625 0.0725
0 0.83375 0.81 0.0275 0.06875
0 0.80375 0.81 0.0225 0.075
0 0.7775 0.8125 0.03125 0.07
0 0.78875 0.67 0.0375 0.06875
0 0.37625 0.8075 0.0275 0.06875
0 0.41125 0.80875 0.0325 0.06875
0 0.4775 0.80875 0.02875 0.0675
0 0.31875 0.79375 0.03 0.09875
0 0.1475 0.7875 0.04375 0.1125
0 0.18875 0.79 0.0275 0.105
0 0.22 0.79 0.03125 0.105
0 0.25375 0.79125 0.035 0.10125
0 0.2875 0.79 0.02875 0.10375
0 0.60375 0.80875 0.03125 0.06625
0 0.63625 0.81125 0.03 0.06875
0 0.3475 0.79375 0.02375 0.09625
0 0.73875 0.805 0.035 0.0775
0 0.7025 0.8075 0.03375 0.075
0 0.66625 0.80875 0.0275 0.0725
0 0.75625 0.66125 0.02625 0.0875
0 0.57125 0.80875 0.0325 0.06625
0 0.72875 0.66 0.02625 0.085
0 0.75125 0.0675 0.04375 0.12625
0 0.66625 0.66125 0.03 0.085
0 0.15875 0.395 0.03625 0.08
0 0.195 0.39625 0.0375 0.075
0 0.2325 0.3975 0.03125 0.08
0 0.26875 0.3975 0.03875 0.08
0 0.3075 0.3975 0.035 0.08
0 0.345 0.39875 0.035 0.0775
0 0.38125 0.3975 0.03125 0.07625
0 0.415 0.39625 0.03625 0.07875
0 0.45125 0.39875 0.03125 0.0775
0 0.4875 0.39875 0.0325 0.07875
0 0.525 0.39625 0.03625 0.08125
0 0.5625 0.3975 0.035 0.0825
0 0.59875 0.3975 0.03125 0.08
0 0.6325 0.39875 0.03625 0.08375
0 0.6725 0.39875 0.03625 0.08125
0 0.70875 0.39875 0.035 0.08125
0 0.74625 0.3975 0.03375 0.08
0 0.78 0.3975 0.03125 0.0825
0 0.8125 0.3975 0.03 0.08125
0 0.1475 0.23375 0.0375 0.08375
0 0.2325 0.2375 0.035 0.08625
0 0.31625 0.23625 0.03625 0.09
0 0.355 0.23625 0.03625 0.0875
0 0.185 0.0825 0.045 0.08625
0 0.23 0.08625 0.04375 0.08
0 0.275 0.08625 0.045 0.08625
0 0.31875 0.08375 0.04125 0.08625
0 0.36 0.08625 0.04125 0.08875
0 0.40125 0.07125 0.0375 0.11625
0 0.4675 0.07 0.035 0.115
0 0.50875 0.065 0.03625 0.1275
0 0.54125 0.06625 0.025 0.125
0 0.84875 0.39875 0.04125 0.08375
0 0.57125 0.06375 0.0325 0.12375
0 0.64625 0.06625 0.0275 0.12625
0 0.67875 0.06875 0.035 0.1225
0 0.7125 0.06875 0.02875 0.12375
0 0.69875 0.66 0.03375 0.085
0 0.81875 0.0675 0.03625 0.12375
0 0.85125 0.0675 0.0275 0.12625
0 0.86375 0.235 0.0225 0.09625
0 0.83375 0.2325 0.035 0.0975
0 0.395 0.2375 0.04 0.08875
0 0.6125 0.06625 0.03625 0.12625
0 0.86125 0.55125 0.02625 0.0675
0 0.7875 0.0675 0.02625 0.125
0 0.2275 0.54375 0.03125 0.08
0 0.17375 0.6675 0.03375 0.07625
0 0.20875 0.66625 0.0325 0.07625
0 0.24125 0.665 0.03125 0.07875
0 0.27625 0.665 0.0325 0.07875
0 0.31 0.665 0.03375 0.08125
0 0.345 0.66375 0.03 0.0775
0 0.3775 0.66375 0.03375 0.07625
0 0.41125 0.66375 0.03125 0.075
0 0.44375 0.66375 0.0325 0.0775
0 0.48125 0.66375 0.0325 0.08
0 0.51375 0.65875 0.03 0.0925
0 0.545 0.65875 0.02875 0.08625
0 0.57625 0.66 0.03125 0.08875
0 0.15375 0.54375 0.03625 0.075
0 0.19125 0.545 0.035 0.0775
0 0.5125 0.5425 0.03125 0.08125
0 0.265 0.54375 0.03625 0.0775
0 0.29875 0.54375 0.03 0.075
0 0.335 0.545 0.035 0.075
0 0.37 0.545 0.03125 0.07875
0 0.405 0.545 0.0325 0.07625
0 0.48 0.54375 0.03 0.07875
0 0.44125 0.54625 0.03375 0.075
0 0.14 0.6675 0.02875 0.075
0 0.54875 0.54375 0.03 0.0775
0 0.5825 0.54 0.035 0.0875
0 0.6375 0.66 0.0225 0.085
0 0.65375 0.54375 0.03625 0.08125
0 0.6925 0.54375 0.0325 0.08
0 0.72625 0.54625 0.0325 0.07875
0 0.76 0.55 0.03 0.07
0 0.795 0.55 0.03375 0.06875
0 0.83 0.55125 0.03375 0.0675
0 0.61 0.66125 0.03125 0.085
0 0.6175 0.5425 0.03 0.08625