0 0.84375 0.58125 0.10625 0.055
0 0.2675 0.41375 0.0475 0.05125
0 0.2075 0.41625 0.065 0.055
0 0.13625 0.415 0.06625 0.05875
0 0.045 0.37 0.065 0.0225
0 0.0525 0.4125 0.07 0.0575
0 0.9475 0.5825 0.09875 0.05625
0 0.945 0.52125 0.10125 0.06
0 0.83875 0.5225 0.1025 0.0575
0 0.70625 0.5875 0.055 0.0425
0 0.7625 0.58625 0.055 0.0425
0 0.75125 0.5425 0.055 0.03875
0 0.6875 0.5425 0.06125 0.0425
0 0.75375 0.50375 0.0575 0.02625
0 0.69125 0.50375 0.0625 0.0275
0 0.64875 0.58625 0.0575 0.04375
0 0.58875 0.585 0.05625 0.04375
0 0.63375 0.5425 0.04 0.03625
0 0.58125 0.54125 0.05375 0.04125
0 0.51875 0.57875 0.06 0.06125
0 0.51375 0.53375 0.05 0.0225
0 0.445 0.58125 0.07625 0.05375
0 0.37375 0.58 0.06125 0.0525
0 0.30625 0.58 0.06875 0.05375
0 0.28625 0.35625 0.05375 0.0475
0 0.235 0.58125 0.06875 0.05625
0 0.3225 0.41375 0.05875 0.0525
0 0.395 0.35375 0.06125 0.065
0 0.485 0.84375 0.06125 0.0525
0 0.55875 0.84375 0.0775 0.0525
0 0.85625 0.83875 0.08 0.03875
0 0.76125 0.84375 0.08875 0.05
0 0.65875 0.84375 0.11125 0.0525
0 0.0825 0.51625 0.07875 0.03625
0 0.9175 0.39 0.10625 0.03125
0 0.92875 0.42875 0.115 0.0425
0 0.8375 0.3875 0.04875 0.03625
0 0.78375 0.38625 0.05 0.04
0 0.8425 0.42625 0.0525 0.0375
0 0.785 0.42625 0.05625 0.03625
0 0.7275 0.425 0.055 0.03625
0 0.66375 0.39375 0.025 0.02625
0 0.62375 0.38625 0.05125 0.03875
0 0.67125 0.42625 0.0525 0.035
0 0.61625 0.42625 0.05375 0.04
0 0.56 0.41875 0.0525 0.055
0 0.50625 0.4175 0.05 0.0525
0 0.45 0.41625 0.05375 0.05
0 0.51125 0.355 0.05125 0.0625
0 0.455 0.355 0.05125 0.06625
0 0.3825 0.41625 0.06125 0.05375
0 0.33875 0.3575 0.04 0.05625
0 0.15625 0.58125 0.08 0.0525
0 0.62625 0.50875 0.05375 0.02125
0 0.3775 0.52375 0.0675 0.05375
0 0.78625 0.27 0.0575 0.03375
0 0.7275 0.26875 0.05625 0.035
0 0.67125 0.26875 0.0525 0.035
0 0.85 0.23125 0.05875 0.04375
0 0.78875 0.23125 0.05375 0.04125
0 0.73375 0.2275 0.05625 0.04375
0 0.44875 0.52375 0.06875 0.055
0 0.51 0.21875 0.04625 0.02875
0 0.61 0.22875 0.0575 0.03125
0 0.61375 0.26625 0.06125 0.03625
0 0.55375 0.2625 0.04875 0.04875
0 0.8425 0.2725 0.05375 0.0325
0 0.5 0.26 0.05625 0.05
0 0.37875 0.2575 0.05625 0.0475
0 0.31875 0.2575 0.055 0.045
0 0.265 0.26125 0.04625 0.0425
0 0.44375 0.2025 0.05875 0.05125
0 0.3775 0.205 0.0575 0.05
0 0.32125 0.21375 0.045 0.0375
0 0.2625 0.21375 0.05125 0.0425
0 0.2025 0.255 0.05875 0.04625
0 0.13 0.2525 0.06375 0.04875
0 0.05625 0.2525 0.07 0.045
0 0.055 0.19875 0.065 0.0525
0 0.43875 0.2575 0.055 0.05
0 0.8975 0.2725 0.0525 0.03625
0 0.675 0.2275 0.05375 0.0425
0 0.055 0.68125 0.07 0.05625
0 0.3075 0.52375 0.06625 0.0525
0 0.23625 0.52375 0.06875 0.0525
0 0.1625 0.52375 0.06875 0.0575
0 0.06 0.7475 0.07 0.06625
0 0.87 0.71125 0.12875 0.1325
0 0.75 0.7475 0.10375 0.06625
0 0.64 0.745 0.1075 0.06625
0 0.5325 0.745 0.105 0.06375
0 0.7475 0.67875 0.10875 0.06625
0 0.63875 0.6775 0.10625 0.06625
0 0.53125 0.67625 0.10125 0.06625
0 0.0725 0.59125 0.065 0.10875
0 0.3675 0.6775 0.07125 0.065
0 0.4425 0.68125 0.07 0.06
0 0.13875 0.685 0.0725 0.04625
0 0.21625 0.68625 0.075 0.05625
0 0.1375 0.74625 0.06375 0.06375
0 0.20875 0.75 0.07125 0.06
0 0.29125 0.6825 0.065 0.0575
0 0.2825 0.75125 0.075 0.0625
0 0.36 0.74625 0.07125 0.065
0 0.43625 0.74625 0.07625 0.0675