0 0.4575 0.3675 0.02125 0.05875
0 0.4325 0.36875 0.02125 0.05875
0 0.50625 0.36125 0.0175 0.07625
0 0.4075 0.36875 0.0175 0.06375
0 0.385 0.3675 0.01875 0.065
0 0.51 0.45375 0.045 0.03875
0 0.52625 0.3625 0.02 0.0775
0 0.55125 0.37375 0.01625 0.055
0 0.615 0.45 0.045 0.0425
0 0.56 0.4525 0.05125 0.035
0 0.48125 0.36125 0.02125 0.07
0 0.45875 0.4525 0.0425 0.04
0 0.64375 0.37375 0.015 0.04875
0 0.3725 0.42375 0.03875 0.01375
0 0.34625 0.45625 0.05 0.02875
0 0.57875 0.38375 0.0275 0.03
0 0.6025 0.3725 0.0175 0.05
0 0.625 0.3725 0.0175 0.05125
0 0.66875 0.38625 0.025 0.02375
0 0.6775 0.355 0.03625 0.02625
0 0.7 0.385 0.03 0.03
0 0.7675 0.35875 0.0175 0.065
0 0.3625 0.36875 0.02 0.06125
0 0.2975 0.45 0.03625 0.0375
0 0.4075 0.4525 0.045 0.03625
0 0.33875 0.3675 0.0175 0.0625
0 0.35625 0.25875 0.02625 0.0675
0 0.29875 0.37 0.0125 0.055
0 0.71125 0.53375 0.025 0.07625
0 0.30625 0.53 0.035 0.07125
0 0.3475 0.52875 0.0325 0.07375
0 0.37625 0.53875 0.01375 0.05625
0 0.395 0.54125 0.01625 0.05875
0 0.41625 0.53375 0.01875 0.06625
0 0.4375 0.535 0.01875 0.06625
0 0.66 0.45 0.04 0.04125
0 0.46125 0.53375 0.02 0.06875
0 0.42875 0.25875 0.01625 0.07
0 0.45125 0.26125 0.01875 0.065
0 0.31875 0.3725 0.01625 0.0625
0 0.49625 0.26 0.0175 0.06625
0 0.54125 0.25875 0.02 0.07
0 0.5625 0.26125 0.01625 0.06875
0 0.58875 0.2775 0.02 0.03125
0 0.61125 0.265 0.0175 0.05625
0 0.4025 0.25875 0.02 0.06125
0 0.63625 0.26125 0.02 0.065
0 0.68 0.26 0.015 0.06375
0 0.705 0.2575 0.0225 0.06875
0 0.7325 0.255 0.0275 0.06875
0 0.7275 0.385 0.02375 0.02375
0 0.73 0.35375 0.025 0.0275
0 0.5175 0.26875 0.015 0.05
0 0.70125 0.45125 0.04 0.035
0 0.58625 0.60875 0.04375 0.03375
0 0.75875 0.5075 0.0325 0.04875
0 0.55875 0.695 0.03375 0.02125
0 0.74375 0.72 0.0275 0.0725
0 0.77 0.71625 0.02 0.07875
0 0.74 0.8375 0.0175 0.075
0 0.76 0.8375 0.01375 0.0725
0 0.22875 0.81 0.02 0.06625
0 0.32875 0.82625 0.10375 0.09125
0 0.43375 0.8275 0.02125 0.06625
0 0.6025 0.69625 0.03625 0.025
0 0.465 0.8125 0.0125 0.06875
0 0.50625 0.825 0.02125 0.0775
0 0.5875 0.8475 0.07 0.03375
0 0.54875 0.80125 0.015 0.0425
0 0.5675 0.79875 0.015 0.05
0 0.58375 0.8 0.01625 0.04625
0 0.60625 0.80125 0.02 0.045
0 0.6475 0.81 0.03375 0.03125
0 0.685 0.8 0.03 0.025
0 0.765 0.44625 0.03125 0.0575
0 0.64625 0.6975 0.03875 0.025
0 0.69 0.6975 0.02875 0.025
0 0.69375 0.72875 0.0275 0.0325
0 0.2625 0.33625 0.05625 0.1175
0 0.29625 0.24375 0.04375 0.02125
0 0.64375 0.6425 0.04125 0.0425
0 0.69375 0.65125 0.045 0.03
0 0.6925 0.6125 0.03875 0.035
0 0.3075 0.7375 0.0375 0.02625
0 0.305 0.70125 0.0425 0.02875
0 0.34625 0.7175 0.0225 0.045
0 0.39 0.725 0.03125 0.03
0 0.395 0.6925 0.03375 0.02375
0 0.435 0.69375 0.03875 0.0225
0 0.425 0.73 0.03125 0.04125
0 0.4775 0.7425 0.0375 0.02375
0 0.48125 0.70375 0.0375 0.04
0 0.51875 0.70125 0.02875 0.03625
0 0.5175 0.73875 0.03125 0.03375
0 0.5625 0.73375 0.03375 0.05
0 0.6 0.7375 0.03125 0.03125
0 0.65875 0.7375 0.03625 0.035
0 0.65125 0.8525 0.035 0.02625
0 0.6925 0.85375 0.03625 0.02875
0 0.485 0.81375 0.01625 0.0675
0 0.5325 0.5425 0.015 0.05125
0 0.56125 0.53625 0.025 0.07125
0 0.48125 0.54125 0.02 0.05875
0 0.58625 0.64625 0.04625 0.03
0 0.50625 0.55625 0.02125 0.025
0 0.5075 0.5275 0.0225 0.0225
0 0.62375 0.53625 0.025 0.06625
0 0.5925 0.53625 0.02625 0.0625
0 0.68125 0.535 0.02125 0.07
0 0.65 0.5375 0.02625 0.065
0 0.3625 0.61125 0.0525 0.0225
0 0.29875 0.65 0.04375 0.045
0 0.34625 0.64625 0.0375 0.03625
0 0.39125 0.645 0.035 0.04
0 0.4425 0.62875 0.035 0.06125
0 0.4875 0.63625 0.02625 0.05125
0 0.5375 0.6375 0.03375 0.04125
0 0.30625 0.605 0.04375 0.0375