0 0.805 0.65625 0.03125 0.0625
0 0.845 0.66 0.04125 0.05125
0 0.76875 0.6525 0.03875 0.065
0 0.3775 0.58375 0.04 0.06625
0 0.66875 0.6825 0.04125 0.03375
0 0.34 0.585 0.03375 0.065
0 0.28875 0.6 0.04875 0.03
0 0.24125 0.57375 0.03125 0.0475
0 0.2125 0.56 0.0175 0.06625
0 0.18375 0.565 0.03375 0.075
0 0.145 0.5575 0.03125 0.0675
0 0.26375 0.5125 0.01625 0.03125
0 0.27875 0.51375 0.01 0.0375
0 0.465 0.655 0.0575 0.0225
0 0.52125 0.65375 0.05375 0.025
0 0.58125 0.7 0.06 0.015
0 0.5825 0.68 0.06125 0.01625
0 0.57875 0.6575 0.06375 0.02
0 0.50375 0.59125 0.035 0.0475
0 0.54125 0.59 0.02875 0.05
0 0.5775 0.5925 0.035 0.05625
0 0.61375 0.5825 0.02375 0.05
0 0.64875 0.5875 0.03875 0.055
0 0.68375 0.57875 0.02125 0.0475
0 0.7225 0.5925 0.0375 0.05875
0 0.4275 0.58625 0.04125 0.06125
0 0.71125 0.66625 0.03 0.0575
0 0.62875 0.68375 0.03 0.04125
0 0.52125 0.67875 0.05375 0.0175
0 0.31625 0.51 0.01875 0.03125
0 0.70125 0.7575 0.05125 0.06
0 0.65625 0.75875 0.03375 0.05375
0 0.6075 0.75625 0.05 0.05875
0 0.555 0.7575 0.04 0.0625
0 0.50875 0.7575 0.0475 0.0575
0 0.46375 0.76125 0.035 0.045
0 0.4225 0.76375 0.03625 0.03875
0 0.39375 0.755 0.015 0.0575
0 0.37625 0.75125 0.015 0.055
0 0.34625 0.75375 0.04 0.0575
0 0.22375 0.755 0.08 0.05625
0 0.16625 0.6675 0.05625 0.08375
0 0.23875 0.675 0.08625 0.08
0 0.34125 0.645 0.06375 0.0225
0 0.335 0.67375 0.05625 0.02125
0 0.39625 0.66875 0.04625 0.02125
0 0.465 0.6775 0.05 0.02
0 0.33 0.385 0.01375 0.0775
0 0.275 0.38 0.0275 0.07
0 0.2225 0.46625 0.05375 0.09
0 0.165 0.4725 0.0475 0.07375
0 0.84125 0.83875 0.01625 0.06125
0 0.16 0.345 0.03625 0.05375
0 0.81625 0.84875 0.0225 0.0575
0 0.68125 0.855 0.0575 0.06625
0 0.195 0.045 0.05875 0.07625
0 0.2475 0.04375 0.03625 0.0775
0 0.29125 0.04 0.0425 0.0725
0 0.36375 0.03875 0.095 0.075
0 0.295 0.50875 0.02 0.03875
0 0.45125 0.04 0.0625 0.0725
0 0.5375 0.0425 0.0975 0.07125
0 0.63625 0.035 0.065 0.0625
0 0.71875 0.03625 0.0825 0.06375
0 0.8325 0.05125 0.05625 0.095
0 0.81875 0.19125 0.05 0.065
0 0.76125 0.2425 0.04125 0.14625
0 0.72 0.2425 0.035 0.145
0 0.785 0.41875 0.04875 0.05625
0 0.83125 0.41875 0.03125 0.06125
0 0.86 0.4225 0.02 0.0425
0 0.1975 0.85 0.1 0.085
0 0.31375 0.8575 0.12625 0.09875
0 0.43 0.8475 0.09625 0.08375
0 0.5175 0.84875 0.07125 0.07875
0 0.605 0.8475 0.08375 0.07375
0 0.765 0.83375 0.06 0.08
0 0.20625 0.34125 0.04625 0.06125
0 0.7825 0.72875 0.08875 0.05125
0 0.3025 0.2875 0.0275 0.06
0 0.6825 0.45875 0.04 0.03125
0 0.72875 0.4575 0.04 0.03375
0 0.61 0.4575 0.0375 0.03375
0 0.5675 0.46 0.0375 0.0275
0 0.6025 0.50125 0.0375 0.04625
0 0.56375 0.5075 0.035 0.04625
0 0.3525 0.385 0.02625 0.0775
0 0.39125 0.4025 0.0425 0.04625
0 0.43375 0.3975 0.02625 0.05875
0 0.265 0.2825 0.0425 0.06625
0 0.5 0.39375 0.04625 0.05875
0 0.55375 0.395 0.04875 0.05625
0 0.605 0.3925 0.05125 0.0575
0 0.65625 0.39875 0.04375 0.0525
0 0.7075 0.395 0.05375 0.055
0 0.75 0.40625 0.02 0.03125
0 0.52625 0.5075 0.035 0.04625
0 0.48625 0.50625 0.0375 0.03375
0 0.48625 0.4675 0.0375 0.03625
0 0.43625 0.505 0.0525 0.03125
0 0.3925 0.50625 0.0325 0.0325
0 0.39375 0.46875 0.03625 0.0325
0 0.35125 0.495 0.045 0.04875
0 0.64875 0.5025 0.0425 0.045
0 0.69125 0.50375 0.03625 0.04125
0 0.4625 0.3975 0.02 0.0625
0 0.79 0.545 0.0425 0.06125
0 0.48 0.285 0.02125 0.06875
0 0.43625 0.28625 0.015 0.0675
0 0.405 0.2725 0.03125 0.0825
0 0.36875 0.27625 0.03375 0.0825
0 0.335 0.285 0.0275 0.05375
0 0.85 0.52875 0.04875 0.09375
0 0.4575 0.28375 0.0225 0.0725
0 0.67875 0.2425 0.0425 0.145
0 0.6375 0.24375 0.035 0.145
0 0.5975 0.2425 0.0425 0.14625
0 0.5425 0.255 0.0275 0.12625
0 0.50375 0.28375 0.0225 0.0625
0 0.73125 0.5025 0.0425 0.0425