0 0.38125 0.10375 0.03375 0.09875
0 0.41125 0.10125 0.02375 0.1025
0 0.44125 0.09375 0.035 0.105
0 0.34875 0.11375 0.0225 0.08625
0 0.5475 0.55 0.04125 0.08
0 0.29 0.12375 0.0175 0.09
0 0.255 0.13 0.035 0.09125
0 0.49375 0.08375 0.045 0.11625
0 0.31375 0.12375 0.0225 0.085
0 0.535 0.07875 0.01625 0.12125
0 0.54875 0.23125 0.0325 0.1025
0 0.59875 0.06625 0.0325 0.1225
0 0.34125 0.2375 0.02625 0.095
0 0.39875 0.23375 0.04375 0.09375
0 0.475 0.23875 0.01875 0.09375
0 0.50125 0.235 0.02875 0.1
0 0.58 0.7075 0.0175 0.0875
0 0.585 0.2225 0.03375 0.11875
0 0.565 0.07 0.03375 0.12375
0 0.63625 0.22625 0.035 0.115
0 0.73125 0.2175 0.05875 0.1225
0 0.81375 0.20875 0.09 0.1375
0 0.85 0.05 0.045 0.09375
0 0.78375 0.0525 0.0475 0.1
0 0.7325 0.05875 0.04375 0.10625
0 0.6325 0.06125 0.035 0.11375
0 0.675 0.22 0.03375 0.12
0 0.61 0.7375 0.0375 0.07375
0 0.61 0.8625 0.07 0.0975
0 0.70875 0.68125 0.06125 0.035
0 0.1475 0.15125 0.02375 0.075
0 0.175 0.1475 0.0275 0.07875
0 0.2 0.15 0.01875 0.07625
0 0.2225 0.135 0.02625 0.0875
0 0.19 0.66125 0.025 0.06
0 0.2175 0.68 0.02875 0.05875
0 0.19125 0.62 0.03125 0.0225
0 0.22 0.63 0.03 0.02375
0 0.24125 0.68875 0.01375 0.0575
0 0.25625 0.695 0.01625 0.06375
0 0.2775 0.70625 0.02125 0.06125
0 0.2975 0.70125 0.0125 0.06375
0 0.32 0.73125 0.0225 0.0575
0 0.35125 0.74375 0.01875 0.07125
0 0.37375 0.74875 0.025 0.08125
0 0.4025 0.75125 0.02375 0.095
0 0.42375 0.7425 0.02 0.07625
0 0.5925 0.55 0.04 0.11
0 0.78375 0.7125 0.085 0.03
0 0.7675 0.785 0.075 0.10375
0 0.69125 0.75625 0.065 0.105
0 0.76 0.855 0.0625 0.02375
0 0.68875 0.84125 0.075 0.035
0 0.64875 0.67625 0.03125 0.03625
0 0.76375 0.9225 0.06875 0.0975
0 0.36375 0.23375 0.01375 0.09375
0 0.54125 0.83625 0.0575 0.0925
0 0.49875 0.7975 0.0175 0.035
0 0.4975 0.835 0.0175 0.0375
0 0.47375 0.78875 0.0275 0.09375
0 0.44625 0.76625 0.0225 0.1025
0 0.68375 0.90875 0.06625 0.09125
0 0.32125 0.2375 0.01 0.0875
0 0.79125 0.685 0.075 0.02375
0 0.27375 0.2425 0.015 0.0825
0 0.1325 0.5625 0.0125 0.02625
0 0.145 0.56625 0.00875 0.025
0 0.17125 0.57125 0.04375 0.03375
0 0.21125 0.57125 0.03 0.0675
0 0.2225 0.525 0.02625 0.0175
0 0.17 0.51 0.02125 0.01375
0 0.17375 0.5275 0.02125 0.0175
0 0.1725 0.545 0.02375 0.01625
0 0.24375 0.525 0.0275 0.01125
0 0.24625 0.54125 0.025 0.0175
0 0.24125 0.5825 0.02125 0.06
0 0.2625 0.5875 0.01625 0.0675
0 0.2825 0.59125 0.02125 0.075
0 0.3025 0.5875 0.01875 0.07375
0 0.32 0.6075 0.01375 0.08875
0 0.34 0.61125 0.0225 0.08875
0 0.35875 0.61125 0.0175 0.0875
0 0.1475 0.53375 0.02875 0.0325
0 0.7975 0.59 0.04625 0.13125
0 0.7475 0.57375 0.03875 0.13375
0 0.695 0.56625 0.04875 0.1325
0 0.51125 0.53 0.02875 0.105
0 0.46375 0.5175 0.025 0.1
0 0.48625 0.51375 0.01625 0.10375
0 0.43625 0.51 0.0225 0.09875
0 0.41 0.5075 0.025 0.095
0 0.3875 0.50125 0.01875 0.0925
0 0.2925 0.23875 0.02 0.08875
0 0.33375 0.48625 0.02 0.08375
0 0.38 0.615 0.02 0.095
0 0.3075 0.4825 0.02125 0.0875
0 0.25125 0.47375 0.01875 0.0825
0 0.23125 0.46375 0.0125 0.0825
0 0.21125 0.4575 0.02 0.07875
0 0.1875 0.4525 0.01875 0.07375
0 0.1675 0.45 0.015 0.0725
0 0.1425 0.435 0.03125 0.0975
0 0.6625 0.55375 0.0125 0.11625
0 0.635 0.55 0.03625 0.11
0 0.27875 0.47625 0.025 0.085
0 0.40375 0.63125 0.025 0.09
0 0.36 0.48875 0.02375 0.08625
0 0.4625 0.66625 0.03625 0.08375
0 0.29125 0.33375 0.0175 0.0475
0 0.2725 0.33375 0.0175 0.0475
0 0.25 0.33375 0.02375 0.04625
0 0.28375 0.3825 0.0175 0.045
0 0.26625 0.37875 0.01625 0.0375
0 0.25125 0.37875 0.0125 0.03875
0 0.23625 0.37625 0.0175 0.0375
0 0.21875 0.35375 0.0175 0.0925
0 0.31 0.3325 0.015 0.04
0 0.1975 0.35 0.0225 0.07375
0 0.1375 0.34625 0.0225 0.07
0 0.1375 0.2475 0.02125 0.07625
0 0.15625 0.25 0.00875 0.07625
0 0.17125 0.24375 0.0225 0.08375
0 0.1975 0.2425 0.02875 0.08625
0 0.21875 0.24625 0.01625 0.08
0 0.23875 0.245 0.02625 0.075
0 0.42875 0.645 0.02 0.09625
0 0.175 0.35 0.01875 0.0725
0 0.32625 0.30375 0.01375 0.01625
0 0.555 0.7075 0.03125 0.07125
0 0.3475 0.33125 0.01875 0.0425
0 0.3275 0.335 0.0175 0.045
0 0.47375 0.60375 0.01125 0.03375
0 0.50625 0.685 0.04875 0.08875
0 0.515 0.6175 0.0125 0.03875
0 0.5275 0.62 0.0125 0.03875
0 0.54375 0.62375 0.01875 0.03375
0 0.59875 0.63 0.03125 0.0225
0 0.81 0.395 0.0425 0.14125
0 0.7625 0.39125 0.04375 0.13375
0 0.5025 0.61375 0.01 0.03625
0 0.6775 0.38375 0.0425 0.13
0 0.59 0.40375 0.12375 0.08625
0 0.51 0.36875 0.025 0.11
0 0.45125 0.37375 0.02875 0.09375
0 0.41625 0.36875 0.02875 0.09625
0 0.3825 0.37 0.02625 0.08625
0 0.3425 0.38375 0.02125 0.0425
0 0.3225 0.38375 0.015 0.04375
0 0.72125 0.39 0.0225 0.13125
0 0.305 0.38125 0.01625 0.04