0 0.83125 0.8225 0.045 0.01
0 0.2875 0.685 0.035 0.0275
0 0.285 0.64625 0.03875 0.0425
0 0.335 0.6625 0.0325 0.0675
0 0.37125 0.665 0.02625 0.0625
0 0.39625 0.68625 0.01875 0.04375
0 0.4475 0.8075 0.045 0.04875
0 0.46625 0.69375 0.03 0.085
0 0.50625 0.70375 0.03625 0.07
0 0.55125 0.70125 0.03875 0.0725
0 0.60875 0.6775 0.03625 0.06375
0 0.6525 0.69625 0.0425 0.06625
0 0.2625 0.79375 0.035 0.06
0 0.3075 0.805 0.0475 0.05
0 0.39375 0.8025 0.05125 0.045
0 0.64625 0.7875 0.03625 0.07
0 0.6075 0.79125 0.025 0.07125
0 0.56 0.80375 0.04 0.0625
0 0.51375 0.79625 0.03625 0.07125
0 0.74 0.335 0.035 0.06625
0 0.43 0.68 0.03 0.09375
0 0.8325 0.8475 0.0375 0.01125
0 0.7025 0.3325 0.02 0.08125
0 0.3925 0.30625 0.03375 0.03125
0 0.605 0.5375 0.02375 0.0825
0 0.57 0.5375 0.03125 0.07625
0 0.52625 0.54875 0.04 0.10625
0 0.48375 0.5475 0.035 0.10375
0 0.435 0.5625 0.05 0.13125
0 0.3875 0.55875 0.03375 0.12625
0 0.33625 0.55875 0.04625 0.12125
0 0.2825 0.55875 0.05125 0.1175
0 0.8675 0.4175 0.015 0.06
0 0.84 0.4275 0.03375 0.07125
0 0.8025 0.425 0.02375 0.08125
0 0.77 0.41875 0.03125 0.065
0 0.73 0.4275 0.0325 0.055
0 0.7 0.4425 0.02 0.0575
0 0.6725 0.435 0.02125 0.0825
0 0.6475 0.43125 0.0225 0.08125
0 0.62 0.435 0.0175 0.0825
0 0.59125 0.43125 0.0325 0.08125
0 0.5525 0.43375 0.035 0.08375
0 0.48375 0.43375 0.0325 0.08375
0 0.75125 0.1075 0.02125 0.1025
0 0.6175 0.0875 0.1075 0.125
0 0.4975 0.095 0.07875 0.1075
0 0.645 0.54375 0.04875 0.0775
0 0.44625 0.43125 0.03375 0.0875
0 0.73375 0.55 0.0425 0.07625
0 0.8575 0.5575 0.0325 0.10875
0 0.72 0.8525 0.0475 0.01
0 0.725 0.8225 0.04375 0.01
0 0.3525 0.3075 0.03625 0.02375
0 0.85875 0.7275 0.03 0.01125
0 0.85875 0.7125 0.0325 0.00875
0 0.77375 0.1075 0.0225 0.105
0 0.7975 0.1075 0.0225 0.105
0 0.8225 0.11 0.02125 0.09875
0 0.2025 0.2425 0.03 0.04875
0 0.2425 0.215 0.04 0.095
0 0.29 0.22875 0.03 0.0725
0 0.3225 0.2175 0.0275 0.0875
0 0.86125 0.69875 0.0275 0.0075
0 0.86 0.685 0.02875 0.01125
0 0.8225 0.73375 0.0375 0.01375
0 0.82125 0.71625 0.04 0.01375
0 0.825 0.6975 0.03875 0.00875
0 0.8225 0.68625 0.0375 0.01
0 0.82375 0.67125 0.0425 0.0125
0 0.75125 0.69875 0.04 0.06625
0 0.69625 0.69625 0.02625 0.0625
0 0.785 0.85 0.04125 0.01125
0 0.775 0.81375 0.0525 0.0275
0 0.7875 0.55 0.04625 0.0675
0 0.4125 0.42375 0.02875 0.07
0 0.5175 0.445 0.02625 0.05875
0 0.355 0.445 0.02375 0.06125
0 0.4625 0.2275 0.0225 0.0775
0 0.485 0.23125 0.015 0.07625
0 0.50125 0.22875 0.01125 0.0675
0 0.51375 0.33125 0.025 0.08375
0 0.38375 0.4325 0.01875 0.075
0 0.46125 0.33375 0.02 0.07875
0 0.42875 0.36 0.03375 0.02875
0 0.43 0.33375 0.03375 0.01625
0 0.42875 0.30625 0.02875 0.03125
0 0.3875 0.3625 0.03875 0.02125
0 0.3425 0.365 0.04625 0.0175
0 0.435 0.22125 0.02375 0.08625
0 0.3875 0.335 0.04375 0.02875
0 0.52375 0.22875 0.02375 0.07375
0 0.55 0.2275 0.0225 0.07375
0 0.57875 0.22125 0.02375 0.09125
0 0.61125 0.23 0.03 0.0775
0 0.6425 0.23 0.02375 0.075
0 0.67 0.2275 0.01875 0.07375
0 0.69625 0.2225 0.0225 0.08
0 0.72 0.23375 0.01875 0.06375
0 0.75125 0.23625 0.03125 0.06875
0 0.79125 0.23125 0.03125 0.06125
0 0.2175 0.33125 0.03375 0.07625
0 0.34 0.33875 0.0475 0.02875
0 0.20375 0.0975 0.05375 0.09875
0 0.48625 0.33375 0.0225 0.0775
0 0.29875 0.1275 0.035 0.03375
0 0.2275 0.44 0.025 0.07625
0 0.2625 0.4375 0.02625 0.0725
0 0.28875 0.435 0.01875 0.08375
0 0.31 0.4325 0.015 0.07875
0 0.33 0.435 0.02 0.08375
0 0.2525 0.12875 0.0375 0.03375
0 0.86 0.33625 0.02875 0.065
0 0.82 0.335 0.0375 0.05875
0 0.775 0.335 0.02625 0.06125
0 0.3525 0.22125 0.0225 0.0925
0 0.38 0.21875 0.02875 0.09
0 0.4075 0.2225 0.02125 0.08875
0 0.6475 0.33875 0.02 0.07125
0 0.62125 0.3325 0.0225 0.075
0 0.5925 0.33625 0.02 0.07625
0 0.56625 0.33625 0.02 0.07625
0 0.53875 0.33375 0.02 0.08
0 0.43 0.12875 0.03875 0.03375
0 0.82625 0.80875 0.04625 0.01125
0 0.8375 0.79375 0.04375 0.0175
0 0.38125 0.12625 0.04 0.03625
0 0.34125 0.1275 0.03375 0.035
0 0.67875 0.33375 0.02625 0.07125