0 0.75875 0.40875 0.01875 0.07
0 0.82125 0.41 0.00875 0.07
0 0.41625 0.725 0.0175 0.02375
0 0.795 0.41125 0.03 0.0625
0 0.7725 0.40875 0.01 0.065
0 0.8675 0.41625 0.01375 0.0525
0 0.8475 0.40875 0.02 0.065
0 0.83875 0.3425 0.02125 0.0175
0 0.83875 0.3225 0.02125 0.0225
0 0.86375 0.31625 0.02125 0.08125
0 0.86 0.18 0.02 0.09625
0 0.835 0.17375 0.02625 0.10625
0 0.76125 0.505 0.02125 0.04875
0 0.74 0.5 0.01625 0.04125
0 0.7825 0.5 0.01875 0.0475
0 0.7025 0.4825 0.01375 0.0475
0 0.5525 0.625 0.0425 0.01
0 0.655 0.67125 0.03 0.01375
0 0.66375 0.62625 0.0175 0.01375
0 0.64375 0.635 0.0175 0.01125
0 0.6425 0.61875 0.0175 0.01375
0 0.66 0.5975 0.0175 0.01375
0 0.67875 0.61 0.01625 0.01625
0 0.62 0.635 0.01875 0.0175
0 0.58375 0.62375 0.0125 0.01375
0 0.5875 0.605 0.01375 0.02375
0 0.86125 0.58 0.02625 0.04875
0 0.72375 0.585 0.01375 0.0375
0 0.74375 0.59625 0.015 0.05375
0 0.7625 0.595 0.01125 0.045
0 0.7775 0.5875 0.01375 0.05625
0 0.83875 0.49625 0.01625 0.04875
0 0.82125 0.5025 0.01625 0.04875
0 0.80375 0.49875 0.01625 0.05
0 0.79625 0.17375 0.02 0.09375
0 0.72125 0.48875 0.0175 0.05
0 0.69125 0.1775 0.03875 0.0375
0 0.59375 0.11875 0.0325 0.11875
0 0.6225 0.135 0.0225 0.085
0 0.43125 0.57 0.0125 0.05625
0 0.4075 0.57 0.015 0.05
0 0.38 0.57375 0.0175 0.05625
0 0.355 0.5775 0.0175 0.05375
0 0.3225 0.5825 0.01375 0.055
0 0.595 0.88375 0.07625 0.02125
0 0.535 0.88125 0.045 0.08375
0 0.48 0.89875 0.05125 0.08875
0 0.42875 0.90375 0.0325 0.11375
0 0.39375 0.92 0.03875 0.11875
0 0.34625 0.925 0.04875 0.14125
0 0.61875 0.685 0.0475 0.01125
0 0.63375 0.72375 0.065 0.0275
0 0.69625 0.7075 0.0575 0.025
0 0.34375 0.80875 0.055 0.0375
0 0.38125 0.79 0.02 0.03125
0 0.5775 0.74 0.05125 0.02125
0 0.35875 0.74125 0.03875 0.0275
0 0.60875 0.6725 0.03875 0.00875
0 0.45875 0.56625 0.015 0.05125
0 0.64625 0.13125 0.02375 0.105
0 0.48375 0.56375 0.01625 0.0475
0 0.5375 0.55625 0.0125 0.045
0 0.52375 0.645 0.05 0.01625
0 0.56 0.10875 0.025 0.11875
0 0.53375 0.1175 0.02375 0.0825
0 0.51125 0.1175 0.02375 0.07875
0 0.485 0.105 0.025 0.0825
0 0.4525 0.0875 0.0375 0.10875
0 0.385 0.08125 0.03625 0.09125
0 0.33 0.0575 0.03875 0.11375
0 0.2825 0.08375 0.0475 0.0375
0 0.17125 0.04125 0.0575 0.08
0 0.23125 0.04875 0.055 0.09375
0 0.6 0.62875 0.0125 0.01375
0 0.60125 0.60875 0.01125 0.02
0 0.62 0.6175 0.015 0.02
0 0.66 0.55625 0.0125 0.06375
0 0.635 0.5475 0.01 0.045
0 0.60625 0.55125 0.00875 0.05125
0 0.58 0.55625 0.0125 0.05
0 0.55375 0.5575 0.01125 0.04625
0 0.50375 0.56 0.01375 0.04875
0 0.4925 0.63875 0.0075 0.0125
0 0.70375 0.61875 0.02125 0.02
0 0.4675 0.6275 0.00625 0.0125
0 0.6175 0.4075 0.01 0.0525
0 0.41875 0.48875 0.015 0.05125
0 0.43875 0.4875 0.01125 0.04875
0 0.45875 0.4875 0.01 0.05125
0 0.49375 0.48375 0.01375 0.05
0 0.51 0.48375 0.01 0.0475
0 0.56125 0.48 0.00625 0.0375
0 0.55 0.48 0.0125 0.05
0 0.58 0.48 0.01125 0.04875
0 0.595 0.47875 0.01 0.04375
0 0.61375 0.47875 0.01125 0.04375
0 0.6425 0.48 0.0125 0.04625
0 0.6625 0.475 0.00875 0.03875
0 0.65125 0.40125 0.01125 0.0475
0 0.29 0.93 0.0625 0.14
0 0.22375 0.935 0.06375 0.12625
0 0.48 0.63375 0.00875 0.0125
0 0.8175 0.31625 0.015 0.0625
0 0.80125 0.31125 0.0125 0.07875
0 0.6 0.405 0.01125 0.05
0 0.58 0.405 0.01 0.05
0 0.55125 0.4075 0.00875 0.05
0 0.37875 0.49125 0.01625 0.04875
0 0.84875 0.75 0.015 0.0625
0 0.75 0.7875 0.02125 0.0825
0 0.7125 0.815 0.05125 0.06125
0 0.77625 0.77375 0.02875 0.0625
0 0.8175 0.775 0.04 0.0725
0 0.74375 0.6825 0.0325 0.055
0 0.77375 0.675 0.02625 0.06875
0 0.8125 0.6625 0.045 0.06625
0 0.85625 0.6475 0.03625 0.0625
0 0.78125 0.3075 0.01 0.07375
0 0.79375 0.59375 0.01875 0.03375
0 0.41125 0.7875 0.0325 0.03375
0 0.16375 0.78625 0.0775 0.07875
0 0.45125 0.775 0.03875 0.0425
0 0.49125 0.76625 0.0375 0.04125
0 0.53 0.76125 0.035 0.03875
0 0.55 0.69125 0.0625 0.01
0 0.3025 0.58625 0.01 0.04875
0 0.32375 0.49375 0.015 0.0575
0 0.3575 0.49125 0.01375 0.05625
0 0.8225 0.57125 0.02625 0.055
0 0.765 0.30875 0.0175 0.07625
0 0.15625 0.945 0.05875 0.11
0 0.7425 0.3325 0.0225 0.0175
0 0.27625 0.4025 0.0625 0.1675
0 0.74 0.3175 0.0225 0.01125
0 0.36 0.38375 0.00875 0.0425
0 0.37 0.38625 0.00875 0.0425
0 0.32625 0.40125 0.015 0.055
0 0.39375 0.40375 0.01 0.0475
0 0.41875 0.4025 0.0125 0.0525
0 0.43875 0.40625 0.01125 0.05
0 0.4675 0.405 0.01375 0.05125
0 0.64875 0.83375 0.06125 0.03875
0 0.26 0.76125 0.10125 0.08875
0 0.14875 0.61375 0.04375 0.12125
0 0.1975 0.60875 0.03875 0.1225
0 0.235 0.6075 0.03 0.10875
0 0.27875 0.61375 0.0375 0.07875
0 0.455 0.715 0.05 0.0225
0 0.345 0.685 0.0675 0.0175
0 0.46 0.65625 0.05125 0.025
0 0.46 0.62625 0.0075 0.01
0 0.2075 0.405 0.07125 0.16375
0 0.1475 0.40625 0.045 0.1675
0 0.35125 0.38375 0.00625 0.04375
0 0.17875 0.22375 0.06375 0.15625
0 0.715 0.3225 0.0275 0.0275
0 0.69 0.28375 0.02625 0.09875
0 0.63375 0.295 0.02 0.0825
0 0.61125 0.2875 0.0175 0.07625
0 0.58625 0.28625 0.0175 0.09125
0 0.5675 0.28875 0.01875 0.08875
0 0.54625 0.2925 0.01625 0.075
0 0.485 0.405 0.01 0.0525
0 0.525 0.40625 0.00875 0.045
0 0.53875 0.41 0.01 0.04125
0 0.135 0.25625 0.01875 0.07625
0 0.505 0.26875 0.02375 0.1075
0 0.5275 0.26625 0.02 0.12125
0 0.43375 0.2875 0.02375 0.0725
0 0.23875 0.2325 0.05 0.14875
0 0.28625 0.24125 0.04375 0.13125
0 0.33125 0.245 0.045 0.145
0 0.375 0.25 0.03625 0.135
0 0.4075 0.275 0.025 0.0875
0 0.4575 0.26 0.01875 0.12375
0 0.6925 0.65625 0.0475 0.01625
0 0.48 0.2625 0.02375 0.11875