0 0.43875 0.6725 0.01875 0.0475
0 0.4625 0.67625 0.015 0.0525
0 0.4875 0.685 0.02 0.0375
0 0.405 0.67 0.03625 0.035
0 0.6 0.7025 0.01375 0.05375
0 0.51375 0.685 0.02 0.045
0 0.71375 0.72875 0.025 0.07125
0 0.5425 0.6875 0.02125 0.06125
0 0.745 0.73125 0.02875 0.0625
0 0.68375 0.71875 0.025 0.06625
0 0.6225 0.7075 0.0225 0.05875
0 0.7 0.83 0.03375 0.07125
0 0.6275 0.445 0.03 0.0325
0 0.61625 0.8075 0.03125 0.06625
0 0.555 0.43 0.03625 0.03
0 0.32375 0.63625 0.02125 0.04875
0 0.65875 0.4375 0.02 0.0575
0 0.6875 0.4325 0.02625 0.07125
0 0.71625 0.4425 0.0275 0.06375
0 0.74875 0.445 0.0275 0.0625
0 0.5875 0.46375 0.02 0.03625
0 0.5875 0.5025 0.02 0.0225
0 0.59 0.53 0.02 0.025
0 0.58375 0.55625 0.01875 0.01875
0 0.585 0.58 0.02125 0.02
0 0.585 0.605 0.0225 0.02375
0 0.5825 0.63125 0.02125 0.02
0 0.58125 0.655 0.02125 0.02125
0 0.58 0.68 0.02375 0.02125
0 0.57875 0.70375 0.01875 0.02
0 0.5775 0.7275 0.02125 0.02
0 0.5775 0.75 0.01875 0.02
0 0.5775 0.79875 0.03 0.06875
0 0.6575 0.8175 0.03 0.07
0 0.30125 0.63125 0.0175 0.04875
0 0.36125 0.755 0.03375 0.03375
0 0.2625 0.625 0.015 0.04875
0 0.74375 0.8375 0.0275 0.07625
0 0.77 0.84375 0.02125 0.07625
0 0.3075 0.6925 0.0375 0.015
0 0.24875 0.69625 0.0125 0.03875
0 0.6075 0.6125 0.01875 0.06
0 0.62875 0.61375 0.0175 0.0575
0 0.65 0.62375 0.02125 0.05
0 0.6775 0.61875 0.03 0.07
0 0.70875 0.625 0.02875 0.06875
0 0.7525 0.645 0.05 0.0475
0 0.42 0.48875 0.02 0.055
0 0.445 0.49125 0.02125 0.0525
0 0.46875 0.51 0.01875 0.02625
0 0.46875 0.48125 0.0175 0.02625
0 0.4925 0.515 0.02125 0.02625
0 0.49 0.485 0.02 0.0275
0 0.51625 0.50375 0.0175 0.05375
0 0.5375 0.51875 0.01875 0.03
0 0.56125 0.52125 0.01875 0.02875
0 0.63125 0.51875 0.0225 0.05875
0 0.66 0.52375 0.02875 0.06125
0 0.6875 0.5275 0.0225 0.0575
0 0.7125 0.53625 0.0175 0.04
0 0.76375 0.53875 0.02625 0.06
0 0.30375 0.37375 0.01375 0.0425
0 0.63375 0.32625 0.03375 0.08875
0 0.49375 0.42 0.02375 0.04
0 0.52375 0.7825 0.01625 0.0475
0 0.49625 0.775 0.0275 0.0575
0 0.45625 0.765 0.01875 0.05
0 0.4325 0.76625 0.015 0.04375
0 0.24375 0.62 0.01375 0.04875
0 0.22875 0.61625 0.0125 0.0475
0 0.24 0.54375 0.02375 0.0525
0 0.295 0.56 0.0175 0.035
0 0.315 0.56 0.01375 0.0425
0 0.33875 0.56625 0.025 0.04
0 0.39625 0.5725 0.01875 0.05
0 0.41625 0.57375 0.015 0.04875
0 0.43875 0.5775 0.015 0.05875
0 0.45875 0.5875 0.0125 0.04875
0 0.48375 0.59625 0.01875 0.045
0 0.51 0.61125 0.02125 0.02375
0 0.51375 0.58375 0.0225 0.02625
0 0.28125 0.6275 0.01625 0.05
0 0.5325 0.5975 0.01125 0.05625
0 0.37 0.54375 0.02625 0.04125
0 0.36625 0.58375 0.02375 0.0175
0 0.37 0.60375 0.0275 0.0175
0 0.365 0.62625 0.02375 0.01875
0 0.365 0.6475 0.02625 0.0125
0 0.365 0.6675 0.02625 0.02125
0 0.3625 0.68875 0.025 0.015
0 0.36375 0.70875 0.02375 0.015
0 0.3675 0.7275 0.0225 0.0175
0 0.23375 0.70625 0.0175 0.04875
0 0.275 0.72875 0.03625 0.03875
0 0.3125 0.7325 0.02 0.0275
0 0.39625 0.7675 0.02875 0.0225
0 0.5525 0.59875 0.0175 0.0625
0 0.44875 0.40375 0.01875 0.025
0 0.58125 0.35125 0.0175 0.02875
0 0.44875 0.42875 0.0225 0.01875
0 0.425 0.40125 0.02125 0.02625
0 0.405 0.32625 0.0225 0.0525
0 0.43 0.32875 0.02375 0.04875
0 0.4575 0.33 0.025 0.055
0 0.48375 0.335 0.02125 0.05
0 0.5075 0.3375 0.0175 0.04375
0 0.55375 0.33625 0.02375 0.05125
0 0.58875 0.32 0.02375 0.03
0 0.67125 0.34125 0.03 0.05875
0 0.7025 0.34375 0.0275 0.05375
0 0.735 0.345 0.02875 0.0575
0 0.7675 0.3475 0.02625 0.05875
0 0.39375 0.48375 0.0175 0.05125
0 0.26 0.36125 0.01875 0.0525
0 0.2375 0.3625 0.02125 0.0475
0 0.3875 0.41 0.015 0.04
0 0.3175 0.46875 0.0125 0.0525
0 0.3025 0.4725 0.01375 0.04625
0 0.405 0.40625 0.01375 0.04875
0 0.265 0.47 0.015 0.0325
0 0.24625 0.46625 0.0175 0.0375
0 0.22625 0.4625 0.01375 0.04
0 0.28125 0.3625 0.02 0.055
0 0.285 0.465 0.0175 0.05375
0 0.425 0.42625 0.02125 0.02