0 0.8375 0.4175 0.01375 0.0575
0 0.8175 0.4175 0.01875 0.0575
0 0.755 0.62375 0.0425 0.0725
0 0.80125 0.625 0.04625 0.07375
0 0.4725 0.285 0.0375 0.08375
0 0.43125 0.51625 0.0325 0.065
0 0.86 0.4175 0.02875 0.06125
0 0.84125 0.29375 0.04125 0.0675
0 0.78125 0.06875 0.05 0.05625
0 0.315 0.575 0.0375 0.055
0 0.275 0.575 0.0375 0.055
0 0.85 0.62625 0.04625 0.07625
0 0.84375 0.525 0.03625 0.06375
0 0.6125 0.52 0.0325 0.06125
0 0.76 0.52 0.0275 0.06625
0 0.72625 0.5225 0.03625 0.065
0 0.68625 0.5225 0.03875 0.06
0 0.64625 0.52 0.0325 0.06125
0 0.3925 0.57625 0.03875 0.05375
0 0.235 0.57625 0.03875 0.055
0 0.35375 0.57625 0.03375 0.055
0 0.5775 0.52 0.035 0.05875
0 0.54 0.52 0.035 0.05875
0 0.50375 0.52125 0.03375 0.05875
0 0.4675 0.515 0.035 0.06875
0 0.8025 0.52375 0.04375 0.06375
0 0.19375 0.57625 0.03875 0.055
0 0.53875 0.72625 0.04375 0.075
0 0.39 0.52875 0.03625 0.0375
0 0.2075 0.52875 0.0375 0.03625
0 0.3925 0.46375 0.04 0.0575
0 0.34875 0.465 0.04375 0.0575
0 0.35 0.41625 0.04375 0.03625
0 0.3075 0.4625 0.0375 0.05875
0 0.26875 0.415 0.04 0.03375
0 0.2675 0.46375 0.04 0.05625
0 0.22625 0.46125 0.0375 0.0575
0 0.1875 0.46 0.03875 0.0575
0 0.145 0.45875 0.04 0.0575
0 0.15125 0.33625 0.0375 0.0725
0 0.18875 0.3375 0.03625 0.07125
0 0.2275 0.34375 0.035 0.0575
0 0.3925 0.34375 0.0425 0.05875
0 0.35 0.34375 0.0375 0.0575
0 0.31 0.34375 0.04 0.05625
0 0.2675 0.3425 0.04 0.05875
0 0.24875 0.5275 0.03875 0.035
0 0.15375 0.5725 0.0375 0.0575
0 0.3975 0.2425 0.02125 0.04375
0 0.26125 0.2425 0.07375 0.0425
0 0.36 0.52625 0.02125 0.03625
0 0.295 0.525 0.04 0.03375
0 0.7475 0.0725 0.015 0.05
0 0.785 0.4175 0.04 0.06
0 0.74 0.41625 0.04375 0.0575
0 0.695 0.41625 0.03125 0.05625
0 0.6575 0.41625 0.03875 0.05625
0 0.6175 0.4175 0.0375 0.05625
0 0.58125 0.4175 0.03125 0.055
0 0.55125 0.4175 0.02375 0.0525
0 0.51875 0.39875 0.0375 0.09375
0 0.4725 0.41375 0.03375 0.06625
0 0.43625 0.415 0.0325 0.06625
0 0.19875 0.1625 0.07125 0.045
0 0.1425 0.16375 0.03375 0.0475
0 0.13875 0.24375 0.02625 0.04375
0 0.1875 0.24375 0.06625 0.04375
0 0.3375 0.245 0.07125 0.04375
0 0.715 0.065 0.045 0.06375
0 0.67 0.1975 0.075 0.0325
0 0.6475 0.0825 0.04 0.03125
0 0.69 0.7325 0.045 0.075
0 0.64 0.72875 0.0425 0.075
0 0.70625 0.61125 0.04125 0.07125
0 0.65625 0.59875 0.0375 0.04625
0 0.615 0.5975 0.035 0.04625
0 0.57625 0.60375 0.03875 0.05875
0 0.52 0.5925 0.065 0.03875
0 0.52 0.63125 0.06375 0.03625
0 0.45 0.5925 0.06375 0.035
0 0.45 0.62875 0.06625 0.035
0 0.39625 0.68125 0.0375 0.0575
0 0.36 0.68125 0.03375 0.06
0 0.30625 0.67625 0.06875 0.0725
0 0.2525 0.68 0.0325 0.06125
0 0.215 0.68 0.03625 0.0625
0 0.17625 0.67875 0.0375 0.06375
0 0.14 0.6725 0.03 0.07
0 0.8575 0.83625 0.03375 0.08125
0 0.81375 0.83625 0.05 0.085
0 0.76125 0.835 0.04875 0.08625
0 0.71 0.8325 0.04875 0.0875
0 0.52125 0.8275 0.04875 0.09
0 0.47375 0.83375 0.04 0.0725
0 0.8625 0.73625 0.025 0.0825
0 0.43125 0.8325 0.04 0.075
0 0.33125 0.815 0.05375 0.09875
0 0.28125 0.815 0.04125 0.1
0 0.2425 0.8125 0.03375 0.09625
0 0.205 0.8225 0.03625 0.07125
0 0.16625 0.82125 0.035 0.07625
0 0.13625 0.82125 0.02125 0.08
0 0.385 0.815 0.04875 0.09875
0 0.68125 0.07625 0.01875 0.04
0 0.825 0.735 0.04375 0.07875
0 0.735 0.7325 0.03875 0.075
0 0.6075 0.08375 0.0375 0.03125
0 0.47875 0.08 0.04375 0.045
0 0.3925 0.075 0.03625 0.045
0 0.3375 0.0775 0.07125 0.0425
0 0.26375 0.0775 0.0725 0.04125
0 0.19125 0.0775 0.07 0.04125
0 0.13875 0.07625 0.0275 0.045
0 0.8 0.295 0.0375 0.065
0 0.75875 0.29375 0.0425 0.06625
0 0.72 0.2975 0.03 0.055
0 0.68375 0.29375 0.03875 0.06625
0 0.645 0.29375 0.03625 0.0625
0 0.6025 0.2875 0.0325 0.02
0 0.6075 0.31375 0.03125 0.0275
0 0.56875 0.30125 0.03 0.04875
0 0.5225 0.29625 0.04 0.0625
0 0.27375 0.1625 0.07125 0.0425
0 0.8225 0.07375 0.0325 0.04375
0 0.85875 0.0625 0.0325 0.0675
0 0.855 0.17875 0.03875 0.07625
0 0.81 0.1875 0.045 0.05
0 0.76125 0.1875 0.04625 0.04875
0 0.72125 0.19625 0.02125 0.03375
0 0.78 0.73375 0.0425 0.0775
0 0.6725 0.15625 0.075 0.045
0 0.60875 0.1825 0.04125 0.0625
0 0.565 0.185 0.03875 0.0625
0 0.525 0.1875 0.03625 0.05875
0 0.4875 0.18625 0.03625 0.0575
0 0.435 0.185 0.04125 0.06375
0 0.3475 0.16 0.06625 0.045
0 0.59375 0.725 0.0425 0.075
0 0.44 0.29125 0.02 0.06875