0 0.735 0.45375 0.07 0.0525
0 0.65625 0.505 0.0675 0.0475
0 0.6575 0.4525 0.0725 0.05625
0 0.58125 0.51875 0.07375 0.02625
0 0.5825 0.48875 0.0775 0.02875
0 0.5825 0.4525 0.07875 0.0375
0 0.41875 0.52125 0.0775 0.03
0 0.5 0.48875 0.07125 0.02625
0 0.5 0.45625 0.08 0.03875
0 0.73 0.50625 0.07 0.05125
0 0.41875 0.49 0.075 0.02625
0 0.41625 0.455 0.08125 0.0375
0 0.45375 0.41 0.0775 0.02375
0 0.5 0.52125 0.075 0.02875
0 0.80875 0.4525 0.06875 0.055
0 0.3425 0.59 0.08 0.05125
0 0.1825 0.59375 0.065 0.04625
0 0.42125 0.6475 0.0725 0.0275
0 0.49875 0.64625 0.0725 0.02125
0 0.57625 0.585 0.07375 0.02875
0 0.57625 0.6175 0.07625 0.02625
0 0.78 0.61375 0.05875 0.07375
0 0.715 0.6175 0.06375 0.07375
0 0.805 0.50375 0.06875 0.04625
0 0.33375 0.51125 0.08875 0.055
0 0.5 0.58875 0.075 0.0225
0 0.4225 0.6175 0.0725 0.02625
0 0.345 0.64 0.0775 0.04375
0 0.26625 0.6425 0.07625 0.045
0 0.26 0.5925 0.08125 0.05
0 0.18875 0.6425 0.06375 0.0425
0 0.64625 0.61875 0.06125 0.07
0 0.32875 0.4575 0.08875 0.055
0 0.645 0.27875 0.07375 0.06125
0 0.24125 0.45625 0.0875 0.0575
0 0.74125 0.175 0.07125 0.055
0 0.7475 0.11125 0.07375 0.06375
0 0.23125 0.04 0.0975 0.06875
0 0.3275 0.04 0.09375 0.06875
0 0.24 0.10875 0.09375 0.0625
0 0.3325 0.10875 0.0875 0.06
0 0.82375 0.1125 0.07375 0.0625
0 0.24625 0.175 0.0875 0.065
0 0.41875 0.10875 0.08125 0.0625
0 0.42125 0.17375 0.08125 0.06
0 0.50375 0.10875 0.085 0.065
0 0.50375 0.1725 0.0825 0.06
0 0.5875 0.10875 0.08125 0.06625
0 0.585 0.1725 0.07875 0.06
0 0.335 0.17625 0.08625 0.0675
0 0.24625 0.51 0.0875 0.04875
0 0.81875 0.17375 0.07125 0.0575
0 0.295 0.33625 0.13875 0.05625
0 0.16375 0.51 0.07375 0.05375
0 0.16125 0.4575 0.0725 0.05375
0 0.7925 0.3375 0.0725 0.05375
0 0.79875 0.2825 0.075 0.055
0 0.715 0.3375 0.06875 0.05375
0 0.7225 0.28125 0.0725 0.055
0 0.28875 0.2775 0.1425 0.0575
0 0.6425 0.33625 0.06875 0.05125
0 0.56625 0.335 0.0775 0.05875
0 0.56625 0.2775 0.08 0.0575
0 0.4875 0.33625 0.07625 0.05625
0 0.48625 0.2775 0.08 0.0625
0 0.4075 0.33875 0.0775 0.0525
0 0.40375 0.27875 0.0825 0.06125
0 0.4975 0.62 0.075 0.02375
0 0.8475 0.59125 0.055 0.0425
0 0.665 0.17375 0.07125 0.05875
0 0.76875 0.76375 0.05625 0.065
0 0.7025 0.7625 0.0575 0.06375
0 0.63875 0.7675 0.06125 0.0625
0 0.57375 0.76875 0.065 0.0625
0 0.5025 0.7725 0.07 0.0375
0 0.50375 0.72875 0.0725 0.04125
0 0.575 0.6425 0.0675 0.0225
0 0.42875 0.77375 0.07125 0.0375
0 0.70125 0.70625 0.06375 0.04
0 0.42875 0.72625 0.07375 0.04
0 0.35125 0.7375 0.0725 0.03875
0 0.28 0.7775 0.0675 0.03375
0 0.27625 0.73875 0.06875 0.035
0 0.21 0.78 0.06 0.03375
0 0.66875 0.11125 0.0725 0.0625
0 0.20375 0.74125 0.0625 0.03625
0 0.84625 0.6325 0.0575 0.03375
0 0.355 0.7775 0.07375 0.03625
0 0.62125 0.875 0.0575 0.09375
0 0.68375 0.88 0.055 0.0875
0 0.835 0.7325 0.0625 0.03625
0 0.5575 0.87125 0.0575 0.095
0 0.49375 0.90125 0.0675 0.0375
0 0.49125 0.865 0.0675 0.0375
0 0.425 0.9025 0.0675 0.0375
0 0.4225 0.865 0.0675 0.0375
0 0.35375 0.90875 0.0725 0.0375
0 0.35125 0.87125 0.07375 0.03625
0 0.77 0.70375 0.06125 0.04
0 0.28125 0.91375 0.07375 0.03625
0 0.22 0.9025 0.03375 0.06375
0 0.7475 0.875 0.05375 0.085
0 0.81125 0.8925 0.05875 0.05625
0 0.165 0.275 0.08 0.16
0 0.14875 0.0975 0.04375 0.14125
0 0.18125 0.90125 0.0425 0.0675
0 0.83125 0.77125 0.0625 0.0375
0 0.27625 0.865 0.07375 0.06