0 0.52375 0.615 0.04875 0.0825
0 0.63875 0.54875 0.055 0.08625
0 0.7925 0.20625 0.04 0.10875
0 0.83375 0.2075 0.04 0.11375
0 0.37125 0.315 0.02125 0.075
0 0.39375 0.31875 0.01625 0.07375
0 0.41 0.3175 0.015 0.075
0 0.43 0.32 0.01875 0.075
0 0.44875 0.32125 0.01875 0.075
0 0.46875 0.32375 0.01875 0.0775
0 0.49125 0.325 0.02 0.08
0 0.51875 0.325 0.0325 0.0825
0 0.57125 0.32875 0.03125 0.0875
0 0.605 0.33 0.03125 0.0925
0 0.64125 0.33375 0.02625 0.0925
0 0.67125 0.3325 0.02625 0.09125
0 0.70375 0.33625 0.03 0.1025
0 0.74125 0.33875 0.02875 0.09625
0 0.77625 0.34 0.0325 0.0975
0 0.815 0.345 0.035 0.105
0 0.855 0.3475 0.0375 0.105
0 0.3675 0.405 0.015 0.07
0 0.3875 0.40875 0.01875 0.07125
0 0.74875 0.20625 0.03625 0.10625
0 0.70875 0.21125 0.0325 0.09875
0 0.67375 0.21125 0.0325 0.10125
0 0.64 0.21375 0.02625 0.0975
0 0.3925 0.105 0.0275 0.105
0 0.43875 0.09875 0.02 0.1075
0 0.4625 0.0975 0.02375 0.09875
0 0.49375 0.09625 0.0325 0.1025
0 0.56125 0.0925 0.0275 0.0975
0 0.59375 0.0875 0.0325 0.1
0 0.62875 0.085 0.03375 0.0975
0 0.66625 0.08 0.03625 0.1025
0 0.70375 0.08 0.02875 0.09875
0 0.7425 0.0725 0.04 0.11125
0 0.40875 0.41 0.01875 0.07
0 0.78625 0.06625 0.0375 0.10875
0 0.3675 0.22125 0.015 0.0775
0 0.38875 0.22 0.01875 0.07875
0 0.41 0.225 0.01625 0.07375
0 0.43125 0.22625 0.01875 0.07125
0 0.45 0.22375 0.01625 0.07375
0 0.47125 0.225 0.01875 0.07125
0 0.495 0.225 0.02375 0.07375
0 0.52125 0.22375 0.02625 0.07625
0 0.57 0.2175 0.0275 0.09
0 0.605 0.21625 0.035 0.09375
0 0.8325 0.06375 0.0425 0.115
0 0.36625 0.10625 0.02 0.1025
0 0.4325 0.4125 0.02375 0.07125
0 0.475 0.42 0.02 0.07375
0 0.82 0.865 0.06875 0.07625
0 0.705 0.56875 0.06 0.0975
0 0.78 0.58 0.07 0.09875
0 0.85125 0.5975 0.0475 0.09875
0 0.405 0.585 0.1 0.05375
0 0.47875 0.6025 0.0375 0.08125
0 0.5725 0.63125 0.045 0.08625
0 0.62875 0.6475 0.05625 0.095
0 0.69125 0.665 0.0625 0.09125
0 0.765 0.6875 0.0725 0.0925
0 0.84125 0.71125 0.06625 0.09875
0 0.4075 0.64375 0.0875 0.04125
0 0.405 0.6925 0.08875 0.05375
0 0.48 0.68 0.03625 0.05125
0 0.47375 0.73 0.0325 0.045
0 0.51875 0.69375 0.03125 0.05125
0 0.5125 0.745 0.035 0.04625
0 0.55875 0.7075 0.04125 0.055
0 0.55875 0.7675 0.045 0.06125
0 0.61375 0.73 0.0425 0.06625
0 0.615 0.79375 0.04625 0.05
0 0.5775 0.5375 0.05375 0.09
0 0.525 0.52625 0.0475 0.07875
0 0.46875 0.51375 0.05125 0.07875
0 0.42 0.5025 0.03625 0.0725
0 0.50125 0.4225 0.0225 0.08
0 0.5275 0.425 0.01875 0.07625
0 0.54875 0.43 0.02 0.08125
0 0.57625 0.435 0.0325 0.07875
0 0.6075 0.44125 0.02625 0.0825
0 0.6375 0.44375 0.0325 0.08625
0 0.67 0.44875 0.0275 0.08125
0 0.7 0.45375 0.02875 0.08875
0 0.735 0.45625 0.035 0.095
0 0.77625 0.4625 0.0325 0.095
0 0.455 0.415 0.01625 0.0725
0 0.81625 0.47375 0.03875 0.09375
0 0.3825 0.49375 0.0325 0.06875
0 0.76 0.955 0.1575 0.06625
0 0.6 0.905 0.11875 0.0575
0 0.61125 0.8475 0.12625 0.055
0 0.5175 0.8725 0.0325 0.06625
0 0.48125 0.84875 0.0325 0.06
0 0.445 0.82875 0.0325 0.05625
0 0.39375 0.80375 0.05625 0.055
0 0.39375 0.7525 0.06 0.04375
0 0.3375 0.76375 0.03875 0.0775
0 0.86125 0.48125 0.0275 0.10125
0 0.70125 0.76875 0.03125 0.06625
0 0.745 0.84125 0.0525 0.0775