0 0.42375 0.37375 0.05125 0.135
0 0.595 0.36875 0.04375 0.14125
0 0.4825 0.3725 0.06625 0.135
0 0.545 0.37125 0.0525 0.14
0 0.74 0.36625 0.03375 0.13
0 0.69625 0.3675 0.0475 0.145
0 0.3725 0.3725 0.04875 0.13875
0 0.79 0.375 0.05125 0.13
0 0.84125 0.36875 0.05 0.13875
0 0.88875 0.36625 0.04375 0.13625
0 0.93625 0.36875 0.05 0.1325
0 0.98 0.36625 0.03875 0.1325
0 0.95625 0.55875 0.05 0.035
0 0.95875 0.525 0.0475 0.03
0 0.955 0.48625 0.0375 0.03625
0 0.645 0.3675 0.05 0.1425
0 0.3225 0.37125 0.04625 0.13625
0 0.92875 0.2025 0.0325 0.1325
0 0.2225 0.375 0.05 0.13625
0 0.88125 0.19875 0.05625 0.14125
0 0.82625 0.1975 0.04375 0.13625
0 0.785 0.19625 0.035 0.14
0 0.74 0.1975 0.0525 0.13875
0 0.68875 0.1975 0.04375 0.1425
0 0.6325 0.1975 0.045 0.14
0 0.58125 0.1975 0.05375 0.1425
0 0.51875 0.19875 0.0675 0.14
0 0.455 0.19875 0.0525 0.14125
0 0.3975 0.19875 0.05375 0.14625
0 0.27375 0.37375 0.05125 0.13375
0 0.33125 0.20375 0.075 0.13125
0 0.20625 0.1975 0.0575 0.14375
0 0.145 0.25 0.03 0.065
0 0.11 0.25 0.02625 0.06
0 0.07375 0.24125 0.03125 0.08
0 0.03625 0.24 0.04125 0.0775
0 0.01375 0.36375 0.0275 0.07375
0 0.0425 0.36375 0.0275 0.07375
0 0.9725 0.19875 0.04875 0.1275
0 0.10875 0.3675 0.03125 0.06875
0 0.14375 0.365 0.03125 0.07375
0 0.265 0.20375 0.05375 0.13
0 0.075 0.365 0.03375 0.07375
0 0.765 0.64875 0.05 0.01375
0 0.90625 0.52625 0.04625 0.02625
0 0.9425 0.74875 0.04125 0.025
0 0.9525 0.6225 0.035 0.05125
0 0.95125 0.66875 0.03875 0.04125
0 0.9075 0.665 0.04625 0.05125
0 0.865 0.6275 0.05125 0.03
0 0.86125 0.65625 0.04375 0.025
0 0.86 0.68125 0.04625 0.025
0 0.815 0.6475 0.04625 0.0125
0 0.8125 0.66125 0.0425 0.01375
0 0.93875 0.7725 0.04125 0.02
0 0.8125 0.68125 0.04375 0.02625
0 0.76375 0.6625 0.04875 0.0125
0 0.765 0.6825 0.04875 0.0275
0 0.72 0.64375 0.0375 0.04125
0 0.71875 0.68125 0.03875 0.0325
0 0.675 0.6425 0.04875 0.03875
0 0.675 0.68 0.0475 0.03625
0 0.62375 0.64375 0.04875 0.03625
0 0.6225 0.68 0.05 0.03625
0 0.52375 0.6575 0.05125 0.08625
0 0.76625 0.6325 0.05 0.01875
0 0.93625 0.795 0.04125 0.02375
0 0.8825 0.77125 0.065 0.075
0 0.815 0.775 0.06625 0.08375
0 0.59875 0.7975 0.03125 0.0425
0 0.54125 0.77875 0.08125 0.08
0 0.455 0.78125 0.08875 0.08375
0 0.38625 0.76375 0.0475 0.075
0 0.33375 0.785 0.04875 0.0875
0 0.29125 0.8075 0.035 0.04625
0 0.24625 0.78875 0.04125 0.0325
0 0.24875 0.8175 0.0475 0.02375
0 0.20625 0.78375 0.0325 0.09375
0 0.17375 0.78625 0.0275 0.0925
0 0.14625 0.79 0.025 0.095
0 0.1225 0.80375 0.01625 0.055
0 0.0975 0.80375 0.0325 0.0575
0 0.07 0.7975 0.02 0.07125
0 0.04875 0.79875 0.01875 0.0775
0 0.02 0.795 0.0325 0.07625
0 0.91 0.495 0.045 0.02875
0 0.64375 0.7775 0.05 0.0775
0 0.68875 0.8 0.03875 0.03375
0 0.69 0.75375 0.0425 0.05625
0 0.74625 0.775 0.0675 0.0825
0 0.47875 0.63625 0.03375 0.04125
0 0.47875 0.68 0.03375 0.045
0 0.815 0.63375 0.04625 0.0125
0 0.335 0.66375 0.05375 0.085
0 0.17 0.5825 0.02625 0.0625
0 0.23875 0.57125 0.055 0.03375
0 0.23375 0.535 0.05125 0.03125
0 0.2375 0.49125 0.05 0.03375
0 0.33625 0.49375 0.03875 0.04125
0 0.79875 0.52625 0.06125 0.10625
0 0.73875 0.52875 0.05625 0.10375
0 0.295 0.51125 0.03625 0.04875
0 0.68875 0.5025 0.04 0.05375
0 0.6875 0.55625 0.03625 0.05
0 0.64 0.535 0.05375 0.09375
0 0.5925 0.51125 0.03875 0.0475
0 0.59375 0.56 0.03375 0.0475
0 0.41125 0.66125 0.0975 0.0825
0 0.545 0.53625 0.0525 0.09375
0 0.48875 0.5375 0.0575 0.0975
0 0.43 0.53625 0.06 0.1
0 0.37625 0.56875 0.0475 0.0325
0 0.375 0.5325 0.04625 0.0325
0 0.33375 0.55875 0.0325 0.04625
0 0.2975 0.56125 0.03625 0.05125
0 0.1375 0.58125 0.0325 0.0675
0 0.105 0.5825 0.0325 0.07375
0 0.1975 0.58375 0.02625 0.0625
0 0.03875 0.58375 0.03375 0.0675
0 0.28875 0.6875 0.03125 0.0425
0 0.285 0.64 0.03625 0.04125
0 0.2425 0.6275 0.0425 0.03125
0 0.24375 0.65875 0.045 0.03
0 0.24625 0.69375 0.0475 0.0375
0 0.2075 0.67875 0.02375 0.05875
0 0.1775 0.67875 0.03 0.05875
0 0.0725 0.5825 0.02875 0.07125
0 0.11625 0.6775 0.0275 0.0575
0 0.0875 0.6775 0.0275 0.0625
0 0.905 0.5575 0.05125 0.03375
0 0.1475 0.67875 0.03 0.06
0 0.0275 0.68 0.0325 0.05875
0 0.17875 0.475 0.03125 0.07125
0 0.14375 0.4775 0.035 0.06875
0 0.85375 0.52375 0.0475 0.1
0 0.10875 0.4775 0.0325 0.06875
0 0.075 0.4775 0.03125 0.0675
0 0.04375 0.47875 0.0275 0.06875
0 0.01375 0.4775 0.0275 0.06375
0 0.0575 0.68 0.0275 0.0575
0 0.01125 0.58625 0.0225 0.06875