0 0.2875 0.15375 0.03125 0.07125
0 0.30875 0.3925 0.02375 0.065
0 0.33625 0.3925 0.025 0.05875
0 0.36625 0.39375 0.02625 0.06125
0 0.39875 0.3925 0.02875 0.05875
0 0.4275 0.39 0.025 0.06375
0 0.4575 0.3925 0.02875 0.06125
0 0.5025 0.3925 0.05375 0.06
0 0.5525 0.39 0.04125 0.05875
0 0.5975 0.39 0.03875 0.065
0 0.6425 0.3875 0.04 0.0675
0 0.69125 0.38375 0.04125 0.07125
0 0.735 0.3825 0.04125 0.07375
0 0.8075 0.36 0.05 0.05375
0 0.8625 0.35875 0.02375 0.0525
0 0.85875 0.47875 0.03 0.0775
0 0.81625 0.47625 0.0475 0.0825
0 0.77125 0.4775 0.0375 0.06875
0 0.73625 0.49875 0.02625 0.065
0 0.69625 0.49875 0.04625 0.06625
0 0.64375 0.50125 0.04625 0.05875
0 0.59875 0.50375 0.03 0.0525
0 0.56625 0.505 0.02625 0.05875
0 0.54 0.505 0.02125 0.06
0 0.5125 0.50625 0.025 0.06125
0 0.485 0.50625 0.02375 0.06
0 0.45875 0.5075 0.02375 0.06125
0 0.43 0.50625 0.02375 0.05625
0 0.28 0.39 0.02875 0.0625
0 0.33 0.2875 0.03125 0.06625
0 0.29375 0.28875 0.03625 0.0675
0 0.39625 0.4925 0.035 0.08125
0 0.32625 0.15625 0.03375 0.0725
0 0.37125 0.165 0.025 0.0525
0 0.40375 0.15375 0.03375 0.07125
0 0.4375 0.1525 0.0325 0.07375
0 0.47125 0.16875 0.02125 0.0375
0 0.49625 0.1675 0.02375 0.04625
0 0.52625 0.16875 0.025 0.045
0 0.55375 0.16625 0.02375 0.0475
0 0.5825 0.165 0.02375 0.04625
0 0.6125 0.165 0.02625 0.0425
0 0.64125 0.165 0.0225 0.0425
0 0.66875 0.16375 0.02625 0.04625
0 0.7 0.1625 0.0275 0.04625
0 0.73 0.165 0.025 0.04625
0 0.75625 0.165 0.02375 0.04875
0 0.79625 0.155 0.03875 0.06125
0 0.84 0.15625 0.0475 0.05625
0 0.85125 0.25375 0.025 0.05375
0 0.7875 0.25 0.02875 0.0625
0 0.75375 0.28125 0.025 0.07
0 0.71625 0.28 0.02625 0.0725
0 0.68625 0.29625 0.0275 0.04625
0 0.645 0.285 0.04 0.0575
0 0.6 0.28125 0.03125 0.07125
0 0.5525 0.28125 0.05 0.07625
0 0.50625 0.28625 0.0275 0.0675
0 0.47125 0.28625 0.03 0.06625
0 0.43625 0.2875 0.03125 0.0625
0 0.39875 0.28625 0.02875 0.065
0 0.25375 0.155 0.03125 0.0725
0 0.36125 0.2875 0.02875 0.0625
0 0.3625 0.5075 0.0225 0.0575
0 0.28875 0.49875 0.055 0.0825
0 0.46125 0.745 0.01625 0.09
0 0.43875 0.74 0.01875 0.095
0 0.4175 0.74625 0.02 0.09375
0 0.3975 0.7525 0.01625 0.08125
0 0.37875 0.7525 0.0175 0.08375
0 0.35875 0.75375 0.0175 0.085
0 0.3375 0.7525 0.0175 0.08375
0 0.31625 0.7525 0.015 0.0775
0 0.29375 0.75 0.02 0.0875
0 0.45125 0.6525 0.03375 0.04375
0 0.4125 0.65 0.03 0.0425
0 0.375 0.65125 0.02625 0.04625
0 0.33625 0.64125 0.0425 0.04125
0 0.48375 0.7625 0.0225 0.0625
0 0.61375 0.57625 0.02125 0.03875
0 0.575 0.58 0.0125 0.0325
0 0.55875 0.58 0.01375 0.03
0 0.5425 0.58 0.0125 0.0325
0 0.52625 0.58125 0.01 0.0325
0 0.51 0.58125 0.01125 0.035
0 0.47875 0.57875 0.015 0.035
0 0.49375 0.57875 0.00875 0.03125
0 0.4625 0.58 0.01375 0.035
0 0.445 0.58125 0.015 0.0325
0 0.42875 0.58125 0.0125 0.03
0 0.41125 0.58 0.015 0.0375
0 0.395 0.57875 0.01125 0.03625
0 0.37875 0.5825 0.0125 0.03375
0 0.59 0.58125 0.0125 0.03
0 0.33375 0.5075 0.02625 0.05875
0 0.51 0.76 0.02 0.0625
0 0.56 0.75 0.0225 0.08375
0 0.81625 0.625 0.02125 0.055
0 0.7225 0.57625 0.02375 0.03375
0 0.6925 0.57625 0.02125 0.03625
0 0.665 0.56625 0.015 0.02625
0 0.6425 0.5775 0.025 0.03375
0 0.73125 0.6325 0.01875 0.04
0 0.705 0.63625 0.02125 0.04875
0 0.6425 0.64375 0.01875 0.03875
0 0.62 0.65 0.01875 0.04375
0 0.5975 0.65 0.0175 0.03625
0 0.57375 0.64875 0.02 0.03875
0 0.54875 0.63125 0.0175 0.03375
0 0.52875 0.65125 0.02125 0.04625
0 0.505 0.6475 0.02 0.04
0 0.53375 0.74875 0.02125 0.08125
0 0.4825 0.65125 0.0225 0.04375
0 0.345 0.5825 0.0125 0.03875
0 0.33 0.58125 0.015 0.03125
0 0.31375 0.58125 0.0125 0.035
0 0.2975 0.57875 0.0125 0.03375
0 0.28 0.58125 0.0125 0.0325
0 0.82625 0.7025 0.06125 0.0525
0 0.83625 0.76 0.075 0.05
0 0.73875 0.695 0.06625 0.03
0 0.7525 0.755 0.07375 0.0575
0 0.685 0.71125 0.02625 0.0625
0 0.65875 0.7475 0.02125 0.08625
0 0.62875 0.745 0.03375 0.08
0 0.59125 0.7375 0.02625 0.085
0 0.3625 0.5825 0.01375 0.03375
0 0.85 0.62625 0.03 0.0525