0 0.4425 0.305 0.0275 0.06375
0 0.415 0.31125 0.02125 0.0525
0 0.39125 0.31 0.0225 0.05375
0 0.86 0.70875 0.02875 0.11125
0 0.805 0.71125 0.07375 0.10875
0 0.81125 0.58875 0.08625 0.08375
0 0.855 0.5225 0.03875 0.02375
0 0.81625 0.5225 0.0225 0.01875
0 0.56625 0.51125 0.0275 0.0575
0 0.74625 0.50875 0.035 0.0625
0 0.71 0.50875 0.03 0.06375
0 0.66375 0.51125 0.055 0.0625
0 0.6075 0.50875 0.045 0.06625
0 0.30625 0.3 0.0325 0.08375
0 0.36875 0.3125 0.01875 0.05
0 0.3425 0.315 0.025 0.0525
0 0.7975 0.885 0.06 0.08375
0 0.785 0.52375 0.025 0.02125
0 0.47 0.305 0.02125 0.06
0 0.785 0.3 0.03375 0.09
0 0.5275 0.3 0.04375 0.06125
0 0.3775 0.835 0.0175 0.08375
0 0.6375 0.735 0.03375 0.055
0 0.35625 0.83375 0.015 0.085
0 0.3375 0.8325 0.01625 0.0875
0 0.31875 0.83125 0.01625 0.085
0 0.3 0.83125 0.0175 0.08625
0 0.85375 0.8925 0.0425 0.07625
0 0.86125 0.14 0.0275 0.115
0 0.49375 0.3025 0.02 0.06375
0 0.74875 0.30125 0.01875 0.0325
0 0.71 0.30375 0.0175 0.03625
0 0.69125 0.30375 0.01625 0.03625
0 0.6725 0.3075 0.01375 0.035
0 0.65375 0.30625 0.01625 0.0375
0 0.6375 0.3075 0.01375 0.03625
0 0.62 0.30875 0.01375 0.0375
0 0.6025 0.31125 0.01625 0.0375
0 0.5725 0.2975 0.04 0.0625
0 0.72875 0.30375 0.0125 0.035
0 0.82125 0.14375 0.03875 0.10375
0 0.36 0.19375 0.03625 0.0875
0 0.75 0.1675 0.0225 0.07125
0 0.585 0.40875 0.035 0.05875
0 0.6275 0.41 0.03125 0.0525
0 0.66625 0.405 0.0325 0.05875
0 0.7025 0.405 0.03125 0.055
0 0.7425 0.4025 0.03125 0.06375
0 0.78375 0.41375 0.03 0.08625
0 0.81625 0.41375 0.0275 0.085
0 0.845 0.4125 0.02625 0.08875
0 0.5575 0.42 0.01375 0.035
0 0.86875 0.415 0.0125 0.0825
0 0.37375 0.50375 0.05125 0.075
0 0.41375 0.51 0.02 0.0575
0 0.4375 0.5125 0.01875 0.05
0 0.46125 0.51375 0.02375 0.0525
0 0.49 0.5125 0.02375 0.05625
0 0.515 0.515 0.02 0.055
0 0.54 0.51375 0.02 0.05625
0 0.39875 0.8325 0.0225 0.09625
0 0.31625 0.505 0.055 0.07625
0 0.7825 0.1475 0.03125 0.11
0 0.53875 0.42 0.01625 0.035
0 0.49375 0.4075 0.03125 0.065
0 0.72125 0.1725 0.02625 0.075
0 0.695 0.1625 0.02 0.095
0 0.67125 0.16 0.01625 0.10125
0 0.64 0.16625 0.0425 0.095
0 0.5975 0.17 0.03 0.09875
0 0.56875 0.1725 0.02125 0.09625
0 0.5375 0.17625 0.0375 0.09125
0 0.5 0.1775 0.0275 0.09875
0 0.52 0.42 0.0125 0.0325
0 0.46875 0.18 0.02625 0.09125
0 0.4025 0.1875 0.0425 0.0875
0 0.30625 0.19125 0.06125 0.09375
0 0.27875 0.42625 0.035 0.04125
0 0.32 0.42125 0.035 0.04375
0 0.35375 0.42 0.0175 0.04
0 0.38 0.4175 0.025 0.04375
0 0.41625 0.415 0.03375 0.05625
0 0.4575 0.40875 0.035 0.0625
0 0.43875 0.1825 0.025 0.095
0 0.425 0.8525 0.02 0.06875
0 0.67125 0.73625 0.0275 0.0525
0 0.47 0.84 0.0175 0.0975
0 0.19375 0.42625 0.01 0.0225
0 0.205 0.42625 0.00875 0.02375
0 0.21625 0.42625 0.0075 0.02125
0 0.23625 0.4275 0.01125 0.02
0 0.225 0.4275 0.00625 0.02
0 0.14875 0.4725 0.03 0.03
0 0.21375 0.4625 0.0275 0.02125
0 0.21 0.485 0.0175 0.01625
0 0.1575 0.51375 0.0225 0.02125
0 0.13375 0.51 0.01625 0.0325
0 0.185 0.5025 0.025 0.03125
0 0.21625 0.505 0.03 0.01875
0 0.24625 0.4925 0.02 0.03
0 0.13875 0.605 0.02125 0.00875
0 0.1825 0.42625 0.00875 0.0225
0 0.13875 0.62375 0.025 0.01625
0 0.17375 0.605 0.01875 0.02875
0 0.195 0.59375 0.01625 0.035
0 0.2175 0.58875 0.015 0.02375
0 0.23875 0.58 0.0175 0.03375
0 0.165 0.685 0.03 0.06625
0 0.1925 0.6725 0.0125 0.075
0 0.2175 0.6575 0.02875 0.06125
0 0.25 0.64125 0.025 0.07
0 0.17125 0.77875 0.0375 0.0575
0 0.205 0.75875 0.0225 0.06375
0 0.22875 0.74125 0.01875 0.07625
0 0.2525 0.725 0.02375 0.0625
0 0.1475 0.94875 0.0375 0.06375
0 0.185 0.92375 0.03 0.09
0 0.15625 0.61625 0.0075 0.0225
0 0.21875 0.89625 0.02875 0.05625
0 0.17125 0.42625 0.00875 0.02375
0 0.15 0.4275 0.0075 0.025
0 0.70625 0.74 0.0325 0.05625
0 0.7425 0.74 0.03125 0.055
0 0.3175 0.6125 0.02625 0.0475
0 0.34875 0.6075 0.02625 0.0525
0 0.375 0.60875 0.0225 0.055
0 0.4025 0.61 0.02375 0.0525
0 0.43125 0.61125 0.0225 0.05375
0 0.46 0.6125 0.02625 0.0525
0 0.49125 0.61125 0.0275 0.06125
0 0.52125 0.6125 0.02125 0.06
0 0.55 0.6175 0.02875 0.055
0 0.595 0.61375 0.05125 0.065
0 0.6375 0.615 0.03125 0.0625
0 0.67 0.615 0.02625 0.0625
0 0.15875 0.4275 0.00875 0.02375
0 0.70375 0.6175 0.03125 0.0625
0 0.15 0.16125 0.0225 0.10875
0 0.13 0.155 0.01 0.115
0 0.17625 0.18 0.0275 0.09375
0 0.20625 0.19375 0.0225 0.0725
0 0.135 0.3525 0.0125 0.10125
0 0.15 0.35125 0.015 0.10125
0 0.1675 0.3525 0.01125 0.1
0 0.18375 0.3525 0.01125 0.0925
0 0.2 0.35375 0.0125 0.0925
0 0.21375 0.3525 0.01 0.09
0 0.2275 0.355 0.0125 0.08875
0 0.24375 0.355 0.015 0.09
0 0.13125 0.4275 0.00625 0.02375
0 0.14 0.4275 0.00875 0.0225
0 0.74 0.6175 0.03375 0.0625
0 0.4475 0.85125 0.02 0.06875
0 0.24625 0.86 0.0225 0.0725
0 0.86375 0.2975 0.02125 0.085
0 0.8275 0.2975 0.0425 0.08625
0 0.60125 0.7275 0.0225 0.06
0 0.5725 0.73 0.03 0.0575
0 0.53875 0.725 0.02625 0.05625
0 0.51 0.7225 0.02375 0.0575
0 0.4825 0.7225 0.02375 0.06
0 0.4525 0.71875 0.0275 0.0575
0 0.3975 0.71625 0.02125 0.05625
0 0.36875 0.71625 0.01875 0.055
0 0.345 0.71375 0.02125 0.055
0 0.315 0.715 0.01875 0.0525
0 0.425 0.71875 0.0225 0.0575
0 0.70875 0.87625 0.02625 0.07
0 0.495 0.84625 0.02125 0.09625
0 0.74 0.88 0.02875 0.07625
0 0.5425 0.85 0.01875 0.095
0 0.56375 0.85 0.0175 0.095
0 0.585 0.855 0.0175 0.095
0 0.52 0.84625 0.02 0.0975
0 0.63125 0.86125 0.02125 0.095
0 0.655 0.86 0.0175 0.09875
0 0.68125 0.875 0.02125 0.07625
0 0.6075 0.85375 0.0175 0.095