0 0.2 0.28 0.08125 0.13625
0 0.57 0.7275 0.0525 0.1025
0 0.22625 0.7325 0.06125 0.11
0 0.16375 0.73625 0.05625 0.1125
0 0.85875 0.59375 0.0325 0.1175
0 0.8225 0.595 0.03875 0.09
0 0.7775 0.59625 0.0425 0.09375
0 0.70625 0.5675 0.04375 0.015
0 0.715 0.595 0.0425 0.025
0 0.72875 0.62875 0.05 0.0375
0 0.6725 0.59375 0.02875 0.03
0 0.29625 0.73 0.045 0.1175
0 0.67625 0.6275 0.04375 0.03625
0 0.59 0.61125 0.03 0.0825
0 0.55375 0.6 0.03125 0.10625
0 0.51 0.6 0.05 0.1
0 0.4675 0.61 0.0275 0.0875
0 0.4425 0.61 0.02 0.085
0 0.415 0.6 0.03 0.11125
0 0.38375 0.59875 0.0275 0.11125
0 0.3525 0.6025 0.0275 0.1
0 0.32625 0.605 0.025 0.08375
0 0.63125 0.60375 0.0425 0.09375
0 0.2925 0.61 0.025 0.07875
0 0.35125 0.72375 0.05 0.1
0 0.4625 0.72875 0.05375 0.10625
0 0.75375 0.84625 0.02875 0.0775
0 0.71125 0.87 0.0525 0.12375
0 0.65125 0.86625 0.065 0.13375
0 0.59125 0.86375 0.04875 0.11625
0 0.53375 0.85 0.055 0.09
0 0.475 0.865 0.06375 0.1225
0 0.4125 0.84875 0.0575 0.08375
0 0.34375 0.875 0.0625 0.11375
0 0.27875 0.87875 0.05625 0.135
0 0.405 0.73125 0.05375 0.11125
0 0.2075 0.845 0.0625 0.07625
0 0.8525 0.72625 0.03875 0.11125
0 0.81125 0.72625 0.04375 0.1075
0 0.76875 0.73 0.0325 0.11125
0 0.72625 0.74375 0.03375 0.07875
0 0.72375 0.68375 0.0375 0.0325
0 0.67375 0.72125 0.0375 0.0975
0 0.62375 0.72375 0.04875 0.09875
0 0.25125 0.07 0.05625 0.09
0 0.5175 0.7275 0.04625 0.1025
0 0.145 0.85375 0.03625 0.1
0 0.795 0.8575 0.04875 0.115
0 0.25 0.59375 0.04375 0.10875
0 0.1825 0.6075 0.02875 0.09375
0 0.77 0.28625 0.02625 0.1125
0 0.72375 0.285 0.06 0.10625
0 0.66625 0.2925 0.04875 0.10125
0 0.16375 0.11125 0.03125 0.09375
0 0.605 0.29375 0.04875 0.105
0 0.54875 0.29125 0.0525 0.10875
0 0.49375 0.29375 0.05125 0.1175
0 0.43125 0.2825 0.06875 0.13875
0 0.35875 0.285 0.06875 0.1375
0 0.8025 0.28625 0.0325 0.12125
0 0.28 0.2825 0.07875 0.13625
0 0.26375 0.22 0.01875 0.00875
0 0.76875 0.165 0.15375 0.06375
0 0.78 0.05625 0.1525 0.1025
0 0.625 0.07375 0.11375 0.14375
0 0.5 0.07875 0.1175 0.1475
0 0.38375 0.0775 0.10125 0.145
0 0.30625 0.07375 0.03625 0.09125
0 0.29875 0.1375 0.05875 0.03125
0 0.235 0.13875 0.055 0.02875
0 0.14125 0.275 0.0325 0.15
0 0.21375 0.59625 0.03 0.09625
0 0.84625 0.305 0.04625 0.09625
0 0.2325 0.4525 0.03625 0.1475
0 0.1475 0.6075 0.04 0.0925
0 0.85125 0.465 0.04375 0.09
0 0.80875 0.4475 0.0275 0.13125
0 0.7775 0.45 0.02875 0.11875
0 0.745 0.46625 0.0275 0.09125
0 0.71875 0.4725 0.0175 0.08375
0 0.68875 0.455 0.03125 0.10375
0 0.655 0.4625 0.0225 0.0975
0 0.62125 0.46125 0.0325 0.1
0 0.17 0.46625 0.0525 0.10875
0 0.58875 0.46875 0.03125 0.0875
0 0.5325 0.46 0.02 0.11125
0 0.50625 0.46 0.0275 0.10625
0 0.47875 0.46 0.02 0.1175
0 0.44625 0.4625 0.0375 0.11
0 0.41 0.46375 0.0325 0.09875
0 0.3775 0.46 0.0275 0.11
0 0.345 0.44125 0.03375 0.14125
0 0.30625 0.4525 0.03625 0.12875
0 0.27125 0.465 0.03375 0.115
0 0.55625 0.46 0.01875 0.11375
0 0.83625 0.84125 0.0325 0.08375
0 0.1925 0.0975 0.02375 0.0925