0 0.66125 0.36875 0.03625 0.0475
0 0.73 0.37375 0.03 0.04375
0 0.625 0.35625 0.0275 0.035
0 0.595 0.36875 0.02125 0.045
0 0.245 0.46375 0.02375 0.05
0 0.69875 0.37375 0.03125 0.0425
0 0.62625 0.38375 0.025 0.015
0 0.3425 0.475 0.02125 0.02125
0 0.5625 0.3725 0.0225 0.0325
0 0.36625 0.4775 0.01875 0.01625
0 0.365 0.4525 0.01875 0.025
0 0.38875 0.4575 0.0225 0.0575
0 0.41375 0.4575 0.02375 0.05625
0 0.31125 0.45625 0.03 0.05875
0 0.47125 0.46125 0.025 0.05875
0 0.5025 0.47125 0.02375 0.04
0 0.5275 0.465 0.025 0.04875
0 0.5525 0.465 0.01875 0.05125
0 0.57625 0.46375 0.0225 0.0475
0 0.27875 0.4575 0.0325 0.06
0 0.45625 0.3475 0.0125 0.0275
0 0.44875 0.375 0.0275 0.02625
0 0.50875 0.37375 0.02125 0.035
0 0.53375 0.37375 0.02375 0.03375
0 0.34125 0.45125 0.0225 0.02125
0 0.4425 0.46 0.025 0.06375
0 0.68125 0.5425 0.03 0.04875
0 0.67875 0.7825 0.04375 0.07125
0 0.54625 0.535 0.02875 0.04875
0 0.58 0.5425 0.0275 0.03875
0 0.6125 0.54125 0.03125 0.04625
0 0.6475 0.54375 0.03125 0.04625
0 0.71375 0.54125 0.02375 0.05
0 0.765 0.5075 0.03125 0.04875
0 0.51125 0.53875 0.0275 0.04875
0 0.23625 0.6075 0.00875 0.05125
0 0.26125 0.60625 0.01125 0.05
0 0.28 0.6075 0.01 0.05375
0 0.29375 0.6075 0.01125 0.05375
0 0.3075 0.60625 0.01 0.05375
0 0.32125 0.6075 0.01625 0.05375
0 0.33625 0.6075 0.01125 0.05625
0 0.24875 0.60625 0.01 0.0475
0 0.35875 0.6075 0.01375 0.05375
0 0.47375 0.54125 0.035 0.0425
0 0.42125 0.53875 0.02 0.0475
0 0.725 0.465 0.03 0.05
0 0.69375 0.4675 0.02125 0.045
0 0.66 0.45125 0.03125 0.0775
0 0.63 0.46625 0.025 0.05125
0 0.6 0.46625 0.02375 0.0525
0 0.41875 0.3725 0.0275 0.035
0 0.4425 0.5375 0.01875 0.0425
0 0.2275 0.54625 0.015 0.03
0 0.28 0.54125 0.02 0.03875
0 0.305 0.545 0.0225 0.04125
0 0.33375 0.54 0.01875 0.03875
0 0.355 0.5425 0.02 0.0325
0 0.3775 0.5425 0.02 0.035
0 0.39875 0.545 0.01875 0.03875
0 0.2475 0.54875 0.02 0.03125
0 0.37375 0.6075 0.01375 0.05125
0 0.4 0.61875 0.0325 0.03
0 0.42625 0.60625 0.015 0.0525
0 0.5325 0.68875 0.07125 0.06375
0 0.60375 0.6925 0.0625 0.06625
0 0.66125 0.695 0.03875 0.06
0 0.69875 0.69625 0.03 0.06375
0 0.73875 0.7425 0.0225 0.0325
0 0.765 0.73875 0.01875 0.035
0 0.45 0.69 0.07125 0.06375
0 0.24625 0.7775 0.05125 0.07625
0 0.36125 0.78375 0.05125 0.075
0 0.415 0.78 0.04375 0.0725
0 0.46875 0.78125 0.04125 0.07375
0 0.52125 0.77875 0.04375 0.0675
0 0.575 0.78375 0.05125 0.0725
0 0.63 0.78125 0.04875 0.0675
0 0.30875 0.775 0.05 0.065
0 0.38625 0.6925 0.04375 0.0575
0 0.32375 0.71375 0.065 0.0225
0 0.32875 0.6875 0.0625 0.01375
0 0.44125 0.6075 0.0125 0.05
0 0.475 0.61375 0.04375 0.03875
0 0.53 0.61 0.05375 0.04625
0 0.585 0.6175 0.05375 0.03875
0 0.58375 0.58875 0.05 0.01125
0 0.635 0.62125 0.03625 0.03125
0 0.6775 0.6225 0.04 0.0225
0 0.67625 0.595 0.04125 0.0225
0 0.71625 0.6125 0.03125 0.04375
0 0.75375 0.585 0.0325 0.03125
0 0.75 0.65125 0.02875 0.06625
0 0.77375 0.65 0.015 0.07
0 0.23875 0.68625 0.0325 0.07
0 0.2725 0.6875 0.035 0.06625
0 0.32875 0.66625 0.0625 0.0225
0 0.72625 0.78875 0.03 0.025
0 0.385 0.36125 0.035 0.05625
0 0.48125 0.19625 0.03375 0.06
0 0.30875 0.365 0.03625 0.045
0 0.6725 0.1925 0.01375 0.06375
0 0.65375 0.195 0.01625 0.05375
0 0.63 0.19375 0.02625 0.07125
0 0.595 0.14875 0.02625 0.03125
0 0.6 0.19875 0.025 0.055
0 0.5675 0.2025 0.02625 0.05
0 0.5425 0.20125 0.01875 0.05
0 0.51625 0.19875 0.0275 0.06375
0 0.44375 0.1975 0.03625 0.05875
0 0.4025 0.1925 0.03375 0.06
0 0.36625 0.1925 0.0325 0.06375
0 0.33625 0.19125 0.025 0.06125
0 0.30875 0.1925 0.0225 0.0575
0 0.28125 0.1925 0.03125 0.0575
0 0.24875 0.19625 0.0225 0.05125
0 0.76375 0.81 0.03375 0.02625
0 0.34625 0.36625 0.03375 0.045
0 0.69 0.19875 0.01625 0.06
0 0.71375 0.1925 0.01875 0.065
0 0.7275 0.81125 0.0325 0.015
0 0.755 0.18875 0.015 0.085
0 0.735 0.18375 0.0225 0.07625
0 0.2675 0.36375 0.03875 0.0475
0 0.23125 0.365 0.0225 0.045
0 0.73375 0.2875 0.04375 0.04875
0 0.68125 0.29 0.0475 0.05125
0 0.61125 0.2925 0.02875 0.045
0 0.5675 0.29375 0.04125 0.03375
0 0.5175 0.28375 0.04875 0.0575
0 0.64125 0.2875 0.02875 0.045
0 0.435 0.28625 0.04625 0.0475
0 0.39375 0.28625 0.03 0.06125
0 0.35875 0.28625 0.0325 0.045
0 0.3275 0.28375 0.0225 0.05375
0 0.3 0.2825 0.025 0.04875
0 0.27 0.2875 0.0275 0.03875
0 0.4775 0.29 0.02625 0.05125
0 0.7725 0.1925 0.0175 0.07125
0 0.235 0.285 0.03125 0.04125