0 0.76625 0.59 0.0275 0.03
0 0.7325 0.5925 0.0325 0.02875
0 0.6925 0.59625 0.035 0.03
0 0.65125 0.6225 0.0425 0.0325
0 0.605 0.62625 0.04125 0.035
0 0.65 0.58375 0.04375 0.0375
0 0.6025 0.5875 0.045 0.035
0 0.55 0.6475 0.04125 0.0775
0 0.50625 0.6425 0.03875 0.08125
0 0.46125 0.6525 0.05125 0.085
0 0.40375 0.68 0.06125 0.04125
0 0.2675 0.695 0.06875 0.03875
0 0.40375 0.63 0.05625 0.0375
0 0.3425 0.63625 0.0575 0.03625
0 0.27625 0.645 0.0675 0.04375
0 0.69375 0.6275 0.03625 0.02875
0 0.685 0.51625 0.1275 0.04
0 0.545 0.50875 0.07 0.045
0 0.2775 0.4425 0.04375 0.04
0 0.3925 0.46125 0.05 0.07875
0 0.48625 0.4375 0.03875 0.01625
0 0.44 0.52125 0.05125 0.04125
0 0.485 0.4925 0.035 0.08875
0 0.3375 0.68875 0.06625 0.03625
0 0.7325 0.625 0.03625 0.03
0 0.69375 0.66125 0.0375 0.02875
0 0.6025 0.665 0.04375 0.03375
0 0.49875 0.12375 0.0325 0.06125
0 0.46125 0.1175 0.03375 0.05625
0 0.41875 0.11875 0.045 0.04875
0 0.37125 0.11125 0.04625 0.0475
0 0.28875 0.105 0.11125 0.055
0 0.28625 0.05625 0.11 0.0375
0 0.50375 0.77375 0.04875 0.04375
0 0.55875 0.75 0.04875 0.09125
0 0.26625 0.90375 0.05875 0.04125
0 0.45625 0.7625 0.04375 0.0925
0 0.40375 0.76875 0.05375 0.08875
0 0.3425 0.7975 0.06125 0.04375
0 0.275 0.80625 0.0675 0.04875
0 0.76375 0.75 0.0325 0.035
0 0.72125 0.75625 0.04125 0.03625
0 0.67125 0.7625 0.05125 0.03875
0 0.615 0.77 0.0525 0.03875
0 0.7625 0.7075 0.03375 0.0375
0 0.72 0.71375 0.0475 0.0375
0 0.6675 0.7175 0.05125 0.0375
0 0.61 0.725 0.05625 0.0375
0 0.76625 0.65375 0.025 0.02875
0 0.73375 0.65625 0.03625 0.0275
0 0.38875 0.52375 0.0475 0.04
0 0.65 0.66125 0.04375 0.03125
0 0.7675 0.6225 0.025 0.0275
0 0.3375 0.50125 0.05 0.09
0 0.335 0.345 0.05125 0.02875
0 0.7325 0.39 0.04 0.03625
0 0.67875 0.15125 0.04625 0.03875
0 0.62375 0.14375 0.05625 0.045
0 0.3225 0.895 0.04625 0.025
0 0.26875 0.9475 0.05625 0.03875
0 0.3325 0.9375 0.05625 0.03875
0 0.385 0.93 0.045 0.035
0 0.435 0.92125 0.04875 0.035
0 0.37625 0.8875 0.05 0.0375
0 0.43 0.87625 0.04375 0.04
0 0.48375 0.8725 0.0475 0.035
0 0.4825 0.91625 0.04375 0.03375
0 0.6925 0.12125 0.04125 0.0175
0 0.52625 0.90625 0.04 0.03
0 0.565 0.8575 0.04125 0.03125
0 0.565 0.83375 0.0325 0.01125
0 0.52625 0.87625 0.02875 0.00875
0 0.6125 0.83125 0.04875 0.0425
0 0.61875 0.8825 0.04875 0.0425
0 0.67125 0.8725 0.0475 0.0375
0 0.725 0.86375 0.05 0.04
0 0.66875 0.825 0.05125 0.0425
0 0.73 0.81625 0.05125 0.03875
0 0.76625 0.85875 0.02875 0.04
0 0.53125 0.1325 0.02875 0.04375
0 0.57 0.8925 0.03875 0.03625
0 0.72375 0.15875 0.035 0.03875
0 0.76375 0.1625 0.03 0.0375
0 0.75875 0.1225 0.035 0.03125
0 0.6925 0.38875 0.03625 0.03875
0 0.6525 0.38625 0.03875 0.0425
0 0.2725 0.34 0.05875 0.025
0 0.50625 0.3575 0.035 0.0225
0 0.45375 0.3475 0.0525 0.1175
0 0.3925 0.31125 0.055 0.06125
0 0.60875 0.3525 0.03875 0.10875
0 0.56375 0.35625 0.05125 0.10125
0 0.40125 0.38375 0.0525 0.04
0 0.34125 0.3825 0.05875 0.0425
0 0.27375 0.3775 0.06875 0.04875
0 0.75875 0.26625 0.03 0.035
0 0.7225 0.2625 0.03375 0.0425
0 0.68375 0.25875 0.035 0.0375
0 0.645 0.25625 0.03625 0.03875
0 0.6 0.25375 0.04375 0.0375
0 0.6475 0.2125 0.03875 0.04125
0 0.6025 0.21125 0.04125 0.04125
0 0.5575 0.2475 0.02875 0.04875
0 0.51875 0.2225 0.045 0.09625
0 0.4775 0.2375 0.03125 0.06125
0 0.43875 0.235 0.04 0.0575
0 0.3925 0.225 0.0475 0.07125
0 0.32625 0.2225 0.05375 0.06125
0 0.2675 0.21125 0.055 0.07625
0 0.275 0.5075 0.07 0.08
0 0.50625 0.38875 0.04875 0.035
0 0.56375 0.13875 0.03125 0.04