0 0.15 0.82 0.0175 0.04625
0 0.2075 0.78875 0.07625 0.08625
0 0.31125 0.8025 0.0275 0.07125
0 0.28375 0.0775 0.05 0.155
0 0.13125 0.13125 0.0125 0.06625
0 0.565 0.08125 0.05375 0.13125
0 0.50875 0.07625 0.0475 0.14375
0 0.15875 0.13375 0.03125 0.07375
0 0.39125 0.0775 0.05 0.14125
0 0.335 0.11125 0.04125 0.0925
0 0.22125 0.085 0.0625 0.14625
0 0.45125 0.08125 0.0525 0.13875
0 0.13625 0.45 0.02125 0.05875
0 0.13125 0.8225 0.0125 0.04375
0 0.17875 0.60125 0.055 0.0175
0 0.18625 0.5825 0.0525 0.01125
0 0.19625 0.56875 0.05625 0.01375
0 0.2 0.55375 0.05375 0.01
0 0.2125 0.53125 0.0525 0.0225
0 0.2375 0.595 0.0425 0.03625
0 0.27375 0.5775 0.0225 0.07125
0 0.29875 0.5725 0.0225 0.0625
0 0.32625 0.57375 0.02375 0.0625
0 0.14 0.55125 0.02875 0.05375
0 0.35375 0.575 0.015 0.0625
0 0.4 0.56875 0.02125 0.07625
0 0.42375 0.5625 0.01375 0.06875
0 0.44375 0.57125 0.01375 0.065
0 0.465 0.57375 0.01875 0.06
0 0.49 0.57125 0.025 0.06875
0 0.51375 0.5675 0.01875 0.0725
0 0.5375 0.56 0.015 0.07125
0 0.26375 0.29375 0.115 0.125
0 0.38125 0.2875 0.115 0.13
0 0.375 0.5525 0.015 0.065
0 0.4725 0.30625 0.05 0.08375
0 0.85375 0.44 0.04 0.0825
0 0.77625 0.445 0.03125 0.0725
0 0.16125 0.47125 0.0125 0.0575
0 0.1825 0.4725 0.01625 0.05625
0 0.20375 0.47375 0.01625 0.0575
0 0.22625 0.4575 0.01625 0.0825
0 0.24875 0.46 0.02 0.075
0 0.27625 0.4575 0.025 0.065
0 0.3075 0.45875 0.02375 0.065
0 0.34 0.45625 0.0325 0.065
0 0.37375 0.44625 0.03125 0.08625
0 0.81375 0.43875 0.035 0.08625
0 0.405 0.445 0.025 0.0825
0 0.46875 0.44125 0.04 0.0875
0 0.50375 0.45125 0.0225 0.0675
0 0.54625 0.45 0.045 0.065
0 0.585 0.4525 0.02625 0.06375
0 0.6425 0.45375 0.03 0.06125
0 0.64125 0.40125 0.02625 0.02375
0 0.6725 0.4375 0.025 0.07
0 0.7075 0.45 0.035 0.06
0 0.7425 0.4475 0.025 0.05625
0 0.4325 0.45875 0.0225 0.06
0 0.16375 0.31125 0.06875 0.10375
0 0.55 0.2775 0.09375 0.1275
0 0.72875 0.285 0.035 0.1
0 0.56125 0.67375 0.02375 0.07375
0 0.535 0.67375 0.02 0.06625
0 0.5075 0.67875 0.02875 0.06
0 0.46375 0.66875 0.045 0.07625
0 0.41875 0.6925 0.04 0.03625
0 0.41875 0.6475 0.02875 0.025
0 0.3875 0.675 0.015 0.065
0 0.36625 0.68375 0.01625 0.05375
0 0.34625 0.6725 0.01375 0.055
0 0.58625 0.67625 0.0175 0.05875
0 0.32125 0.68125 0.02 0.0525
0 0.6175 0.0775 0.03375 0.12875
0 0.3375 0.80375 0.01875 0.0725
0 0.27625 0.68 0.0175 0.06125
0 0.25375 0.6825 0.02125 0.06
0 0.235 0.6625 0.0125 0.045
0 0.215 0.67 0.01875 0.05875
0 0.1725 0.6725 0.02375 0.05125
0 0.15125 0.66 0.015 0.04
0 0.13375 0.67125 0.01625 0.05875
0 0.3 0.6775 0.02125 0.06
0 0.6525 0.28125 0.09375 0.12625
0 0.61625 0.69 0.04 0.0375
0 0.67875 0.67125 0.0275 0.08
0 0.7725 0.28875 0.04375 0.0975
0 0.8275 0.28875 0.0525 0.0975
0 0.835 0.07125 0.06125 0.12875
0 0.76875 0.06875 0.0575 0.135
0 0.70875 0.0675 0.03625 0.135
0 0.6625 0.0775 0.03625 0.1225
0 0.5625 0.57125 0.02 0.07375
0 0.59125 0.56 0.02375 0.075
0 0.62375 0.56875 0.0275 0.08
0 0.65125 0.66375 0.02125 0.0725
0 0.64875 0.54 0.01875 0.07375
0 0.72375 0.5625 0.0375 0.08125
0 0.7675 0.57 0.03375 0.06875
0 0.81375 0.57 0.0425 0.06375
0 0.855 0.57125 0.0375 0.05875
0 0.865 0.67875 0.02 0.0675
0 0.83 0.68125 0.03125 0.065
0 0.78625 0.68 0.03875 0.0575
0 0.7525 0.6775 0.0275 0.0625
0 0.71125 0.67125 0.03 0.07125
0 0.68375 0.57125 0.0275 0.06125
0 0.3625 0.80375 0.0175 0.0725
0 0.6125 0.45 0.0225 0.07
0 0.49875 0.80875 0.02125 0.07
0 0.4725 0.805 0.015 0.07125
0 0.4525 0.79375 0.01375 0.07625
0 0.4275 0.80625 0.01625 0.06875
0 0.40625 0.80375 0.0175 0.07125
0 0.38375 0.8025 0.01875 0.07375
0 0.8575 0.7925 0.0275 0.055
0 0.81625 0.785 0.0525 0.06875
0 0.76625 0.8175 0.02625 0.0475
0 0.5225 0.80375 0.01875 0.0775
0 0.705 0.815 0.025 0.055
0 0.57125 0.78875 0.01625 0.08125
0 0.595 0.79125 0.01625 0.0775
0 0.5475 0.8025 0.02125 0.0775
0 0.65 0.805 0.0225 0.08
0 0.62375 0.80875 0.02 0.08125
0 0.735 0.81875 0.025 0.05375
0 0.675 0.79125 0.0225 0.07875