0 0.24625 0.23375 0.10625 0.0125
0 0.38 0.21875 0.06 0.01625
0 0.84875 0.71875 0.05125 0.02375
0 0.8425 0.63125 0.065 0.03
0 0.84125 0.5975 0.06375 0.035
0 0.7425 0.6225 0.12875 0.0275
0 0.74 0.59125 0.13125 0.03125
0 0.6125 0.6225 0.125 0.03125
0 0.48375 0.59625 0.12375 0.02875
0 0.48375 0.625 0.1225 0.02625
0 0.8475 0.7675 0.05375 0.02
0 0.4825 0.57375 0.12625 0.01625
0 0.36625 0.63125 0.11 0.02875
0 0.255 0.63375 0.10625 0.02625
0 0.36125 0.59875 0.11375 0.02875
0 0.2525 0.60375 0.10625 0.0275
0 0.61 0.59 0.12625 0.03125
0 0.755 0.72875 0.12375 0.0325
0 0.49 0.75 0.1125 0.08125
0 0.62 0.74875 0.13875 0.08125
0 0.76625 0.9 0.12625 0.025
0 0.7675 0.8675 0.12125 0.03625
0 0.64 0.89875 0.125 0.02625
0 0.64 0.86625 0.125 0.0375
0 0.5125 0.9 0.1275 0.02875
0 0.51375 0.86625 0.12375 0.0375
0 0.385 0.89625 0.1275 0.03
0 0.3825 0.86375 0.13125 0.035
0 0.2625 0.90375 0.11 0.025
0 0.25875 0.8775 0.11375 0.0275
0 0.2575 0.76875 0.12875 0.0275
0 0.25625 0.735 0.1325 0.03
0 0.37625 0.7725 0.105 0.025
0 0.37625 0.7425 0.10625 0.0275
0 0.2375 0.49625 0.1175 0.0225
0 0.755 0.7625 0.12375 0.0375
0 0.2375 0.46375 0.12 0.03
0 0.85 0.745 0.04875 0.025
0 0.35125 0.46625 0.1075 0.02875
0 0.475 0.23 0.1275 0.01
0 0.6075 0.2275 0.1325 0.01125
0 0.73625 0.22375 0.12875 0.01
0 0.355 0.0375 0.11125 0.02625
0 0.35375 0.06875 0.1075 0.02875
0 0.14125 0.035 0.01875 0.06625
0 0.13375 0.14125 0.01375 0.1225
0 0.15 0.1525 0.01375 0.1175
0 0.47625 0.06125 0.13125 0.03
0 0.60625 0.0825 0.125 0.01375
0 0.73375 0.0825 0.115 0.01125
0 0.835 0.085 0.07875 0.015
0 0.85125 0.17875 0.0475 0.03125
0 0.84875 0.21125 0.05125 0.03125
0 0.35 0.4925 0.11125 0.0225
0 0.61 0.20375 0.13125 0.03
0 0.47625 0.20875 0.13 0.03125
0 0.3575 0.23375 0.1075 0.01125
0 0.25 0.35125 0.115 0.02625
0 0.7425 0.205 0.13 0.03
0 0.36 0.35125 0.10125 0.02375
0 0.36 0.325 0.11 0.0275
0 0.465 0.50375 0.10125 0.02125
0 0.53875 0.47125 0.035 0.09875
0 0.57375 0.47625 0.03375 0.09
0 0.61 0.4725 0.03375 0.08875
0 0.6475 0.47625 0.04 0.08375
0 0.695 0.47375 0.04125 0.0925
0 0.73 0.46875 0.03 0.08875
0 0.765 0.46875 0.0375 0.0925
0 0.465 0.48125 0.1 0.0225
0 0.83625 0.4725 0.035 0.09375
0 0.86625 0.47125 0.0175 0.09375
0 0.8425 0.34875 0.065 0.02625
0 0.84 0.32 0.06875 0.03
0 0.73625 0.34625 0.13375 0.03375
0 0.605 0.345 0.1275 0.0325
0 0.8 0.47 0.0275 0.0875
0 0.475 0.35375 0.11875 0.02375