0 0.36875 0.5025 0.07 0.17
0 0.8475 0.42625 0.04625 0.1525
0 0.9 0.425 0.05 0.15625
0 0.9575 0.425 0.06375 0.17
0 0.3475 0.73875 0.0125 0.0275
0 0.77625 0.43 0.0175 0.1325
0 0.51625 0.67875 0.025 0.04625
0 0.49125 0.67 0.02 0.045
0 0.46875 0.66125 0.0225 0.0425
0 0.44375 0.65625 0.0225 0.035
0 0.42 0.65125 0.02 0.03375
0 0.445 0.61625 0.0225 0.03875
0 0.42125 0.61125 0.02 0.02875
0 0.40125 0.6425 0.01375 0.03625
0 0.54625 0.68375 0.02125 0.045
0 0.3825 0.6375 0.01625 0.035
0 0.35125 0.59625 0.03875 0.0225
0 0.94 0.22375 0.05625 0.17125
0 0.87875 0.24875 0.05625 0.14125
0 0.82375 0.255 0.04 0.15375
0 0.68 0.28125 0.03125 0.12625
0 0.77 0.26125 0.0425 0.1475
0 0.725 0.2725 0.0325 0.14125
0 0.6425 0.2875 0.03375 0.1225
0 0.35125 0.6325 0.035 0.03125
0 0.5725 0.64875 0.03125 0.04125
0 0.5725 0.69875 0.02875 0.04
0 0.61 0.65875 0.03125 0.04625
0 0.56125 0.5375 0.025 0.155
0 0.5125 0.57125 0.02625 0.04125
0 0.485 0.56625 0.02375 0.04125
0 0.46125 0.56375 0.02 0.04
0 0.4375 0.56125 0.01625 0.03375
0 0.41875 0.5575 0.0175 0.03375
0 0.46375 0.52375 0.0225 0.0325
0 0.43875 0.52375 0.02 0.04
0 0.4175 0.52 0.0175 0.0325
0 0.83625 0.77625 0.045 0.06125
0 0.8375 0.715 0.05125 0.05875
0 0.7825 0.70125 0.0425 0.05375
0 0.78125 0.76125 0.04125 0.05875
0 0.7325 0.75 0.04125 0.05625
0 0.73125 0.6925 0.0425 0.055
0 0.645 0.7225 0.02375 0.05125
0 0.68625 0.68 0.0375 0.04625
0 0.61125 0.7075 0.03 0.05125
0 0.64625 0.66875 0.03125 0.04625
0 0.60625 0.2975 0.02875 0.13125
0 0.60625 0.54 0.02875 0.04625
0 0.57625 0.2975 0.025 0.12125
0 0.50625 0.305 0.03 0.06625
0 0.39 0.33375 0.015 0.08875
0 0.375 0.34 0.01 0.0925
0 0.3575 0.34 0.01375 0.085
0 0.34 0.345 0.01 0.08375
0 0.32625 0.35 0.01125 0.08375
0 0.60625 0.825 0.0275 0.04625
0 0.575 0.80875 0.0225 0.035
0 0.54625 0.7975 0.02 0.0325
0 0.80625 0.43 0.03875 0.1475
0 0.6125 0.77375 0.0325 0.0425
0 0.54625 0.75 0.02 0.0425
0 0.48875 0.84 0.01875 0.0175
0 0.52 0.825 0.02625 0.03
0 0.49 0.81125 0.0225 0.03125
0 0.4675 0.83625 0.01625 0.02625
0 0.46375 0.7975 0.02 0.02875
0 0.44375 0.7875 0.015 0.02375
0 0.4425 0.8225 0.01375 0.035
0 0.57625 0.7625 0.02875 0.03875
0 0.4225 0.815 0.01625 0.03375
0 0.39875 0.7625 0.0175 0.02375
0 0.3825 0.79125 0.01125 0.03
0 0.46875 0.32125 0.02 0.09875
0 0.44875 0.3275 0.01875 0.09125
0 0.4275 0.33 0.01375 0.0925
0 0.40875 0.3325 0.0175 0.095
0 0.35 0.77125 0.0175 0.03
0 0.3675 0.78125 0.01625 0.03375
0 0.3675 0.71875 0.01625 0.03
0 0.365 0.68125 0.02 0.0275
0 0.39125 0.71875 0.01125 0.03375
0 0.405 0.73125 0.01125 0.03875
0 0.41125 0.6925 0.02 0.03125
0 0.44625 0.71125 0.02375 0.03125
0 0.42375 0.7375 0.01625 0.03375
0 0.4225 0.77375 0.0175 0.03
0 0.4475 0.74875 0.0225 0.03
0 0.46875 0.7575 0.0175 0.0375
0 0.49125 0.7675 0.01875 0.04
0 0.5175 0.78 0.02625 0.04125
0 0.40125 0.80125 0.015 0.03125
0 0.54625 0.30625 0.025 0.10625
0 0.6425 0.54125 0.03875 0.04625
0 0.685 0.73625 0.03875 0.0525
0 0.73125 0.55125 0.04125 0.0525
0 0.68125 0.8525 0.03875 0.04375
0 0.415 0.445 0.01625 0.09
0 0.435 0.44125 0.01875 0.09
0 0.45375 0.44125 0.0175 0.0925
0 0.47875 0.4425 0.03 0.0925
0 0.50875 0.44 0.02375 0.09375
0 0.64125 0.8425 0.0275 0.0475
0 0.5325 0.44375 0.01875 0.09875
0 0.59 0.44 0.02375 0.11125
0 0.6175 0.44 0.03 0.1175
0 0.65 0.4375 0.0325 0.12125
0 0.685 0.435 0.035 0.12625
0 0.725 0.43375 0.04625 0.125
0 0.7575 0.435 0.01625 0.12875
0 0.56125 0.42125 0.0225 0.07125
0 0.73125 0.82 0.05125 0.04375
0 0.6875 0.5475 0.03875 0.0525
0 0.89375 0.79625 0.06125 0.06125
0 0.78125 0.555 0.0525 0.0575
0 0.83875 0.56 0.05625 0.0625
0 0.9025 0.56625 0.065 0.06375
0 0.96875 0.57 0.06125 0.0675
0 0.6075 0.58875 0.03125 0.04125
0 0.96 0.81375 0.06625 0.0725
0 0.6875 0.6 0.0425 0.04625
0 0.64625 0.5925 0.0375 0.05
0 0.78375 0.61375 0.045 0.05375
0 0.83875 0.62375 0.05625 0.06125
0 0.9025 0.63125 0.0625 0.06625
0 0.97 0.63875 0.06 0.06875
0 0.895 0.72875 0.05875 0.0575
0 0.96625 0.74375 0.0675 0.0625
0 0.73375 0.605 0.04375 0.0525