0 0.24375 0.56 0.01125 0.085
0 0.6125 0.69625 0.00875 0.08375
0 0.62375 0.695 0.0075 0.08125
0 0.345 0.69625 0.015 0.09125
0 0.36125 0.6975 0.0125 0.0875
0 0.3775 0.7 0.01375 0.08625
0 0.39875 0.69875 0.01375 0.0825
0 0.41375 0.7 0.01125 0.0825
0 0.42875 0.7025 0.01375 0.085
0 0.47 0.7125 0.01375 0.0875
0 0.4975 0.71125 0.01375 0.08375
0 0.48375 0.7125 0.01 0.0875
0 0.64375 0.69125 0.01 0.08125
0 0.34 0.5475 0.01625 0.09375
0 0.3575 0.54625 0.01375 0.09125
0 0.555 0.83375 0.0125 0.08125
0 0.58875 0.8125 0.0075 0.075
0 0.605 0.81125 0.00875 0.07375
0 0.58125 0.8125 0.0075 0.0725
0 0.5725 0.8125 0.00625 0.0725
0 0.6175 0.8125 0.0075 0.07375
0 0.62625 0.81375 0.0075 0.07375
0 0.64 0.81625 0.0075 0.07875
0 0.6525 0.815 0.0075 0.08
0 0.5925 0.69125 0.01 0.0875
0 0.66125 0.81375 0.0075 0.08
0 0.58 0.6925 0.01125 0.09125
0 0.53375 0.68875 0.00875 0.0775
0 0.6475 0.54875 0.00875 0.08625
0 0.65875 0.54875 0.00875 0.08375
0 0.67 0.5375 0.01125 0.08
0 0.68125 0.5375 0.0075 0.08125
0 0.69375 0.54625 0.00875 0.07875
0 0.70375 0.545 0.00875 0.07875
0 0.73375 0.5475 0.00875 0.08375
0 0.745 0.54875 0.00875 0.08375
0 0.76125 0.55375 0.00875 0.08375
0 0.78125 0.56875 0.015 0.08875
0 0.8 0.57 0.01375 0.09
0 0.8175 0.57 0.01625 0.0925
0 0.13375 0.7175 0.00875 0.0825
0 0.14625 0.71875 0.0125 0.0825
0 0.16125 0.71625 0.01375 0.0825
0 0.1775 0.72 0.0125 0.08125
0 0.2325 0.68125 0.01375 0.07625
0 0.24875 0.67875 0.01 0.07375
0 0.29 0.6925 0.01125 0.07625
0 0.30375 0.69875 0.01 0.07625
0 0.3375 0.42875 0.01125 0.08375
0 0.32125 0.69 0.01 0.075
0 0.5225 0.6875 0.0125 0.07875
0 0.5525 0.7 0.0225 0.09
0 0.6275 0.56125 0.00875 0.0825
0 0.68 0.8125 0.01 0.07625
0 0.7125 0.8125 0.01 0.07625
0 0.37375 0.4275 0.0075 0.08625
0 0.38375 0.4275 0.00875 0.085
0 0.39875 0.43625 0.01 0.08625
0 0.40875 0.435 0.0075 0.08375
0 0.76125 0.42625 0.0075 0.0875
0 0.75125 0.42625 0.01 0.0825
0 0.73375 0.42125 0.01 0.0825
0 0.7225 0.42375 0.01 0.0825
0 0.70875 0.42875 0.0075 0.085
0 0.69875 0.43125 0.01125 0.085
0 0.66875 0.42875 0.0125 0.08625
0 0.2675 0.54875 0.01125 0.08625
0 0.6475 0.43 0.01 0.08375
0 0.62875 0.44125 0.01125 0.08125
0 0.61625 0.44125 0.01125 0.085
0 0.6 0.4325 0.00875 0.08625
0 0.59 0.43125 0.01 0.085
0 0.56 0.425 0.01375 0.08875
0 0.535 0.44125 0.01375 0.08875
0 0.50625 0.43375 0.0175 0.095
0 0.4875 0.43 0.0175 0.08875
0 0.4625 0.4325 0.0075 0.08375
0 0.4525 0.43375 0.0075 0.085
0 0.35 0.42875 0.00875 0.08625
0 0.6975 0.81375 0.01 0.07625
0 0.30875 0.84875 0.01625 0.095
0 0.27375 0.8475 0.015 0.09625
0 0.74 0.83625 0.01625 0.075
0 0.7575 0.84125 0.01625 0.075
0 0.725 0.83 0.01 0.0775
0 0.785 0.845 0.01375 0.1
0 0.80375 0.84375 0.01375 0.09625
0 0.82 0.8425 0.01625 0.09375
0 0.83875 0.84125 0.01875 0.09625
0 0.65375 0.68875 0.0075 0.08
0 0.66625 0.6875 0.00875 0.08
0 0.67625 0.69 0.01 0.0775
0 0.6925 0.67875 0.01125 0.08
0 0.7075 0.6775 0.01 0.07375
0 0.72 0.675 0.01125 0.07125
0 0.7425 0.69625 0.01125 0.0875
0 0.75625 0.69875 0.01125 0.08875
0 0.77125 0.7 0.01125 0.09
0 0.7875 0.70125 0.01125 0.0925
0 0.8075 0.71 0.01625 0.08125
0 0.83625 0.70125 0.0175 0.07625
0 0.16125 0.855 0.01625 0.0875
0 0.2075 0.84 0.01625 0.09
0 0.225 0.8425 0.015 0.08875
0 0.245 0.84375 0.01625 0.09125
0 0.29125 0.84875 0.01375 0.0925
0 0.61625 0.56125 0.00875 0.0825
0 0.2625 0.67625 0.01125 0.07125
0 0.59125 0.56125 0.00875 0.08375
0 0.815 0.1675 0.01125 0.095
0 0.8025 0.1675 0.01 0.095
0 0.78625 0.16875 0.00875 0.09875
0 0.775 0.16875 0.00875 0.09625
0 0.335 0.83625 0.0175 0.08125
0 0.60125 0.56 0.01 0.08375
0 0.37125 0.835 0.01125 0.07375
0 0.39125 0.84125 0.015 0.0825
0 0.40875 0.84 0.01625 0.07875
0 0.4275 0.8375 0.01625 0.075
0 0.45375 0.82375 0.015 0.0875
0 0.74625 0.15125 0.01875 0.10375
0 0.72625 0.13125 0.01375 0.1025
0 0.59125 0.17 0.00875 0.095
0 0.58125 0.17 0.00875 0.0975
0 0.67875 0.17 0.02125 0.0975
0 0.64375 0.17375 0.01875 0.1
0 0.615 0.16875 0.0175 0.10375
0 0.47125 0.825 0.015 0.085
0 0.4875 0.82625 0.01375 0.08375
0 0.505 0.82125 0.01125 0.08375
0 0.52125 0.82375 0.0125 0.08625
0 0.53875 0.83125 0.0125 0.08125
0 0.84 0.1675 0.01625 0.0975
0 0.5575 0.1575 0.02375 0.11375
0 0.155 0.2975 0.02 0.0975
0 0.24125 0.30375 0.01625 0.09875
0 0.72875 0.30375 0.015 0.09125
0 0.695 0.295 0.01125 0.1
0 0.68125 0.29625 0.01375 0.10125
0 0.66125 0.3025 0.015 0.095
0 0.64125 0.30375 0.015 0.095
0 0.62375 0.3025 0.0125 0.0925
0 0.61 0.3025 0.0125 0.0925
0 0.59375 0.30875 0.01 0.09375
0 0.5825 0.3075 0.01 0.09375
0 0.56375 0.30625 0.01 0.09375
0 0.5525 0.30625 0.01 0.095
0 0.53625 0.30125 0.01 0.10375
0 0.5225 0.30125 0.015 0.105
0 0.50125 0.30625 0.0175 0.09875
0 0.47625 0.2925 0.0175 0.11
0 0.45375 0.29875 0.0175 0.10125
0 0.4275 0.3 0.0175 0.10625
0 0.40375 0.29875 0.02 0.1
0 0.3625 0.29375 0.01375 0.08875
0 0.37625 0.3025 0.01125 0.08875
0 0.3375 0.2975 0.02375 0.0975
0 0.29875 0.295 0.02125 0.09375
0 0.2725 0.29875 0.01375 0.09625
0 0.21625 0.305 0.01875 0.0925
0 0.52875 0.1575 0.02375 0.11125
0 0.355 0.835 0.01375 0.0775
0 0.47875 0.155 0.0175 0.11
0 0.28125 0.54875 0.01 0.08625
0 0.29875 0.5475 0.01 0.0875
0 0.31125 0.5475 0.0125 0.08875
0 0.385 0.55125 0.01125 0.08125
0 0.40625 0.55625 0.0075 0.08
0 0.415 0.555 0.0075 0.08
0 0.46 0.54875 0.0125 0.08625
0 0.475 0.5475 0.01 0.085
0 0.49875 0.55 0.0125 0.08625
0 0.23 0.5575 0.01 0.08625
0 0.21625 0.54875 0.01 0.0825
0 0.2025 0.54875 0.01375 0.0825
0 0.17375 0.54875 0.01375 0.08375
0 0.14 0.55 0.0125 0.0825
0 0.8075 0.42875 0.00875 0.085
0 0.49875 0.16375 0.0175 0.10625
0 0.77875 0.43125 0.01 0.0825
0 0.85375 0.42875 0.01 0.085
0 0.8425 0.42875 0.01 0.08625
0 0.5125 0.55125 0.01 0.08625
0 0.53 0.5475 0.01625 0.0825
0 0.56125 0.5525 0.01 0.08125
0 0.5725 0.5525 0.00875 0.0825
0 0.31375 0.42375 0.01 0.08625
0 0.3025 0.425 0.01 0.0875
0 0.4375 0.55625 0.01 0.08125
0 0.26125 0.42625 0.0175 0.09375
0 0.335 0.1525 0.02375 0.10875
0 0.36625 0.155 0.02625 0.1125
0 0.39875 0.15375 0.0225 0.1125
0 0.42875 0.15375 0.02125 0.11375
0 0.4525 0.155 0.0175 0.11
0 0.28 0.425 0.01375 0.09
0 0.23125 0.1625 0.01875 0.1075
0 0.195 0.1625 0.025 0.11375
0 0.16 0.15625 0.02375 0.115
0 0.27125 0.16375 0.02375 0.10875
0 0.78125 0.30625 0.01125 0.09375
0 0.79375 0.30875 0.01125 0.09375
0 0.75125 0.30125 0.01 0.09
0 0.82375 0.30625 0.01125 0.09375
0 0.2375 0.41 0.0125 0.08625
0 0.22375 0.40875 0.01 0.08875
0 0.2 0.43625 0.01125 0.0875
0 0.1875 0.43125 0.01125 0.08875
0 0.17375 0.43 0.01125 0.09625
0 0.81 0.3075 0.01125 0.09375
0 0.3025 0.1575 0.02 0.115
0 0.16 0.43 0.01125 0.0975
0 0.8475 0.31 0.01 0.08375
0 0.83625 0.31125 0.0075 0.08625