0 0.41375 0.3175 0.03625 0.10375
0 0.27375 0.4275 0.02125 0.0275
0 0.72375 0.29125 0.02625 0.09
0 0.7525 0.29 0.0225 0.08375
0 0.7725 0.29375 0.01375 0.07625
0 0.7925 0.275 0.025 0.10875
0 0.81625 0.2725 0.02 0.1075
0 0.8375 0.2725 0.02 0.10875
0 0.8625 0.27125 0.025 0.1025
0 0.15625 0.48625 0.04625 0.02875
0 0.1575 0.52 0.04 0.0225
0 0.16375 0.57875 0.04625 0.0325
0 0.21 0.4875 0.05625 0.085
0 0.27 0.50625 0.0425 0.1125
0 0.69375 0.3225 0.0275 0.035
0 0.3075 0.5025 0.0275 0.11375
0 0.3725 0.48875 0.025 0.11
0 0.4025 0.48375 0.03 0.10125
0 0.4325 0.48125 0.03 0.10875
0 0.4675 0.46625 0.03375 0.10625
0 0.50125 0.4625 0.03375 0.11125
0 0.53 0.45875 0.0225 0.1025
0 0.56 0.45125 0.02375 0.1025
0 0.58625 0.44875 0.0275 0.09875
0 0.6125 0.445 0.02375 0.10375
0 0.63875 0.43875 0.025 0.10125
0 0.66375 0.4325 0.02125 0.10125
0 0.6925 0.42625 0.02375 0.1
0 0.34 0.49625 0.03375 0.1
0 0.66625 0.3 0.02625 0.09125
0 0.6375 0.3 0.02875 0.09375
0 0.6 0.3325 0.0325 0.035
0 0.2125 0.10625 0.04625 0.17
0 0.2575 0.10625 0.0425 0.16875
0 0.3025 0.10625 0.04375 0.16625
0 0.3425 0.11125 0.0375 0.16
0 0.38375 0.11 0.04 0.16
0 0.42125 0.135 0.03375 0.1075
0 0.45625 0.11375 0.03 0.15125
0 0.49125 0.11375 0.03375 0.15125
0 0.52375 0.12625 0.03 0.125
0 0.5575 0.125 0.035 0.1225
0 0.5925 0.125 0.03125 0.12125
0 0.625 0.12625 0.035 0.11875
0 0.6925 0.12875 0.0275 0.11375
0 0.72125 0.12875 0.02875 0.11375
0 0.74875 0.13 0.02375 0.11
0 0.7725 0.1225 0.0225 0.12625
0 0.815 0.125 0.02375 0.11875
0 0.835 0.1275 0.01375 0.115
0 0.855 0.1325 0.025 0.1
0 0.28375 0.32 0.04875 0.12625
0 0.335 0.32625 0.045 0.11125
0 0.4475 0.31625 0.0275 0.10625
0 0.47875 0.31375 0.0325 0.1
0 0.51125 0.31125 0.02625 0.1025
0 0.54125 0.3075 0.03 0.09625
0 0.56875 0.305 0.02375 0.1
0 0.6 0.29625 0.035 0.0325
0 0.7275 0.42125 0.04125 0.1025
0 0.375 0.29125 0.03125 0.18125
0 0.77 0.41125 0.025 0.1
0 0.81875 0.40375 0.02125 0.10125
0 0.33125 0.81125 0.03625 0.105
0 0.36625 0.8025 0.0325 0.09625
0 0.4 0.78375 0.02625 0.1125
0 0.42625 0.7775 0.0225 0.10875
0 0.45125 0.7675 0.02375 0.11
0 0.475 0.765 0.01875 0.105
0 0.49375 0.76125 0.01875 0.09375
0 0.5175 0.74125 0.02625 0.10625
0 0.54875 0.73625 0.03125 0.0975
0 0.58125 0.725 0.02625 0.09875
0 0.61125 0.7125 0.0275 0.1
0 0.63875 0.70375 0.02125 0.09
0 0.66375 0.7 0.02625 0.0875
0 0.685 0.69625 0.0125 0.07625
0 0.70375 0.66625 0.025 0.04625
0 0.70625 0.70875 0.02125 0.035
0 0.7375 0.6875 0.0275 0.0675
0 0.76375 0.65625 0.0175 0.095
0 0.7875 0.65 0.02625 0.09125
0 0.815 0.64 0.025 0.09875
0 0.84 0.6325 0.0225 0.09375
0 0.865 0.6225 0.02 0.0875
0 0.14875 0.1475 0.04375 0.17875
0 0.15125 0.2675 0.05125 0.04625
0 0.1675 0.315 0.05125 0.03875
0 0.195 0.36375 0.05625 0.05
0 0.23125 0.40875 0.05375 0.02875
0 0.28875 0.8275 0.03375 0.1025
0 0.79375 0.40625 0.0225 0.10375
0 0.25125 0.84 0.0325 0.1125
0 0.18125 0.895 0.03625 0.1
0 0.83875 0.39875 0.015 0.09875
0 0.86125 0.3975 0.02375 0.095
0 0.1525 0.74375 0.03125 0.06875
0 0.1875 0.72625 0.03625 0.085
0 0.225 0.6825 0.03125 0.11125
0 0.25875 0.67375 0.03 0.1075
0 0.2975 0.66125 0.03875 0.1125
0 0.335 0.6525 0.03375 0.11125
0 0.37375 0.63875 0.03625 0.10625
0 0.41 0.63375 0.0325 0.10625
0 0.44 0.6225 0.0275 0.1
0 0.4675 0.615 0.02375 0.10125
0 0.21875 0.8875 0.03 0.08125
0 0.4975 0.60875 0.02625 0.09875
0 0.57 0.5875 0.02125 0.0975
0 0.6025 0.57875 0.025 0.09375
0 0.6275 0.57125 0.02125 0.09625
0 0.65875 0.56375 0.025 0.095
0 0.685 0.5575 0.02375 0.09125
0 0.7075 0.5525 0.02125 0.09125
0 0.73 0.555 0.02 0.08
0 0.7525 0.54125 0.02125 0.08875
0 0.77875 0.53125 0.02375 0.095
0 0.80125 0.52625 0.02125 0.09625
0 0.82375 0.52 0.01875 0.09375
0 0.8475 0.515 0.025 0.09
0 0.14375 0.90625 0.03625 0.13875
0 0.54125 0.5925 0.03 0.1
0 0.6625 0.1275 0.03125 0.115