0 0.415 0.52125 0.0825 0.015
0 0.4175 0.54375 0.0825 0.01875
0 0.41625 0.56875 0.075 0.02375
0 0.22125 0.5775 0.10375 0.015
0 0.325 0.585 0.09 0.0175
0 0.22875 0.60875 0.1 0.0225
0 0.61875 0.4875 0.015 0.0225
0 0.32 0.56 0.09125 0.01625
0 0.59875 0.49 0.01125 0.02
0 0.5375 0.49 0.0175 0.03625
0 0.56375 0.4925 0.0175 0.04375
0 0.47625 0.59125 0.02375 0.07125
0 0.5025 0.5025 0.02 0.0375
0 0.4675 0.51 0.01625 0.035
0 0.38875 0.465 0.06625 0.02125
0 0.315 0.46875 0.07 0.025
0 0.435 0.43625 0.0225 0.06875
0 0.385 0.43625 0.06625 0.01625
0 0.31375 0.4425 0.06875 0.0175
0 0.2625 0.44875 0.025 0.08875
0 0.235 0.45125 0.025 0.0875
0 0.5825 0.485 0.01125 0.03875
0 0.51125 0.57625 0.0275 0.06
0 0.265 0.685 0.0925 0.01875
0 0.57625 0.56 0.035 0.05375
0 0.36875 0.23 0.00875 0.09375
0 0.38125 0.23125 0.01 0.09375
0 0.525 0.22625 0.055 0.05625
0 0.5975 0.23125 0.04875 0.055
0 0.6625 0.23 0.03375 0.06375
0 0.695 0.23375 0.02625 0.065
0 0.72 0.24625 0.02 0.08625
0 0.7525 0.245 0.0225 0.085
0 0.7775 0.245 0.01875 0.0875
0 0.20625 0.4525 0.025 0.0875
0 0.54125 0.57125 0.02375 0.06625
0 0.3525 0.2225 0.02 0.09625
0 0.2925 0.73875 0.09875 0.04
0 0.395 0.705 0.095 0.0175
0 0.40125 0.74125 0.08875 0.03625
0 0.17 0.7125 0.08625 0.02875
0 0.44125 0.6275 0.0175 0.05125
0 0.42 0.63125 0.0175 0.06125
0 0.36125 0.66125 0.08125 0.02375
0 0.26125 0.66 0.0925 0.02375
0 0.1675 0.68375 0.08375 0.02125
0 0.6175 0.555 0.01125 0.07125
0 0.17875 0.7775 0.09 0.04125
0 0.17625 0.455 0.0275 0.09125
0 0.765 0.37375 0.0125 0.08875
0 0.8675 0.585 0.01375 0.07875
0 0.555 0.4125 0.0275 0.04
0 0.59125 0.41375 0.0175 0.03625
0 0.61625 0.41 0.0175 0.03375
0 0.595 0.34625 0.01875 0.05125
0 0.56 0.35 0.0275 0.04875
0 0.52125 0.34375 0.02 0.0425
0 0.49625 0.34 0.02125 0.05125
0 0.46875 0.34 0.02375 0.03875
0 0.42125 0.335 0.03 0.045
0 0.38375 0.335 0.0375 0.04125
0 0.5275 0.42625 0.01 0.04125
0 0.35375 0.36625 0.01125 0.0825
0 0.2875 0.36625 0.01375 0.0875
0 0.2675 0.3575 0.01375 0.0825
0 0.235 0.355 0.0125 0.095
0 0.20125 0.35625 0.015 0.09875
0 0.18125 0.36 0.01375 0.0875
0 0.155 0.35625 0.02625 0.0925
0 0.8675 0.26875 0.01375 0.05
0 0.85 0.25375 0.01625 0.0775
0 0.8325 0.25 0.01875 0.07625
0 0.8125 0.25125 0.01625 0.075
0 0.32375 0.37375 0.0125 0.0975
0 0.14375 0.455 0.0325 0.0975
0 0.51 0.42125 0.015 0.03125
0 0.79375 0.2475 0.0125 0.07375
0 0.8475 0.59125 0.02 0.0875
0 0.8275 0.59875 0.01875 0.09
0 0.805 0.60125 0.02125 0.0925
0 0.775 0.6125 0.0325 0.09125
0 0.7325 0.63875 0.03125 0.06625
0 0.86875 0.47625 0.01125 0.08375
0 0.85 0.48125 0.01875 0.08375
0 0.83 0.48375 0.02125 0.09
0 0.80625 0.48875 0.02 0.0925
0 0.78625 0.495 0.02 0.085
0 0.48875 0.41875 0.01625 0.0425
0 0.76625 0.51625 0.0175 0.055
0 0.75375 0.46 0.0225 0.03375
0 0.86625 0.3725 0.01625 0.075
0 0.8475 0.37375 0.01625 0.0775
0 0.83125 0.37375 0.0125 0.07625
0 0.8175 0.375 0.01375 0.07875
0 0.8 0.37375 0.015 0.07875
0 0.78125 0.37625 0.0175 0.08375
0 0.2975 0.775 0.10375 0.0275
0 0.7475 0.4 0.01875 0.05
0 0.46125 0.4175 0.02 0.0325
0 0.74125 0.54625 0.01875 0.105
0 0.19 0.81625 0.11625 0.035
0 0.25625 0.2175 0.01375 0.1025
0 0.3675 0.8025 0.085 0.02125
0 0.71 0.76 0.02625 0.075
0 0.73375 0.74125 0.0175 0.08875
0 0.75625 0.73125 0.02875 0.08625
0 0.78125 0.72375 0.02125 0.0925
0 0.8025 0.7125 0.015 0.09
0 0.82125 0.7075 0.02 0.0875
0 0.84375 0.69875 0.02 0.0825
0 0.8625 0.69 0.0125 0.07875
0 0.505 0.68875 0.02125 0.07375
0 0.5275 0.6775 0.01375 0.06
0 0.54375 0.6725 0.00875 0.06625
0 0.56375 0.67125 0.015 0.07625
0 0.6875 0.7725 0.015 0.07875
0 0.5875 0.66625 0.015 0.06375
0 0.6175 0.66125 0.01375 0.07
0 0.45875 0.70375 0.025 0.06875
0 0.20125 0.215 0.02 0.1075
0 0.16375 0.215 0.0225 0.11625
0 0.7625 0.0375 0.1025 0.06375
0 0.835 0.1525 0.0425 0.04625
0 0.7775 0.135 0.06625 0.06375
0 0.70375 0.125 0.07125 0.06875
0 0.6125 0.0975 0.0875 0.07625
0 0.4975 0.07875 0.10625 0.0775
0 0.445 0.78875 0.0225 0.05375
0 0.2025 0.03625 0.125 0.06375
0 0.60125 0.66125 0.01 0.06375
0 0.665 0.78125 0.025 0.075
0 0.36125 0.05375 0.13625 0.0875
0 0.6125 0.815 0.05 0.06125
0 0.37375 0.83625 0.08375 0.02375
0 0.20125 0.8725 0.0575 0.05875
0 0.2825 0.85375 0.09375 0.04
0 0.26625 0.9625 0.09625 0.065
0 0.33125 0.92125 0.0125 0.02125
0 0.3425 0.8925 0.015 0.02
0 0.3575 0.8875 0.01125 0.02375
0 0.36375 0.9075 0.00875 0.01875
0 0.645 0.7975 0.015 0.0575
0 0.32125 0.22375 0.01125 0.10125
0 0.35 0.91625 0.01 0.01625
0 0.3025 0.22 0.02 0.1
0 0.28125 0.21625 0.01875 0.10625
0 0.33375 0.225 0.00875 0.09875
0 0.3525 0.9375 0.0125 0.015
0 0.56875 0.82625 0.0175 0.0675
0 0.235 0.22 0.02 0.10375
0 0.5525 0.845 0.02125 0.05625
0 0.53375 0.84 0.015 0.0775
0 0.51 0.85125 0.0125 0.06875
0 0.475 0.88125 0.015 0.05625
0 0.49375 0.875 0.01625 0.055
0 0.355 0.96 0.01125 0.02
0 0.34 0.96625 0.015 0.015
0 0.335 0.945 0.01375 0.0175
0 0.37 0.94875 0.01375 0.015
0 0.36625 0.93125 0.0125 0.0175
0 0.42125 0.92 0.09375 0.045