0 0.40125 0.125 0.0275 0.0875
0 0.36875 0.12625 0.035 0.0775
0 0.32875 0.13125 0.045 0.06875
0 0.43375 0.12625 0.0325 0.0925
0 0.7 0.14375 0.03625 0.07625
0 0.65375 0.43125 0.0325 0.07875
0 0.2075 0.2625 0.03125 0.13875
0 0.175 0.26125 0.035 0.1375
0 0.7925 0.1475 0.04875 0.075
0 0.74 0.1375 0.0375 0.08625
0 0.28 0.13 0.0475 0.0675
0 0.645 0.1475 0.04625 0.06
0 0.47375 0.12625 0.04375 0.09125
0 0.6 0.14375 0.03875 0.065
0 0.51375 0.13 0.035 0.08375
0 0.5425 0.77375 0.0275 0.065
0 0.56875 0.775 0.02 0.065
0 0.59125 0.77 0.025 0.0625
0 0.61375 0.77 0.01875 0.06375
0 0.6225 0.43125 0.03125 0.07875
0 0.55 0.13125 0.03375 0.08375
0 0.23875 0.1325 0.03375 0.0575
0 0.8375 0.3825 0.0525 0.05375
0 0.15375 0.1125 0.04375 0.095
0 0.5775 0.55125 0.035 0.08
0 0.54625 0.555 0.025 0.07375
0 0.515 0.55625 0.03375 0.075
0 0.48 0.55625 0.035 0.075
0 0.3825 0.55875 0.03625 0.08375
0 0.35 0.55875 0.02875 0.085
0 0.32 0.56 0.03 0.085
0 0.2925 0.56375 0.02375 0.0925
0 0.2675 0.565 0.0275 0.09
0 0.235 0.5675 0.03375 0.095
0 0.19875 0.56625 0.04 0.0975
0 0.85 0.50375 0.03875 0.075
0 0.8025 0.5025 0.04125 0.08375
0 0.69125 0.7775 0.02375 0.025
0 0.67125 0.76875 0.01625 0.055
0 0.65 0.76875 0.02125 0.0625
0 0.6325 0.76875 0.015 0.06375
0 0.24125 0.2725 0.035 0.11625
0 0.7825 0.3825 0.03 0.045
0 0.745 0.44125 0.05625 0.065
0 0.695 0.44 0.04 0.065
0 0.19875 0.11875 0.04375 0.0825
0 0.27625 0.27375 0.0325 0.11875
0 0.31 0.43375 0.03 0.09375
0 0.34 0.275 0.03125 0.1125
0 0.49625 0.28 0.0375 0.105
0 0.455 0.27875 0.035 0.10375
0 0.41 0.27875 0.0375 0.10625
0 0.3325 0.7975 0.03875 0.0675
0 0.2925 0.80125 0.03875 0.05875
0 0.25 0.80625 0.04375 0.06375
0 0.2075 0.8075 0.04125 0.06125
0 0.815 0.69 0.04125 0.08125
0 0.76875 0.6925 0.04125 0.09125
0 0.72125 0.65375 0.03125 0.07125
0 0.69 0.6525 0.03 0.07125
0 0.65875 0.6575 0.03125 0.075
0 0.62625 0.6575 0.0325 0.0725
0 0.59 0.6625 0.0375 0.0775
0 0.555 0.6675 0.035 0.06875
0 0.51875 0.67 0.0375 0.06875
0 0.4825 0.67 0.035 0.06875
0 0.445 0.67375 0.0375 0.06875
0 0.4075 0.67375 0.03625 0.06875
0 0.37 0.67625 0.03625 0.075
0 0.33 0.67875 0.04375 0.07125
0 0.5325 0.2825 0.0325 0.105
0 0.56375 0.30375 0.03 0.06875
0 0.59875 0.30375 0.03125 0.065
0 0.63375 0.30375 0.025 0.06375
0 0.375 0.29 0.0325 0.08625
0 0.595 0.4375 0.01875 0.0775
0 0.575 0.43625 0.02125 0.08
0 0.545 0.445 0.0325 0.06625
0 0.50875 0.445 0.03875 0.06375
0 0.46875 0.44625 0.03875 0.07125
0 0.43 0.4525 0.035 0.05625
0 0.4825 0.77125 0.0225 0.08
0 0.46125 0.7775 0.02 0.07875
0 0.43375 0.77625 0.03375 0.08125
0 0.30875 0.27625 0.03125 0.11375
0 0.4025 0.78 0.025 0.0775
0 0.3975 0.42875 0.02625 0.1025
0 0.36875 0.43 0.03 0.10375
0 0.34 0.43 0.0275 0.10375
0 0.61 0.5525 0.03 0.07625
0 0.2775 0.435 0.03375 0.09625
0 0.24375 0.435 0.0325 0.0975
0 0.195 0.43375 0.05625 0.1025
0 0.76375 0.3 0.0525 0.0625
0 0.71125 0.30125 0.0525 0.06625
0 0.6625 0.3225 0.03125 0.025
0 0.3725 0.78875 0.03625 0.06125
0 0.6425 0.55 0.0325 0.0825
0 0.5125 0.775 0.0325 0.07375
0 0.68375 0.56125 0.04625 0.05875
0 0.73375 0.55375 0.0475 0.06125
0 0.7925 0.59 0.04625 0.075
0 0.72125 0.7525 0.03375 0.07375
0 0.1975 0.69 0.0525 0.07125
0 0.24625 0.685 0.05 0.08125