0 0.455 0.615 0.0275 0.0225
0 0.45375 0.59125 0.025 0.02
0 0.48375 0.5675 0.02875 0.02125
0 0.4825 0.59125 0.02875 0.02125
0 0.4525 0.56875 0.025 0.0225
0 0.73875 0.61 0.08375 0.0375
0 0.515 0.5675 0.02875 0.0225
0 0.7375 0.7 0.08 0.0375
0 0.73625 0.65875 0.08 0.04125
0 0.545 0.52375 0.0275 0.0225
0 0.73875 0.57 0.08375 0.0375
0 0.65625 0.60875 0.07875 0.0375
0 0.655 0.57 0.07875 0.0375
0 0.59875 0.59 0.02875 0.02125
0 0.48375 0.615 0.02875 0.0225
0 0.60125 0.6125 0.02875 0.02125
0 0.5725 0.59 0.02125 0.02125
0 0.57125 0.56625 0.02 0.02375
0 0.54625 0.6125 0.0275 0.02
0 0.54625 0.59125 0.0275 0.02
0 0.545 0.5675 0.02875 0.02375
0 0.515 0.6125 0.03 0.02
0 0.515 0.59 0.03 0.02
0 0.5725 0.61375 0.02125 0.02125
0 0.515 0.4775 0.0275 0.0225
0 0.38 0.6125 0.06375 0.03125
0 0.51625 0.525 0.0275 0.02125
0 0.65375 0.66 0.08 0.04125
0 0.43 0.4025 0.02125 0.0225
0 0.43125 0.5225 0.02375 0.02125
0 0.43125 0.5 0.02625 0.02
0 0.43 0.4775 0.0275 0.02375
0 0.38 0.48 0.06625 0.05875
0 0.38 0.5225 0.07125 0.02375
0 0.30625 0.48125 0.07125 0.06
0 0.3075 0.52625 0.07125 0.02375
0 0.24375 0.48125 0.04875 0.065
0 0.24375 0.52625 0.05 0.02125
0 0.51625 0.50125 0.0275 0.0225
0 0.25 0.57125 0.0625 0.045
0 0.38 0.57125 0.0625 0.045
0 0.24875 0.61375 0.06 0.035
0 0.31375 0.61375 0.065 0.0325
0 0.42625 0.59125 0.02375 0.02375
0 0.425 0.6175 0.025 0.0225
0 0.45875 0.52375 0.0275 0.02
0 0.45875 0.50125 0.0275 0.02
0 0.46 0.4775 0.02875 0.02375
0 0.48875 0.525 0.025 0.0225
0 0.48875 0.5 0.02375 0.02125
0 0.4875 0.47625 0.02375 0.02125
0 0.31625 0.5725 0.0625 0.045
0 0.65625 0.70125 0.08 0.03875
0 0.3825 0.43 0.065 0.0225
0 0.5725 0.52375 0.02375 0.0225
0 0.4625 0.74875 0.0275 0.025
0 0.4325 0.80125 0.03 0.0225
0 0.43125 0.7725 0.02875 0.03
0 0.38125 0.7925 0.0625 0.0325
0 0.31375 0.795 0.06 0.03125
0 0.25 0.79625 0.06125 0.03375
0 0.25 0.75625 0.06125 0.04125
0 0.315 0.75625 0.06 0.0425
0 0.38125 0.74875 0.06125 0.035
0 0.25 0.705 0.05875 0.0325
0 0.31375 0.705 0.0625 0.03375
0 0.3775 0.70125 0.05875 0.03
0 0.37875 0.6625 0.05875 0.0425
0 0.315 0.6625 0.0625 0.0425
0 0.25 0.66375 0.05875 0.0425
0 0.425 0.7075 0.0275 0.02
0 0.42375 0.68625 0.02875 0.02
0 0.425 0.6625 0.02875 0.025
0 0.45375 0.705 0.02625 0.02125
0 0.465 0.775 0.0275 0.02125
0 0.465 0.8 0.03 0.0225
0 0.49375 0.77125 0.0225 0.025
0 0.49375 0.7975 0.02375 0.025
0 0.48625 0.23125 0.02875 0.02625
0 0.2425 0.285 0.04625 0.065
0 0.2425 0.3325 0.045 0.025
0 0.30375 0.33125 0.07125 0.025
0 0.73375 0.79 0.0775 0.03625
0 0.73375 0.75125 0.07875 0.03875
0 0.65625 0.7875 0.075 0.03625
0 0.655 0.74875 0.0775 0.03625
0 0.575 0.79625 0.0225 0.0225
0 0.45375 0.6825 0.02625 0.02125
0 0.54875 0.7975 0.025 0.02
0 0.55 0.77375 0.02375 0.02125
0 0.52125 0.79625 0.025 0.0225
0 0.5225 0.77375 0.02625 0.02125
0 0.60125 0.79625 0.02625 0.0225
0 0.60125 0.77375 0.02625 0.02
0 0.6 0.7475 0.02375 0.02625
0 0.57125 0.74875 0.02625 0.025
0 0.545 0.7475 0.02375 0.025
0 0.52 0.74875 0.02375 0.025
0 0.575 0.77375 0.0225 0.02
0 0.455 0.65875 0.02625 0.02
0 0.5125 0.70625 0.02625 0.02
0 0.51125 0.685 0.025 0.02
0 0.54625 0.23125 0.03 0.0275
0 0.545 0.205 0.03125 0.02375
0 0.51625 0.23 0.0275 0.025
0 0.51375 0.20375 0.0275 0.025
0 0.60875 0.17875 0.02875 0.02625
0 0.57875 0.18 0.02875 0.02625
0 0.54625 0.17875 0.02875 0.02625
0 0.24 0.18125 0.04 0.06625
0 0.24 0.2275 0.04125 0.02125
0 0.60875 0.205 0.02625 0.02375
0 0.29625 0.18 0.06875 0.06875
0 0.2975 0.22875 0.07 0.02375
0 0.36875 0.23 0.0675 0.0225
0 0.42375 0.17875 0.0275 0.025
0 0.45375 0.17875 0.02625 0.02375
0 0.4225 0.205 0.0275 0.02375
0 0.45375 0.205 0.0275 0.025
0 0.42 0.23 0.02875 0.02375
0 0.4525 0.23125 0.02875 0.02375
0 0.48375 0.20375 0.0275 0.025
0 0.3675 0.18125 0.07 0.06625
0 0.43 0.38 0.02375 0.01875
0 0.5775 0.20625 0.02875 0.0225
0 0.5775 0.23125 0.02875 0.02375
0 0.48375 0.70625 0.0275 0.02125
0 0.48375 0.68375 0.0275 0.02125
0 0.48375 0.66125 0.0275 0.0225
0 0.54125 0.70625 0.0275 0.02
0 0.54 0.685 0.0275 0.01875
0 0.59875 0.705 0.0275 0.0225
0 0.6 0.6825 0.02625 0.0175
0 0.57 0.6825 0.02625 0.02
0 0.59875 0.66 0.0275 0.02375
0 0.60875 0.23 0.02875 0.02375
0 0.57 0.705 0.025 0.02375
0 0.54 0.66125 0.025 0.02375
0 0.3775 0.3325 0.06875 0.025
0 0.37875 0.385 0.07125 0.0625
0 0.30625 0.385 0.07125 0.0625
0 0.24375 0.38375 0.04875 0.06375
0 0.245 0.43 0.05125 0.02125
0 0.31 0.43 0.07125 0.0225
0 0.745 0.1775 0.07125 0.04375
0 0.66625 0.1775 0.0825 0.04
0 0.57 0.65875 0.0275 0.0225
0 0.43 0.4275 0.02375 0.02375
0 0.5125 0.66 0.025 0.02375
0 0.45625 0.43 0.0275 0.02375
0 0.48875 0.28375 0.0275 0.02125
0 0.48875 0.30625 0.0275 0.02125
0 0.4875 0.33 0.02875 0.02125
0 0.5175 0.2825 0.02625 0.0225
0 0.5175 0.30625 0.02625 0.02125
0 0.51625 0.33125 0.02375 0.0225
0 0.54625 0.28125 0.02625 0.02375
0 0.54625 0.3075 0.02625 0.02125
0 0.5475 0.33125 0.02625 0.02125
0 0.57625 0.33125 0.02625 0.02125
0 0.575 0.3075 0.02625 0.02125
0 0.57375 0.2825 0.02625 0.02125
0 0.60375 0.28125 0.02625 0.02125
0 0.60375 0.305 0.02625 0.0225
0 0.6075 0.33 0.03 0.02375
0 0.66375 0.28 0.085 0.04125
0 0.745 0.28 0.0725 0.0425
0 0.5725 0.49875 0.025 0.0225
0 0.54375 0.5 0.02375 0.0225
0 0.5425 0.47375 0.02375 0.0225
0 0.5725 0.47375 0.03 0.0225
0 0.74 0.51625 0.0825 0.03875
0 0.74 0.475 0.0825 0.03875
0 0.4575 0.40375 0.0275 0.02375
0 0.65375 0.515 0.08125 0.03875
0 0.59625 0.53375 0.02125 0.025
0 0.59875 0.49 0.01875 0.05875
0 0.37375 0.28625 0.06875 0.06375
0 0.30375 0.285 0.06875 0.06375
0 0.745 0.32375 0.0725 0.04125
0 0.665 0.3225 0.07875 0.04
0 0.59375 0.5625 0.02125 0.0275
0 0.45875 0.30625 0.0275 0.02125
0 0.515 0.1775 0.02875 0.02625
0 0.74125 0.42125 0.08 0.03875
0 0.545 0.42875 0.025 0.0225
0 0.54625 0.405 0.0275 0.02125
0 0.745 0.2225 0.0725 0.04125
0 0.66625 0.22125 0.0825 0.04
0 0.43 0.2825 0.0275 0.025
0 0.42875 0.3075 0.025 0.02125
0 0.605 0.40375 0.02375 0.0225
0 0.74125 0.37875 0.08 0.04
0 0.605 0.4275 0.02625 0.02375
0 0.65625 0.475 0.08 0.04
0 0.42625 0.33 0.025 0.02125
0 0.57625 0.405 0.0275 0.0225
0 0.575 0.42875 0.03 0.0225
0 0.45625 0.33 0.03 0.0225
0 0.60375 0.38 0.02875 0.0225
0 0.57375 0.38 0.02875 0.0225
0 0.54625 0.38125 0.02625 0.02375
0 0.5175 0.4275 0.02625 0.0225
0 0.5175 0.405 0.02625 0.0225
0 0.5175 0.38125 0.02625 0.0225
0 0.4875 0.42875 0.03 0.0225
0 0.66 0.42 0.07875 0.03875
0 0.4875 0.405 0.03 0.0225
0 0.4875 0.38125 0.03 0.0225
0 0.66 0.3775 0.07875 0.03875