0 0.60125 0.29125 0.03125 0.06625
0 0.46875 0.09625 0.03 0.05625
0 0.50125 0.0925 0.03125 0.0675
0 0.32625 0.19125 0.02875 0.08375
0 0.36 0.19 0.02875 0.08375
0 0.395 0.19125 0.035 0.08375
0 0.43 0.18875 0.02625 0.08375
0 0.4675 0.19 0.03375 0.085
0 0.50375 0.19 0.03375 0.0825
0 0.53875 0.18875 0.02875 0.08625
0 0.3325 0.3125 0.03 0.1125
0 0.3675 0.31375 0.035 0.11
0 0.40375 0.31 0.0375 0.11
0 0.42375 0.0925 0.0325 0.06125
0 0.44125 0.31125 0.03375 0.11125
0 0.47375 0.29 0.03 0.0375
0 0.51625 0.30875 0.035 0.1175
0 0.56 0.305 0.03125 0.03
0 0.8425 0.23125 0.0375 0.1375
0 0.80125 0.2325 0.03625 0.1375
0 0.76125 0.2325 0.0375 0.14
0 0.7225 0.23375 0.035 0.145
0 0.8625 0.38125 0.02125 0.11
0 0.83 0.38125 0.035 0.1125
0 0.79375 0.3825 0.03125 0.115
0 0.755 0.38125 0.0375 0.11625
0 0.71875 0.3825 0.03125 0.11375
0 0.48 0.34875 0.03 0.03625
0 0.39 0.0925 0.02875 0.0625
0 0.3575 0.095 0.03125 0.065
0 0.3225 0.095 0.02875 0.0625
0 0.1825 0.1025 0.04 0.0975
0 0.1475 0.22125 0.03875 0.10875
0 0.185 0.22 0.03125 0.1125
0 0.22375 0.21875 0.03 0.10875
0 0.14 0.33625 0.03 0.08875
0 0.17375 0.3375 0.03 0.08625
0 0.20625 0.3375 0.03 0.0925
0 0.24125 0.34 0.03125 0.08375
0 0.15125 0.46375 0.03125 0.08875
0 0.18375 0.4625 0.0325 0.09125
0 0.22 0.45875 0.02375 0.08875
0 0.24625 0.47 0.02375 0.07875
0 0.18 0.5775 0.03375 0.1
0 0.21875 0.57 0.02625 0.09625
0 0.2475 0.575 0.03125 0.10625
0 0.1475 0.6875 0.03125 0.08375
0 0.18125 0.6875 0.03 0.0825
0 0.215 0.68875 0.0325 0.085
0 0.25125 0.69 0.0325 0.085
0 0.15625 0.79125 0.0275 0.09625
0 0.18875 0.79125 0.03125 0.09375
0 0.2225 0.795 0.03 0.09375
0 0.2575 0.79375 0.0325 0.095
0 0.16875 0.8875 0.03125 0.06375
0 0.20125 0.88875 0.02875 0.06875
0 0.2325 0.89625 0.03125 0.06375
0 0.265 0.90125 0.02625 0.0625
0 0.86375 0.51125 0.0225 0.105
0 0.145 0.1025 0.0325 0.09625
0 0.8325 0.51 0.03375 0.10625
0 0.755 0.51 0.0325 0.105
0 0.52125 0.74375 0.03125 0.0725
0 0.48375 0.74375 0.03 0.0725
0 0.44875 0.745 0.03 0.06875
0 0.40875 0.74625 0.0275 0.07375
0 0.37625 0.74625 0.03 0.0725
0 0.59625 0.67125 0.02625 0.0675
0 0.56375 0.66875 0.03 0.07
0 0.52375 0.66875 0.0325 0.07
0 0.48625 0.67125 0.0275 0.0675
0 0.45 0.67 0.03 0.075
0 0.415 0.6725 0.0325 0.0725
0 0.38 0.6725 0.02875 0.07375
0 0.35125 0.81375 0.035 0.0575
0 0.3475 0.685 0.0275 0.09375
0 0.55625 0.56625 0.0325 0.095
0 0.5175 0.555 0.0275 0.03375
0 0.51875 0.6025 0.0275 0.035
0 0.485 0.56125 0.02625 0.10125
0 0.45 0.56125 0.035 0.1
0 0.4125 0.56125 0.03125 0.1025
0 0.3775 0.55875 0.0325 0.1
0 0.34375 0.575 0.02875 0.07375
0 0.52 0.43875 0.0325 0.11
0 0.48375 0.44375 0.0325 0.10875
0 0.45 0.44375 0.02875 0.1075
0 0.41625 0.44125 0.03 0.10125
0 0.59125 0.56125 0.03 0.095
0 0.3875 0.815 0.02875 0.05625
0 0.42 0.8125 0.02875 0.06
0 0.45625 0.815 0.0325 0.055
0 0.71875 0.51125 0.0325 0.1025
0 0.86375 0.63625 0.0225 0.10125
0 0.835 0.63875 0.025 0.10875
0 0.805 0.67875 0.02875 0.095
0 0.77 0.675 0.03125 0.0925
0 0.74125 0.6725 0.02 0.09625
0 0.71125 0.6675 0.03125 0.095
0 0.71375 0.76375 0.0275 0.08625
0 0.85375 0.80625 0.03125 0.075
0 0.8175 0.805 0.03125 0.07125
0 0.7825 0.805 0.0325 0.06875
0 0.7525 0.805 0.025 0.065
0 0.78375 0.88875 0.02875 0.08625
0 0.7475 0.88625 0.03375 0.09
0 0.70875 0.88375 0.03375 0.0875
0 0.59375 0.90125 0.02625 0.07
0 0.56 0.89875 0.02875 0.07125
0 0.52625 0.9 0.0325 0.0675
0 0.4925 0.8975 0.03125 0.0725
0 0.45625 0.89625 0.0325 0.075
0 0.4225 0.895 0.02625 0.0725
0 0.385 0.89625 0.0275 0.075
0 0.3525 0.895 0.02875 0.0725
0 0.59625 0.795 0.03125 0.095
0 0.5575 0.79875 0.0325 0.0875
0 0.5225 0.8125 0.02625 0.0575
0 0.49 0.815 0.02625 0.055
0 0.79375 0.51 0.03125 0.10625
0 0.38 0.44 0.0325 0.1
0 0.34375 0.4425 0.03 0.1