0 0.21375 0.2125 0.025 0.0475
0 0.23875 0.65 0.04375 0.05125
0 0.1875 0.8575 0.0525 0.045
0 0.235 0.8575 0.0375 0.045
0 0.275 0.85375 0.0325 0.05
0 0.30875 0.8475 0.025 0.06
0 0.3325 0.8475 0.01875 0.06
0 0.36 0.8375 0.02625 0.07875
0 0.39625 0.8525 0.04125 0.04875
0 0.1425 0.8525 0.03375 0.0775
0 0.4375 0.855 0.0375 0.05
0 0.4775 0.8475 0.03625 0.0525
0 0.51375 0.8525 0.03125 0.045
0 0.5475 0.85 0.02875 0.05125
0 0.57875 0.8375 0.0275 0.0425
0 0.61625 0.84375 0.03625 0.02375
0 0.615 0.86625 0.04 0.01875
0 0.6575 0.85375 0.04125 0.0375
0 0.4 0.81 0.04375 0.03375
0 0.85375 0.74125 0.0425 0.04625
0 0.81125 0.7425 0.03875 0.04125
0 0.76875 0.7425 0.04125 0.04375
0 0.8425 0.65 0.02 0.05
0 0.865 0.66875 0.02 0.0175
0 0.14125 0.7525 0.0325 0.07375
0 0.19 0.7425 0.05375 0.04
0 0.24875 0.74125 0.06125 0.04375
0 0.30125 0.74125 0.04125 0.04375
0 0.34875 0.74125 0.045 0.05
0 0.39375 0.74125 0.04 0.04625
0 0.43875 0.74125 0.04375 0.04375
0 0.4875 0.75375 0.04375 0.02
0 0.535 0.73125 0.04375 0.02
0 0.535 0.75625 0.04375 0.02125
0 0.575 0.74125 0.03125 0.045
0 0.60625 0.735 0.03125 0.05875
0 0.63625 0.73375 0.0225 0.06
0 0.6725 0.73875 0.04125 0.0525
0 0.72 0.73875 0.0525 0.0525
0 0.7 0.845 0.0375 0.015
0 0.81875 0.6475 0.02375 0.05875
0 0.69875 0.865 0.0375 0.0175
0 0.77125 0.84625 0.03625 0.05625
0 0.78375 0.95125 0.0325 0.0925
0 0.81625 0.95125 0.0325 0.095
0 0.85375 0.96125 0.04125 0.07625
0 0.65 0.44375 0.05375 0.0775
0 0.69625 0.23125 0.05125 0.04
0 0.635 0.2275 0.06625 0.05125
0 0.565 0.235 0.05625 0.03
0 0.75125 0.95 0.02875 0.0875
0 0.5 0.22625 0.06375 0.0425
0 0.38 0.215 0.06875 0.0475
0 0.31125 0.2175 0.0625 0.0525
0 0.735 0.11875 0.06125 0.04375
0 0.67375 0.1175 0.0575 0.04375
0 0.60875 0.1125 0.0625 0.05
0 0.54375 0.1075 0.0625 0.05
0 0.405 0.10125 0.06625 0.04875
0 0.44 0.22125 0.04875 0.04625
0 0.71625 0.95875 0.03125 0.07875
0 0.68125 0.95625 0.03375 0.0725
0 0.64125 0.96125 0.035 0.075
0 0.81 0.84 0.0325 0.06375
0 0.14375 0.98125 0.0375 0.0375
0 0.17875 0.9725 0.02625 0.055
0 0.2075 0.9675 0.02375 0.06
0 0.23375 0.9625 0.0275 0.07375
0 0.26375 0.95625 0.0275 0.0825
0 0.29625 0.95625 0.03625 0.08375
0 0.33 0.9525 0.0275 0.08875
0 0.36375 0.9525 0.03875 0.0925
0 0.40125 0.95 0.0325 0.0975
0 0.4325 0.96875 0.02375 0.06125
0 0.4575 0.9575 0.02375 0.08125
0 0.48125 0.935 0.0175 0.05875
0 0.5125 0.96 0.02625 0.08
0 0.54125 0.9525 0.025 0.0875
0 0.57 0.95375 0.0325 0.09
0 0.605 0.95 0.0325 0.0975
0 0.73625 0.855 0.0325 0.03625
0 0.7925 0.645 0.0225 0.06375
0 0.76875 0.65625 0.02125 0.0425
0 0.7425 0.6525 0.02625 0.05
0 0.58375 0.54875 0.04375 0.0625
0 0.625 0.54875 0.03375 0.05375
0 0.66125 0.55 0.035 0.05125
0 0.69875 0.5475 0.0325 0.0525
0 0.7375 0.54375 0.03625 0.0575
0 0.7675 0.555 0.0225 0.04375
0 0.7925 0.55625 0.02125 0.0375
0 0.535 0.56125 0.045 0.03
0 0.8175 0.56 0.02375 0.0375
0 0.8475 0.535 0.02875 0.02875
0 0.14 0.64625 0.03 0.0575
0 0.1875 0.6375 0.05 0.07
0 0.28625 0.65 0.0475 0.05125
0 0.3725 0.4475 0.035 0.06375
0 0.335 0.44375 0.03375 0.07
0 0.2975 0.44375 0.03625 0.065
0 0.85375 0.5675 0.04 0.02
0 0.535 0.53125 0.04625 0.0275
0 0.4825 0.5475 0.05375 0.045
0 0.42125 0.54875 0.04625 0.04375
0 0.685 0.4675 0.01375 0.0375
0 0.70625 0.4725 0.02 0.02625
0 0.73875 0.47 0.04125 0.03
0 0.78 0.465 0.035 0.04375
0 0.82 0.465 0.0375 0.0475
0 0.85375 0.4675 0.02375 0.0375
0 0.87125 0.46875 0.0075 0.035
0 0.1375 0.535 0.025 0.045
0 0.565 0.44375 0.06 0.075
0 0.5175 0.43875 0.0325 0.08625
0 0.46875 0.43875 0.0575 0.08375
0 0.415 0.43875 0.04625 0.08375
0 0.185 0.55 0.03625 0.03875
0 0.23125 0.54375 0.0475 0.0525
0 0.27875 0.5425 0.04375 0.05125
0 0.32625 0.54375 0.04375 0.05125
0 0.3725 0.55125 0.04375 0.04
0 0.2625 0.4475 0.03125 0.06125
0 0.23 0.445 0.02875 0.0575
0 0.2025 0.445 0.0225 0.0575
0 0.1725 0.44375 0.03125 0.05625
0 0.135 0.09125 0.02 0.0425
0 0.23 0.095 0.02625 0.05125
0 0.85 0.125 0.05 0.03875
0 0.79625 0.1225 0.05125 0.04375
0 0.81375 0.23875 0.055 0.04
0 0.75375 0.2325 0.05875 0.05125
0 0.33375 0.6425 0.04125 0.06625
0 0.38125 0.6425 0.0475 0.06375
0 0.42875 0.64375 0.04125 0.0625
0 0.47375 0.64875 0.0425 0.05125
0 0.5225 0.64375 0.04125 0.065
0 0.56625 0.64375 0.0425 0.05875
0 0.605 0.64375 0.025 0.0675
0 0.63375 0.6475 0.025 0.06
0 0.66 0.64625 0.0225 0.05875
0 0.68625 0.64625 0.02625 0.0575
0 0.715 0.6475 0.02625 0.06
0 0.2525 0.21125 0.04875 0.05
0 0.34375 0.1025 0.0525 0.04375
0 0.1575 0.20625 0.02875 0.04625
0 0.1375 0.29 0.02375 0.07625
0 0.84875 0.33 0.03875 0.07125
0 0.80875 0.33 0.03375 0.07375
0 0.76875 0.3275 0.0375 0.075
0 0.7275 0.32625 0.035 0.07625
0 0.68625 0.3275 0.04125 0.07
0 0.6475 0.32875 0.03125 0.07
0 0.6125 0.32875 0.03625 0.06875
0 0.57625 0.32625 0.0325 0.0725
0 0.5375 0.32375 0.04 0.07
0 0.5 0.32625 0.03375 0.07125
0 0.4625 0.32375 0.03625 0.075
0 0.4225 0.32 0.03875 0.0775
0 0.385 0.31875 0.035 0.07625
0 0.34375 0.31875 0.0375 0.07875
0 0.30125 0.315 0.035 0.07
0 0.26 0.315 0.03375 0.07125
0 0.22 0.31375 0.0375 0.07625
0 0.185 0.20875 0.02375 0.05
0 0.28 0.095 0.06875 0.05125
0 0.61 0.445 0.02375 0.07875