0 0.45375 0.5775 0.075 0.0425
0 0.5 0.31 0.035 0.0875
0 0.62125 0.5275 0.08125 0.02
0 0.61875 0.50375 0.0725 0.01375
0 0.535 0.58 0.0725 0.03375
0 0.535 0.55 0.07375 0.01875
0 0.53625 0.53 0.07375 0.0175
0 0.53625 0.50875 0.075 0.01875
0 0.455 0.53125 0.08 0.04
0 0.3675 0.57375 0.08125 0.0475
0 0.3725 0.52625 0.08 0.04
0 0.28375 0.5675 0.0725 0.055
0 0.29 0.515 0.07 0.03625
0 0.73875 0.46375 0.0475 0.04375
0 0.74125 0.415 0.04625 0.045
0 0.685 0.46 0.04 0.0475
0 0.63875 0.4325 0.0375 0.0925
0 0.59625 0.42875 0.02875 0.08875
0 0.5675 0.4325 0.02125 0.09625
0 0.6225 0.55 0.075 0.01625
0 0.53875 0.44375 0.0225 0.06875
0 0.6225 0.57125 0.075 0.01875
0 0.6925 0.52375 0.05375 0.015
0 0.3 0.73625 0.06875 0.015
0 0.70125 0.67625 0.0675 0.015
0 0.70125 0.6525 0.07625 0.0225
0 0.69625 0.635 0.06875 0.01125
0 0.69625 0.62125 0.065 0.0125
0 0.60625 0.68875 0.0775 0.0375
0 0.61125 0.6575 0.08 0.0175
0 0.61125 0.6325 0.07625 0.03125
0 0.5275 0.68875 0.0725 0.03875
0 0.52625 0.6475 0.07125 0.035
0 0.44375 0.685 0.085 0.035
0 0.445 0.64875 0.075 0.03125
0 0.3525 0.66625 0.08125 0.02875
0 0.36125 0.635 0.0725 0.02375
0 0.27875 0.675 0.05875 0.05625
0 0.70875 0.5825 0.0825 0.04625
0 0.70125 0.54625 0.07 0.02125
0 0.61875 0.5925 0.07 0.0175
0 0.49625 0.4275 0.05 0.10625
0 0.44625 0.4325 0.02875 0.0975
0 0.24375 0.1525 0.0325 0.035
0 0.76 0.17125 0.0425 0.0925
0 0.28875 0.295 0.025 0.0525
0 0.2925 0.3375 0.03125 0.0225
0 0.33 0.295 0.0325 0.11875
0 0.37 0.29625 0.03125 0.10625
0 0.41625 0.30375 0.03625 0.1025
0 0.46625 0.30375 0.02625 0.1
0 0.41 0.43375 0.03625 0.09875
0 0.5525 0.29375 0.0475 0.045
0 0.6025 0.295 0.0475 0.03875
0 0.54875 0.33625 0.0475 0.0375
0 0.6 0.3375 0.04375 0.04125
0 0.64375 0.3375 0.03 0.04375
0 0.7 0.3125 0.04375 0.08625
0 0.7475 0.3175 0.04 0.095
0 0.2625 0.43 0.02125 0.0925
0 0.29875 0.42875 0.035 0.09125
0 0.71375 0.18625 0.02875 0.0575
0 0.6875 0.20125 0.0175 0.0375
0 0.66875 0.2 0.015 0.0425
0 0.65125 0.2 0.01375 0.04625
0 0.245 0.1875 0.03 0.0275
0 0.28 0.1425 0.0325 0.04125
0 0.2825 0.185 0.0325 0.04
0 0.31625 0.19 0.02875 0.0325
0 0.3525 0.195 0.0275 0.025
0 0.43 0.18625 0.015 0.06
0 0.45625 0.17125 0.03 0.0825
0 0.48375 0.1425 0.02125 0.03375
0 0.2975 0.755 0.06875 0.01375
0 0.50625 0.14 0.02 0.0375
0 0.48375 0.1875 0.01875 0.05125
0 0.525 0.17875 0.01125 0.08125
0 0.54125 0.1775 0.015 0.08
0 0.57 0.18625 0.02125 0.0675
0 0.59625 0.1875 0.02375 0.06375
0 0.625 0.17 0.0275 0.0475
0 0.62625 0.2025 0.03125 0.01375
0 0.625 0.21625 0.02625 0.0125
0 0.50625 0.19 0.02125 0.055
0 0.33375 0.435 0.0225 0.09
0 0.30125 0.77 0.07 0.00875
0 0.3675 0.43 0.03375 0.0925
0 0.37625 0.76625 0.06625 0.01125
0 0.46125 0.72875 0.0625 0.00875
0 0.46375 0.74 0.0675 0.00875
0 0.47 0.7625 0.07125 0.0275
0 0.4675 0.78625 0.075 0.01375
0 0.4675 0.805 0.075 0.02
0 0.52125 0.78 0.025 0.065
0 0.37625 0.75125 0.0675 0.0125
0 0.54875 0.775 0.025 0.06625
0 0.58125 0.74 0.02875 0.0325
0 0.61 0.735 0.02625 0.01875
0 0.5825 0.78125 0.02375 0.0425
0 0.61125 0.78125 0.025 0.0475
0 0.67125 0.73875 0.08 0.0275
0 0.67375 0.785 0.075 0.0475
0 0.295 0.79875 0.0725 0.0425
0 0.51875 0.73375 0.03125 0.01625
0 0.3775 0.735 0.06875 0.01375
0 0.37375 0.7825 0.06875 0.01625