0 0.63 0.1825 0.03 0.03375
0 0.66375 0.185 0.02875 0.03
0 0.62875 0.21625 0.03125 0.02625
0 0.665 0.2175 0.03 0.0275
0 0.70125 0.22125 0.03125 0.02625
0 0.70375 0.185 0.03 0.03625
0 0.73625 0.18625 0.02875 0.03
0 0.7325 0.2225 0.0275 0.03
0 0.7675 0.22 0.02625 0.03
0 0.7675 0.18625 0.025 0.02875
0 0.3575 0.2675 0.0425 0.0425
0 0.3675 0.31125 0.03875 0.03625
0 0.57875 0.53875 0.0625 0.035
0 0.59 0.175 0.03875 0.0275
0 0.54875 0.20625 0.03625 0.03375
0 0.55 0.17375 0.035 0.02625
0 0.51 0.17125 0.0375 0.02875
0 0.50875 0.20875 0.03625 0.03875
0 0.46625 0.21 0.04125 0.04
0 0.465 0.17 0.04 0.03
0 0.42625 0.1675 0.03625 0.02875
0 0.42625 0.205 0.03625 0.03625
0 0.38375 0.2075 0.04 0.03875
0 0.38375 0.165 0.03375 0.02875
0 0.3475 0.21375 0.02125 0.04125
0 0.7575 0.86875 0.045 0.0375
0 0.7575 0.8175 0.04625 0.06
0 0.69625 0.875 0.06375 0.03625
0 0.58875 0.21125 0.0375 0.03375
0 0.40625 0.3125 0.035 0.03125
0 0.44375 0.27125 0.0325 0.03875
0 0.44875 0.315 0.03125 0.0325
0 0.6325 0.88125 0.05625 0.03625
0 0.6525 0.39375 0.03625 0.035
0 0.6125 0.3925 0.03375 0.04125
0 0.57125 0.39375 0.04125 0.0425
0 0.52375 0.3925 0.0375 0.04
0 0.47 0.39125 0.03875 0.04375
0 0.425 0.39125 0.03625 0.04
0 0.375 0.3875 0.04625 0.04375
0 0.71625 0.42875 0.075 0.0325
0 0.7675 0.43125 0.025 0.035
0 0.76875 0.38875 0.02375 0.04125
0 0.7175 0.39125 0.07375 0.03875
0 0.725 0.315 0.03 0.065
0 0.40125 0.27125 0.035 0.04
0 0.69375 0.29625 0.02625 0.0325
0 0.76125 0.3275 0.03875 0.02875
0 0.7625 0.29125 0.035 0.03375
0 0.68375 0.26625 0.0325 0.0175
0 0.655 0.29375 0.02875 0.0325
0 0.65625 0.3275 0.03125 0.025
0 0.62 0.32125 0.035 0.0325
0 0.6175 0.28 0.03125 0.02875
0 0.5775 0.27375 0.0375 0.04875
0 0.5775 0.32125 0.0425 0.0325
0 0.5325 0.32 0.035 0.03375
0 0.53125 0.27625 0.04375 0.04
0 0.4875 0.27375 0.0425 0.04125
0 0.48875 0.31625 0.04 0.03375
0 0.69125 0.33 0.03125 0.02375
0 0.6875 0.82375 0.055 0.05625
0 0.37375 0.6 0.03875 0.0375
0 0.5475 0.82875 0.0575 0.0525
0 0.4325 0.74625 0.04 0.04
0 0.4775 0.745 0.035 0.03375
0 0.60875 0.735 0.065 0.0425
0 0.60125 0.6925 0.06375 0.035
0 0.66 0.69375 0.04625 0.02625
0 0.71125 0.69 0.03875 0.02875
0 0.75875 0.685 0.04375 0.03375
0 0.765 0.73 0.03125 0.03
0 0.67 0.7325 0.04625 0.03625
0 0.72125 0.7275 0.0425 0.03625
0 0.51375 0.5375 0.0575 0.0325
0 0.63875 0.5375 0.0525 0.0325
0 0.635 0.4975 0.04875 0.03625
0 0.57625 0.495 0.05625 0.04
0 0.5125 0.495 0.06 0.04125
0 0.44625 0.4975 0.05875 0.04375
0 0.4475 0.54125 0.06625 0.0375
0 0.38125 0.545 0.05625 0.03625
0 0.62375 0.8325 0.06625 0.04875
0 0.38 0.75375 0.04125 0.045
0 0.38 0.49875 0.0625 0.0475
0 0.53 0.69 0.06375 0.0175
0 0.47625 0.7075 0.0375 0.03125
0 0.42125 0.6025 0.04 0.0425
0 0.46625 0.6 0.0425 0.0425
0 0.51125 0.59625 0.0425 0.04125
0 0.5575 0.595 0.04 0.0375
0 0.6125 0.5925 0.055 0.03875
0 0.66875 0.59125 0.04875 0.04375
0 0.72375 0.58875 0.04875 0.03875
0 0.7675 0.58875 0.025 0.0375
0 0.7675 0.63 0.025 0.03875
0 0.725 0.63125 0.05 0.04125
0 0.37 0.6475 0.04625 0.0475
0 0.42 0.6475 0.04 0.0375
0 0.47 0.64625 0.045 0.04375
0 0.5175 0.64125 0.03625 0.03875
0 0.5625 0.63875 0.04125 0.04
0 0.6125 0.63875 0.05 0.04
0 0.67 0.63875 0.04875 0.03875
0 0.38625 0.7125 0.0425 0.03125
0 0.43 0.70625 0.035 0.02875
0 0.535 0.72875 0.0725 0.045
0 0.6925 0.47375 0.06 0.01875
0 0.34375 0.17 0.01375 0.04375
0 0.76125 0.515 0.03875 0.065
0 0.61375 0.43375 0.04 0.03
0 0.56625 0.435 0.04 0.02625
0 0.5225 0.43125 0.0425 0.0275
0 0.47625 0.4325 0.04 0.03
0 0.42625 0.4325 0.0475 0.0325
0 0.375 0.43125 0.045 0.0325
0 0.655 0.4325 0.04 0.02625
0 0.38375 0.84625 0.04875 0.05125
0 0.44 0.835 0.04625 0.05
0 0.49125 0.825 0.04625 0.04875
0 0.5 0.87125 0.0425 0.02625
0 0.5025 0.905 0.04 0.0275
0 0.44625 0.91 0.05 0.03
0 0.445 0.8775 0.04 0.02
0 0.705 0.5175 0.0675 0.06375
0 0.56375 0.88875 0.06625 0.04375
0 0.3875 0.92 0.05625 0.03125
0 0.3875 0.89 0.0525 0.02125