0 0.62375 0.6075 0.055 0.0675
0 0.4875 0.2025 0.075 0.11625
0 0.3275 0.55375 0.05 0.06625
0 0.38 0.5575 0.04625 0.04
0 0.43125 0.55625 0.04375 0.03125
0 0.47875 0.55125 0.0475 0.03375
0 0.53 0.54125 0.04375 0.03875
0 0.64125 0.5325 0.09125 0.0375
0 0.18625 0.665 0.05625 0.08375
0 0.295 0.65 0.0525 0.08
0 0.34875 0.645 0.0475 0.07625
0 0.39875 0.63875 0.045 0.0825
0 0.2525 0.57125 0.095 0.0475
0 0.4475 0.63625 0.03875 0.07875
0 0.1425 0.7825 0.025 0.09625
0 0.185 0.775 0.05375 0.0875
0 0.29625 0.75625 0.04875 0.0825
0 0.34875 0.75 0.04875 0.0775
0 0.42375 0.74 0.08875 0.07375
0 0.49875 0.7275 0.045 0.08
0 0.56625 0.71625 0.075 0.0775
0 0.655 0.70625 0.085 0.08
0 0.15375 0.93875 0.05625 0.05875
0 0.215 0.92375 0.055 0.07875
0 0.53 0.6225 0.11375 0.075
0 0.2725 0.915 0.04125 0.08625
0 0.1625 0.565 0.06875 0.07375
0 0.29375 0.45875 0.0675 0.075
0 0.20375 0.05625 0.08375 0.11
0 0.29125 0.05875 0.07625 0.10875
0 0.37125 0.05625 0.07125 0.10625
0 0.475 0.0525 0.06875 0.09625
0 0.58375 0.05375 0.06625 0.10375
0 0.67 0.04625 0.0625 0.08625
0 0.57375 0.20125 0.0525 0.11125
0 0.40375 0.21375 0.07 0.11625
0 0.3125 0.21375 0.07375 0.12
0 0.2175 0.2275 0.0925 0.1125
0 0.22375 0.45625 0.065 0.08875
0 0.2025 0.35625 0.08125 0.08875
0 0.36125 0.36 0.065 0.0975
0 0.4275 0.33875 0.06 0.09375
0 0.51125 0.32875 0.0575 0.08375
0 0.5825 0.34 0.05 0.075
0 0.67875 0.35125 0.05375 0.0825
0 0.68 0.46 0.0625 0.09
0 0.59625 0.4225 0.045 0.07375
0 0.535 0.43875 0.05375 0.06625
0 0.45 0.46 0.05875 0.085
0 0.37625 0.47625 0.05875 0.0825
0 0.285 0.35 0.06375 0.10125
0 0.33 0.91625 0.055 0.07125
0 0.2425 0.76625 0.05125 0.08125
0 0.44875 0.89875 0.05625 0.05125
0 0.5075 0.8875 0.0575 0.0475
0 0.56875 0.87875 0.05375 0.03875
0 0.6275 0.8675 0.05375 0.04375
0 0.69125 0.85625 0.05125 0.05
0 0.39 0.91 0.0575 0.065