0 0.39 0.68875 0.045 0.0775
0 0.9 0.3875 0.045 0.0875
0 0.85625 0.39125 0.03875 0.09375
0 0.8175 0.39 0.03875 0.0975
0 0.77875 0.3975 0.035 0.08375
0 0.7425 0.40375 0.03 0.06375
0 0.70625 0.405 0.03875 0.06125
0 0.435 0.68875 0.04375 0.08125
0 0.6375 0.4075 0.035 0.06375
0 0.56875 0.405 0.0325 0.08
0 0.9475 0.385 0.045 0.0925
0 0.52875 0.40625 0.04125 0.0825
0 0.4875 0.40375 0.04 0.07875
0 0.44875 0.40625 0.03625 0.0775
0 0.41125 0.40375 0.0375 0.075
0 0.30625 0.40875 0.04125 0.07875
0 0.26125 0.40875 0.03375 0.0775
0 0.6025 0.40625 0.03125 0.06375
0 0.26875 0.51625 0.045 0.08
0 0.385 0.51375 0.0325 0.06875
0 0.34875 0.51125 0.03875 0.0725
0 0.90625 0.495 0.0175 0.08375
0 0.8825 0.495 0.02625 0.08625
0 0.86125 0.49625 0.015 0.085
0 0.8375 0.49625 0.0275 0.08625
0 0.8075 0.51375 0.02625 0.05
0 0.7825 0.51375 0.0225 0.04875
0 0.75625 0.51375 0.02875 0.05
0 0.73125 0.51625 0.0175 0.0475
0 0.6775 0.50125 0.0375 0.06625
0 0.63375 0.51125 0.04 0.065
0 0.59875 0.5125 0.03 0.0675
0 0.565 0.515 0.035 0.0625
0 0.52 0.49125 0.0175 0.065
0 0.4925 0.5075 0.035 0.0825
0 0.45375 0.5125 0.0375 0.0675
0 0.42 0.51375 0.02875 0.06625
0 0.2225 0.44 0.03375 0.05625
0 0.30875 0.51625 0.03375 0.08125
0 0.22375 0.38375 0.03625 0.055
0 0.15 0.46125 0.0725 0.04875
0 0.14125 0.39625 0.0775 0.0625
0 0.72 0.16875 0.03 0.08625
0 0.69 0.17 0.02625 0.08375
0 0.66 0.17 0.02875 0.08875
0 0.63 0.17 0.02875 0.08625
0 0.59875 0.175 0.02625 0.08
0 0.57375 0.1725 0.02375 0.085
0 0.54625 0.17125 0.025 0.09
0 0.52 0.17125 0.025 0.08875
0 0.49125 0.18 0.02625 0.07375
0 0.46375 0.18125 0.02875 0.0725
0 0.43375 0.18 0.02625 0.0725
0 0.4075 0.18 0.0275 0.0725
0 0.37875 0.18625 0.02375 0.06375
0 0.355 0.1875 0.0225 0.06125
0 0.32875 0.18875 0.02125 0.06375
0 0.30625 0.18875 0.0225 0.06375
0 0.1775 0.235 0.06875 0.05875
0 0.10625 0.235 0.0725 0.06
0 0.03125 0.2375 0.0625 0.0675
0 0.7725 0.16875 0.05375 0.085
0 0.94875 0.50125 0.01875 0.0725
0 0.82125 0.17625 0.03875 0.0675
0 0.915 0.17375 0.04 0.0675
0 0.07625 0.45875 0.06625 0.06
0 0.05375 0.40875 0.055 0.035
0 0.8625 0.2725 0.04875 0.09125
0 0.8125 0.2725 0.05 0.0925
0 0.76875 0.2825 0.035 0.07875
0 0.72875 0.2875 0.0425 0.0775
0 0.68 0.27875 0.045 0.09625
0 0.6375 0.28875 0.03625 0.075
0 0.59875 0.29 0.04 0.08
0 0.55375 0.29125 0.04125 0.07625
0 0.51375 0.29125 0.03625 0.07625
0 0.475 0.29625 0.04 0.06875
0 0.43875 0.29625 0.0325 0.06875
0 0.40125 0.295 0.04 0.07
0 0.36125 0.29 0.03875 0.08
0 0.32 0.29125 0.04125 0.0775
0 0.27875 0.2925 0.035 0.08125
0 0.23625 0.295 0.04125 0.07875
0 0.96375 0.17 0.05 0.07375
0 0.865 0.16625 0.04625 0.08
0 0.97 0.5025 0.0225 0.07
0 0.67125 0.40125 0.0275 0.055
0 0.03 0.59875 0.06 0.065
0 0.54 0.5975 0.03 0.05375
0 0.50625 0.58875 0.02625 0.05125
0 0.4775 0.59375 0.02625 0.06125
0 0.45125 0.59375 0.0225 0.06125
0 0.42 0.6 0.03 0.055
0 0.38875 0.60375 0.03125 0.04875
0 0.355 0.60625 0.02625 0.05125
0 0.325 0.60625 0.0325 0.05
0 0.57875 0.6875 0.05 0.075
0 0.6325 0.68875 0.05125 0.0725
0 0.68375 0.6875 0.04875 0.07625
0 0.74125 0.6775 0.03125 0.0775
0 0.77625 0.67625 0.035 0.085
0 0.8075 0.67625 0.0275 0.085
0 0.83625 0.6775 0.03 0.08125
0 0.87375 0.67125 0.035 0.08125
0 0.91 0.67125 0.03625 0.08125
0 0.58125 0.60125 0.035 0.05
0 0.95 0.65875 0.03875 0.0575
0 0.61625 0.5975 0.035 0.04875
0 0.73375 0.595 0.04125 0.05
0 0.34625 0.69375 0.04125 0.08875
0 0.3 0.69375 0.045 0.0825
0 0.25375 0.69625 0.0425 0.0875
0 0.20875 0.695 0.0425 0.0875
0 0.165 0.69875 0.04125 0.08875
0 0.125 0.67875 0.0375 0.07
0 0.08375 0.68125 0.04625 0.075
0 0.025 0.71375 0.05 0.0375
0 0.025 0.67125 0.04875 0.05125
0 0.97375 0.58375 0.05125 0.05
0 0.48 0.69375 0.045 0.07375
0 0.5275 0.69 0.0475 0.08125
0 0.93 0.57625 0.03375 0.05125
0 0.89375 0.60125 0.04 0.01875
0 0.8925 0.58 0.03875 0.02125
0 0.85125 0.58875 0.03875 0.05125
0 0.7925 0.595 0.07375 0.045
0 0.67375 0.5975 0.075 0.04625
0 0.99125 0.50125 0.01625 0.06875
0 0.9275 0.5 0.02 0.07
0 0.095 0.59625 0.06875 0.07375
0 0.17375 0.56625 0.0325 0.06375
0 0.22125 0.5875 0.0575 0.06625
0 0.22625 0.525 0.03625 0.035
0 0.2675 0.6075 0.02875 0.0525
0 0.295 0.60625 0.0225 0.05375