0 0.4375 0.635 0.01125 0.025
0 0.035 0.555 0.0175 0.04
0 0.0325 0.59375 0.0175 0.02625
0 0.0875 0.53125 0.01125 0.02125
0 0.10875 0.53 0.015 0.0225
0 0.09625 0.575 0.02875 0.035
0 0.11875 0.58125 0.01 0.0225
0 0.01125 0.56 0.0175 0.0425
0 0.13 0.58125 0.01125 0.02
0 0.1675 0.5775 0.01625 0.03125
0 0.18375 0.58125 0.0125 0.0225
0 0.20125 0.58 0.01125 0.01875
0 0.21375 0.58 0.01125 0.01875
0 0.23625 0.58375 0.01375 0.02
0 0.2525 0.58125 0.0125 0.02
0 0.27125 0.5825 0.01375 0.02
0 0.28625 0.58375 0.015 0.02
0 0.31625 0.5825 0.01125 0.02
0 0.14625 0.5825 0.01 0.02
0 0.0425 0.515 0.015 0.0325
0 0.04125 0.47 0.01125 0.0375
0 0.3475 0.57625 0.03125 0.0325
0 0.375 0.53 0.01 0.02625
0 0.365 0.53 0.00625 0.03
0 0.3525 0.53375 0.01 0.0275
0 0.33875 0.5325 0.01375 0.02625
0 0.2975 0.53 0.01375 0.0225
0 0.3125 0.53125 0.01375 0.02375
0 0.28375 0.5325 0.01125 0.0175
0 0.2725 0.5325 0.01 0.01875
0 0.2625 0.5325 0.00625 0.01875
0 0.23625 0.53125 0.015 0.02375
0 0.2 0.51125 0.00875 0.03125
0 0.21125 0.51 0.01 0.03
0 0.155 0.53125 0.01125 0.02125
0 0.14 0.53125 0.01 0.02
0 0.12875 0.5275 0.00875 0.0275
0 0.02 0.42875 0.03375 0.0275
0 0.00875 0.47625 0.01375 0.0475
0 0.02125 0.515 0.02 0.02875
0 0.385 0.53 0.00875 0.0275
0 0.36875 0.585 0.01125 0.0175
0 0.40125 0.585 0.01 0.02
0 0.83375 0.59375 0.01375 0.02125
0 0.81625 0.59375 0.01125 0.02
0 0.805 0.5925 0.0075 0.02
0 0.79125 0.5925 0.01125 0.02
0 0.77375 0.5925 0.01125 0.01875
0 0.75625 0.5975 0.015 0.01
0 0.75625 0.58625 0.015 0.0075
0 0.75625 0.5775 0.01625 0.00875
0 0.85375 0.5925 0.015 0.02625
0 0.73625 0.59375 0.0175 0.0175
0 0.71875 0.5825 0.015 0.03625
0 0.7 0.59 0.01625 0.0225
0 0.685 0.5875 0.0125 0.0275
0 0.66625 0.58375 0.01125 0.03125
0 0.6525 0.58375 0.01875 0.0325
0 0.635 0.585 0.01125 0.02875
0 0.6075 0.5825 0.03375 0.03625
0 0.57625 0.59 0.00875 0.01875
0 0.73625 0.5775 0.0175 0.0125
0 0.7375 0.64 0.02375 0.035
0 0.765 0.64125 0.02 0.03875
0 0.79 0.64125 0.02 0.03625
0 0.42125 0.58375 0.01375 0.0225
0 0.4375 0.5825 0.01125 0.025
0 0.45 0.5825 0.01 0.0275
0 0.46375 0.58125 0.01 0.0275
0 0.47625 0.5825 0.01125 0.03
0 0.4975 0.5775 0.0125 0.00875
0 0.51375 0.5775 0.0125 0.01
0 0.49875 0.59 0.015 0.0125
0 0.515 0.58875 0.015 0.0125
0 0.53 0.57625 0.01125 0.0075
0 0.53 0.59 0.0125 0.015
0 0.545 0.58375 0.01375 0.02375
0 0.93125 0.6425 0.045 0.04625
0 0.97875 0.6475 0.00875 0.02125
0 0.99125 0.64625 0.0125 0.02125
0 0.96125 0.645 0.01 0.02
0 0.86 0.64375 0.0125 0.0375
0 0.845 0.64375 0.015 0.0325
0 0.81875 0.64375 0.02875 0.03
0 0.38875 0.58375 0.01375 0.02375
0 0.395 0.53 0.01 0.02625
0 0.41625 0.53125 0.01125 0.02875
0 0.4475 0.6375 0.00625 0.02625
0 0.0275 0.65 0.05375 0.06
0 0.10125 0.475 0.03125 0.03375
0 0.1225 0.48 0.0075 0.0225
0 0.16125 0.48 0.0125 0.02
0 0.1325 0.48125 0.01125 0.02125
0 0.14625 0.48 0.01125 0.0225
0 0.23625 0.48 0.015 0.02125
0 0.51375 0.63375 0.0125 0.035
0 0.09375 0.625 0.03125 0.035
0 0.49875 0.635 0.015 0.0325
0 0.47375 0.63375 0.00875 0.03375
0 0.46125 0.6325 0.01375 0.0325
0 0.03 0.38 0.02125 0.04375
0 0.39625 0.4825 0.01375 0.025
0 0.00875 0.3775 0.015 0.0425
0 0.9925 0.54875 0.015 0.0325
0 0.97125 0.54875 0.025 0.03625
0 0.94125 0.5475 0.01875 0.03375
0 0.485 0.63125 0.00875 0.03625
0 0.41625 0.48 0.0125 0.03125
0 0.145 0.63 0.0125 0.02375
0 0.12875 0.63 0.0075 0.02375
0 0.55125 0.5425 0.01375 0.01
0 0.42 0.63625 0.01375 0.02375
0 0.4025 0.6375 0.015 0.025
0 0.38375 0.63625 0.01375 0.02375
0 0.36625 0.635 0.01375 0.025
0 0.34125 0.63 0.02875 0.03375
0 0.2975 0.62875 0.01 0.03375
0 0.31125 0.63 0.01 0.035
0 0.1175 0.63125 0.01125 0.02375
0 0.2825 0.6375 0.01375 0.0175
0 0.2575 0.63625 0.00875 0.02
0 0.2475 0.6375 0.00875 0.015
0 0.2225 0.635 0.01 0.01875
0 0.23375 0.635 0.0075 0.0175
0 0.20875 0.63625 0.01125 0.015
0 0.19375 0.63625 0.0125 0.01375
0 0.17875 0.6325 0.01375 0.02375
0 0.15875 0.63375 0.01125 0.0175
0 0.26875 0.63875 0.00875 0.015
0 0.40625 0.52875 0.00875 0.025
0 0.56125 0.5325 0.0125 0.00875
0 0.52125 0.53875 0.01375 0.01375
0 0.5175 0.47875 0.0125 0.02625
0 0.49375 0.485 0.00625 0.02
0 0.50625 0.48 0.0125 0.03
0 0.91875 0.54375 0.0175 0.04125
0 0.255 0.48 0.01 0.0225
0 0.27375 0.47875 0.025 0.02375
0 0.3075 0.47625 0.03625 0.03375
0 0.33875 0.48 0.01625 0.0275
0 0.38125 0.4775 0.0125 0.02875
0 0.5675 0.5425 0.01625 0.01
0 0.63875 0.53 0.0275 0.03375
0 0.66375 0.53125 0.015 0.035
0 0.68125 0.535 0.0125 0.03125
0 0.725 0.505 0.07 0.10375
0 0.7725 0.5375 0.01625 0.0225
0 0.7975 0.53875 0.0175 0.02375
0 0.81875 0.53875 0.01625 0.02375
0 0.8425 0.53875 0.0175 0.02625
0 0.60875 0.52875 0.02875 0.0375
0 0.53625 0.53875 0.0125 0.015
0 0.53 0.47875 0.01 0.02625
0 0.55625 0.47875 0.01125 0.02625
0 0.5075 0.53875 0.015 0.015
0 0.4925 0.53875 0.01125 0.0125
0 0.495 0.52625 0.01125 0.00875
0 0.455 0.5025 0.06 0.10125
0 0.86125 0.47875 0.00875 0.03125
0 0.85 0.47875 0.00875 0.03125
0 0.84 0.48 0.01 0.03125
0 0.8275 0.47875 0.00875 0.0325
0 0.54375 0.47875 0.01 0.0275
0 0.81625 0.48 0.01375 0.02625
0 0.7875 0.48375 0.00875 0.01875
0 0.76875 0.4825 0.0125 0.01875
0 0.67375 0.4825 0.015 0.02125
0 0.65125 0.47375 0.01375 0.0375
0 0.635 0.47875 0.015 0.0275
0 0.61625 0.475 0.0125 0.03375
0 0.60125 0.4775 0.0125 0.03125
0 0.57 0.47875 0.0125 0.0275
0 0.80125 0.48 0.0125 0.0275
0 0.36125 0.48 0.015 0.03125
0 0.5575 0.5875 0.0075 0.02
0 0.5675 0.58875 0.01 0.02125