0 0.53875 0.22 0.02 0.1075
0 0.2175 0.20875 0.02625 0.08625
0 0.48125 0.21625 0.0275 0.09875
0 0.72625 0.71125 0.05375 0.06625
0 0.66625 0.6825 0.06 0.085
0 0.605 0.6825 0.05625 0.055
0 0.55125 0.67 0.045 0.06375
0 0.8475 0.69625 0.055 0.115
0 0.2425 0.22125 0.01875 0.06875
0 0.57 0.23125 0.03625 0.08375
0 0.50125 0.66 0.05125 0.06875
0 0.18625 0.20625 0.03 0.085
0 0.79125 0.045 0.0825 0.0825
0 0.705 0.04375 0.08125 0.085
0 0.625 0.0425 0.06875 0.07875
0 0.545 0.0425 0.07375 0.085
0 0.45125 0.045 0.11125 0.09
0 0.32 0.04375 0.06 0.08125
0 0.83375 0.87625 0.075 0.22875
0 0.15125 0.205 0.03375 0.085
0 0.45125 0.6425 0.0375 0.0775
0 0.40625 0.64125 0.04375 0.065
0 0.35125 0.65375 0.04625 0.01875
0 0.4325 0.2225 0.02875 0.08875
0 0.405 0.22125 0.02375 0.08875
0 0.3825 0.2225 0.015 0.07875
0 0.365 0.2225 0.01625 0.08125
0 0.34125 0.2275 0.02375 0.07125
0 0.31375 0.2125 0.025 0.0975
0 0.28625 0.20875 0.025 0.09375
0 0.2625 0.2225 0.01625 0.06875
0 0.72 0.55375 0.03125 0.0925
0 0.75 0.55875 0.02625 0.09625
0 0.16 0.6 0.03125 0.0425
0 0.19875 0.6025 0.04 0.0575
0 0.245 0.61875 0.04625 0.0525
0 0.29625 0.63375 0.05 0.0375
0 0.34875 0.6025 0.05125 0.0175
0 0.35 0.62 0.0475 0.01375
0 0.35125 0.635 0.05 0.0125
0 0.5125 0.215 0.0275 0.09875
0 0.6225 0.23 0.05125 0.08625
0 0.34375 0.3675 0.02625 0.085
0 0.7375 0.2175 0.03625 0.125
0 0.1575 0.475 0.01625 0.0625
0 0.18 0.47125 0.02125 0.07125
0 0.205 0.4775 0.02375 0.08
0 0.235 0.47125 0.02875 0.09125
0 0.27875 0.48875 0.0275 0.0875
0 0.3075 0.49125 0.0225 0.07625
0 0.3325 0.49625 0.02625 0.0825
0 0.365 0.50125 0.02875 0.08625
0 0.13625 0.45875 0.02125 0.0875
0 0.395 0.505 0.02625 0.085
0 0.4575 0.5225 0.02625 0.08125
0 0.49 0.515 0.0325 0.095
0 0.535 0.51875 0.04875 0.10875
0 0.57875 0.5275 0.03 0.10125
0 0.6075 0.51 0.01875 0.07125
0 0.6425 0.53625 0.03625 0.11
0 0.67875 0.5375 0.02875 0.11375
0 0.16875 0.69875 0.08625 0.11
0 0.42625 0.50875 0.0275 0.0775
0 0.75125 0.4375 0.0575 0.03
0 0.6875 0.435 0.065 0.025
0 0.68875 0.41 0.0625 0.02125
0 0.7875 0.23125 0.06 0.0975
0 0.13375 0.3325 0.0175 0.09875
0 0.15125 0.34125 0.01125 0.0925
0 0.165 0.3425 0.01125 0.0925
0 0.1875 0.34 0.0275 0.1
0 0.215 0.3475 0.02125 0.08625
0 0.24625 0.35625 0.04 0.0725
0 0.29375 0.34875 0.025 0.105
0 0.31875 0.35 0.02375 0.10625
0 0.37125 0.3675 0.0225 0.0825
0 0.3975 0.36875 0.02375 0.08875
0 0.42375 0.36875 0.02375 0.0875
0 0.45125 0.38 0.02625 0.08125
0 0.47875 0.36875 0.02625 0.1025
0 0.51375 0.37625 0.03875 0.09625
0 0.5525 0.38375 0.03 0.105
0 0.58375 0.3925 0.0225 0.08375
0 0.6225 0.40625 0.05 0.05875
0 0.645 0.34875 0.0425 0.0475
0 0.68375 0.22875 0.06 0.10125
0 0.26625 0.7175 0.09625 0.08875
0 0.23625 0.04625 0.0975 0.09125
0 0.47375 0.76625 0.1 0.11375
0 0.37625 0.74875 0.085 0.10625
0 0.15375 0.0475 0.0575 0.0875
0 0.70625 0.85125 0.1075 0.1225