0 0.80875 0.2725 0.02125 0.05
0 0.24375 0.68625 0.03125 0.08
0 0.35875 0.39 0.0175 0.0875
0 0.2225 0.45 0.05375 0.0425
0 0.27625 0.4475 0.04875 0.04125
0 0.64 0.57125 0.01875 0.0675
0 0.5775 0.5975 0.025 0.04125
0 0.54375 0.60625 0.03625 0.04125
0 0.4875 0.38 0.0325 0.08875
0 0.325 0.40125 0.04625 0.06875
0 0.39875 0.39375 0.0325 0.06875
0 0.43125 0.3825 0.03 0.08875
0 0.6625 0.56625 0.01875 0.06375
0 0.71 0.555 0.02875 0.065
0 0.6125 0.80125 0.02375 0.04875
0 0.58625 0.815 0.02375 0.045
0 0.56125 0.82 0.0225 0.0475
0 0.53375 0.82125 0.025 0.07875
0 0.5025 0.82875 0.03625 0.07875
0 0.4475 0.85875 0.03625 0.05375
0 0.41 0.87 0.03625 0.0625
0 0.38125 0.88 0.015 0.05625
0 0.57 0.37625 0.02125 0.07875
0 0.63625 0.79875 0.02 0.04125
0 0.51625 0.37875 0.0225 0.08375
0 0.83625 0.4575 0.0225 0.04625
0 0.815 0.5375 0.03125 0.06875
0 0.7775 0.5425 0.03 0.06875
0 0.74375 0.54875 0.03125 0.06375
0 0.685 0.56125 0.01375 0.065
0 0.54375 0.37875 0.02625 0.08125
0 0.135 0.9475 0.015 0.08875
0 0.8625 0.2775 0.025 0.04375
0 0.29375 0.91 0.02 0.05375
0 0.3225 0.90125 0.03125 0.06
0 0.35625 0.8875 0.03125 0.0575
0 0.50125 0.61375 0.04 0.0425
0 0.45625 0.625 0.04375 0.0425
0 0.40375 0.6325 0.0525 0.0425
0 0.345 0.64875 0.05625 0.04375
0 0.26875 0.9175 0.0175 0.0575
0 0.1475 0.7025 0.03125 0.08
0 0.605 0.71 0.0425 0.03875
0 0.63875 0.68875 0.025 0.0525
0 0.51625 0.27375 0.03125 0.05375
0 0.55125 0.2775 0.03375 0.05125
0 0.5925 0.27625 0.0425 0.04375
0 0.6375 0.2775 0.04125 0.04375
0 0.6625 0.7925 0.0275 0.04625
0 0.165 0.465 0.05625 0.025
0 0.83375 0.26375 0.02375 0.06375
0 0.24375 0.9275 0.02875 0.0625
0 0.18625 0.94875 0.02125 0.05875
0 0.16125 0.43625 0.05625 0.02125
0 0.78875 0.27125 0.01625 0.05
0 0.76875 0.25875 0.02125 0.06625
0 0.74875 0.2625 0.0175 0.06625
0 0.71875 0.27875 0.0325 0.04125
0 0.67875 0.2775 0.03625 0.04375
0 0.3275 0.28 0.06625 0.05
0 0.21625 0.94375 0.025 0.05375
0 0.39375 0.2775 0.06 0.045
0 0.48125 0.27375 0.03 0.0525
0 0.66625 0.68125 0.025 0.05125
0 0.69125 0.67 0.0175 0.05625
0 0.72125 0.68 0.03125 0.0325
0 0.77875 0.6375 0.03125 0.0825
0 0.84 0.62125 0.0275 0.075
0 0.1575 0.95375 0.025 0.0625
0 0.44375 0.27125 0.03625 0.05375
0 0.68625 0.78125 0.015 0.05
0 0.2 0.815 0.025 0.07625
0 0.29375 0.54875 0.03 0.0775
0 0.5975 0.37625 0.025 0.07875
0 0.22875 0.5575 0.03375 0.07375
0 0.26125 0.55375 0.02875 0.075
0 0.755 0.1675 0.01375 0.0625
0 0.32375 0.5225 0.025 0.0675
0 0.34875 0.52 0.0225 0.06875
0 0.375 0.51625 0.02625 0.06875
0 0.4025 0.51125 0.02375 0.0675
0 0.67 0.3725 0.03125 0.08
0 0.4275 0.50875 0.02125 0.0625
0 0.5025 0.4925 0.02625 0.07125
0 0.52875 0.4875 0.02 0.075
0 0.55375 0.4875 0.0225 0.06625
0 0.58 0.49 0.02375 0.05625
0 0.6475 0.47375 0.025 0.06625
0 0.6725 0.47625 0.01625 0.06125
0 0.72375 0.4725 0.05 0.06
0 0.77625 0.46375 0.05125 0.04625
0 0.4525 0.50875 0.0225 0.0675
0 0.70125 0.37125 0.03 0.0775
0 0.7875 0.3675 0.03875 0.06375
0 0.19 0.5675 0.035 0.0675
0 0.265 0.34875 0.06375 0.05375
0 0.2025 0.34625 0.0525 0.06
0 0.15 0.35 0.04625 0.0525
0 0.2625 0.24125 0.025 0.055
0 0.2175 0.24375 0.055 0.05125
0 0.1575 0.24375 0.06 0.055
0 0.87 0.17375 0.01 0.055
0 0.85375 0.17375 0.0175 0.0575
0 0.8325 0.17375 0.01625 0.06125
0 0.81625 0.17125 0.01125 0.05625
0 0.8025 0.17 0.015 0.0625
0 0.785 0.16875 0.015 0.06
0 0.76875 0.16875 0.01 0.05875
0 0.86 0.71 0.03 0.05375
0 0.8275 0.7275 0.02625 0.0575
0 0.79875 0.73125 0.0275 0.06
0 0.76625 0.74125 0.02125 0.065
0 0.73375 0.75 0.03625 0.07
0 0.705 0.7725 0.0175 0.03875
0 0.815 0.4625 0.01875 0.04875
0 0.5025 0.02625 0.04 0.04625
0 0.18125 0.6975 0.03 0.08375
0 0.59 0.03625 0.0425 0.05125
0 0.645 0.16375 0.03625 0.06625
0 0.60375 0.16 0.04375 0.06
0 0.5625 0.155 0.035 0.05375
0 0.17125 0.82625 0.03 0.07125
0 0.8225 0.0725 0.025 0.0425
0 0.52 0.1475 0.0475 0.06
0 0.65 0.04 0.02875 0.06125
0 0.6875 0.04375 0.04125 0.06125
0 0.7325 0.06 0.0275 0.04
0 0.78 0.06875 0.0475 0.0425
0 0.4675 0.1475 0.05 0.05625
0 0.4125 0.15125 0.05125 0.05
0 0.3725 0.1325 0.02375 0.07375
0 0.34625 0.1325 0.025 0.0725
0 0.26625 0.13125 0.0675 0.08
0 0.2075 0.12625 0.04625 0.08375
0 0.5475 0.03 0.04 0.05875
0 0.27375 0.6825 0.025 0.0725
0 0.3025 0.675 0.0275 0.07
0 0.68625 0.1675 0.04125 0.065
0 0.735 0.165 0.01875 0.0625
0 0.14 0.8275 0.03 0.0875
0 0.3725 0.76625 0.03875 0.05125
0 0.62375 0.0425 0.02125 0.045
0 0.56125 0.72 0.0425 0.03125
0 0.51625 0.73375 0.04375 0.0325
0 0.46875 0.74375 0.0475 0.03625
0 0.4175 0.75625 0.0475 0.0425
0 0.33625 0.76 0.03 0.06625
0 0.3075 0.78875 0.025 0.0675
0 0.28 0.79625 0.0225 0.0675
0 0.25625 0.8 0.025 0.06875
0 0.15375 0.12125 0.05625 0.085
0 0.22875 0.8075 0.025 0.06875
0 0.2125 0.695 0.0275 0.0825