0 0.19875 0.2 0.03375 0.0675
0 0.47 0.745 0.0375 0.07125
0 0.7525 0.7525 0.03125 0.0675
0 0.68625 0.75125 0.03625 0.065
0 0.64625 0.75 0.035 0.06625
0 0.61 0.75 0.03125 0.06375
0 0.57625 0.74625 0.03375 0.0675
0 0.53875 0.74625 0.03375 0.06625
0 0.43625 0.74375 0.03 0.07
0 0.5025 0.1825 0.0275 0.0975
0 0.37 0.74625 0.03875 0.0625
0 0.30125 0.8375 0.03625 0.06625
0 0.33625 0.8375 0.0325 0.06625
0 0.37 0.835 0.035 0.0675
0 0.41375 0.835 0.0275 0.0675
0 0.4425 0.8375 0.03 0.0625
0 0.4725 0.84125 0.03125 0.06375
0 0.50375 0.84125 0.03 0.065
0 0.53875 0.8425 0.03625 0.065
0 0.5725 0.8425 0.03125 0.06375
0 0.78875 0.7525 0.0375 0.06875
0 0.6075 0.84375 0.035 0.06875
0 0.23 0.74125 0.02875 0.06625
0 0.26125 0.74125 0.03125 0.0675
0 0.295 0.74125 0.03625 0.06625
0 0.32625 0.74125 0.02375 0.0675
0 0.40625 0.74375 0.03125 0.06875
0 0.8475 0.73125 0.055 0.09125
0 0.35375 0.94875 0.03 0.10125
0 0.7175 0.84875 0.03625 0.06875
0 0.76625 0.98 0.02625 0.03875
0 0.76875 0.94875 0.02625 0.015
0 0.7925 0.9725 0.0175 0.05375
0 0.82625 0.97125 0.04375 0.05625
0 0.8625 0.97375 0.02375 0.0525
0 0.13625 0.19125 0.0225 0.095
0 0.265 0.835 0.03125 0.06625
0 0.16625 0.19125 0.02875 0.09625
0 0.2975 0.18625 0.02 0.09
0 0.325 0.185 0.0325 0.09
0 0.355 0.1825 0.02625 0.095
0 0.38125 0.1825 0.0275 0.09375
0 0.41375 0.1825 0.03125 0.095
0 0.44 0.1825 0.01875 0.0925
0 0.475 0.1825 0.02625 0.09625
0 0.73 0.9725 0.03125 0.05375
0 0.69625 0.9725 0.02875 0.055
0 0.6675 0.975 0.025 0.05
0 0.63625 0.97375 0.0275 0.0525
0 0.755 0.84875 0.03625 0.06875
0 0.78875 0.84625 0.0325 0.06625
0 0.83 0.85625 0.0425 0.0775
0 0.1375 0.9275 0.025 0.09375
0 0.19 0.93625 0.04125 0.1025
0 0.23 0.9475 0.035 0.0925
0 0.2825 0.94625 0.05875 0.0925
0 0.685 0.8475 0.02875 0.06625
0 0.53125 0.18 0.02625 0.1
0 0.42375 0.975 0.02875 0.05
0 0.45 0.97625 0.0275 0.0475
0 0.4775 0.9775 0.025 0.045
0 0.50375 0.9575 0.02375 0.085
0 0.5325 0.9675 0.0325 0.065
0 0.56875 0.97 0.03375 0.06
0 0.605 0.9725 0.02875 0.055
0 0.39 0.97375 0.03375 0.0525
0 0.2325 0.8325 0.02875 0.0625
0 0.4325 0.6475 0.035 0.07
0 0.1575 0.79625 0.0375 0.115
0 0.765 0.4175 0.04125 0.08
0 0.72625 0.41875 0.035 0.07625
0 0.69 0.4175 0.03625 0.075
0 0.65125 0.4175 0.035 0.075
0 0.61875 0.41875 0.03 0.075
0 0.59 0.42 0.02625 0.07125
0 0.56 0.41875 0.02875 0.07625
0 0.49875 0.42 0.03 0.075
0 0.4725 0.41875 0.02375 0.0775
0 0.43875 0.41875 0.03875 0.07875
0 0.8025 0.4175 0.03 0.0775
0 0.40375 0.4175 0.03125 0.08
0 0.32125 0.42 0.035 0.07375
0 0.285 0.42 0.03625 0.07375
0 0.24625 0.4175 0.04125 0.0775
0 0.21125 0.4175 0.02875 0.07875
0 0.84125 0.33125 0.03 0.115
0 0.80375 0.30875 0.0325 0.06875
0 0.7675 0.31125 0.0375 0.07625
0 0.73125 0.3125 0.035 0.075
0 0.695 0.31375 0.0325 0.07375
0 0.65625 0.315 0.0375 0.0825
0 0.36625 0.41875 0.04125 0.08125
0 0.835 0.47 0.02875 0.1025
0 0.8 0.535 0.03375 0.0725
0 0.14375 0.5 0.0375 0.11125
0 0.27 0.195 0.03125 0.0775
0 0.36 0.53125 0.03125 0.075
0 0.435 0.535 0.04125 0.075
0 0.47375 0.5325 0.035 0.08125
0 0.51 0.5325 0.035 0.08125
0 0.54625 0.53625 0.0325 0.07875
0 0.5825 0.535 0.04 0.0775
0 0.62 0.535 0.0325 0.07625
0 0.65375 0.53375 0.0325 0.07125
0 0.68875 0.53375 0.0325 0.0725
0 0.725 0.5325 0.03625 0.0775
0 0.76375 0.53125 0.0375 0.075
0 0.14875 0.6575 0.03875 0.1075
0 0.1825 0.65625 0.025 0.1
0 0.2225 0.64125 0.03125 0.08125
0 0.2575 0.64125 0.0375 0.08125
0 0.2925 0.64125 0.0325 0.08
0 0.3275 0.65 0.0325 0.06625
0 0.32375 0.53125 0.03875 0.075
0 0.28375 0.53125 0.0375 0.075
0 0.25 0.52875 0.03125 0.07125
0 0.215 0.53 0.03625 0.06875
0 0.1775 0.505 0.02875 0.1025
0 0.6175 0.31375 0.04 0.08625
0 0.57875 0.3125 0.035 0.0825
0 0.5425 0.31375 0.0375 0.08
0 0.50375 0.315 0.03375 0.0825
0 0.195 0.8025 0.0375 0.1125
0 0.36 0.64375 0.03125 0.07625
0 0.395 0.6475 0.0375 0.0825
0 0.4675 0.6475 0.035 0.06875
0 0.5025 0.64625 0.03375 0.07125
0 0.54 0.64375 0.03875 0.075
0 0.5975 0.18375 0.04375 0.08
0 0.5775 0.6425 0.035 0.07625
0 0.65125 0.6475 0.03625 0.07375
0 0.685 0.65 0.03125 0.06625
0 0.72125 0.65 0.03625 0.0725
0 0.75875 0.6475 0.035 0.07625
0 0.795 0.64875 0.035 0.08
0 0.8475 0.6 0.055 0.09625
0 0.615 0.64625 0.0325 0.0725
0 0.5625 0.1775 0.02625 0.09875
0 0.235 0.19875 0.03125 0.065
0 0.67625 0.1875 0.035 0.06625
0 0.78625 0.17 0.03125 0.1
0 0.8175 0.17 0.0275 0.10125
0 0.85375 0.1925 0.0425 0.0875
0 0.14 0.34125 0.03 0.12125
0 0.1725 0.34375 0.03 0.1175
0 0.20625 0.3125 0.03375 0.0875
0 0.24125 0.31375 0.03625 0.0875
0 0.755 0.17375 0.03125 0.09125
0 0.2775 0.31375 0.035 0.08625
0 0.315 0.3125 0.03875 0.08125
0 0.3525 0.3125 0.035 0.0825
0 0.39 0.3125 0.04125 0.08375
0 0.43 0.315 0.03625 0.08125
0 0.4675 0.31625 0.0375 0.08375
0 0.7175 0.18375 0.04375 0.0725
0 0.64 0.185 0.03625 0.07875