0 0.55875 0.05125 0.055 0.0925
0 0.44125 0.7475 0.04625 0.03625
0 0.36875 0.38625 0.02125 0.01625
0 0.395 0.38875 0.025 0.01625
0 0.37 0.40375 0.01625 0.01125
0 0.3925 0.405 0.02625 0.0125
0 0.4375 0.405 0.02375 0.0175
0 0.46 0.385 0.02375 0.01875
0 0.4625 0.40375 0.0225 0.01625
0 0.74875 0.72625 0.03125 0.0775
0 0.35 0.40375 0.01875 0.01375
0 0.6725 0.79375 0.05 0.05125
0 0.6 0.77 0.08125 0.04625
0 0.50625 0.79875 0.0825 0.0375
0 0.51125 0.7575 0.08 0.0375
0 0.435 0.78625 0.04625 0.035
0 0.38125 0.7825 0.0425 0.03625
0 0.33375 0.76 0.04625 0.02
0 0.325 0.79125 0.05375 0.03875
0 0.2675 0.78875 0.055 0.04125
0 0.5975 0.80375 0.0825 0.0175
0 0.23125 0.76125 0.01375 0.07
0 0.3075 0.3825 0.02125 0.0575
0 0.23875 0.36875 0.0375 0.08125
0 0.28 0.29875 0.04375 0.0625
0 0.32625 0.30125 0.03875 0.0575
0 0.36875 0.3025 0.0425 0.06
0 0.4125 0.30375 0.04125 0.0625
0 0.45625 0.305 0.04125 0.06
0 0.5 0.30875 0.03875 0.0575
0 0.53625 0.27375 0.02625 0.04
0 0.53625 0.31875 0.03 0.0425
0 0.28 0.38125 0.02625 0.05
0 0.5625 0.29375 0.01875 0.0275
0 0.58625 0.28 0.0225 0.03875
0 0.59375 0.32 0.0225 0.0375
0 0.6225 0.325 0.02625 0.02875
0 0.6525 0.2975 0.02875 0.0275
0 0.65125 0.32625 0.02625 0.0275
0 0.68 0.32625 0.02625 0.0275
0 0.70625 0.3275 0.0225 0.0275
0 0.73 0.33 0.02125 0.02375
0 0.56625 0.325 0.025 0.03
0 0.2475 0.2675 0.01375 0.07875
0 0.70875 0.63875 0.02125 0.09125
0 0.65375 0.6475 0.03 0.08125
0 0.6475 0.51 0.01875 0.02875
0 0.625 0.50375 0.0175 0.04375
0 0.60125 0.5025 0.025 0.045
0 0.6025 0.4625 0.03 0.03
0 0.57125 0.5025 0.0275 0.04375
0 0.54125 0.49875 0.0275 0.04625
0 0.50875 0.505 0.03 0.035
0 0.48125 0.48875 0.0225 0.08
0 0.67625 0.505 0.03375 0.04125
0 0.4575 0.48875 0.01875 0.06875
0 0.40875 0.485 0.02875 0.07
0 0.385 0.5175 0.01125 0.00625
0 0.38375 0.50625 0.0125 0.01125
0 0.38375 0.49375 0.01375 0.00875
0 0.38375 0.48375 0.01375 0.00875
0 0.385 0.47125 0.0125 0.00875
0 0.3475 0.49875 0.05125 0.015
0 0.34875 0.48125 0.05125 0.01375
0 0.43625 0.48625 0.02125 0.0675
0 0.68375 0.67375 0.01875 0.0425
0 0.71875 0.495 0.045 0.0625
0 0.24 0.54875 0.02 0.01125
0 0.62 0.65125 0.03625 0.06875
0 0.585 0.6525 0.02875 0.065
0 0.555 0.65625 0.0275 0.06
0 0.525 0.6525 0.02875 0.06875
0 0.4975 0.655 0.0225 0.06875
0 0.4675 0.6725 0.02375 0.0275
0 0.47 0.645 0.0275 0.02375
0 0.47125 0.6175 0.025 0.02625
0 0.22375 0.56375 0.01 0.01375
0 0.44375 0.665 0.01875 0.04875
0 0.39875 0.675 0.035 0.03125
0 0.36 0.67 0.035 0.03
0 0.31875 0.6575 0.03625 0.0325
0 0.265 0.6225 0.0225 0.055
0 0.24375 0.62 0.01375 0.05
0 0.26125 0.565 0.0175 0.01875
0 0.2625 0.545 0.01875 0.01625
0 0.24 0.56375 0.01875 0.01375
0 0.42625 0.665 0.0125 0.045
0 0.22875 0.26625 0.0175 0.08
0 0.75375 0.32875 0.02375 0.025
0 0.71375 0.20625 0.04125 0.06
0 0.26125 0.04125 0.0325 0.08125
0 0.53625 0.4075 0.0125 0.0125
0 0.53625 0.39125 0.01375 0.01125
0 0.5225 0.40625 0.0125 0.0125
0 0.50625 0.40625 0.015 0.01625
0 0.7575 0.2025 0.04375 0.0675
0 0.49875 0.37625 0.03125 0.02125
0 0.48625 0.405 0.02125 0.0175
0 0.29625 0.04125 0.0325 0.0825
0 0.3325 0.04125 0.0325 0.0825
0 0.23125 0.0425 0.02375 0.08375
0 0.36875 0.055 0.035 0.065
0 0.43125 0.0475 0.04875 0.085
0 0.395 0.04625 0.0125 0.08625
0 0.47625 0.04625 0.03625 0.0925
0 0.61875 0.39875 0.01375 0.03
0 0.6225 0.04875 0.07125 0.0975
0 0.55375 0.3875 0.01875 0.0575
0 0.575 0.37125 0.02 0.01125
0 0.57375 0.38625 0.01875 0.01
0 0.57375 0.39875 0.0175 0.01125
0 0.6525 0.405 0.0475 0.02375
0 0.6875 0.39875 0.015 0.04375
0 0.70375 0.39875 0.0125 0.03625
0 0.72875 0.395 0.025 0.01625
0 0.72375 0.41125 0.02125 0.01125
0 0.23875 0.4375 0.025 0.015
0 0.23625 0.45625 0.02 0.015
0 0.2575 0.45625 0.01875 0.0175
0 0.675 0.05875 0.0275 0.08625
0 0.23875 0.475 0.0175 0.015
0 0.285 0.47 0.0275 0.01875
0 0.31125 0.47875 0.01875 0.01875
0 0.28625 0.49125 0.02625 0.01875
0 0.31 0.4975 0.0175 0.01375
0 0.28625 0.51 0.0275 0.015
0 0.31125 0.51375 0.01625 0.01375
0 0.5725 0.41125 0.015 0.0075
0 0.58875 0.40625 0.00875 0.02
0 0.25625 0.475 0.01375 0.01875
0 0.70375 0.05875 0.025 0.08625
0 0.51125 0.0575 0.02625 0.07375
0 0.33625 0.2025 0.02 0.01375
0 0.33625 0.21875 0.02125 0.01125
0 0.3625 0.18625 0.0275 0.0775
0 0.39625 0.18625 0.0325 0.0825
0 0.43 0.17 0.0275 0.025
0 0.42875 0.195 0.025 0.02
0 0.42875 0.21875 0.025 0.0225
0 0.45375 0.205 0.01875 0.015
0 0.475 0.20625 0.01875 0.0125
0 0.45375 0.22125 0.01875 0.015
0 0.47375 0.22125 0.0175 0.01375
0 0.49375 0.2075 0.015 0.0125
0 0.4925 0.2225 0.01875 0.0125
0 0.51875 0.16375 0.025 0.01875
0 0.51875 0.185 0.02125 0.0175
0 0.51625 0.20375 0.02 0.015
0 0.5375 0.20625 0.0175 0.01375
0 0.51625 0.2225 0.0225 0.015
0 0.5375 0.22125 0.01625 0.015
0 0.56875 0.2075 0.035 0.04875
0 0.61125 0.215 0.0475 0.03375
0 0.665 0.20375 0.04 0.06125
0 0.7325 0.0575 0.02625 0.09
0 0.335 0.1875 0.02125 0.0125
0 0.6025 0.4 0.0125 0.03
0 0.30125 0.17125 0.035 0.0975
0 0.27625 0.19375 0.01 0.05625
0 0.2625 0.195 0.0125 0.05875
0 0.23375 0.1775 0.03125 0.0425
0 0.7575 0.06125 0.01875 0.0825
0 0.33625 0.17125 0.0225 0.015