0 0.35125 0.72 0.0475 0.03625
0 0.39375 0.74375 0.01875 0.06625
0 0.4175 0.745 0.025 0.06625
0 0.4475 0.75 0.03125 0.05625
0 0.4825 0.7525 0.02875 0.0475
0 0.57625 0.7375 0.025 0.065
0 0.545 0.76375 0.02875 0.03125
0 0.51375 0.72875 0.03 0.03
0 0.54375 0.73 0.02875 0.03125
0 0.60625 0.74125 0.025 0.07125
0 0.355 0.75875 0.04375 0.0325
0 0.515 0.7625 0.02875 0.0325
0 0.30875 0.73625 0.03375 0.08375
0 0.0175 0.4925 0.03375 0.07875
0 0.23625 0.7125 0.05625 0.035
0 0.2375 0.755 0.0575 0.04625
0 0.00625 0.61125 0.0125 0.07375
0 0.02 0.72125 0.0275 0.07
0 0.05 0.72 0.025 0.07375
0 0.08 0.72 0.0275 0.075
0 0.1075 0.71625 0.025 0.08
0 0.13375 0.715 0.02 0.08875
0 0.15875 0.71625 0.02375 0.0875
0 0.18375 0.71625 0.02375 0.0875
0 0.6325 0.7375 0.025 0.065
0 0.0375 0.37125 0.0375 0.08875
0 0.27875 0.73875 0.02125 0.0725
0 0.6575 0.74125 0.02375 0.0775
0 0.795 0.635 0.02125 0.06625
0 0.705 0.75375 0.06375 0.05
0 0.58125 0.61875 0.0325 0.0275
0 0.58125 0.58875 0.03 0.02875
0 0.29375 0.51 0.03 0.08125
0 0.33125 0.51625 0.03625 0.06875
0 0.365 0.52125 0.0275 0.05875
0 0.4575 0.515 0.04125 0.0725
0 0.49375 0.50875 0.0275 0.0825
0 0.5325 0.515 0.03375 0.0725
0 0.57 0.5075 0.0325 0.085
0 0.5825 0.65 0.03 0.02875
0 0.60875 0.51375 0.0275 0.0725
0 0.67 0.51375 0.025 0.07
0 0.70125 0.51375 0.0325 0.07125
0 0.73625 0.5175 0.03125 0.0625
0 0.77 0.51875 0.02875 0.0625
0 0.8025 0.5125 0.0275 0.075
0 0.865 0.49 0.08625 0.085
0 0.94 0.49625 0.0625 0.07625
0 0.81 0.40125 0.01875 0.05875
0 0.7275 0.39875 0.03625 0.07625
0 0.64 0.515 0.02875 0.0675
0 0.69 0.39375 0.03375 0.0775
0 0.55375 0.6325 0.02 0.06375
0 0.50625 0.63 0.025 0.06875
0 0.06 0.4875 0.04 0.0875
0 0.09875 0.485 0.02625 0.085
0 0.15125 0.48625 0.0775 0.085
0 0.2125 0.4975 0.03125 0.03375
0 0.215 0.53375 0.0375 0.03375
0 0.2575 0.515 0.0325 0.06875
0 0.0625 0.60625 0.03 0.08875
0 0.1075 0.61 0.02875 0.07375
0 0.1375 0.60125 0.02625 0.0875
0 0.5325 0.635 0.02 0.06
0 0.17125 0.6 0.03125 0.09625
0 0.27875 0.635 0.0225 0.06875
0 0.305 0.6325 0.02375 0.06625
0 0.335 0.63125 0.03 0.06875
0 0.36625 0.62875 0.02375 0.07
0 0.3925 0.6225 0.02625 0.085
0 0.42 0.63625 0.02375 0.06125
0 0.47625 0.61875 0.03375 0.03
0 0.4775 0.65 0.0325 0.02875
0 0.44375 0.61625 0.01625 0.055
0 0.25 0.62125 0.03125 0.095
0 0.7 0.7025 0.05625 0.03125
0 0.65625 0.39625 0.02875 0.07125
0 0.59125 0.395 0.02625 0.07625
0 0.76375 0.5875 0.03625 0.0325
0 0.795 0.59 0.0225 0.01375
0 0.81875 0.63125 0.0225 0.0725
0 0.03125 0.61125 0.025 0.075
0 0.7675 0.6525 0.0325 0.03125
0 0.7675 0.62 0.0325 0.03
0 0.7375 0.63625 0.02125 0.06125
0 0.715 0.63625 0.02125 0.06125
0 0.855 0.60625 0.01625 0.01375
0 0.615 0.65 0.03375 0.02875
0 0.89 0.59625 0.02125 0.05875
0 0.92 0.575 0.03375 0.03125
0 0.95 0.60875 0.03 0.03375
0 0.98125 0.59625 0.0275 0.0575
0 0.975 0.6975 0.03625 0.08625
0 0.8775 0.69875 0.02625 0.085
0 0.84625 0.6975 0.03 0.08875
0 0.80875 0.755 0.0275 0.04875
0 0.78 0.755 0.025 0.0475
0 0.7525 0.73875 0.02625 0.08
0 0.9175 0.60875 0.03125 0.03375
0 0.625 0.3975 0.0275 0.07125
0 0.64875 0.65 0.0325 0.03
0 0.68375 0.6175 0.035 0.03
0 0.555 0.3975 0.03625 0.07375
0 0.52125 0.3975 0.0275 0.0725
0 0.3 0.43 0.0175 0.0125
0 0.49125 0.39625 0.02875 0.0725
0 0.46125 0.3975 0.0275 0.0725
0 0.4125 0.41625 0.055 0.03875
0 0.36125 0.33125 0.03875 0.0475
0 0.36 0.2875 0.04 0.035
0 0.34375 0.39625 0.0425 0.07875
0 0.30125 0.3925 0.02625 0.0625
0 0.26 0.39375 0.025 0.08375
0 0.23375 0.39625 0.0225 0.08125
0 0.21375 0.405 0.01625 0.0625
0 0.1975 0.40625 0.01375 0.05875
0 0.16 0.37125 0.0325 0.09125
0 0.13375 0.36875 0.02125 0.09
0 0.1075 0.36875 0.02375 0.08875
0 0.0775 0.37375 0.03 0.08125
0 0.61625 0.61875 0.035 0.03125
0 0.65 0.61875 0.03 0.03
0 0.68375 0.65 0.035 0.03