0 0.19375 0.52125 0.02375 0.0625
0 0.66 0.85 0.0125 0.07
0 0.6325 0.84625 0.025 0.06375
0 0.60125 0.83875 0.02 0.07375
0 0.57375 0.83 0.0225 0.0625
0 0.55 0.825 0.0175 0.07375
0 0.52125 0.81625 0.02625 0.0625
0 0.495 0.8125 0.015 0.07125
0 0.4725 0.805 0.0175 0.065
0 0.425 0.79375 0.02 0.0675
0 0.45125 0.79875 0.02 0.06375
0 0.35375 0.7725 0.01625 0.05625
0 0.2175 0.5225 0.015 0.06375
0 0.33375 0.77 0.015 0.05875
0 0.2875 0.7575 0.0125 0.05875
0 0.26875 0.75125 0.01625 0.05625
0 0.24875 0.7475 0.01625 0.06375
0 0.2275 0.74375 0.02 0.0575
0 0.20375 0.735 0.015 0.05125
0 0.355 0.7025 0.01 0.07
0 0.335 0.69625 0.0175 0.06625
0 0.31125 0.695 0.01625 0.06625
0 0.28875 0.68375 0.0225 0.06375
0 0.26625 0.67875 0.0175 0.0575
0 0.24625 0.675 0.01625 0.06375
0 0.22375 0.66625 0.01875 0.06375
0 0.20125 0.6675 0.0175 0.06125
0 0.6675 0.7525 0.01625 0.0625
0 0.31 0.76375 0.0175 0.05375
0 0.1925 0.43875 0.0225 0.06875
0 0.31 0.6175 0.01625 0.06125
0 0.63875 0.75 0.025 0.07125
0 0.34 0.14125 0.01625 0.05625
0 0.32125 0.14125 0.01375 0.05875
0 0.3025 0.14125 0.01625 0.05375
0 0.2825 0.14375 0.015 0.0525
0 0.265 0.145 0.0175 0.055
0 0.2425 0.14625 0.01375 0.0575
0 0.22375 0.1475 0.01625 0.05875
0 0.2025 0.15375 0.01625 0.0525
0 0.425 0.13 0.02125 0.06875
0 0.45125 0.12875 0.025 0.0725
0 0.48375 0.125 0.02875 0.07125
0 0.515 0.1225 0.0225 0.07125
0 0.5475 0.11875 0.02875 0.075
0 0.58125 0.11375 0.0275 0.08125
0 0.61375 0.11 0.02875 0.0775
0 0.6475 0.1075 0.035 0.0825
0 0.685 0.10875 0.02875 0.07875
0 0.4525 0.235 0.0175 0.0725
0 0.4825 0.235 0.03125 0.07125
0 0.23625 0.52625 0.015 0.05625
0 0.19875 0.595 0.01875 0.0575
0 0.2225 0.59875 0.01875 0.0575
0 0.25875 0.52875 0.01875 0.0575
0 0.2825 0.53375 0.015 0.06125
0 0.3075 0.53625 0.02375 0.06375
0 0.3325 0.53875 0.02 0.065
0 0.2425 0.6075 0.0175 0.06
0 0.26375 0.6075 0.01625 0.05875
0 0.28625 0.61375 0.0175 0.06625
0 0.33625 0.62375 0.02 0.0675
0 0.60875 0.73875 0.02625 0.065
0 0.2125 0.44125 0.01375 0.065
0 0.55375 0.72875 0.02125 0.0675
0 0.65 0.54875 0.02 0.075
0 0.63125 0.34125 0.0275 0.07375
0 0.6 0.34125 0.0225 0.07875
0 0.57125 0.34 0.025 0.0725
0 0.54125 0.3375 0.02875 0.06875
0 0.51125 0.34125 0.02375 0.0725
0 0.48125 0.34125 0.0225 0.06875
0 0.45375 0.33875 0.025 0.0675
0 0.4275 0.33875 0.0225 0.07
0 0.67875 0.23 0.0425 0.07625
0 0.63875 0.23125 0.02625 0.07625
0 0.6075 0.2325 0.02625 0.075
0 0.5775 0.23375 0.03 0.07375
0 0.51625 0.235 0.02625 0.07375
0 0.8575 0.5225 0.035 0.0975
0 0.83625 0.915 0.0525 0.10625
0 0.825 0.79875 0.04 0.0925
0 0.62125 0.54375 0.03 0.0675
0 0.35375 0.62375 0.01 0.06875
0 0.59 0.5425 0.0225 0.06875
0 0.53375 0.535 0.01875 0.07
0 0.42875 0.43375 0.02 0.065
0 0.58 0.735 0.02125 0.06875
0 0.455 0.435 0.02125 0.0625
0 0.48 0.43875 0.025 0.0675
0 0.51125 0.4425 0.02375 0.07
0 0.53875 0.44375 0.02 0.075
0 0.56625 0.44375 0.0225 0.07125
0 0.59375 0.44375 0.02375 0.06875
0 0.6275 0.44375 0.0275 0.0675
0 0.66 0.44875 0.02375 0.07375
0 0.68625 0.45 0.01375 0.07125
0 0.69375 0.34375 0.01375 0.06875
0 0.42875 0.52375 0.0175 0.0625
0 0.66625 0.34375 0.02625 0.0725
0 0.45625 0.52375 0.02125 0.06375
0 0.48375 0.5275 0.01875 0.06625
0 0.50875 0.53125 0.02625 0.06125
0 0.5625 0.53875 0.02625 0.06125
0 0.345 0.4475 0.02 0.07875
0 0.545 0.23375 0.02375 0.07625
0 0.295 0.44375 0.01375 0.07125
0 0.485 0.62 0.025 0.09
0 0.45875 0.61625 0.02125 0.08125
0 0.31625 0.445 0.025 0.0725
0 0.57125 0.6325 0.02875 0.0775
0 0.60375 0.6425 0.02375 0.09125
0 0.63625 0.64625 0.0225 0.08625
0 0.66625 0.65625 0.01875 0.07625
0 0.43 0.7025 0.0225 0.0675
0 0.455 0.70625 0.02 0.065
0 0.475 0.7125 0.01875 0.06625
0 0.5025 0.71875 0.02 0.0675
0 0.5275 0.725 0.02375 0.07125
0 0.5125 0.62625 0.02 0.0775
0 0.53875 0.6275 0.025 0.085
0 0.27375 0.4425 0.01625 0.07375
0 0.25125 0.44375 0.01375 0.065
0 0.2325 0.44375 0.015 0.0675
0 0.67625 0.55125 0.02125 0.07
0 0.4325 0.6125 0.02375 0.08875