0 0.71625 0.375 0.055 0.035
0 0.1575 0.495 0.04375 0.0275
0 0.15375 0.46375 0.04125 0.02875
0 0.85625 0.41125 0.03625 0.0175
0 0.815 0.4125 0.04 0.01625
0 0.47875 0.40125 0.0625 0.025
0 0.495 0.37 0.03625 0.03
0 0.85875 0.39125 0.03125 0.02
0 0.82 0.39125 0.04375 0.02375
0 0.86125 0.365 0.02625 0.03
0 0.54375 0.36875 0.0525 0.03375
0 0.54375 0.40125 0.05375 0.02375
0 0.82125 0.36625 0.04625 0.02625
0 0.6 0.36875 0.055 0.03375
0 0.6 0.40125 0.05625 0.0275
0 0.7775 0.41 0.0275 0.02
0 0.78 0.38875 0.03 0.0225
0 0.78 0.36125 0.02875 0.02875
0 0.71125 0.405 0.0575 0.025
0 0.655 0.405 0.05375 0.025
0 0.65625 0.375 0.055 0.0325
0 0.825 0.34 0.0475 0.02125
0 0.2975 0.275 0.04625 0.02375
0 0.35625 0.40125 0.04875 0.025
0 0.54125 0.29375 0.055 0.0225
0 0.54 0.27 0.05125 0.025
0 0.54 0.24875 0.0525 0.0125
0 0.48625 0.29625 0.04125 0.01875
0 0.48625 0.275 0.04125 0.02
0 0.48875 0.25375 0.04125 0.0225
0 0.4475 0.28 0.03125 0.01875
0 0.44375 0.29875 0.04 0.015
0 0.3925 0.2775 0.04625 0.05125
0 0.59625 0.265 0.05125 0.03
0 0.34625 0.27625 0.04625 0.02125
0 0.29625 0.2975 0.045 0.0175
0 0.16 0.525 0.0475 0.02625
0 0.245 0.295 0.05 0.02375
0 0.19375 0.295 0.0475 0.0225
0 0.245 0.26625 0.0525 0.03
0 0.2725 0.64125 0.0475 0.015
0 0.2225 0.64 0.0475 0.015
0 0.3675 0.61625 0.05 0.0275
0 0.3175 0.6175 0.04625 0.03125
0 0.34125 0.2975 0.0425 0.02
0 0.41625 0.40125 0.05875 0.02625
0 0.59625 0.2925 0.0475 0.02
0 0.715 0.26125 0.0575 0.03
0 0.305 0.4025 0.04875 0.0275
0 0.35375 0.37375 0.05 0.03
0 0.3025 0.3725 0.04875 0.03125
0 0.25375 0.40125 0.0475 0.0225
0 0.25375 0.3725 0.0475 0.03375
0 0.20375 0.40125 0.045 0.0225
0 0.2025 0.37125 0.04875 0.03375
0 0.15625 0.3975 0.0425 0.02375
0 0.1525 0.3675 0.04375 0.03
0 0.65375 0.26 0.06 0.03125
0 0.85875 0.29375 0.03125 0.01375
0 0.7825 0.29375 0.0225 0.015
0 0.85875 0.27125 0.03125 0.02375
0 0.81875 0.2725 0.04625 0.025
0 0.7825 0.2725 0.01875 0.0225
0 0.86 0.24375 0.02875 0.025
0 0.82 0.24625 0.04625 0.0275
0 0.78375 0.245 0.0225 0.02875
0 0.7175 0.2925 0.05375 0.02625
0 0.65375 0.2925 0.05875 0.02625
0 0.81875 0.29375 0.045 0.01375
0 0.2125 0.5225 0.04875 0.02875
0 0.2775 0.7675 0.04125 0.0175
0 0.305 0.45625 0.04125 0.03
0 0.18625 0.71375 0.0275 0.04875
0 0.1475 0.76625 0.045 0.02375
0 0.14875 0.74 0.04625 0.02375
0 0.145 0.71 0.04 0.03375
0 0.83625 0.6675 0.03875 0.02
0 0.835 0.6375 0.0425 0.03
0 0.79375 0.665 0.0375 0.02125
0 0.18625 0.76125 0.02625 0.04375
0 0.79125 0.64 0.03625 0.02375
0 0.75 0.66375 0.03625 0.01875
0 0.7525 0.64125 0.035 0.02125
0 0.2675 0.61875 0.0475 0.02625
0 0.1375 0.1575 0.025 0.03375
0 0.13625 0.1875 0.02 0.02375
0 0.18125 0.1575 0.0475 0.03
0 0.23 0.16 0.04625 0.03
0 0.79125 0.61625 0.0375 0.02125
0 0.2275 0.71125 0.0425 0.02625
0 0.27375 0.71625 0.0475 0.02625
0 0.3225 0.71625 0.045 0.025
0 0.65625 0.76625 0.05125 0.025
0 0.71125 0.74 0.0525 0.02625
0 0.65625 0.73875 0.0525 0.02625
0 0.71125 0.71 0.05375 0.0275
0 0.65625 0.70875 0.05 0.02875
0 0.585 0.77375 0.08625 0.05
0 0.57875 0.7175 0.09625 0.05375
0 0.515 0.77625 0.045 0.04375
0 0.4325 0.765 0.04 0.05
0 0.37375 0.775 0.045 0.02375
0 0.325 0.7725 0.04625 0.01875
0 0.23125 0.765 0.04375 0.0175
0 0.37125 0.75 0.04875 0.025
0 0.3225 0.74625 0.0475 0.02875
0 0.27375 0.74375 0.045 0.02625
0 0.2275 0.74125 0.04375 0.02625
0 0.37125 0.72 0.04875 0.03125
0 0.185 0.185 0.04875 0.01875
0 0.23375 0.185 0.04375 0.02
0 0.28 0.1625 0.0425 0.0275
0 0.32875 0.1625 0.04375 0.0275
0 0.1925 0.2675 0.05 0.0275
0 0.75375 0.6175 0.0375 0.02125
0 0.7025 0.65 0.0525 0.0425
0 0.70375 0.60125 0.05 0.0525
0 0.64875 0.645 0.05 0.04
0 0.59875 0.64625 0.045 0.03625
0 0.55375 0.64375 0.04125 0.04
0 0.65125 0.5975 0.05125 0.04875
0 0.60125 0.60125 0.045 0.04625
0 0.555 0.6 0.04 0.04375
0 0.50875 0.63875 0.04375 0.035
0 0.4625 0.64 0.04375 0.03875
0 0.41875 0.63875 0.03875 0.035
0 0.50875 0.60625 0.04625 0.02625
0 0.43 0.605 0.045 0.02875
0 0.37125 0.6425 0.04625 0.02125
0 0.3225 0.6425 0.04625 0.01625
0 0.25125 0.2325 0.05875 0.02875
0 0.71 0.76875 0.0525 0.02625
0 0.1925 0.235 0.05125 0.03375
0 0.15125 0.26625 0.02625 0.03
0 0.2825 0.18625 0.04625 0.0175
0 0.33375 0.18625 0.0475 0.01625
0 0.38625 0.17625 0.04875 0.02625
0 0.4375 0.1775 0.04375 0.0225
0 0.4825 0.17375 0.04625 0.0225
0 0.5375 0.14375 0.055 0.03125
0 0.54125 0.17125 0.055 0.02
0 0.5975 0.14375 0.0575 0.0275
0 0.60125 0.17125 0.055 0.0175
0 0.66125 0.13875 0.06375 0.035
0 0.66125 0.16875 0.06 0.02
0 0.7225 0.1375 0.05875 0.03375
0 0.72375 0.16875 0.0575 0.02375
0 0.77875 0.14875 0.045 0.025
0 0.825 0.145 0.0425 0.0275
0 0.77625 0.17375 0.045 0.02125
0 0.825 0.17125 0.045 0.02
0 0.14125 0.2925 0.03125 0.02
0 0.25875 0.5225 0.04 0.0275
0 0.65625 0.78875 0.05125 0.01875
0 0.765 0.74625 0.04875 0.04875
0 0.54875 0.53 0.05375 0.0225
0 0.6025 0.53 0.05375 0.02125
0 0.65875 0.47375 0.05375 0.055
0 0.715 0.475 0.05625 0.05125
0 0.6575 0.525 0.0525 0.045
0 0.715 0.525 0.06 0.04
0 0.775 0.47375 0.01875 0.025
0 0.60125 0.50125 0.05125 0.03125
0 0.7725 0.49625 0.0225 0.01625
0 0.7725 0.54125 0.025 0.01625
0 0.8075 0.47125 0.04 0.025
0 0.8525 0.47 0.04375 0.02625
0 0.80625 0.49625 0.03875 0.0175
0 0.8525 0.4975 0.045 0.02125
0 0.8075 0.52 0.04125 0.0225
0 0.8525 0.52 0.04375 0.02125
0 0.77375 0.52 0.02125 0.0225
0 0.54625 0.5025 0.05 0.03
0 0.6025 0.4675 0.0525 0.0325
0 0.5475 0.46625 0.05125 0.0325
0 0.35 0.4575 0.04625 0.0325
0 0.3025 0.49125 0.0475 0.035
0 0.35125 0.49125 0.04625 0.03125
0 0.3025 0.52625 0.04625 0.03125
0 0.3525 0.525 0.05 0.03125
0 0.40125 0.47 0.05125 0.03125
0 0.45625 0.4725 0.055 0.02875
0 0.4025 0.50125 0.05 0.02875
0 0.45375 0.50125 0.05125 0.03
0 0.40375 0.52875 0.0475 0.0225
0 0.455 0.53 0.05 0.0225
0 0.49375 0.47125 0.015 0.03375
0 0.51 0.4725 0.01625 0.0325
0 0.49125 0.505 0.0175 0.03125
0 0.51 0.505 0.0175 0.03
0 0.4925 0.5325 0.015 0.02
0 0.51125 0.53125 0.01875 0.0225
0 0.80875 0.54125 0.0425 0.0175
0 0.8525 0.54125 0.04375 0.01875
0 0.1625 0.61125 0.04375 0.02875
0 0.1625 0.6375 0.0425 0.0225
0 0.32125 0.8925 0.0475 0.02375
0 0.3225 0.86625 0.04625 0.02875
0 0.32125 0.835 0.0475 0.03125
0 0.275 0.89 0.0425 0.01875
0 0.22625 0.88625 0.04375 0.01875
0 0.2725 0.86625 0.0475 0.02625
0 0.225 0.86375 0.04 0.025
0 0.275 0.8325 0.04375 0.03
0 0.22625 0.835 0.045 0.02875
0 0.1925 0.8725 0.01875 0.04125
0 0.19125 0.82875 0.02125 0.045
0 0.16 0.88375 0.04625 0.02
0 0.15625 0.86125 0.045 0.0225
0 0.1525 0.835 0.045 0.0275
0 0.81875 0.7925 0.055 0.03375
0 0.7625 0.79 0.04875 0.0375
0 0.82 0.74875 0.055 0.0475
0 0.37125 0.83625 0.045 0.03
0 0.7075 0.79125 0.05 0.01625
0 0.37125 0.86875 0.045 0.02875
0 0.43 0.85375 0.0675 0.05625
0 0.21375 0.58875 0.0475 0.03
0 0.2625 0.59 0.04625 0.0275
0 0.3125 0.58625 0.0475 0.03125
0 0.82 0.9225 0.05 0.0425
0 0.81875 0.87125 0.05125 0.05375
0 0.765 0.9175 0.05 0.045
0 0.76625 0.87125 0.05 0.0475
0 0.7125 0.92 0.04625 0.025
0 0.66125 0.9225 0.0525 0.0225
0 0.7125 0.8925 0.04875 0.03125
0 0.66 0.89375 0.0525 0.03
0 0.71375 0.85875 0.05375 0.0325
0 0.66 0.85875 0.05 0.03625
0 0.58625 0.8875 0.09 0.085
0 0.50375 0.90625 0.06875 0.0375
0 0.50375 0.86 0.07125 0.05125
0 0.4325 0.9 0.06625 0.03125
0 0.37125 0.89625 0.04875 0.025
0 0.36375 0.585 0.04875 0.0325
0 0.21625 0.6175 0.04625 0.02625