0 0.70625 0.5875 0.0275 0.07125
0 0.80375 0.365 0.03 0.0975
0 0.14125 0.29375 0.06 0.1125
0 0.01625 0.4125 0.0325 0.09375
0 0.06875 0.41375 0.06125 0.09375
0 0.02875 0.62375 0.05625 0.10875
0 0.03875 0.52875 0.05375 0.0725
0 0.1 0.51875 0.05875 0.0875
0 0.8425 0.32875 0.04 0.12625
0 0.08875 0.6225 0.055 0.11125
0 0.15125 0.62375 0.06375 0.1175
0 0.15 0.425 0.0775 0.07875
0 0.8775 0.3425 0.025 0.1
0 0.9875 0.34125 0.025 0.10375
0 0.93375 0.33875 0.025 0.105
0 0.96 0.34125 0.025 0.10125
0 0.035 0.73875 0.06625 0.1025
0 0.985 0.46875 0.0275 0.1125
0 0.9475 0.50625 0.04 0.04
0 0.90875 0.4875 0.03125 0.07375
0 0.87375 0.48125 0.0325 0.08875
0 0.83875 0.48375 0.0325 0.085
0 0.8 0.4775 0.035 0.0775
0 0.765 0.47875 0.02625 0.07375
0 0.735 0.4775 0.02875 0.075
0 0.7025 0.47875 0.02875 0.07375
0 0.905 0.34375 0.02875 0.1
0 0.1 0.73125 0.045 0.09125
0 0.1175 0.8325 0.0575 0.08375
0 0.01375 0.84125 0.02625 0.06375
0 0.07625 0.29625 0.05875 0.11
0 0.02125 0.295 0.0425 0.1125
0 0.63375 0.47875 0.02125 0.075
0 0.605 0.48125 0.0325 0.07
0 0.5725 0.48 0.02875 0.07375
0 0.53875 0.48 0.03375 0.07125
0 0.7225 0.36375 0.02375 0.09875
0 0.69625 0.36375 0.02875 0.09875
0 0.66875 0.36375 0.0225 0.09875
0 0.6425 0.36375 0.0275 0.09875
0 0.6125 0.3625 0.03 0.1
0 0.58 0.36375 0.02875 0.09875
0 0.1625 0.73375 0.0575 0.0925
0 0.55 0.36875 0.0225 0.09
0 0.50125 0.36875 0.025 0.0875
0 0.47 0.38125 0.03375 0.06625
0 0.435 0.38125 0.0325 0.06625
0 0.39875 0.38125 0.035 0.06625
0 0.3625 0.3775 0.035 0.075
0 0.325 0.37625 0.035 0.07625
0 0.28625 0.38125 0.035 0.06875
0 0.24875 0.38125 0.035 0.065
0 0.21 0.38 0.035 0.06625
0 0.17125 0.835 0.04125 0.07875
0 0.66375 0.4775 0.03375 0.0775
0 0.0575 0.83875 0.0575 0.07125
0 0.52625 0.36875 0.0225 0.09
0 0.50375 0.485 0.0325 0.065
0 0.46875 0.48625 0.03375 0.06625
0 0.4325 0.4825 0.035 0.06875
0 0.24375 0.70375 0.03 0.06875
0 0.275 0.705 0.025 0.06875
0 0.30625 0.70375 0.035 0.07
0 0.3475 0.7025 0.03125 0.075
0 0.38 0.7025 0.03125 0.0725
0 0.4125 0.70375 0.02875 0.06875
0 0.44375 0.7025 0.0275 0.0725
0 0.4725 0.7025 0.025 0.0775
0 0.5025 0.7 0.02875 0.07375
0 0.53875 0.7 0.035 0.0725
0 0.57625 0.7 0.02875 0.07375
0 0.60875 0.7025 0.03125 0.0725
0 0.64125 0.6975 0.02625 0.08
0 0.6725 0.6975 0.02875 0.07625
0 0.70625 0.6975 0.02625 0.08125
0 0.73625 0.695 0.0275 0.08125
0 0.7675 0.69875 0.0275 0.0775
0 0.8 0.6975 0.0275 0.0775
0 0.835 0.74125 0.03375 0.08375
0 0.88 0.7625 0.0425 0.045
0 0.92875 0.76 0.04875 0.045
0 0.9775 0.74 0.0425 0.08625
0 0.83625 0.62375 0.0325 0.085
0 0.8725 0.62 0.0375 0.09125
0 0.91875 0.64625 0.045 0.045
0 0.965 0.61125 0.04125 0.115
0 0.8025 0.58375 0.03 0.0725
0 0.77 0.58375 0.0275 0.075
0 0.74 0.585 0.02875 0.07375
0 0.21125 0.7 0.03125 0.075
0 0.67375 0.585 0.0325 0.07375
0 0.20875 0.80375 0.03125 0.0725
0 0.2725 0.80875 0.02875 0.06125
0 0.39625 0.48375 0.03375 0.0675
0 0.36 0.4825 0.03375 0.06625
0 0.3225 0.48125 0.03375 0.06875
0 0.28625 0.48375 0.03375 0.06625
0 0.25 0.485 0.035 0.065
0 0.20375 0.47875 0.03 0.075
0 0.21 0.585 0.03125 0.07375
0 0.2475 0.5875 0.03125 0.07125
0 0.2825 0.58625 0.02875 0.075
0 0.315 0.58875 0.0275 0.0675
0 0.34875 0.58625 0.0275 0.07
0 0.38 0.5875 0.03 0.07375
0 0.4125 0.58625 0.02625 0.07
0 0.44625 0.5875 0.025 0.07375
0 0.47875 0.5875 0.03 0.06625
0 0.51125 0.585 0.02625 0.07125
0 0.545 0.58875 0.0325 0.06625
0 0.5775 0.5825 0.02875 0.0775
0 0.6425 0.5825 0.02875 0.08
0 0.58125 0.8025 0.0275 0.0725
0 0.55 0.80375 0.03 0.0775
0 0.51875 0.80375 0.03125 0.0725
0 0.4875 0.80375 0.0275 0.07125
0 0.45625 0.80375 0.02875 0.075
0 0.42625 0.805 0.0275 0.075
0 0.39625 0.805 0.02875 0.07375
0 0.36625 0.80875 0.0275 0.06375
0 0.33625 0.80625 0.03125 0.06875
0 0.30375 0.8075 0.0275 0.0675
0 0.2425 0.805 0.03125 0.07375
0 0.61 0.5825 0.03 0.08
0 0.77375 0.36375 0.025 0.09875
0 0.6125 0.8025 0.02875 0.07375
0 0.96625 0.845 0.05375 0.05375
0 0.9175 0.85125 0.03375 0.0425
0 0.87875 0.85125 0.03875 0.0375
0 0.8375 0.85125 0.03875 0.03875
0 0.79875 0.80125 0.0275 0.0725
0 0.7675 0.8025 0.0275 0.0725
0 0.73625 0.8025 0.0275 0.0725
0 0.70625 0.8025 0.02875 0.075
0 0.675 0.8025 0.02875 0.07375
0 0.64375 0.80375 0.02875 0.0775
0 0.7475 0.3625 0.02375 0.0975