0 0.81875 0.34625 0.05 0.12375
0 0.62 0.81375 0.035 0.035
0 0.65375 0.815 0.0325 0.03625
0 0.68875 0.81125 0.03625 0.05375
0 0.72875 0.81125 0.03875 0.05625
0 0.76875 0.81 0.03625 0.0525
0 0.795 0.65375 0.0375 0.07375
0 0.79125 0.73625 0.04375 0.06875
0 0.73125 0.72625 0.035 0.05625
0 0.69375 0.73125 0.04 0.04625
0 0.6525 0.7225 0.04 0.06875
0 0.60625 0.7275 0.04875 0.05125
0 0.56375 0.7 0.03375 0.04125
0 0.5625 0.73875 0.035 0.035
0 0.5225 0.7325 0.03625 0.04625
0 0.4775 0.725 0.0425 0.06
0 0.43125 0.71875 0.04625 0.05625
0 0.38125 0.7225 0.04625 0.0625
0 0.34 0.7225 0.025 0.0625
0 0.31125 0.72375 0.02375 0.05875
0 0.58125 0.81375 0.03375 0.03125
0 0.5475 0.815 0.03625 0.04
0 0.45375 0.80875 0.05 0.0525
0 0.40375 0.81 0.0475 0.055
0 0.49 0.22 0.0375 0.13375
0 0.5375 0.21625 0.035 0.135
0 0.57625 0.22125 0.03375 0.12375
0 0.61125 0.22875 0.02625 0.1075
0 0.63875 0.22 0.0275 0.12125
0 0.67 0.21875 0.03125 0.12375
0 0.705 0.25375 0.0375 0.04875
0 0.7425 0.21875 0.0325 0.11875
0 0.77375 0.21875 0.0275 0.11875
0 0.835 0.205 0.04875 0.1475
0 0.7325 0.37875 0.05 0.125
0 0.68125 0.37875 0.0475 0.125
0 0.2275 0.92 0.0275 0.045
0 0.1975 0.90125 0.03 0.085
0 0.14375 0.8925 0.03375 0.10625
0 0.19 0.815 0.05375 0.05875
0 0.25375 0.81125 0.045 0.05
0 0.3 0.81125 0.04375 0.05125
0 0.35125 0.81 0.055 0.055
0 0.2725 0.7175 0.0475 0.075
0 0.225 0.72 0.04875 0.0725
0 0.18 0.72125 0.04 0.07625
0 0.14125 0.74625 0.0325 0.09875
0 0.40375 0.52625 0.04375 0.0875
0 0.35375 0.55375 0.0475 0.03625
0 0.35375 0.51125 0.05 0.04375
0 0.30625 0.52875 0.04 0.08625
0 0.25875 0.55 0.05 0.04375
0 0.2075 0.5525 0.04875 0.0425
0 0.16125 0.5325 0.04375 0.0825
0 0.1425 0.40875 0.035 0.09125
0 0.18375 0.4025 0.03875 0.09875
0 0.225 0.43125 0.03875 0.04
0 0.22375 0.39125 0.04 0.03875
0 0.27125 0.3875 0.04625 0.125
0 0.31875 0.42 0.04375 0.0575
0 0.35625 0.38125 0.03 0.14
0 0.39125 0.38375 0.035 0.1325
0 0.4375 0.425 0.0525 0.045
0 0.48125 0.38625 0.025 0.12
0 0.51 0.38 0.0325 0.13
0 0.54625 0.385 0.0375 0.12375
0 0.4425 0.525 0.03125 0.08
0 0.44625 0.26125 0.04 0.05125
0 0.475 0.525 0.03125 0.085
0 0.53875 0.51875 0.025 0.095
0 0.19125 0.6075 0.04 0.03125
0 0.17125 0.6425 0.045 0.03625
0 0.21375 0.64375 0.03625 0.0375
0 0.2525 0.64125 0.04125 0.0425
0 0.30375 0.6325 0.05 0.0525
0 0.3525 0.62875 0.045 0.06125
0 0.4075 0.625 0.04625 0.0575
0 0.4575 0.63125 0.0475 0.05875
0 0.50125 0.63 0.035 0.045
0 0.54125 0.63375 0.035 0.0425
0 0.58375 0.63 0.0475 0.0475
0 0.63 0.63125 0.04125 0.05
0 0.675 0.63 0.04375 0.055
0 0.73375 0.6325 0.04125 0.04875
0 0.74 0.5325 0.045 0.065
0 0.69 0.5275 0.04375 0.08
0 0.64625 0.54125 0.03875 0.04875
0 0.60375 0.54 0.04 0.05125
0 0.5675 0.5175 0.0275 0.10125
0 0.50875 0.5225 0.0325 0.09
0 0.4025 0.21375 0.04125 0.05125
0 0.4025 0.265 0.0425 0.0475
0 0.36375 0.235 0.03375 0.1075
0 0.1975 0.06125 0.035 0.1175
0 0.22625 0.06125 0.0225 0.11625
0 0.2525 0.06125 0.0275 0.1125
0 0.28125 0.06 0.02875 0.1125
0 0.31875 0.0575 0.035 0.10875
0 0.3525 0.06 0.02875 0.11
0 0.38875 0.06 0.0425 0.11
0 0.16375 0.0625 0.02875 0.1175
0 0.4525 0.06 0.0325 0.10625
0 0.5625 0.0525 0.03875 0.1025
0 0.8125 0.0475 0.04625 0.0925
0 0.755 0.04875 0.04375 0.095
0 0.71 0.05 0.04125 0.09625
0 0.66375 0.05 0.0325 0.09875
0 0.62875 0.05375 0.0325 0.09375
0 0.5825 0.3875 0.03125 0.1075
0 0.4925 0.055 0.04 0.10375
0 0.79875 0.5475 0.0475 0.0475
0 0.625 0.39125 0.04375 0.10625
0 0.81125 0.4925 0.05 0.055
0 0.8375 0.435 0.0525 0.0625
0 0.32375 0.2275 0.03625 0.12375
0 0.24 0.27 0.04875 0.04875
0 0.19625 0.2525 0.035 0.08625
0 0.15875 0.24125 0.03875 0.10375
0 0.25375 0.90125 0.01875 0.08375
0 0.28 0.90375 0.03 0.08375
0 0.32375 0.89875 0.0475 0.08125
0 0.28625 0.225 0.03625 0.1325
0 0.42 0.915 0.0475 0.06125
0 0.37125 0.91375 0.04625 0.05875
0 0.6825 0.91125 0.065 0.0725
0 0.75 0.91 0.06625 0.07125
0 0.62375 0.91375 0.05125 0.06875
0 0.51875 0.90125 0.05 0.0875
0 0.46875 0.9175 0.04375 0.0525
0 0.57 0.9175 0.05 0.055