0 0.5425 0.51 0.0275 0.09625
0 0.4825 0.5125 0.02625 0.08625
0 0.45 0.51 0.0275 0.095
0 0.42 0.51 0.02875 0.0925
0 0.38625 0.51125 0.02625 0.09375
0 0.51125 0.5125 0.0275 0.0875
0 0.32625 0.7475 0.025 0.045
0 0.27125 0.15125 0.02875 0.09375
0 0.30625 0.15125 0.03125 0.0975
0 0.35125 0.14875 0.03 0.10125
0 0.3875 0.1475 0.0325 0.1075
0 0.42375 0.145 0.035 0.1075
0 0.60375 0.5075 0.03125 0.09625
0 0.2925 0.75625 0.03125 0.04125
0 0.8025 0.62625 0.0425 0.0825
0 0.2075 0.735 0.04 0.0825
0 0.8125 0.52 0.0275 0.0875
0 0.77875 0.5175 0.03 0.085
0 0.71375 0.51625 0.02875 0.09125
0 0.6725 0.5125 0.0325 0.09
0 0.84625 0.51875 0.03 0.0875
0 0.15125 0.6225 0.05 0.0875
0 0.245 0.6225 0.05 0.08375
0 0.29625 0.62125 0.04375 0.07375
0 0.3375 0.61625 0.025 0.07125
0 0.3775 0.62375 0.03625 0.08375
0 0.42875 0.6225 0.055 0.0775
0 0.48625 0.61625 0.05375 0.0725
0 0.5425 0.6125 0.0475 0.06875
0 0.5925 0.6275 0.04125 0.075
0 0.6375 0.6275 0.0425 0.0775
0 0.685 0.63125 0.04125 0.07
0 0.73 0.63375 0.04 0.07625
0 0.76625 0.63375 0.0275 0.07
0 0.46375 0.15375 0.03125 0.0925
0 0.85125 0.6225 0.0475 0.08
0 0.16375 0.735 0.04125 0.085
0 0.2525 0.74125 0.0425 0.07375
0 0.49875 0.15 0.03125 0.10625
0 0.66375 0.1525 0.03125 0.09875
0 0.5825 0.15125 0.03875 0.10375
0 0.35375 0.5075 0.0325 0.095
0 0.32125 0.81875 0.0375 0.04
0 0.27875 0.8375 0.0375 0.02625
0 0.4225 0.75375 0.02875 0.04625
0 0.19875 0.84 0.03625 0.02125
0 0.16375 0.82875 0.02375 0.025
0 0.8475 0.72875 0.025 0.06875
0 0.46125 0.75125 0.04375 0.0425
0 0.80625 0.73625 0.04875 0.08125
0 0.3225 0.51 0.02625 0.0875
0 0.7625 0.74875 0.0325 0.04
0 0.72875 0.755 0.0325 0.035
0 0.6975 0.7475 0.0225 0.0375
0 0.66625 0.71125 0.02875 0.0325
0 0.66625 0.75125 0.03 0.0375
0 0.77 0.28875 0.03875 0.065
0 0.50625 0.7525 0.04125 0.0425
0 0.5525 0.75375 0.0425 0.04125
0 0.595 0.74625 0.0375 0.04
0 0.63375 0.7575 0.03125 0.03625
0 0.725 0.715 0.02875 0.0325
0 0.29125 0.5075 0.03 0.09625
0 0.2525 0.51 0.0325 0.0925
0 0.73375 0.28 0.0275 0.09125
0 0.62625 0.15375 0.04125 0.0975
0 0.69625 0.15375 0.02625 0.09375
0 0.85875 0.81875 0.03125 0.0475
0 0.7325 0.15375 0.03125 0.105
0 0.76625 0.16 0.025 0.09
0 0.15625 0.1475 0.025 0.09125
0 0.19125 0.14875 0.04 0.10125
0 0.23375 0.1475 0.0325 0.0925
0 0.8025 0.1575 0.035 0.09375
0 0.84 0.16 0.0375 0.0975
0 0.1475 0.26875 0.035 0.095
0 0.1825 0.27 0.03125 0.09875
0 0.365 0.28375 0.0525 0.0725
0 0.4225 0.275 0.025 0.0875
0 0.4575 0.27125 0.03125 0.09875
0 0.49 0.2775 0.03125 0.09375
0 0.52625 0.27875 0.02875 0.0925
0 0.56375 0.28 0.03875 0.0875
0 0.60125 0.27625 0.02625 0.09125
0 0.635 0.2875 0.0325 0.0825
0 0.69875 0.28125 0.03625 0.0825
0 0.54 0.145 0.0375 0.10875
0 0.23875 0.83125 0.0275 0.0375
0 0.79625 0.83625 0.035 0.02375
0 0.13875 0.50875 0.0275 0.09625
0 0.71625 0.8225 0.03125 0.02125
0 0.67625 0.8025 0.0375 0.01375
0 0.67875 0.82375 0.03875 0.02125
0 0.64125 0.83375 0.02375 0.0325
0 0.615 0.8325 0.02 0.02625
0 0.59125 0.83 0.02 0.03
0 0.56 0.835 0.03625 0.0275
0 0.52 0.8075 0.035 0.01625
0 0.52 0.83125 0.03375 0.02625
0 0.48 0.82125 0.03625 0.03
0 0.40125 0.8275 0.0375 0.0325
0 0.36375 0.81125 0.025 0.03
0 0.1725 0.51625 0.025 0.075
0 0.13875 0.39 0.02625 0.10125
0 0.82125 0.2925 0.05375 0.065
0 0.515 0.39375 0.025 0.0925
0 0.44875 0.39375 0.03375 0.09625
0 0.175 0.39 0.03875 0.09875
0 0.315 0.3925 0.02875 0.0975
0 0.24625 0.3975 0.0375 0.0875
0 0.415 0.3925 0.02875 0.09625
0 0.4825 0.395 0.03 0.0975
0 0.545 0.39625 0.03125 0.09375
0 0.57625 0.395 0.02875 0.09375
0 0.34625 0.39 0.03375 0.1025
0 0.64 0.39625 0.03125 0.0925
0 0.69 0.40125 0.06 0.08625
0 0.7375 0.4025 0.02875 0.09
0 0.8 0.40125 0.0275 0.09
0 0.83375 0.4025 0.03 0.08875
0 0.86375 0.40125 0.0225 0.08625
0 0.60875 0.395 0.02625 0.0925