0 0.63875 0.67375 0.04 0.0875
0 0.67625 0.66875 0.0325 0.085
0 0.545 0.40125 0.04625 0.0475
0 0.59875 0.395 0.04 0.025
0 0.6025 0.43125 0.03125 0.03375
0 0.65125 0.43625 0.04875 0.0225
0 0.70375 0.4 0.04875 0.0125
0 0.65 0.385 0.05 0.02125
0 0.65375 0.33125 0.0425 0.0325
0 0.7025 0.41625 0.05125 0.0125
0 0.7025 0.37875 0.04375 0.0275
0 0.6 0.6725 0.0325 0.08125
0 0.6475 0.41 0.0425 0.015
0 0.5625 0.67125 0.03625 0.085
0 0.26625 0.66625 0.025 0.0775
0 0.49875 0.67125 0.035 0.0825
0 0.9875 0.54125 0.02375 0.1075
0 0.09375 0.3525 0.05125 0.12875
0 0.035 0.35125 0.05 0.11875
0 0.02875 0.195 0.0575 0.11125
0 0.1075 0.18375 0.07375 0.11625
0 0.6675 0.255 0.0425 0.09
0 0.7175 0.25375 0.05375 0.1025
0 0.78 0.25375 0.05 0.0975
0 0.835 0.25 0.06 0.105
0 0.8925 0.24625 0.0525 0.10625
0 0.945 0.24625 0.05 0.10375
0 0.20875 0.3625 0.045 0.01625
0 0.2125 0.3875 0.04125 0.025
0 0.21625 0.42875 0.04125 0.04
0 0.165 0.4325 0.05625 0.04
0 0.1575 0.36 0.04625 0.02
0 0.15875 0.38375 0.04875 0.01875
0 0.3525 0.3625 0.0525 0.015
0 0.3275 0.3975 0.06125 0.01625
0 0.35125 0.44 0.05375 0.0175
0 0.28125 0.44125 0.075 0.015
0 0.39375 0.39875 0.0425 0.0275
0 0.4 0.4325 0.03625 0.035
0 0.43625 0.3875 0.03 0.02125
0 0.44 0.42125 0.03375 0.04125
0 0.9375 0.535 0.0575 0.10875
0 0.88875 0.535 0.03125 0.1075
0 0.855 0.5375 0.0225 0.10625
0 0.82375 0.53875 0.02625 0.10375
0 0.46625 0.6675 0.03 0.0775
0 0.4325 0.66875 0.02875 0.07875
0 0.4 0.66875 0.03125 0.075
0 0.20375 0.665 0.03 0.07875
0 0.2375 0.66875 0.02875 0.07875
0 0.7025 0.435 0.04375 0.01625
0 0.29875 0.66875 0.0325 0.08125
0 0.33375 0.6675 0.0325 0.0775
0 0.36625 0.6675 0.02875 0.08
0 0.20375 0.54625 0.01375 0.0975
0 0.17875 0.54625 0.01875 0.0975
0 0.24125 0.5425 0.0475 0.105
0 0.53125 0.6675 0.0275 0.0825
0 0.3225 0.54125 0.03375 0.10625
0 0.3625 0.54 0.0275 0.11125
0 0.395 0.54125 0.02625 0.11625
0 0.45625 0.54125 0.03125 0.1075
0 0.49875 0.5425 0.04875 0.10625
0 0.5425 0.54125 0.03125 0.10875
0 0.5725 0.54125 0.025 0.10875
0 0.6 0.54 0.0275 0.11125
0 0.63125 0.5375 0.03 0.11
0 0.66125 0.54375 0.03 0.1075
0 0.69375 0.5425 0.035 0.10375
0 0.72875 0.54125 0.03 0.1075
0 0.7775 0.54 0.06375 0.1075
0 0.28375 0.54 0.03 0.10625
0 0.78375 0.38625 0.1025 0.0875
0 0.30125 0.1625 0.04625 0.07375
0 0.97625 0.3775 0.04625 0.03125
0 0.3725 0.265 0.03125 0.10125
0 0.3325 0.2725 0.04625 0.0875
0 0.12125 0.49375 0.0425 0.0575
0 0.085 0.49375 0.03125 0.05625
0 0.04625 0.49375 0.03625 0.05625
0 0.145 0.57875 0.04 0.0575
0 0.10375 0.5775 0.035 0.05625
0 0.065 0.57625 0.035 0.055
0 0.025 0.5775 0.0425 0.0475
0 0.16625 0.6825 0.03875 0.05125
0 0.12125 0.6825 0.0375 0.05
0 0.07875 0.68375 0.04125 0.03875
0 0.0425 0.68375 0.02875 0.035
0 0.18 0.78125 0.055 0.015
0 0.12 0.77 0.045 0.01125
0 0.41625 0.2675 0.04375 0.095
0 0.12875 0.78375 0.0525 0.00875
0 0.45625 0.27 0.03375 0.09125
0 0.59625 0.2625 0.05375 0.10875
0 0.25125 0.16125 0.04125 0.07125
0 0.20625 0.16 0.04375 0.07
0 0.40625 0.16 0.05625 0.06875
0 0.465 0.15625 0.05 0.06125
0 0.525 0.155 0.06 0.06
0 0.595 0.155 0.06875 0.06
0 0.67 0.1525 0.0575 0.05375
0 0.73125 0.1525 0.05875 0.05625
0 0.5025 0.40375 0.03875 0.04625
0 0.78375 0.14625 0.04375 0.04125
0 0.8375 0.1425 0.05625 0.035
0 0.89625 0.14375 0.05 0.03625
0 0.9625 0.14125 0.05 0.03125
0 0.27125 0.28 0.045 0.10625
0 0.21875 0.2775 0.0525 0.1025
0 0.51125 0.26875 0.0675 0.1075
0 0.89375 0.39625 0.0875 0.09375
0 0.02375 0.76875 0.045 0.03875
0 0.225 0.77625 0.0225 0.0775
0 0.88375 0.80625 0.0175 0.065
0 0.92125 0.815 0.03375 0.0425
0 0.96375 0.81125 0.0425 0.0375
0 0.94625 0.685 0.0275 0.06
0 0.97875 0.6825 0.03375 0.0625
0 0.9025 0.67125 0.03875 0.09125
0 0.85625 0.685 0.05 0.0575
0 0.80875 0.685 0.03625 0.05625
0 0.7675 0.68375 0.03875 0.06125
0 0.73375 0.6675 0.02375 0.095
0 0.7075 0.66625 0.025 0.09125
0 0.35125 0.1625 0.05125 0.07375
0 0.23875 0.34125 0.07 0.02
0 0.71 0.33125 0.04375 0.04375
0 0.975 0.4225 0.0475 0.03125
0 0.845 0.805 0.01875 0.0575
0 0.06875 0.76875 0.04625 0.03875
0 0.81625 0.79875 0.03125 0.0675
0 0.745 0.79875 0.02625 0.06375
0 0.2575 0.77625 0.015 0.08
0 0.28875 0.77625 0.0325 0.075
0 0.3275 0.8 0.025 0.0375
0 0.35125 0.80125 0.0225 0.035
0 0.37875 0.8 0.02125 0.0375
0 0.4075 0.795 0.025 0.04875
0 0.4425 0.79625 0.03375 0.0475
0 0.47375 0.7875 0.02625 0.06375
0 0.51625 0.8 0.04375 0.04
0 0.55 0.7825 0.02625 0.08125
0 0.5775 0.78625 0.02125 0.085
0 0.6025 0.7825 0.02625 0.09
0 0.6325 0.7875 0.02375 0.085
0 0.67625 0.8 0.02875 0.06625
0 0.71125 0.80125 0.035 0.06375
0 0.7825 0.8 0.03375 0.06875
0 0.4525 0.34 0.03375 0.045