0 0.56625 0.78625 0.03625 0.00875
0 0.5675 0.775 0.0375 0.00625
0 0.56875 0.76625 0.03625 0.00875
0 0.56625 0.75375 0.03875 0.00875
0 0.525 0.7875 0.0325 0.00625
0 0.5275 0.77875 0.03875 0.0075
0 0.525 0.76625 0.03875 0.01125
0 0.53375 0.84625 0.045 0.0925
0 0.51375 0.48625 0.0275 0.1
0 0.57625 0.8025 0.035 0.01
0 0.62 0.80875 0.04375 0.12375
0 0.35375 0.59875 0.03875 0.05125
0 0.39375 0.60125 0.03375 0.0625
0 0.43125 0.59875 0.03125 0.05875
0 0.77625 0.68 0.03125 0.03625
0 0.515 0.61 0.04375 0.03625
0 0.56 0.59 0.03875 0.06
0 0.7925 0.78 0.0225 0.03125
0 0.48375 0.81125 0.04125 0.11875
0 0.78625 0.7575 0.02625 0.00875
0 0.7525 0.8025 0.03375 0.12125
0 0.59875 0.60875 0.0275 0.0425
0 0.63375 0.5875 0.03625 0.06125
0 0.685 0.59125 0.0425 0.06875
0 0.72875 0.5875 0.0325 0.0675
0 0.7075 0.80375 0.0375 0.12375
0 0.66625 0.80625 0.035 0.12375
0 0.7875 0.7475 0.03 0.01
0 0.4375 0.80625 0.04 0.01
0 0.4375 0.77 0.03875 0.0125
0 0.4375 0.78375 0.0425 0.01125
0 0.2775 0.7025 0.02875 0.0625
0 0.305 0.70375 0.02125 0.0625
0 0.34125 0.67625 0.015 0.02375
0 0.37375 0.69875 0.03 0.05875
0 0.41 0.6925 0.03125 0.05
0 0.45 0.70125 0.03875 0.0625
0 0.49125 0.69875 0.0375 0.0625
0 0.5325 0.69375 0.0375 0.0575
0 0.5725 0.69125 0.03375 0.0625
0 0.61 0.6725 0.0225 0.04
0 0.62 0.705 0.03375 0.015
0 0.665 0.6925 0.03125 0.0375
0 0.6975 0.6975 0.0225 0.03375
0 0.6925 0.66875 0.0175 0.0175
0 0.73375 0.67625 0.0375 0.05875
0 0.245 0.69125 0.03125 0.0175
0 0.43875 0.79625 0.0425 0.00625
0 0.23875 0.72125 0.0425 0.03375
0 0.18125 0.71125 0.02 0.06
0 0.31 0.62 0.02875 0.04625
0 0.39875 0.78625 0.025 0.0575
0 0.36875 0.78875 0.0275 0.0625
0 0.3425 0.77125 0.01625 0.02875
0 0.30125 0.84125 0.03 0.09125
0 0.20625 0.8125 0.03625 0.07875
0 0.1675 0.845 0.0325 0.0775
0 0.16 0.78375 0.0275 0.0275
0 0.7675 0.5875 0.03125 0.0625
0 0.13375 0.82 0.0175 0.085
0 0.84625 0.805 0.05125 0.095
0 0.85375 0.65625 0.02125 0.05875
0 0.81125 0.58125 0.04375 0.06125
0 0.13375 0.70875 0.0175 0.06125
0 0.15625 0.7075 0.0225 0.06625
0 0.205 0.70625 0.01875 0.06
0 0.275 0.59875 0.02125 0.05875
0 0.475 0.595 0.0325 0.0725
0 0.81875 0.66875 0.04125 0.04
0 0.58875 0.35 0.055 0.08875
0 0.68 0.33875 0.0575 0.1025
0 0.75 0.37875 0.05375 0.01625
0 0.7425 0.35625 0.055 0.02
0 0.80875 0.32625 0.05875 0.1025
0 0.845 0.05125 0.05375 0.045
0 0.825 0.16125 0.06 0.105
0 0.76 0.11625 0.05875 0.195
0 0.68875 0.11875 0.0525 0.2025
0 0.62625 0.13375 0.04875 0.17625
0 0.565 0.125 0.05375 0.1925
0 0.5325 0.35375 0.04875 0.08375
0 0.50375 0.13 0.06 0.18375
0 0.385 0.16625 0.05125 0.12625
0 0.33375 0.18 0.04125 0.09875
0 0.6975 0.48125 0.02625 0.08375
0 0.66125 0.47875 0.0275 0.0875
0 0.59 0.48875 0.03875 0.07125
0 0.54875 0.5025 0.035 0.0675
0 0.28 0.185 0.05375 0.10125
0 0.22125 0.15375 0.04125 0.15375
0 0.17375 0.165 0.0325 0.15
0 0.25 0.59875 0.0225 0.05625
0 0.1425 0.16875 0.02625 0.14375
0 0.44625 0.16375 0.05125 0.12625
0 0.72375 0.47625 0.02 0.09375
0 0.2325 0.35875 0.05125 0.09375
0 0.3375 0.37875 0.03375 0.06
0 0.4825 0.51625 0.03125 0.0275
0 0.43875 0.4925 0.0375 0.095
0 0.22125 0.595 0.025 0.045
0 0.17875 0.60625 0.03 0.07375
0 0.14375 0.63125 0.03375 0.03125
0 0.13875 0.5925 0.025 0.0375
0 0.86375 0.52 0.0225 0.03625
0 0.285 0.35625 0.04625 0.0975
0 0.82125 0.495 0.04 0.06
0 0.76125 0.50125 0.03875 0.035
0 0.39875 0.495 0.035 0.095
0 0.8525 0.57 0.0325 0.0425
0 0.31125 0.50875 0.02375 0.075
0 0.275 0.51 0.03125 0.07125
0 0.25125 0.455 0.0225 0.03125
0 0.24375 0.52625 0.0225 0.045
0 0.20375 0.49875 0.03125 0.035
0 0.16125 0.5125 0.02625 0.065
0 0.135 0.51 0.01875 0.07
0 0.41 0.36 0.03125 0.0925
0 0.37125 0.3675 0.0275 0.08
0 0.35375 0.5025 0.04125 0.0875