0 0.7325 0.185 0.0225 0.09125
0 0.83625 0.77125 0.02375 0.05625
0 0.80875 0.7725 0.02875 0.0575
0 0.78 0.76875 0.025 0.06875
0 0.755 0.77125 0.02375 0.0725
0 0.86125 0.7675 0.02375 0.0575
0 0.75625 0.18625 0.025 0.095
0 0.72625 0.7725 0.0275 0.0725
0 0.52 0.78625 0.0275 0.06625
0 0.67 0.77375 0.025 0.06875
0 0.6425 0.775 0.0275 0.0725
0 0.6125 0.78125 0.02875 0.06625
0 0.5825 0.7825 0.03125 0.0675
0 0.55 0.78375 0.03 0.0625
0 0.485 0.7875 0.02875 0.0675
0 0.45375 0.79125 0.0325 0.06875
0 0.85 0.875 0.03 0.08
0 0.42 0.79125 0.0325 0.06875
0 0.69875 0.7725 0.025 0.07
0 0.82125 0.87625 0.0275 0.07875
0 0.46625 0.55 0.02875 0.075
0 0.76375 0.885 0.02875 0.07
0 0.38625 0.795 0.0325 0.0725
0 0.14125 0.94125 0.0325 0.08625
0 0.1825 0.935 0.0375 0.0825
0 0.2225 0.93375 0.04125 0.08
0 0.2625 0.9275 0.03625 0.085
0 0.2975 0.925 0.03 0.08875
0 0.33 0.92375 0.03125 0.0875
0 0.3625 0.92 0.0325 0.08125
0 0.4 0.9175 0.03125 0.07625
0 0.43375 0.915 0.03125 0.07625
0 0.465 0.9125 0.03125 0.07
0 0.4975 0.90875 0.03125 0.0775
0 0.53125 0.905 0.0325 0.0725
0 0.57125 0.89875 0.0375 0.0775
0 0.6075 0.89625 0.03375 0.08
0 0.63875 0.89625 0.02625 0.07
0 0.67 0.89375 0.02625 0.075
0 0.7 0.89125 0.03 0.07
0 0.7325 0.8875 0.02875 0.07375
0 0.7925 0.8775 0.025 0.0825
0 0.3525 0.7975 0.035 0.07125
0 0.31625 0.8 0.03625 0.075
0 0.27875 0.80125 0.0375 0.07
0 0.37625 0.66125 0.03125 0.0775
0 0.3425 0.6625 0.0325 0.07625
0 0.30875 0.6625 0.03375 0.07875
0 0.2725 0.66375 0.03375 0.0775
0 0.78125 0.18875 0.02375 0.09
0 0.80375 0.19125 0.02125 0.09375
0 0.83375 0.21 0.0325 0.065
0 0.8625 0.21125 0.025 0.0625
0 0.6175 0.305 0.03 0.075
0 0.6475 0.30625 0.0275 0.07625
0 0.675 0.3075 0.02625 0.07375
0 0.7075 0.31 0.03125 0.07375
0 0.7375 0.31 0.025 0.0775
0 0.76375 0.31375 0.02375 0.07
0 0.7925 0.31625 0.025 0.0725
0 0.8225 0.3175 0.02625 0.06875
0 0.85 0.32 0.0275 0.07125
0 0.81875 0.43375 0.0275 0.075
0 0.79125 0.43125 0.0275 0.0725
0 0.52 0.2975 0.03 0.08125
0 0.4825 0.2975 0.0325 0.07375
0 0.45 0.295 0.03125 0.07875
0 0.415 0.295 0.0375 0.07625
0 0.3775 0.2925 0.03375 0.08
0 0.34125 0.29 0.03625 0.0725
0 0.40875 0.66 0.03125 0.07375
0 0.30375 0.28625 0.03625 0.0775
0 0.44 0.65625 0.03 0.07625
0 0.50625 0.655 0.03125 0.07875
0 0.5275 0.545 0.03 0.0775
0 0.5575 0.54625 0.02875 0.08
0 0.58625 0.54625 0.02875 0.07875
0 0.6175 0.54625 0.02625 0.07625
0 0.64625 0.54625 0.03 0.07125
0 0.67625 0.5475 0.03 0.0725
0 0.70625 0.5475 0.0275 0.0725
0 0.73375 0.54625 0.025 0.07125
0 0.76125 0.5475 0.02625 0.0725
0 0.78875 0.5475 0.02625 0.07375
0 0.8175 0.5475 0.025 0.0725
0 0.84375 0.54625 0.02625 0.07125
0 0.86625 0.54625 0.01625 0.0725
0 0.85125 0.65125 0.02375 0.07125
0 0.825 0.65125 0.025 0.07125
0 0.7975 0.65125 0.02375 0.0725
0 0.77125 0.65 0.02875 0.075
0 0.74125 0.65125 0.02375 0.07125
0 0.715 0.65125 0.02875 0.07125
0 0.685 0.6525 0.02875 0.075
0 0.65625 0.65375 0.0275 0.07125
0 0.62875 0.65375 0.02625 0.075
0 0.59875 0.6525 0.03 0.075
0 0.56875 0.655 0.03 0.0775
0 0.53625 0.655 0.02875 0.0775
0 0.4725 0.65625 0.03125 0.07625
0 0.26625 0.285 0.035 0.0725
0 0.2275 0.28 0.0375 0.075
0 0.19375 0.27875 0.03125 0.07375
0 0.27375 0.55125 0.03125 0.075
0 0.3075 0.54875 0.03375 0.075
0 0.34125 0.55 0.03375 0.075
0 0.37375 0.5475 0.02875 0.07375
0 0.40375 0.54875 0.03125 0.07375
0 0.43625 0.55 0.03125 0.0775
0 0.37625 0.15 0.02625 0.09
0 0.41 0.15 0.02625 0.1025
0 0.43625 0.1525 0.025 0.1025
0 0.465 0.1575 0.02875 0.1025
0 0.49625 0.16 0.03 0.1
0 0.52375 0.16125 0.02375 0.09875
0 0.55 0.165 0.02 0.095
0 0.575 0.16875 0.025 0.1
0 0.60375 0.17125 0.025 0.10125
0 0.6275 0.17375 0.02375 0.095
0 0.6525 0.17625 0.025 0.09625
0 0.68125 0.18 0.02625 0.0925
0 0.70875 0.1825 0.0225 0.09375
0 0.23375 0.66625 0.03875 0.085
0 0.195 0.6675 0.03625 0.08375
0 0.15625 0.66875 0.03625 0.085
0 0.165 0.8025 0.03875 0.09
0 0.205 0.80625 0.035 0.07125
0 0.24125 0.805 0.035 0.075
0 0.23875 0.54875 0.035 0.08125
0 0.2 0.55 0.03625 0.08
0 0.1625 0.55 0.035 0.08125
0 0.16375 0.415 0.03625 0.07875
0 0.14875 0.28125 0.0475 0.0825
0 0.14375 0.13625 0.0375 0.075
0 0.18375 0.14125 0.03625 0.08
0 0.21875 0.13625 0.03 0.09375
0 0.25125 0.13875 0.02875 0.09375
0 0.28125 0.14375 0.0325 0.095
0 0.31375 0.145 0.02875 0.09125
0 0.345 0.14875 0.03 0.09375
0 0.7625 0.43125 0.02875 0.07375
0 0.73375 0.43 0.02625 0.07375
0 0.705 0.4275 0.02875 0.0775
0 0.6725 0.4275 0.02875 0.075
0 0.49625 0.54625 0.02875 0.075
0 0.64375 0.42625 0.02625 0.07625
0 0.58 0.425 0.0275 0.07875
0 0.55125 0.4225 0.03125 0.08
0 0.5175 0.42375 0.0275 0.0825
0 0.485 0.425 0.02875 0.0725
0 0.45375 0.42375 0.03125 0.075
0 0.41875 0.42375 0.03125 0.07375
0 0.385 0.4225 0.0325 0.0775
0 0.35 0.42125 0.0375 0.07625
0 0.3125 0.42125 0.035 0.0775
0 0.27625 0.4175 0.03375 0.0725
0 0.23875 0.41625 0.035 0.075
0 0.20125 0.415 0.03375 0.0775
0 0.61375 0.42625 0.03125 0.0775
0 0.8475 0.43375 0.02625 0.075
0 0.5525 0.3 0.02875 0.0775
0 0.585 0.3025 0.03125 0.08125