0 0.3375 0.82625 0.10125 0.025
0 0.44125 0.78625 0.09625 0.02375
0 0.4425 0.80875 0.0925 0.01875
0 0.44125 0.83125 0.0925 0.025
0 0.5425 0.1225 0.09125 0.0125
0 0.34 0.77875 0.0925 0.02375
0 0.7275 0.93875 0.085 0.01875
0 0.72875 0.91875 0.08375 0.0175
0 0.73125 0.9 0.08375 0.0175
0 0.73 0.88375 0.0875 0.0125
0 0.61625 0.935 0.0875 0.02125
0 0.62 0.91375 0.095 0.0225
0 0.62125 0.8875 0.09375 0.02625
0 0.3375 0.80125 0.09875 0.02
0 0.53875 0.7875 0.0875 0.02625
0 0.54 0.835 0.09625 0.02125
0 0.525 0.885 0.09625 0.0175
0 0.71625 0.71625 0.05875 0.0625
0 0.60625 0.68125 0.0825 0.01125
0 0.60875 0.69625 0.08375 0.0175
0 0.61 0.71625 0.08 0.01875
0 0.61 0.73625 0.0825 0.02
0 0.51875 0.73375 0.09125 0.0275
0 0.5175 0.70875 0.09 0.02125
0 0.5175 0.6825 0.08875 0.0225
0 0.42875 0.7325 0.08125 0.02
0 0.42625 0.7125 0.07875 0.0225
0 0.4275 0.6925 0.08125 0.015
0 0.5375 0.8125 0.08875 0.02125
0 0.42875 0.6775 0.0825 0.015
0 0.34375 0.70625 0.08125 0.02125
0 0.34625 0.68125 0.0775 0.02625
0 0.2625 0.7 0.08375 0.06625
0 0.725 0.84125 0.07 0.02
0 0.72625 0.82 0.0725 0.02
0 0.72625 0.8 0.0725 0.0175
0 0.7275 0.7825 0.075 0.01875
0 0.6275 0.84 0.07625 0.02
0 0.63 0.82 0.07875 0.02125
0 0.62875 0.7975 0.0825 0.0225
0 0.62875 0.78 0.0825 0.01125
0 0.34375 0.73 0.08125 0.025
0 0.52125 0.90875 0.09125 0.025
0 0.34125 0.90375 0.0975 0.02125
0 0.4325 0.9325 0.08 0.01875
0 0.235 0.09125 0.03 0.0775
0 0.27375 0.09125 0.045 0.07625
0 0.235 0.605 0.03 0.07125
0 0.35375 0.07875 0.08625 0.01875
0 0.35375 0.10125 0.09 0.02375
0 0.35375 0.125 0.08625 0.02
0 0.45 0.08125 0.08875 0.01875
0 0.44875 0.10125 0.0925 0.01875
0 0.44875 0.12375 0.09375 0.0225
0 0.545 0.07 0.09 0.015
0 0.545 0.08875 0.09 0.02
0 0.74125 0.19 0.0775 0.02125
0 0.7425 0.1675 0.075 0.01875
0 0.74375 0.1225 0.07 0.01875
0 0.74125 0.1025 0.0725 0.02
0 0.74125 0.08 0.0725 0.01875
0 0.6375 0.11875 0.0875 0.0175
0 0.6375 0.09875 0.095 0.0225
0 0.64125 0.08 0.0875 0.015
0 0.74125 0.20875 0.07125 0.0175
0 0.73875 0.23125 0.07625 0.01875
0 0.6425 0.1625 0.07875 0.02125
0 0.6425 0.185 0.07875 0.01875
0 0.4325 0.9125 0.08125 0.01375
0 0.4325 0.89375 0.08 0.0225
0 0.4325 0.875 0.08125 0.015
0 0.3375 0.92875 0.09125 0.025
0 0.54375 0.1075 0.09 0.01625
0 0.33875 0.88125 0.0975 0.02375
0 0.27875 0.91 0.02 0.0525
0 0.24625 0.91375 0.02625 0.035
0 0.22625 0.9075 0.015 0.0375
0 0.52125 0.93125 0.09125 0.0175
0 0.26 0.79 0.0175 0.04375
0 0.4625 0.185 0.08375 0.02125
0 0.46125 0.20875 0.08375 0.02375
0 0.46125 0.23125 0.085 0.01875
0 0.555 0.17125 0.08375 0.015
0 0.555 0.19 0.0825 0.01625
0 0.5575 0.21125 0.08375 0.02625
0 0.555 0.23125 0.07625 0.0175
0 0.64 0.22875 0.08625 0.0225
0 0.64125 0.2075 0.08 0.01375
0 0.465 0.16125 0.0875 0.0225
0 0.26875 0.60375 0.0325 0.075
0 0.71875 0.5 0.08125 0.02
0 0.4175 0.60625 0.08875 0.06875
0 0.72 0.44 0.085 0.01875
0 0.7225 0.41875 0.08875 0.015
0 0.72125 0.3975 0.0875 0.02375
0 0.6175 0.43875 0.0825 0.0175
0 0.61875 0.42 0.08375 0.02
0 0.62 0.39875 0.08125 0.0175
0 0.61875 0.3775 0.08375 0.0175
0 0.52875 0.43875 0.0875 0.02
0 0.53125 0.4175 0.08875 0.02
0 0.53125 0.395 0.085 0.01875
0 0.23375 0.305 0.0275 0.06875
0 0.42875 0.43375 0.095 0.02875
0 0.4325 0.38125 0.0975 0.0225
0 0.3375 0.38125 0.085 0.02375
0 0.33625 0.405 0.0825 0.02375
0 0.335 0.43 0.085 0.025
0 0.26875 0.40125 0.04 0.0825
0 0.7225 0.54125 0.07875 0.01875
0 0.7225 0.52125 0.07625 0.01875
0 0.71375 0.47625 0.07875 0.0225
0 0.61875 0.53875 0.0925 0.0225
0 0.62 0.515 0.095 0.02375
0 0.43 0.405 0.0975 0.02375
0 0.61625 0.4875 0.1 0.02625
0 0.2675 0.30375 0.0375 0.07
0 0.34 0.3025 0.10375 0.025
0 0.40375 0.19125 0.01875 0.0875
0 0.3825 0.1925 0.02 0.09
0 0.32625 0.6275 0.08 0.02125
0 0.31375 0.17375 0.07375 0.01875
0 0.3125 0.1925 0.07 0.0175
0 0.31125 0.21 0.07125 0.0175
0 0.31125 0.2275 0.0725 0.0175
0 0.26 0.19875 0.03 0.075
0 0.2325 0.1975 0.025 0.075
0 0.73875 0.33625 0.07875 0.01875
0 0.3375 0.275 0.1 0.02625
0 0.7375 0.31375 0.0775 0.0225
0 0.73875 0.27 0.07625 0.0225
0 0.6325 0.33625 0.08625 0.0225
0 0.63625 0.315 0.09125 0.01875
0 0.635 0.29625 0.08875 0.01625
0 0.63625 0.27375 0.0875 0.02375
0 0.4375 0.335 0.085 0.025
0 0.4375 0.3125 0.0875 0.02
0 0.43875 0.29 0.08875 0.02125
0 0.4375 0.2675 0.08875 0.02
0 0.33875 0.33 0.10625 0.03
0 0.73875 0.29 0.07625 0.01875
0 0.52 0.5375 0.0975 0.0225
0 0.36125 0.195 0.02 0.0825
0 0.51625 0.48625 0.095 0.025
0 0.51625 0.635 0.09625 0.0225
0 0.60375 0.58 0.08 0.01375
0 0.51625 0.60875 0.0925 0.02375
0 0.60625 0.5975 0.08125 0.015
0 0.605 0.61625 0.08125 0.01625
0 0.60375 0.63875 0.07625 0.02
0 0.69375 0.58 0.08375 0.01375
0 0.69375 0.6 0.08375 0.01875
0 0.69125 0.6225 0.0875 0.0175
0 0.52 0.5125 0.0975 0.0225
0 0.235 0.5025 0.03 0.0775
0 0.265 0.50375 0.0275 0.08
0 0.33 0.47375 0.0875 0.0175
0 0.32875 0.49375 0.08375 0.02125
0 0.33125 0.51625 0.085 0.01875
0 0.32875 0.53375 0.08 0.0175
0 0.42 0.535 0.09125 0.015
0 0.69375 0.645 0.08875 0.01625
0 0.42 0.515 0.09125 0.02125
0 0.42125 0.4925 0.0875 0.02