0 0.25875 0.1675 0.115 0.025
0 0.25875 0.19375 0.115 0.025
0 0.25625 0.2225 0.115 0.025
0 0.7375 0.81625 0.095 0.01875
0 0.3775 0.22625 0.115 0.025
0 0.7375 0.7925 0.095 0.02375
0 0.50125 0.23 0.11125 0.02625
0 0.82875 0.79625 0.0825 0.02125
0 0.38125 0.1975 0.115 0.025
0 0.7375 0.83875 0.0925 0.02
0 0.80875 0.93625 0.0925 0.015
0 0.82875 0.83875 0.0825 0.01875
0 0.33125 0.8925 0.095 0.0225
0 0.33 0.91375 0.09625 0.01875
0 0.32875 0.93625 0.095 0.02125
0 0.32875 0.96 0.09625 0.02125
0 0.2325 0.8925 0.095 0.025
0 0.23125 0.9175 0.09875 0.02125
0 0.42625 0.96125 0.09625 0.0175
0 0.23 0.94 0.09625 0.01875
0 0.155 0.89125 0.0525 0.02375
0 0.15375 0.915 0.05 0.02125
0 0.15375 0.93625 0.05 0.01875
0 0.15375 0.9575 0.05 0.02
0 0.64 0.83375 0.09625 0.02125
0 0.4175 0.485 0.105 0.0275
0 0.23 0.96 0.0975 0.01875
0 0.425 0.94125 0.095 0.0175
0 0.4275 0.9225 0.09375 0.0175
0 0.4275 0.9 0.09375 0.02375
0 0.81 0.8975 0.0975 0.02125
0 0.80875 0.9175 0.09375 0.015
0 0.80875 0.9525 0.09375 0.01375
0 0.7125 0.8975 0.09375 0.0175
0 0.7125 0.91875 0.09375 0.01875
0 0.7125 0.93625 0.095 0.01375
0 0.71375 0.95375 0.095 0.015
0 0.61625 0.8975 0.09375 0.02
0 0.61625 0.91875 0.09375 0.0175
0 0.615 0.9375 0.0925 0.0175
0 0.61625 0.955 0.095 0.015
0 0.5225 0.89875 0.09 0.02125
0 0.52125 0.92 0.09125 0.01875
0 0.52125 0.94 0.09125 0.01625
0 0.5225 0.9575 0.09 0.015
0 0.8275 0.8175 0.0825 0.02
0 0.64 0.8125 0.095 0.02
0 0.4175 0.51375 0.105 0.0275
0 0.54375 0.8225 0.08875 0.02125
0 0.295 0.61 0.11 0.02625
0 0.18125 0.63625 0.105 0.025
0 0.18375 0.60875 0.10875 0.02625
0 0.195 0.58125 0.1175 0.02375
0 0.8325 0.55 0.075 0.02375
0 0.5 0.42125 0.075 0.02125
0 0.49125 0.445 0.09 0.02125
0 0.4225 0.39 0.0775 0.01375
0 0.4075 0.4075 0.10625 0.01875
0 0.41 0.42625 0.0725 0.01375
0 0.395 0.445 0.09875 0.01875
0 0.295 0.43875 0.09625 0.02375
0 0.29375 0.6375 0.11125 0.025
0 0.29375 0.415 0.09875 0.02
0 0.35875 0.38875 0.0375 0.015
0 0.22375 0.42625 0.03375 0.06625
0 0.17125 0.43125 0.06875 0.0225
0 0.20125 0.50875 0.10625 0.02875
0 0.2 0.5375 0.105 0.02625
0 0.205 0.485 0.0975 0.015
0 0.31 0.51125 0.10625 0.025
0 0.30875 0.53875 0.105 0.02375
0 0.8325 0.52375 0.07375 0.02375
0 0.8325 0.495 0.07375 0.0275
0 0.73875 0.54875 0.1075 0.025
0 0.74 0.5225 0.1075 0.0225
0 0.29125 0.39 0.09375 0.02125
0 0.41 0.5825 0.11 0.02875
0 0.4075 0.61125 0.11125 0.02375
0 0.405 0.6375 0.10625 0.025
0 0.17125 0.3125 0.085 0.02875
0 0.2725 0.2825 0.11 0.025
0 0.27125 0.31125 0.10625 0.02875
0 0.3925 0.31125 0.10125 0.02125
0 0.3925 0.3375 0.10125 0.02125
0 0.50125 0.28375 0.10875 0.03
0 0.50125 0.3375 0.11 0.02375
0 0.64 0.78875 0.095 0.02375
0 0.50125 0.31125 0.11125 0.02375
0 0.61375 0.2875 0.11 0.0275
0 0.615 0.3175 0.1075 0.025
0 0.61375 0.3425 0.10875 0.0225
0 0.725 0.29125 0.10875 0.02625
0 0.725 0.3175 0.10875 0.02375
0 0.72375 0.34375 0.10875 0.0225
0 0.82625 0.32375 0.0875 0.02125
0 0.82625 0.30375 0.08875 0.01625
0 0.825 0.34625 0.08875 0.01875
0 0.82 0.39375 0.09875 0.02875
0 0.8175 0.4225 0.10375 0.02375
0 0.8175 0.4475 0.10375 0.02375
0 0.71 0.42 0.1075 0.025
0 0.71 0.44875 0.11 0.0275
0 0.605 0.41625 0.0975 0.0275
0 0.595 0.44375 0.11375 0.0225
0 0.51875 0.6125 0.1075 0.02625
0 0.52 0.585 0.10125 0.0275
0 0.74 0.495 0.1075 0.02625
0 0.6275 0.54375 0.105 0.02625
0 0.31125 0.48375 0.10625 0.02875
0 0.63125 0.49 0.105 0.02625
0 0.50625 0.69375 0.095 0.02
0 0.50625 0.715 0.0975 0.01875
0 0.50625 0.735 0.09625 0.01875
0 0.4025 0.675 0.095 0.01875
0 0.40375 0.695 0.095 0.0175
0 0.4025 0.715 0.09625 0.0175
0 0.4025 0.73375 0.0975 0.01875
0 0.63 0.5175 0.105 0.02375
0 0.30375 0.7 0.09875 0.01875
0 0.3175 0.7175 0.06875 0.0125
0 0.30375 0.735 0.09625 0.01875
0 0.2225 0.67875 0.0675 0.0125
0 0.20625 0.6975 0.09375 0.02
0 0.22 0.71625 0.07 0.01125
0 0.205 0.73375 0.095 0.02
0 0.26875 0.8125 0.09 0.01875
0 0.2675 0.83375 0.09125 0.01875
0 0.36 0.81125 0.08875 0.02125
0 0.36 0.8325 0.09 0.0175
0 0.175 0.79 0.0925 0.02125
0 0.175 0.81375 0.09125 0.02
0 0.175 0.835 0.08875 0.0175
0 0.45125 0.79 0.09 0.02125
0 0.4525 0.81125 0.09 0.0175
0 0.4525 0.83125 0.09 0.0175
0 0.54375 0.77875 0.08875 0.02625
0 0.54375 0.8025 0.0925 0.01875
0 0.61 0.74125 0.095 0.02
0 0.61 0.72 0.095 0.02
0 0.31875 0.68 0.07 0.01375
0 0.71 0.7425 0.09625 0.02375
0 0.5225 0.54125 0.105 0.02375
0 0.52375 0.515 0.105 0.025
0 0.41625 0.54 0.105 0.02375
0 0.60875 0.69625 0.0975 0.02375
0 0.1625 0.2175 0.06625 0.02875
0 0.8275 0.23875 0.08625 0.02125
0 0.82875 0.21 0.0825 0.0325
0 0.7275 0.23375 0.10875 0.025
0 0.61625 0.23375 0.11 0.02125
0 0.61 0.2075 0.105 0.02625
0 0.515 0.64125 0.10875 0.025
0 0.62875 0.58875 0.10875 0.03125
0 0.1675 0.28375 0.0775 0.0275
0 0.6275 0.645 0.11 0.02375
0 0.7425 0.59375 0.1125 0.025
0 0.7425 0.62125 0.11375 0.02625
0 0.74 0.6475 0.11125 0.02375
0 0.835 0.65125 0.07 0.02
0 0.835 0.605 0.06875 0.02125
0 0.835 0.6275 0.06875 0.02
0 0.81 0.69875 0.09875 0.02625
0 0.62875 0.61875 0.10625 0.025
0 0.81 0.72375 0.0975 0.01875
0 0.81125 0.745 0.0975 0.01875
0 0.70875 0.7175 0.09625 0.02375