0 0.79125 0.185 0.04125 0.0975
0 0.84375 0.18375 0.06125 0.1
0 0.8975 0.1825 0.04375 0.095
0 0.9525 0.18 0.0625 0.09625
0 0.255 0.45625 0.04 0.11
0 0.3925 0.46 0.04 0.11375
0 0.34875 0.4575 0.045 0.1125
0 0.30125 0.45625 0.04375 0.11
0 0.4375 0.45625 0.04875 0.105
0 0.72625 0.1775 0.08625 0.10125
0 0.19375 0.47 0.07625 0.07625
0 0.6525 0.70875 0.09125 0.0525
0 0.39625 0.325 0.05625 0.0875
0 0.45875 0.32875 0.065 0.09375
0 0.51625 0.3375 0.05 0.07125
0 0.57625 0.32875 0.06125 0.09
0 0.62875 0.325 0.045 0.09625
0 0.68 0.33375 0.04375 0.085
0 0.7275 0.3325 0.05 0.0875
0 0.78 0.3275 0.04875 0.09375
0 0.82375 0.3275 0.03625 0.0925
0 0.8675 0.33375 0.0325 0.07125
0 0.905 0.33375 0.04 0.0725
0 0.54625 0.70125 0.08125 0.03625
0 0.47 0.70875 0.05375 0.04125
0 0.45375 0.79375 0.03375 0.0775
0 0.77375 0.70875 0.0375 0.04125
0 0.8125 0.7075 0.03375 0.04375
0 0.84875 0.71 0.0375 0.04125
0 0.03 0.635 0.06 0.02125
0 0.11375 0.64125 0.1025 0.025
0 0.21125 0.63625 0.07375 0.02
0 0.29 0.64375 0.08125 0.02125
0 0.3875 0.645 0.105 0.02125
0 0.4925 0.64375 0.10125 0.025
0 0.67375 0.6375 0.07625 0.0275
0 0.755 0.64 0.08125 0.0375
0 0.83625 0.64125 0.08 0.035
0 0.73 0.71 0.05 0.04
0 0.41625 0.70625 0.05125 0.04875
0 0.36 0.70125 0.04625 0.0425
0 0.315 0.70125 0.04 0.04
0 0.48375 0.45625 0.04125 0.105
0 0.27 0.82625 0.04375 0.0175
0 0.6475 0.475 0.03125 0.0725
0 0.69125 0.46 0.05 0.1075
0 0.7525 0.46125 0.0475 0.10375
0 0.8175 0.45875 0.0775 0.11
0 0.31375 0.82625 0.04125 0.0175
0 0.0875 0.32125 0.075 0.0925
0 0.155 0.33375 0.0475 0.0725
0 0.21 0.3325 0.0575 0.0725
0 0.26625 0.33 0.05125 0.08125
0 0.3125 0.8075 0.04375 0.01875
0 0.31125 0.7875 0.04 0.01875
0 0.35875 0.82625 0.04375 0.01625
0 0.35625 0.80625 0.03875 0.02
0 0.3975 0.7875 0.01625 0.05625
0 0.4225 0.7925 0.02625 0.0725
0 0.83875 0.7975 0.035 0.08125
0 0.0175 0.69625 0.03375 0.045
0 0.33125 0.3375 0.06875 0.06
0 0.06125 0.68875 0.045 0.0225
0 0.06125 0.71375 0.045 0.025
0 0.115 0.69 0.05125 0.02
0 0.1175 0.71375 0.0525 0.0175
0 0.1825 0.6925 0.0525 0.02625
0 0.225 0.6925 0.03125 0.02875
0 0.27 0.7 0.04875 0.04125
0 0.025 0.56125 0.04625 0.0425
0 0.65 0.17875 0.05875 0.10625
0 0.07 0.5625 0.035 0.04625
0 0.165 0.56375 0.05 0.05625
0 0.11375 0.56125 0.05 0.055
0 0.76875 0.79625 0.0375 0.07875
0 0.805 0.7975 0.03125 0.08
0 0.11625 0.175 0.0575 0.09875
0 0.18 0.175 0.04875 0.09875
0 0.23625 0.17625 0.06375 0.09875
0 0.29875 0.1775 0.05625 0.095
0 0.36125 0.1775 0.0625 0.10375
0 0.42 0.1775 0.05375 0.1
0 0.4775 0.1775 0.05625 0.0975
0 0.53125 0.1775 0.05125 0.095
0 0.7025 0.79375 0.0325 0.07875
0 0.59 0.18 0.05875 0.10625
0 0.26875 0.785 0.03625 0.025
0 0.22875 0.8075 0.03125 0.045
0 0.1975 0.80625 0.025 0.05125
0 0.15875 0.815 0.0425 0.03375
0 0.11875 0.7775 0.0375 0.0325
0 0.11875 0.81375 0.03 0.03125
0 0.0775 0.7925 0.03375 0.0675
0 0.04375 0.79125 0.03125 0.075
0 0.01625 0.79375 0.02375 0.06875
0 0.89875 0.505 0.07 0.07125
0 0.92125 0.4125 0.07125 0.06875
0 0.2675 0.8075 0.03875 0.0175
0 0.67125 0.79375 0.03 0.08
0 0.73375 0.795 0.02875 0.08125
0 0.04 0.175 0.07 0.09875
0 0.2175 0.55375 0.05625 0.03125
0 0.22125 0.58 0.06125 0.02
0 0.27375 0.5675 0.045 0.0475
0 0.3275 0.57375 0.055 0.035
0 0.37625 0.565 0.04 0.05375
0 0.41125 0.57 0.025 0.04375
0 0.43625 0.57125 0.025 0.04125
0 0.475 0.58 0.05125 0.01875
0 0.475 0.56 0.05125 0.01875
0 0.525 0.5725 0.04375 0.04625
0 0.5725 0.56875 0.04875 0.05375
0 0.63375 0.79375 0.0425 0.08
0 0.66125 0.57625 0.02875 0.04375
0 0.6225 0.5775 0.0475 0.03875
0 0.74875 0.56875 0.0325 0.05875
0 0.5925 0.7825 0.03375 0.05875
0 0.55625 0.7925 0.0375 0.0825
0 0.52 0.7925 0.02875 0.08
0 0.71625 0.5725 0.03 0.05125
0 0.11125 0.4525 0.0575 0.1175
0 0.4875 0.79375 0.03375 0.0825
0 0.8875 0.57875 0.02875 0.04125
0 0.85875 0.5775 0.02875 0.04125
0 0.82125 0.56875 0.02875 0.06125
0 0.79 0.57375 0.035 0.0525
0 0.04375 0.45 0.07 0.1125
0 0.61125 0.465 0.03875 0.08625