0 0.6325 0.60875 0.02625 0.03375
0 0.66125 0.61125 0.02875 0.04
0 0.335 0.675 0.0175 0.035
0 0.68875 0.6125 0.025 0.03625
0 0.2375 0.67625 0.015 0.035
0 0.27125 0.675 0.015 0.03875
0 0.2875 0.6725 0.015 0.04125
0 0.30375 0.675 0.01625 0.04375
0 0.32 0.6775 0.01375 0.03875
0 0.605 0.61625 0.0275 0.0425
0 0.255 0.67625 0.01875 0.03875
0 0.5775 0.61625 0.025 0.0425
0 0.4575 0.61375 0.01875 0.0425
0 0.53 0.61125 0.01875 0.045
0 0.50625 0.61625 0.0225 0.04625
0 0.4825 0.605 0.02 0.0425
0 0.435 0.61125 0.02625 0.04875
0 0.40125 0.60875 0.03625 0.05125
0 0.36125 0.61 0.0375 0.05125
0 0.32125 0.6125 0.04 0.04875
0 0.285 0.61125 0.02625 0.04375
0 0.7 0.5225 0.02625 0.0775
0 0.645 0.52375 0.0275 0.07125
0 0.67375 0.52125 0.0275 0.075
0 0.35375 0.675 0.015 0.0375
0 0.55625 0.61625 0.02125 0.04375
0 0.37125 0.68 0.01375 0.035
0 0.3875 0.78875 0.0175 0.0875
0 0.40125 0.67375 0.015 0.03125
0 0.6075 0.525 0.03875 0.07125
0 0.4075 0.79625 0.02125 0.0875
0 0.365 0.79 0.02 0.10125
0 0.34625 0.785 0.01625 0.09
0 0.32625 0.78625 0.0225 0.085
0 0.30375 0.79 0.02 0.0925
0 0.28 0.7925 0.025 0.08875
0 0.2575 0.7925 0.0175 0.08875
0 0.235 0.795 0.02375 0.08125
0 0.69875 0.685 0.01625 0.0375
0 0.6775 0.68125 0.015 0.025
0 0.66125 0.67875 0.015 0.02875
0 0.645 0.6825 0.015 0.03125
0 0.6275 0.68375 0.0175 0.03125
0 0.61 0.68375 0.015 0.0325
0 0.59375 0.6825 0.0175 0.03375
0 0.57625 0.68 0.015 0.0275
0 0.56125 0.68 0.015 0.03
0 0.54375 0.68 0.0175 0.03125
0 0.52875 0.6775 0.0125 0.03875
0 0.5125 0.675 0.0175 0.03375
0 0.49625 0.68 0.01375 0.035
0 0.48 0.68 0.0175 0.0375
0 0.465 0.68 0.0125 0.03625
0 0.41625 0.675 0.01625 0.02875
0 0.385 0.67875 0.01375 0.03875
0 0.56625 0.525 0.04625 0.0725
0 0.275 0.15875 0.04 0.0725
0 0.47375 0.5275 0.03875 0.06125
0 0.50875 0.29625 0.0325 0.06625
0 0.44125 0.2975 0.03625 0.07
0 0.40375 0.29875 0.035 0.0675
0 0.275 0.28875 0.05875 0.08875
0 0.21875 0.295 0.05375 0.08
0 0.8625 0.14125 0.025 0.085
0 0.82375 0.14125 0.04125 0.095
0 0.77875 0.14125 0.04625 0.09375
0 0.73875 0.1625 0.03125 0.05
0 0.70375 0.16375 0.0325 0.05
0 0.6725 0.16375 0.03 0.0475
0 0.64125 0.16625 0.03125 0.04875
0 0.61125 0.165 0.02875 0.05
0 0.5775 0.1725 0.0275 0.03875
0 0.54875 0.1675 0.02875 0.04875
0 0.52 0.16875 0.02625 0.05125
0 0.49 0.1675 0.0325 0.0525
0 0.45875 0.1725 0.02875 0.04875
0 0.425 0.15625 0.03875 0.0775
0 0.38875 0.1575 0.03125 0.0775
0 0.35375 0.15875 0.03875 0.07625
0 0.31375 0.1575 0.03875 0.07375
0 0.43 0.79625 0.02125 0.08625
0 0.23875 0.16 0.03125 0.07625
0 0.20375 0.16125 0.03625 0.075
0 0.5425 0.295 0.03375 0.06875
0 0.5825 0.295 0.03625 0.07125
0 0.6175 0.2975 0.03375 0.07
0 0.65375 0.29625 0.03625 0.06875
0 0.4375 0.52375 0.02375 0.06625
0 0.41 0.525 0.03 0.06375
0 0.38125 0.525 0.02625 0.06
0 0.3525 0.5225 0.02875 0.06375
0 0.32625 0.5225 0.02375 0.06
0 0.30125 0.5225 0.02625 0.06
0 0.2725 0.5225 0.0275 0.06
0 0.235 0.515 0.0425 0.08375
0 0.32 0.40875 0.0225 0.0675
0 0.2925 0.41 0.03 0.06625
0 0.235 0.395 0.07 0.0925
0 0.3475 0.4075 0.03125 0.065
0 0.5175 0.52625 0.04625 0.0625
0 0.375 0.40875 0.025 0.06375
0 0.44375 0.4075 0.05625 0.0625
0 0.5025 0.40625 0.05375 0.06625
0 0.54875 0.40375 0.03625 0.0725
0 0.58875 0.40375 0.045 0.075
0 0.63625 0.405 0.04875 0.0725
0 0.6925 0.40125 0.05625 0.07625
0 0.755 0.3975 0.06875 0.08375
0 0.82375 0.3975 0.065 0.09
0 0.8275 0.285 0.03875 0.0725
0 0.7625 0.29125 0.035 0.0675
0 0.72375 0.295 0.03125 0.07
0 0.69 0.29375 0.03375 0.07125
0 0.4025 0.40625 0.02625 0.0675
0 0.4525 0.795 0.0225 0.1
0 0.44 0.66625 0.01125 0.0275
0 0.50625 0.81 0.0225 0.07125
0 0.6575 0.7975 0.03 0.10125
0 0.6975 0.79625 0.03375 0.11375
0 0.745 0.79875 0.04625 0.1175
0 0.61875 0.80125 0.03125 0.09375
0 0.8325 0.795 0.035 0.1275
0 0.72 0.63375 0.035 0.1075
0 0.7625 0.6375 0.0325 0.12
0 0.8025 0.6475 0.0375 0.11375
0 0.79 0.795 0.04375 0.1175
0 0.7875 0.5325 0.045 0.06125
0 0.83125 0.525 0.04125 0.0775
0 0.865 0.52125 0.01875 0.085
0 0.47625 0.8125 0.02375 0.06375
0 0.5825 0.7875 0.03 0.09125
0 0.555 0.79875 0.0175 0.0875
0 0.84 0.64875 0.04125 0.10875
0 0.52875 0.78 0.0275 0.0925