0 0.31875 0.3125 0.02625 0.0425
0 0.29375 0.56375 0.0225 0.045
0 0.26875 0.56375 0.02 0.04875
0 0.52125 0.57125 0.02375 0.05
0 0.49875 0.57125 0.01875 0.0475
0 0.475 0.5725 0.0225 0.04625
0 0.545 0.6175 0.025 0.03875
0 0.52 0.615 0.02625 0.03375
0 0.4925 0.615 0.02375 0.0325
0 0.425 0.36 0.0275 0.035
0 0.455 0.36 0.0275 0.035
0 0.50625 0.36 0.02625 0.035
0 0.3975 0.36375 0.025 0.04125
0 0.53375 0.36 0.025 0.03625
0 0.55875 0.35625 0.02625 0.03125
0 0.58625 0.3575 0.02625 0.035
0 0.61375 0.3575 0.0275 0.03625
0 0.64 0.355 0.025 0.03625
0 0.6675 0.35625 0.025 0.035
0 0.69375 0.355 0.02625 0.03625
0 0.72125 0.3525 0.0225 0.0375
0 0.7325 0.4375 0.0225 0.0375
0 0.48125 0.36 0.02375 0.03625
0 0.3725 0.36375 0.025 0.04
0 0.3175 0.365 0.02375 0.0425
0 0.7025 0.435 0.0275 0.03625
0 0.53375 0.30875 0.0275 0.045
0 0.5625 0.30625 0.0225 0.04
0 0.58875 0.30625 0.02875 0.03875
0 0.615 0.30625 0.02375 0.03625
0 0.64125 0.305 0.025 0.04
0 0.66875 0.3025 0.0275 0.03375
0 0.695 0.3 0.0225 0.03625
0 0.72375 0.29875 0.02875 0.03
0 0.7175 0.24875 0.0175 0.03875
0 0.69375 0.25 0.02875 0.0375
0 0.345 0.3625 0.0275 0.0375
0 0.3575 0.62125 0.02875 0.0325
0 0.61125 0.25375 0.02625 0.04375
0 0.58375 0.2575 0.0275 0.03875
0 0.38 0.2675 0.01375 0.025
0 0.35875 0.265 0.025 0.02
0 0.335 0.265 0.02 0.02
0 0.31 0.2625 0.02375 0.02
0 0.285 0.2625 0.02375 0.02
0 0.65875 0.1275 0.05875 0.095
0 0.265 0.3625 0.0275 0.03875
0 0.29375 0.3625 0.025 0.0375
0 0.6375 0.25 0.025 0.0375
0 0.67375 0.43875 0.0225 0.0375
0 0.6225 0.44125 0.02375 0.04125
0 0.50625 0.3075 0.02625 0.045
0 0.46125 0.49125 0.02625 0.03625
0 0.4875 0.49125 0.02125 0.03625
0 0.5125 0.49125 0.0275 0.03625
0 0.54 0.49125 0.025 0.035
0 0.56625 0.49125 0.02375 0.03375
0 0.4425 0.61125 0.0225 0.0375
0 0.46875 0.615 0.02375 0.0325
0 0.59 0.59 0.0225 0.02625
0 0.56625 0.59 0.02 0.0275
0 0.57 0.55 0.0175 0.03625
0 0.59375 0.5475 0.0225 0.03625
0 0.6175 0.54875 0.0225 0.035
0 0.64 0.55 0.02125 0.03375
0 0.6625 0.54875 0.02125 0.0375
0 0.595 0.49 0.02625 0.03375
0 0.6225 0.4875 0.02375 0.035
0 0.64875 0.4875 0.0225 0.03375
0 0.6775 0.48625 0.025 0.03
0 0.7025 0.485 0.02125 0.03
0 0.73 0.48375 0.02875 0.0325
0 0.6875 0.54875 0.02625 0.03625
0 0.435 0.4925 0.0225 0.0375
0 0.4075 0.49375 0.0225 0.04
0 0.3825 0.49625 0.02625 0.0425
0 0.355 0.49375 0.02375 0.03625
0 0.5975 0.44 0.025 0.0425
0 0.56875 0.4425 0.02625 0.04
0 0.54125 0.4425 0.02125 0.03625
0 0.515 0.445 0.02375 0.03875
0 0.59875 0.13 0.06125 0.09875
0 0.48875 0.4425 0.02375 0.04125
0 0.53875 0.13125 0.0575 0.09875
0 0.48 0.13625 0.05625 0.10875
0 0.42125 0.1375 0.0575 0.10875
0 0.36 0.13625 0.05875 0.105
0 0.64875 0.43875 0.025 0.03875
0 0.2975 0.13625 0.06375 0.105
0 0.435 0.44625 0.025 0.03875
0 0.40125 0.4425 0.01875 0.03375
0 0.3775 0.44375 0.025 0.03625
0 0.35375 0.44125 0.02125 0.03875
0 0.3325 0.44125 0.02 0.03875
0 0.31 0.44125 0.0225 0.03875
0 0.28625 0.44 0.025 0.035
0 0.2775 0.49125 0.02625 0.03625
0 0.30375 0.49125 0.02625 0.03625
0 0.33125 0.4925 0.02625 0.0375
0 0.46125 0.445 0.025 0.0425
0 0.48 0.305 0.02625 0.03875
0 0.665 0.25 0.0275 0.03875
0 0.4175 0.735 0.02375 0.04375
0 0.64875 0.66375 0.02625 0.03125
0 0.67375 0.6625 0.0225 0.0325
0 0.7 0.66375 0.0275 0.03625
0 0.705 0.61 0.02 0.04
0 0.6825 0.61 0.02375 0.04
0 0.655 0.61375 0.0275 0.0375
0 0.6325 0.59 0.01625 0.0275
0 0.61125 0.58875 0.02125 0.0275
0 0.62375 0.66375 0.0225 0.03375
0 0.38625 0.62125 0.02625 0.03375
0 0.62875 0.785 0.02375 0.0375
0 0.655 0.78375 0.0225 0.04125
0 0.68125 0.78375 0.025 0.04125
0 0.68 0.83625 0.0275 0.035
0 0.655 0.8375 0.02125 0.035
0 0.63 0.84 0.025 0.04
0 0.60375 0.84 0.02625 0.04
0 0.57375 0.83375 0.02375 0.03875
0 0.4175 0.61 0.02375 0.0375
0 0.55 0.83375 0.02375 0.0375
0 0.6 0.66625 0.02375 0.03125
0 0.5425 0.665 0.02625 0.0325
0 0.33125 0.62 0.0225 0.03625
0 0.3075 0.6175 0.02375 0.035
0 0.28125 0.61875 0.02625 0.035
0 0.25375 0.61875 0.025 0.0325
0 0.25875 0.66375 0.025 0.03
0 0.28375 0.66375 0.02125 0.03125
0 0.30875 0.66375 0.025 0.0325
0 0.335 0.66375 0.025 0.035
0 0.57125 0.665 0.0225 0.03125
0 0.36 0.66625 0.0225 0.0325
0 0.415 0.66625 0.0275 0.03375
0 0.44 0.66625 0.0225 0.03625
0 0.45375 0.305 0.02375 0.03625
0 0.425 0.30625 0.025 0.03625
0 0.3975 0.3075 0.0225 0.03625
0 0.465 0.66625 0.02625 0.03625
0 0.49 0.66375 0.0225 0.03625
0 0.515 0.665 0.0275 0.0325
0 0.385 0.66625 0.025 0.03125
0 0.525 0.8325 0.0225 0.03625
0 0.60375 0.785 0.02625 0.03625
0 0.47625 0.83625 0.0225 0.0375
0 0.29625 0.78875 0.02625 0.0325
0 0.2925 0.30875 0.0225 0.03875
0 0.39125 0.7375 0.02625 0.04
0 0.345 0.3075 0.0225 0.03875
0 0.34375 0.73875 0.02 0.04
0 0.3175 0.74 0.0275 0.04
0 0.3225 0.78875 0.02625 0.035
0 0.2925 0.73875 0.02375 0.04375
0 0.365 0.56625 0.02375 0.045
0 0.34 0.565 0.0225 0.04375
0 0.5 0.835 0.02125 0.03625
0 0.3175 0.56375 0.02 0.04625
0 0.265 0.30625 0.0275 0.0325
0 0.3725 0.30875 0.0275 0.0375
0 0.38875 0.56625 0.0225 0.04375
0 0.3475 0.7875 0.0225 0.035
0 0.3675 0.7375 0.0225 0.04125
0 0.39875 0.78625 0.0225 0.035
0 0.54625 0.78125 0.025 0.03875
0 0.3725 0.7875 0.02625 0.03625
0 0.52125 0.78125 0.02375 0.03875
0 0.57 0.78125 0.02125 0.03875
0 0.4975 0.78125 0.02 0.0375
0 0.4725 0.7825 0.025 0.0375
0 0.415 0.83 0.01875 0.03625
0 0.4475 0.7825 0.0225 0.03875
0 0.3925 0.83125 0.0225 0.0325
0 0.3675 0.83375 0.025 0.03375
0 0.34375 0.8325 0.0225 0.035
0 0.31875 0.83125 0.02375 0.0325
0 0.29375 0.83125 0.025 0.03375
0 0.42 0.785 0.02125 0.03625
0 0.45 0.835 0.0275 0.03875