0 0.33875 0.78125 0.0175 0.08625
0 0.57875 0.135 0.02 0.06625
0 0.64 0.11625 0.075 0.02
0 0.6375 0.14 0.07375 0.0225
0 0.6375 0.1675 0.07625 0.025
0 0.69 0.13625 0.01875 0.07625
0 0.7275 0.1325 0.03625 0.085
0 0.76375 0.135 0.03375 0.08375
0 0.25 0.27875 0.06 0.13
0 0.3225 0.20625 0.075 0.01875
0 0.32125 0.2275 0.0725 0.02
0 0.4025 0.24875 0.0775 0.0225
0 0.55625 0.13625 0.01875 0.05875
0 0.50625 0.2075 0.0775 0.02
0 0.72375 0.2275 0.06125 0.01625
0 0.7225 0.24375 0.06125 0.0125
0 0.68375 0.26 0.08875 0.01625
0 0.42125 0.31375 0.0825 0.01625
0 0.41625 0.34625 0.0825 0.01625
0 0.41875 0.32875 0.0825 0.0125
0 0.5075 0.3125 0.085 0.01875
0 0.50625 0.33125 0.0825 0.015
0 0.59375 0.31625 0.07875 0.01375
0 0.5925 0.335 0.0825 0.01625
0 0.67625 0.32 0.075 0.01
0 0.505 0.22875 0.075 0.02
0 0.53125 0.1325 0.01875 0.0675
0 0.51 0.13 0.02 0.065
0 0.49 0.12625 0.0175 0.07125
0 0.7275 0.79125 0.05 0.0975
0 0.665 0.78875 0.03625 0.09625
0 0.63125 0.78625 0.0225 0.075
0 0.60875 0.78625 0.01875 0.0725
0 0.585 0.795 0.0225 0.08375
0 0.56125 0.79 0.02 0.08375
0 0.54125 0.78 0.01625 0.08125
0 0.5225 0.7775 0.0175 0.08125
0 0.50375 0.7775 0.01875 0.085
0 0.4875 0.7775 0.01125 0.07875
0 0.47125 0.78375 0.0175 0.09
0 0.4525 0.775 0.0125 0.07625
0 0.435 0.77625 0.01625 0.08125
0 0.41625 0.775 0.01375 0.08125
0 0.39375 0.79125 0.02 0.0825
0 0.23125 0.13 0.0225 0.095
0 0.2625 0.12875 0.035 0.0975
0 0.29625 0.11 0.01875 0.09
0 0.31625 0.1075 0.02 0.095
0 0.335 0.10875 0.015 0.09125
0 0.35625 0.1125 0.0225 0.08375
0 0.3775 0.11875 0.0175 0.07125
0 0.42125 0.12625 0.0175 0.06625
0 0.44375 0.12625 0.01875 0.06625
0 0.46625 0.1275 0.02125 0.06625
0 0.68 0.335 0.0825 0.0175
0 0.23125 0.41 0.0225 0.085
0 0.4 0.12125 0.01875 0.06875
0 0.28875 0.415 0.01875 0.0825
0 0.50125 0.59375 0.07375 0.0175
0 0.58375 0.6 0.07625 0.03375
0 0.6525 0.595 0.04875 0.05375
0 0.2275 0.6825 0.015 0.09625
0 0.2475 0.685 0.02125 0.09375
0 0.26875 0.68375 0.01625 0.09375
0 0.28875 0.685 0.01875 0.09375
0 0.34875 0.64 0.06875 0.00875
0 0.34625 0.65375 0.06625 0.01
0 0.2625 0.41375 0.0325 0.07875
0 0.345 0.66625 0.06625 0.01125
0 0.41875 0.6475 0.0625 0.0125
0 0.41625 0.665 0.06 0.015
0 0.41625 0.6875 0.0625 0.01375
0 0.485 0.655 0.0625 0.015
0 0.48625 0.6725 0.0625 0.01375
0 0.4875 0.69375 0.06375 0.0175
0 0.5575 0.655 0.05625 0.02125
0 0.55875 0.675 0.0575 0.01625
0 0.65125 0.65875 0.06 0.01875
0 0.65375 0.69375 0.06375 0.02875
0 0.22375 0.79125 0.00875 0.08
0 0.2375 0.7925 0.015 0.0825
0 0.265 0.77375 0.0175 0.06625
0 0.29125 0.79125 0.01875 0.07875
0 0.5025 0.575 0.07625 0.0175
0 0.42 0.60375 0.07375 0.0225
0 0.31375 0.7875 0.02125 0.08625
0 0.42 0.56125 0.06625 0.01375
0 0.42125 0.48125 0.05625 0.0175
0 0.66125 0.395 0.07 0.0175
0 0.58375 0.43375 0.06375 0.0225
0 0.48375 0.40875 0.08 0.02375
0 0.48125 0.385 0.0775 0.0175
0 0.73625 0.4375 0.07 0.0175
0 0.25 0.56 0.0225 0.09375
0 0.37625 0.7875 0.01125 0.0875
0 0.35875 0.78375 0.01625 0.085
0 0.27625 0.5625 0.0225 0.0925
0 0.3375 0.4725 0.0525 0.015
0 0.3375 0.49625 0.055 0.02125
0 0.32875 0.4025 0.015 0.065
0 0.30875 0.40125 0.0175 0.06375
0 0.66 0.415 0.06875 0.02
0 0.66125 0.4375 0.07375 0.0175
0 0.58375 0.5075 0.06125 0.025
0 0.3375 0.595 0.0675 0.02875
0 0.725 0.51 0.0625 0.02
0 0.41875 0.58125 0.07125 0.01625
0 0.4175 0.505 0.06375 0.02125
0 0.50875 0.485 0.065 0.02125
0 0.51 0.50625 0.06125 0.0175
0 0.72625 0.48875 0.05875 0.01875
0 0.65125 0.48625 0.06 0.02
0 0.64875 0.5075 0.06125 0.01875