0 0.56625 0.27875 0.03875 0.06125
0 0.335 0.37375 0.04375 0.06125
0 0.27625 0.37125 0.03625 0.05625
0 0.26625 0.18625 0.05125 0.05125
0 0.6675 0.27875 0.03625 0.06625
0 0.3375 0.195 0.05 0.07
0 0.39875 0.1975 0.04 0.0675
0 0.44875 0.19625 0.04 0.06875
0 0.5025 0.19625 0.04625 0.06875
0 0.61125 0.20375 0.03625 0.0675
0 0.6675 0.195 0.0375 0.07125
0 0.61375 0.285 0.03875 0.06625
0 0.33125 0.285 0.0525 0.06875
0 0.405 0.2875 0.0425 0.07
0 0.46 0.295 0.0375 0.0675
0 0.5075 0.28125 0.0375 0.06875
0 0.1425 0.66125 0.035 0.0475
0 0.265 0.2825 0.035 0.06375
0 0.5675 0.67 0.04 0.04375
0 0.2925 0.6925 0.03 0.0075
0 0.60875 0.66875 0.04 0.04625
0 0.53 0.67 0.025 0.04625
0 0.64125 0.67 0.02125 0.05
0 0.67125 0.67125 0.03375 0.05125
0 0.4575 0.38 0.0425 0.0625
0 0.3975 0.3825 0.04375 0.06125
0 0.29 0.85375 0.04375 0.0525
0 0.49625 0.85625 0.03625 0.0525
0 0.34625 0.85625 0.0375 0.05
0 0.4975 0.67625 0.0325 0.03375
0 0.46375 0.675 0.03125 0.03875
0 0.43 0.685 0.0325 0.02
0 0.39375 0.685 0.02875 0.01625
0 0.35875 0.68875 0.03125 0.015
0 0.325 0.6925 0.0275 0.0075
0 0.325 0.68375 0.0275 0.0075
0 0.38625 0.86125 0.0375 0.045
0 0.4325 0.85625 0.04 0.05
0 0.2 0.75125 0.0425 0.05375
0 0.1375 0.895 0.025 0.015
0 0.72 0.715 0.03875 0.05875
0 0.7625 0.71625 0.03875 0.05625
0 0.8025 0.7125 0.03625 0.05625
0 0.84875 0.71125 0.04875 0.06
0 0.2925 0.6825 0.0325 0.0075
0 0.6825 0.75 0.01375 0.02
0 0.66625 0.74625 0.01625 0.03625
0 0.6225 0.75125 0.015 0.0175
0 0.64 0.75125 0.0125 0.01625
0 0.5925 0.7425 0.03125 0.04
0 0.55875 0.7475 0.03 0.03
0 0.52375 0.745 0.03 0.035
0 0.49375 0.745 0.0275 0.035
0 0.45875 0.75625 0.03125 0.01
0 0.4225 0.755 0.03 0.01
0 0.3875 0.75625 0.03125 0.00875
0 0.17 0.9 0.035 0.015
0 0.35125 0.75625 0.0325 0.00875
0 0.35125 0.7475 0.0325 0.0075
0 0.31875 0.75625 0.02875 0.01
0 0.285 0.75625 0.0325 0.01
0 0.66 0.61625 0.03875 0.02625
0 0.5875 0.61625 0.02875 0.03125
0 0.845 0.5975 0.035 0.0675
0 0.80375 0.5975 0.04125 0.06375
0 0.7625 0.59875 0.03875 0.065
0 0.7225 0.60125 0.03875 0.06125
0 0.1925 0.66875 0.0475 0.0575
0 0.1425 0.57875 0.03375 0.0625
0 0.18375 0.58375 0.0375 0.06375
0 0.14625 0.505 0.03875 0.055
0 0.18125 0.50375 0.0275 0.055
0 0.165 0.4175 0.04 0.06375
0 0.15875 0.32 0.04375 0.07
0 0.7375 0.11375 0.05125 0.075
0 0.79 0.11375 0.05 0.07375
0 0.8375 0.1125 0.0425 0.07125
0 0.73125 0.2425 0.04875 0.07125
0 0.55125 0.62625 0.03125 0.01
0 0.78125 0.2425 0.04375 0.07125
0 0.72625 0.34625 0.035 0.08125
0 0.76 0.345 0.02875 0.0825
0 0.79375 0.34375 0.035 0.08125
0 0.82875 0.34375 0.03125 0.08
0 0.85875 0.3425 0.02625 0.0775
0 0.72 0.47375 0.03375 0.08
0 0.755 0.47 0.03125 0.07625
0 0.7875 0.47 0.02875 0.0775
0 0.82 0.4725 0.03 0.075
0 0.8525 0.4725 0.0325 0.075
0 0.7475 0.5475 0.04125 0.02125
0 0.835 0.23625 0.04875 0.08125
0 0.49125 0.6275 0.02875 0.00875
0 0.3875 0.7475 0.0325 0.00875
0 0.6675 0.86 0.03375 0.0525
0 0.57 0.5625 0.0375 0.05875
0 0.52125 0.555 0.0375 0.065
0 0.475 0.5675 0.03625 0.05625
0 0.435 0.57375 0.0375 0.04875
0 0.45875 0.6275 0.03375 0.0125
0 0.345 0.55 0.045 0.0525
0 0.29375 0.55375 0.045 0.06
0 0.65875 0.47 0.0375 0.0525
0 0.60875 0.47375 0.0375 0.05375
0 0.565 0.4575 0.04 0.0525
0 0.51625 0.47125 0.03625 0.045
0 0.61375 0.555 0.03125 0.05875
0 0.47875 0.4625 0.03625 0.0525
0 0.39375 0.46125 0.04 0.0475
0 0.3475 0.46 0.04125 0.05
0 0.285 0.47 0.0425 0.05
0 0.66375 0.38125 0.0375 0.06125
0 0.61125 0.38125 0.03625 0.06375
0 0.565 0.37875 0.03875 0.06125
0 0.50375 0.3775 0.0375 0.06375
0 0.14875 0.75 0.045 0.0625
0 0.20125 0.82125 0.03375 0.07
0 0.1575 0.825 0.0275 0.0525
0 0.13375 0.8325 0.01625 0.04875
0 0.43375 0.46875 0.03375 0.05625
0 0.66875 0.56375 0.03875 0.0675
0 0.39 0.565 0.03875 0.05875
0 0.19625 0.89625 0.015 0.01875
0 0.86375 0.8475 0.02125 0.065
0 0.77375 0.86625 0.05375 0.035
0 0.715 0.8675 0.05375 0.0325
0 0.5375 0.86375 0.03625 0.045
0 0.2175 0.89375 0.015 0.01875
0 0.42375 0.63 0.03125 0.01
0 0.39375 0.62875 0.03 0.00875
0 0.3425 0.625 0.06 0.03125
0 0.59 0.85625 0.035 0.05125
0 0.82625 0.86375 0.04375 0.04375
0 0.295 0.63125 0.0325 0.01125
0 0.62875 0.85875 0.03375 0.0475