0 0.19 0.49375 0.0525 0.0475
0 0.185 0.44625 0.0425 0.04
0 0.18625 0.11125 0.08625 0.0475
0 0.29625 0.04 0.10125 0.05625
0 0.32 0.10875 0.05375 0.05125
0 0.36625 0.115 0.0375 0.04
0 0.43125 0.08625 0.08625 0.0225
0 0.42875 0.10875 0.08125 0.02
0 0.4275 0.1275 0.0775 0.01625
0 0.42125 0.0325 0.0725 0.04125
0 0.5825 0.2425 0.05 0.0625
0 0.255 0.4425 0.07625 0.04625
0 0.21375 0.03625 0.0575 0.02625
0 0.54625 0.325 0.0725 0.0575
0 0.53375 0.37875 0.0725 0.05
0 0.61 0.32125 0.05125 0.05375
0 0.5975 0.3775 0.05 0.04375
0 0.64875 0.37375 0.0475 0.04625
0 0.7075 0.3725 0.06375 0.05125
0 0.7 0.32 0.05375 0.04375
0 0.77625 0.33125 0.04375 0.04625
0 0.33125 0.49375 0.0575 0.04375
0 0.3225 0.4575 0.05375 0.02375
0 0.38625 0.49125 0.05 0.04625
0 0.44 0.48875 0.05125 0.05375
0 0.25625 0.49125 0.075 0.04625
0 0.42375 0.065 0.07125 0.01875
0 0.675 0.115 0.03375 0.0525
0 0.59125 0.045 0.05 0.06875
0 0.46 0.2075 0.04 0.0275
0 0.19 0.3225 0.05375 0.045
0 0.18625 0.37625 0.06125 0.05
0 0.2575 0.3225 0.0775 0.04625
0 0.2575 0.3725 0.07625 0.04875
0 0.35375 0.32 0.10375 0.0575
0 0.35125 0.37375 0.1075 0.04625
0 0.4525 0.32375 0.08125 0.0375
0 0.45125 0.3725 0.0875 0.055
0 0.4625 0.2475 0.05375 0.04625
0 0.52125 0.24875 0.0625 0.045
0 0.51875 0.2025 0.06625 0.04625
0 0.67125 0.24875 0.0275 0.0525
0 0.50375 0.1125 0.055 0.0525
0 0.58125 0.1975 0.05125 0.01875
0 0.7125 0.24875 0.05 0.0475
0 0.715 0.195 0.04125 0.05375
0 0.77 0.2475 0.05625 0.055
0 0.835 0.1825 0.0425 0.07625
0 0.785 0.1175 0.05875 0.055
0 0.7925 0.06 0.0675 0.06
0 0.7225 0.11625 0.0525 0.0525
0 0.7275 0.06125 0.05125 0.05125
0 0.7325 0.02125 0.05 0.0225
0 0.435 0.44125 0.0575 0.0425
0 0.67875 0.055 0.03375 0.06125
0 0.6375 0.1125 0.03 0.05625
0 0.59 0.10875 0.0525 0.05875
0 0.6725 0.1925 0.03875 0.0575
0 0.7575 0.4975 0.04 0.0425
0 0.64875 0.49875 0.05 0.04625
0 0.70625 0.495 0.0575 0.0475
0 0.39 0.825 0.05375 0.0525
0 0.33625 0.8225 0.055 0.05125
0 0.27 0.8175 0.07125 0.04125
0 0.18875 0.8275 0.0725 0.04
0 0.59875 0.83125 0.0675 0.03875
0 0.52875 0.83 0.07 0.03625
0 0.45625 0.82625 0.0725 0.0425
0 0.805 0.91875 0.03375 0.0375
0 0.80875 0.88375 0.03625 0.02625
0 0.8525 0.92125 0.045 0.035
0 0.85125 0.88625 0.0475 0.02875
0 0.7125 0.90625 0.0375 0.065
0 0.67375 0.8075 0.075 0.07625
0 0.62 0.925 0.06625 0.04625
0 0.27625 0.7775 0.06875 0.0225
0 0.56125 0.92625 0.0475 0.04375
0 0.43625 0.925 0.07 0.04125
0 0.36875 0.9125 0.06125 0.0225
0 0.29875 0.92125 0.0725 0.0375
0 0.21875 0.92125 0.0575 0.03125
0 0.16375 0.90375 0.0425 0.05875
0 0.40625 0.245 0.055 0.04875
0 0.315 0.25125 0.0625 0.03875
0 0.2625 0.21875 0.03375 0.0425
0 0.23125 0.18 0.0575 0.02125
0 0.21625 0.2125 0.0525 0.03875
0 0.21125 0.2525 0.03875 0.03375
0 0.2575 0.25875 0.04625 0.0225
0 0.26625 0.12375 0.05 0.02375
0 0.2675 0.08875 0.0475 0.04125
0 0.50375 0.9175 0.06125 0.05375
0 0.76125 0.45375 0.0425 0.04125
0 0.53125 0.78625 0.0725 0.03375
0 0.825 0.7875 0.04625 0.03625
0 0.70875 0.44625 0.06125 0.05
0 0.7675 0.3775 0.05125 0.045
0 0.64875 0.45125 0.0525 0.0475
0 0.59625 0.495 0.05125 0.05
0 0.59 0.4425 0.05 0.045
0 0.51625 0.495 0.09125 0.045
0 0.5125 0.445 0.09875 0.05375
0 0.85375 0.48125 0.04125 0.075
0 0.34125 0.62 0.1175 0.0225
0 0.46 0.60875 0.11375 0.03875
0 0.45875 0.56625 0.10625 0.045
0 0.215 0.58875 0.09375 0.06625
0 0.68125 0.5725 0.07375 0.03625
0 0.5825 0.61375 0.12375 0.0425
0 0.60125 0.78 0.06625 0.025
0 0.84625 0.605 0.055 0.05
0 0.8375 0.6775 0.065 0.03875
0 0.73 0.7025 0.06375 0.0575
0 0.67125 0.69 0.0475 0.06375
0 0.19625 0.68125 0.04625 0.04
0 0.1975 0.7225 0.045 0.03875
0 0.4 0.70625 0.05125 0.035
0 0.455 0.70125 0.055 0.0625
0 0.5125 0.7 0.0575 0.0625
0 0.60125 0.72 0.08375 0.045
0 0.3375 0.72 0.07 0.04125
0 0.8625 0.78625 0.025 0.03875
0 0.86 0.8275 0.03 0.03875
0 0.7325 0.80625 0.035 0.07875
0 0.81875 0.8275 0.04875 0.04
0 0.83625 0.72 0.06 0.04
0 0.46 0.18125 0.04375 0.0175
0 0.64125 0.24625 0.02875 0.0525