0 0.1525 0.66125 0.05375 0.04625
0 0.2975 0.62875 0.02875 0.03625
0 0.33375 0.60875 0.03125 0.03875
0 0.3975 0.5725 0.02625 0.03
0 0.42375 0.55625 0.0225 0.035
0 0.45 0.54125 0.02 0.03125
0 0.45 0.5775 0.02125 0.035
0 0.42625 0.595 0.02125 0.04
0 0.29375 0.585 0.03125 0.03625
0 0.37 0.6375 0.02625 0.0325
0 0.33875 0.655 0.02875 0.04375
0 0.36625 0.595 0.02625 0.04625
0 0.30375 0.6725 0.02875 0.0325
0 0.15 0.605 0.04875 0.04625
0 0.49375 0.40375 0.02125 0.035
0 0.46875 0.4125 0.02375 0.0375
0 0.1575 0.71125 0.05375 0.0425
0 0.3975 0.6125 0.0225 0.04375
0 0.19875 0.58125 0.0475 0.04
0 0.20625 0.63125 0.045 0.045
0 0.3275 0.56375 0.0325 0.035
0 0.36375 0.545 0.02625 0.04375
0 0.36125 0.50125 0.03125 0.03625
0 0.28625 0.5375 0.0375 0.04125
0 0.26125 0.69875 0.04375 0.04
0 0.2575 0.6525 0.04125 0.03625
0 0.25125 0.60625 0.0425 0.035
0 0.16375 0.76 0.055 0.03625
0 0.245 0.5625 0.04125 0.045
0 0.21125 0.68125 0.045 0.04125
0 0.3925 0.4875 0.025 0.0375
0 0.41875 0.475 0.025 0.03125
0 0.44625 0.465 0.02125 0.0325
0 0.44875 0.50375 0.02125 0.03625
0 0.42375 0.515 0.02625 0.0425
0 0.395 0.5325 0.02375 0.045
0 0.2175 0.73125 0.04375 0.03625
0 0.32625 0.51875 0.03375 0.04875
0 0.24 0.19875 0.0225 0.07625
0 0.1675 0.20625 0.0225 0.0825
0 0.43625 0.185 0.0175 0.06125
0 0.41 0.18875 0.01625 0.07
0 0.39375 0.18875 0.015 0.06625
0 0.39875 0.2925 0.015 0.0775
0 0.41375 0.2875 0.01 0.07375
0 0.425 0.28375 0.01 0.07625
0 0.4375 0.28125 0.0125 0.0775
0 0.4525 0.2775 0.01125 0.07
0 0.47125 0.45125 0.01875 0.0325
0 0.4925 0.44625 0.02 0.03625
0 0.47125 0.4875 0.0225 0.03
0 0.495 0.4825 0.02 0.03375
0 0.4975 0.51875 0.015 0.03
0 0.475 0.52375 0.02375 0.03125
0 0.475 0.5575 0.01875 0.03125
0 0.45625 0.1875 0.01625 0.0675
0 0.47375 0.18375 0.015 0.0625
0 0.48875 0.18625 0.01125 0.0575
0 0.49875 0.18125 0.0075 0.05875
0 0.50875 0.1825 0.00625 0.06
0 0.5175 0.18 0.0075 0.0575
0 0.53375 0.1775 0.00625 0.0575
0 0.54375 0.17625 0.0075 0.05875
0 0.55375 0.17625 0.0075 0.05875
0 0.15125 0.3625 0.03 0.11875
0 0.18 0.35625 0.0275 0.13
0 0.49625 0.5525 0.0175 0.0375
0 0.21125 0.3275 0.02 0.0975
0 0.2725 0.30875 0.02125 0.07875
0 0.29625 0.3075 0.02125 0.0875
0 0.31875 0.305 0.01625 0.08625
0 0.34 0.30125 0.015 0.085
0 0.355 0.3 0.01375 0.08125
0 0.3725 0.295 0.01375 0.085
0 0.385 0.29125 0.01 0.07875
0 0.23625 0.32625 0.02375 0.09875
0 0.1425 0.205 0.0225 0.0825
0 0.57 0.4675 0.01375 0.0375
0 0.53625 0.485 0.01625 0.03875
0 0.6475 0.255 0.01 0.02875
0 0.66 0.25625 0.0125 0.02875
0 0.3875 0.44625 0.0325 0.03625
0 0.41875 0.43375 0.02625 0.0475
0 0.445 0.42625 0.02125 0.0375
0 0.38 0.19 0.0125 0.06875
0 0.36125 0.19125 0.01875 0.06625
0 0.345 0.19375 0.01125 0.07
0 0.32875 0.1925 0.01875 0.07
0 0.3125 0.19625 0.01125 0.0725
0 0.29625 0.195 0.02 0.07125
0 0.2775 0.1975 0.015 0.075
0 0.2625 0.1975 0.01375 0.07375
0 0.21625 0.20125 0.01625 0.075
0 0.19375 0.20125 0.02625 0.0775
0 0.6375 0.2575 0.00875 0.03
0 0.62375 0.25875 0.01 0.02625
0 0.57875 0.27875 0.02875 0.025
0 0.585 0.24 0.01 0.03875
0 0.51625 0.4975 0.0175 0.0375
0 0.57125 0.5 0.0125 0.02375
0 0.555 0.51 0.0125 0.025
0 0.53875 0.52375 0.01375 0.02875
0 0.51875 0.535 0.02 0.03375
0 0.4775 0.295 0.03875 0.02625
0 0.4625 0.25875 0.0075 0.0425
0 0.55625 0.47625 0.015 0.0375
0 0.4725 0.2575 0.00625 0.045
0 0.4925 0.25625 0.00875 0.045
0 0.505 0.26375 0.00875 0.06
0 0.52125 0.2625 0.01625 0.06875
0 0.53625 0.2625 0.01125 0.07125
0 0.55 0.25875 0.01 0.0725
0 0.56125 0.2425 0.01 0.04125
0 0.57375 0.2425 0.01 0.04125
0 0.4825 0.2575 0.01 0.04375
0 0.52625 0.18 0.00625 0.0575