0 0.75125 0.675 0.0275 0.03125
0 0.77875 0.22375 0.0375 0.105
0 0.605 0.53875 0.03375 0.03
0 0.64125 0.54 0.03125 0.035
0 0.67875 0.54375 0.03375 0.03375
0 0.71625 0.51625 0.035 0.035
0 0.75625 0.52 0.0325 0.0375
0 0.71625 0.5525 0.03375 0.03
0 0.75375 0.5575 0.03375 0.03
0 0.25 0.56125 0.05875 0.03
0 0.25 0.5925 0.05125 0.02875
0 0.25 0.6225 0.04875 0.02875
0 0.30625 0.62875 0.05625 0.03
0 0.30875 0.5975 0.0575 0.03125
0 0.41625 0.64625 0.055 0.03625
0 0.465 0.59375 0.0275 0.03125
0 0.495 0.59875 0.02875 0.03125
0 0.4625 0.62625 0.02875 0.03
0 0.495 0.6325 0.03125 0.02625
0 0.4625 0.6575 0.0275 0.0275
0 0.49375 0.66125 0.03125 0.02875
0 0.605 0.58375 0.03875 0.03375
0 0.60375 0.6175 0.03375 0.0325
0 0.60375 0.64875 0.035 0.0275
0 0.64 0.6525 0.0325 0.035
0 0.6775 0.65875 0.035 0.03375
0 0.605 0.68125 0.03125 0.03125
0 0.56875 0.53375 0.03 0.02875
0 0.535 0.53125 0.03 0.0275
0 0.50125 0.52625 0.02875 0.03
0 0.60625 0.50375 0.0325 0.03125
0 0.74 0.225 0.03 0.1
0 0.7025 0.22625 0.03125 0.09875
0 0.6675 0.225 0.03 0.10125
0 0.6325 0.22625 0.0325 0.0975
0 0.5975 0.22625 0.02875 0.095
0 0.57 0.22875 0.02375 0.09625
0 0.7475 0.705 0.025 0.02625
0 0.755 0.64125 0.0275 0.03
0 0.75625 0.60625 0.03125 0.035
0 0.71625 0.6 0.0275 0.03125
0 0.71875 0.63375 0.03375 0.02625
0 0.71625 0.665 0.03375 0.0325
0 0.8175 0.22375 0.03375 0.105
0 0.71375 0.69875 0.035 0.03125
0 0.1925 0.49125 0.02 0.0675
0 0.21 0.4925 0.01375 0.07
0 0.245 0.46625 0.04625 0.03
0 0.29875 0.47125 0.0525 0.03125
0 0.35875 0.4775 0.055 0.0325
0 0.425 0.4825 0.07125 0.03375
0 0.245 0.49875 0.0475 0.03125
0 0.3 0.50375 0.055 0.03
0 0.3575 0.51 0.055 0.02875
0 0.425 0.5175 0.075 0.035
0 0.5375 0.4975 0.03125 0.0325
0 0.57 0.49875 0.02875 0.03375
0 0.1525 0.4875 0.02125 0.06375
0 0.67375 0.6925 0.03125 0.03
0 0.64 0.6875 0.0325 0.0325
0 0.6375 0.34125 0.02625 0.09375
0 0.20125 0.36375 0.02875 0.0225
0 0.1975 0.3875 0.0275 0.02125
0 0.22625 0.32625 0.01625 0.07875
0 0.24625 0.32875 0.02 0.0825
0 0.26875 0.3275 0.02125 0.0825
0 0.2925 0.32875 0.02 0.08125
0 0.31625 0.33 0.02 0.08375
0 0.20125 0.34 0.0325 0.02125
0 0.34125 0.33 0.0225 0.0825
0 0.41125 0.33375 0.02125 0.0875
0 0.4375 0.335 0.0275 0.0875
0 0.475 0.33625 0.025 0.085
0 0.50375 0.33625 0.02375 0.08625
0 0.53 0.3375 0.0225 0.09125
0 0.5625 0.33875 0.03125 0.09
0 0.60625 0.33875 0.0275 0.09375
0 0.385 0.33375 0.025 0.085
0 0.66875 0.34375 0.025 0.09875
0 0.19875 0.31125 0.0325 0.0275
0 0.57 0.6725 0.03 0.03375
0 0.13375 0.235 0.0175 0.07125
0 0.155 0.23375 0.02 0.0725
0 0.17875 0.2325 0.02375 0.07375
0 0.20375 0.23125 0.02 0.075
0 0.22625 0.22875 0.0225 0.08
0 0.25 0.22875 0.02125 0.08125
0 0.27625 0.23 0.02625 0.0825
0 0.1675 0.32125 0.015 0.07375
0 0.305 0.2275 0.0225 0.085
0 0.3575 0.23 0.02625 0.08625
0 0.3875 0.22875 0.02875 0.09
0 0.41 0.22875 0.01625 0.0875
0 0.4375 0.245 0.03625 0.05625
0 0.47375 0.2275 0.025 0.09375
0 0.505 0.2275 0.02625 0.09375
0 0.15 0.3225 0.01875 0.07
0 0.33 0.23 0.0225 0.08625
0 0.70125 0.34375 0.0275 0.09625
0 0.8575 0.22125 0.035 0.10625
0 0.76625 0.34375 0.03375 0.1
0 0.7225 0.44875 0.0175 0.06375
0 0.7025 0.44625 0.0175 0.065
0 0.68375 0.445 0.0175 0.06625
0 0.6675 0.44375 0.015 0.065
0 0.64875 0.44125 0.01625 0.06375
0 0.63 0.44125 0.015 0.0625
0 0.6125 0.44 0.0175 0.0625
0 0.595 0.43875 0.01375 0.06125
0 0.5775 0.4375 0.015 0.06125
0 0.56125 0.4375 0.0125 0.06
0 0.545 0.435 0.015 0.06
0 0.44875 0.4275 0.01 0.05875
0 0.46375 0.42875 0.0125 0.05875
0 0.47625 0.43 0.01125 0.06
0 0.4925 0.43125 0.015 0.05875
0 0.51125 0.4325 0.015 0.06
0 0.52625 0.43375 0.01625 0.05875
0 0.73125 0.34375 0.02375 0.1
0 0.7625 0.45125 0.015 0.0675
0 0.7425 0.45 0.01875 0.06625
0 0.41875 0.425 0.01 0.06
0 0.8025 0.34375 0.03 0.1
0 0.7825 0.45 0.0175 0.07
0 0.84875 0.37625 0.015 0.10875
0 0.83625 0.40875 0.01 0.10625
0 0.22875 0.4075 0.01875 0.065
0 0.43375 0.42625 0.015 0.05625
0 0.275 0.41125 0.0175 0.06375
0 0.29625 0.41125 0.01375 0.0675
0 0.25875 0.40875 0.0125 0.06125
0 0.32875 0.41875 0.01125 0.05625
0 0.34375 0.42 0.0125 0.0525
0 0.3575 0.42125 0.01 0.055
0 0.37 0.4225 0.0125 0.055
0 0.38375 0.42375 0.01125 0.0575
0 0.4025 0.42375 0.01625 0.05625
0 0.31375 0.4125 0.01375 0.0675