0 0.6625 0.26375 0.05625 0.115
0 0.555 0.525 0.0525 0.0825
0 0.50125 0.525 0.05125 0.085
0 0.44875 0.52625 0.05125 0.08625
0 0.23 0.53 0.045 0.07875
0 0.18 0.53 0.05625 0.085
0 0.13 0.53125 0.04375 0.0825
0 0.07875 0.53125 0.05875 0.08
0 0.02625 0.5325 0.04375 0.0825
0 0.96875 0.46375 0.06125 0.08625
0 0.90375 0.465 0.06875 0.08875
0 0.77875 0.42 0.06 0.08625
0 0.71875 0.41625 0.06125 0.09375
0 0.605 0.515 0.0475 0.06375
0 0.66375 0.41 0.0475 0.0825
0 0.55375 0.41375 0.055 0.08
0 0.49625 0.41625 0.05375 0.095
0 0.44375 0.4175 0.055 0.0875
0 0.3875 0.42125 0.06 0.08625
0 0.1725 0.43 0.07625 0.0925
0 0.11125 0.43 0.045 0.0925
0 0.055 0.43 0.06625 0.09375
0 0.31875 0.48125 0.07875 0.10375
0 0.95875 0.31125 0.055 0.1275
0 0.915 0.3075 0.03 0.1225
0 0.8725 0.3125 0.05375 0.1275
0 0.82625 0.30875 0.0375 0.11875
0 0.60875 0.4175 0.05375 0.09375
0 0.66 0.52125 0.05875 0.08
0 0.71625 0.52125 0.0525 0.08
0 0.7725 0.52125 0.06 0.07875
0 0.97375 0.71125 0.05125 0.08
0 0.9225 0.715 0.05125 0.08125
0 0.87125 0.7175 0.04875 0.0775
0 0.81875 0.7175 0.05625 0.07375
0 0.76625 0.63125 0.04125 0.0775
0 0.7675 0.72375 0.045 0.07625
0 0.715 0.64375 0.055 0.08875
0 0.7125 0.72625 0.06125 0.07125
0 0.605 0.64875 0.035 0.06375
0 0.66 0.7025 0.045 0.08125
0 0.61375 0.72125 0.04 0.07375
0 0.55125 0.69875 0.05125 0.11125
0 0.5025 0.62 0.04625 0.08375
0 0.5 0.705 0.03875 0.0775
0 0.45875 0.7175 0.04375 0.0625
0 0.45375 0.6475 0.04125 0.0775
0 0.39875 0.7 0.06 0.11375
0 0.35125 0.695 0.04125 0.1075
0 0.30875 0.70875 0.045 0.08625
0 0.26875 0.70875 0.03625 0.08625
0 0.21875 0.625 0.055 0.0925
0 0.15875 0.63125 0.05125 0.08875
0 0.225 0.7125 0.04625 0.0825
0 0.1775 0.71625 0.0475 0.0775
0 0.13 0.72625 0.0475 0.08875
0 0.0775 0.71375 0.05625 0.10625
0 0.03375 0.62375 0.05875 0.0675
0 0.95375 0.175 0.05375 0.095
0 0.905 0.17375 0.04375 0.0975
0 0.83875 0.4675 0.0575 0.08875
0 0.78375 0.255 0.0475 0.1275
0 0.8525 0.175 0.0575 0.09875
0 0.03375 0.16625 0.0475 0.04125
0 0.08 0.16625 0.0425 0.04125
0 0.125 0.16625 0.04625 0.04125
0 0.1725 0.16375 0.04875 0.04625
0 0.225 0.1625 0.05375 0.0425
0 0.3075 0.1625 0.0475 0.04125
0 0.35375 0.1625 0.04375 0.03875
0 0.44375 0.16125 0.04375 0.04
0 0.48875 0.15875 0.045 0.04
0 0.5375 0.15625 0.05 0.04375
0 0.6 0.1525 0.05125 0.05375
0 0.675 0.15 0.05375 0.05
0 0.7525 0.14875 0.0525 0.0475
0 0.39875 0.1625 0.045 0.0375
0 0.03625 0.27375 0.06125 0.115
0 0.7225 0.26375 0.06375 0.11625
0 0.8 0.15125 0.03875 0.04625
0 0.605 0.265 0.0575 0.11875
0 0.5475 0.26625 0.05625 0.115
0 0.48625 0.2675 0.06625 0.1175
0 0.42375 0.2675 0.0575 0.11875
0 0.3125 0.2675 0.05 0.11125
0 0.36875 0.26625 0.0525 0.11625
0 0.25125 0.3275 0.055 0.05625
0 0.195 0.2675 0.05375 0.11125
0 0.14125 0.2725 0.05375 0.1175
0 0.09 0.27375 0.045 0.11625
0 0.275 0.39375 0.0675 0.06625