0 0.6375 0.88375 0.0225 0.04
0 0.6125 0.88375 0.0225 0.0425
0 0.58875 0.88375 0.02 0.04125
0 0.56125 0.8825 0.025 0.04
0 0.61 0.8375 0.0225 0.04375
0 0.63375 0.83625 0.02125 0.0475
0 0.5825 0.83625 0.025 0.045
0 0.55625 0.8375 0.0225 0.04625
0 0.66375 0.8325 0.0225 0.04625
0 0.5325 0.8375 0.02125 0.0475
0 0.535 0.885 0.02 0.03625
0 0.68875 0.83375 0.025 0.04375
0 0.77125 0.88 0.02 0.0375
0 0.74125 0.835 0.025 0.04125
0 0.76875 0.835 0.01875 0.04375
0 0.6675 0.87875 0.0225 0.04375
0 0.69375 0.87875 0.02375 0.0375
0 0.72 0.88 0.02 0.03375
0 0.74625 0.8825 0.02375 0.04
0 0.8025 0.86 0.03125 0.05125
0 0.835 0.86125 0.0275 0.04875
0 0.86375 0.86 0.02 0.05125
0 0.42 0.795 0.015 0.0275
0 0.44125 0.79625 0.01875 0.02375
0 0.49875 0.875 0.02 0.0425
0 0.71625 0.8325 0.02125 0.04375
0 0.47375 0.875 0.0275 0.0425
0 0.38375 0.6525 0.01625 0.0125
0 0.3575 0.61875 0.01375 0.0175
0 0.465 0.3825 0.02125 0.04625
0 0.4925 0.37 0.0325 0.06875
0 0.53125 0.37125 0.03625 0.0675
0 0.57 0.365 0.035 0.0875
0 0.605 0.3475 0.03125 0.11875
0 0.62875 0.355 0.01 0.09375
0 0.6375 0.3575 0.0075 0.0975
0 0.6475 0.355 0.01125 0.1
0 0.66375 0.35 0.01125 0.105
0 0.67875 0.34875 0.01 0.105
0 0.695 0.35125 0.01375 0.10125
0 0.73 0.35875 0.0475 0.095
0 0.7775 0.3725 0.04125 0.065
0 0.81875 0.3775 0.03625 0.0575
0 0.8575 0.38125 0.035 0.05375
0 0.145 0.46 0.0325 0.03375
0 0.1425 0.5025 0.0325 0.0375
0 0.18875 0.49625 0.02625 0.05375
0 0.2225 0.5125 0.03125 0.04
0 0.2625 0.48 0.03 0.03125
0 0.26 0.51375 0.04 0.03125
0 0.43625 0.36125 0.035 0.0825
0 0.395 0.3625 0.035 0.09875
0 0.36125 0.3875 0.02875 0.0475
0 0.3 0.36875 0.08 0.085
0 0.55875 0.5825 0.015 0.02875
0 0.54125 0.585 0.0125 0.02375
0 0.46 0.65375 0.01625 0.01875
0 0.51125 0.6375 0.04375 0.035
0 0.44 0.6525 0.01875 0.0125
0 0.79125 0.17375 0.03375 0.15625
0 0.82375 0.2 0.02 0.09875
0 0.43875 0.6375 0.01625 0.01
0 0.44125 0.6225 0.015 0.015
0 0.3625 0.635 0.015 0.00875
0 0.305 0.47 0.0325 0.035
0 0.3625 0.65 0.01125 0.015
0 0.33 0.6525 0.0175 0.01625
0 0.32625 0.635 0.015 0.01375
0 0.3425 0.61875 0.01 0.01625
0 0.32625 0.6175 0.015 0.01625
0 0.155 0.36 0.0425 0.035
0 0.20125 0.36 0.0425 0.03375
0 0.24125 0.3575 0.03375 0.03375
0 0.1575 0.395 0.03875 0.03125
0 0.19875 0.395 0.03625 0.03
0 0.24 0.39625 0.0375 0.03125
0 0.3475 0.6525 0.015 0.01875
0 0.575 0.58125 0.01625 0.0275
0 0.30125 0.51 0.03375 0.035
0 0.34875 0.48875 0.01375 0.01625
0 0.1975 0.62625 0.015 0.01375
0 0.20125 0.645 0.01125 0.0125
0 0.26625 0.6425 0.0175 0.02875
0 0.285 0.6425 0.01875 0.03125
0 0.305 0.64375 0.01625 0.035
0 0.3275 0.58 0.01625 0.01875
0 0.3475 0.57875 0.015 0.0175
0 0.36625 0.5775 0.01375 0.02
0 0.32625 0.6 0.01625 0.01875
0 0.34625 0.59875 0.01375 0.0125
0 0.365 0.59625 0.01375 0.01625
0 0.3825 0.59875 0.01875 0.02375
0 0.4025 0.60125 0.01375 0.02375
0 0.41875 0.60125 0.015 0.02375
0 0.43875 0.60125 0.015 0.02375
0 0.455 0.6 0.01375 0.025
0 0.47375 0.59875 0.0175 0.02875
0 0.38375 0.6225 0.015 0.0175
0 0.40125 0.62125 0.0125 0.01375
0 0.41875 0.62375 0.01625 0.01625
0 0.38125 0.6375 0.015 0.0125
0 0.18375 0.6425 0.01125 0.0175
0 0.17 0.64375 0.01125 0.01375
0 0.16625 0.6275 0.0125 0.01375
0 0.195 0.6075 0.01875 0.015
0 0.36875 0.48625 0.01625 0.01875
0 0.33 0.50875 0.01375 0.01375
0 0.3675 0.50625 0.01625 0.015
0 0.33125 0.52375 0.015 0.01125
0 0.35 0.5225 0.01375 0.01125
0 0.36625 0.5225 0.015 0.01125
0 0.39375 0.50125 0.03125 0.0575
0 0.43125 0.48875 0.03375 0.08125
0 0.46125 0.50375 0.0225 0.04875
0 0.4875 0.49125 0.02375 0.07375
0 0.33125 0.48875 0.01375 0.0225
0 0.52 0.48875 0.035 0.08625
0 0.59125 0.50375 0.02875 0.0575
0 0.62125 0.505 0.02625 0.05375
0 0.65 0.49625 0.02875 0.0725
0 0.68375 0.495 0.0325 0.075
0 0.7325 0.49875 0.05875 0.06625
0 0.78125 0.48625 0.03125 0.07375
0 0.82125 0.495 0.0375 0.07375
0 0.86 0.485 0.03125 0.0825
0 0.16125 0.60875 0.01375 0.015
0 0.1775 0.60875 0.0125 0.01625
0 0.5575 0.4875 0.03 0.08625
0 0.545 0.61875 0.015 0.015
0 0.56375 0.61875 0.015 0.015
0 0.58 0.62 0.01375 0.02
0 0.2 0.85625 0.0125 0.01375
0 0.135 0.87 0.0125 0.01375
0 0.1325 0.855 0.0125 0.01375
0 0.13125 0.84 0.0125 0.015
0 0.195 0.82625 0.01625 0.01875
0 0.17625 0.82625 0.0175 0.01625
0 0.16 0.82625 0.01625 0.015
0 0.14375 0.825 0.0125 0.015
0 0.855 0.73 0.025 0.0575
0 0.825 0.73125 0.025 0.0575
0 0.79375 0.7325 0.02375 0.055
0 0.7325 0.72375 0.03 0.06375
0 0.69625 0.72125 0.025 0.0575
0 0.66875 0.72 0.0275 0.05875
0 0.64125 0.72125 0.02625 0.05875
0 0.61375 0.72125 0.02125 0.06
0 0.585 0.73375 0.0275 0.05375
0 0.555 0.73625 0.02 0.05125
0 0.52375 0.73625 0.02875 0.04625
0 0.49125 0.72125 0.0275 0.0575
0 0.46375 0.7225 0.0225 0.0575
0 0.155 0.8825 0.015 0.0175
0 0.1725 0.88375 0.01125 0.015
0 0.1875 0.88375 0.015 0.01375
0 0.20375 0.885 0.015 0.0125
0 0.44125 0.84375 0.02 0.0325
0 0.42125 0.84125 0.0175 0.035
0 0.3825 0.87875 0.0175 0.0325
0 0.36375 0.8775 0.01875 0.03875
0 0.3875 0.84 0.01875 0.02625
0 0.36625 0.83625 0.015 0.0325
0 0.34 0.87375 0.0175 0.03875
0 0.32125 0.87125 0.01375 0.04375
0 0.34875 0.815 0.01875 0.0525
0 0.3275 0.81375 0.01875 0.0525
0 0.405 0.74625 0.02375 0.025
0 0.2975 0.87875 0.01875 0.0125
0 0.26375 0.88 0.01125 0.01125
0 0.29625 0.865 0.0175 0.01
0 0.27875 0.86625 0.01625 0.00875
0 0.2625 0.86625 0.01375 0.01375
0 0.29625 0.85125 0.02 0.01125
0 0.2775 0.8525 0.01375 0.01125
0 0.26 0.85125 0.015 0.0125
0 0.25375 0.8275 0.08625 0.03
0 0.1375 0.88625 0.015 0.015
0 0.20125 0.87 0.015 0.01125
0 0.27875 0.87875 0.01125 0.01125
0 0.38 0.7475 0.025 0.025
0 0.40375 0.71875 0.01875 0.02875
0 0.37875 0.71875 0.02625 0.0275
0 0.215 0.215 0.035 0.08375
0 0.25 0.21875 0.03125 0.08
0 0.3125 0.21125 0.09 0.09625
0 0.405 0.20875 0.08625 0.10125
0 0.4725 0.18375 0.03875 0.04625
0 0.4725 0.23 0.0375 0.045
0 0.5175 0.23375 0.04125 0.0475
0 0.555 0.1825 0.04 0.045
0 0.55625 0.23 0.03375 0.04625
0 0.5925 0.23375 0.03125 0.03625
0 0.17875 0.2175 0.03625 0.07875
0 0.59 0.195 0.02625 0.03125
0 0.6325 0.21625 0.03125 0.07625
0 0.665 0.225 0.02 0.04375
0 0.6825 0.22625 0.01375 0.04375
0 0.7 0.2275 0.02 0.0425
0 0.74125 0.175 0.0475 0.155
0 0.61125 0.595 0.04 0.045
0 0.58375 0.65375 0.01375 0.0125
0 0.5675 0.6525 0.015 0.015
0 0.5475 0.65625 0.01625 0.015
0 0.54375 0.63875 0.015 0.01375
0 0.58875 0.16125 0.025 0.02875
0 0.4375 0.88125 0.02125 0.035
0 0.1425 0.18875 0.0325 0.1375
0 0.6775 0.625 0.08125 0.06875
0 0.34625 0.75 0.0225 0.02625
0 0.32375 0.7475 0.0225 0.02625
0 0.3475 0.72125 0.0225 0.02625
0 0.32125 0.72 0.0225 0.02625
0 0.2925 0.7475 0.02125 0.015
0 0.26875 0.74625 0.02 0.02
0 0.245 0.7475 0.0225 0.0175
0 0.29125 0.72375 0.02 0.02875
0 0.265 0.7225 0.02375 0.025
0 0.2375 0.72375 0.02375 0.0225
0 0.615 0.64125 0.0375 0.03625
0 0.21625 0.74875 0.02875 0.02125
0 0.16125 0.7475 0.025 0.01875
0 0.20875 0.72375 0.02375 0.0225
0 0.18375 0.72375 0.02125 0.02125
0 0.16125 0.7225 0.0225 0.0225
0 0.85375 0.62375 0.025 0.0725
0 0.82375 0.625 0.02875 0.07
0 0.79625 0.635 0.01875 0.0475
0 0.76625 0.61875 0.03375 0.0825
0 0.735 0.635 0.03 0.04875
0 0.68 0.5775 0.0825 0.02125
0 0.18875 0.7475 0.0225 0.02
0 0.41625 0.88 0.02 0.03625
0 0.76375 0.7275 0.02875 0.05375