0 0.45125 0.8025 0.02625 0.0475
0 0.42625 0.78125 0.01375 0.06375
0 0.4025 0.78375 0.0225 0.06875
0 0.38125 0.7825 0.0175 0.07125
0 0.35875 0.78375 0.025 0.07
0 0.33375 0.7725 0.01625 0.06875
0 0.305 0.275 0.0125 0.04875
0 0.28875 0.27375 0.01625 0.04875
0 0.77625 0.17125 0.00875 0.02875
0 0.7625 0.17125 0.01375 0.03125
0 0.7025 0.6125 0.04625 0.06125
0 0.65125 0.6125 0.04625 0.055
0 0.60625 0.6125 0.0375 0.055
0 0.4825 0.7725 0.03125 0.04125
0 0.5675 0.61625 0.035 0.045
0 0.3025 0.7825 0.0275 0.0675
0 0.46875 0.185 0.015 0.04625
0 0.745 0.17125 0.01625 0.035
0 0.76875 0.82375 0.02 0.04625
0 0.39625 0.15875 0.01875 0.0125
0 0.37875 0.1925 0.0125 0.04375
0 0.3625 0.19375 0.015 0.04375
0 0.3475 0.19375 0.01125 0.04375
0 0.3325 0.195 0.01375 0.04375
0 0.315 0.2025 0.0125 0.03125
0 0.315 0.16875 0.01375 0.03
0 0.2975 0.1975 0.015 0.04625
0 0.28 0.19375 0.015 0.04875
0 0.26125 0.19375 0.015 0.05625
0 0.745 0.8 0.01875 0.07
0 0.23375 0.17375 0.03 0.045
0 0.68625 0.53 0.04375 0.015
0 0.685 0.55125 0.045 0.025
0 0.72125 0.54375 0.02 0.03625
0 0.74875 0.52875 0.0325 0.0425
0 0.25125 0.66125 0.0575 0.07875
0 0.4425 0.61375 0.04125 0.04125
0 0.39875 0.6125 0.04375 0.04375
0 0.35375 0.6125 0.0425 0.0375
0 0.31375 0.6125 0.03 0.04
0 0.75 0.62375 0.04 0.0275
0 0.52875 0.61625 0.0325 0.04375
0 0.315 0.1325 0.01625 0.03
0 0.7225 0.815 0.02125 0.06
0 0.6975 0.81375 0.02375 0.05875
0 0.69875 0.76125 0.02625 0.045
0 0.7075 0.18 0.04125 0.02625
0 0.66 0.1825 0.04375 0.0275
0 0.615 0.185 0.04375 0.025
0 0.71125 0.14875 0.04875 0.0275
0 0.66125 0.15125 0.045 0.02875
0 0.61625 0.155 0.04 0.02875
0 0.5725 0.19 0.03375 0.02875
0 0.57625 0.15625 0.0375 0.03125
0 0.53625 0.1925 0.03625 0.0275
0 0.5125 0.79875 0.02375 0.0625
0 0.53625 0.8 0.02 0.06625
0 0.55875 0.80375 0.01875 0.0575
0 0.53625 0.16 0.035 0.03125
0 0.53625 0.12625 0.03625 0.03125
0 0.4975 0.1925 0.0375 0.02625
0 0.4975 0.1675 0.035 0.02125
0 0.44875 0.18625 0.01875 0.04625
0 0.5825 0.805 0.0225 0.06
0 0.43 0.19 0.015 0.04625
0 0.41125 0.19 0.01625 0.045
0 0.39375 0.19 0.015 0.045
0 0.41625 0.15875 0.01625 0.0125
0 0.61 0.7975 0.02375 0.075
0 0.6425 0.81375 0.03125 0.05125
0 0.67125 0.8125 0.02 0.06
0 0.48375 0.81375 0.03125 0.0375
0 0.33375 0.28375 0.03875 0.025
0 0.40625 0.2825 0.0325 0.02375
0 0.4425 0.26125 0.03125 0.0175
0 0.3625 0.48875 0.02875 0.02375
0 0.3325 0.48875 0.0275 0.02125
0 0.3025 0.48875 0.02875 0.0225
0 0.39375 0.49 0.0275 0.025
0 0.36375 0.4625 0.03125 0.0275
0 0.33125 0.46375 0.0275 0.025
0 0.29875 0.4625 0.03 0.02625
0 0.7625 0.69375 0.0325 0.06875
0 0.7025 0.7075 0.04625 0.03125
0 0.65375 0.7075 0.0425 0.02875
0 0.62 0.695 0.02 0.05125
0 0.59875 0.69375 0.02 0.0525
0 0.42375 0.485 0.02875 0.03375
0 0.57625 0.6925 0.0175 0.0525
0 0.535 0.69125 0.01875 0.0475
0 0.51375 0.68875 0.0175 0.05125
0 0.49375 0.68875 0.01875 0.0525
0 0.4725 0.6875 0.0175 0.05125
0 0.4525 0.6875 0.02 0.05
0 0.4325 0.68625 0.01625 0.05125
0 0.415 0.6825 0.01375 0.0525
0 0.395 0.68 0.02 0.05375
0 0.375 0.68125 0.01625 0.0525
0 0.35625 0.67875 0.01625 0.05375
0 0.33625 0.6775 0.01625 0.05375
0 0.31625 0.6775 0.01875 0.0525
0 0.555 0.69 0.01875 0.05125
0 0.45 0.4725 0.02125 0.05625
0 0.47125 0.47375 0.02 0.055
0 0.49375 0.47625 0.01875 0.05375
0 0.64 0.54875 0.0425 0.0225
0 0.64125 0.52875 0.0425 0.015
0 0.59625 0.54875 0.04 0.0225
0 0.59625 0.52875 0.0425 0.0125
0 0.55375 0.54875 0.04375 0.0225
0 0.5525 0.52875 0.04 0.0125
0 0.51 0.545 0.0375 0.035
0 0.46875 0.54625 0.04 0.0375
0 0.4275 0.5425 0.035 0.0325
0 0.3875 0.54375 0.03875 0.02875
0 0.35 0.54 0.035 0.0325
0 0.31125 0.54125 0.03625 0.03
0 0.245 0.57375 0.05 0.07625
0 0.7125 0.485 0.0425 0.03375
0 0.6675 0.49125 0.0425 0.0175
0 0.66625 0.47125 0.03875 0.01625
0 0.6675 0.4475 0.04375 0.02625
0 0.6225 0.49125 0.04 0.0175
0 0.62375 0.47375 0.0375 0.01375
0 0.62375 0.455 0.04 0.015
0 0.58625 0.495 0.02875 0.01
0 0.58625 0.4825 0.0275 0.0125
0 0.58625 0.46875 0.02875 0.01
0 0.585 0.45625 0.03 0.01125
0 0.56 0.475 0.01875 0.0575
0 0.5375 0.475 0.02 0.055
0 0.51625 0.47625 0.02125 0.0525
0 0.755 0.4525 0.04625 0.01875
0 0.75625 0.42875 0.04625 0.02
0 0.71625 0.40375 0.0425 0.0225
0 0.67 0.40375 0.0425 0.01625
0 0.3725 0.285 0.03 0.02125
0 0.46625 0.34625 0.04 0.025
0 0.42375 0.34625 0.04 0.025
0 0.44125 0.32625 0.0425 0.0075
0 0.38 0.34625 0.04125 0.02875
0 0.3375 0.3475 0.0375 0.02625
0 0.295 0.34875 0.04125 0.025
0 0.24 0.48625 0.0325 0.075
0 0.23375 0.38875 0.02875 0.07375
0 0.75 0.2925 0.0175 0.0275
0 0.77125 0.2725 0.01875 0.06375
0 0.52375 0.33875 0.0225 0.04
0 0.7475 0.26625 0.02125 0.01875
0 0.65625 0.26875 0.045 0.0275
0 0.48875 0.615 0.04375 0.04375
0 0.75125 0.59375 0.0375 0.02625
0 0.70375 0.23625 0.05 0.02625
0 0.6525 0.23875 0.0475 0.0275
0 0.60875 0.27125 0.0425 0.0275
0 0.56375 0.275 0.045 0.03125
0 0.5175 0.27625 0.0425 0.02875
0 0.4775 0.28125 0.03125 0.02
0 0.4425 0.2825 0.0325 0.01875
0 0.47625 0.25875 0.0325 0.02125
0 0.705 0.26625 0.04625 0.02875
0 0.5475 0.33625 0.02 0.0375
0 0.49875 0.33625 0.01875 0.03875
0 0.59375 0.33125 0.01875 0.04
0 0.67 0.38375 0.0425 0.01875
0 0.62375 0.405 0.045 0.02
0 0.62375 0.38375 0.04375 0.0175
0 0.58 0.39625 0.03125 0.0425
0 0.54625 0.39875 0.03 0.03875
0 0.48625 0.39875 0.025 0.04375
0 0.51625 0.39875 0.0275 0.0375
0 0.455 0.4 0.02625 0.03875
0 0.425 0.40125 0.03 0.03875
0 0.3925 0.4025 0.02875 0.0375
0 0.3625 0.405 0.0275 0.0325
0 0.33 0.40625 0.03375 0.03
0 0.29375 0.40625 0.03 0.0325
0 0.77 0.38 0.02125 0.0075
0 0.57125 0.335 0.02125 0.035
0 0.77 0.37 0.02125 0.0075
0 0.77125 0.36 0.02 0.00875
0 0.745 0.37125 0.025 0.0275
0 0.77125 0.34 0.01875 0.02375
0 0.74875 0.34125 0.025 0.02875
0 0.72375 0.32 0.015 0.05375
0 0.705 0.32125 0.0175 0.04875
0 0.68625 0.32625 0.015 0.045
0 0.64875 0.32375 0.0275 0.0525
0 0.62625 0.32625 0.01375 0.04625
0 0.61125 0.32625 0.0125 0.04875
0 0.25625 0.76375 0.06125 0.1