0 0.425 0.64375 0.05875 0.0225
0 0.2975 0.865 0.0625 0.03625
0 0.5525 0.28125 0.02 0.0375
0 0.57625 0.2475 0.0175 0.0375
0 0.59125 0.25 0.00875 0.02875
0 0.61125 0.255 0.02125 0.035
0 0.63125 0.25625 0.01375 0.02875
0 0.65 0.25875 0.01875 0.03125
0 0.69 0.265 0.015 0.02625
0 0.70625 0.27125 0.0125 0.025
0 0.72375 0.2725 0.0175 0.0275
0 0.7425 0.27625 0.01375 0.02625
0 0.34875 0.33625 0.065 0.03625
0 0.41 0.33625 0.055 0.0325
0 0.255 0.385 0.09 0.04375
0 0.155 0.05875 0.05125 0.06875
0 0.3375 0.38375 0.06875 0.0425
0 0.47125 0.37625 0.0525 0.04375
0 0.17 0.4475 0.08875 0.05
0 0.17125 0.5075 0.08875 0.04125
0 0.2625 0.44 0.0825 0.045
0 0.34375 0.43375 0.0675 0.0375
0 0.26625 0.49125 0.08375 0.04
0 0.34875 0.48625 0.0675 0.03875
0 0.41125 0.4275 0.06125 0.03875
0 0.415 0.475 0.05875 0.04
0 0.47125 0.425 0.0475 0.0375
0 0.4775 0.47 0.0475 0.035
0 0.525 0.425 0.035 0.0325
0 0.5275 0.465 0.04 0.03
0 0.40875 0.38 0.065 0.04
0 0.56 0.4225 0.01875 0.03125
0 0.2075 0.0725 0.05 0.06375
0 0.2575 0.08875 0.045 0.0575
0 0.55 0.24 0.02 0.03625
0 0.52875 0.27875 0.02375 0.03625
0 0.52625 0.2375 0.01875 0.04125
0 0.50375 0.275 0.02 0.03625
0 0.5025 0.235 0.02 0.0375
0 0.47625 0.27375 0.025 0.04
0 0.4725 0.23 0.025 0.04125
0 0.44625 0.27125 0.0275 0.0375
0 0.445 0.22625 0.02375 0.04375
0 0.41625 0.26625 0.02625 0.04125
0 0.4125 0.21875 0.03 0.0475
0 0.3825 0.26375 0.0325 0.04375
0 0.34875 0.26125 0.03375 0.04625
0 0.25625 0.0275 0.0425 0.055
0 0.31 0.2575 0.03875 0.04875
0 0.2175 0.245 0.045 0.04625
0 0.17 0.24 0.04625 0.05375
0 0.37625 0.215 0.03375 0.0475
0 0.3425 0.20875 0.0325 0.05
0 0.3025 0.20125 0.03625 0.0525
0 0.25625 0.19625 0.04 0.05
0 0.21375 0.1875 0.0375 0.05625
0 0.165 0.18 0.05 0.06125
0 0.50875 0.1525 0.025 0.04625
0 0.47875 0.1425 0.03 0.04625
0 0.45 0.13625 0.0275 0.05
0 0.38875 0.11625 0.06625 0.0575
0 0.31625 0.095 0.0675 0.06875
0 0.26125 0.24875 0.0375 0.04875
0 0.56125 0.46375 0.02 0.03125
0 0.57375 0.28625 0.015 0.0325
0 0.5925 0.28875 0.00875 0.03125
0 0.28625 0.58125 0.07625 0.0475
0 0.195 0.66125 0.08625 0.04875
0 0.2875 0.63375 0.08 0.04
0 0.2925 0.69 0.08 0.02375
0 0.36125 0.61625 0.065 0.02875
0 0.42 0.59875 0.0525 0.02875
0 0.47625 0.585 0.05375 0.03
0 0.53 0.5725 0.04625 0.0225
0 0.48 0.62375 0.0475 0.01625
0 0.36375 0.6675 0.06 0.03125
0 0.52125 0.60875 0.03125 0.015
0 0.605 0.55 0.0475 0.01875
0 0.6525 0.54125 0.03625 0.0225
0 0.1925 0.6 0.09625 0.05625
0 0.68625 0.53125 0.03 0.02375
0 0.74125 0.515 0.0175 0.01875
0 0.74 0.545 0.02125 0.0225
0 0.71125 0.55625 0.02875 0.01875
0 0.68125 0.5625 0.03125 0.0125
0 0.2125 0.8175 0.075 0.05875
0 0.215 0.875 0.095 0.0475
0 0.22125 0.935 0.10125 0.055
0 0.3675 0.55125 0.02125 0.0425
0 0.3425 0.5625 0.02375 0.04625
0 0.47125 0.6875 0.0475 0.02125
0 0.41375 0.7125 0.0525 0.01875
0 0.47625 0.73375 0.05125 0.02
0 0.2925 0.80375 0.04625 0.05
0 0.71625 0.525 0.02375 0.0225
0 0.73875 0.48875 0.025 0.0275
0 0.7125 0.4925 0.02125 0.0275
0 0.68125 0.5 0.03125 0.02375
0 0.61125 0.29125 0.01375 0.02625
0 0.63125 0.29125 0.01875 0.03375
0 0.65 0.29375 0.01625 0.0325
0 0.6675 0.295 0.0125 0.02875
0 0.68 0.2975 0.01125 0.03125
0 0.69625 0.29875 0.01125 0.0275
0 0.7125 0.305 0.01375 0.0275
0 0.72625 0.30375 0.0125 0.02375
0 0.74625 0.3075 0.015 0.02625
0 0.655 0.355 0.0175 0.03125
0 0.6775 0.35625 0.01625 0.0275
0 0.70125 0.3625 0.01125 0.03
0 0.73625 0.35625 0.01375 0.025
0 0.73875 0.38375 0.0125 0.02375
0 0.735 0.41125 0.015 0.0275
0 0.73625 0.44 0.01375 0.02375
0 0.70375 0.4025 0.01625 0.035
0 0.72125 0.415 0.00875 0.02875
0 0.715 0.4425 0.01125 0.025
0 0.67 0.3875 0.01375 0.0275
0 0.68625 0.3875 0.01375 0.02875
0 0.6875 0.415 0.0125 0.0225
0 0.68625 0.445 0.0125 0.02875
0 0.67125 0.4475 0.01 0.02625
0 0.67125 0.41625 0.0175 0.0225
0 0.6275 0.39625 0.025 0.01625
0 0.62 0.42625 0.01375 0.035
0 0.62625 0.49125 0.0175 0.035
0 0.575 0.52 0.0575 0.0225
0 0.3075 0.92 0.05375 0.05
0 0.2 0.725 0.095 0.0275