0 0.78375 0.53875 0.03125 0.045
0 0.755 0.5375 0.02375 0.05125
0 0.73125 0.53125 0.01625 0.05875
0 0.18125 0.5125 0.01375 0.0525
0 0.69 0.5325 0.0225 0.06
0 0.81625 0.53625 0.02875 0.05
0 0.645 0.545 0.01875 0.03875
0 0.6225 0.53875 0.02 0.04375
0 0.60125 0.54125 0.01875 0.04625
0 0.5775 0.52875 0.02125 0.0375
0 0.71125 0.53 0.015 0.05875
0 0.6675 0.54375 0.01875 0.04125
0 0.14 0.58375 0.015 0.05625
0 0.5575 0.54125 0.0125 0.0475
0 0.51125 0.63 0.0125 0.0175
0 0.4875 0.6125 0.0175 0.05125
0 0.46625 0.60625 0.01625 0.03875
0 0.4475 0.605 0.0175 0.03875
0 0.4225 0.61375 0.015 0.0575
0 0.405 0.6075 0.01 0.04375
0 0.38875 0.60375 0.01375 0.035
0 0.37375 0.60125 0.0125 0.04125
0 0.35 0.61125 0.015 0.0525
0 0.33125 0.6125 0.01625 0.05375
0 0.31375 0.615 0.01375 0.0475
0 0.2525 0.61 0.025 0.04
0 0.22 0.59125 0.03 0.06875
0 0.18875 0.5925 0.02125 0.06875
0 0.16375 0.59125 0.025 0.07375
0 0.85 0.53875 0.02875 0.045
0 0.54125 0.54 0.015 0.05
0 0.445 0.54125 0.0175 0.04375
0 0.51375 0.535 0.01125 0.05375
0 0.1975 0.51125 0.01375 0.05625
0 0.215 0.51 0.01375 0.05
0 0.2325 0.50625 0.015 0.0625
0 0.16375 0.50125 0.0175 0.0675
0 0.13875 0.50875 0.025 0.05625
0 0.8675 0.43125 0.01375 0.06
0 0.84 0.4325 0.03625 0.06
0 0.7875 0.425 0.065 0.07625
0 0.73875 0.44125 0.025 0.04375
0 0.7125 0.44125 0.02375 0.04375
0 0.67125 0.43 0.04625 0.0725
0 0.625 0.4275 0.04 0.0725
0 0.585 0.43625 0.03375 0.0575
0 0.545 0.4325 0.03625 0.06625
0 0.43 0.42875 0.07 0.075
0 0.3775 0.4375 0.02375 0.06375
0 0.32 0.43 0.075 0.0825
0 0.2625 0.40875 0.01875 0.065
0 0.53875 0.625 0.03125 0.03375
0 0.25375 0.50625 0.02125 0.05625
0 0.29875 0.5375 0.0175 0.05
0 0.31875 0.53375 0.01375 0.05625
0 0.3375 0.53375 0.015 0.05375
0 0.35625 0.54125 0.0175 0.04375
0 0.37875 0.54 0.02375 0.0425
0 0.40125 0.535 0.01875 0.05625
0 0.425 0.5375 0.02125 0.05375
0 0.47125 0.52625 0.02625 0.06
0 0.49625 0.535 0.01625 0.04875
0 0.525 0.5375 0.00875 0.05
0 0.56625 0.61125 0.0175 0.05125
0 0.27875 0.6925 0.01375 0.05125
0 0.61125 0.61375 0.0175 0.055
0 0.36125 0.775 0.01375 0.06625
0 0.34625 0.7725 0.0125 0.065
0 0.28625 0.79625 0.015 0.05625
0 0.2675 0.805 0.01625 0.04625
0 0.24375 0.8125 0.02625 0.03125
0 0.21625 0.7925 0.02375 0.06125
0 0.1925 0.795 0.0175 0.065
0 0.16875 0.77875 0.0225 0.085
0 0.14625 0.77125 0.0175 0.0725
0 0.87125 0.69 0.0075 0.05375
0 0.8475 0.69125 0.03375 0.05125
0 0.81125 0.69125 0.03 0.05125
0 0.77875 0.69 0.03 0.0525
0 0.74625 0.69125 0.02875 0.05125
0 0.71375 0.69 0.02875 0.05
0 0.6775 0.69 0.03875 0.05125
0 0.6425 0.6875 0.0225 0.0475
0 0.61 0.69125 0.02625 0.01875
0 0.58 0.68875 0.02375 0.05
0 0.55625 0.68875 0.0175 0.05125
0 0.5325 0.69 0.02125 0.05125
0 0.51375 0.68375 0.0125 0.03875
0 0.49625 0.69 0.01625 0.05
0 0.4775 0.69 0.01875 0.05
0 0.33 0.6825 0.01625 0.0475
0 0.34875 0.6875 0.01625 0.04375
0 0.36875 0.68875 0.01625 0.04625
0 0.38625 0.68625 0.015 0.05125
0 0.40625 0.685 0.01625 0.04375
0 0.37875 0.78375 0.01625 0.06375
0 0.4 0.77375 0.0175 0.06875
0 0.41875 0.79125 0.01625 0.04625
0 0.44875 0.78375 0.02 0.07125
0 0.63 0.615 0.01625 0.05125
0 0.6475 0.6125 0.0125 0.0525
0 0.6675 0.61375 0.02125 0.055
0 0.68875 0.61375 0.0175 0.0575
0 0.715 0.615 0.0325 0.0525
0 0.75125 0.61375 0.03125 0.05375
0 0.79 0.61625 0.03875 0.05
0 0.84625 0.61625 0.0275 0.05
0 0.86875 0.61375 0.0125 0.0525
0 0.13125 0.69375 0.01 0.045
0 0.14625 0.69 0.01375 0.0375
0 0.1625 0.695 0.015 0.04375
0 0.18125 0.695 0.01875 0.04125
0 0.205 0.68375 0.02125 0.0625
0 0.5875 0.61375 0.02 0.05375
0 0.2325 0.6825 0.0275 0.07125
0 0.24125 0.4075 0.01875 0.0625
0 0.30625 0.68625 0.0225 0.05625
0 0.755 0.77 0.01375 0.07
0 0.72875 0.7725 0.03125 0.0675
0 0.695 0.76875 0.02875 0.075
0 0.66 0.7975 0.025 0.06125
0 0.62375 0.76125 0.02125 0.05375
0 0.5975 0.77625 0.015 0.03875
0 0.57625 0.79375 0.0225 0.07125
0 0.55375 0.79375 0.01625 0.07125
0 0.53125 0.7925 0.02 0.07125
0 0.51 0.78625 0.015 0.07625
0 0.49 0.79125 0.02 0.075
0 0.47 0.79375 0.015 0.0725
0 0.26125 0.6925 0.01875 0.04875
0 0.2175 0.42625 0.025 0.0275
0 0.45875 0.68875 0.0125 0.05
0 0.1625 0.40625 0.025 0.0675
0 0.83625 0.77875 0.03625 0.01
0 0.7875 0.78 0.03875 0.0375
0 0.86625 0.79625 0.0175 0.01625
0 0.835 0.79125 0.035 0.00625
0 0.43375 0.705 0.03125 0.0175
0 0.1925 0.42625 0.02125 0.02625
0 0.13625 0.31125 0.02 0.05
0 0.1625 0.30875 0.02375 0.0575
0 0.1875 0.31 0.02125 0.0525
0 0.20875 0.29875 0.015 0.07375
0 0.23 0.29875 0.0175 0.0725
0 0.25625 0.3 0.0275 0.065
0 0.29875 0.30625 0.03125 0.10625
0 0.3375 0.30625 0.0375 0.1075
0 0.83375 0.8025 0.035 0.0075
0 0.4025 0.31375 0.03 0.09
0 0.7025 0.3125 0.0375 0.085
0 0.66625 0.31125 0.0325 0.08875
0 0.7425 0.3225 0.03375 0.06875
0 0.13875 0.4125 0.01875 0.05375
0 0.78375 0.2975 0.04125 0.11625
0 0.37125 0.31375 0.0225 0.08875
0 0.83375 0.2925 0.0475 0.125
0 0.5925 0.30375 0.03375 0.10625
0 0.435 0.31625 0.0325 0.0825
0 0.5625 0.30625 0.02125 0.10125
0 0.535 0.31 0.025 0.0925
0 0.5025 0.31625 0.02625 0.08375
0 0.63 0.31125 0.03375 0.0875
0 0.47125 0.31625 0.03375 0.08375