0 0.615 0.5775 0.02625 0.05875
0 0.645 0.5825 0.0325 0.0475
0 0.68 0.58125 0.0325 0.05625
0 0.42875 0.67 0.02625 0.0425
0 0.515 0.66625 0.02625 0.05
0 0.405 0.66125 0.01625 0.05125
0 0.38375 0.64 0.02125 0.0425
0 0.35375 0.65625 0.02 0.0575
0 0.32875 0.65625 0.015 0.06625
0 0.31125 0.6525 0.01375 0.06125
0 0.2925 0.65375 0.0175 0.0675
0 0.2725 0.6525 0.01625 0.065
0 0.5475 0.6625 0.03 0.06
0 0.25625 0.65375 0.015 0.0625
0 0.22 0.645 0.015 0.0575
0 0.82625 0.76625 0.0775 0.1025
0 0.76625 0.78125 0.03625 0.0725
0 0.72625 0.765 0.04125 0.10375
0 0.68125 0.76625 0.04125 0.10875
0 0.45875 0.65875 0.0275 0.06875
0 0.4875 0.66125 0.025 0.055
0 0.2375 0.6525 0.01625 0.0625
0 0.58875 0.66375 0.03875 0.05625
0 0.2375 0.37625 0.01625 0.06625
0 0.6525 0.67125 0.025 0.0425
0 0.455 0.48625 0.01125 0.055
0 0.47 0.485 0.015 0.0575
0 0.4925 0.48125 0.02125 0.06
0 0.52 0.48375 0.025 0.05625
0 0.54875 0.48625 0.02 0.06
0 0.57 0.48 0.0175 0.05625
0 0.59625 0.48625 0.02 0.06
0 0.62 0.4875 0.02125 0.0575
0 0.64625 0.4875 0.02125 0.0575
0 0.67125 0.48875 0.0175 0.06
0 0.70125 0.4825 0.03625 0.06875
0 0.735 0.5 0.02625 0.04
0 0.72 0.66125 0.03125 0.05625
0 0.75625 0.66 0.03375 0.06125
0 0.79 0.66375 0.02625 0.05625
0 0.8225 0.67 0.02875 0.065
0 0.85625 0.6725 0.03 0.05125
0 0.8575 0.585 0.03125 0.0525
0 0.825 0.5775 0.02375 0.0625
0 0.7825 0.4775 0.06625 0.08
0 0.83625 0.48875 0.02625 0.06375
0 0.86375 0.49375 0.0225 0.05625
0 0.83 0.3775 0.06625 0.08875
0 0.7625 0.37875 0.06375 0.09
0 0.70375 0.37375 0.04375 0.08625
0 0.6375 0.37375 0.0825 0.08625
0 0.58625 0.3875 0.01875 0.055
0 0.435 0.48 0.015 0.06375
0 0.565 0.3875 0.0175 0.055
0 0.41625 0.47875 0.015 0.0625
0 0.3725 0.4825 0.01375 0.06375
0 0.2525 0.4825 0.0175 0.0575
0 0.2275 0.47625 0.0175 0.0525
0 0.2 0.47125 0.0225 0.03875
0 0.21625 0.565 0.0225 0.05125
0 0.24125 0.56 0.02125 0.0625
0 0.2775 0.56875 0.02 0.07125
0 0.29875 0.56375 0.0175 0.06875
0 0.32 0.57125 0.015 0.0625
0 0.34 0.57125 0.0175 0.06625
0 0.3625 0.57625 0.02 0.04625
0 0.385 0.565 0.01625 0.07125
0 0.405 0.57125 0.0175 0.0625
0 0.4225 0.57125 0.01375 0.07
0 0.43875 0.57 0.01375 0.065
0 0.45875 0.57 0.0175 0.06625
0 0.47875 0.57 0.01625 0.07125
0 0.49875 0.5825 0.01625 0.04875
0 0.5225 0.57 0.02875 0.07125
0 0.56 0.5775 0.03125 0.05125
0 0.59 0.575 0.02 0.06375
0 0.80125 0.5975 0.015 0.0325
0 0.775 0.59 0.03 0.045
0 0.7425 0.5825 0.0275 0.05375
0 0.7125 0.58375 0.02625 0.05125
0 0.33 0.47875 0.01875 0.0625
0 0.62375 0.665 0.02375 0.045
0 0.355 0.48 0.01875 0.0625
0 0.395 0.485 0.0225 0.0575
0 0.27375 0.48125 0.02 0.0575
0 0.3025 0.48 0.02125 0.06125
0 0.175 0.53375 0.035 0.08
0 0.145 0.30125 0.0375 0.10875
0 0.14125 0.4275 0.03125 0.115
0 0.545 0.3875 0.015 0.0625
0 0.14125 0.5375 0.03125 0.08375
0 0.14 0.63625 0.0275 0.07375
0 0.16375 0.63125 0.015 0.055
0 0.1875 0.6425 0.03125 0.08625
0 0.185 0.72625 0.02875 0.06625
0 0.25625 0.765 0.07 0.095
0 0.14625 0.7775 0.025 0.0475
0 0.3275 0.72875 0.02625 0.05875
0 0.37625 0.76875 0.02375 0.0825
0 0.33125 0.79 0.03 0.04875
0 0.40875 0.76375 0.02875 0.0925
0 0.4475 0.75875 0.03625 0.105
0 0.49375 0.76125 0.0375 0.1125
0 0.5425 0.76375 0.03875 0.115
0 0.5875 0.76375 0.0425 0.1075
0 0.63375 0.76375 0.045 0.105
0 0.4625 0.275 0.0175 0.06875
0 0.4375 0.275 0.02375 0.0625
0 0.415 0.2775 0.02 0.05875
0 0.3925 0.2775 0.02 0.05875
0 0.37 0.2825 0.015 0.0525
0 0.345 0.27625 0.02125 0.0525
0 0.3225 0.27625 0.02 0.055
0 0.2975 0.275 0.0225 0.05375
0 0.48375 0.27375 0.02 0.065
0 0.275 0.275 0.01875 0.06
0 0.50375 0.28625 0.01625 0.04625
0 0.54375 0.275 0.0225 0.06875
0 0.6875 0.65875 0.03125 0.0625
0 0.2175 0.37375 0.0175 0.0675
0 0.525 0.38625 0.01875 0.05875
0 0.19125 0.38375 0.0325 0.0425
0 0.1825 0.26875 0.02125 0.065
0 0.2025 0.2675 0.01375 0.0725
0 0.2275 0.27375 0.0225 0.055
0 0.50375 0.3875 0.02 0.06
0 0.48375 0.385 0.0175 0.0625
0 0.46375 0.38375 0.02 0.06125
0 0.44 0.38625 0.0225 0.06
0 0.4175 0.37875 0.02 0.06375
0 0.39125 0.395 0.03125 0.04125
0 0.35875 0.3775 0.02625 0.01875
0 0.35625 0.405 0.03125 0.02125
0 0.31125 0.38125 0.03625 0.01875
0 0.2575 0.375 0.02125 0.0675
0 0.3175 0.40125 0.0425 0.015
0 0.28125 0.385 0.0175 0.055
0 0.165 0.4225 0.0125 0.08625
0 0.85125 0.27375 0.04625 0.08375
0 0.81 0.30125 0.03 0.02625
0 0.77875 0.29875 0.0275 0.02625
0 0.7475 0.29875 0.03 0.02875
0 0.69875 0.27 0.0625 0.085
0 0.64 0.27875 0.0425 0.065
0 0.5725 0.2775 0.0325 0.06375
0 0.5225 0.28625 0.0175 0.04625
0 0.25 0.27625 0.02125 0.05625