0 0.8425 0.77875 0.0275 0.06875
0 0.78125 0.78 0.03 0.09625
0 0.7475 0.78375 0.035 0.08875
0 0.71125 0.7825 0.0375 0.0875
0 0.68 0.79 0.025 0.07125
0 0.64125 0.7875 0.02375 0.0775
0 0.605 0.76625 0.0225 0.0725
0 0.47875 0.7975 0.04875 0.06875
0 0.54875 0.77375 0.03125 0.09
0 0.51625 0.78 0.03 0.0675
0 0.47375 0.7425 0.04125 0.03
0 0.4225 0.82375 0.03625 0.015
0 0.42375 0.8025 0.03625 0.02625
0 0.385 0.79375 0.03125 0.07375
0 0.19 0.78125 0.13 0.105
0 0.57875 0.7725 0.02375 0.09375
0 0.31875 0.7875 0.0925 0.06375
0 0.4375 0.665 0.0325 0.095
0 0.19375 0.66125 0.05375 0.09875
0 0.76375 0.36 0.02625 0.045
0 0.825 0.3475 0.0325 0.0775
0 0.855 0.3475 0.0225 0.07625
0 0.145 0.19375 0.02875 0.075
0 0.18375 0.185 0.03875 0.1075
0 0.21625 0.19875 0.0275 0.11
0 0.25 0.20375 0.04 0.0975
0 0.2925 0.2025 0.03375 0.105
0 0.3325 0.205 0.0425 0.095
0 0.37375 0.215 0.03875 0.09375
0 0.83375 0.46125 0.01375 0.07875
0 0.15 0.2875 0.04375 0.06375
0 0.17125 0.3425 0.03 0.03125
0 0.21 0.3225 0.04 0.0675
0 0.245 0.3125 0.0275 0.09125
0 0.28375 0.3175 0.035 0.0925
0 0.31625 0.32375 0.025 0.0775
0 0.34 0.3375 0.02375 0.0475
0 0.3675 0.31875 0.03 0.09625
0 0.39875 0.32125 0.0325 0.09125
0 0.43125 0.32625 0.02875 0.09
0 0.4625 0.32625 0.03 0.0875
0 0.495 0.33625 0.025 0.0675
0 0.73375 0.34125 0.0275 0.085
0 0.705 0.33875 0.02625 0.09
0 0.6725 0.33875 0.02625 0.085
0 0.6475 0.335 0.02125 0.09
0 0.76125 0.45625 0.035 0.08375
0 0.72875 0.4575 0.0275 0.075
0 0.69875 0.4575 0.02625 0.08125
0 0.66875 0.45625 0.0275 0.07875
0 0.63 0.4525 0.0475 0.0875
0 0.57875 0.425 0.02625 0.0675
0 0.44375 0.21 0.03375 0.10125
0 0.4825 0.20875 0.03875 0.10375
0 0.51875 0.24375 0.02625 0.05875
0 0.54875 0.23625 0.02875 0.0775
0 0.5925 0.24125 0.035 0.06125
0 0.52 0.3375 0.02125 0.06875
0 0.6325 0.235 0.0275 0.085
0 0.69875 0.2375 0.03375 0.09375
0 0.725 0.23875 0.02 0.085
0 0.75 0.23875 0.03 0.0875
0 0.78625 0.2375 0.03625 0.09125
0 0.8225 0.24 0.02875 0.09625
0 0.8525 0.245 0.03 0.08875
0 0.81 0.46375 0.0275 0.0775
0 0.57125 0.34 0.02125 0.06875
0 0.14625 0.6675 0.035 0.08375
0 0.59625 0.3375 0.025 0.07
0 0.62125 0.35125 0.01875 0.04625
0 0.66375 0.23 0.03125 0.08625
0 0.545 0.3275 0.02625 0.0925
0 0.41 0.21125 0.0325 0.10375
0 0.3725 0.55375 0.03 0.09375
0 0.3425 0.55 0.02875 0.09125
0 0.3125 0.5525 0.03125 0.085
0 0.2775 0.5525 0.03625 0.09125
0 0.24125 0.555 0.02875 0.0925
0 0.20875 0.55375 0.0325 0.09
0 0.17625 0.54875 0.03 0.095
0 0.14375 0.5475 0.035 0.0925
0 0.84625 0.6675 0.05625 0.0875
0 0.81 0.66875 0.01875 0.0825
0 0.7825 0.66875 0.035 0.08375
0 0.7875 0.46625 0.0175 0.0625
0 0.755 0.6675 0.015 0.085
0 0.71125 0.67125 0.02 0.0825
0 0.69375 0.6725 0.015 0.0825
0 0.67 0.67375 0.0275 0.08125
0 0.63625 0.67125 0.0325 0.0775
0 0.60125 0.66875 0.03625 0.0925
0 0.56 0.675 0.04 0.0625
0 0.5125 0.6725 0.02875 0.06125
0 0.4725 0.665 0.0325 0.09375
0 0.4025 0.6675 0.03625 0.09875
0 0.365 0.6675 0.03125 0.095
0 0.735 0.66875 0.02125 0.0875
0 0.40625 0.5525 0.035 0.095
0 0.44125 0.56 0.02625 0.0825
0 0.47 0.56125 0.03 0.08125
0 0.24125 0.66875 0.035 0.0875
0 0.53125 0.45125 0.03 0.07125
0 0.5025 0.44625 0.02875 0.08125
0 0.47625 0.44125 0.0225 0.08875
0 0.4525 0.4425 0.02125 0.08875
0 0.4275 0.44125 0.02625 0.08875
0 0.40125 0.43875 0.0225 0.09375
0 0.37125 0.45125 0.03375 0.0725
0 0.3225 0.43 0.05 0.09875
0 0.28 0.44125 0.0275 0.09
0 0.24625 0.43625 0.03875 0.0975
0 0.1775 0.42625 0.0375 0.10125
0 0.14 0.42625 0.0275 0.10375
0 0.83625 0.56625 0.035 0.09125
0 0.8 0.5675 0.03625 0.09
0 0.765 0.56625 0.0325 0.08875
0 0.72875 0.5675 0.03875 0.085
0 0.6875 0.56625 0.04125 0.085
0 0.64875 0.56375 0.03625 0.08625
0 0.61125 0.55875 0.03875 0.09375
0 0.57 0.56125 0.04125 0.0875
0 0.52875 0.55375 0.03875 0.08
0 0.49625 0.57125 0.01875 0.05
0 0.3225 0.66375 0.04625 0.08875
0 0.27875 0.67 0.03625 0.0875