0 0.425 0.53375 0.10125 0.03
0 0.4575 0.56625 0.0325 0.0275
0 0.425 0.56625 0.0325 0.02375
0 0.33125 0.33625 0.03125 0.03
0 0.39 0.565 0.03375 0.02625
0 0.42375 0.595 0.09875 0.0275
0 0.365 0.3375 0.0325 0.02875
0 0.45875 0.625 0.03125 0.02625
0 0.3325 0.3675 0.0325 0.02875
0 0.23125 0.36 0.02875 0.02875
0 0.26 0.36 0.02875 0.02375
0 0.39 0.50125 0.0375 0.0275
0 0.33625 0.455 0.03 0.02875
0 0.3575 0.455 0.015 0.02875
0 0.33 0.27625 0.03 0.03
0 0.3625 0.2775 0.0325 0.02875
0 0.27125 0.515 0.035 0.02375
0 0.425 0.62625 0.03375 0.02625
0 0.24 0.515 0.0275 0.02625
0 0.3325 0.30625 0.03125 0.025
0 0.36375 0.30625 0.03 0.02625
0 0.365 0.3675 0.03125 0.0275
0 0.33625 0.3975 0.0325 0.02625
0 0.36375 0.39625 0.02375 0.025
0 0.33375 0.425 0.02875 0.0275
0 0.35875 0.42625 0.0175 0.02875
0 0.26125 0.33125 0.02625 0.02875
0 0.39125 0.62375 0.03375 0.03
0 0.53125 0.4425 0.1025 0.03125
0 0.5275 0.5675 0.10125 0.03375
0 0.35375 0.50125 0.03125 0.02875
0 0.3175 0.50125 0.03375 0.0275
0 0.31875 0.5325 0.0325 0.03125
0 0.32 0.56125 0.03125 0.02875
0 0.32125 0.5925 0.035 0.0275
0 0.285 0.56125 0.0325 0.03
0 0.2875 0.59125 0.0325 0.02625
0 0.35625 0.535 0.03125 0.03375
0 0.2875 0.62125 0.03625 0.0275
0 0.21625 0.59 0.1025 0.02875
0 0.1825 0.61875 0.035 0.03
0 0.2175 0.62125 0.0325 0.0275
0 0.2525 0.6225 0.0325 0.03
0 0.4 0.24875 0.02875 0.0325
0 0.43375 0.2475 0.035 0.03
0 0.4675 0.2475 0.03375 0.0325
0 0.2125 0.55625 0.10125 0.0325
0 0.52625 0.59875 0.09875 0.02625
0 0.35625 0.565 0.03125 0.02875
0 0.3575 0.625 0.03625 0.025
0 0.5275 0.5375 0.1 0.0275
0 0.53 0.5075 0.10125 0.02875
0 0.52875 0.47625 0.10125 0.0275
0 0.25125 0.38625 0.06375 0.02375
0 0.5325 0.41 0.10375 0.03125
0 0.53375 0.37875 0.10125 0.02875
0 0.26875 0.48875 0.02625 0.02375
0 0.3575 0.59625 0.03375 0.03
0 0.23875 0.48875 0.03125 0.0225
0 0.23875 0.46375 0.03 0.02
0 0.265 0.43875 0.02625 0.02375
0 0.235 0.44 0.03125 0.02
0 0.465 0.31125 0.03 0.02375
0 0.3975 0.34 0.03375 0.02875
0 0.42875 0.405 0.1 0.0325
0 0.32375 0.6225 0.03125 0.03
0 0.2675 0.4625 0.02875 0.02125
0 0.36625 0.21375 0.03125 0.0275
0 0.40375 0.19375 0.015 0.0375
0 0.3025 0.45375 0.0275 0.03
0 0.525 0.63 0.095 0.03375
0 0.61125 0.6325 0.07625 0.02875
0 0.68125 0.6325 0.06 0.03
0 0.75 0.635 0.07875 0.02375
0 0.75125 0.605 0.07375 0.035
0 0.7525 0.5725 0.07 0.02625
0 0.425 0.4725 0.10125 0.0325
0 0.46 0.505 0.0325 0.0275
0 0.42625 0.50375 0.0325 0.02375
0 0.755 0.54125 0.06625 0.03
0 0.76 0.5125 0.07625 0.0275
0 0.78375 0.2475 0.075 0.02875
0 0.78375 0.28375 0.07875 0.03375
0 0.78125 0.31875 0.0825 0.03125
0 0.7725 0.35125 0.075 0.0325
0 0.30375 0.4225 0.02875 0.03125
0 0.7675 0.41875 0.07125 0.03625
0 0.43375 0.33875 0.03125 0.02875
0 0.46625 0.34 0.03 0.0275
0 0.40125 0.3725 0.03375 0.02875
0 0.39875 0.28 0.03125 0.02375
0 0.42 0.19125 0.0175 0.0425
0 0.4375 0.1875 0.015 0.03875
0 0.52875 0.23 0.085 0.0275
0 0.29 0.22 0.02875 0.0275
0 0.2875 0.25125 0.0275 0.03
0 0.28875 0.28 0.0275 0.02375
0 0.29 0.305 0.0275 0.02625
0 0.28875 0.3325 0.02625 0.02625
0 0.7675 0.45 0.06875 0.0275
0 0.28875 0.36125 0.025 0.025
0 0.42375 0.44 0.10875 0.03
0 0.32875 0.24375 0.03125 0.03125
0 0.46375 0.36875 0.03125 0.02875
0 0.4325 0.37125 0.02875 0.03
0 0.4325 0.31 0.03 0.02875
0 0.39875 0.30875 0.0325 0.02875
0 0.465 0.28125 0.03 0.0325
0 0.4325 0.27875 0.0325 0.0275
0 0.3625 0.24375 0.03375 0.03125
0 0.76375 0.48125 0.06875 0.03
0 0.775 0.385 0.0725 0.02875
0 0.68375 0.57125 0.065 0.02625
0 0.6875 0.51125 0.0675 0.02875
0 0.69 0.54125 0.0675 0.02875
0 0.635 0.2425 0.06875 0.0325
0 0.63375 0.27625 0.06875 0.03125
0 0.63 0.31 0.06625 0.0325
0 0.62875 0.345 0.07 0.03
0 0.62375 0.3825 0.0675 0.03125
0 0.62 0.415 0.06625 0.02875
0 0.62125 0.445 0.0675 0.0275
0 0.61625 0.47625 0.07125 0.02875
0 0.6125 0.6 0.06375 0.02875
0 0.61375 0.57 0.065 0.02875
0 0.61375 0.5375 0.06375 0.03
0 0.6175 0.5075 0.0675 0.0275
0 0.54125 0.27375 0.1075 0.0325
0 0.53875 0.31 0.10625 0.0325
0 0.54 0.34375 0.10375 0.03375
0 0.26375 0.41375 0.02875 0.02375
0 0.23375 0.41375 0.03 0.025
0 0.68875 0.47875 0.06875 0.03125
0 0.6825 0.6025 0.065 0.0325
0 0.30125 0.395 0.03125 0.02375
0 0.69125 0.44625 0.0675 0.02875
0 0.705 0.31375 0.0675 0.02875
0 0.69875 0.34875 0.06875 0.035
0 0.69875 0.38375 0.0725 0.03
0 0.69375 0.41625 0.07 0.03