0 0.775 0.39625 0.025 0.13125
0 0.75375 0.27 0.01375 0.05375
0 0.74125 0.27 0.0125 0.05375
0 0.73 0.27125 0.0075 0.05625
0 0.7175 0.27125 0.01625 0.055
0 0.67 0.2575 0.0375 0.0825
0 0.61875 0.265 0.03 0.08625
0 0.59125 0.26875 0.03125 0.1025
0 0.56125 0.2725 0.0225 0.09375
0 0.5275 0.27625 0.04 0.085
0 0.4525 0.28 0.0625 0.0975
0 0.3375 0.29375 0.055 0.11625
0 0.29375 0.295 0.03125 0.1125
0 0.2475 0.3025 0.0575 0.11875
0 0.17125 0.315 0.09 0.11125
0 0.29625 0.46375 0.195 0.1225
0 0.45375 0.4275 0.0275 0.07
0 0.475 0.4225 0.015 0.06
0 0.49125 0.42125 0.015 0.0625
0 0.5075 0.41875 0.015 0.0575
0 0.52625 0.415 0.02375 0.06375
0 0.55 0.40125 0.02375 0.05125
0 0.57375 0.4 0.02 0.05375
0 0.59125 0.395 0.015 0.05125
0 0.76875 0.2725 0.015 0.0625
0 0.8 0.29375 0.04125 0.01875
0 0.8 0.2725 0.04125 0.02625
0 0.83 0.275 0.0175 0.04375
0 0.565 0.14375 0.03375 0.09375
0 0.595 0.1425 0.0225 0.09375
0 0.61875 0.145 0.025 0.09
0 0.6425 0.145 0.025 0.09
0 0.66625 0.1475 0.0225 0.0875
0 0.68875 0.1475 0.01875 0.08875
0 0.71125 0.14625 0.02625 0.09
0 0.7425 0.1475 0.03125 0.0825
0 0.85125 0.045 0.04 0.0825
0 0.81 0.04125 0.03 0.07875
0 0.775 0.04 0.03 0.0775
0 0.60875 0.3925 0.0175 0.0575
0 0.7525 0.03875 0.01625 0.07375
0 0.71 0.03625 0.02 0.07
0 0.6725 0.03625 0.0575 0.07
0 0.62 0.0325 0.045 0.0625
0 0.57375 0.03125 0.04875 0.05875
0 0.53 0.0275 0.02375 0.0525
0 0.505 0.025 0.0275 0.05
0 0.815 0.1425 0.02 0.08375
0 0.79625 0.14375 0.0175 0.08625
0 0.85625 0.175 0.03625 0.05875
0 0.8625 0.27125 0.01875 0.04625
0 0.84625 0.27375 0.0125 0.0425
0 0.73 0.03875 0.02375 0.07
0 0.65375 0.38125 0.01875 0.05
0 0.6725 0.3775 0.01375 0.0475
0 0.68625 0.3725 0.01 0.0575
0 0.70125 0.6025 0.03625 0.0825
0 0.735 0.5825 0.025 0.07625
0 0.78375 0.55625 0.035 0.06875
0 0.8125 0.545 0.02125 0.07125
0 0.8325 0.53375 0.02 0.06125
0 0.8575 0.51875 0.025 0.07125
0 0.84875 0.62375 0.02875 0.06375
0 0.82875 0.63 0.015 0.0825
0 0.81375 0.63625 0.015 0.09375
0 0.7975 0.65125 0.0175 0.08
0 0.775 0.665 0.02875 0.10125
0 0.66 0.61125 0.045 0.08625
0 0.75 0.67875 0.02125 0.09
0 0.68625 0.715 0.03375 0.08125
0 0.65125 0.73 0.04125 0.0825
0 0.61375 0.75375 0.02375 0.0775
0 0.585 0.8 0.0425 0.0725
0 0.53875 0.83 0.04875 0.0725
0 0.48625 0.8575 0.05375 0.08875
0 0.42625 0.885 0.055 0.08875
0 0.3525 0.9575 0.065 0.08375
0 0.28625 0.9775 0.06875 0.04375
0 0.26375 0.865 0.06 0.1125
0 0.39125 0.28375 0.0475 0.10125
0 0.725 0.6925 0.03125 0.10125
0 0.5275 0.14125 0.04375 0.10125
0 0.6175 0.63125 0.03125 0.09625
0 0.53625 0.68125 0.04625 0.105
0 0.70125 0.3675 0.01875 0.0475
0 0.72375 0.365 0.025 0.05375
0 0.74375 0.36 0.01625 0.04625
0 0.7975 0.39125 0.0175 0.1275
0 0.8275 0.385 0.035 0.10875
0 0.85875 0.38 0.02125 0.10125
0 0.7425 0.43375 0.03375 0.06625
0 0.71125 0.48625 0.03 0.03375
0 0.6775 0.47625 0.04 0.09125
0 0.64375 0.48125 0.03 0.0875
0 0.55875 0.51875 0.0275 0.08375
0 0.58 0.65875 0.0425 0.1075
0 0.52625 0.52375 0.03625 0.07625
0 0.37125 0.57625 0.06 0.085
0 0.31375 0.5825 0.0475 0.09125
0 0.25125 0.60625 0.07 0.11
0 0.17375 0.64375 0.07375 0.1
0 0.23125 0.7525 0.05875 0.07625
0 0.29 0.73125 0.05 0.1125
0 0.33 0.70875 0.0275 0.07125
0 0.36375 0.70125 0.04 0.0825
0 0.16375 0.77875 0.055 0.09125
0 0.4225 0.73625 0.06125 0.11375
0 0.48625 0.705 0.0525 0.12875
0 0.47 0.545 0.07 0.085
0 0.4825 0.145 0.04375 0.0975
0 0.7 0.2575 0.0225 0.0775
0 0.35625 0.13 0.0825 0.12
0 0.25625 0.10625 0.08375 0.06125
0 0.27625 0.1675 0.06 0.055
0 0.215 0.16625 0.06125 0.06
0 0.15375 0.16625 0.055 0.0625
0 0.1525 0.10125 0.05375 0.0675
0 0.425 0.13625 0.0575 0.1125