0 0.255 0.5675 0.0325 0.11625
0 0.29125 0.55 0.01625 0.0875
0 0.50625 0.5425 0.02375 0.09625
0 0.31625 0.5475 0.02625 0.0925
0 0.345 0.545 0.03125 0.08875
0 0.37625 0.5425 0.0275 0.08875
0 0.40375 0.5375 0.01875 0.08
0 0.435 0.54125 0.0275 0.10125
0 0.45625 0.53875 0.0125 0.09375
0 0.48 0.5425 0.0275 0.1
0 0.6575 0.49125 0.01375 0.07375
0 0.6175 0.49875 0.01375 0.085
0 0.55 0.5025 0.01375 0.09125
0 0.565 0.5025 0.01375 0.09
0 0.58125 0.5025 0.01375 0.09
0 0.6 0.5 0.02125 0.0875
0 0.675 0.49 0.01375 0.07375
0 0.63 0.4975 0.01375 0.08125
0 0.16125 0.68375 0.0725 0.03
0 0.76375 0.48375 0.02 0.07125
0 0.74375 0.485 0.01375 0.0675
0 0.69625 0.4875 0.0225 0.0725
0 0.21125 0.575 0.03875 0.1175
0 0.645 0.4925 0.01 0.07125
0 0.53125 0.50625 0.01875 0.085
0 0.69625 0.405 0.0175 0.06625
0 0.18 0.4075 0.03875 0.11625
0 0.64125 0.405 0.015 0.065
0 0.59125 0.3075 0.0225 0.08125
0 0.56875 0.30875 0.01625 0.075
0 0.64875 0.31125 0.01125 0.08
0 0.30125 0.66625 0.16875 0.0375
0 0.665 0.31375 0.01625 0.08
0 0.685 0.31875 0.01375 0.0625
0 0.70375 0.3225 0.0175 0.0675
0 0.72125 0.32375 0.01625 0.0675
0 0.74 0.325 0.0175 0.0625
0 0.75875 0.325 0.01875 0.065
0 0.775 0.325 0.01375 0.06625
0 0.79 0.325 0.01125 0.0625
0 0.675 0.405 0.02 0.06625
0 0.80375 0.32625 0.01375 0.065
0 0.24375 0.41875 0.05375 0.105
0 0.30125 0.42125 0.0375 0.10625
0 0.34 0.4225 0.0325 0.1125
0 0.38875 0.415 0.03 0.1075
0 0.43125 0.42625 0.03625 0.0975
0 0.46375 0.425 0.02625 0.10125
0 0.49125 0.42375 0.0275 0.09875
0 0.5225 0.405 0.02125 0.07375
0 0.545 0.405 0.02375 0.07375
0 0.58125 0.40375 0.0275 0.07125
0 0.61 0.405 0.02125 0.0675
0 0.6275 0.405 0.01375 0.06625
0 0.1425 0.4075 0.02875 0.12125
0 0.5375 0.59125 0.01625 0.05125
0 0.415 0.72625 0.045 0.05125
0 0.585 0.59125 0.01375 0.065
0 0.43 0.85625 0.0775 0.0625
0 0.5025 0.825 0.05875 0.04875
0 0.5675 0.8 0.07125 0.0525
0 0.7425 0.7375 0.05625 0.04875
0 0.79125 0.71875 0.03125 0.045
0 0.78625 0.66 0.04125 0.05
0 0.5025 0.74625 0.0375 0.03375
0 0.46 0.77375 0.04125 0.04375
0 0.46125 0.71875 0.0375 0.04125
0 0.36125 0.7975 0.0475 0.04375
0 0.4125 0.78625 0.0425 0.04125
0 0.61375 0.31 0.01875 0.0775
0 0.3625 0.74375 0.05 0.04125
0 0.76 0.5625 0.0175 0.05875
0 0.71875 0.5725 0.01375 0.0625
0 0.1425 0.09875 0.035 0.1125
0 0.1875 0.1075 0.04875 0.10375
0 0.335 0.88625 0.11125 0.06125
0 0.19125 0.91375 0.12125 0.03625
0 0.85 0.63875 0.04875 0.0425
0 0.8475 0.69 0.05375 0.04625
0 0.78875 0.14875 0.045 0.06625
0 0.7925 0.07375 0.0525 0.07375
0 0.7425 0.12625 0.025 0.0825
0 0.7075 0.11625 0.04375 0.08
0 0.6625 0.10375 0.035 0.085
0 0.635 0.0975 0.01 0.0825
0 0.62125 0.09375 0.01125 0.085
0 0.61 0.08875 0.01125 0.0825
0 0.23875 0.11375 0.045 0.11875
0 0.5925 0.0675 0.01875 0.0925
0 0.5525 0.06125 0.0225 0.09375
0 0.52 0.05625 0.0325 0.1025
0 0.4875 0.04625 0.025 0.08625
0 0.46 0.04625 0.02625 0.0825
0 0.4275 0.03875 0.03 0.07
0 0.39125 0.0375 0.035 0.06875
0 0.78625 0.595 0.0175 0.035
0 0.815 0.58875 0.035 0.02875
0 0.575 0.06 0.0175 0.105
0 0.56625 0.595 0.02 0.0575
0 0.28125 0.1225 0.03375 0.11
0 0.34 0.13875 0.01375 0.09375
0 0.155 0.26625 0.04375 0.125
0 0.19875 0.27125 0.045 0.12375
0 0.24375 0.27125 0.04 0.12375
0 0.2875 0.27375 0.045 0.11875
0 0.33 0.28 0.0325 0.12
0 0.365 0.28375 0.03125 0.11625
0 0.4075 0.29625 0.03125 0.105
0 0.43875 0.29875 0.02875 0.1
0 0.47 0.30375 0.0275 0.10875
0 0.4975 0.30625 0.02375 0.1025
0 0.5225 0.30625 0.01875 0.08125
0 0.54 0.30875 0.015 0.07625
0 0.55375 0.31 0.01125 0.07125
0 0.65625 0.58625 0.0125 0.07875
0 0.64125 0.58875 0.01375 0.07625
0 0.62625 0.59 0.01375 0.07875
0 0.60875 0.59375 0.01875 0.07375
0 0.8125 0.2375 0.00875 0.07625
0 0.79875 0.23375 0.01375 0.06875
0 0.78125 0.23375 0.015 0.0675
0 0.76875 0.2325 0.00875 0.06625
0 0.36375 0.14875 0.03125 0.09625
0 0.3975 0.155 0.02875 0.0875
0 0.465 0.16125 0.03125 0.1075
0 0.50125 0.1725 0.02875 0.09625
0 0.42125 0.16 0.01375 0.08875
0 0.44 0.16 0.01375 0.0925
0 0.555 0.19875 0.0275 0.07625
0 0.5825 0.20375 0.02375 0.06875
0 0.31625 0.13 0.03125 0.11375
0 0.605 0.20625 0.01625 0.06375
0 0.63625 0.215 0.015 0.0625
0 0.655 0.21625 0.015 0.06125
0 0.6725 0.205 0.01375 0.08625
0 0.69125 0.21125 0.01625 0.0875
0 0.70875 0.2125 0.015 0.085
0 0.725 0.22 0.0125 0.0825
0 0.74125 0.2225 0.01875 0.07875
0 0.75625 0.22375 0.00875 0.08125
0 0.62125 0.21125 0.01125 0.05625
0 0.6325 0.31 0.0175 0.08125