0 0.01125 0.26375 0.02 0.0925
0 0.605 0.48 0.02875 0.0725
0 0.4675 0.47625 0.05 0.0875
0 0.39 0.48375 0.05125 0.08
0 0.34125 0.4825 0.0425 0.0825
0 0.28625 0.57375 0.04875 0.05
0 0.28375 0.50375 0.04875 0.0475
0 0.64125 0.48 0.03375 0.06625
0 0.5425 0.47625 0.08875 0.0875
0 0.72375 0.47875 0.03375 0.0775
0 0.28125 0.445 0.045 0.0575
0 0.76 0.4775 0.03125 0.07625
0 0.83 0.36125 0.0475 0.055
0 0.79625 0.42 0.03375 0.05125
0 0.86875 0.41625 0.0725 0.05625
0 0.64375 0.26125 0.05375 0.095
0 0.695 0.26125 0.0425 0.0925
0 0.35125 0.25375 0.05625 0.0975
0 0.41125 0.25125 0.05 0.1125
0 0.90625 0.27875 0.0275 0.06
0 0.745 0.2575 0.0475 0.0925
0 0.79125 0.2725 0.03875 0.065
0 0.835 0.2775 0.04 0.06125
0 0.8725 0.27625 0.03 0.06375
0 0.6825 0.48 0.0375 0.07875
0 0.15625 0.4775 0.04375 0.09
0 0.16125 0.14 0.06375 0.0275
0 0.05625 0.49 0.04125 0.06625
0 0.09375 0.27875 0.03625 0.065
0 0.135 0.27 0.04375 0.07875
0 0.18 0.27 0.04 0.07625
0 0.22375 0.27125 0.0425 0.07875
0 0.03375 0.37125 0.04 0.08625
0 0.0875 0.38625 0.05625 0.06625
0 0.1425 0.37625 0.04875 0.08125
0 0.19875 0.3775 0.0425 0.0775
0 0.27375 0.38125 0.035 0.055
0 0.3225 0.37625 0.04 0.0775
0 0.36625 0.375 0.03875 0.08375
0 0.39875 0.37375 0.02375 0.08125
0 0.445 0.375 0.0375 0.07875
0 0.5075 0.3725 0.07625 0.095
0 0.5675 0.3725 0.035 0.08375
0 0.61625 0.37375 0.05375 0.07875
0 0.67 0.3725 0.045 0.08375
0 0.28375 0.2525 0.06625 0.10125
0 0.21 0.19875 0.0275 0.02625
0 0.16125 0.20375 0.065 0.0225
0 0.16 0.1725 0.065 0.02875
0 0.04875 0.27 0.05125 0.08125
0 0.09625 0.16875 0.03875 0.0825
0 0.105 0.48125 0.0475 0.085
0 0.0575 0.17 0.03375 0.0875
0 0.45625 0.2575 0.03625 0.09875
0 0.50375 0.25 0.05125 0.10875
0 0.56 0.2475 0.05625 0.11375
0 0.31875 0.18625 0.05375 0.0275
0 0.01625 0.4825 0.03125 0.08875
0 0.74125 0.375 0.04625 0.0825
0 0.0175 0.16875 0.03375 0.085
0 0.93375 0.29 0.01625 0.035
0 0.24625 0.78875 0.02875 0.0975
0 0.9325 0.35875 0.06125 0.06
0 0.45 0.69875 0.03125 0.045
0 0.49375 0.6975 0.0425 0.05375
0 0.53375 0.69125 0.0275 0.05125
0 0.57375 0.69 0.04 0.05375
0 0.615 0.69375 0.035 0.0475
0 0.66125 0.69375 0.045 0.04875
0 0.70625 0.68875 0.04 0.05875
0 0.7475 0.6875 0.03375 0.065
0 0.79625 0.69625 0.0475 0.0725
0 0.79 0.77 0.04625 0.065
0 0.84375 0.7625 0.055 0.07625
0 0.94 0.7625 0.08 0.0625
0 0.04 0.79125 0.01875 0.07625
0 0.06125 0.7925 0.01875 0.08
0 0.09375 0.79625 0.03125 0.08125
0 0.1375 0.795 0.04375 0.08875
0 0.20875 0.79125 0.035 0.08875
0 0.2775 0.78625 0.0275 0.085
0 0.33125 0.8125 0.07375 0.05125
0 0.39625 0.81125 0.04625 0.05375
0 0.5375 0.8 0.04875 0.0575
0 0.5875 0.7975 0.04375 0.06125
0 0.64 0.79875 0.04125 0.06125
0 0.68625 0.80375 0.03625 0.0475
0 0.71875 0.78375 0.01875 0.07875
0 0.74625 0.78375 0.03375 0.08625
0 0.91625 0.68625 0.06375 0.035
0 0.84125 0.68625 0.0325 0.04
0 0.96875 0.29125 0.03625 0.03125
0 0.415 0.70375 0.02875 0.04
0 0.37875 0.66625 0.035 0.01875
0 0.46375 0.805 0.07875 0.0525
0 0.32625 0.71375 0.04 0.02875
0 0.985 0.3575 0.02625 0.0575
0 0.93875 0.4175 0.055 0.0525
0 0.985 0.4175 0.02875 0.05
0 0.02125 0.58875 0.04125 0.0875
0 0.065 0.58875 0.0375 0.0875
0 0.11875 0.585 0.06625 0.08625
0 0.17125 0.5875 0.03625 0.085
0 0.23125 0.6175 0.03875 0.06375
0 0.38125 0.58625 0.04375 0.08125
0 0.43125 0.58375 0.0475 0.07625
0 0.37375 0.7125 0.04625 0.025
0 0.58 0.585 0.05125 0.07375
0 0.635 0.58125 0.04875 0.07125
0 0.68875 0.58625 0.05375 0.0625
0 0.5 0.58 0.0475 0.08
0 0.79 0.5925 0.04125 0.085
0 0.2775 0.71375 0.04375 0.0275
0 0.23125 0.71375 0.03625 0.025
0 0.18625 0.715 0.04 0.02875
0 0.155 0.655 0.04625 0.02375
0 0.74375 0.5875 0.0475 0.05875
0 0.14125 0.69 0.0425 0.02625
0 0.10625 0.705 0.02 0.0575
0 0.1425 0.71875 0.0425 0.02
0 0.89125 0.48625 0.065 0.05125
0 0.985 0.6075 0.02875 0.05625
0 0.9825 0.55 0.03375 0.0425
0 0.92625 0.59375 0.0725 0.08875
0 0.845 0.59125 0.055 0.07875
0 0.95625 0.48375 0.0525 0.04125