0 0.56 0.74375 0.03 0.0125
0 0.59 0.725 0.03 0.02375
0 0.29875 0.8875 0.0175 0.025
0 0.55875 0.72625 0.03 0.02375
0 0.4425 0.7425 0.0175 0.0125
0 0.52875 0.72375 0.01625 0.01375
0 0.51 0.72375 0.01625 0.01375
0 0.49125 0.72375 0.01625 0.01375
0 0.51 0.70625 0.01625 0.01375
0 0.49 0.705 0.01375 0.01625
0 0.53 0.68625 0.015 0.0175
0 0.51125 0.68875 0.01875 0.0175
0 0.49 0.6875 0.01875 0.0175
0 0.425 0.7425 0.0175 0.0125
0 0.44 0.7575 0.0175 0.0125
0 0.59 0.74375 0.0275 0.01125
0 0.53 0.705 0.01625 0.01375
0 0.56 0.755 0.0275 0.01125
0 0.71625 0.75625 0.03 0.02375
0 0.59 0.75625 0.02625 0.01
0 0.3775 0.85625 0.0175 0.04
0 0.3975 0.855 0.0175 0.04
0 0.4175 0.855 0.0175 0.04
0 0.75375 0.73625 0.03125 0.03375
0 0.46125 0.7425 0.0175 0.0125
0 0.68625 0.75625 0.03 0.02375
0 0.7175 0.7275 0.03 0.02375
0 0.6875 0.72875 0.03 0.02375
0 0.7175 0.69875 0.02875 0.03125
0 0.6875 0.7 0.03 0.03125
0 0.655 0.75375 0.02625 0.02625
0 0.62375 0.755 0.02625 0.02625
0 0.655 0.72375 0.02625 0.02625
0 0.62625 0.725 0.02625 0.02625
0 0.655 0.69375 0.02625 0.02625
0 0.62625 0.695 0.025 0.02625
0 0.59 0.7675 0.02625 0.01125
0 0.56 0.76625 0.02625 0.01
0 0.46125 0.7225 0.0175 0.0125
0 0.24375 0.88375 0.0175 0.025
0 0.425 0.7225 0.0175 0.0125
0 0.4025 0.91375 0.0175 0.02625
0 0.42125 0.9125 0.0175 0.02625
0 0.44875 0.9075 0.01875 0.0175
0 0.46625 0.90625 0.015 0.0175
0 0.48625 0.90875 0.01875 0.0175
0 0.505 0.9075 0.0175 0.0175
0 0.5225 0.91 0.01875 0.0175
0 0.54625 0.9025 0.01625 0.02625
0 0.52625 0.12375 0.03875 0.11
0 0.4825 0.12625 0.0375 0.10375
0 0.4425 0.13 0.0325 0.0975
0 0.39625 0.05375 0.04125 0.03875
0 0.3975 0.125 0.0425 0.09875
0 0.355 0.12875 0.03625 0.11
0 0.30875 0.10375 0.04625 0.1625
0 0.25875 0.10625 0.05 0.15875
0 0.21 0.1025 0.04375 0.16125
0 0.38375 0.91375 0.0175 0.02625
0 0.36375 0.91125 0.0175 0.02625
0 0.34625 0.91125 0.0175 0.02625
0 0.31875 0.91375 0.0175 0.02625
0 0.45875 0.70625 0.0175 0.0125
0 0.44125 0.70375 0.0175 0.0125
0 0.42125 0.70375 0.0175 0.0125
0 0.46 0.68875 0.0175 0.0125
0 0.44 0.6875 0.01625 0.0125
0 0.4225 0.68625 0.0175 0.0125
0 0.3975 0.74 0.0175 0.0125
0 0.37875 0.73875 0.0175 0.0125
0 0.44375 0.72375 0.0175 0.0125
0 0.31875 0.88625 0.0175 0.025
0 0.3725 0.8875 0.0175 0.0225
0 0.39125 0.8875 0.0175 0.0225
0 0.41 0.88625 0.0175 0.0225
0 0.3575 0.855 0.0175 0.04
0 0.24375 0.90875 0.0175 0.02625
0 0.2625 0.91 0.0175 0.02625
0 0.28 0.91 0.0175 0.02625
0 0.3 0.91375 0.0175 0.02625
0 0.3525 0.88625 0.0175 0.0225
0 0.5775 0.09 0.05375 0.16875
0 0.73875 0.33875 0.0475 0.04875
0 0.71 0.08875 0.05875 0.16875
0 0.68125 0.63 0.05125 0.05125
0 0.62875 0.625 0.0475 0.06625
0 0.58 0.62375 0.045 0.0625
0 0.5325 0.6225 0.04125 0.065
0 0.48625 0.62375 0.0425 0.06
0 0.44 0.6275 0.04125 0.06
0 0.39125 0.62875 0.0425 0.05625
0 0.34625 0.62875 0.04125 0.06
0 0.29625 0.6325 0.04875 0.045
0 0.2475 0.6325 0.04125 0.04375
0 0.39625 0.56625 0.045 0.06
0 0.34625 0.56625 0.04375 0.0625
0 0.29625 0.5775 0.04625 0.06
0 0.24625 0.575 0.04875 0.06375
0 0.8525 0.4625 0.03375 0.095
0 0.81375 0.46375 0.03375 0.09
0 0.76875 0.46125 0.045 0.09125
0 0.67625 0.54375 0.0475 0.01875
0 0.7225 0.43875 0.02875 0.03125
0 0.675 0.56625 0.05 0.02
0 0.74 0.605 0.055 0.03
0 0.7525 0.765 0.02625 0.02
0 0.785 0.73375 0.03 0.02625
0 0.28125 0.885 0.0175 0.025
0 0.78375 0.76625 0.03 0.02625
0 0.825 0.71 0.03125 0.02875
0 0.85875 0.71 0.03125 0.02875
0 0.825 0.7375 0.02875 0.0275
0 0.16125 0.10625 0.0425 0.15625
0 0.85375 0.73875 0.02875 0.0275
0 0.82 0.765 0.02875 0.02625
0 0.85125 0.76875 0.02875 0.0275
0 0.2425 0.85375 0.0175 0.035
0 0.26125 0.8525 0.015 0.0375
0 0.2825 0.85125 0.01625 0.03875
0 0.3 0.855 0.015 0.03875
0 0.32125 0.85375 0.0175 0.04
0 0.34 0.85375 0.0175 0.04
0 0.6775 0.59125 0.04375 0.02125
0 0.69375 0.42125 0.02625 0.05125
0 0.70125 0.4825 0.04625 0.05375
0 0.6525 0.485 0.0475 0.0475
0 0.85125 0.33875 0.0475 0.055
0 0.84875 0.28375 0.04375 0.04625
0 0.795 0.34 0.045 0.0525
0 0.79375 0.28625 0.04625 0.04875
0 0.74125 0.28625 0.05 0.04625
0 0.6825 0.33875 0.04125 0.0475
0 0.68625 0.28875 0.04375 0.04875
0 0.62875 0.3275 0.04875 0.06875
0 0.57875 0.32875 0.04625 0.07125
0 0.45625 0.35 0.05875 0.0275
0 0.52 0.31875 0.0625 0.08625
0 0.37875 0.32 0.03125 0.08375
0 0.33875 0.32375 0.04125 0.08625
0 0.285 0.3275 0.05 0.0875
0 0.21375 0.3175 0.085 0.11
0 0.82875 0.085 0.03875 0.1675
0 0.775 0.08875 0.06125 0.16375
0 0.21625 0.41125 0.04375 0.0325
0 0.21625 0.44875 0.04625 0.03375
0 0.21625 0.49125 0.0425 0.04
0 0.26875 0.445 0.055 0.04
0 0.655 0.42625 0.04875 0.0675
0 0.60125 0.4675 0.04625 0.07375
0 0.60125 0.40875 0.05125 0.03625
0 0.54625 0.405 0.05375 0.02375
0 0.55 0.4675 0.04625 0.07125
0 0.50125 0.4675 0.04625 0.0775
0 0.4525 0.4075 0.0425 0.03
0 0.4525 0.48875 0.04375 0.04
0 0.645 0.09 0.06125 0.17375
0 0.4475 0.4475 0.0475 0.03875
0 0.4025 0.48875 0.03875 0.03875
0 0.39625 0.4475 0.04625 0.0375
0 0.3525 0.405 0.03625 0.02625
0 0.355 0.485 0.0425 0.0375
0 0.35125 0.44375 0.04125 0.04125
0 0.31625 0.4375 0.025 0.04125
0 0.31 0.48625 0.04125 0.0375
0 0.265 0.4875 0.04625 0.04
0 0.3975 0.41 0.04625 0.0325
0 0.5675 0.90375 0.01625 0.02625
0 0.4325 0.885 0.0175 0.0225
0 0.60375 0.905 0.0175 0.03
0 0.795 0.64625 0.02375 0.01625
0 0.84625 0.63 0.0175 0.0175
0 0.825 0.62625 0.0175 0.01875
0 0.8025 0.62625 0.02125 0.01625
0 0.84875 0.60625 0.01875 0.0275
0 0.8275 0.605 0.01625 0.0225
0 0.80625 0.605 0.02 0.0225
0 0.85625 0.5725 0.01625 0.015
0 0.82 0.64875 0.0175 0.015
0 0.83875 0.575 0.01375 0.0125
0 0.80125 0.57625 0.01375 0.01375
0 0.77875 0.57625 0.0175 0.00875
0 0.82375 0.56 0.015 0.015
0 0.805 0.56125 0.015 0.01375
0 0.78625 0.5625 0.015 0.015
0 0.82875 0.54375 0.01875 0.01625
0 0.81 0.54375 0.01625 0.0175
0 0.79 0.545 0.01875 0.01625
0 0.81875 0.57625 0.015 0.0125
0 0.84125 0.65 0.0175 0.01875
0 0.24375 0.715 0.01875 0.03
0 0.26875 0.71 0.01875 0.0375
0 0.58625 0.9025 0.0175 0.03
0 0.35875 0.74 0.0175 0.0125
0 0.39875 0.72125 0.01625 0.0125
0 0.38 0.72125 0.0175 0.0125
0 0.36 0.72 0.0175 0.0125
0 0.3975 0.7025 0.0175 0.0125
0 0.3775 0.7025 0.0175 0.0125
0 0.35875 0.70125 0.0175 0.0125
0 0.39625 0.68625 0.0175 0.0125
0 0.37625 0.68625 0.0175 0.0125
0 0.3575 0.68625 0.0175 0.0125
0 0.3375 0.76 0.0175 0.015
0 0.3175 0.75875 0.015 0.015
0 0.2975 0.75625 0.01875 0.01375
0 0.32875 0.73375 0.02 0.0325
0 0.31 0.735 0.0175 0.03
0 0.29 0.735 0.02 0.02875
0 0.26625 0.755 0.0175 0.03
0 0.24 0.7525 0.02625 0.0275
0 0.7325 0.56 0.05125 0.03625
0 0.74 0.63875 0.0575 0.03125
0 0.2625 0.8825 0.0175 0.025
0 0.83 0.92125 0.02875 0.0575
0 0.65625 0.88625 0.03125 0.04875
0 0.6825 0.86875 0.02 0.055
0 0.70875 0.8725 0.02875 0.05625
0 0.74 0.87 0.02875 0.05625
0 0.78375 0.9025 0.02875 0.05625
0 0.815 0.905 0.02875 0.0575
0 0.625 0.90625 0.02125 0.03125