0 0.22625 0.44125 0.02875 0.10125
0 0.265 0.43625 0.01625 0.09375
0 0.28875 0.44125 0.02125 0.09125
0 0.30875 0.43625 0.0175 0.09125
0 0.34125 0.44 0.02625 0.1
0 0.37625 0.4425 0.0325 0.09375
0 0.4075 0.40875 0.02 0.04875
0 0.4575 0.445 0.025 0.09
0 0.40625 0.46625 0.0175 0.04625
0 0.42375 0.4575 0.01125 0.0425
0 0.1875 0.44625 0.03375 0.095
0 0.50625 0.4375 0.06125 0.10375
0 0.56875 0.4375 0.05375 0.11125
0 0.6225 0.4625 0.045 0.0575
0 0.70625 0.41875 0.09 0.11375
0 0.42875 0.4025 0.0225 0.06
0 0.14875 0.43375 0.0375 0.095
0 0.4925 0.2625 0.105 0.13125
0 0.60625 0.25875 0.09375 0.12875
0 0.155 0.085 0.06 0.12
0 0.21875 0.08625 0.04625 0.10875
0 0.28875 0.1025 0.05625 0.10125
0 0.35 0.09625 0.05625 0.095
0 0.43375 0.07875 0.09 0.13875
0 0.50625 0.12625 0.045 0.04875
0 0.56 0.12375 0.05625 0.05125
0 0.6975 0.13 0.0475 0.0525
0 0.69625 0.19 0.0725 0.06875
0 0.755 0.1275 0.04 0.0525
0 0.85625 0.07875 0.035 0.05
0 0.85625 0.13125 0.0375 0.04
0 0.135 0.27625 0.01875 0.1075
0 0.18125 0.27625 0.04 0.10125
0 0.22125 0.27625 0.0275 0.0975
0 0.2675 0.28125 0.03375 0.09875
0 0.3625 0.25125 0.1375 0.15125
0 0.78625 0.4375 0.04625 0.1025
0 0.805 0.1275 0.04375 0.05
0 0.15 0.605 0.0325 0.06875
0 0.3325 0.60875 0.02875 0.05875
0 0.23125 0.58 0.05 0.11125
0 0.4825 0.76125 0.0425 0.0125
0 0.5325 0.72125 0.04125 0.09125
0 0.5775 0.69625 0.03875 0.065
0 0.66625 0.685 0.0425 0.04375
0 0.67875 0.735 0.0425 0.05125
0 0.45875 0.91 0.05875 0.01625
0 0.77625 0.715 0.045 0.04875
0 0.485 0.74625 0.04375 0.0125
0 0.8325 0.73625 0.0475 0.07125
0 0.14875 0.95625 0.04625 0.01875
0 0.1525 0.91875 0.055 0.00875
0 0.155 0.90125 0.05 0.02125
0 0.22875 0.95625 0.055 0.02
0 0.2125 0.91875 0.05375 0.01875
0 0.22125 0.88875 0.0525 0.02625
0 0.30125 0.8675 0.0525 0.02
0 0.1525 0.8725 0.055 0.02875
0 0.48125 0.7225 0.03875 0.03
0 0.4325 0.71875 0.0475 0.08375
0 0.375 0.7425 0.0325 0.01125
0 0.295 0.5825 0.0475 0.09625
0 0.38 0.59375 0.04625 0.09875
0 0.43375 0.59625 0.045 0.08375
0 0.48875 0.5875 0.04625 0.08
0 0.5875 0.595 0.04625 0.0775
0 0.63375 0.60125 0.0425 0.02375
0 0.67875 0.5875 0.02875 0.075
0 0.71 0.58625 0.0225 0.10125
0 0.7525 0.5975 0.045 0.07875
0 0.80125 0.58875 0.03875 0.095
0 0.8525 0.58875 0.045 0.09125
0 0.14625 0.73125 0.0425 0.08875
0 0.19625 0.73875 0.0475 0.08125
0 0.255 0.72125 0.04125 0.09375
0 0.30875 0.7475 0.055 0.04625
0 0.3125 0.7025 0.055 0.03875
0 0.37875 0.72375 0.03375 0.02125
0 0.18125 0.605 0.02125 0.06625
0 0.53875 0.6 0.0425 0.0725
0 0.45375 0.88625 0.06125 0.01875
0 0.7325 0.7325 0.0425 0.04875
0 0.595 0.905 0.06 0.0225
0 0.6625 0.88125 0.0625 0.1625
0 0.73 0.84 0.04625 0.03625
0 0.73 0.87 0.04125 0.01375
0 0.7325 0.88625 0.04125 0.0125
0 0.7375 0.89875 0.0425 0.0125
0 0.385 0.96125 0.0575 0.02625
0 0.59375 0.8775 0.05875 0.01625
0 0.735 0.94625 0.045 0.02125
0 0.815 0.9425 0.0375 0.01875
0 0.81875 0.91125 0.05375 0.01375
0 0.2975 0.91625 0.05125 0.01375
0 0.45375 0.96375 0.05625 0.01875
0 0.3775 0.88 0.0525 0.01625
0 0.38 0.89625 0.055 0.01
0 0.37875 0.915 0.05875 0.01625
0 0.8175 0.89125 0.055 0.02625
0 0.5925 0.85375 0.0575 0.02125
0 0.735 0.9125 0.04375 0.01125
0 0.59375 0.96 0.05625 0.015
0 0.58625 0.82875 0.06 0.0175
0 0.3 0.895 0.05625 0.0225
0 0.52625 0.90625 0.05375 0.02
0 0.29875 0.9475 0.055 0.015
0 0.52375 0.965 0.05375 0.015
0 0.59375 0.94125 0.055 0.02
0 0.52375 0.945 0.05625 0.01875