0 0.6825 0.22375 0.04125 0.0775
0 0.5575 0.22 0.02875 0.08125
0 0.5875 0.2225 0.03125 0.08375
0 0.62 0.21875 0.0325 0.09
0 0.65 0.20375 0.0225 0.1175
0 0.31625 0.62625 0.02 0.04875
0 0.48625 0.85125 0.02875 0.0275
0 0.455 0.84875 0.0275 0.0275
0 0.45625 0.8775 0.02625 0.02875
0 0.43125 0.85375 0.0175 0.0725
0 0.41 0.84875 0.02 0.08375
0 0.37625 0.87125 0.03625 0.03875
0 0.3425 0.86875 0.03125 0.0375
0 0.29375 0.62 0.02125 0.06125
0 0.5275 0.22 0.02875 0.0825
0 0.27 0.6275 0.02 0.05375
0 0.2275 0.63 0.015 0.0475
0 0.21 0.63375 0.015 0.04
0 0.19375 0.635 0.01375 0.0425
0 0.1675 0.625 0.025 0.05625
0 0.14 0.615 0.02875 0.0775
0 0.66 0.51 0.04875 0.07
0 0.62 0.50875 0.01875 0.06875
0 0.59875 0.5075 0.02125 0.0675
0 0.57625 0.50625 0.02 0.06875
0 0.54625 0.49125 0.03 0.10125
0 0.51125 0.49 0.04125 0.0975
0 0.47625 0.49125 0.0275 0.09375
0 0.445 0.485 0.03 0.0975
0 0.24875 0.62125 0.0225 0.06375
0 0.3175 0.88 0.0175 0.025
0 0.49125 0.1175 0.0425 0.0575
0 0.39875 0.11375 0.04625 0.06375
0 0.72125 0.2475 0.03625 0.0375
0 0.415 0.62875 0.02 0.0525
0 0.3875 0.62625 0.03 0.06125
0 0.36125 0.625 0.0225 0.05875
0 0.3375 0.62875 0.02 0.05125
0 0.51125 0.85625 0.02375 0.07875
0 0.5375 0.88 0.025 0.03
0 0.565 0.8775 0.02875 0.0275
0 0.595 0.88 0.03 0.02375
0 0.625 0.87875 0.02625 0.0225
0 0.665 0.875 0.045 0.025
0 0.67875 0.83875 0.04375 0.03875
0 0.82875 0.9025 0.0375 0.0825
0 0.445 0.11375 0.04375 0.06375
0 0.8625 0.9025 0.02375 0.08375
0 0.83375 0.58 0.045 0.105
0 0.85375 0.39625 0.04125 0.11375
0 0.14125 0.1275 0.02 0.06125
0 0.16375 0.12375 0.0225 0.06625
0 0.1975 0.1225 0.01875 0.06
0 0.22 0.12125 0.02125 0.06
0 0.13 0.21125 0.01 0.0525
0 0.14625 0.21125 0.02 0.05125
0 0.16625 0.21 0.01625 0.05125
0 0.185 0.2125 0.01875 0.0475
0 0.27 0.2325 0.07375 0.045
0 0.395 0.20125 0.04375 0.06375
0 0.485 0.2275 0.04125 0.01375
0 0.8375 0.74875 0.05375 0.0925
0 0.3125 0.8525 0.02 0.0225
0 0.485 0.87875 0.0275 0.025
0 0.2775 0.86125 0.0175 0.05625
0 0.705 0.5825 0.04625 0.0125
0 0.70625 0.6075 0.0475 0.01125
0 0.70625 0.6525 0.04 0.01375
0 0.7025 0.72625 0.02625 0.065
0 0.67375 0.7325 0.03 0.06875
0 0.64 0.7225 0.02625 0.0825
0 0.295 0.86625 0.0175 0.04625
0 0.575 0.74625 0.03625 0.04125
0 0.5325 0.74375 0.035 0.04
0 0.49125 0.73 0.03 0.075
0 0.46 0.72875 0.03125 0.07125
0 0.42875 0.7275 0.0325 0.075
0 0.36375 0.73 0.02625 0.06375
0 0.3375 0.74 0.0175 0.04125
0 0.705 0.63 0.03625 0.01375
0 0.7075 0.5575 0.04125 0.02
0 0.65625 0.61125 0.0275 0.09375
0 0.7125 0.53125 0.05 0.015
0 0.71875 0.485 0.04625 0.02125
0 0.175 0.345 0.0575 0.09125
0 0.2325 0.345 0.05375 0.09125
0 0.29 0.35125 0.0575 0.08125
0 0.35 0.3575 0.055 0.0875
0 0.40875 0.36 0.05625 0.08125
0 0.46 0.3425 0.03375 0.10875
0 0.5025 0.34375 0.0375 0.10625
0 0.53625 0.34375 0.03 0.11
0 0.56875 0.345 0.02875 0.10875
0 0.61 0.3725 0.05125 0.06375
0 0.61375 0.3225 0.04375 0.035
0 0.6575 0.3525 0.0425 0.10375
0 0.72625 0.37875 0.04375 0.05875
0 0.72125 0.43125 0.04125 0.0175
0 0.715 0.4575 0.045 0.015
0 0.71375 0.51125 0.04625 0.01875
0 0.155 0.49 0.03125 0.0875
0 0.61 0.725 0.0275 0.08
0 0.13625 0.7275 0.02125 0.06
0 0.145 0.8725 0.03375 0.0275
0 0.18 0.87625 0.02875 0.025
0 0.1775 0.845 0.02875 0.03125
0 0.145 0.84375 0.03375 0.0275
0 0.21625 0.87 0.04375 0.0475
0 0.2525 0.8725 0.02625 0.04
0 0.25375 0.8325 0.03 0.0375
0 0.52875 0.64 0.03125 0.0275
0 0.3125 0.725 0.025 0.06625
0 0.25625 0.7375 0.015 0.0475
0 0.20125 0.7375 0.045 0.04
0 0.1575 0.72625 0.02 0.06375
0 0.59625 0.64 0.0325 0.02625
0 0.5625 0.64125 0.0325 0.0275
0 0.475 0.64 0.03125 0.0275
0 0.475 0.6125 0.03 0.025
0 0.2775 0.72 0.0275 0.0825
0 0.34 0.48375 0.0375 0.1
0 0.41125 0.48875 0.035 0.09
0 0.5025 0.62125 0.01875 0.0625
0 0.26625 0.48125 0.04125 0.105
0 0.44 0.62 0.02375 0.06625
0 0.30375 0.485 0.035 0.0975