0 0.6425 0.4025 0.035 0.06375
0 0.32 0.41125 0.03125 0.0525
0 0.37375 0.4075 0.0275 0.06125
0 0.4275 0.4125 0.025 0.0525
0 0.455 0.41625 0.02125 0.045
0 0.48125 0.41 0.03 0.055
0 0.5125 0.4125 0.02875 0.05375
0 0.54 0.41375 0.02375 0.05
0 0.5725 0.40375 0.03875 0.065
0 0.6075 0.40375 0.03125 0.06625
0 0.29 0.4125 0.02375 0.05
0 0.40125 0.41 0.02375 0.05375
0 0.2625 0.49625 0.045 0.07875
0 0.71 0.4025 0.03125 0.06375
0 0.7475 0.4025 0.04 0.0675
0 0.79125 0.40375 0.03875 0.06875
0 0.15 0.50125 0.03875 0.08625
0 0.195 0.50375 0.0425 0.08375
0 0.30875 0.50625 0.04875 0.07875
0 0.355 0.5075 0.0375 0.085
0 0.3925 0.50625 0.03875 0.0825
0 0.45625 0.505 0.0325 0.08125
0 0.49 0.50375 0.03625 0.07875
0 0.53125 0.50375 0.03875 0.08125
0 0.57375 0.505 0.045 0.08375
0 0.245 0.4 0.04375 0.0825
0 0.6775 0.40125 0.0325 0.06625
0 0.21 0.41375 0.02625 0.055
0 0.345 0.31875 0.04 0.05625
0 0.15375 0.4 0.0275 0.08125
0 0.4325 0.21875 0.04375 0.07125
0 0.475 0.21875 0.04 0.07
0 0.51875 0.22625 0.04 0.06
0 0.56 0.22875 0.04 0.05625
0 0.60375 0.22125 0.04 0.07
0 0.64375 0.2225 0.035 0.07125
0 0.68375 0.22125 0.03625 0.07
0 0.7225 0.22375 0.03875 0.065
0 0.7675 0.2225 0.04 0.06625
0 0.80875 0.225 0.0425 0.06625
0 0.1825 0.31375 0.0525 0.05875
0 0.23625 0.315 0.05125 0.06
0 0.3 0.31875 0.0475 0.0575
0 0.61375 0.5025 0.03375 0.08875
0 0.385 0.31625 0.03625 0.06375
0 0.41875 0.315 0.02625 0.06625
0 0.45125 0.315 0.0375 0.07
0 0.485 0.31625 0.03 0.06875
0 0.52 0.31375 0.0375 0.06875
0 0.555 0.31375 0.03 0.06875
0 0.59125 0.315 0.03875 0.065
0 0.63125 0.315 0.0375 0.06625
0 0.66875 0.32375 0.0275 0.04875
0 0.7175 0.3275 0.01875 0.0425
0 0.74 0.3225 0.02375 0.055
0 0.765 0.32375 0.025 0.055
0 0.795 0.32375 0.03125 0.05375
0 0.1825 0.39875 0.02625 0.07875
0 0.65 0.5 0.0375 0.0875
0 0.62625 0.60125 0.03 0.08
0 0.73125 0.5125 0.03125 0.0675
0 0.79375 0.1325 0.0425 0.07125
0 0.725 0.14375 0.04375 0.0425
0 0.6875 0.13125 0.0275 0.0725
0 0.655 0.13 0.03125 0.06875
0 0.62 0.13625 0.035 0.05625
0 0.57875 0.14375 0.035 0.0375
0 0.54375 0.1375 0.03375 0.0525
0 0.5075 0.13875 0.035 0.05
0 0.47 0.1325 0.035 0.06625
0 0.4325 0.1325 0.03875 0.065
0 0.39875 0.13375 0.02625 0.06
0 0.36875 0.13375 0.02875 0.05625
0 0.3375 0.1325 0.0275 0.06125
0 0.30625 0.13125 0.0325 0.06125
0 0.27 0.13375 0.0375 0.06
0 0.24125 0.14375 0.02 0.03875
0 0.43625 0.70625 0.045 0.085
0 0.485 0.70375 0.04625 0.08875
0 0.53125 0.7025 0.04375 0.08375
0 0.57125 0.7025 0.0325 0.08125
0 0.6075 0.7025 0.0375 0.08125
0 0.6625 0.7 0.07125 0.0875
0 0.73625 0.69875 0.0725 0.09125
0 0.13625 0.13625 0.01875 0.04875
0 0.16375 0.1375 0.02875 0.04875
0 0.19375 0.1375 0.025 0.05
0 0.21875 0.1425 0.01875 0.03875
0 0.1525 0.205 0.03625 0.04375
0 0.69375 0.51625 0.04375 0.06125
0 0.1925 0.205 0.03875 0.04625
0 0.29625 0.22375 0.045 0.055
0 0.76875 0.5125 0.03875 0.065
0 0.1925 0.5825 0.065 0.01375
0 0.19375 0.5975 0.06 0.01375
0 0.2575 0.58125 0.0625 0.01375
0 0.255 0.5975 0.06125 0.01625
0 0.3075 0.61 0.03375 0.07875
0 0.34375 0.61 0.03375 0.08125
0 0.4075 0.60625 0.04 0.08375
0 0.44625 0.6025 0.03375 0.0825
0 0.48375 0.6025 0.03625 0.08125
0 0.52125 0.6025 0.03625 0.0825
0 0.55875 0.60125 0.03375 0.08375
0 0.59375 0.60125 0.03125 0.08125
0 0.23375 0.64125 0.07625 0.01125
0 0.23375 0.6575 0.0775 0.01375
0 0.65625 0.61 0.025 0.0675
0 0.68625 0.60875 0.03 0.06625
0 0.725 0.6 0.04125 0.08375
0 0.76875 0.60125 0.0425 0.0825
0 0.14625 0.73625 0.0425 0.04
0 0.2075 0.735 0.06875 0.04125
0 0.265 0.73375 0.0425 0.0375
0 0.30625 0.71 0.03875 0.0825
0 0.34625 0.71125 0.0375 0.08125
0 0.39 0.70875 0.04375 0.08625
0 0.38875 0.21875 0.0425 0.0675
0 0.34125 0.22 0.04375 0.0625
0 0.24125 0.21375 0.04625 0.0325
0 0.76 0.14125 0.02125 0.0525