0 0.8425 0.59625 0.03 0.06125
0 0.8125 0.59375 0.02625 0.0675
0 0.85 0.51 0.02875 0.05625
0 0.8225 0.505 0.025 0.0675
0 0.7275 0.5425 0.03625 0.08875
0 0.16125 0.54875 0.02375 0.06125
0 0.66625 0.54625 0.02875 0.075
0 0.83125 0.6925 0.025 0.06375
0 0.7225 0.67125 0.0325 0.09875
0 0.66625 0.66375 0.03125 0.095
0 0.63375 0.66375 0.02875 0.08375
0 0.6025 0.66125 0.03125 0.09
0 0.56875 0.66375 0.03375 0.0825
0 0.5325 0.65875 0.03125 0.08375
0 0.8525 0.7875 0.025 0.0575
0 0.8225 0.7925 0.03375 0.05375
0 0.79 0.785 0.0275 0.06625
0 0.73125 0.7725 0.0375 0.07875
0 0.69625 0.7675 0.0225 0.0875
0 0.67 0.76625 0.02875 0.08375
0 0.645 0.7675 0.02125 0.08625
0 0.61625 0.765 0.03 0.07625
0 0.5875 0.76 0.025 0.085
0 0.55625 0.7575 0.03125 0.07875
0 0.52875 0.7575 0.02375 0.07875
0 0.4725 0.7675 0.0275 0.07625
0 0.435 0.76625 0.0325 0.06875
0 0.40375 0.76375 0.03 0.075
0 0.33375 0.75125 0.0225 0.075
0 0.31125 0.74875 0.0225 0.07875
0 0.22375 0.76375 0.02375 0.06375
0 0.19625 0.7625 0.02625 0.05875
0 0.86 0.69875 0.02875 0.05875
0 0.17 0.76375 0.0275 0.065
0 0.155 0.63875 0.04375 0.085
0 0.31875 0.66125 0.03 0.08
0 0.63875 0.3125 0.03125 0.09125
0 0.60625 0.30875 0.02875 0.08
0 0.57875 0.30625 0.02625 0.08125
0 0.85875 0.20375 0.0275 0.08
0 0.77 0.2 0.02625 0.08125
0 0.73125 0.20375 0.02625 0.05875
0 0.7 0.21 0.0325 0.0625
0 0.67 0.31375 0.03125 0.08125
0 0.6675 0.2075 0.03 0.06625
0 0.54125 0.19375 0.03125 0.08
0 0.49625 0.175 0.025 0.0575
0 0.4625 0.17375 0.035 0.05
0 0.43125 0.17 0.025 0.0575
0 0.39375 0.17125 0.03375 0.06375
0 0.365 0.17125 0.0225 0.05875
0 0.3375 0.1725 0.02625 0.06375
0 0.30875 0.17 0.025 0.05625
0 0.28125 0.17375 0.02875 0.06
0 0.1725 0.1975 0.03125 0.07
0 0.145 0.20125 0.03 0.0725
0 0.48 0.675 0.0325 0.0675
0 0.445 0.67375 0.02875 0.07
0 0.4125 0.67125 0.03 0.06
0 0.3825 0.6625 0.02625 0.07625
0 0.3475 0.6725 0.02875 0.0675
0 0.2 0.65 0.0275 0.07375
0 0.6975 0.54 0.02375 0.09125
0 0.14 0.7425 0.02875 0.085
0 0.685 0.4275 0.0275 0.0725
0 0.62375 0.43625 0.0275 0.06
0 0.65625 0.4175 0.03 0.0875
0 0.7175 0.43125 0.0325 0.08875
0 0.75 0.4375 0.02875 0.0725
0 0.8625 0.40625 0.025 0.06875
0 0.13625 0.44375 0.02 0.07625
0 0.1625 0.44375 0.02625 0.0675
0 0.19 0.44375 0.02625 0.07
0 0.28125 0.47125 0.02875 0.07375
0 0.34375 0.4775 0.0225 0.0675
0 0.36875 0.47875 0.02875 0.0675
0 0.39875 0.48125 0.0275 0.0775
0 0.42625 0.48375 0.025 0.0725
0 0.59625 0.435 0.0275 0.0625
0 0.45375 0.4825 0.0275 0.075
0 0.18125 0.5525 0.0125 0.05375
0 0.205 0.55625 0.02625 0.06625
0 0.29125 0.56625 0.02625 0.0825
0 0.32 0.56875 0.02875 0.07875
0 0.34875 0.56375 0.02375 0.08
0 0.37625 0.5725 0.02875 0.06375
0 0.40375 0.57375 0.025 0.06875
0 0.43125 0.57625 0.0275 0.0675
0 0.4575 0.575 0.0225 0.0725
0 0.48625 0.57875 0.03125 0.06375
0 0.5375 0.53875 0.02 0.0725
0 0.5625 0.5425 0.02875 0.065
0 0.63125 0.5375 0.03625 0.0925
0 0.48375 0.48375 0.02625 0.0725
0 0.5625 0.42625 0.03 0.0825
0 0.35875 0.3875 0.02875 0.06
0 0.4925 0.39125 0.02125 0.06125
0 0.69875 0.30875 0.02 0.0775
0 0.535 0.42375 0.02125 0.085
0 0.76 0.31 0.03125 0.08625
0 0.85 0.31375 0.03 0.07625
0 0.15375 0.3175 0.035 0.07375
0 0.185 0.31875 0.025 0.07125
0 0.2775 0.29125 0.03 0.0775
0 0.30375 0.29 0.02 0.07125
0 0.3275 0.28875 0.0275 0.06875
0 0.35875 0.2875 0.02375 0.06125
0 0.725 0.30625 0.03125 0.08125
0 0.4075 0.28875 0.02375 0.06875
0 0.3825 0.29 0.02125 0.0675
0 0.43625 0.38375 0.02125 0.0625
0 0.41125 0.38625 0.0275 0.0675
0 0.46625 0.3875 0.02875 0.0625
0 0.3275 0.38875 0.03 0.06125
0 0.30125 0.39 0.02375 0.06125
0 0.46875 0.29375 0.025 0.06875
0 0.38375 0.38875 0.02125 0.0575