0 0.1875 0.09625 0.04875 0.02875
0 0.56125 0.795 0.06 0.025
0 0.6275 0.7925 0.0725 0.02
0 0.63125 0.825 0.06875 0.04
0 0.70125 0.79375 0.06875 0.0225
0 0.50625 0.82625 0.05625 0.0375
0 0.24125 0.09375 0.05125 0.02375
0 0.29625 0.0925 0.05125 0.0275
0 0.36875 0.08625 0.0625 0.015
0 0.555 0.10625 0.055 0.0375
0 0.61375 0.1075 0.05625 0.0375
0 0.565 0.8275 0.0575 0.035
0 0.505 0.79 0.0475 0.02875
0 0.4275 0.31 0.1025 0.04125
0 0.145 0.09625 0.03125 0.0275
0 0.7375 0.2575 0.04375 0.03375
0 0.7975 0.22 0.06625 0.03375
0 0.79875 0.2575 0.07125 0.03125
0 0.85375 0.2225 0.03625 0.03875
0 0.855 0.25875 0.04 0.0325
0 0.16375 0.30375 0.05125 0.0425
0 0.1675 0.34625 0.04625 0.04
0 0.21625 0.3475 0.04875 0.0375
0 0.2175 0.305 0.04375 0.04375
0 0.2625 0.30625 0.04 0.04375
0 0.26125 0.35 0.04 0.03875
0 0.3025 0.35125 0.03875 0.0375
0 0.30625 0.3075 0.04125 0.04125
0 0.35125 0.3075 0.0425 0.04125
0 0.35 0.35125 0.04875 0.03875
0 0.69375 0.73625 0.07 0.0375
0 0.8225 0.65375 0.06125 0.03
0 0.44375 0.83 0.065 0.03875
0 0.67 0.11125 0.05 0.0375
0 0.6975 0.43375 0.09125 0.02
0 0.785 0.115 0.05625 0.0375
0 0.39625 0.62125 0.07875 0.06875
0 0.31 0.62 0.08875 0.07375
0 0.22125 0.62 0.08125 0.0725
0 0.15125 0.6175 0.05125 0.0725
0 0.85125 0.54375 0.03125 0.06
0 0.80625 0.52625 0.03875 0.02625
0 0.81 0.55875 0.04625 0.02875
0 0.77125 0.53625 0.015 0.0625
0 0.70625 0.5525 0.0225 0.0375
0 0.7375 0.55125 0.0375 0.04
0 0.72625 0.5125 0.06 0.0325
0 0.4275 0.35 0.10375 0.04
0 0.63375 0.54875 0.11625 0.0375
0 0.63375 0.51125 0.11625 0.0325
0 0.46125 0.51 0.13625 0.0375
0 0.45625 0.54875 0.135 0.035
0 0.355 0.53625 0.06125 0.05125
0 0.2925 0.52625 0.05875 0.07
0 0.195 0.55375 0.11625 0.015
0 0.19125 0.53625 0.11875 0.015
0 0.79 0.46 0.04375 0.02875
0 0.7575 0.45875 0.02125 0.03375
0 0.19125 0.5175 0.12 0.01625
0 0.4775 0.62375 0.07875 0.0725
0 0.57 0.64375 0.1 0.04
0 0.84 0.45875 0.05 0.03
0 0.695 0.4675 0.09125 0.0175
0 0.84125 0.1125 0.05125 0.035
0 0.835 0.15 0.05 0.03125
0 0.77625 0.15 0.05125 0.03
0 0.65125 0.64125 0.0525 0.045
0 0.6475 0.60375 0.055 0.025
0 0.615 0.44125 0.06125 0.06375
0 0.61375 0.4 0.06 0.0125
0 0.73875 0.2225 0.0425 0.03375
0 0.69875 0.45 0.09125 0.01125
0 0.57125 0.61 0.0975 0.02125
0 0.3675 0.10375 0.0675 0.01625
0 0.7275 0.115 0.05 0.0375
0 0.3675 0.12125 0.06875 0.0125
0 0.37125 0.155 0.06375 0.0125
0 0.43875 0.15625 0.0625 0.01
0 0.43875 0.14125 0.06625 0.01625
0 0.43875 0.1225 0.06375 0.01625
0 0.43875 0.1025 0.06625 0.0175
0 0.4425 0.085 0.06625 0.0125
0 0.15125 0.13625 0.03375 0.04625
0 0.18625 0.13625 0.03125 0.0475
0 0.23625 0.1325 0.04375 0.0525
0 0.2875 0.135 0.05 0.055
0 0.5 0.11 0.0525 0.03375
0 0.37125 0.1375 0.065 0.0175
0 0.6925 0.25625 0.04125 0.0325
0 0.69125 0.70375 0.07375 0.0225
0 0.365 0.81375 0.0675 0.05125
0 0.435 0.2275 0.08125 0.0825
0 0.50875 0.205 0.0425 0.045
0 0.555 0.20625 0.04625 0.04375
0 0.625 0.2075 0.08125 0.04375
0 0.62625 0.25 0.08125 0.0425
0 0.55625 0.25125 0.045 0.04
0 0.50625 0.25125 0.04875 0.0425
0 0.69125 0.22125 0.0425 0.03375
0 0.6175 0.7325 0.06375 0.04125
0 0.39375 0.4525 0.07 0.03875
0 0.4725 0.45375 0.06 0.04125
0 0.475 0.41125 0.05125 0.0375
0 0.3775 0.41125 0.1375 0.03625
0 0.2725 0.40625 0.06625 0.0425
0 0.18125 0.435 0.1 0.06125
0 0.855 0.36125 0.03875 0.03375
0 0.855 0.3225 0.03375 0.0375
0 0.80625 0.36 0.05625 0.03875
0 0.49875 0.735 0.0525 0.0325
0 0.55125 0.7375 0.04875 0.03125
0 0.55625 0.71 0.05375 0.025
0 0.35375 0.2275 0.0725 0.08375
0 0.1575 0.24 0.0325 0.04875
0 0.19 0.24 0.03 0.045
0 0.235 0.24 0.05 0.0475
0 0.7625 0.705 0.0575 0.03375
0 0.8275 0.7075 0.0625 0.0275
0 0.82875 0.7425 0.0575 0.03875
0 0.76375 0.7425 0.06125 0.0375
0 0.18 0.81625 0.065 0.04
0 0.17875 0.76875 0.0625 0.01125
0 0.72375 0.15125 0.045 0.03125
0 0.6725 0.1475 0.05 0.03125
0 0.61625 0.14625 0.05875 0.03625
0 0.55875 0.14375 0.05125 0.03625
0 0.49875 0.69875 0.04875 0.03625
0 0.185 0.78125 0.06125 0.00875
0 0.50125 0.145 0.05375 0.03375
0 0.76125 0.6525 0.05625 0.03
0 0.76375 0.62125 0.05375 0.02875
0 0.17125 0.20375 0.0425 0.01875
0 0.8225 0.62 0.05625 0.0325
0 0.33625 0.45 0.0425 0.03625
0 0.23125 0.2 0.04625 0.02625
0 0.28875 0.19875 0.05375 0.0275
0 0.81 0.9025 0.04625 0.0375
0 0.28875 0.24125 0.05 0.05
0 0.61375 0.7025 0.06125 0.01375
0 0.44125 0.78875 0.0675 0.03625
0 0.43875 0.68125 0.06375 0.0125
0 0.4375 0.71125 0.0625 0.01625
0 0.74875 0.90375 0.06875 0.02125
0 0.685 0.91375 0.05375 0.03875
0 0.7 0.88125 0.075 0.02
0 0.6275 0.91125 0.055 0.0325
0 0.62875 0.87875 0.04875 0.02875
0 0.56875 0.92 0.05875 0.0375
0 0.56875 0.875 0.05875 0.01875
0 0.50375 0.915 0.06125 0.03875
0 0.50625 0.87875 0.06 0.025
0 0.45125 0.895 0.04 0.05125
0 0.3975 0.895 0.05 0.04875
0 0.3375 0.895 0.0575 0.0475
0 0.27125 0.89625 0.055 0.04375
0 0.235 0.8825 0.0125 0.0475
0 0.205 0.885 0.04125 0.05625
0 0.1675 0.8875 0.02625 0.05875
0 0.76875 0.81625 0.05625 0.065
0 0.70375 0.82875 0.06875 0.04125
0 0.24625 0.7825 0.055 0.03
0 0.24125 0.8175 0.055 0.0325
0 0.3 0.8125 0.0475 0.05125
0 0.75 0.93125 0.0675 0.0175
0 0.77375 0.59625 0.06 0.015
0 0.70625 0.61875 0.05625 0.025
0 0.70625 0.65 0.05125 0.035
0 0.435 0.7275 0.07375 0.01375
0 0.44 0.74125 0.05625 0.0125
0 0.3625 0.7325 0.06 0.0325
0 0.36125 0.7075 0.07 0.0125
0 0.3525 0.69125 0.06125 0.015
0 0.29125 0.73625 0.05375 0.02625
0 0.23125 0.7225 0.04375 0.045
0 0.16375 0.72875 0.06375 0.0375
0 0.17 0.69 0.06125 0.02875
0 0.80625 0.32125 0.055 0.035
0 0.43875 0.695 0.06375 0.01125
0 0.68875 0.355 0.05375 0.04375
0 0.745 0.31375 0.05375 0.0425
0 0.69 0.31125 0.05125 0.04
0 0.625 0.355 0.07 0.0425
0 0.62625 0.3125 0.07 0.03625
0 0.56125 0.35125 0.055 0.0475
0 0.56 0.31375 0.055 0.0225
0 0.50625 0.355 0.04875 0.0425
0 0.50625 0.31125 0.04625 0.0425
0 0.27625 0.4475 0.0675 0.03875
0 0.54375 0.44125 0.075 0.0675
0 0.74625 0.3575 0.055 0.04375
0 0.82625 0.81625 0.05 0.06375