0 0.64625 0.505 0.0125 0.0625
0 0.82375 0.44625 0.02 0.06625
0 0.58125 0.6025 0.01125 0.0325
0 0.57125 0.60125 0.00875 0.03
0 0.56 0.6 0.0075 0.0325
0 0.58375 0.57125 0.00875 0.03125
0 0.5725 0.56875 0.01125 0.0275
0 0.5475 0.59375 0.015 0.03375
0 0.61375 0.72625 0.02625 0.0425
0 0.58625 0.71125 0.0225 0.0375
0 0.56125 0.7 0.02125 0.04
0 0.54 0.6875 0.01875 0.03375
0 0.6175 0.68 0.02375 0.04625
0 0.45375 0.605 0.01375 0.03125
0 0.59125 0.66625 0.02625 0.04875
0 0.54 0.645 0.0225 0.045
0 0.71 0.64625 0.0225 0.0375
0 0.6875 0.6425 0.01625 0.03375
0 0.67 0.635 0.01625 0.035
0 0.6525 0.63375 0.01625 0.03875
0 0.635 0.62625 0.015 0.0375
0 0.62125 0.6225 0.01125 0.03625
0 0.60875 0.6175 0.01125 0.03375
0 0.5975 0.615 0.0125 0.0375
0 0.7125 0.605 0.02375 0.03875
0 0.6925 0.6 0.01375 0.04625
0 0.565 0.65625 0.02375 0.04625
0 0.4675 0.6125 0.01125 0.0275
0 0.4825 0.6175 0.01375 0.035
0 0.52125 0.63625 0.01625 0.0375
0 0.48375 0.8075 0.01 0.0225
0 0.46875 0.79375 0.01875 0.02875
0 0.45375 0.7775 0.00875 0.0225
0 0.43875 0.7675 0.015 0.02625
0 0.4775 0.7675 0.01125 0.03125
0 0.4625 0.75625 0.01125 0.03
0 0.45125 0.745 0.01125 0.03
0 0.43875 0.73375 0.00875 0.03125
0 0.515 0.8375 0.01875 0.04
0 0.49625 0.825 0.01625 0.035
0 0.51875 0.795 0.0225 0.03375
0 0.495 0.785 0.015 0.0325
0 0.62875 0.86 0.0225 0.03
0 0.64125 0.81625 0.025 0.05625
0 0.60125 0.8375 0.02375 0.04875
0 0.5775 0.81375 0.015 0.04375
0 0.585 0.7725 0.025 0.04
0 0.56125 0.7925 0.01375 0.0425
0 0.5425 0.78 0.01875 0.0425
0 0.4975 0.74875 0.0175 0.03625
0 0.45625 0.6375 0.01375 0.02875
0 0.47 0.645 0.01375 0.02875
0 0.48625 0.655 0.01375 0.03375
0 0.5025 0.66 0.01625 0.03625
0 0.52 0.67375 0.015 0.0375
0 0.67625 0.59625 0.01875 0.03625
0 0.65625 0.59125 0.015 0.04125
0 0.64 0.58625 0.015 0.0325
0 0.62375 0.58125 0.01375 0.0425
0 0.55125 0.49125 0.00875 0.05125
0 0.53375 0.46625 0.02375 0.08875
0 0.50875 0.46875 0.02625 0.0875
0 0.51125 0.36375 0.0325 0.08125
0 0.6625 0.35625 0.02875 0.075
0 0.63 0.36 0.035 0.08125
0 0.59625 0.36125 0.03125 0.085
0 0.55125 0.36125 0.0275 0.0825
0 0.80625 0.3375 0.0275 0.10375
0 0.775 0.34125 0.0325 0.1
0 0.74125 0.34375 0.0325 0.10125
0 0.7075 0.3475 0.03125 0.09375
0 0.65375 0.7475 0.0425 0.05
0 0.655 0.695 0.045 0.0475
0 0.72375 0.79 0.05875 0.0575
0 0.73125 0.72875 0.05375 0.05
0 0.82625 0.6625 0.0325 0.11375
0 0.79875 0.65625 0.02125 0.1025
0 0.77625 0.65375 0.02375 0.115
0 0.90375 0.53375 0.025 0.09125
0 0.875 0.52875 0.03125 0.08125
0 0.84625 0.53 0.02625 0.07875
0 0.90125 0.44625 0.02375 0.0775
0 0.87625 0.44375 0.0225 0.0725
0 0.85 0.4475 0.02875 0.0675
0 0.5625 0.4925 0.01125 0.04875
0 0.80375 0.44625 0.01875 0.065
0 0.5725 0.49375 0.00875 0.05375
0 0.595 0.49875 0.01 0.0575
0 0.61125 0.57625 0.01125 0.0325
0 0.59875 0.575 0.01125 0.0325
0 0.805 0.52125 0.01875 0.06375
0 0.7825 0.4425 0.0175 0.06125
0 0.765 0.44625 0.01375 0.0575
0 0.7475 0.445 0.0175 0.055
0 0.7325 0.44375 0.01375 0.05625
0 0.71625 0.445 0.0125 0.0575
0 0.7 0.44625 0.02 0.05875
0 0.68 0.44375 0.015 0.05625
0 0.66 0.44375 0.02 0.0525
0 0.6325 0.44375 0.01375 0.05375
0 0.6175 0.4425 0.015 0.055
0 0.605 0.44125 0.00875 0.0525
0 0.59125 0.445 0.015 0.04625
0 0.77875 0.5225 0.0275 0.075
0 0.755 0.52 0.01875 0.0775
0 0.73625 0.51625 0.01875 0.07
0 0.71625 0.515 0.01875 0.0725
0 0.6975 0.51 0.01625 0.0625
0 0.68 0.50875 0.01625 0.06625
0 0.66125 0.5075 0.0175 0.06125
0 0.63125 0.505 0.015 0.0575
0 0.61875 0.5025 0.01125 0.06
0 0.60625 0.5 0.01125 0.055
0 0.5825 0.495 0.01125 0.055
0 0.5625 0.56625 0.00875 0.0325
0 0.88625 0.30625 0.06 0.17375
0 0.83875 0.3175 0.03 0.155