0 0.75 0.7375 0.02375 0.02125
0 0.72375 0.75875 0.0225 0.02
0 0.77875 0.7525 0.02625 0.0325
0 0.80375 0.755 0.0225 0.02625
0 0.82625 0.725 0.0125 0.0225
0 0.58125 0.625 0.03375 0.04875
0 0.7475 0.76 0.02125 0.01875
0 0.17625 0.7575 0.03125 0.055
0 0.8575 0.72625 0.01375 0.0225
0 0.7275 0.7375 0.01875 0.02125
0 0.83625 0.745 0.01625 0.01375
0 0.855 0.74625 0.01625 0.01875
0 0.85375 0.70125 0.0175 0.015
0 0.86875 0.7 0.01125 0.0175
0 0.155 0.8975 0.01875 0.0625
0 0.1725 0.89125 0.015 0.07375
0 0.8425 0.725 0.01375 0.02
0 0.8225 0.74625 0.01 0.0125
0 0.6925 0.75875 0.025 0.01875
0 0.69375 0.73625 0.02625 0.025
0 0.14625 0.75625 0.02875 0.05875
0 0.86125 0.6025 0.0275 0.03875
0 0.77625 0.605 0.0325 0.0375
0 0.74125 0.63 0.03 0.0525
0 0.6775 0.63125 0.0425 0.0275
0 0.24625 0.74 0.03875 0.09125
0 0.3 0.735 0.0175 0.0725
0 0.32125 0.73875 0.0225 0.06625
0 0.8125 0.59375 0.04125 0.0425
0 0.84375 0.63625 0.0425 0.01875
0 0.37375 0.69125 0.04375 0.03625
0 0.3725 0.73375 0.04625 0.04125
0 0.5025 0.67375 0.0225 0.02375
0 0.525 0.67625 0.02125 0.02
0 0.5475 0.675 0.0175 0.02125
0 0.56625 0.675 0.02 0.0225
0 0.52125 0.72875 0.04875 0.04625
0 0.61 0.70875 0.04875 0.0475
0 0.6725 0.695 0.025 0.0225
0 0.6975 0.69375 0.02125 0.02125
0 0.73625 0.67875 0.02625 0.025
0 0.63 0.63 0.04 0.02875
0 0.73 0.7125 0.02875 0.02
0 0.75625 0.7125 0.02 0.02125
0 0.67 0.715 0.0275 0.0175
0 0.69625 0.715 0.0225 0.01625
0 0.66875 0.735 0.0225 0.02125
0 0.6675 0.7575 0.0225 0.02125
0 0.76 0.68125 0.02 0.01875
0 0.31625 0.2025 0.025 0.10375
0 0.21 0.88625 0.01875 0.07
0 0.68875 0.19375 0.02375 0.115
0 0.71875 0.1925 0.03375 0.115
0 0.755 0.18875 0.03125 0.10375
0 0.85 0.19625 0.0425 0.09875
0 0.13125 0.3575 0.01 0.04875
0 0.1475 0.3575 0.0225 0.04875
0 0.34625 0.89375 0.01375 0.01875
0 0.2975 0.91875 0.015 0.01875
0 0.315 0.9175 0.01625 0.01875
0 0.33125 0.9175 0.0125 0.02
0 0.34375 0.91625 0.0125 0.02125
0 0.38625 0.86625 0.01375 0.0325
0 0.4025 0.8675 0.01875 0.03
0 0.42 0.86875 0.0125 0.03125
0 0.435 0.8675 0.0175 0.03375
0 0.45125 0.865 0.015 0.03
0 0.39875 0.89875 0.015 0.0225
0 0.4175 0.89875 0.0175 0.02375
0 0.43375 0.89875 0.01375 0.025
0 0.17875 0.36 0.0275 0.065
0 0.21375 0.35375 0.02875 0.04625
0 0.29 0.37875 0.06375 0.07625
0 0.35375 0.3775 0.03 0.06875
0 0.38875 0.37875 0.03 0.06875
0 0.43375 0.3825 0.04375 0.06625
0 0.47875 0.38125 0.0475 0.06625
0 0.53375 0.32125 0.0525 0.10125
0 0.65625 0.195 0.0425 0.12
0 0.19 0.88625 0.01875 0.0625
0 0.6175 0.2175 0.0325 0.07625
0 0.55375 0.21625 0.0275 0.075
0 0.2625 0.8375 0.03 0.045
0 0.2925 0.84 0.01625 0.03375
0 0.31 0.84125 0.015 0.03125
0 0.325 0.84125 0.0175 0.03125
0 0.34375 0.8425 0.015 0.03125
0 0.3575 0.84 0.0125 0.02875
0 0.2975 0.87125 0.01625 0.025
0 0.31625 0.8725 0.0175 0.025
0 0.33125 0.87125 0.01375 0.02375
0 0.34625 0.8725 0.015 0.0225
0 0.29875 0.89375 0.01375 0.02
0 0.31625 0.895 0.01875 0.02
0 0.3325 0.89375 0.01375 0.01875
0 0.6425 0.34625 0.04125 0.02625
0 0.655 0.38625 0.0425 0.05125
0 0.6125 0.38625 0.04125 0.05
0 0.57625 0.38875 0.0275 0.05
0 0.145 0.24375 0.0375 0.08875
0 0.18875 0.24375 0.045 0.0875
0 0.28125 0.2025 0.04 0.10625
0 0.5425 0.595 0.02875 0.03875
0 0.34875 0.20125 0.035 0.11
0 0.38375 0.2 0.035 0.11125
0 0.42 0.2175 0.03125 0.07375
0 0.45125 0.21875 0.03125 0.06875
0 0.485 0.2175 0.035 0.06625
0 0.52 0.21625 0.03375 0.0725
0 0.58375 0.2175 0.0325 0.07375
0 0.50375 0.62 0.02875 0.03875
0 0.7425 0.4925 0.03875 0.05625
0 0.4275 0.6075 0.0325 0.035
0 0.6125 0.8025 0.01375 0.015
0 0.555 0.815 0.0125 0.01
0 0.57 0.8175 0.015 0.01125
0 0.58375 0.81625 0.0125 0.0125
0 0.59875 0.81625 0.0125 0.0075
0 0.61375 0.81625 0.01125 0.00875
0 0.55375 0.8275 0.01125 0.01
0 0.5675 0.83 0.01125 0.01
0 0.5825 0.83 0.01125 0.01125
0 0.6 0.8275 0.01375 0.0125
0 0.61625 0.8275 0.0125 0.01125
0 0.56875 0.84 0.0125 0.0075
0 0.58375 0.84125 0.01125 0.0075
0 0.5975 0.84125 0.01125 0.01
0 0.615 0.83875 0.0125 0.01
0 0.56875 0.8525 0.015 0.0125
0 0.58375 0.8525 0.01 0.01125
0 0.47 0.605 0.0325 0.03875
0 0.61375 0.85 0.01 0.01
0 0.61125 0.86125 0.00875 0.01
0 0.59875 0.8625 0.01125 0.0075
0 0.48875 0.8625 0.01125 0.0125
0 0.505 0.8625 0.015 0.01125
0 0.52125 0.86375 0.0125 0.0125
0 0.52 0.8525 0.01125 0.00625
0 0.59875 0.8025 0.015 0.015
0 0.58125 0.8025 0.01375 0.015
0 0.56875 0.8025 0.01125 0.015
0 0.55375 0.80125 0.01375 0.01625
0 0.44625 0.89875 0.0075 0.02
0 0.39125 0.79875 0.015 0.02875
0 0.4075 0.80125 0.01625 0.025
0 0.42375 0.80125 0.0125 0.03
0 0.43625 0.8 0.01375 0.0275
0 0.45375 0.80125 0.0175 0.0275
0 0.645 0.89 0.02 0.03
0 0.67375 0.87625 0.02 0.04625
0 0.69375 0.8825 0.01625 0.04625
0 0.71625 0.89375 0.02 0.0325
0 0.76 0.89125 0.02 0.0475
0 0.7825 0.89 0.0225 0.05
0 0.50625 0.85125 0.01125 0.0075
0 0.805 0.88875 0.01875 0.04125
0 0.84875 0.865 0.0225 0.03875
0 0.50875 0.90125 0.06125 0.065
0 0.59 0.9 0.06125 0.06625
0 0.47625 0.8225 0.01625 0.01875
0 0.49375 0.825 0.015 0.0175
0 0.5075 0.82375 0.01375 0.0175
0 0.52 0.82625 0.0125 0.015
0 0.535 0.825 0.01625 0.015
0 0.48875 0.84 0.0125 0.0125
0 0.50375 0.84125 0.0175 0.0125
0 0.52 0.84125 0.01 0.0125
0 0.53 0.84125 0.01125 0.01125
0 0.825 0.885 0.02 0.0475
0 0.49125 0.8525 0.01125 0.0075
0 0.6 0.8525 0.01125 0.00875
0 0.1725 0.64375 0.025 0.05125
0 0.14125 0.65625 0.02875 0.03
0 0.15875 0.57 0.02875 0.055
0 0.77875 0.4475 0.03875 0.03
0 0.665 0.45875 0.04875 0.04
0 0.84625 0.505 0.04125 0.03625
0 0.8 0.495 0.0375 0.05625
0 0.8175 0.39625 0.0375 0.03875
0 0.82125 0.35625 0.03375 0.03375
0 0.8525 0.3775 0.0275 0.07
0 0.14625 0.5025 0.03875 0.07375
0 0.1875 0.49125 0.035 0.04875
0 0.675 0.50125 0.03625 0.03875
0 0.57875 0.505 0.0175 0.03375
0 0.615 0.50875 0.04 0.035
0 0.4175 0.49625 0.02625 0.03125
0 0.235 0.50625 0.035 0.05625
0 0.515 0.5 0.035 0.03125
0 0.46 0.50875 0.0375 0.035
0 0.3825 0.5 0.03875 0.0325
0 0.335 0.505 0.03125 0.035
0 0.1975 0.645 0.0225 0.05125
0 0.30125 0.505 0.03125 0.03625
0 0.3175 0.60375 0.03125 0.03625
0 0.355 0.6025 0.02875 0.035
0 0.775 0.395 0.04625 0.04375
0 0.73125 0.3925 0.04 0.04
0 0.69375 0.39375 0.03125 0.03625
0 0.5275 0.395 0.04125 0.03625
0 0.3875 0.6125 0.03 0.02875
0 0.355 0.56125 0.0375 0.03375
0 0.4 0.55875 0.03 0.035
0 0.44125 0.56 0.03875 0.03375
0 0.2375 0.64375 0.02625 0.04625