0 0.63 0.52125 0.04375 0.07875
0 0.40375 0.82875 0.02875 0.065
0 0.3725 0.845 0.03 0.0775
0 0.3325 0.84875 0.0375 0.095
0 0.29 0.85125 0.0375 0.0925
0 0.25 0.84875 0.03625 0.08875
0 0.20875 0.855 0.04 0.09375
0 0.1625 0.755 0.0625 0.045
0 0.22875 0.755 0.06875 0.04875
0 0.34625 0.74625 0.0375 0.04625
0 0.3 0.15875 0.07375 0.07875
0 0.3775 0.165 0.07 0.06375
0 0.375 0.09375 0.0725 0.07625
0 0.30125 0.08625 0.0725 0.065
0 0.21875 0.155 0.07875 0.07625
0 0.22625 0.0825 0.07375 0.06375
0 0.15125 0.1525 0.0525 0.08
0 0.155 0.2625 0.06 0.07125
0 0.31125 0.28375 0.04125 0.03125
0 0.31125 0.24875 0.0375 0.035
0 0.3725 0.26625 0.075 0.06875
0 0.79625 0.28875 0.04375 0.0775
0 0.75125 0.285 0.0425 0.085
0 0.385 0.7475 0.035 0.05
0 0.43 0.74375 0.05 0.05875
0 0.48125 0.74 0.04875 0.05625
0 0.5325 0.73875 0.0475 0.0525
0 0.58 0.73375 0.0475 0.05375
0 0.62875 0.725 0.04375 0.04125
0 0.44625 0.85 0.03 0.07375
0 0.4775 0.84875 0.03125 0.075
0 0.51 0.84375 0.03 0.075
0 0.54 0.83625 0.02625 0.075
0 0.865 0.80875 0.01875 0.07875
0 0.83625 0.815 0.03375 0.08375
0 0.7775 0.825 0.0275 0.0675
0 0.57125 0.02125 0.03 0.0425
0 0.52125 0.02125 0.06375 0.03875
0 0.4525 0.02375 0.06375 0.03375
0 0.62875 0.0375 0.06875 0.025
0 0.86 0.03125 0.03 0.0575
0 0.74125 0.0275 0.0325 0.05
0 0.78375 0.02875 0.03875 0.05625
0 0.695 0.03625 0.04 0.0325
0 0.8225 0.11125 0.035 0.01625
0 0.785 0.1075 0.04 0.0225
0 0.83875 0.165 0.02625 0.07875
0 0.79875 0.1625 0.05125 0.08375
0 0.6975 0.14875 0.06 0.1075
0 0.64125 0.16125 0.045 0.08375
0 0.6 0.1625 0.035 0.08
0 0.5575 0.155 0.045 0.09375
0 0.485 0.15875 0.04375 0.0825
0 0.43625 0.16 0.04375 0.07875
0 0.8 0.80875 0.015 0.06375
0 0.74875 0.825 0.0275 0.07125
0 0.72 0.82625 0.0275 0.075
0 0.69 0.83 0.02875 0.07125
0 0.66 0.83375 0.025 0.0725
0 0.63 0.83625 0.0275 0.07375
0 0.6 0.835 0.02875 0.07375
0 0.57125 0.83625 0.02875 0.075
0 0.67625 0.7375 0.04125 0.0475
0 0.71375 0.73625 0.0225 0.04625
0 0.74625 0.735 0.02125 0.04625
0 0.77625 0.7325 0.0225 0.045
0 0.445 0.52 0.0375 0.0975
0 0.485 0.5175 0.03875 0.0975
0 0.5275 0.52125 0.04125 0.08375
0 0.57875 0.515 0.0575 0.09375
0 0.62125 0.27625 0.0575 0.11875
0 0.545 0.2725 0.04875 0.11125
0 0.49125 0.29 0.0475 0.07625
0 0.43875 0.2725 0.04375 0.1125
0 0.3675 0.365 0.08 0.06875
0 0.23375 0.36625 0.07625 0.06875
0 0.1525 0.365 0.05375 0.0725
0 0.15625 0.48375 0.06125 0.05875
0 0.2375 0.47875 0.0725 0.0575
0 0.315 0.4775 0.0675 0.055
0 0.38125 0.47875 0.0625 0.0575
0 0.48625 0.39875 0.02125 0.075
0 0.44625 0.39875 0.055 0.08875
0 0.52125 0.40625 0.045 0.08
0 0.58 0.4075 0.05 0.08125
0 0.63125 0.39625 0.0475 0.1
0 0.67875 0.40375 0.04125 0.08125
0 0.71875 0.3925 0.03625 0.09
0 0.8575 0.39875 0.035 0.0775
0 0.76625 0.4 0.0425 0.0775
0 0.815 0.4 0.045 0.0775
0 0.85375 0.51125 0.04125 0.09125
0 0.8075 0.51625 0.04625 0.08
0 0.7625 0.51375 0.04125 0.0825
0 0.71875 0.515 0.04125 0.085
0 0.405 0.5675 0.02625 0.07375
0 0.37625 0.57125 0.0275 0.07375
0 0.34625 0.5725 0.02625 0.07625
0 0.29125 0.575 0.03125 0.07625
0 0.81625 0.7275 0.0325 0.055
0 0.84625 0.72125 0.0225 0.04875
0 0.86125 0.6225 0.02125 0.07375
0 0.835 0.6325 0.02875 0.085
0 0.80375 0.635 0.03375 0.0825
0 0.76625 0.63125 0.0275 0.07375
0 0.73625 0.6425 0.03125 0.075
0 0.7 0.635 0.025 0.0725
0 0.67375 0.6425 0.025 0.07625
0 0.65 0.635 0.02 0.07375
0 0.63 0.64 0.01875 0.0725
0 0.60875 0.6425 0.02 0.0875
0 0.5875 0.645 0.02 0.09
0 0.55875 0.6425 0.02375 0.09
0 0.67375 0.515 0.04 0.08625
0 0.5325 0.645 0.02375 0.0925
0 0.465 0.66 0.03 0.06875
0 0.43375 0.62125 0.01875 0.04875
0 0.4325 0.67125 0.01875 0.04875
0 0.3975 0.67 0.02 0.05
0 0.37 0.66875 0.01875 0.055
0 0.35 0.67125 0.01875 0.04875
0 0.31625 0.66875 0.045 0.04875
0 0.27 0.67 0.0425 0.04625
0 0.22375 0.6725 0.04625 0.04875
0 0.18 0.675 0.03625 0.0475
0 0.1425 0.67625 0.03375 0.04625
0 0.19625 0.57625 0.02875 0.07375
0 0.675 0.2875 0.04375 0.08375
0 0.25875 0.57375 0.03 0.07375
0 0.5 0.6475 0.03625 0.0875
0 0.2275 0.57625 0.02875 0.07625
0 0.17 0.85625 0.0375 0.0925