0 0.485 0.4275 0.04125 0.07375
0 0.15625 0.37625 0.05875 0.05875
0 0.44375 0.4175 0.04625 0.0975
0 0.3725 0.38 0.06 0.06
0 0.31125 0.37875 0.06375 0.0625
0 0.24875 0.375 0.05875 0.05625
0 0.69625 0.52875 0.045 0.0825
0 0.8 0.3125 0.04125 0.0725
0 0.55875 0.525 0.0525 0.0925
0 0.51125 0.5225 0.04375 0.08875
0 0.2425 0.21125 0.06375 0.06375
0 0.17 0.22375 0.06125 0.03125
0 0.84625 0.30125 0.04875 0.09625
0 0.74625 0.3025 0.0525 0.0975
0 0.52625 0.4275 0.04 0.0725
0 0.6075 0.53125 0.0425 0.08
0 0.57125 0.41625 0.0475 0.09625
0 0.54625 0.64625 0.0225 0.0775
0 0.67 0.4175 0.0475 0.0975
0 0.5225 0.64 0.01875 0.06625
0 0.5925 0.645 0.0175 0.07875
0 0.615 0.6475 0.02375 0.07875
0 0.64 0.64625 0.02375 0.0775
0 0.665 0.645 0.02625 0.08
0 0.71125 0.65125 0.02375 0.07375
0 0.7375 0.65 0.025 0.07625
0 0.7625 0.64875 0.01875 0.0775
0 0.79125 0.645 0.03375 0.08625
0 0.8225 0.645 0.02375 0.08625
0 0.85375 0.65 0.0325 0.07625
0 0.18375 0.47875 0.09875 0.055
0 0.2675 0.48125 0.065 0.0625
0 0.33125 0.4825 0.05875 0.05625
0 0.6175 0.4275 0.04375 0.075
0 0.53 0.20375 0.03875 0.07625
0 0.45875 0.20875 0.03375 0.06875
0 0.42375 0.2075 0.035 0.06625
0 0.47125 0.52625 0.03 0.0825
0 0.3075 0.2125 0.06 0.0625
0 0.65625 0.30125 0.0575 0.09375
0 0.5975 0.31625 0.02375 0.0775
0 0.565 0.3225 0.03625 0.06375
0 0.57 0.64875 0.0225 0.07375
0 0.4725 0.32375 0.0375 0.055
0 0.43375 0.30625 0.04 0.09625
0 0.37 0.29625 0.06 0.0625
0 0.82125 0.4125 0.075 0.09875
0 0.74875 0.4225 0.02875 0.06875
0 0.71375 0.43125 0.03625 0.07
0 0.4925 0.205 0.03375 0.07625
0 0.5175 0.30625 0.05 0.09375
0 0.37375 0.21125 0.06125 0.0625
0 0.6075 0.20625 0.0325 0.075
0 0.5525 0.82375 0.02875 0.08375
0 0.58375 0.8275 0.03 0.0775
0 0.6175 0.82875 0.02875 0.08125
0 0.57 0.205 0.03875 0.0725
0 0.6475 0.83125 0.03 0.07625
0 0.6825 0.82625 0.03875 0.07
0 0.76375 0.83 0.03375 0.07125
0 0.825 0.82375 0.0375 0.075
0 0.26 0.71625 0.06125 0.055
0 0.49625 0.825 0.0325 0.06875
0 0.33125 0.7175 0.08 0.05375
0 0.46625 0.72875 0.06125 0.05
0 0.5325 0.73125 0.045 0.04875
0 0.58 0.725 0.045 0.045
0 0.6475 0.7375 0.04125 0.05125
0 0.7375 0.7425 0.02625 0.05
0 0.76375 0.74375 0.025 0.0475
0 0.79125 0.74375 0.02375 0.0475
0 0.82375 0.7375 0.03875 0.0575
0 0.15 0.57125 0.01875 0.05375
0 0.3925 0.71625 0.04125 0.05375
0 0.435 0.8225 0.0375 0.0725
0 0.39875 0.81 0.035 0.095
0 0.36625 0.81 0.025 0.095
0 0.85875 0.065 0.0225 0.0825
0 0.84 0.065 0.01375 0.085
0 0.81 0.0325 0.0425 0.03125
0 0.80875 0.06375 0.0425 0.02625
0 0.80625 0.0925 0.0475 0.025
0 0.76625 0.0575 0.02875 0.09375
0 0.735 0.0575 0.03375 0.0925
0 0.695 0.08875 0.0425 0.0275
0 0.64625 0.09 0.055 0.02875
0 0.59625 0.06625 0.03625 0.07625
0 0.555 0.06 0.03125 0.09125
0 0.695 0.05875 0.03875 0.02875
0 0.695 0.03 0.04125 0.0275
0 0.64875 0.035 0.04625 0.03
0 0.6475 0.0625 0.04375 0.0225
0 0.50125 0.055 0.0675 0.09625
0 0.2025 0.81125 0.035 0.09125
0 0.23625 0.81125 0.03 0.09625
0 0.27 0.80875 0.03625 0.09
0 0.3 0.80875 0.02375 0.09
0 0.3325 0.81125 0.0375 0.09375
0 0.17375 0.57125 0.02625 0.0525
0 0.145 0.64125 0.0325 0.0525
0 0.4325 0.52375 0.03875 0.09
0 0.21375 0.64125 0.03375 0.055
0 0.18 0.6425 0.0325 0.05375
0 0.44875 0.05625 0.03625 0.095
0 0.38 0.0925 0.05125 0.025
0 0.38125 0.06875 0.05 0.0225
0 0.38 0.04625 0.04625 0.01875
0 0.33625 0.08125 0.0325 0.05875
0 0.305 0.08 0.03 0.06
0 0.225 0.08625 0.11125 0.03875
0 0.1975 0.0475 0.05625 0.03875
0 0.7625 0.2075 0.0375 0.06375
0 0.385 0.02375 0.055 0.025
0 0.65 0.18875 0.0525 0.10875
0 0.72 0.2075 0.04625 0.06875
0 0.2525 0.64125 0.03625 0.0575
0 0.29 0.64375 0.035 0.05375
0 0.3225 0.64125 0.025 0.05
0 0.35 0.6425 0.0275 0.05
0 0.38125 0.645 0.0225 0.05125
0 0.4325 0.66125 0.02375 0.0525
0 0.45875 0.6525 0.0275 0.06625
0 0.49125 0.64375 0.035 0.0825
0 0.405 0.64625 0.02625 0.04875