0 0.34625 0.6175 0.05125 0.05
0 0.84625 0.30125 0.05125 0.03375
0 0.8575 0.2675 0.035 0.02375
0 0.19375 0.4325 0.06375 0.0375
0 0.25125 0.43375 0.05125 0.035
0 0.30125 0.43375 0.04625 0.03625
0 0.31375 0.40125 0.0575 0.0225
0 0.3875 0.40625 0.05625 0.02875
0 0.45125 0.40625 0.05625 0.03375
0 0.50875 0.4075 0.04875 0.03125
0 0.56375 0.40625 0.05625 0.03125
0 0.38375 0.445 0.04125 0.0375
0 0.49625 0.44625 0.0625 0.04
0 0.78875 0.2975 0.04875 0.03875
0 0.55125 0.44625 0.045 0.04125
0 0.16625 0.48875 0.05 0.0325
0 0.23375 0.47875 0.02875 0.04375
0 0.60625 0.45375 0.05125 0.01625
0 0.61 0.4325 0.05 0.01875
0 0.805 0.42625 0.035 0.0425
0 0.345 0.43625 0.025 0.03375
0 0.28125 0.73125 0.0525 0.0425
0 0.345 0.71625 0.0525 0.04125
0 0.395 0.7325 0.04625 0.04
0 0.43625 0.44625 0.055 0.03875
0 0.85125 0.34375 0.04625 0.05
0 0.69625 0.34625 0.0825 0.05
0 0.44375 0.73 0.05 0.04625
0 0.3675 0.1825 0.05375 0.045
0 0.32375 0.1325 0.0575 0.04375
0 0.37875 0.13375 0.05125 0.04125
0 0.26625 0.13625 0.05125 0.03625
0 0.21125 0.1375 0.0525 0.0325
0 0.42 0.18875 0.04625 0.04125
0 0.4625 0.19 0.04 0.03625
0 0.505 0.18875 0.0425 0.03375
0 0.55375 0.185 0.0525 0.0425
0 0.63 0.1825 0.09625 0.0475
0 0.73 0.17875 0.1025 0.055
0 0.7825 0.345 0.09 0.0525
0 0.8275 0.17875 0.08 0.05125
0 0.16375 0.2975 0.07625 0.04875
0 0.24875 0.29875 0.09 0.04625
0 0.34875 0.29875 0.1075 0.04875
0 0.16125 0.34875 0.06625 0.04875
0 0.24375 0.34875 0.1 0.04875
0 0.3475 0.34875 0.105 0.045
0 0.4225 0.3525 0.03875 0.03875
0 0.45375 0.35125 0.015 0.035
0 0.48375 0.35125 0.04375 0.03625
0 0.53125 0.35125 0.04875 0.035
0 0.6075 0.3475 0.0925 0.04625
0 0.38375 0.25 0.1 0.045
0 0.49625 0.72875 0.0525 0.0475
0 0.22875 0.6775 0.02875 0.03375
0 0.14 0.91625 0.02875 0.03125
0 0.64375 0.815 0.04375 0.06875
0 0.67875 0.81125 0.0275 0.07625
0 0.7125 0.81125 0.03625 0.07625
0 0.75625 0.81125 0.045 0.08
0 0.6725 0.4575 0.0675 0.01875
0 0.8175 0.485 0.07625 0.04
0 0.74875 0.485 0.0625 0.045
0 0.68125 0.49125 0.06875 0.04
0 0.6125 0.49 0.0675 0.04375
0 0.54625 0.49 0.04875 0.0375
0 0.49375 0.4875 0.0525 0.03875
0 0.44125 0.49125 0.045 0.0425
0 0.3925 0.49125 0.05125 0.0425
0 0.33625 0.4875 0.0575 0.0425
0 0.28 0.48625 0.05625 0.04
0 0.61875 0.95125 0.05 0.04625
0 0.57 0.955 0.04625 0.0375
0 0.47375 0.945 0.045 0.05375
0 0.42 0.94375 0.06 0.0525
0 0.36375 0.945 0.05125 0.05
0 0.30875 0.9425 0.0575 0.045
0 0.24625 0.945 0.06375 0.04
0 0.18375 0.9325 0.04875 0.03625
0 0.59375 0.8275 0.05 0.03875
0 0.53875 0.82875 0.04625 0.04
0 0.4825 0.8275 0.04875 0.0425
0 0.41375 0.83125 0.08625 0.0375
0 0.82125 0.885 0.045 0.02375
0 0.81375 0.93625 0.03375 0.07125
0 0.77125 0.93375 0.04875 0.06625
0 0.725 0.92625 0.0425 0.0825
0 0.685 0.9275 0.03375 0.085
0 0.65625 0.93 0.02 0.0775
0 0.60375 0.9025 0.06 0.0475
0 0.85 0.81625 0.04625 0.07375
0 0.50875 0.8825 0.0425 0.03125
0 0.46125 0.88125 0.04625 0.03
0 0.35125 0.89125 0.08625 0.03875
0 0.31125 0.18 0.055 0.04875
0 0.33875 0.6725 0.04375 0.0375
0 0.4425 0.6825 0.05 0.04125
0 0.4975 0.68125 0.04625 0.0425
0 0.56625 0.725 0.08 0.045
0 0.655 0.7275 0.09375 0.04625
0 0.75125 0.72625 0.09625 0.0475
0 0.84125 0.71875 0.06625 0.04625
0 0.15 0.8325 0.045 0.0425
0 0.19875 0.82875 0.05125 0.0475
0 0.25 0.83 0.05125 0.05125
0 0.3225 0.83375 0.08875 0.03625
0 0.37 0.79125 0.09125 0.03875
0 0.39125 0.67125 0.04625 0.03375
0 0.25 0.18375 0.06625 0.055
0 0.55 0.88375 0.03625 0.0325
0 0.1425 0.1825 0.0325 0.045
0 0.825 0.56375 0.05625 0.04625
0 0.75375 0.6125 0.08125 0.0475
0 0.67 0.615 0.08375 0.0475
0 0.57875 0.61125 0.0925 0.0475
0 0.6725 0.56375 0.07375 0.035
0 0.51 0.55125 0.04125 0.04375
0 0.45875 0.55125 0.05375 0.0425
0 0.405 0.55625 0.045 0.04125
0 0.82625 0.62 0.06 0.04875
0 0.3575 0.55 0.0425 0.04125
0 0.45375 0.60625 0.0475 0.04375
0 0.39875 0.61625 0.05375 0.0475
0 0.295 0.61625 0.05 0.0525
0 0.24 0.61625 0.05625 0.0525
0 0.18625 0.61875 0.05 0.04875
0 0.14125 0.615 0.03125 0.04375
0 0.75125 0.445 0.07 0.02
0 0.19 0.1825 0.05375 0.0475
0 0.50375 0.6075 0.05125 0.0425
0 0.86 0.44125 0.03 0.04
0 0.8025 0.8125 0.04625 0.08
0 0.22375 0.7325 0.06 0.04375
0 0.27625 0.685 0.06 0.045
0 0.165 0.73375 0.05625 0.04125
0 0.1425 0.135 0.03125 0.04875
0 0.16375 0.09125 0.045 0.03375