0 0.2225 0.8625 0.0675 0.04
0 0.15625 0.8575 0.0625 0.0425
0 0.84125 0.8325 0.065 0.04125
0 0.765 0.81625 0.07375 0.02875
0 0.69375 0.82625 0.06625 0.04125
0 0.415 0.81625 0.06375 0.0425
0 0.55125 0.82 0.06 0.04375
0 0.485 0.81875 0.0675 0.04125
0 0.34625 0.8125 0.065 0.04375
0 0.2775 0.80875 0.065 0.04375
0 0.2925 0.86625 0.06625 0.03875
0 0.625 0.825 0.06 0.0375
0 0.49375 0.8775 0.06625 0.0375
0 0.52875 0.95 0.0675 0.04375
0 0.63125 0.88 0.06375 0.04125
0 0.7 0.885 0.07 0.04375
0 0.77 0.8875 0.06625 0.0425
0 0.21 0.8075 0.065 0.045
0 0.3175 0.9375 0.07 0.05
0 0.3875 0.945 0.06375 0.05
0 0.45875 0.94875 0.0675 0.0525
0 0.6025 0.9525 0.06875 0.0475
0 0.6725 0.9575 0.06625 0.04875
0 0.74125 0.95625 0.07 0.04
0 0.8125 0.95875 0.0675 0.04
0 0.74 0.2175 0.07375 0.0525
0 0.56375 0.8775 0.06625 0.04
0 0.36 0.87 0.06625 0.0375
0 0.66125 0.215 0.075 0.05375
0 0.71375 0.50875 0.0675 0.04125
0 0.71 0.7 0.06625 0.045
0 0.63875 0.695 0.0675 0.04625
0 0.56875 0.69375 0.06375 0.04375
0 0.49875 0.69125 0.06625 0.04375
0 0.42875 0.69 0.06875 0.04125
0 0.35875 0.6875 0.065 0.03875
0 0.2875 0.68625 0.07375 0.04125
0 0.2125 0.68125 0.07125 0.03875
0 0.15 0.68125 0.05 0.03875
0 0.7825 0.70375 0.06625 0.03625
0 0.5825 0.215 0.0775 0.05375
0 0.785 0.64 0.07375 0.03875
0 0.71 0.63875 0.06875 0.04125
0 0.63875 0.63625 0.07 0.04125
0 0.5675 0.6325 0.06375 0.03875
0 0.4975 0.63125 0.06625 0.03875
0 0.42625 0.62875 0.07 0.04
0 0.35375 0.6275 0.06875 0.04
0 0.2825 0.6225 0.0675 0.04375
0 0.2075 0.62 0.07125 0.04375
0 0.85 0.6425 0.04875 0.0375
0 0.14875 0.6225 0.04625 0.0475
0 0.8475 0.70625 0.055 0.0375
0 0.26125 0.74625 0.06625 0.04375
0 0.35 0.1 0.07375 0.08
0 0.19 0.09625 0.08375 0.07875
0 0.50875 0.1075 0.07375 0.08375
0 0.58625 0.11125 0.07125 0.08375
0 0.665 0.11125 0.07375 0.0875
0 0.745 0.1125 0.0725 0.0875
0 0.8275 0.115 0.0675 0.085
0 0.1925 0.2025 0.07375 0.05
0 0.27125 0.205 0.06875 0.04875
0 0.19125 0.745 0.06875 0.04375
0 0.34875 0.20625 0.07 0.05125
0 0.50125 0.21375 0.07375 0.0525
0 0.14875 0.8025 0.0475 0.04375
0 0.85125 0.76875 0.04625 0.0425
0 0.70625 0.7675 0.06875 0.045
0 0.63375 0.765 0.06375 0.055
0 0.56375 0.76125 0.06875 0.0525
0 0.49125 0.75875 0.065 0.04875
0 0.415 0.75625 0.06625 0.04875
0 0.33625 0.74875 0.07125 0.045
0 0.42375 0.20875 0.07375 0.05375
0 0.8475 0.5725 0.05375 0.04625
0 0.7825 0.5725 0.07 0.05
0 0.70875 0.57 0.06875 0.05
0 0.27625 0.425 0.07125 0.0575
0 0.19875 0.42625 0.0725 0.05
0 0.8 0.3725 0.0725 0.0475
0 0.7225 0.37125 0.07875 0.0475
0 0.57125 0.36875 0.07375 0.05
0 0.495 0.36625 0.06875 0.05
0 0.42125 0.36375 0.06875 0.04875
0 0.34625 0.3625 0.0725 0.045
0 0.27125 0.3575 0.07 0.05125
0 0.4225 0.4325 0.07 0.05125
0 0.19375 0.355 0.07625 0.04875
0 0.7325 0.3 0.07 0.05
0 0.65625 0.30125 0.0725 0.0475
0 0.57375 0.28375 0.0675 0.0525
0 0.5 0.29625 0.07625 0.0525
0 0.4225 0.29375 0.07375 0.0525
0 0.34375 0.29 0.07375 0.05375
0 0.2675 0.28625 0.07 0.05
0 0.19125 0.28375 0.0725 0.05125
0 0.82125 0.21875 0.08 0.055
0 0.81 0.3 0.07625 0.055
0 0.2775 0.11 0.06 0.05625
0 0.495 0.4375 0.0675 0.0575
0 0.6425 0.44375 0.06875 0.05875
0 0.63625 0.5675 0.07 0.0525
0 0.565 0.565 0.06875 0.055
0 0.49375 0.5625 0.0675 0.0525
0 0.4225 0.56125 0.06875 0.05125
0 0.35125 0.55125 0.065 0.045
0 0.20875 0.55625 0.07375 0.04625
0 0.1475 0.55125 0.04375 0.0475
0 0.85375 0.51125 0.04125 0.04
0 0.7925 0.51 0.07375 0.04375
0 0.56875 0.4375 0.06625 0.06375
0 0.63875 0.505 0.0675 0.04375
0 0.49375 0.50125 0.06875 0.045
0 0.425 0.5 0.06625 0.04625
0 0.35125 0.49625 0.0675 0.04375
0 0.27875 0.4925 0.0725 0.045
0 0.2025 0.4875 0.07 0.045
0 0.145 0.49 0.03875 0.055
0 0.855 0.445 0.03875 0.0475
0 0.79625 0.4425 0.07375 0.04375
0 0.71875 0.4425 0.075 0.04875
0 0.5675 0.50375 0.0675 0.04625
0 0.42875 0.1075 0.0725 0.08625