0 0.72 0.7775 0.0325 0.08375
0 0.6975 0.33625 0.05125 0.09125
0 0.64125 0.335 0.04625 0.09
0 0.58625 0.3325 0.05875 0.1
0 0.51125 0.3325 0.055 0.095
0 0.45875 0.33625 0.04125 0.0925
0 0.4125 0.345 0.03375 0.07
0 0.37 0.3425 0.04 0.08
0 0.32375 0.34625 0.045 0.06375
0 0.7525 0.335 0.04625 0.08875
0 0.28 0.3475 0.035 0.075
0 0.17375 0.33125 0.0575 0.1025
0 0.205 0.2175 0.04875 0.01375
0 0.20375 0.1925 0.05875 0.03
0 0.2 0.16 0.05125 0.025
0 0.19625 0.13125 0.0575 0.02125
0 0.2725 0.165 0.05125 0.0225
0 0.28375 0.195 0.05625 0.025
0 0.28125 0.2225 0.0575 0.0225
0 0.23125 0.34375 0.045 0.0825
0 0.20625 0.245 0.05 0.03375
0 0.79875 0.33625 0.0375 0.0875
0 0.13875 0.47 0.02625 0.0625
0 0.32625 0.5675 0.04 0.085
0 0.2675 0.5625 0.05625 0.09125
0 0.2125 0.57125 0.045 0.07625
0 0.15875 0.5675 0.04625 0.08875
0 0.84 0.45625 0.03 0.07875
0 0.79875 0.46 0.045 0.08
0 0.7575 0.455 0.03125 0.07875
0 0.69875 0.44625 0.0775 0.10375
0 0.85875 0.33375 0.0325 0.085
0 0.635 0.4575 0.03625 0.08875
0 0.55 0.46 0.0375 0.08625
0 0.50125 0.4475 0.05375 0.10625
0 0.4525 0.465 0.03375 0.0675
0 0.39125 0.46875 0.045 0.0675
0 0.33125 0.45375 0.05875 0.11125
0 0.2825 0.46375 0.02875 0.08625
0 0.2425 0.47 0.04375 0.075
0 0.17875 0.45 0.04875 0.1025
0 0.59125 0.45875 0.03625 0.08375
0 0.275 0.25125 0.04 0.025
0 0.36 0.23125 0.04125 0.07125
0 0.42 0.225 0.07 0.07875
0 0.68 0.0475 0.0425 0.0225
0 0.68 0.07 0.04125 0.02125
0 0.68125 0.09375 0.0425 0.015
0 0.63 0.06625 0.035 0.07875
0 0.58625 0.05625 0.0375 0.02875
0 0.58625 0.09 0.04375 0.035
0 0.54125 0.07125 0.03625 0.07125
0 0.50375 0.07 0.0275 0.07125
0 0.69125 0.0175 0.04 0.0325
0 0.47375 0.07 0.02625 0.075
0 0.41125 0.07125 0.02375 0.075
0 0.38375 0.075 0.025 0.07125
0 0.34625 0.09125 0.04 0.03
0 0.3475 0.05875 0.04125 0.0325
0 0.29125 0.065 0.06 0.0925
0 0.23 0.09125 0.0525 0.02875
0 0.23 0.05625 0.045 0.04
0 0.1725 0.0575 0.05125 0.1075
0 0.4425 0.06625 0.03125 0.0775
0 0.73125 0.04 0.0325 0.02375
0 0.72125 0.06625 0.03375 0.0275
0 0.72375 0.09375 0.035 0.02
0 0.495 0.2375 0.0675 0.0575
0 0.54875 0.17375 0.0275 0.04875
0 0.545 0.235 0.0275 0.06875
0 0.575 0.2475 0.02375 0.03875
0 0.6075 0.2425 0.025 0.04625
0 0.665 0.235 0.025 0.06
0 0.635 0.235 0.0225 0.06125
0 0.66 0.17125 0.02875 0.05375
0 0.62375 0.17125 0.0275 0.05
0 0.7025 0.2275 0.03625 0.0675
0 0.77125 0.22375 0.08625 0.08125
0 0.83625 0.23125 0.04125 0.05875
0 0.84875 0.0625 0.035 0.08625
0 0.80875 0.09625 0.03125 0.01875
0 0.81125 0.0725 0.03 0.02
0 0.7675 0.095 0.04375 0.01625
0 0.765 0.0775 0.0375 0.015
0 0.80875 0.05 0.03125 0.02375
0 0.76875 0.05625 0.035 0.02
0 0.37125 0.5675 0.0475 0.085
0 0.755 0.77625 0.03 0.08625
0 0.4225 0.5675 0.045 0.07875
0 0.52625 0.565 0.04625 0.085
0 0.78625 0.7775 0.03125 0.08375
0 0.7625 0.88 0.04625 0.0875
0 0.71 0.8825 0.0475 0.08875
0 0.66125 0.88375 0.045 0.09125
0 0.61125 0.88375 0.045 0.08875
0 0.565 0.88375 0.04375 0.09125
0 0.51875 0.88625 0.0425 0.0925
0 0.46875 0.88625 0.04875 0.09
0 0.425 0.87375 0.03625 0.0675
0 0.3675 0.88375 0.05375 0.09
0 0.31125 0.88375 0.05125 0.09125
0 0.255 0.88375 0.03375 0.09125
0 0.2175 0.885 0.02625 0.08875
0 0.86 0.88 0.02875 0.08875
0 0.17875 0.88375 0.03875 0.1
0 0.21 0.78625 0.05125 0.06125
0 0.28 0.78 0.04625 0.0625
0 0.3275 0.78 0.04125 0.05375
0 0.39125 0.77 0.03125 0.07625
0 0.4275 0.78125 0.03125 0.0825
0 0.465 0.77 0.02375 0.07
0 0.4975 0.775 0.025 0.065
0 0.525 0.78625 0.0275 0.0775
0 0.5575 0.76875 0.02625 0.07375
0 0.59 0.78625 0.02625 0.0775
0 0.62 0.78125 0.025 0.07625
0 0.6525 0.77625 0.02875 0.0875
0 0.68625 0.77625 0.0325 0.09
0 0.14875 0.77625 0.0475 0.08
0 0.475 0.56625 0.03875 0.085
0 0.81625 0.88125 0.05 0.08625
0 0.8325 0.68125 0.045 0.05
0 0.81375 0.7625 0.01625 0.06625
0 0.86625 0.68 0.01625 0.05625
0 0.7425 0.66875 0.04625 0.02875
0 0.69625 0.69625 0.04125 0.025
0 0.695 0.66625 0.0375 0.02625
0 0.64625 0.695 0.045 0.0375
0 0.64625 0.6575 0.04375 0.0275
0 0.56875 0.6925 0.0425 0.04125
0 0.525 0.69125 0.0375 0.03875
0 0.5725 0.64875 0.04875 0.0425
0 0.5275 0.65 0.03875 0.0375
0 0.475 0.66875 0.02875 0.06625
0 0.78875 0.68125 0.03625 0.055
0 0.44125 0.68 0.0275 0.06625
0 0.37875 0.67375 0.02625 0.0775
0 0.835 0.7625 0.01875 0.0625
0 0.34375 0.6875 0.02875 0.0525
0 0.3 0.68125 0.04375 0.08875
0 0.25125 0.68125 0.04875 0.07125
0 0.19625 0.6775 0.05875 0.08
0 0.14625 0.67375 0.0375 0.08125
0 0.855 0.55 0.03625 0.07125
0 0.79875 0.555 0.06 0.09125
0 0.7325 0.56 0.04875 0.08625
0 0.68125 0.56125 0.04125 0.08125
0 0.63375 0.5675 0.04375 0.07625
0 0.58125 0.56125 0.0475 0.08125
0 0.40875 0.67125 0.02375 0.075
0 0.74 0.6975 0.03875 0.02625