0 0.715 0.155 0.015 0.04125
0 0.5425 0.30625 0.01625 0.04125
0 0.52125 0.305 0.01875 0.0425
0 0.4975 0.305 0.01875 0.03625
0 0.4725 0.30375 0.01875 0.04
0 0.45 0.305 0.02125 0.04125
0 0.42625 0.3025 0.01625 0.0425
0 0.54375 0.25875 0.02 0.045
0 0.22 0.24875 0.01625 0.0475
0 0.52 0.25875 0.02 0.04125
0 0.475 0.25625 0.01875 0.0425
0 0.45 0.2575 0.0175 0.04375
0 0.4275 0.255 0.0175 0.0425
0 0.56375 0.25875 0.0175 0.04
0 0.56625 0.30625 0.0175 0.0425
0 0.58625 0.305 0.01625 0.0375
0 0.585 0.26125 0.01875 0.0375
0 0.49625 0.25875 0.01625 0.04125
0 0.245 0.25 0.02 0.04375
0 0.2725 0.25 0.02 0.04625
0 0.30125 0.25125 0.02125 0.0475
0 0.21875 0.4925 0.0475 0.02
0 0.215 0.46875 0.0475 0.02375
0 0.215 0.4475 0.055 0.01875
0 0.21625 0.42125 0.04625 0.0275
0 0.21 0.36875 0.0475 0.0575
0 0.40375 0.30125 0.025 0.03875
0 0.37875 0.3025 0.02125 0.045
0 0.35375 0.30125 0.02125 0.04625
0 0.3275 0.30125 0.01875 0.045
0 0.3025 0.3 0.025 0.045
0 0.2725 0.3 0.02375 0.045
0 0.24625 0.3 0.02375 0.04625
0 0.22375 0.3 0.0175 0.04625
0 0.40375 0.25625 0.0225 0.04375
0 0.38 0.25375 0.01875 0.045
0 0.3525 0.2525 0.02125 0.04375
0 0.3275 0.25375 0.02125 0.04375
0 0.58625 0.215 0.0175 0.045
0 0.56625 0.21375 0.0175 0.045
0 0.5425 0.21 0.02 0.045
0 0.52 0.21125 0.02 0.04625
0 0.65 0.2175 0.0175 0.04125
0 0.62625 0.2175 0.015 0.0425
0 0.605 0.2125 0.015 0.04125
0 0.375 0.725 0.02 0.04125
0 0.4025 0.7175 0.01625 0.05125
0 0.4325 0.71875 0.02 0.04625
0 0.4575 0.715 0.02125 0.045
0 0.485 0.7125 0.02375 0.05
0 0.50875 0.70625 0.015 0.045
0 0.52875 0.70625 0.01875 0.03875
0 0.555 0.7 0.02 0.03625
0 0.43625 0.78625 0.02 0.03875
0 0.46 0.78 0.02 0.04125
0 0.48375 0.77625 0.02 0.04
0 0.50875 0.7725 0.0225 0.03875
0 0.5325 0.76875 0.01875 0.04
0 0.5575 0.765 0.0175 0.03625
0 0.67125 0.21625 0.015 0.04375
0 0.22 0.525 0.0425 0.0375
0 0.60375 0.26375 0.015 0.03625
0 0.6475 0.26 0.01625 0.03625
0 0.4975 0.21125 0.0225 0.0475
0 0.47375 0.21 0.0175 0.04625
0 0.45 0.21 0.02 0.045
0 0.4275 0.205 0.01875 0.04875
0 0.40375 0.2075 0.02125 0.04625
0 0.37625 0.20375 0.02125 0.04625
0 0.35125 0.2025 0.0225 0.05
0 0.32625 0.20375 0.0225 0.0475
0 0.29875 0.20125 0.02375 0.045
0 0.27125 0.19625 0.025 0.05125
0 0.24375 0.1975 0.0225 0.04875
0 0.22125 0.195 0.0175 0.055
0 0.66625 0.305 0.015 0.0375
0 0.645 0.30375 0.0175 0.0375
0 0.62375 0.3025 0.015 0.03625
0 0.60375 0.30625 0.015 0.03625
0 0.66875 0.26 0.01625 0.035
0 0.62625 0.26125 0.0175 0.03875
0 0.27375 0.4 0.025 0.07375
0 0.24875 0.4 0.01 0.07375
0 0.30375 0.4 0.025 0.07125
0 0.65875 0.56875 0.01875 0.06375
0 0.6375 0.57 0.02 0.0625
0 0.61625 0.5725 0.0175 0.06375
0 0.59375 0.575 0.01875 0.065
0 0.5725 0.57875 0.01875 0.06375
0 0.54625 0.58 0.02125 0.06625
0 0.52125 0.59125 0.02125 0.04625
0 0.4975 0.59125 0.02125 0.05
0 0.47125 0.59 0.0225 0.05875
0 0.44875 0.59125 0.01875 0.0575
0 0.425 0.59125 0.01875 0.065
0 0.39875 0.59125 0.0225 0.07
0 0.3725 0.59375 0.02375 0.07375
0 0.3475 0.6 0.02 0.0725
0 0.31875 0.6 0.025 0.07625
0 0.29125 0.60375 0.02375 0.07375
0 0.265 0.60625 0.0275 0.075
0 0.68125 0.565 0.01875 0.05875
0 0.65625 0.47875 0.025 0.06875
0 0.69125 0.6775 0.02125 0.0425
0 0.6475 0.68625 0.02 0.03875
0 0.40875 0.7925 0.01875 0.04
0 0.38375 0.79625 0.01875 0.04625
0 0.3575 0.8025 0.01875 0.04625
0 0.33 0.8075 0.02125 0.0425
0 0.30125 0.815 0.0225 0.05125
0 0.26875 0.81875 0.025 0.0425
0 0.29625 0.74 0.025 0.05
0 0.265 0.74625 0.02625 0.05
0 0.69 0.74375 0.0175 0.0325
0 0.66875 0.7475 0.01625 0.04
0 0.64625 0.74875 0.02 0.03625
0 0.625 0.75125 0.01625 0.02875
0 0.60125 0.75375 0.01875 0.035
0 0.57875 0.76125 0.015 0.03375
0 0.58 0.6925 0.02 0.04125
0 0.605 0.69125 0.01875 0.03875
0 0.6275 0.68625 0.015 0.0425
0 0.66875 0.6825 0.01625 0.0375
0 0.69375 0.21875 0.01625 0.03875
0 0.61875 0.48375 0.02375 0.07
0 0.56375 0.49 0.01875 0.0675
0 0.69125 0.2625 0.01375 0.03875
0 0.73625 0.2425 0.04125 0.0675
0 0.2775 0.5125 0.0225 0.07375
0 0.25375 0.51125 0.0125 0.0725
0 0.6625 0.38875 0.02 0.06375
0 0.625 0.39 0.02125 0.0675
0 0.60375 0.39125 0.01375 0.065
0 0.58125 0.38875 0.02125 0.0675
0 0.54 0.39375 0.02 0.06375
0 0.51625 0.39375 0.02 0.07375
0 0.4925 0.39375 0.02 0.07
0 0.46875 0.39625 0.02125 0.0725
0 0.44 0.3975 0.0225 0.0675
0 0.415 0.39875 0.01875 0.07
0 0.39 0.39875 0.0225 0.07125
0 0.355 0.40125 0.01875 0.075
0 0.3325 0.40125 0.02 0.07125
0 0.73125 0.2975 0.03875 0.0175
0 0.58875 0.48875 0.0225 0.06875
0 0.725 0.32375 0.04 0.01625
0 0.72125 0.3725 0.04625 0.0125
0 0.53875 0.49375 0.0175 0.06625
0 0.515 0.48375 0.02 0.03875
0 0.49 0.48375 0.0225 0.04125
0 0.46625 0.485 0.02 0.0425
0 0.43875 0.48625 0.0225 0.0425
0 0.415 0.5025 0.02375 0.06875
0 0.38875 0.5025 0.01875 0.0725
0 0.36375 0.505 0.02 0.06875
0 0.33625 0.50875 0.02125 0.06875
0 0.305 0.51 0.02125 0.075
0 0.69375 0.52 0.04875 0.01375
0 0.7 0.50125 0.045 0.0175
0 0.7075 0.4825 0.04125 0.015
0 0.705 0.46125 0.045 0.01875
0 0.70375 0.44 0.04 0.01375
0 0.71125 0.41875 0.035 0.01375
0 0.72625 0.395 0.04875 0.02125
0 0.72125 0.35 0.04125 0.01625
0 0.32375 0.7325 0.01875 0.04375
0 0.35 0.73125 0.02125 0.05125
0 0.4225 0.08625 0.0175 0.05125
0 0.20375 0.0675 0.0225 0.05375
0 0.23375 0.07 0.0275 0.05125
0 0.265 0.07 0.02375 0.05375
0 0.29125 0.075 0.02375 0.05
0 0.32 0.07625 0.02375 0.0525
0 0.34625 0.07875 0.0275 0.0525
0 0.37375 0.08125 0.0225 0.05125
0 0.4 0.0825 0.02125 0.05125
0 0.445 0.08875 0.02125 0.0475
0 0.47 0.0925 0.02125 0.0475
0 0.495 0.09375 0.02125 0.0475
0 0.21 0.12375 0.02125 0.0475
0 0.2675 0.12625 0.02125 0.0475
0 0.295 0.13 0.02125 0.0475
0 0.32 0.12875 0.02125 0.0475
0 0.23875 0.12375 0.02125 0.0475
0 0.37375 0.13375 0.02125 0.0475
0 0.69375 0.155 0.01875 0.04
0 0.67 0.155 0.015 0.0375
0 0.65 0.1525 0.01625 0.0375
0 0.62875 0.1525 0.015 0.04
0 0.67125 0.10875 0.0175 0.04375
0 0.34625 0.13375 0.02125 0.0475
0 0.63 0.105 0.01375 0.04
0 0.60625 0.1025 0.01625 0.045
0 0.65125 0.10625 0.015 0.0425
0 0.6075 0.15 0.0175 0.04375
0 0.49625 0.14375 0.02 0.045
0 0.47125 0.14125 0.02 0.045
0 0.445 0.13875 0.02125 0.04
0 0.4225 0.135 0.0175 0.0425
0 0.39875 0.13625 0.02125 0.0475