0 0.52125 0.31625 0.02625 0.0725
0 0.7375 0.14375 0.035 0.11625
0 0.49375 0.31875 0.0275 0.07625
0 0.4575 0.31625 0.0375 0.08
0 0.4175 0.31625 0.03625 0.0825
0 0.37625 0.3175 0.0425 0.075
0 0.33625 0.3175 0.035 0.07625
0 0.29625 0.3175 0.035 0.07375
0 0.7775 0.1425 0.03875 0.1175
0 0.6975 0.1425 0.04125 0.125
0 0.43125 0.16125 0.0425 0.10375
0 0.61375 0.14625 0.0375 0.12375
0 0.57625 0.14875 0.025 0.11875
0 0.54625 0.15125 0.03125 0.12
0 0.51125 0.15125 0.02875 0.12
0 0.47625 0.1525 0.0375 0.12
0 0.3925 0.16375 0.0275 0.105
0 0.35625 0.15875 0.0375 0.11375
0 0.3175 0.16 0.03375 0.10875
0 0.28 0.15875 0.03625 0.11125
0 0.55 0.31625 0.025 0.0675
0 0.65625 0.14375 0.03625 0.12125
0 0.58125 0.3125 0.03375 0.0775
0 0.78625 0.2925 0.03 0.09875
0 0.6375 0.31 0.02125 0.0775
0 0.1675 0.335 0.03625 0.075
0 0.2125 0.1625 0.03125 0.11125
0 0.1775 0.1625 0.035 0.11375
0 0.735 0.85625 0.04625 0.03875
0 0.855 0.85875 0.04 0.07375
0 0.80625 0.87875 0.045 0.0725
0 0.6875 0.90375 0.02875 0.05875
0 0.655 0.8975 0.02875 0.06875
0 0.625 0.895 0.03 0.0575
0 0.2075 0.34 0.03 0.06375
0 0.59625 0.885 0.02 0.08
0 0.5475 0.865 0.0225 0.08375
0 0.5225 0.8825 0.02 0.0875
0 0.4975 0.84875 0.0175 0.07
0 0.46625 0.8825 0.03125 0.0925
0 0.43875 0.87625 0.0175 0.09
0 0.41125 0.87875 0.0275 0.09
0 0.3575 0.87 0.06875 0.0975
0 0.86 0.7525 0.02875 0.05625
0 0.82625 0.7525 0.03375 0.05375
0 0.57125 0.885 0.02125 0.07375
0 0.745 0.7575 0.02375 0.07
0 0.17125 0.4625 0.02625 0.065
0 0.24625 0.46 0.0375 0.0625
0 0.8575 0.6325 0.035 0.07625
0 0.82125 0.6325 0.03125 0.0775
0 0.82875 0.5225 0.02625 0.0775
0 0.86125 0.53875 0.02625 0.05
0 0.855 0.28625 0.0375 0.07875
0 0.215 0.87875 0.08125 0.0175
0 0.28375 0.8525 0.0275 0.07
0 0.28375 0.75375 0.015 0.05375
0 0.26625 0.75375 0.01625 0.05125
0 0.20375 0.46375 0.035 0.0625
0 0.24625 0.755 0.0175 0.04875
0 0.26375 0.67 0.0225 0.06125
0 0.24125 0.6675 0.02 0.06
0 0.205 0.67125 0.02125 0.06125
0 0.16625 0.66875 0.01625 0.0475
0 0.14125 0.665 0.0275 0.055
0 0.2425 0.57875 0.0375 0.0625
0 0.20875 0.57875 0.02125 0.0625
0 0.6125 0.3225 0.02375 0.05875
0 0.1525 0.57125 0.0225 0.0625
0 0.15625 0.75125 0.02625 0.05125
0 0.7175 0.7525 0.02875 0.08125
0 0.18 0.575 0.02625 0.0575
0 0.65 0.76125 0.03875 0.05375
0 0.555 0.545 0.035 0.065
0 0.51375 0.54375 0.03875 0.06375
0 0.47125 0.54375 0.04 0.06875
0 0.43 0.545 0.0375 0.07
0 0.39375 0.545 0.0375 0.07
0 0.35625 0.54625 0.03125 0.06875
0 0.3175 0.54375 0.03875 0.07125
0 0.775 0.42125 0.035 0.06875
0 0.7275 0.42 0.0475 0.0725
0 0.595 0.54375 0.0425 0.06625
0 0.68 0.4175 0.045 0.07375
0 0.51375 0.4225 0.04375 0.07125
0 0.47 0.425 0.03875 0.06875
0 0.43 0.425 0.0375 0.0675
0 0.39 0.4225 0.035 0.07625
0 0.35 0.425 0.035 0.07375
0 0.3075 0.4225 0.03875 0.07875
0 0.705 0.31 0.02125 0.0875
0 0.67875 0.31125 0.0275 0.08125
0 0.6875 0.7525 0.0275 0.08125
0 0.5575 0.42125 0.0375 0.07125
0 0.67625 0.55 0.04625 0.0575
0 0.60375 0.41875 0.045 0.0725
0 0.76375 0.5425 0.03625 0.0675
0 0.615 0.7525 0.02125 0.07875
0 0.71875 0.54625 0.0375 0.06375
0 0.59 0.7525 0.02375 0.0825
0 0.565 0.75125 0.0175 0.07875
0 0.5425 0.74875 0.02 0.075
0 0.5175 0.74875 0.025 0.0725
0 0.45125 0.75625 0.035 0.05875
0 0.4125 0.7525 0.0225 0.07625
0 0.37375 0.74875 0.0375 0.065
0 0.33375 0.7525 0.03125 0.05625
0 0.4875 0.75375 0.02625 0.065
0 0.72375 0.6475 0.02875 0.0775
0 0.69375 0.64375 0.02375 0.07875
0 0.6425 0.64625 0.025 0.08125
0 0.60375 0.65 0.04375 0.08125
0 0.56 0.6475 0.035 0.0875
0 0.525 0.65125 0.03125 0.07375
0 0.48125 0.65125 0.0425 0.0675
0 0.405 0.65125 0.0325 0.0675
0 0.75625 0.645 0.03125 0.0825
0 0.36625 0.65 0.03125 0.05875
0 0.3275 0.66125 0.03375 0.05125