0 0.20625 0.33875 0.01 0.065
0 0.19125 0.35625 0.015 0.025
0 0.21 0.40375 0.0175 0.0325
0 0.86375 0.2125 0.0225 0.0775
0 0.225 0.33875 0.015 0.06375
0 0.16625 0.35125 0.02375 0.04375
0 0.25 0.34375 0.03 0.0625
0 0.4125 0.33375 0.01625 0.0775
0 0.32 0.34375 0.02625 0.06375
0 0.34375 0.33125 0.01375 0.085
0 0.36 0.3275 0.01375 0.07625
0 0.385 0.3325 0.02625 0.09125
0 0.82375 0.21 0.04125 0.08375
0 0.43125 0.33625 0.0175 0.08125
0 0.2925 0.33625 0.01875 0.065
0 0.7475 0.195 0.08875 0.1075
0 0.435 0.2125 0.0275 0.0775
0 0.5775 0.2125 0.01625 0.0725
0 0.145 0.20875 0.0225 0.07
0 0.17 0.20875 0.0225 0.07
0 0.2 0.21125 0.0225 0.07
0 0.22625 0.21125 0.0225 0.07
0 0.24875 0.215 0.0125 0.06125
0 0.27125 0.21625 0.02625 0.065
0 0.64125 0.19875 0.0925 0.1025
0 0.30375 0.2125 0.0075 0.07375
0 0.3375 0.2 0.0225 0.09375
0 0.36375 0.20125 0.0225 0.09375
0 0.4475 0.33625 0.01 0.08
0 0.47125 0.2075 0.0325 0.075
0 0.52 0.21 0.0325 0.07875
0 0.55625 0.21375 0.02 0.0725
0 0.31625 0.20875 0.01625 0.08
0 0.475 0.33375 0.04 0.0875
0 0.535 0.33125 0.02625 0.10625
0 0.575 0.33375 0.03 0.10375
0 0.75875 0.48375 0.035 0.09
0 0.71875 0.47375 0.035 0.09
0 0.16875 0.4575 0.03125 0.04875
0 0.62625 0.5075 0.04125 0.02
0 0.63375 0.48125 0.03375 0.0175
0 0.56 0.4875 0.03125 0.05625
0 0.5 0.48125 0.03125 0.05
0 0.4675 0.47625 0.02 0.04625
0 0.43875 0.4725 0.02 0.04625
0 0.41375 0.47375 0.02625 0.04625
0 0.54625 0.58375 0.04 0.01
0 0.38 0.47 0.02125 0.045
0 0.3525 0.46875 0.0225 0.04125
0 0.325 0.46875 0.02375 0.05625
0 0.3 0.465 0.02375 0.04875
0 0.2725 0.465 0.02 0.04875
0 0.24875 0.46 0.02375 0.0475
0 0.225 0.46 0.0175 0.0475
0 0.24125 0.4025 0.0275 0.0275
0 0.8025 0.4875 0.03625 0.09375
0 0.8475 0.48875 0.04125 0.09125
0 0.18625 0.55375 0.02 0.07125
0 0.20875 0.555 0.01125 0.06625
0 0.6075 0.335 0.03125 0.10625
0 0.6475 0.335 0.03 0.1075
0 0.6825 0.33625 0.03 0.1125
0 0.72125 0.345 0.02625 0.0975
0 0.755 0.34375 0.03375 0.0975
0 0.79 0.34375 0.02625 0.09875
0 0.83625 0.34375 0.04625 0.10875
0 0.54125 0.6025 0.04125 0.0125
0 0.54 0.62375 0.03625 0.02125
0 0.2 0.4575 0.02375 0.04625
0 0.49625 0.58875 0.03625 0.09
0 0.41125 0.5775 0.04 0.08125
0 0.3775 0.5825 0.01625 0.0675
0 0.355 0.58125 0.0225 0.06625
0 0.32875 0.5725 0.02375 0.075
0 0.30625 0.5725 0.01625 0.06375
0 0.2875 0.5675 0.015 0.07625
0 0.26875 0.56125 0.01625 0.07125
0 0.24625 0.56375 0.02 0.06875
0 0.225 0.55875 0.01625 0.0675
0 0.4525 0.5825 0.03625 0.0775
0 0.67625 0.4775 0.04125 0.095
0 0.55 0.56625 0.035 0.02
0 0.69375 0.82 0.035 0.05625
0 0.24625 0.7525 0.01 0.0625
0 0.23 0.755 0.0175 0.065
0 0.1975 0.755 0.01 0.06875
0 0.83 0.73875 0.0425 0.1025
0 0.78375 0.72875 0.03875 0.1
0 0.73625 0.725 0.0425 0.10875
0 0.68625 0.71875 0.04125 0.10125
0 0.63875 0.7075 0.04125 0.10125
0 0.595 0.70625 0.04125 0.1
0 0.25875 0.75 0.00625 0.05625
0 0.55 0.69625 0.04 0.09
0 0.47125 0.68625 0.0325 0.0875
0 0.43875 0.69 0.02125 0.0825
0 0.4125 0.69 0.0225 0.07375
0 0.39125 0.68125 0.02 0.07375
0 0.35625 0.68 0.0225 0.07375
0 0.32875 0.67625 0.0175 0.06875
0 0.31375 0.67125 0.0075 0.06125
0 0.30375 0.65625 0.01125 0.05875
0 0.27125 0.6675 0.02375 0.0725
0 0.51 0.6925 0.03375 0.08375
0 0.2475 0.665 0.02125 0.08
0 0.26625 0.7475 0.0075 0.0475
0 0.30625 0.76375 0.01375 0.06375
0 0.745 0.85625 0.05875 0.11625
0 0.81125 0.85125 0.04875 0.08625
0 0.85375 0.84125 0.0275 0.04875
0 0.6 0.81875 0.01875 0.08375
0 0.575 0.81625 0.015 0.08
0 0.555 0.8125 0.01625 0.07625
0 0.53625 0.80875 0.02 0.08125
0 0.50625 0.8 0.01625 0.075
0 0.4825 0.805 0.0125 0.065
0 0.28375 0.76125 0.01875 0.06625
0 0.46625 0.79875 0.01125 0.07125
0 0.4375 0.795 0.01125 0.06875
0 0.425 0.79375 0.0075 0.07125
0 0.4125 0.78875 0.01125 0.06875
0 0.3975 0.78625 0.01125 0.0725
0 0.38625 0.78875 0.01 0.06875
0 0.3725 0.7825 0.01375 0.075
0 0.3575 0.76125 0.0075 0.04625
0 0.34125 0.775 0.01375 0.07375
0 0.32375 0.77 0.01125 0.07
0 0.45375 0.795 0.01 0.07375
0 0.62 0.8225 0.0125 0.07875
0 0.21625 0.65875 0.02125 0.08
0 0.84875 0.60125 0.035 0.085
0 0.18875 0.655 0.02125 0.08
0 0.6 0.56125 0.04375 0.025
0 0.60125 0.5925 0.0525 0.0275
0 0.59125 0.6225 0.05125 0.02125
0 0.63625 0.83125 0.01875 0.0775
0 0.71125 0.6 0.03125 0.09625
0 0.745 0.605 0.02875 0.09875
0 0.78125 0.595 0.0275 0.0875
0 0.81375 0.60625 0.0325 0.08875
0 0.67875 0.59875 0.02875 0.09375