0 0.165 0.7575 0.06 0.02625
0 0.23875 0.7525 0.06125 0.03125
0 0.42125 0.73375 0.05125 0.03375
0 0.5275 0.76875 0.05625 0.03375
0 0.47375 0.7675 0.05 0.03375
0 0.42125 0.77125 0.0525 0.04125
0 0.36375 0.775 0.05125 0.03125
0 0.3625 0.745 0.05125 0.03
0 0.36 0.71625 0.05875 0.02375
0 0.3 0.71875 0.0575 0.03
0 0.30125 0.74875 0.05875 0.02625
0 0.30125 0.78 0.0575 0.0325
0 0.23875 0.7825 0.06125 0.03
0 0.635 0.77 0.0525 0.02875
0 0.82375 0.645 0.05 0.02625
0 0.81875 0.615 0.05125 0.0175
0 0.86 0.6125 0.02875 0.015
0 0.85875 0.59625 0.03125 0.01625
0 0.17 0.785 0.04875 0.02625
0 0.16375 0.72875 0.05375 0.03
0 0.2375 0.72125 0.06 0.03
0 0.57625 0.87625 0.04625 0.00875
0 0.5275 0.86 0.045 0.0125
0 0.63625 0.9 0.07375 0.0175
0 0.6375 0.8725 0.06875 0.0325
0 0.64 0.83875 0.07125 0.0275
0 0.71 0.89375 0.0675 0.035
0 0.58125 0.73375 0.05 0.03125
0 0.5825 0.76625 0.0475 0.0325
0 0.52875 0.73125 0.05 0.0325
0 0.47625 0.73 0.05125 0.0375
0 0.42 0.70875 0.05125 0.015
0 0.52625 0.87125 0.045 0.00875
0 0.72 0.855 0.06625 0.04125
0 0.82375 0.8325 0.08 0.0475
0 0.5775 0.86 0.04375 0.00625
0 0.57625 0.8675 0.04625 0.0075
0 0.635 0.73875 0.0525 0.03125
0 0.575 0.88625 0.04625 0.00875
0 0.575 0.895 0.045 0.0075
0 0.575 0.905 0.045 0.00875
0 0.52625 0.82375 0.04375 0.02
0 0.52625 0.84375 0.04625 0.01625
0 0.825 0.88 0.085 0.045
0 0.635 0.7075 0.0525 0.0275
0 0.6925 0.73625 0.0525 0.03
0 0.235 0.6325 0.05875 0.03
0 0.42125 0.9 0.0525 0.03375
0 0.47375 0.8975 0.05125 0.03
0 0.4225 0.8625 0.05 0.03875
0 0.47375 0.86 0.05 0.035
0 0.4225 0.82875 0.05 0.02625
0 0.47375 0.82875 0.05 0.02375
0 0.525 0.91 0.045 0.01
0 0.765 0.6425 0.0575 0.03625
0 0.525 0.8975 0.045 0.0125
0 0.52625 0.88375 0.04625 0.015
0 0.47875 0.59 0.0475 0.025
0 0.53625 0.65125 0.0525 0.035
0 0.5375 0.6175 0.05375 0.0325
0 0.535 0.5875 0.05 0.02125
0 0.59625 0.65 0.0575 0.03625
0 0.59625 0.615 0.0575 0.03125
0 0.59375 0.5875 0.05375 0.02375
0 0.6525 0.64625 0.05125 0.035
0 0.6525 0.61125 0.0525 0.0325
0 0.7075 0.645 0.055 0.03
0 0.71 0.605 0.04875 0.0275
0 0.36375 0.90125 0.0525 0.02625
0 0.79 0.465 0.0375 0.05
0 0.365 0.87625 0.055 0.025
0 0.31125 0.845 0.05125 0.03
0 0.2975 0.625 0.05625 0.03375
0 0.36 0.65875 0.0625 0.03375
0 0.29375 0.66125 0.06125 0.03
0 0.22625 0.665 0.0575 0.03125
0 0.42375 0.65375 0.05375 0.03375
0 0.4825 0.655 0.055 0.03125
0 0.47875 0.62 0.05 0.035
0 0.69125 0.7675 0.055 0.03125
0 0.69125 0.70625 0.05125 0.0275
0 0.74875 0.7575 0.05125 0.0425
0 0.7475 0.7125 0.05375 0.04125
0 0.82125 0.76125 0.055 0.02875
0 0.82125 0.7325 0.05125 0.0275
0 0.82375 0.7025 0.055 0.03125
0 0.1825 0.9075 0.055 0.0325
0 0.17875 0.87625 0.06 0.03
0 0.175 0.8425 0.05375 0.03375
0 0.2475 0.90875 0.05875 0.03375
0 0.2475 0.88 0.0575 0.02625
0 0.24625 0.85 0.06125 0.03
0 0.305 0.905 0.055 0.03125
0 0.36625 0.84625 0.055 0.02875
0 0.3075 0.87375 0.0525 0.0275
0 0.57625 0.845 0.04125 0.02
0 0.56125 0.405 0.0575 0.035
0 0.37625 0.40875 0.06125 0.03625
0 0.3725 0.3725 0.06125 0.03375
0 0.36875 0.33375 0.05875 0.03875
0 0.4375 0.4075 0.0575 0.0375
0 0.43625 0.37 0.06 0.035
0 0.49875 0.40375 0.05875 0.0375
0 0.30125 0.33625 0.06 0.0375
0 0.5 0.36625 0.055 0.03625
0 0.56125 0.3675 0.05875 0.03875
0 0.56 0.33 0.05375 0.03625
0 0.61875 0.4025 0.05625 0.03875
0 0.6225 0.36375 0.0525 0.035
0 0.62125 0.32625 0.055 0.035
0 0.6775 0.39875 0.055 0.03875
0 0.51 0.33 0.03875 0.03375
0 0.73625 0.3975 0.0575 0.035
0 0.3075 0.375 0.05875 0.03375
0 0.25 0.4125 0.055 0.03625
0 0.6175 0.18125 0.05875 0.03625
0 0.61875 0.2225 0.06 0.0425
0 0.67625 0.2675 0.04625 0.02875
0 0.67625 0.23875 0.045 0.02875
0 0.6725 0.2125 0.0425 0.02375
0 0.7325 0.24 0.0525 0.0175
0 0.3125 0.41 0.05875 0.03625
0 0.7325 0.22125 0.05 0.01625
0 0.78 0.26625 0.055 0.02
0 0.19625 0.41375 0.05125 0.03625
0 0.1875 0.37625 0.04375 0.035
0 0.18375 0.33875 0.04875 0.0375
0 0.2375 0.33875 0.03875 0.0375
0 0.24125 0.37625 0.05 0.035
0 0.725 0.205 0.04625 0.01375
0 0.5575 0.1825 0.05875 0.03625
0 0.68125 0.36 0.05625 0.0325
0 0.7375 0.32375 0.04875 0.0325
0 0.50125 0.4675 0.05625 0.03
0 0.50375 0.50125 0.05125 0.03375
0 0.50375 0.53375 0.05375 0.03125
0 0.56 0.53125 0.055 0.0375
0 0.55875 0.49125 0.05125 0.035
0 0.56 0.46 0.0525 0.02625
0 0.445 0.4675 0.055 0.03125
0 0.57625 0.82375 0.04375 0.02125
0 0.61625 0.49 0.0525 0.03375
0 0.67875 0.52 0.05875 0.055
0 0.735 0.5175 0.05125 0.05125
0 0.785 0.5175 0.04375 0.05125
0 0.6825 0.46625 0.05625 0.0475
0 0.74 0.4675 0.05875 0.0475
0 0.62 0.52875 0.0575 0.04
0 0.73875 0.36125 0.05625 0.03375
0 0.44375 0.50125 0.05625 0.035
0 0.38875 0.5375 0.055 0.03
0 0.68125 0.325 0.0575 0.03375
0 0.78875 0.40125 0.0425 0.02625
0 0.79 0.375 0.0425 0.025
0 0.2075 0.54375 0.05 0.03875
0 0.20375 0.5075 0.0575 0.03375
0 0.20125 0.475 0.0525 0.03125
0 0.4475 0.53625 0.05375 0.0325
0 0.25875 0.47375 0.05875 0.03125
0 0.2675 0.54125 0.0625 0.0325
0 0.3275 0.53875 0.0575 0.0325
0 0.325 0.505 0.06375 0.03375
0 0.32125 0.47125 0.055 0.03375
0 0.3825 0.47 0.06125 0.03
0 0.38625 0.50375 0.0525 0.035
0 0.2625 0.5075 0.0525 0.03375
0 0.55875 0.2225 0.05875 0.04125
0 0.725 0.265 0.04625 0.0275
0 0.56 0.26375 0.06 0.0375
0 0.6875 0.065 0.0625 0.04375
0 0.56125 0.0475 0.065 0.02625
0 0.62375 0.07625 0.05875 0.03375
0 0.56375 0.0775 0.05875 0.0325
0 0.7475 0.11 0.06 0.04375
0 0.68875 0.11125 0.0575 0.04625
0 0.6275 0.115 0.06375 0.0375
0 0.56375 0.11625 0.0625 0.04
0 0.4925 0.07125 0.065 0.04375
0 0.74875 0.06375 0.0575 0.0425
0 0.43 0.0725 0.05875 0.045
0 0.43125 0.11625 0.06125 0.04375
0 0.36625 0.0825 0.06375 0.04125
0 0.36625 0.12 0.06375 0.035
0 0.2975 0.08 0.06375 0.04375
0 0.62 0.26375 0.06 0.0375
0 0.235 0.11875 0.0625 0.04125
0 0.22875 0.07875 0.0725 0.04
0 0.1625 0.07875 0.06 0.0425
0 0.16625 0.1225 0.06125 0.04
0 0.4975 0.11625 0.0675 0.04125
0 0.8075 0.065 0.05875 0.0425
0 0.3 0.12125 0.0625 0.0375
0 0.8575 0.11375 0.0325 0.0275
0 0.805 0.11 0.055 0.04375
0 0.49875 0.26375 0.06125 0.0375
0 0.49625 0.22125 0.0575 0.04375
0 0.43125 0.18375 0.05875 0.03625
0 0.43375 0.225 0.0575 0.0425
0 0.36875 0.19875 0.0375 0.02375
0 0.3825 0.23 0.0425 0.035
0 0.34375 0.23125 0.03375 0.03625
0 0.305 0.23 0.0375 0.03375
0 0.265 0.2325 0.04 0.03625
0 0.49375 0.18125 0.0625 0.03125
0 0.1725 0.23 0.045 0.0375
0 0.2225 0.2325 0.04125 0.035
0 0.1775 0.27125 0.0375 0.03875
0 0.2175 0.27125 0.0425 0.03875
0 0.26 0.27 0.03875 0.03875
0 0.85875 0.0875 0.0325 0.02
0 0.30125 0.26875 0.04375 0.03625
0 0.34375 0.26875 0.03875 0.03625
0 0.385 0.26875 0.0425 0.0375
0 0.435 0.2675 0.05875 0.04125