0 0.4325 0.28125 0.02875 0.13875
0 0.475 0.3025 0.0325 0.1275
0 0.63 0.295 0.015 0.1575
0 0.575 0.2925 0.025 0.14125
0 0.1375 0.275 0.0225 0.1175
0 0.665 0.29375 0.0325 0.16
0 0.71625 0.30625 0.03375 0.1325
0 0.51625 0.30375 0.0325 0.13375
0 0.13875 0.4825 0.02625 0.1525
0 0.32 0.29125 0.02625 0.12875
0 0.39375 0.28875 0.0275 0.14125
0 0.3575 0.2775 0.02875 0.13
0 0.16125 0.2775 0.01875 0.12125
0 0.28 0.2925 0.01375 0.125
0 0.2625 0.29125 0.015 0.1175
0 0.23 0.295 0.025 0.1375
0 0.19375 0.29 0.02625 0.12
0 0.75625 0.3 0.03375 0.1375
0 0.61125 0.28375 0.01375 0.12625
0 0.79875 0.3 0.03125 0.14
0 0.245 0.4575 0.02 0.1225
0 0.86625 0.1325 0.01625 0.13625
0 0.59125 0.1325 0.00875 0.11125
0 0.55 0.13 0.02 0.11875
0 0.4325 0.1225 0.0225 0.1275
0 0.3975 0.1325 0.02375 0.12375
0 0.35125 0.11625 0.02625 0.11875
0 0.27875 0.1175 0.015 0.1275
0 0.25875 0.11625 0.015 0.125
0 0.23 0.125 0.02 0.135
0 0.19375 0.1275 0.02375 0.13
0 0.15 0.11125 0.02375 0.1175
0 0.71875 0.8575 0.01625 0.11125
0 0.63875 0.13875 0.02125 0.10125
0 0.53125 0.12 0.0125 0.1175
0 0.51375 0.12375 0.0125 0.1175
0 0.48375 0.13 0.0325 0.1175
0 0.69375 0.13875 0.03625 0.12875
0 0.76 0.11875 0.02875 0.14125
0 0.79625 0.13 0.02375 0.135
0 0.8325 0.1325 0.0325 0.135
0 0.85375 0.3 0.0325 0.13125
0 0.18625 0.47625 0.05 0.1475
0 0.695 0.855 0.01625 0.11125
0 0.615 0.85 0.015 0.1175
0 0.17 0.62875 0.03375 0.125
0 0.21375 0.6275 0.03875 0.11875
0 0.26125 0.63125 0.02125 0.1175
0 0.29625 0.62875 0.01 0.11375
0 0.30625 0.6275 0.0075 0.11375
0 0.3175 0.6275 0.0075 0.11375
0 0.13625 0.6425 0.01875 0.115
0 0.3425 0.62875 0.0075 0.11375
0 0.3775 0.6325 0.0075 0.11375
0 0.38875 0.6325 0.0075 0.11375
0 0.4175 0.6475 0.0075 0.11375
0 0.425 0.6525 0.0075 0.11375
0 0.45375 0.635 0.0075 0.11375
0 0.46375 0.63625 0.0075 0.11375
0 0.3525 0.63875 0.0075 0.11375
0 0.85875 0.49375 0.03125 0.115
0 0.7975 0.4875 0.02625 0.12125
0 0.75 0.4875 0.0375 0.14125
0 0.22125 0.45625 0.01375 0.11875
0 0.2825 0.46625 0.045 0.13125
0 0.3275 0.47375 0.03375 0.14375
0 0.37125 0.46375 0.03625 0.13
0 0.4075 0.465 0.0275 0.13125
0 0.4425 0.46125 0.0175 0.11375
0 0.46 0.45625 0.01125 0.10375
0 0.48375 0.46875 0.015 0.10625
0 0.50125 0.4675 0.01375 0.11
0 0.52375 0.47 0.02875 0.11875
0 0.55375 0.48 0.0225 0.11125
0 0.5775 0.48 0.02125 0.11125
0 0.6125 0.4875 0.03 0.1425
0 0.655 0.48375 0.03125 0.12625
0 0.7025 0.47875 0.02875 0.11625
0 0.47375 0.6375 0.0075 0.11375
0 0.5025 0.6375 0.0075 0.11375
0 0.51375 0.64 0.0075 0.11375
0 0.54125 0.6375 0.0075 0.11375
0 0.15 0.79375 0.00875 0.11375
0 0.2375 0.8575 0.0175 0.12
0 0.2175 0.85375 0.015 0.11
0 0.1975 0.84875 0.0175 0.1075
0 0.28625 0.85125 0.01625 0.105
0 0.30625 0.84125 0.01125 0.12625
0 0.3325 0.85 0.02 0.11
0 0.42375 0.825 0.02125 0.135
0 0.37125 0.8225 0.02125 0.135
0 0.39625 0.825 0.02125 0.135
0 0.46125 0.80625 0.025 0.11875
0 0.5075 0.81625 0.025 0.11875
0 0.5475 0.8475 0.025 0.11875
0 0.5725 0.84875 0.015 0.1175
0 0.59375 0.84625 0.015 0.1175
0 0.13875 0.79375 0.00875 0.11375
0 0.67125 0.85125 0.01625 0.11125
0 0.13 0.7975 0.00875 0.11375
0 0.8625 0.6525 0.0075 0.11375
0 0.55375 0.63625 0.0075 0.11375
0 0.5775 0.63625 0.0075 0.11375
0 0.59 0.63875 0.0075 0.11375
0 0.6175 0.64625 0.0075 0.11375
0 0.60625 0.13375 0.01375 0.11875
0 0.66625 0.6675 0.0075 0.11375
0 0.67875 0.67 0.0075 0.11375
0 0.71 0.6525 0.0075 0.11375
0 0.735 0.6375 0.0075 0.11375
0 0.75125 0.64 0.0075 0.11375
0 0.77625 0.65125 0.0075 0.11375
0 0.7875 0.65 0.0075 0.11375
0 0.825 0.6425 0.0075 0.11375
0 0.8375 0.64625 0.0075 0.11375
0 0.85 0.64875 0.0075 0.11375
0 0.16375 0.7975 0.0125 0.11125
0 0.62875 0.67375 0.0075 0.11375
0 0.31125 0.12625 0.02375 0.13
0 0.78625 0.8525 0.01625 0.11125
0 0.80625 0.855 0.01625 0.11125
0 0.8525 0.84 0.01625 0.11125
0 0.86875 0.84 0.01125 0.11125
0 0.76625 0.8525 0.01625 0.11125