0 0.40375 0.36625 0.0275 0.09375
0 0.67 0.50875 0.02375 0.10625
0 0.6425 0.50625 0.025 0.1
0 0.61375 0.5075 0.02625 0.10125
0 0.5875 0.50625 0.025 0.09875
0 0.56 0.5025 0.02625 0.095
0 0.53375 0.4975 0.02 0.09625
0 0.51125 0.4975 0.02 0.09625
0 0.48625 0.495 0.025 0.095
0 0.45375 0.49625 0.0175 0.09375
0 0.43125 0.49375 0.02625 0.09375
0 0.40625 0.4925 0.02 0.08625
0 0.38375 0.4875 0.01875 0.09125
0 0.36 0.48875 0.02 0.08875
0 0.33625 0.4875 0.02375 0.085
0 0.3125 0.485 0.02 0.085
0 0.2925 0.48375 0.01875 0.0825
0 0.27375 0.48 0.01625 0.08
0 0.70125 0.5075 0.03375 0.10125
0 0.25625 0.4775 0.0175 0.07625
0 0.86625 0.52375 0.0175 0.105
0 0.78375 0.52125 0.035 0.105
0 0.655 0.3525 0.03 0.1025
0 0.62125 0.35375 0.035 0.0975
0 0.5525 0.36125 0.025 0.07
0 0.525 0.36625 0.0275 0.07375
0 0.49625 0.37 0.03 0.06875
0 0.46375 0.36625 0.03125 0.095
0 0.4325 0.37 0.02625 0.09875
0 0.38 0.36625 0.01875 0.08875
0 0.3575 0.37125 0.0225 0.09
0 0.33125 0.36875 0.02125 0.0875
0 0.30875 0.36875 0.0225 0.085
0 0.695 0.35125 0.03375 0.0975
0 0.73125 0.3525 0.0325 0.10625
0 0.77 0.3525 0.04125 0.1075
0 0.815 0.35125 0.0425 0.1075
0 0.85875 0.35125 0.0325 0.11
0 0.82625 0.5225 0.04 0.09875
0 0.74375 0.51875 0.03375 0.1025
0 0.235 0.47625 0.02375 0.07375
0 0.215 0.47375 0.01375 0.0775
0 0.20125 0.47375 0.0125 0.07375
0 0.2875 0.36875 0.01625 0.08875
0 0.2675 0.3725 0.0175 0.0825
0 0.2475 0.37125 0.01875 0.08125
0 0.2275 0.3725 0.02125 0.08125
0 0.20875 0.37125 0.00875 0.0775
0 0.1925 0.3725 0.01625 0.08375
0 0.175 0.37125 0.015 0.07625
0 0.1575 0.3725 0.01625 0.07125
0 0.135 0.37625 0.01875 0.07625
0 0.15375 0.295 0.0225 0.0275
0 0.1525 0.26625 0.025 0.02625
0 0.13125 0.27375 0.0125 0.08
0 0.1725 0.275 0.0125 0.075
0 0.18625 0.27 0.01625 0.06625
0 0.205 0.27125 0.0175 0.065
0 0.22125 0.27 0.0125 0.06875
0 0.23625 0.27 0.01125 0.06125
0 0.65125 0.65 0.0375 0.09625
0 0.6125 0.645 0.03875 0.10125
0 0.57375 0.635 0.0375 0.09875
0 0.49875 0.60875 0.03 0.09375
0 0.18125 0.47125 0.02 0.0725
0 0.16375 0.4725 0.01125 0.0725
0 0.145 0.4675 0.02 0.0775
0 0.13625 0.56 0.01875 0.0725
0 0.15375 0.5625 0.01375 0.0775
0 0.17125 0.5625 0.02 0.08375
0 0.19 0.565 0.01625 0.08375
0 0.21 0.57 0.02 0.085
0 0.13125 0.1825 0.01125 0.06625
0 0.2325 0.57125 0.0225 0.0875
0 0.2725 0.5825 0.025 0.09125
0 0.2975 0.58625 0.02125 0.0975
0 0.32 0.59125 0.02125 0.09625
0 0.34375 0.59375 0.02625 0.0975
0 0.3725 0.5975 0.02625 0.1
0 0.4025 0.6025 0.02625 0.1
0 0.43 0.6075 0.0275 0.10375
0 0.4625 0.6125 0.03 0.11125
0 0.2525 0.57625 0.01625 0.0875
0 0.14375 0.18 0.01375 0.06375
0 0.58375 0.3625 0.03 0.095
0 0.1725 0.17125 0.01375 0.06875
0 0.19875 0.68375 0.01875 0.08625
0 0.21625 0.69 0.0125 0.08125
0 0.23125 0.695 0.01625 0.085
0 0.25375 0.7 0.0225 0.0875
0 0.275 0.7075 0.01875 0.09
0 0.2975 0.71375 0.0225 0.09
0 0.32 0.7225 0.02125 0.09125
0 0.345 0.7275 0.025 0.09875
0 0.18125 0.67375 0.01625 0.09125
0 0.3725 0.7375 0.02375 0.1
0 0.42625 0.75125 0.0225 0.105
0 0.45375 0.75625 0.02875 0.105
0 0.48875 0.7675 0.03 0.09625
0 0.52125 0.7775 0.0325 0.09875
0 0.5575 0.7875 0.03125 0.1
0 0.59 0.79875 0.02875 0.09875
0 0.1575 0.17625 0.0125 0.06375
0 0.66625 0.82 0.035 0.10625
0 0.39875 0.74375 0.0275 0.1
0 0.7075 0.83375 0.045 0.11125
0 0.1625 0.675 0.0175 0.08
0 0.13125 0.66375 0.01125 0.08375
0 0.2525 0.1525 0.02 0.06875
0 0.2275 0.1775 0.025 0.0275
0 0.22625 0.14875 0.02625 0.02625
0 0.2725 0.15125 0.01625 0.0775
0 0.29125 0.14375 0.01875 0.07625
0 0.315 0.13875 0.0125 0.07625
0 0.33375 0.135 0.02125 0.0775
0 0.355 0.1275 0.02125 0.08
0 0.1475 0.67 0.01375 0.0775
0 0.38125 0.0775 0.03 0.03875
0 0.3825 0.1475 0.02625 0.0325
0 0.4075 0.115 0.0225 0.0825
0 0.43125 0.11125 0.02 0.08625
0 0.455 0.105 0.0275 0.08625
0 0.50375 0.08125 0.025 0.085
0 0.5275 0.0725 0.01875 0.09
0 0.54875 0.0675 0.01875 0.0875
0 0.57 0.065 0.02125 0.085
0 0.38125 0.11375 0.03125 0.03125
0 0.76375 0.8525 0.05 0.12
0 0.62625 0.8125 0.03875 0.1025
0 0.84875 0.69125 0.05125 0.115
0 0.57 0.215 0.02875 0.10125
0 0.5175 0.22 0.035 0.08625
0 0.81625 0.8675 0.055 0.11625
0 0.43 0.24125 0.02625 0.08125
0 0.4025 0.245 0.02125 0.08625
0 0.375 0.2375 0.03125 0.03375
0 0.37625 0.2725 0.03125 0.03125
0 0.35125 0.25625 0.01375 0.065
0 0.3325 0.25375 0.02125 0.0725
0 0.31 0.25625 0.02125 0.07375
0 0.29125 0.26375 0.01125 0.0625
0 0.27875 0.265 0.0125 0.06375
0 0.265 0.26625 0.015 0.0625
0 0.24875 0.26625 0.01 0.06
0 0.22625 0.11875 0.03125 0.03
0 0.205 0.16375 0.01375 0.06875
0 0.18875 0.16875 0.01625 0.065
0 0.59625 0.2075 0.0225 0.10625
0 0.6275 0.20125 0.03625 0.105
0 0.4575 0.23625 0.02125 0.085
0 0.70125 0.19125 0.03625 0.12125
0 0.785 0.68 0.05125 0.11875
0 0.73625 0.66625 0.04 0.11375
0 0.6925 0.6575 0.04125 0.10625
0 0.59375 0.06125 0.02125 0.09125
0 0.66625 0.19625 0.0325 0.11125
0 0.6475 0.05 0.03 0.0975
0 0.67625 0.0425 0.03 0.0825
0 0.70625 0.0425 0.03 0.08125
0 0.62 0.05875 0.02625 0.08875
0 0.74125 0.18625 0.035 0.11625
0 0.76375 0.035 0.025 0.0675
0 0.79625 0.0325 0.03 0.06375
0 0.82375 0.02875 0.02125 0.055
0 0.85625 0.025 0.0375 0.0475
0 0.85875 0.1675 0.03125 0.10375
0 0.81875 0.18125 0.04125 0.0975
0 0.7775 0.18625 0.0325 0.0975
0 0.735 0.03875 0.01875 0.07375