0 0.7125 0.52625 0.03875 0.03875
0 0.67 0.52625 0.0375 0.035
0 0.6275 0.52 0.03875 0.035
0 0.77 0.495 0.04625 0.03375
0 0.72 0.49 0.045 0.0325
0 0.67375 0.48875 0.04125 0.0325
0 0.62875 0.4825 0.03875 0.03375
0 0.7775 0.455 0.04875 0.035
0 0.785 0.41375 0.0475 0.0375
0 0.68125 0.45 0.045 0.03875
0 0.635 0.44375 0.0425 0.0375
0 0.735 0.4125 0.04625 0.04
0 0.68375 0.40625 0.04375 0.04125
0 0.78625 0.37 0.05375 0.04125
0 0.68875 0.36375 0.04375 0.03875
0 0.2025 0.475 0.0325 0.0325
0 0.7625 0.53375 0.04625 0.03625
0 0.72875 0.45375 0.0425 0.035
0 0.73625 0.3675 0.0425 0.045
0 0.23875 0.4775 0.0325 0.0325
0 0.69 0.30625 0.03875 0.04
0 0.56 0.51875 0.04 0.03375
0 0.51875 0.515 0.03875 0.03375
0 0.4775 0.5125 0.035 0.03125
0 0.43375 0.50875 0.03875 0.03125
0 0.39625 0.505 0.03 0.03375
0 0.35875 0.50125 0.0325 0.0325
0 0.32 0.49625 0.03625 0.03375
0 0.56 0.48 0.04 0.03875
0 0.51625 0.47875 0.04 0.03875
0 0.47375 0.47625 0.04 0.03625
0 0.43125 0.4725 0.04 0.03875
0 0.5575 0.55625 0.03875 0.03625
0 0.3925 0.4675 0.0375 0.0375
0 0.355 0.46375 0.0325 0.035
0 0.3175 0.46125 0.035 0.035
0 0.5625 0.44125 0.04375 0.03625
0 0.5175 0.44 0.04 0.03625
0 0.4775 0.43875 0.03625 0.03625
0 0.4325 0.43375 0.04 0.035
0 0.3925 0.43 0.03875 0.0325
0 0.35375 0.42625 0.0325 0.03875
0 0.315 0.42375 0.0375 0.035
0 0.56125 0.40125 0.04 0.03875
0 0.32375 0.5325 0.03625 0.035
0 0.52 0.4 0.04 0.03625
0 0.36 0.535 0.03375 0.03125
0 0.435 0.54375 0.035 0.035
0 0.345 0.56875 0.03375 0.03125
0 0.3825 0.5725 0.0325 0.0325
0 0.41875 0.5775 0.0325 0.02875
0 0.45875 0.5825 0.035 0.03375
0 0.49875 0.58375 0.0325 0.03125
0 0.5375 0.58875 0.03375 0.03
0 0.35625 0.605 0.03125 0.03125
0 0.395 0.60875 0.03125 0.03
0 0.43375 0.61625 0.035 0.03125
0 0.47375 0.6175 0.035 0.03125
0 0.5125 0.6225 0.03625 0.03625
0 0.415 0.66875 0.03625 0.03375
0 0.45375 0.67375 0.035 0.03125
0 0.3775 0.63625 0.03 0.025
0 0.41625 0.64 0.03125 0.02125
0 0.4525 0.64625 0.03625 0.02375
0 0.49 0.65 0.0325 0.025
0 0.60875 0.30375 0.03875 0.0375
0 0.65 0.305 0.04 0.035
0 0.47375 0.54875 0.0375 0.03375
0 0.60875 0.34375 0.03625 0.03875
0 0.6475 0.34375 0.03375 0.03875
0 0.6375 0.40375 0.045 0.03875
0 0.39625 0.5375 0.0375 0.0275
0 0.475 0.39875 0.0425 0.03625
0 0.51625 0.55125 0.035 0.03625
0 0.39125 0.39375 0.0375 0.03625
0 0.41625 0.26625 0.04125 0.0425
0 0.46125 0.2675 0.0425 0.045
0 0.50625 0.2675 0.04125 0.04625
0 0.3475 0.30625 0.04 0.03875
0 0.3925 0.31125 0.04 0.04
0 0.43625 0.3125 0.04125 0.04125
0 0.48125 0.3125 0.04125 0.04375
0 0.52875 0.31375 0.04375 0.04
0 0.33 0.3475 0.0375 0.04
0 0.15 0.28875 0.0375 0.04125
0 0.1875 0.29125 0.03125 0.03875
0 0.2275 0.29 0.045 0.03375
0 0.37125 0.35125 0.0375 0.03875
0 0.15375 0.3275 0.03625 0.03625
0 0.19 0.33125 0.0325 0.03625
0 0.22875 0.33375 0.0375 0.035
0 0.1575 0.3675 0.0325 0.03625
0 0.195 0.37 0.03125 0.03625
0 0.23125 0.37125 0.0325 0.0375
0 0.43375 0.39625 0.03875 0.03875
0 0.27125 0.37375 0.0325 0.03625
0 0.1625 0.4025 0.0325 0.03125
0 0.19875 0.40375 0.03375 0.02875
0 0.46 0.21875 0.045 0.04625
0 0.41375 0.21875 0.045 0.04625
0 0.37375 0.26375 0.045 0.0425
0 0.27875 0.57625 0.03 0.0225
0 0.415 0.35375 0.03875 0.04
0 0.16625 0.4725 0.035 0.0325
0 0.27625 0.4475 0.035 0.03
0 0.23625 0.44375 0.0325 0.03375
0 0.275 0.48 0.03375 0.0325
0 0.54625 0.35875 0.04125 0.04125
0 0.3125 0.38625 0.03625 0.03625
0 0.35125 0.38875 0.0375 0.035
0 0.235 0.4075 0.03375 0.03125
0 0.17125 0.505 0.03375 0.0275
0 0.2 0.44 0.0325 0.035
0 0.4575 0.35625 0.03875 0.04125
0 0.1625 0.43625 0.0325 0.0325
0 0.20625 0.5075 0.02875 0.02875
0 0.2425 0.51125 0.03375 0.0275
0 0.2775 0.51375 0.03375 0.03125
0 0.175 0.53625 0.03125 0.0275
0 0.21 0.53875 0.03 0.02875
0 0.24375 0.54375 0.03125 0.03
0 0.2775 0.5475 0.03 0.03
0 0.17625 0.56375 0.02875 0.02375
0 0.2125 0.56625 0.0325 0.025
0 0.245 0.57 0.02625 0.02
0 0.2725 0.4125 0.03375 0.03625
0 0.5025 0.35625 0.04375 0.04125