0 0.56125 0.58375 0.0375 0.07375
0 0.47 0.5925 0.04375 0.0775
0 0.6475 0.48 0.03375 0.10125
0 0.685 0.48 0.0375 0.09625
0 0.72125 0.48125 0.035 0.09375
0 0.7575 0.48 0.03375 0.1
0 0.78875 0.48125 0.0275 0.10125
0 0.8275 0.47875 0.0325 0.1025
0 0.8525 0.5925 0.0425 0.07625
0 0.80625 0.5925 0.04 0.0775
0 0.76375 0.5925 0.04125 0.0775
0 0.705 0.59625 0.07625 0.08
0 0.6225 0.58625 0.08 0.07625
0 0.41125 0.23 0.035 0.11125
0 0.5175 0.59125 0.045 0.07875
0 0.3425 0.22875 0.03875 0.115
0 0.42375 0.59375 0.045 0.07625
0 0.345 0.58375 0.03625 0.0775
0 0.30125 0.59 0.0425 0.0775
0 0.2525 0.59375 0.04875 0.075
0 0.18375 0.59625 0.0825 0.075
0 0.16 0.6975 0.0525 0.075
0 0.24875 0.69625 0.0475 0.075
0 0.29625 0.6925 0.04625 0.07625
0 0.34375 0.6925 0.04625 0.07875
0 0.39375 0.69125 0.0475 0.08
0 0.48875 0.69 0.0475 0.08
0 0.60875 0.4775 0.035 0.1
0 0.57125 0.47875 0.03375 0.0975
0 0.5125 0.475 0.03 0.09375
0 0.47375 0.47875 0.0325 0.09875
0 0.70125 0.23625 0.03125 0.1075
0 0.84625 0.2325 0.035 0.10875
0 0.625 0.36375 0.02875 0.0975
0 0.65375 0.36375 0.0275 0.09375
0 0.86125 0.35875 0.025 0.09875
0 0.83125 0.35875 0.03125 0.10125
0 0.795 0.36 0.0375 0.1025
0 0.75375 0.35875 0.03375 0.1025
0 0.71625 0.35875 0.035 0.10625
0 0.58625 0.3625 0.02375 0.095
0 0.5375 0.36 0.0675 0.10375
0 0.48125 0.35875 0.0375 0.1075
0 0.53625 0.69125 0.04625 0.075
0 0.43625 0.35625 0.04375 0.105
0 0.345 0.35625 0.03625 0.10625
0 0.175 0.355 0.04125 0.105
0 0.13875 0.35625 0.0275 0.1075
0 0.16375 0.4775 0.04 0.1025
0 0.205 0.4775 0.0425 0.10125
0 0.26375 0.49625 0.0375 0.06125
0 0.52875 0.235 0.03 0.10125
0 0.4925 0.23375 0.03875 0.105
0 0.45 0.22875 0.03625 0.1125
0 0.30125 0.48625 0.0325 0.0825
0 0.3425 0.4775 0.0475 0.09625
0 0.44 0.4775 0.02875 0.0975
0 0.39125 0.355 0.0375 0.11
0 0.62875 0.23625 0.045 0.10375
0 0.58875 0.68375 0.045 0.06625
0 0.68375 0.69875 0.03625 0.06375
0 0.32 0.79 0.03875 0.02625
0 0.27875 0.81875 0.04 0.0275
0 0.27625 0.78875 0.04125 0.0275
0 0.235 0.8175 0.04125 0.02625
0 0.1925 0.81875 0.03875 0.02875
0 0.15625 0.815 0.0275 0.035
0 0.1475 0.2225 0.0325 0.11125
0 0.195 0.22375 0.03375 0.1125
0 0.13625 0.09 0.02125 0.0825
0 0.20875 0.0775 0.12375 0.10875
0 0.30125 0.0775 0.0425 0.11375
0 0.3225 0.81875 0.03875 0.02875
0 0.36 0.07875 0.0425 0.10875
0 0.43 0.08125 0.02875 0.10875
0 0.46125 0.0825 0.0325 0.10625
0 0.5 0.08875 0.045 0.0975
0 0.5475 0.0875 0.045 0.10375
0 0.635 0.0825 0.11875 0.1125
0 0.7125 0.08625 0.03 0.10875
0 0.7475 0.08625 0.03125 0.1125
0 0.78375 0.0875 0.0325 0.11
0 0.82125 0.08875 0.03125 0.10875
0 0.8525 0.09 0.02625 0.10625
0 0.26625 0.3075 0.1 0.2325
0 0.39875 0.08 0.03125 0.10875
0 0.63875 0.69125 0.04375 0.07625
0 0.3625 0.79125 0.04 0.02375
0 0.40375 0.81625 0.03875 0.02375
0 0.72375 0.69875 0.0375 0.06375
0 0.8025 0.68375 0.04625 0.065
0 0.80125 0.8125 0.0325 0.0225
0 0.8 0.79 0.03 0.02
0 0.765 0.8075 0.035 0.04
0 0.72875 0.80875 0.0325 0.04
0 0.7275 0.775 0.0325 0.02125
0 0.68625 0.825 0.04 0.0075
0 0.68625 0.81625 0.03875 0.0075
0 0.6875 0.80875 0.04125 0.00625
0 0.69125 0.8 0.03875 0.0075
0 0.40375 0.79125 0.03875 0.02375
0 0.69125 0.79125 0.04 0.00625
0 0.645 0.80375 0.04 0.0475
0 0.605 0.81375 0.03875 0.02125
0 0.60375 0.79 0.03875 0.02
0 0.52375 0.8125 0.04125 0.025
0 0.56375 0.81375 0.03875 0.025
0 0.56375 0.79 0.03875 0.02
0 0.52375 0.78875 0.03875 0.02
0 0.44375 0.81625 0.0375 0.0275
0 0.48375 0.81625 0.03875 0.02375
0 0.48375 0.79 0.03875 0.02375
0 0.44375 0.79 0.0375 0.02125
0 0.36375 0.8175 0.0375 0.02375
0 0.69125 0.7825 0.04 0.0075
0 0.58 0.22875 0.05 0.11125