0 0.6775 0.3975 0.02875 0.08375
0 0.64875 0.40625 0.0275 0.0675
0 0.62125 0.4075 0.02375 0.06625
0 0.5975 0.41 0.0225 0.065
0 0.575 0.41 0.0225 0.06375
0 0.23625 0.3225 0.03125 0.0225
0 0.5125 0.40625 0.02625 0.075
0 0.4875 0.40875 0.025 0.07375
0 0.4625 0.4125 0.02125 0.06625
0 0.23875 0.35 0.03 0.0225
0 0.705 0.39625 0.02625 0.08375
0 0.26625 0.3475 0.02375 0.025
0 0.545 0.41625 0.03625 0.05125
0 0.73625 0.3975 0.03375 0.0775
0 0.495 0.49375 0.03125 0.06625
0 0.27375 0.50625 0.03 0.06125
0 0.62125 0.495 0.02625 0.07875
0 0.5925 0.49375 0.025 0.0775
0 0.56625 0.49125 0.0225 0.07
0 0.545 0.49125 0.02 0.06375
0 0.52125 0.49125 0.01875 0.0625
0 0.26375 0.3225 0.0225 0.02375
0 0.2425 0.50625 0.03125 0.06125
0 0.46375 0.49625 0.02625 0.07125
0 0.4125 0.49875 0.02625 0.07375
0 0.385 0.4975 0.02625 0.07625
0 0.36125 0.49875 0.0225 0.0725
0 0.335 0.52375 0.0275 0.025
0 0.33375 0.4925 0.02875 0.0375
0 0.30375 0.4925 0.0275 0.03625
0 0.43875 0.49875 0.02625 0.07375
0 0.29 0.3225 0.025 0.0225
0 0.49625 0.31875 0.02625 0.06875
0 0.2925 0.3475 0.02625 0.0225
0 0.65125 0.495 0.02625 0.08125
0 0.44125 0.4125 0.02 0.06625
0 0.4175 0.41375 0.0225 0.06125
0 0.39625 0.41375 0.01875 0.0625
0 0.37625 0.41375 0.02 0.06625
0 0.35625 0.41375 0.01875 0.06625
0 0.33125 0.42375 0.02875 0.0475
0 0.30125 0.425 0.03125 0.0475
0 0.26875 0.41875 0.03125 0.06375
0 0.2375 0.41875 0.02875 0.06625
0 0.75 0.28375 0.0425 0.035
0 0.74875 0.32 0.04 0.03625
0 0.70875 0.32375 0.035 0.03375
0 0.71 0.2875 0.03375 0.03625
0 0.67375 0.28875 0.0325 0.03625
0 0.67375 0.325 0.03 0.03125
0 0.64625 0.31125 0.02125 0.0625
0 0.32 0.3475 0.02625 0.0225
0 0.34375 0.32625 0.02 0.06625
0 0.365 0.325 0.02 0.06625
0 0.38625 0.32375 0.01875 0.06625
0 0.4075 0.3225 0.02125 0.0675
0 0.42875 0.32125 0.02125 0.06875
0 0.31875 0.3225 0.02625 0.02375
0 0.45125 0.32125 0.02125 0.06875
0 0.5225 0.32 0.0225 0.06375
0 0.55125 0.29375 0.035 0.0375
0 0.55125 0.33125 0.035 0.03625
0 0.58125 0.31375 0.0225 0.06875
0 0.60375 0.3125 0.02125 0.06625
0 0.62625 0.3125 0.01875 0.06375
0 0.4725 0.32 0.02125 0.06875
0 0.68125 0.495 0.03 0.0825
0 0.305 0.52375 0.03 0.025
0 0.75 0.4925 0.03125 0.085
0 0.23 0.6 0.0225 0.0275
0 0.23 0.56625 0.02 0.035
0 0.26875 0.67 0.03875 0.05625
0 0.30625 0.6725 0.0325 0.0575
0 0.34125 0.66375 0.03375 0.0725
0 0.37375 0.66625 0.02875 0.075
0 0.40375 0.6675 0.0275 0.075
0 0.71625 0.49375 0.0325 0.0825
0 0.4675 0.6675 0.03375 0.08
0 0.495 0.66625 0.02 0.07375
0 0.52125 0.6625 0.03 0.07
0 0.55375 0.665 0.0325 0.0725
0 0.59625 0.6625 0.0375 0.0675
0 0.63375 0.66375 0.035 0.0675
0 0.67 0.67375 0.0325 0.085
0 0.705 0.67625 0.0325 0.08625
0 0.74125 0.675 0.03625 0.0925
0 0.285 0.5675 0.03125 0.0325
0 0.255 0.5675 0.0275 0.0325
0 0.43375 0.66625 0.02875 0.0775
0 0.2575 0.6 0.02625 0.0275
0 0.42875 0.58375 0.02625 0.06625
0 0.47875 0.5825 0.025 0.0675
0 0.51 0.58375 0.0325 0.0675
0 0.54625 0.5825 0.03375 0.06625
0 0.6175 0.5825 0.03 0.06625
0 0.58375 0.5825 0.035 0.06375
0 0.65125 0.5825 0.03375 0.06625
0 0.68625 0.5825 0.035 0.06875
0 0.725 0.58125 0.03875 0.06875
0 0.2875 0.6 0.03 0.0275
0 0.45375 0.58375 0.0225 0.06625
0 0.31625 0.59875 0.02625 0.03125
0 0.40375 0.58375 0.025 0.06625
0 0.37625 0.58375 0.02625 0.06625
0 0.34625 0.56625 0.03375 0.0325
0 0.3475 0.6 0.03125 0.03125
0 0.315 0.56875 0.025 0.025