0 0.53 0.26625 0.04375 0.12625
0 0.48125 0.265 0.04125 0.12
0 0.20125 0.2475 0.04625 0.135
0 0.39375 0.25875 0.04625 0.13125
0 0.34625 0.2575 0.045 0.1275
0 0.25 0.25125 0.05 0.12875
0 0.1375 0.39375 0.01875 0.12875
0 0.15 0.24625 0.05 0.12625
0 0.43875 0.265 0.0425 0.12125
0 0.3 0.25625 0.045 0.12875
0 0.4825 0.115 0.03125 0.135
0 0.67125 0.2775 0.04125 0.12375
0 0.515 0.115 0.03 0.13
0 0.6275 0.27625 0.03875 0.11625
0 0.54125 0.12 0.02375 0.12625
0 0.57875 0.1225 0.04375 0.125
0 0.6225 0.12375 0.04125 0.125
0 0.38625 0.11125 0.0475 0.12625
0 0.33375 0.10625 0.045 0.1325
0 0.2825 0.10125 0.05375 0.125
0 0.4375 0.1125 0.05375 0.1275
0 0.22875 0.09875 0.05125 0.1225
0 0.665 0.1275 0.04375 0.11875
0 0.71125 0.13125 0.04375 0.1275
0 0.75375 0.1325 0.04125 0.13625
0 0.795 0.13375 0.03625 0.13875
0 0.84 0.135 0.04625 0.13375
0 0.8 0.2875 0.04375 0.1175
0 0.75625 0.28375 0.035 0.12125
0 0.715 0.2825 0.0375 0.115
0 0.175 0.095 0.0525 0.12375
0 0.58125 0.27 0.04875 0.125
0 0.2325 0.92875 0.18375 0.07875
0 0.7575 0.845 0.03875 0.0425
0 0.60125 0.675 0.03875 0.0475
0 0.545 0.69 0.02125 0.04375
0 0.505 0.6925 0.05125 0.09625
0 0.4525 0.72375 0.04375 0.025
0 0.41 0.7225 0.0375 0.0275
0 0.41125 0.69375 0.04 0.02875
0 0.45625 0.6925 0.04375 0.03125
0 0.4575 0.6575 0.045 0.03625
0 0.4125 0.65875 0.04375 0.035
0 0.36 0.6875 0.05875 0.1
0 0.30125 0.68625 0.055 0.105
0 0.24625 0.685 0.0525 0.10125
0 0.19625 0.71125 0.04 0.05125
0 0.19625 0.66125 0.04 0.04875
0 0.64125 0.6725 0.03875 0.045
0 0.15625 0.65875 0.0375 0.05
0 0.165 0.5375 0.04375 0.1175
0 0.21125 0.5375 0.045 0.11875
0 0.25625 0.5375 0.04375 0.12125
0 0.3 0.54 0.04 0.12125
0 0.34125 0.54125 0.0425 0.11875
0 0.385 0.54 0.0425 0.12125
0 0.4275 0.54375 0.04 0.12125
0 0.4725 0.54375 0.0375 0.125
0 0.51375 0.54875 0.03375 0.12
0 0.5525 0.54875 0.0375 0.11625
0 0.21625 0.845 0.04625 0.0275
0 0.16875 0.84625 0.045 0.02
0 0.79375 0.91875 0.0325 0.05
0 0.59125 0.55125 0.035 0.11875
0 0.155 0.71 0.03875 0.05
0 0.63875 0.72 0.04 0.04375
0 0.6 0.72 0.03625 0.04375
0 0.77625 0.6775 0.035 0.045
0 0.45625 0.83 0.04875 0.05
0 0.455 0.79 0.05 0.02875
0 0.4075 0.7925 0.04625 0.025
0 0.405 0.81875 0.04375 0.02375
0 0.40375 0.84625 0.04375 0.025
0 0.36 0.8425 0.04625 0.02625
0 0.36125 0.8175 0.04 0.0225
0 0.36125 0.79 0.0375 0.025
0 0.31625 0.81375 0.04375 0.0275
0 0.3125 0.845 0.04375 0.02875
0 0.265 0.84625 0.05 0.02625
0 0.265 0.815 0.05125 0.03375
0 0.505 0.78875 0.04625 0.03
0 0.55625 0.8 0.05 0.0375
0 0.55625 0.84 0.05 0.04125
0 0.60625 0.84375 0.0475 0.03625
0 0.605 0.80375 0.0475 0.0375
0 0.77125 0.7225 0.03625 0.0425
0 0.80875 0.725 0.035 0.04125
0 0.81125 0.68125 0.035 0.04375
0 0.8525 0.7 0.045 0.09375
0 0.85 0.8175 0.04875 0.09
0 0.805 0.81625 0.04125 0.09125
0 0.6325 0.55125 0.03 0.1175
0 0.76125 0.7975 0.04 0.045
0 0.71875 0.84 0.03875 0.045
0 0.7225 0.79375 0.0375 0.045
0 0.685 0.79625 0.0325 0.04125
0 0.6825 0.84 0.035 0.04125
0 0.64625 0.83875 0.03125 0.0425
0 0.65 0.79375 0.03375 0.0475
0 0.21625 0.8175 0.05 0.03
0 0.66 0.55375 0.02625 0.1175
0 0.1675 0.815 0.04375 0.03625
0 0.73 0.55625 0.025 0.11875
0 0.2225 0.39625 0.045 0.11875
0 0.175 0.395 0.0475 0.125
0 0.83 0.9175 0.0375 0.05
0 0.79125 0.9675 0.0275 0.04375
0 0.82625 0.96625 0.04125 0.045
0 0.755 0.96 0.0325 0.0475
0 0.725 0.92125 0.03 0.02875
0 0.72125 0.9625 0.02875 0.05125
0 0.69625 0.555 0.03625 0.1175
0 0.685 0.96125 0.03125 0.05375
0 0.645 0.945 0.04625 0.09
0 0.59625 0.945 0.04875 0.09625
0 0.5425 0.94375 0.0475 0.09125
0 0.495 0.94 0.04375 0.09
0 0.84125 0.28125 0.0375 0.045
0 0.85 0.325 0.05 0.0375
0 0.34875 0.9325 0.0425 0.0825
0 0.395 0.93 0.04875 0.08875
0 0.4475 0.9375 0.04875 0.09125
0 0.275 0.4025 0.04375 0.12375
0 0.31875 0.405 0.04375 0.11625
0 0.68875 0.9125 0.03375 0.04
0 0.41 0.40875 0.04375 0.11625
0 0.7675 0.56 0.04125 0.11
0 0.36375 0.41 0.04375 0.11375
0 0.81 0.56375 0.04 0.11
0 0.85125 0.56125 0.04375 0.10875
0 0.84875 0.4225 0.02875 0.1225
0 0.81 0.425 0.0425 0.115
0 0.77 0.42 0.03 0.12625
0 0.735 0.4175 0.04 0.12
0 0.6975 0.4175 0.03 0.12125
0 0.65875 0.4175 0.04375 0.12
0 0.615 0.41875 0.03875 0.12
0 0.5075 0.83125 0.0475 0.0525
0 0.575 0.415 0.0375 0.11875
0 0.45 0.41 0.03375 0.11625
0 0.48875 0.41125 0.04375 0.1125
0 0.53125 0.41125 0.045 0.11875