0 0.4675 0.255 0.045 0.01125
0 0.175 0.3475 0.0475 0.02875
0 0.47 0.2325 0.0425 0.0075
0 0.4675 0.21875 0.03375 0.0175
0 0.13875 0.32375 0.02625 0.01375
0 0.13875 0.30875 0.0275 0.01625
0 0.1375 0.375 0.025 0.0275
0 0.175 0.37625 0.04625 0.02875
0 0.47125 0.24375 0.04625 0.01125
0 0.1375 0.3475 0.02375 0.02625
0 0.3275 0.48375 0.04375 0.02625
0 0.2825 0.45625 0.04375 0.025
0 0.1425 0.42 0.035 0.02875
0 0.14125 0.44875 0.03125 0.02625
0 0.14125 0.4775 0.03125 0.02875
0 0.46 0.38625 0.045 0.0225
0 0.46 0.36875 0.04625 0.01
0 0.41375 0.38625 0.04125 0.02375
0 0.36875 0.36625 0.04125 0.01
0 0.36875 0.385 0.0425 0.02375
0 0.3225 0.38125 0.04625 0.02875
0 0.3225 0.35 0.0475 0.0275
0 0.32125 0.32875 0.0425 0.015
0 0.3225 0.31375 0.045 0.015
0 0.27625 0.31125 0.04625 0.0175
0 0.27625 0.3275 0.04625 0.015
0 0.27375 0.34875 0.04625 0.0275
0 0.27375 0.37875 0.04875 0.02875
0 0.22375 0.3775 0.04875 0.02875
0 0.2775 0.4275 0.045 0.025
0 0.23125 0.4175 0.0475 0.0125
0 0.2325 0.43125 0.04375 0.01375
0 0.23375 0.4525 0.04875 0.02625
0 0.23375 0.48125 0.05125 0.03
0 0.1825 0.48 0.05 0.03
0 0.2825 0.4825 0.04625 0.02625
0 0.18375 0.45 0.05 0.0275
0 0.4625 0.27625 0.0475 0.02875
0 0.175 0.325 0.045 0.015
0 0.1775 0.3075 0.0475 0.015
0 0.2275 0.30875 0.0475 0.015
0 0.22625 0.325 0.05 0.015
0 0.22625 0.3475 0.0475 0.02875
0 0.1825 0.42625 0.04375 0.0175
0 0.41625 0.27625 0.04375 0.0275
0 0.40625 0.6575 0.04375 0.0125
0 0.42125 0.24375 0.0475 0.0125
0 0.42375 0.1525 0.045 0.02625
0 0.375 0.1525 0.0475 0.025
0 0.37625 0.1225 0.0425 0.02875
0 0.375 0.09 0.045 0.03125
0 0.3275 0.08875 0.0475 0.03
0 0.3275 0.12125 0.04875 0.03125
0 0.3275 0.15125 0.04625 0.02875
0 0.32875 0.455 0.0475 0.02625
0 0.27875 0.11875 0.04625 0.03
0 0.28 0.08625 0.04625 0.03125
0 0.23125 0.08375 0.04625 0.03125
0 0.2325 0.11625 0.04375 0.0325
0 0.2325 0.1475 0.04625 0.025
0 0.18375 0.145 0.05 0.03
0 0.18375 0.11625 0.0475 0.0275
0 0.18375 0.08375 0.04375 0.0325
0 0.14 0.08125 0.03 0.03375
0 0.1425 0.1125 0.03375 0.02875
0 0.1425 0.14375 0.0325 0.02875
0 0.4225 0.12375 0.04625 0.03125
0 0.4225 0.09375 0.045 0.02875
0 0.47 0.09 0.04875 0.035
0 0.47 0.12375 0.0475 0.0275
0 0.4225 0.23 0.04875 0.01125
0 0.42375 0.21625 0.05 0.01375
0 0.37375 0.2375 0.0425 0.015
0 0.37125 0.25625 0.04 0.02125
0 0.3725 0.27875 0.04125 0.02125
0 0.32875 0.2775 0.03875 0.02
0 0.33 0.25375 0.04 0.0225
0 0.33 0.23375 0.04 0.0125
0 0.285 0.2725 0.04375 0.0275
0 0.41625 0.255 0.0475 0.00875
0 0.28625 0.245 0.04375 0.02625
0 0.24 0.27 0.04375 0.02625
0 0.195 0.26875 0.045 0.0275
0 0.1975 0.25125 0.04375 0.00875
0 0.195 0.24 0.04375 0.01
0 0.195 0.2275 0.0475 0.01
0 0.14875 0.23875 0.0425 0.01125
0 0.14875 0.25 0.0475 0.01
0 0.14875 0.26875 0.04625 0.02625
0 0.47 0.155 0.045 0.03
0 0.2425 0.24125 0.04375 0.02625
0 0.32875 0.42875 0.05 0.025
0 0.255 0.92125 0.035 0.01
0 0.3875 0.47875 0.03625 0.04375
0 0.53125 0.565 0.0175 0.0075
0 0.50625 0.5625 0.02375 0.0075
0 0.77875 0.61375 0.03 0.01375
0 0.815 0.61375 0.03125 0.01875
0 0.81625 0.59625 0.03 0.015
0 0.81625 0.57875 0.03125 0.01875
0 0.84375 0.5775 0.02125 0.015
0 0.84375 0.59625 0.0225 0.0175
0 0.84375 0.61625 0.0225 0.0175
0 0.8675 0.605 0.015 0.0325
0 0.8375 0.68 0.03125 0.055
0 0.80625 0.6775 0.02875 0.06
0 0.77625 0.67625 0.025 0.0575
0 0.5525 0.565 0.02625 0.01
0 0.74625 0.67125 0.02875 0.065
0 0.6825 0.69125 0.02625 0.025
0 0.6825 0.6625 0.02375 0.025
0 0.65625 0.66125 0.0275 0.02875
0 0.65375 0.68875 0.025 0.0225
0 0.62625 0.6875 0.02625 0.02625
0 0.62875 0.66 0.0275 0.02625
0 0.60125 0.66 0.0275 0.03
0 0.59875 0.68875 0.025 0.0225
0 0.5725 0.69 0.0275 0.01375
0 0.57375 0.675 0.02625 0.01375
0 0.5725 0.65875 0.02375 0.015
0 0.545 0.69125 0.02375 0.015
0 0.54625 0.675 0.02375 0.01375
0 0.7125 0.67375 0.0325 0.06
0 0.5475 0.6575 0.0225 0.01875
0 0.7325 0.57 0.0175 0.0075
0 0.665 0.5675 0.02 0.0075
0 0.3425 0.58875 0.04125 0.02625
0 0.37875 0.575 0.025 0.045
0 0.38 0.535 0.025 0.0325
0 0.415 0.54125 0.04375 0.025
0 0.4575 0.54375 0.03875 0.0275
0 0.45625 0.58 0.0425 0.0425
0 0.41375 0.57625 0.03875 0.0425
0 0.49375 0.6 0.02875 0.0375
0 0.52125 0.59875 0.0275 0.03375
0 0.55 0.59875 0.02625 0.03875
0 0.5775 0.59125 0.025 0.01625
0 0.5775 0.61 0.025 0.01625
0 0.60625 0.59125 0.02625 0.01875
0 0.70875 0.56875 0.02625 0.00875
0 0.605 0.61 0.02625 0.01375
0 0.6325 0.5925 0.025 0.01625
0 0.6625 0.5925 0.02375 0.02125
0 0.6625 0.6125 0.02375 0.0175
0 0.6925 0.61375 0.025 0.01625
0 0.69125 0.59625 0.025 0.01875
0 0.7175 0.595 0.025 0.02
0 0.71875 0.61375 0.025 0.01375
0 0.74625 0.61375 0.02625 0.01375
0 0.745 0.5975 0.025 0.01625
0 0.775 0.59625 0.02375 0.01375
0 0.76 0.575 0.02 0.0075
0 0.6 0.5675 0.02375 0.0075
0 0.64 0.5675 0.02125 0.00625
0 0.635 0.61 0.0275 0.01875
0 0.52125 0.6525 0.0275 0.01625
0 0.52 0.66875 0.025 0.01125
0 0.52 0.68625 0.025 0.02
0 0.22625 0.7775 0.03875 0.0175
0 0.22875 0.7975 0.03875 0.02125
0 0.18375 0.79625 0.045 0.02875
0 0.1825 0.76875 0.0425 0.02375
0 0.175 0.74375 0.0425 0.02625
0 0.1375 0.7425 0.025 0.0225
0 0.14 0.76875 0.03 0.02375
0 0.1425 0.795 0.03375 0.0275
0 0.1425 0.63375 0.035 0.02625
0 0.14375 0.6625 0.0375 0.02375
0 0.14375 0.68875 0.03625 0.0275
0 0.18375 0.635 0.04375 0.02875
0 0.18375 0.6625 0.0425 0.02625
0 0.2275 0.7575 0.035 0.02125
0 0.18375 0.69125 0.0425 0.0275
0 0.22875 0.6625 0.04375 0.025
0 0.22875 0.69125 0.0425 0.02875
0 0.2725 0.6925 0.04375 0.0275
0 0.27375 0.66125 0.04125 0.02625
0 0.275 0.63375 0.04375 0.025
0 0.31625 0.63625 0.0375 0.02875
0 0.31625 0.66375 0.04125 0.02625
0 0.31375 0.69 0.03875 0.02625
0 0.3575 0.69375 0.04625 0.025
0 0.36125 0.6725 0.04375 0.015
0 0.36125 0.6575 0.0425 0.015
0 0.36125 0.64125 0.04625 0.01625
0 0.4075 0.64125 0.045 0.0175
0 0.22875 0.635 0.04625 0.0275
0 0.2275 0.73625 0.04125 0.02
0 0.2725 0.75375 0.04 0.0225
0 0.2675 0.77625 0.0375 0.01875
0 0.49125 0.6875 0.02875 0.01625
0 0.4925 0.67125 0.02625 0.01625
0 0.49375 0.65125 0.02375 0.02125
0 0.45 0.695 0.0425 0.025
0 0.45625 0.67375 0.04375 0.0125
0 0.455 0.65875 0.04625 0.015
0 0.455 0.64375 0.0475 0.015
0 0.405 0.69375 0.045 0.02375
0 0.45125 0.73375 0.04125 0.0125
0 0.45125 0.74625 0.04375 0.01
0 0.44375 0.76625 0.04375 0.0275
0 0.44375 0.79375 0.045 0.025
0 0.39875 0.80125 0.03625 0.00875
0 0.39625 0.78625 0.03125 0.01
0 0.4 0.77375 0.02375 0.01
0 0.4 0.7625 0.035 0.00625
0 0.4025 0.7525 0.0375 0.0075
0 0.40375 0.7325 0.04625 0.0075
0 0.3575 0.7425 0.03375 0.0125
0 0.3575 0.75375 0.04125 0.01125
0 0.35875 0.76875 0.04375 0.00625
0 0.35125 0.775 0.03875 0.0075
0 0.35 0.78375 0.04125 0.00625
0 0.34875 0.79125 0.04 0.0075
0 0.3525 0.80125 0.0475 0.00875
0 0.315 0.75625 0.0375 0.02375
0 0.30625 0.7775 0.035 0.015
0 0.30625 0.7975 0.0325 0.0225
0 0.26875 0.7975 0.0375 0.02
0 0.34875 0.5475 0.03375 0.025
0 0.30125 0.55375 0.04375 0.0275
0 0.2975 0.5875 0.0425 0.0275
0 0.25125 0.585 0.04375 0.02625
0 0.13625 0.905 0.02125 0.025
0 0.13625 0.93125 0.02125 0.02375
0 0.16625 0.935 0.0275 0.0275
0 0.16125 0.90625 0.02875 0.025
0 0.23125 0.84875 0.03375 0.01
0 0.225 0.87125 0.03875 0.01125
0 0.2125 0.94625 0.04875 0.01125
0 0.21 0.9375 0.0375 0.005
0 0.2075 0.92625 0.05 0.0075
0 0.20625 0.9125 0.04 0.00875
0 0.25 0.91 0.04125 0.01125
0 0.40625 0.67375 0.04375 0.01625
0 0.255 0.93125 0.03375 0.0075
0 0.1675 0.85125 0.025 0.025
0 0.25625 0.9425 0.03625 0.01375
0 0.29375 0.91625 0.0325 0.0175
0 0.29 0.8725 0.015 0.02125
0 0.295 0.895 0.035 0.01625
0 0.3375 0.88875 0.0225 0.0125
0 0.33125 0.915 0.0325 0.02
0 0.32875 0.93625 0.03375 0.01875
0 0.365 0.9375 0.03375 0.02
0 0.36875 0.91375 0.03375 0.02125
0 0.365 0.89375 0.02125 0.01125
0 0.4075 0.91 0.035 0.02625
0 0.40375 0.935 0.03875 0.0225
0 0.4425 0.90875 0.03625 0.025
0 0.4425 0.93375 0.0375 0.02125
0 0.29375 0.93625 0.03 0.02125
0 0.20125 0.8375 0.01875 0.0075
0 0.86375 0.1175 0.0225 0.08
0 0.77 0.53875 0.02375 0.02125
0 0.425 0.43625 0.035 0.04125
0 0.42375 0.48 0.0375 0.04625
0 0.4625 0.4775 0.035 0.04625
0 0.4625 0.43875 0.03 0.02125
0 0.49625 0.45625 0.02375 0.0275
0 0.56125 0.42625 0.105 0.07125
0 0.495 0.49 0.025 0.035
0 0.5225 0.49 0.02625 0.0325
0 0.55125 0.49 0.02875 0.03375
0 0.58375 0.49 0.035 0.035
0 0.57875 0.52625 0.03625 0.03375
0 0.54625 0.525 0.02625 0.0325
0 0.5175 0.525 0.02625 0.0325
0 0.49 0.52625 0.025 0.03125
0 0.62625 0.53625 0.0525 0.0175
0 0.625 0.5175 0.05 0.01875
0 0.62875 0.49875 0.05125 0.01625
0 0.66875 0.5 0.0275 0.01625
0 0.66625 0.51875 0.02625 0.01875
0 0.66625 0.5375 0.025 0.01625
0 0.6975 0.5375 0.02875 0.015
0 0.69875 0.52 0.03 0.01625
0 0.70125 0.5025 0.03125 0.01875
0 0.725 0.52375 0.02125 0.01375
0 0.725 0.54125 0.02125 0.0175
0 0.74625 0.52375 0.01875 0.01625
0 0.7475 0.54 0.01875 0.01625
0 0.775 0.51375 0.02625 0.0225
0 0.8 0.51625 0.01875 0.01875
0 0.47375 0.89375 0.02 0.10375
0 0.3875 0.43375 0.03625 0.045
0 0.49875 0.89625 0.02 0.1
0 0.54125 0.9 0.015 0.1
0 0.7975 0.53875 0.025 0.02125
0 0.82625 0.52375 0.02875 0.015
0 0.8275 0.54375 0.0325 0.0125
0 0.85875 0.54375 0.02875 0.015
0 0.8575 0.52625 0.0325 0.01875
0 0.8575 0.5075 0.03 0.015
0 0.82125 0.50375 0.01625 0.0125
0 0.83 0.435 0.08375 0.085
0 0.74375 0.4375 0.085 0.1125
0 0.6575 0.425 0.08375 0.085
0 0.8525 0.335 0.045 0.09375
0 0.83 0.22375 0.09 0.0875
0 0.77625 0.32875 0.0725 0.095
0 0.4825 0.765 0.01875 0.09125
0 0.7225 0.335 0.0325 0.0925
0 0.6925 0.215 0.10125 0.105
0 0.54625 0.305 0.09375 0.07875
0 0.57 0.20125 0.11375 0.075
0 0.55125 0.0875 0.0975 0.06875
0 0.70125 0.105 0.09875 0.055
0 0.79875 0.12 0.09625 0.0775
0 0.16125 0.58375 0.0425 0.025
0 0.16 0.555 0.04375 0.0275
0 0.20625 0.58375 0.0425 0.0275
0 0.205 0.55625 0.045 0.02625
0 0.2075 0.52875 0.04625 0.02625
0 0.25375 0.52875 0.045 0.0275
0 0.25125 0.55625 0.04375 0.0275
0 0.63875 0.31625 0.0625 0.095
0 0.5025 0.765 0.01875 0.0925
0 0.52125 0.76875 0.01625 0.09875
0 0.5425 0.76625 0.02125 0.09375
0 0.56 0.89625 0.0175 0.1
0 0.58125 0.9 0.02 0.0975
0 0.605 0.89875 0.0175 0.1075
0 0.62375 0.89625 0.01375 0.105
0 0.6475 0.90125 0.0175 0.1075
0 0.67125 0.9 0.0175 0.10625
0 0.6925 0.9 0.0175 0.10375
0 0.715 0.905 0.015 0.09625
0 0.73875 0.905 0.0175 0.10375
0 0.76 0.9 0.01625 0.1075
0 0.7825 0.90125 0.01875 0.11
0 0.81625 0.89625 0.01875 0.11
0 0.84125 0.89375 0.02 0.1125
0 0.8625 0.8925 0.01625 0.1075
0 0.85375 0.77 0.02 0.10125
0 0.83375 0.77125 0.0125 0.09125
0 0.81625 0.77125 0.01625 0.09375
0 0.79625 0.77125 0.0175 0.0975
0 0.7725 0.77125 0.0175 0.0975
0 0.75375 0.76875 0.01625 0.09375
0 0.73375 0.76875 0.02125 0.09625
0 0.71375 0.77125 0.01875 0.1
0 0.69125 0.77 0.02 0.0975
0 0.67 0.77125 0.01875 0.09625
0 0.65 0.77 0.01875 0.09125
0 0.63 0.76625 0.02125 0.09625
0 0.60625 0.7675 0.0175 0.09375
0 0.585 0.7675 0.02 0.09625
0 0.56375 0.76625 0.01875 0.09375
0 0.52125 0.89625 0.01625 0.09875
0 0.625 0.11625 0.04625 0.065
0 0.28 0.14875 0.0475 0.0275