0 0.845 0.6025 0.03875 0.02625
0 0.18625 0.3975 0.02375 0.025
0 0.845 0.57 0.0375 0.0325
0 0.8425 0.6325 0.03875 0.0275
0 0.85125 0.53625 0.0375 0.03125
0 0.49875 0.51375 0.05125 0.055
0 0.80625 0.595 0.03625 0.02875
0 0.2275 0.475 0.04625 0.04625
0 0.2825 0.42875 0.02125 0.0225
0 0.25875 0.42875 0.02 0.0225
0 0.235 0.4275 0.01875 0.02375
0 0.21375 0.42625 0.02 0.02125
0 0.4725 0.34875 0.0125 0.05375
0 0.48875 0.34875 0.01375 0.055
0 0.50375 0.35125 0.01 0.0525
0 0.51875 0.35125 0.01625 0.05375
0 0.54375 0.35125 0.01625 0.05
0 0.565 0.3525 0.01875 0.055
0 0.58125 0.35125 0.01125 0.05625
0 0.59625 0.3525 0.01375 0.05875
0 0.61 0.35375 0.01125 0.055
0 0.625 0.35375 0.0125 0.0575
0 0.63875 0.355 0.0125 0.06
0 0.65375 0.355 0.015 0.05875
0 0.675 0.35375 0.01375 0.06125
0 0.69125 0.355 0.01625 0.06125
0 0.20875 0.53125 0.05125 0.05125
0 0.29 0.475 0.045 0.04
0 0.26375 0.525 0.02 0.045
0 0.2975 0.54125 0.04375 0.04875
0 0.55875 0.23875 0.02625 0.08625
0 0.53125 0.23875 0.02375 0.08625
0 0.50625 0.24 0.02375 0.08375
0 0.48 0.24125 0.025 0.08625
0 0.45375 0.24125 0.02 0.08125
0 0.43 0.2425 0.02 0.08125
0 0.4075 0.2425 0.02125 0.08125
0 0.38125 0.24375 0.0175 0.07875
0 0.36375 0.24375 0.015 0.07875
0 0.71125 0.355 0.01625 0.06
0 0.345 0.24375 0.015 0.0775
0 0.3125 0.24375 0.01375 0.075
0 0.29625 0.24375 0.015 0.0725
0 0.28 0.24375 0.015 0.0725
0 0.8025 0.62625 0.03625 0.02875
0 0.245 0.2425 0.01375 0.07375
0 0.21375 0.24375 0.01375 0.07375
0 0.1975 0.24375 0.015 0.0725
0 0.23 0.2425 0.01375 0.075
0 0.3275 0.4825 0.0225 0.04
0 0.32875 0.24375 0.01375 0.07625
0 0.73 0.355 0.01875 0.06
0 0.74875 0.35625 0.015 0.06
0 0.76625 0.35625 0.015 0.06125
0 0.54625 0.44875 0.02375 0.0275
0 0.51875 0.42 0.0275 0.0275
0 0.5175 0.4475 0.0275 0.02375
0 0.49 0.4175 0.02625 0.025
0 0.4875 0.4475 0.025 0.02625
0 0.46 0.415 0.02625 0.0275
0 0.46 0.445 0.02375 0.0275
0 0.43125 0.44375 0.025 0.0275
0 0.41875 0.405 0.02625 0.0225
0 0.60625 0.45375 0.03 0.03
0 0.4125 0.43 0.01 0.025
0 0.395 0.42625 0.01875 0.0225
0 0.37 0.4025 0.01875 0.01875
0 0.33125 0.43375 0.02375 0.025
0 0.3075 0.40625 0.025 0.02375
0 0.3075 0.43125 0.02 0.02375
0 0.2825 0.4025 0.02125 0.025
0 0.25875 0.4025 0.0225 0.025
0 0.235 0.40125 0.02125 0.025
0 0.21125 0.39875 0.02125 0.025
0 0.39375 0.4025 0.02125 0.01875
0 0.5875 0.23875 0.02625 0.08625
0 0.64 0.45625 0.03125 0.03
0 0.6325 0.415 0.0275 0.02375
0 0.785 0.35625 0.015 0.06125
0 0.8025 0.3575 0.015 0.06125
0 0.81625 0.3575 0.01125 0.06
0 0.8675 0.33875 0.01375 0.02125
0 0.8525 0.33875 0.015 0.0225
0 0.83625 0.33875 0.01375 0.025
0 0.86125 0.43875 0.0275 0.0325
0 0.85875 0.47375 0.03125 0.03375
0 0.8275 0.43875 0.03375 0.02875
0 0.60125 0.415 0.025 0.0225
0 0.78875 0.43625 0.03625 0.03
0 0.785 0.4675 0.035 0.03
0 0.75 0.43125 0.035 0.0325
0 0.18 0.24375 0.015 0.0725
0 0.74875 0.46375 0.03375 0.02875
0 0.71875 0.42 0.02125 0.02375
0 0.69125 0.41875 0.0275 0.0225
0 0.7125 0.4625 0.03125 0.03125
0 0.6775 0.46 0.03125 0.03125
0 0.6625 0.4175 0.02625 0.025
0 0.82375 0.47 0.03375 0.03125
0 0.6175 0.23875 0.02625 0.08625
0 0.2625 0.24375 0.015 0.07125
0 0.7025 0.23625 0.02875 0.08875
0 0.56875 0.53375 0.0275 0.02625
0 0.53875 0.58625 0.0275 0.02375
0 0.54 0.56 0.0275 0.02375
0 0.54 0.53125 0.025 0.03
0 0.49625 0.57 0.0525 0.055
0 0.44375 0.5625 0.04875 0.05125
0 0.445 0.5075 0.05 0.055
0 0.3925 0.555 0.0475 0.05125
0 0.39125 0.5025 0.04625 0.05375
0 0.34375 0.5475 0.04625 0.0525
0 0.6475 0.2375 0.0275 0.08625
0 0.18875 0.4225 0.02125 0.01875
0 0.4575 0.3475 0.015 0.05375
0 0.43375 0.3475 0.01125 0.0525
0 0.42 0.34875 0.01125 0.0525
0 0.40625 0.3475 0.0125 0.04875
0 0.37625 0.3475 0.0175 0.05625
0 0.36 0.34625 0.01125 0.0525
0 0.34625 0.34625 0.01125 0.0525
0 0.33375 0.345 0.01125 0.0525
0 0.32125 0.34375 0.00875 0.05
0 0.57 0.56375 0.0275 0.02625
0 0.31125 0.34375 0.00875 0.05
0 0.5675 0.59125 0.025 0.025
0 0.6 0.5675 0.02625 0.02625
0 0.8075 0.56375 0.035 0.02875
0 0.81 0.5325 0.0325 0.02875
0 0.7675 0.61875 0.03125 0.02875
0 0.76875 0.5875 0.03125 0.0275
0 0.7725 0.5575 0.03125 0.02875
0 0.77625 0.5275 0.03125 0.02875
0 0.73375 0.61375 0.03125 0.0275
0 0.70375 0.5525 0.03 0.0275
0 0.705 0.52125 0.03375 0.03
0 0.665 0.60625 0.03125 0.02625
0 0.66875 0.5775 0.03125 0.0275
0 0.68 0.49875 0.0175 0.01875
0 0.65625 0.4975 0.025 0.015
0 0.6275 0.49625 0.02375 0.02
0 0.5975 0.49125 0.02375 0.01625
0 0.5675 0.49125 0.025 0.01875
0 0.66875 0.5475 0.0275 0.02875
0 0.6275 0.59875 0.02875 0.02625
0 0.63 0.57125 0.02875 0.02625
0 0.63125 0.5425 0.02875 0.02625
0 0.59625 0.595 0.02625 0.02625
0 0.59875 0.53875 0.02625 0.0275
0 0.3 0.3425 0.0075 0.05
0 0.3525 0.49 0.025 0.04625
0 0.27625 0.3425 0.01125 0.05
0 0.28875 0.34375 0.01125 0.05125
0 0.70125 0.58125 0.03 0.02625
0 0.69875 0.61125 0.03125 0.02625
0 0.7425 0.525 0.0325 0.02875
0 0.7375 0.555 0.0325 0.03
0 0.25125 0.34125 0.00875 0.05
0 0.24 0.34 0.01 0.04875
0 0.22875 0.33875 0.01 0.04625
0 0.2175 0.33875 0.01 0.04625
0 0.73625 0.585 0.03125 0.025
0 0.205 0.33875 0.01 0.04625
0 0.2625 0.34125 0.01 0.05
0 0.85 0.375 0.04875 0.04125
0 0.80125 0.23375 0.035 0.0925
0 0.835 0.2325 0.02875 0.09375
0 0.865 0.23125 0.02 0.0975
0 0.765 0.235 0.02875 0.09
0 0.1925 0.33625 0.01 0.04625
0 0.73375 0.235 0.02875 0.09125