0 0.8025 0.7125 0.06375 0.0625
0 0.77 0.815 0.065 0.09
0 0.71125 0.815 0.04875 0.0875
0 0.65625 0.81625 0.0575 0.09125
0 0.1575 0.71375 0.05625 0.05375
0 0.15875 0.66875 0.0525 0.02625
0 0.22 0.6625 0.0675 0.01375
0 0.7125 0.36875 0.06375 0.075
0 0.77875 0.36625 0.06375 0.075
0 0.22125 0.715 0.06875 0.0575
0 0.64625 0.365 0.0625 0.0775
0 0.58 0.36625 0.07 0.08125
0 0.51875 0.365 0.0475 0.08375
0 0.84375 0.36875 0.06125 0.0725
0 0.29125 0.70625 0.05875 0.08125
0 0.48625 0.70375 0.0575 0.08375
0 0.4225 0.715 0.06125 0.0625
0 0.46 0.3725 0.0725 0.0675
0 0.55125 0.715 0.065 0.06125
0 0.285 0.82125 0.0625 0.0775
0 0.34875 0.81875 0.06 0.0825
0 0.41125 0.82125 0.05875 0.08625
0 0.47125 0.82 0.06125 0.09
0 0.53375 0.8225 0.06125 0.08125
0 0.74 0.71375 0.06125 0.06
0 0.615 0.71375 0.06 0.0575
0 0.67875 0.7125 0.0575 0.0575
0 0.18375 0.56875 0.0675 0.03
0 0.82625 0.815 0.04875 0.095
0 0.3575 0.71625 0.0675 0.06125
0 0.38375 0.37125 0.075 0.06375
0 0.30875 0.37 0.06875 0.065
0 0.2375 0.37125 0.07375 0.06625
0 0.36625 0.43875 0.07 0.01875
0 0.4375 0.4375 0.07 0.0175
0 0.435 0.45625 0.07 0.01
0 0.36375 0.455 0.0675 0.0125
0 0.625 0.42375 0.06875 0.0125
0 0.62875 0.44 0.0625 0.01375
0 0.31 0.44625 0.03625 0.01625
0 0.68625 0.43375 0.04375 0.01125
0 0.75375 0.44375 0.06875 0.0125
0 0.22 0.67875 0.0675 0.0125
0 0.74375 0.66 0.065 0.0125
0 0.74375 0.675 0.06875 0.01375
0 0.16375 0.8075 0.05375 0.085
0 0.22625 0.825 0.05625 0.08625
0 0.7525 0.4275 0.0725 0.0175
0 0.18 0.05875 0.06625 0.03125
0 0.255 0.45125 0.075 0.01625
0 0.84 0.49125 0.06625 0.0625
0 0.165 0.37 0.0675 0.06625
0 0.31 0.325 0.07125 0.02
0 0.3925 0.3125 0.06875 0.02
0 0.3875 0.3325 0.06875 0.0125
0 0.16125 0.48625 0.07125 0.08
0 0.235 0.49375 0.065 0.0625
0 0.255 0.42875 0.075 0.01875
0 0.3025 0.495 0.06375 0.05875
0 0.4375 0.49625 0.06625 0.06
0 0.505 0.49375 0.065 0.0625
0 0.57125 0.4875 0.06125 0.07375
0 0.64 0.48875 0.06125 0.0775
0 0.705 0.48875 0.0675 0.07125
0 0.77 0.4875 0.05875 0.06875
0 0.37 0.49625 0.06625 0.06125
0 0.1875 0.1125 0.06625 0.07
0 0.79875 0.09625 0.05375 0.105
0 0.31875 0.1125 0.065 0.06875
0 0.8275 0.2025 0.07375 0.025
0 0.7525 0.2 0.0725 0.0225
0 0.66 0.20125 0.065 0.015
0 0.6675 0.18125 0.06375 0.0225
0 0.68125 0.245 0.06875 0.065
0 0.6125 0.245 0.06625 0.0675
0 0.535 0.24625 0.07 0.07
0 0.8275 0.2475 0.07625 0.065
0 0.4625 0.2475 0.07125 0.06875
0 0.25625 0.20125 0.04375 0.025
0 0.3125 0.19625 0.06375 0.0375
0 0.31375 0.24875 0.05875 0.06375
0 0.25375 0.11125 0.0625 0.07125
0 0.14375 0.18625 0.03625 0.025
0 0.19375 0.19 0.06 0.03125
0 0.195 0.24375 0.05625 0.07625
0 0.3875 0.24625 0.07375 0.07125
0 0.75375 0.2475 0.0675 0.06625
0 0.59625 0.82125 0.05625 0.08125
0 0.32625 0.6125 0.07 0.06125
0 0.8575 0.66875 0.035 0.02125
0 0.8525 0.71125 0.0425 0.0625
0 0.84375 0.605 0.06125 0.0725
0 0.78375 0.6025 0.05625 0.0775
0 0.7225 0.6025 0.06125 0.0775
0 0.65875 0.60375 0.05625 0.0725
0 0.59625 0.6 0.06125 0.08125
0 0.59625 0.5475 0.065 0.02125
0 0.18375 0.61375 0.06625 0.05625
0 0.46375 0.555 0.065 0.01
0 0.3925 0.555 0.0675 0.01625
0 0.39 0.5725 0.07 0.015
0 0.46125 0.5725 0.06375 0.01625
0 0.53125 0.6125 0.0675 0.0575
0 0.53125 0.57125 0.06875 0.0225
0 0.46375 0.6125 0.065 0.0575
0 0.39625 0.61125 0.0625 0.05875
0 0.1425 0.24 0.035 0.0775
0 0.5075 0.06 0.0625 0.03375
0 0.2575 0.2475 0.05 0.06375
0 0.255 0.615 0.0675 0.06
0 0.74625 0.095 0.045 0.11
0 0.57125 0.05875 0.06125 0.0325
0 0.63625 0.11 0.05875 0.0725
0 0.57125 0.1125 0.05625 0.07
0 0.695 0.09375 0.055 0.10875
0 0.44875 0.115 0.06 0.06875
0 0.38625 0.1125 0.0625 0.07125
0 0.51 0.11375 0.05875 0.06875