0 0.3975 0.315 0.02375 0.0725
0 0.36875 0.315 0.0225 0.0725
0 0.34125 0.30875 0.02125 0.08
0 0.29125 0.31125 0.025 0.0725
0 0.4375 0.315 0.045 0.07375
0 0.265 0.30875 0.025 0.0725
0 0.37875 0.41875 0.0225 0.07125
0 0.43125 0.4175 0.0225 0.07125
0 0.3175 0.3075 0.02125 0.07875
0 0.48125 0.31625 0.04 0.07375
0 0.3525 0.4175 0.02375 0.07125
0 0.55375 0.3125 0.01625 0.0875
0 0.405 0.41875 0.0225 0.07125
0 0.32375 0.4175 0.02375 0.07125
0 0.295 0.415 0.02375 0.07125
0 0.2675 0.415 0.025 0.07125
0 0.24125 0.5075 0.02875 0.07125
0 0.27125 0.515 0.02875 0.07125
0 0.3 0.5125 0.0225 0.07125
0 0.32375 0.515 0.0225 0.07375
0 0.34875 0.5175 0.0225 0.07375
0 0.5225 0.31875 0.04125 0.07375
0 0.23 0.4075 0.0225 0.07
0 0.6225 0.81 0.02375 0.07125
0 0.405 0.51625 0.02375 0.07375
0 0.6625 0.62125 0.02125 0.06125
0 0.64 0.61875 0.02125 0.0625
0 0.6175 0.62 0.02 0.05875
0 0.59375 0.62 0.0225 0.05625
0 0.56875 0.61875 0.0225 0.06125
0 0.545 0.62 0.0225 0.05875
0 0.3475 0.815 0.02625 0.06625
0 0.37625 0.805 0.0225 0.06875
0 0.4 0.80875 0.02375 0.06875
0 0.68375 0.61875 0.0175 0.0675
0 0.42875 0.81 0.02375 0.07375
0 0.47875 0.80875 0.02375 0.07375
0 0.5125 0.80875 0.0375 0.075
0 0.55125 0.80625 0.02125 0.07625
0 0.375 0.5175 0.0225 0.07375
0 0.57375 0.80625 0.02 0.075
0 0.595 0.805 0.02 0.075
0 0.64875 0.80875 0.0225 0.07125
0 0.455 0.41875 0.0225 0.07125
0 0.2925 0.81125 0.02625 0.0675
0 0.4525 0.80875 0.0225 0.07375
0 0.70875 0.6175 0.02375 0.07125
0 0.77125 0.60875 0.01875 0.06625
0 0.53375 0.71125 0.04125 0.0775
0 0.2625 0.81125 0.02875 0.06875
0 0.23125 0.8075 0.025 0.08
0 0.23125 0.7025 0.025 0.07375
0 0.26875 0.7125 0.0275 0.0725
0 0.3 0.71375 0.02625 0.06875
0 0.33 0.71125 0.025 0.06875
0 0.36 0.7125 0.025 0.07125
0 0.39 0.71375 0.025 0.07125
0 0.42375 0.715 0.025 0.07125
0 0.45375 0.715 0.02625 0.06875
0 0.4825 0.7125 0.02625 0.0675
0 0.7725 0.70625 0.015 0.06125
0 0.75375 0.70625 0.01875 0.06125
0 0.7325 0.705 0.02125 0.06
0 0.70875 0.71375 0.0175 0.07
0 0.69 0.715 0.01625 0.0675
0 0.66875 0.71375 0.0225 0.06625
0 0.64375 0.70875 0.02375 0.07875
0 0.6175 0.70875 0.02125 0.07875
0 0.59 0.705 0.01875 0.07875
0 0.56875 0.70625 0.01875 0.07875
0 0.48375 0.41625 0.02375 0.0775
0 0.51 0.41625 0.02375 0.07875
0 0.32 0.8125 0.025 0.06875
0 0.5625 0.41625 0.0225 0.07875
0 0.57375 0.3125 0.02 0.08875
0 0.3675 0.615 0.0225 0.07125
0 0.3425 0.61625 0.0225 0.07125
0 0.31625 0.615 0.0225 0.07125
0 0.29125 0.615 0.0225 0.07125
0 0.26375 0.615 0.0275 0.0725
0 0.2275 0.6075 0.0175 0.06875
0 0.7075 0.5225 0.02625 0.06625
0 0.6775 0.5225 0.02625 0.06625
0 0.65 0.52125 0.0225 0.06625
0 0.59375 0.31 0.01875 0.09125
0 0.6175 0.525 0.02875 0.055
0 0.55375 0.52 0.02125 0.07
0 0.72875 0.80375 0.01875 0.07
0 0.7475 0.805 0.015 0.0725
0 0.76375 0.80375 0.015 0.0725
0 0.77125 0.51375 0.0175 0.07625
0 0.52875 0.51875 0.02125 0.07
0 0.5075 0.51875 0.02 0.0675
0 0.485 0.52125 0.02 0.0675
0 0.46 0.5175 0.0225 0.07375
0 0.435 0.5175 0.02375 0.07375
0 0.58625 0.525 0.0275 0.055
0 0.61375 0.31 0.0175 0.0925
0 0.635 0.31 0.0175 0.09375
0 0.65625 0.3125 0.0175 0.09375
0 0.5875 0.4175 0.02375 0.0775
0 0.515 0.61375 0.0325 0.07125
0 0.4825 0.61375 0.02875 0.07125
0 0.4475 0.615 0.03125 0.07
0 0.41875 0.61375 0.02375 0.07125
0 0.39375 0.615 0.02375 0.07125
0 0.61125 0.4175 0.0225 0.0775
0 0.53625 0.41625 0.025 0.07625
0 0.66375 0.4175 0.025 0.07875
0 0.6375 0.4175 0.02375 0.07875
0 0.70375 0.80875 0.02375 0.07125
0 0.69 0.42375 0.02375 0.06625
0 0.7175 0.4225 0.01875 0.065
0 0.74625 0.51625 0.025 0.29625
0 0.77125 0.41875 0.0175 0.07375
0 0.76 0.31875 0.025 0.08625
0 0.7275 0.325 0.0225 0.0725
0 0.7 0.3225 0.02125 0.07125
0 0.6775 0.3125 0.0175 0.09375
0 0.67625 0.81 0.02375 0.07125