0 0.63625 0.11625 0.035 0.075
0 0.675 0.11375 0.03875 0.0675
0 0.20375 0.74125 0.02375 0.03875
0 0.84875 0.5375 0.0475 0.1075
0 0.16125 0.6925 0.0725 0.0125
0 0.15875 0.67625 0.0675 0.0125
0 0.32125 0.475 0.025 0.08
0 0.1575 0.73875 0.06375 0.0475
0 0.5975 0.1225 0.03375 0.0625
0 0.155 0.1125 0.045 0.1275
0 0.47875 0.1225 0.035 0.0775
0 0.4375 0.12625 0.04 0.07125
0 0.395 0.12875 0.0375 0.0775
0 0.3575 0.1375 0.03125 0.06
0 0.31625 0.13375 0.03375 0.075
0 0.27875 0.13625 0.035 0.06875
0 0.23875 0.13625 0.04125 0.0725
0 0.19875 0.13875 0.0325 0.08
0 0.29 0.47875 0.03 0.075
0 0.55875 0.12 0.0325 0.075
0 0.265 0.47375 0.01625 0.0875
0 0.32875 0.2475 0.025 0.04625
0 0.71625 0.10875 0.0375 0.0775
0 0.16625 0.36 0.02625 0.055
0 0.22 0.3475 0.02375 0.0775
0 0.24625 0.36 0.01875 0.05125
0 0.275 0.35375 0.0325 0.06125
0 0.30625 0.35125 0.025 0.05625
0 0.3325 0.35 0.02 0.0575
0 0.3575 0.34875 0.025 0.0575
0 0.3825 0.3475 0.02125 0.06
0 0.13875 0.46875 0.02625 0.11625
0 0.805 0.405 0.06875 0.09375
0 0.735 0.3175 0.05125 0.08625
0 0.68 0.3275 0.05125 0.07
0 0.62875 0.33 0.0475 0.07625
0 0.57625 0.335 0.05 0.0725
0 0.525 0.33625 0.04625 0.0775
0 0.48375 0.34375 0.02 0.0575
0 0.45875 0.345 0.02625 0.05625
0 0.4325 0.345 0.0225 0.05875
0 0.4075 0.34625 0.025 0.0575
0 0.13875 0.36 0.02375 0.055
0 0.85625 0.23625 0.03625 0.1375
0 0.8 0.2375 0.06875 0.14
0 0.72375 0.21125 0.05 0.07375
0 0.75625 0.1075 0.035 0.075
0 0.81 0.0775 0.06 0.13375
0 0.85875 0.075 0.0325 0.135
0 0.1475 0.27875 0.03 0.025
0 0.17625 0.27875 0.0175 0.0275
0 0.20625 0.255 0.025 0.05125
0 0.235 0.2525 0.03 0.04375
0 0.26875 0.25125 0.02875 0.04875
0 0.3 0.25 0.02875 0.0425
0 0.23875 0.4775 0.02875 0.08375
0 0.35625 0.24625 0.0275 0.04125
0 0.41625 0.24375 0.02875 0.0425
0 0.445 0.2425 0.02625 0.045
0 0.47375 0.24125 0.03 0.045
0 0.50375 0.2425 0.02625 0.04125
0 0.53375 0.2375 0.02625 0.04625
0 0.565 0.23625 0.03 0.0425
0 0.5975 0.23375 0.0275 0.04625
0 0.63 0.23125 0.02875 0.04375
0 0.6725 0.23125 0.04375 0.03875
0 0.38625 0.245 0.025 0.045
0 0.52 0.1225 0.04125 0.0725
0 0.19375 0.35 0.0225 0.0725
0 0.63375 0.6875 0.04625 0.1175
0 0.65375 0.58875 0.02625 0.0475
0 0.62375 0.585 0.0275 0.05875
0 0.58375 0.59 0.04875 0.0525
0 0.5375 0.58625 0.04 0.06625
0 0.49625 0.59875 0.03375 0.0475
0 0.455 0.60875 0.04 0.03125
0 0.4125 0.59125 0.03625 0.06625
0 0.36375 0.59125 0.0475 0.07
0 0.30625 0.59125 0.06 0.07125
0 0.25875 0.5875 0.0275 0.085
0 0.22 0.6175 0.04 0.02875
0 0.34875 0.4725 0.025 0.085
0 0.375 0.49625 0.0175 0.03375
0 0.4075 0.4525 0.02625 0.03625
0 0.43875 0.45 0.02375 0.0325
0 0.405 0.49375 0.02875 0.03125
0 0.4375 0.49125 0.03 0.04
0 0.465 0.4575 0.01875 0.09875
0 0.49125 0.4875 0.0275 0.03875
0 0.51875 0.45875 0.02375 0.095
0 0.67625 0.85875 0.04375 0.09375
0 0.72 0.84125 0.0375 0.1275
0 0.77125 0.81625 0.06125 0.11
0 0.5875 0.4675 0.0225 0.075
0 0.61625 0.48 0.02375 0.04375
0 0.745 0.6825 0.04625 0.11375
0 0.80375 0.69375 0.05375 0.0875
0 0.6825 0.5875 0.02375 0.04875
0 0.85375 0.69375 0.04 0.08625
0 0.7125 0.58125 0.03 0.0575
0 0.795 0.5425 0.04875 0.10875
0 0.69 0.68375 0.05625 0.12
0 0.14625 0.8725 0.04125 0.09625
0 0.195 0.88 0.045 0.10875
0 0.2475 0.87875 0.05125 0.095
0 0.2975 0.86125 0.03625 0.035
0 0.2975 0.8975 0.0375 0.02875
0 0.33875 0.85875 0.03625 0.12625
0 0.38125 0.8275 0.0425 0.0575
0 0.38375 0.89 0.04 0.05375
0 0.4225 0.8525 0.02875 0.13
0 0.46 0.85125 0.04 0.13
0 0.50625 0.87375 0.0425 0.08125
0 0.54875 0.87 0.03875 0.0825
0 0.59 0.85875 0.04 0.10375
0 0.635 0.8675 0.035 0.08875
0 0.585 0.7275 0.0375 0.045
0 0.54625 0.72625 0.035 0.045
0 0.585 0.675 0.0375 0.05375
0 0.545 0.6775 0.035 0.0475
0 0.50875 0.725 0.03125 0.055
0 0.47 0.72625 0.03875 0.055
0 0.47125 0.6575 0.02625 0.03625
0 0.42 0.72125 0.05625 0.065
0 0.36625 0.7025 0.045 0.11
0 0.31875 0.70125 0.04375 0.11
0 0.27375 0.715 0.0375 0.08625
0 0.23625 0.74375 0.035 0.03
0 0.7475 0.58125 0.035 0.0575
0 0.85 0.82875 0.05 0.13125
0 0.55375 0.44625 0.03875 0.11375
0 0.68125 0.41125 0.0425 0.0225
0 0.14625 0.6025 0.0175 0.03
0 0.74625 0.47 0.0275 0.05125
0 0.7175 0.47 0.02 0.05
0 0.68125 0.4875 0.04 0.0225
0 0.68 0.46125 0.03875 0.02125
0 0.685 0.43625 0.04375 0.02
0 0.64375 0.45625 0.025 0.08875
0 0.17875 0.62125 0.03875 0.0225