0 0.42 0.61625 0.02375 0.085
0 0.4375 0.625 0.01125 0.08375
0 0.45625 0.64375 0.01875 0.0975
0 0.47625 0.64625 0.0175 0.0975
0 0.49 0.64 0.01 0.0875
0 0.515 0.655 0.02 0.08875
0 0.61 0.6825 0.035 0.10375
0 0.57 0.6725 0.02625 0.10625
0 0.64 0.68 0.02 0.0875
0 0.6625 0.7175 0.02125 0.11
0 0.68875 0.72625 0.02875 0.115
0 0.7275 0.755 0.03625 0.09375
0 0.75875 0.75375 0.0225 0.1
0 0.53375 0.66625 0.015 0.1025
0 0.3675 0.63125 0.08 0.0125
0 0.2575 0.5675 0.08125 0.00875
0 0.35125 0.66 0.08125 0.015
0 0.855 0.78875 0.04 0.1175
0 0.80625 0.76875 0.02875 0.11625
0 0.78 0.76125 0.02 0.1075
0 0.3975 0.51875 0.01625 0.055
0 0.42625 0.51375 0.02 0.0875
0 0.44625 0.52 0.0175 0.08625
0 0.465 0.525 0.01625 0.0875
0 0.49 0.52875 0.01625 0.0875
0 0.51375 0.535 0.01625 0.09125
0 0.53375 0.5425 0.0175 0.0925
0 0.555 0.5475 0.0175 0.0925
0 0.5725 0.5525 0.0175 0.0925
0 0.59125 0.56125 0.0175 0.0925
0 0.61 0.5675 0.01375 0.09375
0 0.3575 0.645 0.08125 0.015
0 0.625 0.57375 0.01625 0.09375
0 0.66375 0.585 0.02125 0.095
0 0.68625 0.5875 0.02125 0.095
0 0.7075 0.5925 0.01625 0.09375
0 0.725 0.59875 0.01625 0.095
0 0.74875 0.6325 0.0275 0.03875
0 0.78125 0.645 0.03125 0.03875
0 0.8225 0.64 0.05 0.07125
0 0.8625 0.65125 0.025 0.0775
0 0.15125 0.5525 0.04625 0.02375
0 0.16875 0.5325 0.055 0.01625
0 0.20375 0.5175 0.055 0.01125
0 0.24375 0.5975 0.08 0.01125
0 0.24875 0.58625 0.08125 0.00875
0 0.24875 0.5775 0.08125 0.00875
0 0.64375 0.58125 0.0175 0.095
0 0.54875 0.66 0.01125 0.10125
0 0.175 0.27125 0.0175 0.0775
0 0.2175 0.17625 0.00875 0.07375
0 0.8025 0.35375 0.02 0.08875
0 0.82625 0.35125 0.025 0.095
0 0.85625 0.35375 0.03125 0.1025
0 0.13375 0.355 0.01375 0.0675
0 0.1475 0.3575 0.01375 0.0675
0 0.16 0.3575 0.0125 0.06375
0 0.17125 0.37 0.0075 0.0575
0 0.18125 0.375 0.01125 0.055
0 0.195 0.36875 0.015 0.06875
0 0.2125 0.3775 0.015 0.065
0 0.23 0.39125 0.0125 0.045
0 0.24625 0.38125 0.0175 0.0675
0 0.265 0.38625 0.0175 0.06625
0 0.2875 0.3975 0.025 0.05875
0 0.31375 0.4025 0.025 0.0575
0 0.3425 0.41375 0.025 0.0175
0 0.34 0.42875 0.0225 0.01
0 0.3625 0.4125 0.01625 0.01625
0 0.3825 0.41625 0.02375 0.0175
0 0.40125 0.41125 0.0125 0.01625
0 0.4125 0.41 0.01125 0.01625
0 0.36 0.43 0.01375 0.01125
0 0.37875 0.4325 0.01875 0.01125
0 0.4 0.4375 0.02375 0.02
0 0.4225 0.44125 0.01875 0.02
0 0.44125 0.4125 0.015 0.0775
0 0.46 0.415 0.01875 0.08
0 0.475 0.415 0.01 0.0825
0 0.505 0.4225 0.02375 0.085
0 0.77375 0.3425 0.035 0.10625
0 0.5275 0.43 0.0225 0.085
0 0.73875 0.33625 0.03125 0.10625
0 0.685 0.33375 0.0225 0.0975
0 0.2 0.275 0.0125 0.07625
0 0.2175 0.275 0.0175 0.08125
0 0.23625 0.28 0.015 0.08
0 0.25125 0.2825 0.01125 0.07875
0 0.26375 0.285 0.01 0.07625
0 0.275 0.2825 0.01125 0.08
0 0.13375 0.28375 0.01125 0.04625
0 0.31125 0.285 0.02125 0.0875
0 0.32625 0.285 0.00875 0.085
0 0.33875 0.28625 0.01375 0.08875
0 0.35125 0.2875 0.01 0.08375
0 0.36375 0.29 0.01125 0.09
0 0.38875 0.2825 0.03125 0.05375
0 0.38875 0.3275 0.025 0.01875
0 0.41125 0.32625 0.0175 0.0275
0 0.4225 0.3 0.02125 0.02375
0 0.42875 0.3275 0.015 0.0275
0 0.445 0.2975 0.02125 0.09375
0 0.465 0.29875 0.0175 0.095
0 0.48125 0.3 0.015 0.095
0 0.4975 0.30125 0.015 0.09625
0 0.51375 0.30375 0.01625 0.1
0 0.53125 0.305 0.01625 0.1
0 0.55625 0.325 0.03125 0.055
0 0.57625 0.32 0.00875 0.04625
0 0.59375 0.32625 0.02125 0.07875
0 0.615 0.3275 0.02125 0.085
0 0.635 0.34 0.0175 0.07
0 0.65875 0.33125 0.0275 0.09125
0 0.71 0.34375 0.02625 0.08125
0 0.15 0.27 0.02 0.0725
0 0.54875 0.43375 0.02125 0.0875
0 0.5925 0.44 0.02125 0.0875
0 0.73625 0.1925 0.025 0.1
0 0.71125 0.19125 0.02125 0.09875
0 0.6875 0.19 0.0225 0.0975
0 0.6625 0.18625 0.02375 0.1
0 0.63875 0.18 0.01875 0.10875
0 0.62 0.18 0.01625 0.10875
0 0.6 0.17375 0.02 0.115
0 0.58 0.1775 0.0175 0.10875
0 0.5525 0.17375 0.02625 0.11875
0 0.52125 0.1775 0.025 0.11
0 0.4925 0.1725 0.02 0.115
0 0.47375 0.1725 0.0125 0.10875
0 0.46125 0.18375 0.00875 0.09
0 0.45125 0.18125 0.00875 0.09375
0 0.4375 0.1775 0.015 0.095
0 0.42 0.17875 0.015 0.09375
0 0.405 0.1775 0.01125 0.09125
0 0.39 0.18 0.015 0.08875
0 0.37375 0.17875 0.0125 0.09
0 0.3625 0.18 0.01125 0.0825
0 0.34625 0.1775 0.01625 0.08625
0 0.33125 0.1775 0.01375 0.08375
0 0.315 0.17625 0.01375 0.08375
0 0.30125 0.175 0.01375 0.08375
0 0.28625 0.17875 0.01125 0.075
0 0.26875 0.1775 0.01125 0.075
0 0.25375 0.1775 0.01375 0.07875
0 0.24 0.17625 0.0125 0.0775
0 0.22625 0.17625 0.00875 0.07625
0 0.76375 0.18375 0.02625 0.11625
0 0.57125 0.4375 0.02125 0.0875
0 0.7925 0.18375 0.02875 0.12125
0 0.84375 0.19375 0.0225 0.10625
0 0.6275 0.44875 0.0325 0.09375
0 0.665 0.4575 0.03375 0.09375
0 0.69375 0.4625 0.02375 0.1
0 0.71875 0.46625 0.02375 0.10125
0 0.7425 0.47375 0.02375 0.10125
0 0.76625 0.47625 0.02375 0.10125
0 0.7925 0.48125 0.02625 0.10125
0 0.815 0.50125 0.02 0.07625
0 0.13375 0.4475 0.00875 0.0575
0 0.145 0.45125 0.01125 0.0575
0 0.15625 0.4525 0.01125 0.0575
0 0.1675 0.45 0.01125 0.0575
0 0.17875 0.45125 0.01 0.06375
0 0.18875 0.45375 0.0075 0.06625
0 0.2 0.455 0.00875 0.0675
0 0.21 0.4575 0.00875 0.06875
0 0.22 0.46125 0.00875 0.06875
0 0.22875 0.46375 0.0075 0.07125
0 0.24125 0.475 0.0125 0.0625
0 0.25375 0.47875 0.0125 0.0625
0 0.27 0.4825 0.0125 0.0575
0 0.2875 0.4925 0.00875 0.04125
0 0.2975 0.4875 0.01125 0.05375
0 0.315 0.5 0.02125 0.05625
0 0.33375 0.50375 0.015 0.0525
0 0.35125 0.505 0.0175 0.05125
0 0.36875 0.50375 0.01375 0.0475
0 0.3825 0.50125 0.0125 0.05
0 0.86625 0.1925 0.0175 0.10875
0 0.81875 0.19375 0.0225 0.10375
0 0.8475 0.51 0.04375 0.07375