0 0.485 0.1375 0.02375 0.135
0 0.51875 0.13375 0.0375 0.1425
0 0.55375 0.14375 0.02625 0.16
0 0.58375 0.1475 0.03375 0.1475
0 0.6525 0.1575 0.03125 0.13375
0 0.7825 0.1875 0.015 0.1125
0 0.68 0.1625 0.025 0.135
0 0.70875 0.1675 0.03 0.12375
0 0.455 0.13625 0.03 0.13375
0 0.76125 0.17875 0.0225 0.12
0 0.6175 0.15 0.02875 0.1475
0 0.73625 0.1725 0.02375 0.1275
0 0.645 0.3625 0.01625 0.0825
0 0.3825 0.1075 0.0525 0.16125
0 0.335 0.095 0.03375 0.18625
0 0.2775 0.09125 0.05875 0.17875
0 0.1825 0.08 0.065 0.16
0 0.66875 0.36375 0.01375 0.085
0 0.6875 0.3625 0.02375 0.0875
0 0.77375 0.36 0.01125 0.08
0 0.76375 0.36125 0.00875 0.08
0 0.7075 0.36125 0.015 0.0825
0 0.7225 0.36 0.01375 0.08125
0 0.75125 0.36 0.0125 0.0775
0 0.80375 0.18875 0.01875 0.10625
0 0.73875 0.36125 0.015 0.08
0 0.42875 0.1375 0.0225 0.13625
0 0.82125 0.1925 0.01375 0.1125
0 0.49 0.3675 0.02375 0.09875
0 0.865 0.2 0.01875 0.1125
0 0.61 0.81625 0.0275 0.04
0 0.60875 0.77375 0.03125 0.04
0 0.57125 0.83125 0.0325 0.0425
0 0.7875 0.35875 0.01375 0.07625
0 0.575 0.78625 0.03375 0.03875
0 0.63 0.36 0.0125 0.09
0 0.615 0.36125 0.01375 0.08125
0 0.5975 0.36125 0.01625 0.085
0 0.58125 0.365 0.01375 0.08625
0 0.56375 0.365 0.01625 0.08375
0 0.5475 0.36375 0.015 0.09125
0 0.53 0.36375 0.0125 0.09125
0 0.5125 0.36625 0.02 0.09375
0 0.4675 0.36875 0.01875 0.0975
0 0.4475 0.3675 0.01875 0.09625
0 0.42375 0.37 0.02125 0.105
0 0.3975 0.37 0.03 0.10625
0 0.3625 0.37625 0.03375 0.1075
0 0.33125 0.375 0.025 0.1075
0 0.30125 0.375 0.02875 0.115
0 0.18875 0.27375 0.09875 0.06
0 0.565 0.30875 0.0575 0.01625
0 0.565 0.28 0.0575 0.025
0 0.43 0.28875 0.20625 0.05625
0 0.20125 0.37125 0.02875 0.125
0 0.1675 0.375 0.0325 0.12875
0 0.1375 0.375 0.02375 0.11625
0 0.8425 0.19125 0.01875 0.10375
0 0.79875 0.36 0.00875 0.0725
0 0.20625 0.8125 0.13875 0.065
0 0.82125 0.35875 0.015 0.0775
0 0.8375 0.4975 0.0175 0.02875
0 0.85875 0.49 0.0175 0.03375
0 0.21125 0.88625 0.145 0.045
0 0.215 0.945 0.14125 0.0375
0 0.38125 0.69375 0.13875 0.04625
0 0.3825 0.75375 0.15 0.0575
0 0.38875 0.81 0.14875 0.03625
0 0.39125 0.85875 0.14875 0.04375
0 0.38625 0.9275 0.14 0.055
0 0.48 0.66375 0.0475 0.0425
0 0.4825 0.7175 0.04625 0.0375
0 0.4875 0.7675 0.045 0.03875
0 0.8175 0.5 0.01875 0.03625
0 0.4925 0.8125 0.04125 0.05
0 0.53125 0.655 0.035 0.0375
0 0.57 0.64625 0.03375 0.05
0 0.60625 0.63875 0.03625 0.04125
0 0.6375 0.63 0.02375 0.04
0 0.67 0.61875 0.02875 0.0475
0 0.52875 0.70875 0.035 0.0375
0 0.5675 0.6925 0.03125 0.035
0 0.53375 0.8 0.03875 0.0325
0 0.53625 0.845 0.0325 0.0525
0 0.605 0.72625 0.035 0.03125
0 0.53125 0.75375 0.03375 0.03125
0 0.5675 0.7425 0.03 0.045
0 0.495 0.8625 0.04125 0.0375
0 0.7975 0.50375 0.02125 0.03625
0 0.76875 0.51 0.0275 0.03625
0 0.74375 0.51375 0.02125 0.035
0 0.83375 0.35625 0.00875 0.07
0 0.845 0.35625 0.015 0.07125
0 0.85875 0.3525 0.01 0.0625
0 0.87 0.35625 0.01 0.06125
0 0.2375 0.61625 0.06875 0.055
0 0.33375 0.535 0.0575 0.06
0 0.33375 0.5975 0.0525 0.0625
0 0.3875 0.5275 0.04625 0.04625
0 0.38875 0.58625 0.0425 0.0475
0 0.44 0.57375 0.03625 0.055
0 0.435 0.4925 0.04625 0.03625
0 0.47875 0.48625 0.035 0.03125
0 0.54125 0.5475 0.11375 0.0625
0 0.5675 0.48875 0.1325 0.04625
0 0.62375 0.54 0.03875 0.03875
0 0.65625 0.535 0.02625 0.04875
0 0.65125 0.48625 0.0325 0.04125
0 0.6825 0.4775 0.02625 0.03875
0 0.71125 0.47625 0.025 0.04625
0 0.7425 0.47375 0.02625 0.04
0 0.7675 0.46875 0.0225 0.0375
0 0.78875 0.46625 0.0175 0.04
0 0.81 0.46 0.01875 0.0375
0 0.83 0.45875 0.02 0.03875
0 0.85375 0.45375 0.02375 0.035
0 0.69125 0.5275 0.02375 0.04
0 0.7175 0.52375 0.025 0.04375
0 0.80875 0.36 0.00875 0.075
0 0.6025 0.68375 0.03125 0.03125
0 0.7625 0.67125 0.025 0.03375
0 0.66625 0.66375 0.0325 0.03125
0 0.7025 0.65125 0.0275 0.03
0 0.73375 0.64 0.02625 0.03125
0 0.7625 0.63375 0.03 0.02625
0 0.78875 0.62625 0.01875 0.03125
0 0.7075 0.69 0.025 0.03625
0 0.735 0.67875 0.0225 0.0375
0 0.63625 0.675 0.03 0.02375
0 0.79 0.66375 0.0225 0.0375
0 0.70625 0.73125 0.03 0.03125
0 0.7375 0.72125 0.02375 0.03875
0 0.76125 0.71125 0.0225 0.0375
0 0.78875 0.7 0.025 0.02625
0 0.70625 0.77 0.02875 0.03125
0 0.7375 0.7625 0.02125 0.03375
0 0.78875 0.735 0.02375 0.0375
0 0.86 0.69625 0.03 0.02875
0 0.8225 0.71625 0.0375 0.02375
0 0.76375 0.7475 0.0225 0.02875
0 0.82 0.675 0.03125 0.02875
0 0.64 0.71375 0.03375 0.03875
0 0.67 0.70375 0.0225 0.0375
0 0.64 0.7575 0.03125 0.035
0 0.66875 0.7475 0.02125 0.0425
0 0.64 0.7975 0.025 0.02625
0 0.85875 0.66375 0.03125 0.0325
0 0.70125 0.6075 0.0275 0.03375
0 0.72875 0.60375 0.02125 0.0375
0 0.67125 0.7875 0.02625 0.035
0 0.785 0.58625 0.0125 0.04125
0 0.8125 0.57375 0.0425 0.02875
0 0.85625 0.565 0.03625 0.03625
0 0.81375 0.60875 0.03125 0.02875
0 0.855 0.6025 0.035 0.03
0 0.82 0.64 0.035 0.02125
0 0.8575 0.63125 0.03 0.02375
0 0.76 0.595 0.025 0.0375