0 0.21 0.12 0.11875 0.03125
0 0.21375 0.15125 0.12125 0.02375
0 0.6125 0.53125 0.06625 0.025
0 0.595 0.41375 0.13375 0.02625
0 0.82375 0.45625 0.0925 0.02
0 0.82125 0.48125 0.09625 0.02125
0 0.24 0.5275 0.10625 0.02875
0 0.24125 0.55375 0.1025 0.02125
0 0.2425 0.57875 0.105 0.02875
0 0.34875 0.57875 0.1025 0.0325
0 0.4575 0.52375 0.12625 0.03
0 0.46 0.55125 0.12125 0.02625
0 0.4575 0.58375 0.11 0.0325
0 0.55 0.53 0.05 0.0225
0 0.6825 0.665 0.12 0.025
0 0.80125 0.66875 0.10875 0.0275
0 0.80375 0.695 0.1075 0.0225
0 0.1575 0.7875 0.0525 0.02625
0 0.23625 0.7625 0.1 0.02625
0 0.23625 0.78875 0.09875 0.02375
0 0.33625 0.7625 0.0975 0.02625
0 0.33625 0.7875 0.09625 0.0225
0 0.4475 0.73875 0.11125 0.025
0 0.445 0.76875 0.115 0.0275
0 0.56375 0.765 0.11875 0.02625
0 0.82375 0.43375 0.09125 0.02625
0 0.68125 0.74125 0.11875 0.0325
0 0.71375 0.41375 0.1025 0.02875
0 0.57875 0.445 0.12875 0.03125
0 0.71 0.17375 0.1325 0.02875
0 0.7125 0.20625 0.1275 0.03125
0 0.5575 0.1925 0.06375 0.02875
0 0.19625 0.28125 0.13 0.03125
0 0.19625 0.31625 0.1275 0.03125
0 0.19375 0.34875 0.125 0.03
0 0.32625 0.32 0.13 0.03125
0 0.325 0.35 0.1275 0.025
0 0.46375 0.2875 0.1325 0.03625
0 0.46375 0.32125 0.12875 0.02875
0 0.61625 0.3275 0.1275 0.025
0 0.58875 0.295 0.1125 0.025
0 0.7275 0.3125 0.08375 0.02
0 0.72625 0.33375 0.08625 0.02
0 0.82625 0.32875 0.0875 0.0275
0 0.2325 0.465 0.115 0.0375
0 0.3425 0.4225 0.1025 0.0275
0 0.34125 0.445 0.1025 0.01875
0 0.34125 0.4675 0.10125 0.025
0 0.45375 0.415 0.12 0.03
0 0.455 0.445 0.11625 0.02875
0 0.70875 0.445 0.125 0.0275
0 0.22375 0.21625 0.13625 0.03125
0 0.79875 0.74625 0.1125 0.025
0 0.68125 0.77125 0.115 0.0225
0 0.565 0.735 0.115 0.01875
0 0.2225 0.18125 0.13375 0.03625
0 0.585 0.555 0.12375 0.02375
0 0.5825 0.5775 0.125 0.02
0 0.71 0.555 0.1175 0.03
0 0.8225 0.5575 0.09375 0.02875
0 0.82375 0.58625 0.0925 0.02625
0 0.225 0.6525 0.125 0.02875
0 0.2275 0.68375 0.12375 0.03
0 0.3375 0.665 0.09125 0.0275
0 0.3375 0.69 0.09125 0.02
0 0.44375 0.635 0.11375 0.025
0 0.56125 0.63 0.1175 0.03125
0 0.68 0.63625 0.12 0.03
0 0.80375 0.64 0.12375 0.025
0 0.44375 0.66125 0.1125 0.02375
0 0.55875 0.66125 0.1225 0.025
0 0.84125 0.895 0.0525 0.0275
0 0.79125 0.90875 0.02 0.025
0 0.7225 0.52375 0.13 0.03
0 0.79125 0.88 0.02125 0.02375
0 0.8 0.77 0.12 0.02375
0 0.79875 0.7975 0.11125 0.02375
0 0.15625 0.8625 0.05375 0.0175
0 0.15625 0.87875 0.05375 0.015
0 0.15625 0.895 0.0525 0.01875
0 0.76625 0.9075 0.02125 0.02
0 0.245 0.87375 0.095 0.02
0 0.24625 0.89625 0.09625 0.02375
0 0.345 0.85375 0.09625 0.02875
0 0.245 0.85125 0.09625 0.02125
0 0.34375 0.90125 0.09375 0.02375
0 0.34375 0.87875 0.0975 0.02125
0 0.7 0.90375 0.10875 0.02625
0 0.69625 0.875 0.11625 0.03
0 0.575 0.905 0.11625 0.0275
0 0.7675 0.88125 0.02125 0.0225
0 0.57625 0.875 0.115 0.02625
0 0.45625 0.8825 0.115 0.02125
0 0.45625 0.85875 0.1175 0.02625
0 0.4625 0.19375 0.12375 0.03625