0 0.45875 0.46 0.0575 0.01375
0 0.53375 0.63125 0.02125 0.04375
0 0.55625 0.625 0.01875 0.04625
0 0.57625 0.62875 0.01375 0.0525
0 0.5925 0.62875 0.0125 0.05
0 0.60625 0.625 0.01375 0.05625
0 0.6225 0.625 0.0125 0.055
0 0.63875 0.62375 0.01375 0.05875
0 0.7025 0.65125 0.00875 0.045
0 0.71375 0.65125 0.01125 0.045
0 0.50875 0.62375 0.0275 0.0575
0 0.71625 0.62 0.0275 0.01
0 0.62875 0.47 0.04625 0.0125
0 0.63 0.4525 0.05 0.01875
0 0.63 0.43375 0.04875 0.0175
0 0.575 0.44125 0.0575 0.01375
0 0.57375 0.45625 0.055 0.01375
0 0.5725 0.47 0.055 0.01125
0 0.51625 0.47125 0.055 0.01125
0 0.4575 0.44375 0.055 0.015
0 0.47 0.205 0.01 0.075
0 0.7575 0.65 0.0275 0.045
0 0.48125 0.6225 0.025 0.06125
0 0.43875 0.65 0.055 0.00875
0 0.4 0.63125 0.0175 0.05
0 0.29625 0.3 0.065 0.01375
0 0.295 0.2825 0.065 0.01625
0 0.23625 0.3925 0.0325 0.0325
0 0.23625 0.36625 0.0325 0.01625
0 0.625 0.53125 0.00875 0.0525
0 0.63625 0.53125 0.01 0.05625
0 0.6475 0.52375 0.0075 0.04875
0 0.715 0.5175 0.01625 0.03
0 0.585 0.2075 0.01875 0.0675
0 0.56375 0.205 0.01875 0.07
0 0.53625 0.2025 0.025 0.0725
0 0.51625 0.2025 0.01375 0.075
0 0.50125 0.20375 0.01 0.0775
0 0.48625 0.205 0.01375 0.075
0 0.59625 0.72875 0.0175 0.05
0 0.61625 0.7275 0.01875 0.05125
0 0.725 0.72875 0.02375 0.0375
0 0.745 0.73 0.0125 0.035
0 0.75875 0.72375 0.01375 0.0475
0 0.36875 0.63125 0.015 0.05
0 0.38375 0.63 0.01375 0.05125
0 0.45875 0.47375 0.05375 0.015
0 0.39875 0.47625 0.06375 0.0075
0 0.3975 0.4625 0.06375 0.01125
0 0.39875 0.45125 0.0625 0.01125
0 0.775 0.455 0.01125 0.04125
0 0.7725 0.51625 0.01625 0.03
0 0.24375 0.20875 0.01 0.075
0 0.2575 0.2075 0.01125 0.07875
0 0.28 0.205 0.01125 0.0775
0 0.295 0.205 0.01 0.07875
0 0.62 0.2 0.03875 0.08125
0 0.6625 0.2 0.04 0.0825
0 0.70625 0.2125 0.0125 0.05625
0 0.72125 0.2125 0.01 0.05625
0 0.735 0.21375 0.01 0.055
0 0.75125 0.21375 0.015 0.055
0 0.7725 0.2125 0.0175 0.0575
0 0.2725 0.3375 0.025 0.05875
0 0.27875 0.385 0.01625 0.02875
0 0.265 0.405 0.01 0.03
0 0.31625 0.2025 0.01125 0.08625
0 0.33875 0.20125 0.02375 0.08625
0 0.37625 0.20125 0.03875 0.09125
0 0.40375 0.2075 0.01 0.0775
0 0.41875 0.20375 0.01 0.0775
0 0.7575 0.45375 0.02 0.0425
0 0.43375 0.20625 0.01125 0.0775
0 0.73625 0.4525 0.02 0.0425
0 0.6875 0.43 0.04 0.0225
0 0.6725 0.6725 0.035 0.145
0 0.69875 0.56625 0.0225 0.065
0 0.69 0.5125 0.03125 0.02
0 0.69625 0.4925 0.03625 0.01625
0 0.69 0.47375 0.035 0.015
0 0.74125 0.42125 0.0225 0.0125
0 0.75125 0.39375 0.0225 0.01875
0 0.7725 0.39375 0.0175 0.02125
0 0.7725 0.37 0.01625 0.02375
0 0.7525 0.37125 0.02125 0.0225
0 0.725 0.375 0.02375 0.0175
0 0.725 0.3925 0.02625 0.0125
0 0.5475 0.3975 0.05625 0.01375
0 0.5475 0.3825 0.0575 0.01375
0 0.54625 0.365 0.06 0.01625
0 0.6075 0.365 0.0575 0.015
0 0.60625 0.38125 0.05875 0.01625
0 0.60625 0.39625 0.05625 0.01125
0 0.6475 0.3725 0.01625 0.0575
0 0.68 0.34625 0.04875 0.0475
0 0.69375 0.4525 0.0425 0.02125
0 0.69 0.39625 0.035 0.0375
0 0.36375 0.28375 0.065 0.0175
0 0.36375 0.26625 0.065 0.01375
0 0.365 0.31625 0.065 0.01625
0 0.27 0.54125 0.01375 0.02625
0 0.26125 0.49875 0.02 0.0525
0 0.285 0.4825 0.015 0.05875
0 0.34875 0.47625 0.03125 0.01125
0 0.3475 0.465 0.0325 0.01
0 0.34875 0.4525 0.03375 0.01375
0 0.35 0.43625 0.03625 0.015
0 0.3125 0.4525 0.0325 0.05375
0 0.29 0.52625 0.0125 0.01375
0 0.285 0.4275 0.01875 0.03875
0 0.4875 0.3975 0.06 0.01125
0 0.42875 0.39625 0.05375 0.01125
0 0.42875 0.38125 0.05875 0.01625
0 0.36375 0.30125 0.06375 0.01375
0 0.36875 0.36375 0.05375 0.015
0 0.3675 0.3825 0.0525 0.015
0 0.3675 0.39875 0.0525 0.01375
0 0.31625 0.3975 0.03875 0.015
0 0.48875 0.3825 0.0575 0.01375
0 0.31375 0.38 0.03375 0.01375
0 0.29625 0.54375 0.01 0.01875
0 0.2475 0.62625 0.02875 0.07375
0 0.61375 0.53125 0.00875 0.055
0 0.5975 0.52875 0.00625 0.06
0 0.58875 0.5325 0.0075 0.05625
0 0.58 0.5325 0.00875 0.0575
0 0.55875 0.535 0.02875 0.0525
0 0.51875 0.5575 0.04125 0.00875
0 0.52 0.545 0.04375 0.01375
0 0.52 0.53125 0.0425 0.0125
0 0.27375 0.6425 0.01375 0.1
0 0.4775 0.55125 0.01625 0.0225
0 0.37 0.5325 0.0625 0.015
0 0.3725 0.5475 0.06375 0.0125
0 0.37 0.5625 0.06375 0.01125
0 0.32375 0.56125 0.0225 0.0125
0 0.32375 0.5475 0.0275 0.0125
0 0.32125 0.53375 0.02875 0.01125
0 0.24125 0.55 0.04125 0.01125
0 0.2425 0.53875 0.04125 0.01
0 0.42875 0.5525 0.045 0.02
0 0.3125 0.36375 0.03375 0.01625
0 0.4275 0.36375 0.05875 0.015
0 0.70875 0.2925 0.04125 0.02875
0 0.35625 0.72875 0.00875 0.055
0 0.38875 0.7125 0.04875 0.01375
0 0.38875 0.72875 0.04875 0.01375
0 0.38875 0.74125 0.04875 0.01
0 0.38875 0.7525 0.0525 0.01125
0 0.32375 0.7225 0.02625 0.07125
0 0.75125 0.3 0.0375 0.015
0 0.25375 0.72375 0.01875 0.0775
0 0.23 0.72375 0.02125 0.07625
0 0.72375 0.57625 0.01625 0.0375
0 0.75125 0.57625 0.03 0.03875
0 0.4825 0.28375 0.05125 0.015
0 0.4825 0.30125 0.05375 0.015
0 0.48375 0.3175 0.05 0.0125
0 0.42625 0.31625 0.055 0.015
0 0.42625 0.29875 0.055 0.015
0 0.425 0.2825 0.055 0.0175
0 0.3425 0.7225 0.01 0.06625
0 0.42125 0.7225 0.015 0.065
0 0.29625 0.725 0.0275 0.0675
0 0.4725 0.7025 0.05125 0.02
0 0.65625 0.3125 0.055 0.01375
0 0.65625 0.295 0.05625 0.015
0 0.6575 0.2775 0.05625 0.015
0 0.4375 0.72125 0.01125 0.0675
0 0.6 0.2975 0.05375 0.0075
0 0.59875 0.31375 0.05375 0.02
0 0.54125 0.315 0.055 0.01375
0 0.54 0.29875 0.05375 0.01625
0 0.59625 0.285 0.04875 0.015
0 0.55625 0.7075 0.05125 0.01375
0 0.53875 0.28125 0.0525 0.01375
0 0.47125 0.71875 0.05 0.0075
0 0.47125 0.735 0.05 0.0125
0 0.4725 0.74875 0.05375 0.0125
0 0.50875 0.72125 0.0125 0.06375
0 0.45125 0.205 0.01625 0.075
0 0.52125 0.7225 0.0125 0.065
0 0.55875 0.7475 0.05375 0.0125
0 0.55875 0.73375 0.0525 0.0125