0 0.85875 0.31625 0.03125 0.02375
0 0.13625 0.46625 0.0225 0.03
0 0.28625 0.14875 0.0275 0.13875
0 0.315 0.145 0.02 0.0975
0 0.34 0.1525 0.025 0.12875
0 0.36625 0.16875 0.02375 0.0975
0 0.3925 0.165 0.025 0.1
0 0.78125 0.61125 0.09375 0.09125
0 0.23125 0.16375 0.01875 0.06625
0 0.135 0.70125 0.02 0.09375
0 0.15625 0.7025 0.02 0.08875
0 0.18 0.71 0.02375 0.10125
0 0.2075 0.71 0.02625 0.11125
0 0.3125 0.68125 0.0525 0.04625
0 0.855 0.605 0.04 0.10875
0 0.21 0.1625 0.01875 0.0675
0 0.14625 0.18625 0.02625 0.0625
0 0.25 0.7325 0.0475 0.02625
0 0.58 0.6125 0.05125 0.03375
0 0.635 0.5775 0.05 0.045
0 0.68875 0.56625 0.0475 0.0475
0 0.64 0.61375 0.04625 0.02125
0 0.6925 0.6125 0.05125 0.02875
0 0.7825 0.54375 0.1 0.03625
0 0.18 0.18 0.035 0.06875
0 0.14625 0.02875 0.04125 0.0575
0 0.265 0.02625 0.06625 0.0525
0 0.33625 0.025 0.0675 0.05
0 0.4075 0.025 0.0675 0.05
0 0.4775 0.025 0.0675 0.05
0 0.75375 0.02125 0.0625 0.04125
0 0.82125 0.02125 0.06625 0.04125
0 0.2 0.0275 0.0625 0.055
0 0.30875 0.7225 0.05125 0.02375
0 0.305 0.76 0.055 0.0275
0 0.53 0.61 0.04625 0.0325
0 0.13875 0.83375 0.0275 0.08875
0 0.17 0.84 0.03125 0.085
0 0.2025 0.83625 0.0325 0.08875
0 0.265 0.84375 0.09 0.09375
0 0.345 0.84625 0.05625 0.095
0 0.4 0.84875 0.05 0.09125
0 0.84 0.745 0.07 0.1175
0 0.45125 0.8625 0.04625 0.085
0 0.58125 0.86875 0.06875 0.085
0 0.675 0.8475 0.02875 0.05125
0 0.71125 0.85875 0.0325 0.07
0 0.63625 0.85125 0.0275 0.05875
0 0.78125 0.88 0.0725 0.1025
0 0.8475 0.8825 0.05375 0.10125
0 0.5125 0.8375 0.06125 0.05625
0 0.2525 0.76 0.0475 0.02625
0 0.75125 0.73625 0.09875 0.115
0 0.6125 0.75625 0.05125 0.03875
0 0.3625 0.69625 0.0375 0.04
0 0.40625 0.695 0.04125 0.04375
0 0.45375 0.7125 0.0475 0.04375
0 0.355 0.75625 0.03875 0.04375
0 0.40125 0.75625 0.0475 0.0475
0 0.4525 0.76 0.04875 0.045
0 0.6675 0.765 0.05375 0.02375
0 0.5075 0.70625 0.05 0.04875
0 0.50375 0.75 0.05 0.02875
0 0.55625 0.7525 0.04875 0.03625
0 0.61 0.71 0.0575 0.04375
0 0.60875 0.67875 0.05625 0.015
0 0.66625 0.6875 0.05125 0.02125
0 0.66875 0.725 0.055 0.04875
0 0.55625 0.7025 0.0425 0.0425
0 0.58375 0.56375 0.04625 0.04125
0 0.25625 0.1475 0.02625 0.14
0 0.55125 0.52875 0.0475 0.02625
0 0.18 0.38125 0.06625 0.035
0 0.175 0.345 0.065 0.035
0 0.1725 0.30875 0.065 0.035
0 0.17 0.27 0.06375 0.03625
0 0.86875 0.15375 0.0125 0.13375
0 0.84625 0.15375 0.02625 0.1325
0 0.18125 0.4175 0.065 0.0325
0 0.82 0.155 0.0225 0.1325
0 0.765 0.15375 0.02375 0.1325
0 0.74125 0.15125 0.01875 0.125
0 0.71875 0.17 0.02375 0.08875
0 0.68875 0.17 0.02875 0.08875
0 0.63875 0.155 0.03125 0.125
0 0.60125 0.18625 0.02 0.055
0 0.7925 0.15375 0.02625 0.13375
0 0.2475 0.29375 0.07125 0.02625
0 0.26875 0.2725 0.05625 0.01125
0 0.25125 0.33125 0.06875 0.04375
0 0.86 0.28875 0.03125 0.0275
0 0.79 0.3175 0.095 0.02625
0 0.79125 0.2875 0.09625 0.03
0 0.7175 0.31125 0.03375 0.09875
0 0.6825 0.31125 0.02875 0.0975
0 0.63625 0.31125 0.0375 0.1
0 0.5925 0.305 0.04375 0.10875
0 0.55125 0.305 0.02375 0.1125
0 0.52125 0.305 0.02625 0.11
0 0.4925 0.30375 0.02875 0.1075
0 0.46375 0.3225 0.025 0.07
0 0.43625 0.32125 0.025 0.07
0 0.39625 0.31625 0.0325 0.08375
0 0.36125 0.315 0.02875 0.08625
0 0.53625 0.5625 0.03875 0.03625
0 0.57875 0.1875 0.02 0.05875
0 0.55375 0.18375 0.025 0.06625
0 0.31625 0.32875 0.055 0.05375
0 0.5 0.1725 0.0225 0.09
0 0.78625 0.44375 0.10625 0.02125
0 0.78875 0.4675 0.1075 0.02125
0 0.775 0.4175 0.1075 0.02
0 0.1925 0.51875 0.065 0.03
0 0.155 0.5825 0.02125 0.0875
0 0.18375 0.58125 0.03 0.08875
0 0.68625 0.455 0.03125 0.0875
0 0.21625 0.58125 0.03125 0.0875
0 0.3325 0.545 0.03875 0.0375
0 0.33375 0.6025 0.03875 0.07
0 0.38875 0.58875 0.05375 0.09875
0 0.44 0.60625 0.03875 0.0375
0 0.48125 0.6075 0.04 0.03375
0 0.52625 0.1825 0.02625 0.07
0 0.2925 0.59875 0.0375 0.06625
0 0.655 0.46625 0.02625 0.0575
0 0.2525 0.5925 0.0375 0.08125
0 0.57625 0.4625 0.025 0.0275
0 0.4725 0.1725 0.0225 0.09625
0 0.61625 0.4625 0.02625 0.0275
0 0.4475 0.17 0.02375 0.09125
0 0.42 0.1675 0.02125 0.09625
0 0.1825 0.45125 0.0625 0.03125
0 0.2325 0.445 0.0325 0.0775
0 0.26625 0.4425 0.03 0.0825
0 0.1825 0.485 0.0625 0.03
0 0.3325 0.44875 0.0325 0.0825
0 0.365 0.45 0.02625 0.07375
0 0.395 0.44125 0.03 0.0875
0 0.43 0.44625 0.03375 0.08625
0 0.46125 0.455 0.02375 0.07
0 0.29875 0.445 0.02875 0.0825
0 0.5 0.4725 0.03125 0.03625
0 0.54 0.45625 0.04 0.07125