0 0.27 0.2825 0.02 0.05125
0 0.29375 0.285 0.02 0.05125
0 0.315 0.3 0.015 0.0175
0 0.34 0.29 0.01875 0.05
0 0.36 0.2925 0.01875 0.05
0 0.38125 0.29375 0.01875 0.05
0 0.405 0.295 0.01875 0.05
0 0.2875 0.36375 0.01875 0.04625
0 0.4475 0.3 0.01875 0.05
0 0.265 0.36 0.01875 0.0475
0 0.31125 0.3625 0.01875 0.0475
0 0.3325 0.365 0.01875 0.04625
0 0.35375 0.365 0.01875 0.0475
0 0.2 0.72625 0.0325 0.0925
0 0.425 0.2975 0.01875 0.05
0 0.15125 0.75375 0.045 0.02875
0 0.13375 0.47875 0.015 0.025
0 0.14 0.63625 0.02875 0.04875
0 0.3775 0.3675 0.01875 0.0475
0 0.1325 0.28875 0.015 0.05875
0 0.15375 0.29125 0.01875 0.05875
0 0.2025 0.29375 0.02125 0.05875
0 0.14 0.38125 0.02875 0.05125
0 0.19375 0.38 0.0575 0.055
0 0.1525 0.48 0.015 0.02375
0 0.17 0.48 0.01625 0.0225
0 0.13375 0.45125 0.01375 0.02625
0 0.1525 0.45125 0.01625 0.03
0 0.16875 0.4525 0.015 0.0275
0 0.18875 0.47125 0.01625 0.03875
0 0.20875 0.47375 0.01625 0.03375
0 0.165 0.54875 0.055 0.0525
0 0.2075 0.54375 0.025 0.0675
0 0.19 0.62625 0.05875 0.0625
0 0.39875 0.37 0.01875 0.0475
0 0.7225 0.6225 0.015 0.04375
0 0.4425 0.37375 0.01875 0.0475
0 0.7125 0.30625 0.02125 0.0625
0 0.7325 0.32 0.01625 0.0325
0 0.7525 0.3125 0.0175 0.0525
0 0.77125 0.31 0.01625 0.06125
0 0.79 0.31125 0.01625 0.06125
0 0.80875 0.31 0.01625 0.06125
0 0.82625 0.31125 0.01625 0.06125
0 0.84625 0.31125 0.02 0.06125
0 0.70625 0.39 0.01625 0.0525
0 0.7275 0.3925 0.01625 0.0525
0 0.74625 0.39125 0.01625 0.0525
0 0.765 0.39375 0.01625 0.0525
0 0.78375 0.39125 0.01625 0.06
0 0.8025 0.39 0.01625 0.06
0 0.82125 0.38875 0.0175 0.06375
0 0.84125 0.38875 0.0175 0.06375
0 0.7 0.445 0.0125 0.03125
0 0.61875 0.7375 0.01875 0.05
0 0.5975 0.73625 0.01625 0.05375
0 0.5775 0.73125 0.01125 0.0475
0 0.5625 0.7375 0.0175 0.0525
0 0.54375 0.58625 0.01625 0.055
0 0.56875 0.58625 0.01625 0.055
0 0.58875 0.5875 0.01625 0.055
0 0.60625 0.5875 0.01625 0.055
0 0.6275 0.58875 0.01875 0.0525
0 0.47875 0.6625 0.0175 0.05375
0 0.5 0.6625 0.0175 0.05375
0 0.52 0.66375 0.015 0.05375
0 0.71375 0.445 0.0125 0.03125
0 0.53875 0.66125 0.0175 0.05375
0 0.57625 0.66125 0.015 0.055
0 0.595 0.66125 0.01875 0.05375
0 0.615 0.6625 0.0175 0.05125
0 0.4675 0.74 0.015 0.05
0 0.4875 0.74 0.01875 0.05
0 0.5075 0.74 0.0175 0.04875
0 0.52375 0.72625 0.01125 0.05
0 0.53875 0.725 0.01375 0.05125
0 0.55625 0.6625 0.015 0.05375
0 0.52375 0.585 0.01625 0.055
0 0.72875 0.44625 0.0125 0.03125
0 0.75875 0.44625 0.01125 0.0325
0 0.77125 0.62375 0.01375 0.04125
0 0.78625 0.625 0.015 0.04
0 0.8025 0.62375 0.015 0.04
0 0.68 0.68875 0.015 0.05375
0 0.69875 0.69 0.01625 0.05125
0 0.75375 0.6925 0.01625 0.05
0 0.76875 0.68125 0.01125 0.0525
0 0.78375 0.6825 0.015 0.04875
0 0.8025 0.68125 0.0175 0.05
0 0.42 0.37125 0.01875 0.0475
0 0.7975 0.7375 0.0175 0.05375
0 0.775 0.7375 0.0225 0.05375
0 0.7525 0.74375 0.01875 0.04625
0 0.73125 0.7425 0.0175 0.04625
0 0.71125 0.7425 0.0175 0.04625
0 0.69125 0.74125 0.0175 0.04625
0 0.67375 0.74125 0.0125 0.0475
0 0.75625 0.62375 0.01375 0.04375
0 0.74 0.6225 0.015 0.04375
0 0.70625 0.6225 0.01375 0.0425
0 0.69 0.62125 0.01375 0.04125
0 0.7725 0.44625 0.01125 0.0325
0 0.78625 0.44875 0.01125 0.03
0 0.80125 0.4475 0.0125 0.03125
0 0.82125 0.4475 0.0225 0.03125
0 0.72875 0.49875 0.01375 0.035
0 0.745 0.49875 0.015 0.03625
0 0.76 0.5 0.0125 0.03625
0 0.775 0.5 0.01375 0.03625
0 0.7425 0.4475 0.0125 0.03125
0 0.7925 0.50125 0.01625 0.03625
0 0.685 0.55625 0.0125 0.03625
0 0.69875 0.5575 0.0125 0.0375
0 0.73125 0.5575 0.01125 0.03625
0 0.74625 0.5575 0.01375 0.03625
0 0.76125 0.5575 0.01375 0.03625
0 0.7775 0.55875 0.01375 0.03375
0 0.7925 0.55875 0.01125 0.03375
0 0.80625 0.55875 0.0125 0.03375
0 0.81 0.50125 0.015 0.035
0 0.50375 0.5875 0.01625 0.02875
0 0.715 0.5575 0.015 0.03625
0 0.43375 0.5775 0.0175 0.0575
0 0.43125 0.6575 0.01625 0.0575
0 0.2725 0.735 0.02375 0.06625
0 0.29875 0.73375 0.025 0.065
0 0.32625 0.73375 0.02375 0.06625
0 0.35 0.735 0.02125 0.06375
0 0.37375 0.735 0.02125 0.06375
0 0.42375 0.72375 0.02125 0.065
0 0.48875 0.30625 0.01125 0.035
0 0.41 0.6575 0.02 0.05875
0 0.50375 0.3075 0.01625 0.03625
0 0.52125 0.31 0.01625 0.03625
0 0.53875 0.31125 0.015 0.0325
0 0.5575 0.3125 0.015 0.0325
0 0.575 0.31375 0.015 0.0325
0 0.5925 0.31375 0.015 0.0325
0 0.61125 0.31625 0.015 0.0325
0 0.63 0.315 0.015 0.0325
0 0.64625 0.3175 0.015 0.0325
0 0.3025 0.49875 0.01875 0.0625
0 0.38875 0.6575 0.02 0.05875
0 0.365 0.65875 0.02 0.05875
0 0.34375 0.6575 0.01875 0.05875
0 0.32625 0.4975 0.01875 0.0625
0 0.3475 0.5025 0.01875 0.06125
0 0.37125 0.50375 0.01875 0.06125
0 0.3925 0.50375 0.01875 0.0625
0 0.4125 0.50625 0.01875 0.06125
0 0.435 0.5075 0.01875 0.06125
0 0.26125 0.49625 0.0175 0.06125
0 0.4425 0.43625 0.01625 0.06125
0 0.42125 0.43625 0.02 0.06375
0 0.32625 0.5725 0.01875 0.0575
0 0.3475 0.5725 0.01875 0.0575
0 0.37125 0.57375 0.01875 0.0575
0 0.39125 0.5725 0.0175 0.0575
0 0.4125 0.57625 0.0175 0.0575
0 0.2575 0.6575 0.01875 0.05875
0 0.28 0.65625 0.01875 0.05875
0 0.30125 0.65625 0.01875 0.05875
0 0.4 0.43375 0.02 0.06375
0 0.32375 0.6575 0.01875 0.05875
0 0.49375 0.375 0.015 0.04375
0 0.51125 0.3775 0.015 0.04375
0 0.3775 0.435 0.02 0.06375
0 0.54875 0.37875 0.015 0.04375
0 0.53125 0.3775 0.015 0.04375
0 0.265 0.42625 0.02 0.06375
0 0.2875 0.425 0.02 0.06375
0 0.31 0.4275 0.02 0.06375
0 0.3325 0.43 0.02 0.06375
0 0.35375 0.4325 0.02 0.06375
0 0.485 0.585 0.01625 0.05
0 0.625 0.51 0.00625 0.0275
0 0.6125 0.5225 0.01375 0.035
0 0.59625 0.51375 0.0175 0.0575
0 0.57625 0.5125 0.0175 0.0575
0 0.555 0.51125 0.01875 0.05875
0 0.535 0.51 0.01875 0.05875
0 0.515 0.51 0.01875 0.05875
0 0.4925 0.5075 0.01875 0.05875
0 0.28125 0.5 0.0175 0.06125
0 0.64 0.4425 0.01875 0.06
0 0.475 0.51125 0.01 0.04
0 0.56625 0.37875 0.015 0.04375
0 0.58375 0.38125 0.015 0.04375
0 0.6025 0.38125 0.01625 0.0425
0 0.63875 0.38375 0.01625 0.04125
0 0.48125 0.4375 0.0125 0.05875
0 0.62 0.3825 0.01625 0.04125
0 0.51625 0.43625 0.02 0.06
0 0.53625 0.4375 0.0175 0.05875
0 0.55625 0.4375 0.0175 0.05875
0 0.57625 0.4375 0.0175 0.05875
0 0.59625 0.44 0.0175 0.05875
0 0.61875 0.44125 0.01875 0.06
0 0.4975 0.435 0.015 0.05875