0 0.86125 0.6475 0.0275 0.0325
0 0.4875 0.8625 0.05125 0.03875
0 0.53375 0.8475 0.03375 0.03375
0 0.5325 0.805 0.04375 0.03875
0 0.53125 0.75375 0.04 0.04125
0 0.58 0.705 0.04625 0.04
0 0.62875 0.69375 0.04375 0.03375
0 0.5775 0.74875 0.04375 0.03125
0 0.6275 0.73875 0.04 0.03125
0 0.58125 0.79 0.045 0.03375
0 0.625 0.77625 0.04 0.0375
0 0.58375 0.83625 0.0375 0.04125
0 0.6275 0.82875 0.03875 0.03875
0 0.675 0.68625 0.04125 0.03125
0 0.7175 0.68 0.03375 0.0425
0 0.76125 0.67125 0.03625 0.03375
0 0.79875 0.66375 0.03625 0.0425
0 0.66875 0.73125 0.03375 0.0275
0 0.48375 0.81375 0.045 0.0375
0 0.48 0.7725 0.04375 0.03
0 0.48125 0.725 0.05125 0.0375
0 0.4375 0.87875 0.04625 0.03625
0 0.84125 0.55875 0.0325 0.03625
0 0.7975 0.6075 0.03 0.03375
0 0.83625 0.5975 0.035 0.03625
0 0.18375 0.79125 0.0725 0.03875
0 0.19 0.845 0.06375 0.03375
0 0.195 0.89375 0.06 0.0425
0 0.21 0.94125 0.05875 0.03625
0 0.25125 0.82125 0.0625 0.04125
0 0.71125 0.72125 0.035 0.03
0 0.26125 0.875 0.05375 0.035
0 0.3175 0.80875 0.05375 0.04125
0 0.32125 0.8625 0.04875 0.04
0 0.32375 0.91 0.04625 0.035
0 0.3775 0.795 0.04625 0.04375
0 0.375 0.84375 0.0525 0.02875
0 0.38125 0.89 0.04875 0.0325
0 0.43 0.78 0.0425 0.04
0 0.4325 0.82875 0.0475 0.0375
0 0.26625 0.92375 0.04625 0.03375
0 0.8025 0.56125 0.03125 0.0425
0 0.75125 0.71375 0.03125 0.0275
0 0.82875 0.7 0.0325 0.0225
0 0.3275 0.29875 0.04375 0.09625
0 0.275 0.29375 0.04875 0.09875
0 0.215 0.33125 0.05 0.16125
0 0.1575 0.3275 0.055 0.1675
0 0.15625 0.1225 0.0525 0.19
0 0.215 0.125 0.055 0.1825
0 0.28625 0.1275 0.055 0.1825
0 0.345 0.1325 0.05375 0.17125
0 0.40125 0.13625 0.0475 0.1725
0 0.8575 0.16625 0.03375 0.1225
0 0.82 0.165 0.03875 0.12125
0 0.7825 0.1575 0.0325 0.1425
0 0.7425 0.15625 0.0375 0.1425
0 0.7 0.15625 0.0375 0.1475
0 0.65625 0.15625 0.04625 0.145
0 0.60875 0.1525 0.03875 0.155
0 0.455 0.1375 0.0475 0.16625
0 0.3775 0.305 0.04375 0.1125
0 0.31125 0.3975 0.07125 0.07375
0 0.385 0.40375 0.06375 0.04625
0 0.435 0.32375 0.02375 0.1475
0 0.66875 0.7725 0.03375 0.03
0 0.66875 0.81375 0.03125 0.03125
0 0.7075 0.7625 0.035 0.0275
0 0.70875 0.8025 0.03375 0.0325
0 0.75 0.79625 0.02875 0.03
0 0.74875 0.75375 0.02875 0.03125
0 0.7875 0.74 0.03375 0.02625
0 0.7875 0.7825 0.03 0.02625
0 0.78875 0.70625 0.0275 0.025
0 0.8225 0.735 0.02875 0.02875
0 0.86125 0.73125 0.0275 0.0275
0 0.85875 0.76625 0.02375 0.03
0 0.8625 0.69375 0.025 0.035
0 0.64 0.3225 0.03375 0.14
0 0.6025 0.32 0.035 0.1375
0 0.56125 0.31875 0.03625 0.14
0 0.52 0.32125 0.03625 0.14125
0 0.4775 0.32375 0.04 0.14125
0 0.82375 0.77375 0.0225 0.03125
0 0.51125 0.1425 0.04625 0.1625
0 0.56 0.1475 0.045 0.1525
0 0.75875 0.61625 0.0325 0.03875
0 0.71875 0.575 0.03875 0.04125
0 0.7175 0.62 0.0375 0.03625
0 0.67375 0.62625 0.0325 0.035
0 0.67875 0.58 0.03875 0.0475
0 0.63 0.58375 0.04625 0.0425
0 0.63125 0.63625 0.03875 0.04625
0 0.58375 0.64125 0.045 0.03875
0 0.58 0.5925 0.04875 0.04
0 0.535 0.6475 0.045 0.0475
0 0.485 0.6575 0.0475 0.03875
0 0.4325 0.66875 0.05125 0.04125
0 0.48875 0.60375 0.04875 0.0425
0 0.43125 0.61125 0.055 0.04375
0 0.41125 0.52375 0.01625 0.085
0 0.385 0.525 0.0225 0.085
0 0.35875 0.52875 0.0175 0.08375
0 0.3325 0.53125 0.02125 0.08
0 0.30625 0.535 0.0225 0.08625
0 0.2775 0.53875 0.02 0.08875
0 0.18625 0.54875 0.02625 0.0925
0 0.21875 0.55 0.02125 0.0925
0 0.24875 0.5475 0.025 0.09375
0 0.14875 0.54625 0.02375 0.09
0 0.17875 0.65625 0.06875 0.04875
0 0.185 0.71375 0.06 0.045
0 0.245 0.63875 0.06125 0.04625
0 0.255 0.70375 0.05875 0.04125
0 0.31625 0.69125 0.05625 0.05
0 0.3125 0.63375 0.06 0.0425
0 0.37375 0.6225 0.05375 0.0425
0 0.76125 0.5675 0.04 0.03625
0 0.37625 0.68 0.05375 0.04125
0 0.455 0.515 0.0175 0.065
0 0.59375 0.48 0.03 0.1225
0 0.50625 0.5175 0.02125 0.07
0 0.48 0.51375 0.01625 0.06375
0 0.71 0.47125 0.02875 0.10875
0 0.85 0.315 0.02625 0.11375
0 0.4325 0.515 0.01875 0.0675
0 0.52375 0.50875 0.01375 0.0625
0 0.81625 0.31875 0.03125 0.11
0 0.62625 0.47875 0.0275 0.12125
0 0.75625 0.315 0.03375 0.125
0 0.68125 0.31875 0.03375 0.1275
0 0.74375 0.4675 0.02125 0.11
0 0.86625 0.455 0.01625 0.10375
0 0.845 0.45625 0.015 0.10375
0 0.81625 0.4575 0.03375 0.10625
0 0.77375 0.46375 0.025 0.10875
0 0.71875 0.32 0.0325 0.13
0 0.6625 0.46625 0.03125 0.11125