0 0.5725 0.5975 0.04875 0.07875
0 0.625 0.6 0.04875 0.07625
0 0.2675 0.1375 0.04625 0.08875
0 0.7475 0.48375 0.0275 0.06375
0 0.775 0.5275 0.05 0.01375
0 0.82375 0.49375 0.0425 0.08125
0 0.8625 0.48625 0.025 0.075
0 0.2475 0.59875 0.0525 0.075
0 0.31625 0.59625 0.05125 0.06875
0 0.3725 0.5925 0.0525 0.0675
0 0.4425 0.59625 0.0475 0.07
0 0.6875 0.965 0.06875 0.06625
0 0.7375 0.9725 0.0275 0.05375
0 0.595 0.98875 0.0325 0.02125
0 0.60375 0.9425 0.0375 0.0275
0 0.6325 0.97625 0.03875 0.0325
0 0.81625 0.9625 0.1175 0.0675
0 0.5425 0.94875 0.035 0.03875
0 0.49 0.9775 0.035 0.0425
0 0.78 0.485 0.02375 0.06375
0 0.28375 0.96875 0.0675 0.0625
0 0.34625 0.96 0.0225 0.0675
0 0.3725 0.955 0.02375 0.05875
0 0.40125 0.95625 0.0325 0.055
0 0.70625 0.495 0.055 0.08375
0 0.64875 0.49 0.05 0.08125
0 0.58625 0.49125 0.05125 0.08375
0 0.5275 0.4925 0.05625 0.0825
0 0.51875 0.2825 0.045 0.0525
0 0.47 0.28125 0.0475 0.05375
0 0.42125 0.28125 0.04625 0.05375
0 0.3725 0.28 0.04625 0.05625
0 0.3225 0.27875 0.0475 0.055
0 0.2725 0.2775 0.04875 0.05625
0 0.2225 0.27625 0.045 0.055
0 0.2425 0.35875 0.0625 0.0625
0 0.30875 0.36375 0.05875 0.06
0 0.37875 0.365 0.05 0.06125
0 0.43625 0.9625 0.0325 0.07
0 0.42 0.365 0.0275 0.05625
0 0.5375 0.365 0.05625 0.06125
0 0.60625 0.3675 0.055 0.06
0 0.66375 0.36625 0.0575 0.05875
0 0.73125 0.36625 0.0575 0.05625
0 0.78625 0.36625 0.05125 0.0575
0 0.84375 0.3675 0.055 0.05625
0 0.24375 0.4875 0.0575 0.08625
0 0.31875 0.4875 0.05125 0.0875
0 0.3975 0.48875 0.05125 0.08375
0 0.45125 0.50625 0.05125 0.045
0 0.4675 0.36875 0.0625 0.06625
0 0.79125 0.88375 0.06125 0.0425
0 0.635 0.88 0.01125 0.03625
0 0.72625 0.875 0.0125 0.0325
0 0.37125 0.79625 0.03 0.0475
0 0.34 0.79625 0.03125 0.04625
0 0.30375 0.795 0.02875 0.0425
0 0.2725 0.79375 0.03125 0.045
0 0.245 0.78625 0.01875 0.04375
0 0.86125 0.7075 0.02625 0.05
0 0.8175 0.70625 0.0575 0.05
0 0.7525 0.705 0.05625 0.0475
0 0.69875 0.7025 0.04625 0.0425
0 0.6475 0.70375 0.0525 0.0475
0 0.41 0.78375 0.03125 0.0375
0 0.59 0.70375 0.0575 0.0475
0 0.48625 0.68625 0.03 0.0375
0 0.4425 0.70125 0.0525 0.045
0 0.385 0.70125 0.05625 0.04625
0 0.32125 0.68625 0.04375 0.03625
0 0.2625 0.7 0.05625 0.05
0 0.84875 0.6025 0.0525 0.07875
0 0.8 0.6 0.03625 0.07125
0 0.75375 0.59875 0.0525 0.07125
0 0.67625 0.6 0.0475 0.07125
0 0.215 0.13625 0.05375 0.08625
0 0.53 0.68625 0.0475 0.0375
0 0.5675 0.28125 0.0475 0.055
0 0.4525 0.795 0.0325 0.04625
0 0.5525 0.77625 0.0275 0.0425
0 0.6825 0.87 0.06875 0.05
0 0.59625 0.885 0.06 0.035
0 0.53125 0.8775 0.0625 0.04625
0 0.48375 0.885 0.0225 0.0275
0 0.45875 0.88375 0.02375 0.0225
0 0.4825 0.85625 0.01875 0.025
0 0.45875 0.85625 0.025 0.03
0 0.43125 0.88125 0.02125 0.0375
0 0.40625 0.88 0.02375 0.0375
0 0.36125 0.8625 0.0225 0.035
0 0.5225 0.7925 0.03125 0.0425
0 0.32375 0.86625 0.04875 0.0375
0 0.26625 0.88125 0.02125 0.03125
0 0.86 0.78375 0.025 0.04
0 0.83 0.7975 0.02875 0.04125
0 0.79875 0.7975 0.03375 0.04125
0 0.74625 0.79375 0.03625 0.04375
0 0.71375 0.7875 0.025 0.04
0 0.685 0.79375 0.03125 0.04625
0 0.65125 0.7925 0.03 0.0475
0 0.61875 0.795 0.03 0.0425
0 0.5875 0.79 0.03125 0.04625
0 0.30875 0.895 0.04875 0.02
0 0.6175 0.2825 0.045 0.05375
0 0.5125 0.5975 0.05625 0.07875
0 0.66625 0.2825 0.045 0.055
0 0.315 0.14 0.04375 0.08875
0 0.36375 0.14125 0.0475 0.08875
0 0.43 0.15125 0.03375 0.0675
0 0.47125 0.14125 0.04125 0.0875
0 0.5175 0.1425 0.0475 0.08875
0 0.5675 0.1425 0.04375 0.08625
0 0.61375 0.1425 0.0425 0.085
0 0.71125 0.28125 0.0425 0.05375
0 0.7175 0.14375 0.04875 0.08875
0 0.76625 0.14375 0.0475 0.0875
0 0.8175 0.14375 0.05 0.09
0 0.85625 0.28125 0.0375 0.05375
0 0.81 0.2825 0.05 0.0525
0 0.6625 0.14375 0.045 0.085
0 0.75875 0.2825 0.05 0.05125