0 0.7425 0.70125 0.0375 0.07375
0 0.26125 0.3975 0.01125 0.085
0 0.2325 0.4125 0.03375 0.01375
0 0.14 0.4025 0.02625 0.07625
0 0.22375 0.39 0.03 0.015
0 0.18 0.42625 0.04125 0.0275
0 0.70125 0.7025 0.03625 0.075
0 0.74625 0.40875 0.0425 0.03375
0 0.225 0.43125 0.0375 0.01875
0 0.65625 0.695 0.03625 0.0575
0 0.38 0.7 0.03875 0.04375
0 0.58 0.7075 0.03125 0.06875
0 0.53875 0.70125 0.03375 0.05875
0 0.49375 0.69375 0.03625 0.045
0 0.33625 0.715 0.03875 0.0725
0 0.29625 0.7175 0.035 0.0775
0 0.25625 0.71875 0.035 0.0775
0 0.21875 0.72 0.03375 0.075
0 0.79 0.40625 0.0425 0.03125
0 0.17875 0.7225 0.03625 0.0775
0 0.14125 0.72125 0.03125 0.0775
0 0.61625 0.6975 0.035 0.055
0 0.8675 0.40625 0.01375 0.03375
0 0.6925 0.27625 0.02875 0.04875
0 0.8675 0.36875 0.015 0.03625
0 0.3975 0.81875 0.03125 0.0875
0 0.3675 0.81625 0.0275 0.09
0 0.29375 0.83375 0.04 0.07625
0 0.25125 0.81875 0.0375 0.0675
0 0.205 0.79875 0.02625 0.04125
0 0.16375 0.80125 0.04375 0.0425
0 0.865 0.8025 0.01875 0.08625
0 0.8575 0.69875 0.03375 0.07375
0 0.81125 0.6975 0.03625 0.06625
0 0.55375 0.2575 0.03375 0.0925
0 0.5925 0.2775 0.0325 0.04625
0 0.62625 0.27875 0.0275 0.04375
0 0.66 0.2775 0.02875 0.04875
0 0.58375 0.62 0.03875 0.05875
0 0.72625 0.28125 0.0325 0.03625
0 0.76125 0.27625 0.02625 0.04625
0 0.8 0.28 0.04 0.03375
0 0.84875 0.28 0.04625 0.035
0 0.83125 0.3325 0.03125 0.01875
0 0.8625 0.34 0.025 0.015
0 0.83 0.3675 0.04625 0.03375
0 0.83625 0.40625 0.04375 0.03375
0 0.54125 0.6225 0.03875 0.05875
0 0.17375 0.62375 0.02375 0.08
0 0.455 0.62125 0.03625 0.06375
0 0.47625 0.51125 0.0325 0.07
0 0.44125 0.51125 0.03125 0.075
0 0.40375 0.51125 0.035 0.075
0 0.365 0.51375 0.0325 0.07625
0 0.3225 0.515 0.0425 0.07625
0 0.2425 0.52375 0.03 0.05875
0 0.21375 0.52625 0.02625 0.05875
0 0.185 0.52625 0.02125 0.06125
0 0.155 0.525 0.0225 0.065
0 0.705 0.3875 0.02625 0.0725
0 0.67375 0.39 0.0275 0.075
0 0.6425 0.3825 0.0275 0.09
0 0.60875 0.3825 0.0275 0.0925
0 0.5675 0.38125 0.03125 0.09125
0 0.53125 0.38125 0.03 0.095
0 0.4925 0.38875 0.04 0.08625
0 0.45375 0.39125 0.0325 0.09
0 0.415 0.3925 0.04 0.0875
0 0.36875 0.39125 0.0375 0.08875
0 0.33 0.3925 0.035 0.085
0 0.3 0.39625 0.01375 0.08375
0 0.5125 0.51125 0.03125 0.07125
0 0.55125 0.50625 0.02875 0.06625
0 0.585 0.4925 0.03375 0.0775
0 0.63 0.5025 0.035 0.0825
0 0.4125 0.6125 0.03375 0.0775
0 0.375 0.6125 0.03625 0.0775
0 0.33125 0.6125 0.04 0.0775
0 0.27625 0.62 0.0325 0.08
0 0.235 0.62 0.04125 0.08625
0 0.2 0.62625 0.0225 0.0775
0 0.44 0.82 0.04875 0.08875
0 0.14875 0.63 0.02125 0.06375
0 0.62375 0.61 0.0375 0.0575
0 0.7175 0.6075 0.025 0.0775
0 0.495 0.60375 0.03375 0.06
0 0.68875 0.6075 0.02875 0.07875
0 0.79625 0.6125 0.04 0.0625
0 0.75125 0.61125 0.0375 0.06125
0 0.86625 0.60625 0.01625 0.0625
0 0.8675 0.50625 0.01375 0.0575
0 0.81125 0.515 0.03875 0.0425
0 0.8275 0.47375 0.015 0.0325
0 0.77625 0.49625 0.0275 0.0775
0 0.74375 0.5 0.03 0.07875
0 0.70875 0.51875 0.0325 0.045
0 0.66875 0.5 0.03375 0.0775
0 0.8375 0.6075 0.035 0.06125
0 0.48125 0.81625 0.02875 0.07875
0 0.33375 0.8275 0.03125 0.0825
0 0.5525 0.805 0.035 0.07875
0 0.38 0.28 0.035 0.06
0 0.33875 0.2775 0.03875 0.06625
0 0.2975 0.28125 0.03 0.06625
0 0.67625 0.8175 0.0325 0.07125
0 0.71375 0.8125 0.03375 0.0825
0 0.74625 0.79875 0.02625 0.0775
0 0.78 0.79625 0.03 0.0825
0 0.82875 0.805 0.04375 0.0825
0 0.2575 0.28 0.03375 0.06625
0 0.21125 0.275 0.04 0.075
0 0.16875 0.2725 0.03875 0.085
0 0.135 0.28125 0.01875 0.06875
0 0.285 0.3975 0.01125 0.0825
0 0.515 0.8075 0.0325 0.08625
0 0.2725 0.39625 0.0075 0.08375
0 0.58625 0.80125 0.02625 0.07625
0 0.615 0.805 0.025 0.08
0 0.64375 0.80875 0.02625 0.0825
0 0.50875 0.25875 0.04875 0.095
0 0.4625 0.265 0.0375 0.0825
0 0.42 0.2675 0.04 0.08625