0 0.64375 0.3225 0.03 0.04625
0 0.675 0.29 0.035 0.0125
0 0.67 0.3225 0.02125 0.04625
0 0.695 0.3225 0.02375 0.045
0 0.71875 0.33375 0.02125 0.02125
0 0.71875 0.31 0.015 0.02125
0 0.26625 0.66 0.02625 0.03125
0 0.7475 0.31 0.02375 0.0225
0 0.74625 0.3325 0.0225 0.02125
0 0.31625 0.41375 0.0175 0.03875
0 0.3425 0.41 0.01375 0.04375
0 0.36125 0.41125 0.01375 0.04125
0 0.39 0.41625 0.025 0.035
0 0.415 0.41375 0.0225 0.03625
0 0.445 0.4075 0.01125 0.04125
0 0.61375 0.3225 0.025 0.0475
0 0.58875 0.32375 0.02125 0.0475
0 0.45375 0.32625 0.02375 0.05
0 0.5025 0.33 0.02125 0.04375
0 0.76375 0.21375 0.0325 0.1
0 0.5175 0.24 0.01625 0.05125
0 0.48625 0.24375 0.03375 0.055
0 0.43125 0.255 0.0525 0.02875
0 0.38375 0.255 0.03625 0.03375
0 0.3425 0.24875 0.03 0.0425
0 0.28 0.2425 0.02375 0.0575
0 0.31 0.24375 0.02375 0.05625
0 0.245 0.24125 0.0375 0.0575
0 0.33875 0.3275 0.025 0.05125
0 0.36625 0.32875 0.025 0.0475
0 0.39375 0.32875 0.0275 0.04625
0 0.4225 0.33875 0.025 0.0225
0 0.45875 0.4075 0.01375 0.04625
0 0.47625 0.335 0.02375 0.03125
0 0.56 0.32375 0.02875 0.0475
0 0.48875 0.40625 0.0125 0.04625
0 0.49375 0.485 0.0325 0.0375
0 0.5325 0.40625 0.0275 0.04125
0 0.57625 0.84375 0.0225 0.05
0 0.6 0.84125 0.01875 0.0475
0 0.6325 0.83125 0.025 0.06625
0 0.66125 0.83125 0.0225 0.0525
0 0.69125 0.83 0.02375 0.05
0 0.71875 0.83125 0.025 0.0525
0 0.26625 0.69375 0.02875 0.025
0 0.61 0.41375 0.0375 0.02125
0 0.65875 0.4125 0.045 0.02625
0 0.72125 0.4125 0.04375 0.02625
0 0.32625 0.49125 0.03375 0.04
0 0.3625 0.48875 0.02375 0.03375
0 0.39125 0.485 0.03 0.035
0 0.425 0.48375 0.02125 0.02875
0 0.46 0.48625 0.02875 0.04125
0 0.55125 0.8475 0.02125 0.05125
0 0.5075 0.4075 0.0125 0.045
0 0.52125 0.8425 0.02625 0.05625
0 0.47375 0.84625 0.01875 0.05375
0 0.56625 0.41375 0.0375 0.02875
0 0.73375 0.23875 0.02 0.05875
0 0.26875 0.72875 0.02625 0.02625
0 0.26875 0.75875 0.02625 0.0275
0 0.27625 0.79375 0.03125 0.035
0 0.2375 0.74 0.02875 0.03125
0 0.2375 0.77375 0.03375 0.03125
0 0.23375 0.85375 0.025 0.06375
0 0.25875 0.84375 0.01125 0.04625
0 0.2725 0.84 0.0175 0.055
0 0.34375 0.8475 0.02875 0.0625
0 0.37375 0.8425 0.02 0.04875
0 0.405 0.8425 0.01875 0.0675
0 0.42875 0.845 0.0225 0.0525
0 0.455 0.84625 0.02 0.05625
0 0.49625 0.84125 0.02 0.05375
0 0.7075 0.24375 0.02 0.04375
0 0.525 0.4825 0.025 0.0375
0 0.625 0.2425 0.0375 0.055
0 0.6925 0.67875 0.04375 0.02875
0 0.745 0.6775 0.0375 0.03
0 0.68875 0.7375 0.04125 0.04125
0 0.63875 0.745 0.0375 0.03125
0 0.59375 0.7325 0.04625 0.02375
0 0.5975 0.76 0.04875 0.02625
0 0.49 0.75125 0.0475 0.05
0 0.65125 0.68 0.02375 0.0225
0 0.545 0.7475 0.045 0.05
0 0.39375 0.765 0.0425 0.02
0 0.345 0.74 0.045 0.01625
0 0.34625 0.76625 0.04875 0.03
0 0.245 0.385 0.03125 0.02875
0 0.245 0.42 0.03625 0.0275
0 0.24625 0.45625 0.03 0.02625
0 0.2475 0.49375 0.02875 0.02625
0 0.4425 0.765 0.045 0.0175
0 0.6175 0.6825 0.0425 0.02125
0 0.565 0.6825 0.03875 0.02875
0 0.5225 0.685 0.04 0.0275
0 0.67875 0.24125 0.02625 0.055
0 0.7425 0.61625 0.03125 0.0375
0 0.6275 0.63375 0.02 0.02
0 0.59625 0.62375 0.04125 0.035
0 0.55625 0.63375 0.02375 0.025
0 0.45375 0.6375 0.035 0.03
0 0.4875 0.63375 0.0275 0.0325
0 0.29625 0.64 0.0275 0.0475
0 0.325 0.63625 0.02625 0.045
0 0.355 0.63125 0.02625 0.055
0 0.38 0.6275 0.02125 0.0525
0 0.4025 0.625 0.02375 0.0475
0 0.24125 0.675 0.015 0.0525
0 0.29875 0.69625 0.02125 0.02375
0 0.3325 0.69875 0.04375 0.0275
0 0.4325 0.6925 0.04375 0.0275
0 0.4775 0.68875 0.04125 0.02625
0 0.2475 0.53375 0.03125 0.02375
0 0.24875 0.56875 0.03125 0.02375
0 0.37875 0.695 0.04375 0.03125
0 0.70125 0.63 0.04125 0.02
0 0.6975 0.545 0.0325 0.0525
0 0.66125 0.5575 0.03375 0.0275
0 0.63125 0.56125 0.02875 0.0275
0 0.7725 0.49 0.01625 0.0275
0 0.77 0.4625 0.01625 0.01375
0 0.74875 0.47125 0.01875 0.0525
0 0.72375 0.47875 0.0125 0.0375
0 0.70875 0.48375 0.0125 0.02875
0 0.69875 0.4825 0.00625 0.02875
0 0.68875 0.4775 0.01125 0.04
0 0.58 0.53375 0.02 0.01375
0 0.285 0.325 0.025 0.05875
0 0.2475 0.6025 0.0275 0.02625
0 0.59 0.235 0.03 0.06875
0 0.67625 0.48375 0.0125 0.0275
0 0.6625 0.485 0.01125 0.0275
0 0.6525 0.48625 0.01 0.025
0 0.64125 0.4875 0.0075 0.0275
0 0.6325 0.48375 0.01125 0.03125
0 0.60625 0.4825 0.03 0.0375
0 0.5825 0.47875 0.0125 0.04
0 0.55875 0.4825 0.02625 0.0375
0 0.53 0.3425 0.0275 0.0125
0 0.6 0.5625 0.0275 0.025
0 0.55875 0.2375 0.02625 0.06375
0 0.32875 0.56375 0.02375 0.02875
0 0.56 0.56 0.03 0.03
0 0.66125 0.63 0.03875 0.02
0 0.29375 0.54375 0.02875 0.02625
0 0.2925 0.5725 0.03125 0.02875
0 0.65375 0.60375 0.03125 0.01625
0 0.41125 0.56 0.035 0.02875
0 0.44625 0.56125 0.0325 0.0325
0 0.48625 0.56625 0.03 0.02375
0 0.48125 0.5375 0.02875 0.02375
0 0.52125 0.56125 0.0375 0.0275
0 0.695 0.60625 0.03375 0.01625
0 0.355 0.56125 0.0275 0.0325
0 0.3825 0.56375 0.02375 0.0325