0 0.54625 0.55375 0.02 0.0775
0 0.59625 0.44625 0.01375 0.09
0 0.61625 0.44375 0.01375 0.085
0 0.64125 0.4475 0.01375 0.075
0 0.65625 0.44875 0.00625 0.06875
0 0.66125 0.44875 0.00625 0.07
0 0.50875 0.57875 0.0625 0.0375
0 0.675 0.4475 0.00625 0.065
0 0.6825 0.4475 0.00625 0.06625
0 0.265 0.59125 0.02875 0.08625
0 0.29375 0.59125 0.03 0.0875
0 0.31875 0.58875 0.0175 0.08125
0 0.34 0.58625 0.025 0.0875
0 0.36 0.58375 0.01625 0.0825
0 0.38125 0.5825 0.02375 0.085
0 0.40125 0.5775 0.015 0.0775
0 0.41875 0.5775 0.02125 0.07875
0 0.44 0.5775 0.02 0.08
0 0.46375 0.5725 0.0225 0.07
0 0.5625 0.55125 0.015 0.08
0 0.51625 0.305 0.01125 0.0975
0 0.6025 0.54625 0.015 0.06875
0 0.505 0.3 0.01 0.105
0 0.5375 0.31 0.00875 0.0975
0 0.4875 0.29875 0.01 0.1125
0 0.55625 0.31375 0.0075 0.1
0 0.56875 0.31875 0.0125 0.09125
0 0.59 0.325 0.01125 0.08125
0 0.61 0.33125 0.0075 0.08
0 0.6175 0.3325 0.0075 0.0775
0 0.63125 0.33625 0.00625 0.08
0 0.5825 0.5475 0.02125 0.07125
0 0.63875 0.33875 0.0075 0.075
0 0.66 0.34125 0.0075 0.07375
0 0.47625 0.29625 0.0125 0.11875
0 0.45375 0.29125 0.01125 0.1175
0 0.4425 0.29 0.0125 0.12
0 0.5675 0.44375 0.01 0.0825
0 0.4275 0.28 0.0125 0.11
0 0.415 0.27625 0.01 0.1175
0 0.5275 0.31125 0.01 0.0975
0 0.615 0.54375 0.01 0.07125
0 0.6525 0.34125 0.00625 0.07625
0 0.54875 0.43875 0.01375 0.0875
0 0.51125 0.17625 0.0075 0.1075
0 0.515 0.43625 0.00625 0.08875
0 0.575 0.19875 0.00625 0.0925
0 0.58125 0.2025 0.00625 0.0875
0 0.59875 0.21125 0.005 0.09
0 0.60625 0.21125 0.0075 0.08875
0 0.63375 0.21625 0.00875 0.08375
0 0.6425 0.23 0.005 0.0825
0 0.65 0.2325 0.0075 0.07875
0 0.6675 0.24125 0.0075 0.0825
0 0.675 0.24125 0.005 0.08
0 0.6875 0.245 0.00625 0.0775
0 0.695 0.2475 0.005 0.07375
0 0.395 0.2775 0.01375 0.1125
0 0.38 0.2725 0.0125 0.12
0 0.3625 0.2675 0.01375 0.12
0 0.34875 0.265 0.0125 0.12625
0 0.3275 0.255 0.01375 0.11375
0 0.41 0.705 0.0175 0.08
0 0.71375 0.255 0.00875 0.07625
0 0.2575 0.42125 0.02125 0.12
0 0.30625 0.45125 0.0175 0.1125
0 0.3425 0.42875 0.01125 0.11125
0 0.35375 0.43 0.01 0.1075
0 0.37125 0.42875 0.01 0.105
0 0.705 0.34875 0.005 0.07
0 0.5225 0.4375 0.00875 0.0875
0 0.6975 0.3475 0.0075 0.07125
0 0.67375 0.345 0.00625 0.07375
0 0.50375 0.43625 0.01 0.0875
0 0.49375 0.43375 0.00875 0.0925
0 0.4625 0.43625 0.015 0.09375
0 0.42875 0.43375 0.01625 0.09375
0 0.41125 0.43875 0.01125 0.1075
0 0.3825 0.4325 0.01 0.1
0 0.2925 0.07875 0.01625 0.13125
0 0.31 0.08 0.0175 0.11875
0 0.3375 0.10125 0.0125 0.12875
0 0.35125 0.105 0.01375 0.125
0 0.375 0.11875 0.01125 0.125
0 0.405 0.1325 0.0075 0.1175
0 0.415 0.135 0.01375 0.11375
0 0.44625 0.1425 0.01 0.12
0 0.4575 0.15 0.01375 0.10625
0 0.4775 0.16 0.00875 0.105
0 0.49 0.16125 0.01625 0.10125
0 0.5225 0.17875 0.01125 0.1025
0 0.535 0.18875 0.0075 0.10125
0 0.545 0.19125 0.01 0.09625
0 0.26125 0.24375 0.0125 0.1275
0 0.27875 0.25 0.0225 0.11625
0 0.31125 0.24875 0.015 0.125
0 0.6825 0.34625 0.00625 0.07375
0 0.42875 0.70125 0.0175 0.07125
0 0.3875 0.1225 0.01 0.1175
0 0.6775 0.725 0.01375 0.065
0 0.65375 0.73125 0.01125 0.065
0 0.6425 0.73625 0.01 0.05375
0 0.63 0.74 0.0125 0.0625
0 0.61625 0.74375 0.0125 0.05625
0 0.60625 0.74875 0.01 0.0675
0 0.59625 0.7525 0.01 0.06
0 0.58125 0.76 0.01625 0.0725
0 0.565 0.76375 0.01625 0.06375
0 0.54625 0.77 0.0175 0.07625
0 0.52875 0.7725 0.0175 0.07125
0 0.4875 0.805 0.06125 0.05125
0 0.44625 0.81875 0.0125 0.0675
0 0.42875 0.82125 0.0225 0.07375
0 0.41125 0.825 0.01375 0.065
0 0.375 0.84 0.0175 0.06625
0 0.35375 0.84875 0.0225 0.08625
0 0.3325 0.855 0.01875 0.075
0 0.665 0.7275 0.01 0.06
0 0.1475 0.07875 0.0175 0.11875
0 0.165 0.08125 0.01625 0.1175
0 0.17875 0.0825 0.01 0.12
0 0.35125 0.72125 0.02 0.08
0 0.3725 0.71625 0.01875 0.08875
0 0.39125 0.70875 0.01875 0.07375
0 0.19 0.5575 0.01125 0.105
0 0.1775 0.55625 0.0125 0.1075
0 0.16125 0.5575 0.01875 0.10875
0 0.14375 0.5575 0.01625 0.11
0 0.19 0.38625 0.01375 0.11125
0 0.3125 0.86375 0.02 0.0925
0 0.17875 0.385 0.01 0.11375
0 0.1525 0.385 0.01 0.11625
0 0.1975 0.24125 0.0175 0.12
0 0.1825 0.23875 0.01 0.12625
0 0.17 0.23375 0.015 0.11875
0 0.15625 0.23375 0.01125 0.12
0 0.13875 0.23375 0.01625 0.12375
0 0.205 0.08625 0.015 0.125
0 0.19125 0.0825 0.0125 0.1175
0 0.16625 0.385 0.0125 0.11375
0 0.2925 0.8725 0.02125 0.07625
0 0.39375 0.8325 0.01875 0.08
0 0.23375 0.8875 0.0275 0.085
0 0.255 0.74375 0.02375 0.0825
0 0.2825 0.73875 0.0275 0.09125
0 0.32875 0.72625 0.0225 0.0925
0 0.3075 0.73375 0.02 0.08125
0 0.6875 0.53875 0.01125 0.065
0 0.675 0.54 0.0125 0.0625
0 0.66375 0.54125 0.0075 0.0675
0 0.6425 0.54125 0.00875 0.06875
0 0.445 0.6975 0.015 0.0775
0 0.46 0.6925 0.01375 0.06875
0 0.47625 0.69125 0.01625 0.07125
0 0.265 0.8825 0.0325 0.09625
0 0.5175 0.6925 0.05875 0.045
0 0.5775 0.6625 0.0175 0.0725
0 0.5925 0.65875 0.01125 0.065
0 0.60625 0.655 0.01375 0.0725
0 0.62 0.6475 0.0125 0.05875
0 0.63375 0.64625 0.015 0.06125
0 0.6475 0.64625 0.0125 0.06125
0 0.65875 0.645 0.01 0.06625
0 0.6525 0.54125 0.01375 0.07
0 0.66875 0.64125 0.0075 0.05875
0 0.6775 0.6375 0.01 0.06375
0 0.69 0.635 0.01125 0.0575
0 0.56125 0.6625 0.015 0.07125
0 0.62875 0.54125 0.01625 0.0675