0 0.46 0.15375 0.1125 0.04
0 0.32125 0.0175 0.12375 0.02875
0 0.32875 0.05125 0.125 0.03625
0 0.45125 0.01625 0.12625 0.03
0 0.45375 0.0525 0.12125 0.035
0 0.5875 0.0225 0.13875 0.03125
0 0.5875 0.055 0.13375 0.035
0 0.73 0.05375 0.1325 0.035
0 0.83625 0.22375 0.07625 0.0325
0 0.835 0.1825 0.07875 0.03875
0 0.835 0.14125 0.08 0.0375
0 0.71125 0.17 0.10875 0.02375
0 0.33625 0.2225 0.11625 0.03125
0 0.71 0.195 0.1125 0.02
0 0.58 0.225 0.12875 0.02875
0 0.58375 0.195 0.12625 0.025
0 0.58625 0.1675 0.13375 0.02375
0 0.61 0.13875 0.13375 0.03125
0 0.455 0.22375 0.11125 0.03125
0 0.45875 0.19125 0.1125 0.03125
0 0.21125 0.0525 0.1075 0.03375
0 0.72375 0.01875 0.1175 0.0275
0 0.22125 0.1475 0.105 0.03875
0 0.2225 0.1875 0.10375 0.035
0 0.2225 0.22375 0.09875 0.03125
0 0.33875 0.14875 0.12 0.03875
0 0.72375 0.22375 0.14125 0.035
0 0.2075 0.0175 0.1 0.03
0 0.83 0.37625 0.09 0.0325
0 0.27875 0.46125 0.1475 0.02875
0 0.8025 0.52 0.09375 0.0225
0 0.68 0.5775 0.11 0.02125
0 0.67875 0.60625 0.1125 0.02375
0 0.6775 0.6325 0.11125 0.02375
0 0.78125 0.60875 0.085 0.01875
0 0.78375 0.5825 0.0825 0.0225
0 0.285 0.6925 0.13125 0.0275
0 0.2875 0.71875 0.13125 0.02
0 0.80625 0.49625 0.095 0.0225
0 0.28875 0.745 0.13125 0.025
0 0.42125 0.7175 0.13375 0.02375
0 0.42125 0.74375 0.13 0.0225
0 0.5475 0.7375 0.11375 0.0275
0 0.54875 0.70875 0.10875 0.0275
0 0.55125 0.685 0.10625 0.0175
0 0.66125 0.73375 0.10625 0.0225
0 0.6625 0.71 0.10875 0.0225
0 0.66375 0.685 0.10875 0.0175
0 0.4275 0.695 0.13375 0.0175
0 0.23125 0.31125 0.1025 0.035
0 0.8075 0.47125 0.095 0.02375
0 0.69 0.48625 0.13125 0.02625
0 0.28125 0.49 0.1425 0.0275
0 0.28125 0.51875 0.14 0.0275
0 0.28375 0.58375 0.14 0.02625
0 0.2875 0.61125 0.14125 0.025
0 0.28875 0.63875 0.14125 0.02625
0 0.42875 0.57875 0.135 0.02375
0 0.42875 0.605 0.13625 0.02625
0 0.42875 0.6325 0.13375 0.025
0 0.68625 0.515 0.13125 0.0275
0 0.55875 0.57625 0.11625 0.02375
0 0.55875 0.63375 0.12 0.02875
0 0.42625 0.45875 0.1425 0.0275
0 0.425 0.48875 0.14125 0.0275
0 0.425 0.5175 0.14125 0.0275
0 0.56375 0.455 0.1275 0.025
0 0.55875 0.4875 0.12375 0.03
0 0.55875 0.51625 0.1225 0.025
0 0.69375 0.45375 0.1325 0.02875
0 0.5575 0.60625 0.12125 0.025
0 0.2325 0.34375 0.09625 0.03125
0 0.7825 0.6325 0.0875 0.0175
0 0.3375 0.18625 0.11625 0.0375
0 0.83125 0.2975 0.085 0.03375
0 0.64125 0.92 0.11 0.0475
0 0.51875 0.89 0.11125 0.0175
0 0.5275 0.93625 0.1075 0.0225
0 0.41 0.82 0.13125 0.02
0 0.41125 0.845 0.125 0.015
0 0.53375 0.80625 0.1125 0.0225
0 0.5325 0.8325 0.10875 0.02375
0 0.64875 0.805 0.1125 0.0275
0 0.65 0.835 0.11 0.0225
0 0.77 0.80625 0.1175 0.0225
0 0.7725 0.835 0.11625 0.025
0 0.27375 0.89625 0.125 0.01875
0 0.27625 0.9175 0.12375 0.0175
0 0.28375 0.93875 0.12375 0.01875
0 0.4 0.895 0.1225 0.01875
0 0.40375 0.91625 0.125 0.01875
0 0.41 0.9375 0.1225 0.01875
0 0.8275 0.3375 0.09 0.03625
0 0.71375 0.3775 0.125 0.025
0 0.72 0.31625 0.1225 0.03
0 0.7175 0.3475 0.12625 0.0225
0 0.75375 0.92875 0.10375 0.02125
0 0.77875 0.685 0.11375 0.02
0 0.775 0.7075 0.11125 0.0225
0 0.77375 0.7325 0.11125 0.0225
0 0.27875 0.79875 0.12375 0.02375
0 0.28 0.82375 0.1225 0.02125
0 0.23375 0.3775 0.0975 0.0325
0 0.285 0.8475 0.125 0.0225
0 0.585 0.38 0.12 0.02875
0 0.7575 0.90375 0.10875 0.025
0 0.52 0.91125 0.105 0.02375
0 0.34625 0.31375 0.12125 0.035
0 0.34375 0.3475 0.11625 0.0275
0 0.34375 0.37875 0.1175 0.03
0 0.4675 0.31125 0.11625 0.03625
0 0.46625 0.34625 0.115 0.02875
0 0.4625 0.37875 0.115 0.03125
0 0.59375 0.29375 0.1275 0.03
0 0.5925 0.3225 0.12625 0.025
0 0.59 0.35 0.12625 0.02875
0 0.34375 0.28375 0.125 0.02375