0 0.515 0.32125 0.02 0.0375
0 0.48875 0.34 0.02125 0.0525
0 0.465 0.33875 0.0225 0.0675
0 0.44125 0.3375 0.0225 0.06625
0 0.355 0.33375 0.03 0.06625
0 0.385 0.335 0.0225 0.06625
0 0.32125 0.34 0.02375 0.0575
0 0.28 0.345 0.045 0.0525
0 0.75875 0.25 0.03125 0.025
0 0.76625 0.225 0.03 0.02625
0 0.7325 0.2375 0.02125 0.04625
0 0.41375 0.33375 0.03 0.0725
0 0.515 0.35625 0.0175 0.0275
0 0.6075 0.32 0.0275 0.0275
0 0.5425 0.32125 0.0275 0.02625
0 0.5725 0.3175 0.02375 0.02625
0 0.57375 0.3525 0.02625 0.02625
0 0.6075 0.34875 0.03 0.02875
0 0.65125 0.34 0.0475 0.04875
0 0.69375 0.3475 0.03 0.02625
0 0.695 0.3175 0.02625 0.03375
0 0.7225 0.31875 0.02625 0.0275
0 0.7225 0.34625 0.0225 0.02375
0 0.755 0.35 0.02125 0.03125
0 0.71375 0.23875 0.01625 0.045
0 0.7575 0.31625 0.03125 0.025
0 0.54375 0.35375 0.02375 0.025
0 0.6875 0.23625 0.0225 0.04375
0 0.4175 0.26 0.01875 0.0175
0 0.64875 0.23 0.0125 0.0625
0 0.235 0.4225 0.02875 0.08375
0 0.26375 0.2325 0.03125 0.06625
0 0.3025 0.23375 0.03375 0.06625
0 0.33375 0.23 0.0225 0.0125
0 0.33375 0.2575 0.0225 0.02
0 0.36375 0.23125 0.0225 0.02625
0 0.365 0.25625 0.025 0.01875
0 0.39 0.21 0.02375 0.02
0 0.38875 0.23375 0.01625 0.01625
0 0.39 0.255 0.0175 0.02375
0 0.41625 0.2125 0.015 0.02125
0 0.415 0.23625 0.01875 0.015
0 0.66625 0.23 0.01875 0.0575
0 0.4375 0.235 0.01375 0.0575
0 0.47 0.23375 0.02 0.06
0 0.4925 0.2225 0.0225 0.0275
0 0.4925 0.25375 0.0175 0.01875
0 0.51375 0.2525 0.02375 0.01875
0 0.5175 0.23 0.01875 0.0225
0 0.54125 0.22875 0.0275 0.02625
0 0.54375 0.255 0.02125 0.01875
0 0.56625 0.24625 0.02 0.035
0 0.59125 0.2475 0.02625 0.04
0 0.61375 0.23875 0.015 0.0475
0 0.61375 0.18625 0.0175 0.04375
0 0.6325 0.2375 0.015 0.05125
0 0.455 0.2375 0.01125 0.05375
0 0.28625 0.44125 0.04625 0.04125
0 0.5975 0.62375 0.01875 0.03125
0 0.37375 0.435 0.02625 0.05625
0 0.58 0.7075 0.02375 0.0675
0 0.55125 0.70625 0.0325 0.07375
0 0.50625 0.70375 0.02875 0.0725
0 0.465 0.71625 0.0175 0.05875
0 0.44125 0.71125 0.0225 0.07375
0 0.41125 0.71375 0.03125 0.07875
0 0.385 0.7175 0.01875 0.07125
0 0.36125 0.71875 0.02625 0.0625
0 0.3275 0.72625 0.03 0.06125
0 0.305 0.7175 0.00875 0.05875
0 0.2875 0.72375 0.01875 0.055
0 0.25875 0.7325 0.02 0.0525
0 0.23125 0.73625 0.0225 0.0625
0 0.735 0.615 0.01875 0.05625
0 0.705 0.6175 0.02875 0.05625
0 0.6725 0.62 0.02625 0.06
0 0.64375 0.615 0.0275 0.05125
0 0.62 0.6225 0.0175 0.03375
0 0.57125 0.6275 0.03 0.03625
0 0.60875 0.70875 0.02625 0.08
0 0.6375 0.70625 0.02375 0.07
0 0.66625 0.70875 0.0275 0.08125
0 0.69375 0.7075 0.025 0.075
0 0.77 0.8225 0.02125 0.06125
0 0.74375 0.81125 0.025 0.0875
0 0.71375 0.8175 0.03125 0.0975
0 0.68 0.81875 0.03 0.1
0 0.64875 0.82125 0.0225 0.0725
0 0.615 0.815 0.02625 0.0775
0 0.585 0.81625 0.0275 0.07875
0 0.5525 0.82375 0.02875 0.07625
0 0.4925 0.81875 0.0375 0.07375
0 0.52625 0.6175 0.02125 0.0575
0 0.45375 0.81125 0.0375 0.08875
0 0.38125 0.8125 0.0225 0.085
0 0.33625 0.79125 0.0375 0.02625
0 0.34 0.82875 0.04 0.0375
0 0.29625 0.8425 0.03875 0.0425
0 0.29625 0.795 0.0375 0.03125
0 0.26 0.82 0.02875 0.07
0 0.23375 0.825 0.01875 0.06125
0 0.7425 0.71125 0.02125 0.0675
0 0.7175 0.7075 0.02125 0.0775
0 0.41125 0.8075 0.035 0.0775
0 0.335 0.445 0.045 0.04125
0 0.505 0.61875 0.0175 0.055
0 0.46375 0.61125 0.0175 0.055
0 0.3925 0.525 0.01875 0.05875
0 0.35375 0.5275 0.0225 0.06
0 0.3275 0.5225 0.02125 0.07375
0 0.305 0.52 0.02 0.07375
0 0.28 0.5325 0.01875 0.0475
0 0.24625 0.52 0.015 0.0675
0 0.75875 0.44625 0.025 0.03
0 0.73 0.42 0.02125 0.02375
0 0.73 0.44875 0.02125 0.02375
0 0.41625 0.5225 0.02125 0.06125
0 0.70375 0.435 0.02625 0.0525
0 0.60875 0.44375 0.045 0.03125
0 0.61125 0.40625 0.04625 0.03125
0 0.5675 0.4325 0.0225 0.06
0 0.545 0.42875 0.02125 0.065
0 0.52375 0.42625 0.01875 0.06875
0 0.50125 0.43125 0.0175 0.06375
0 0.48125 0.43125 0.02 0.06375
0 0.4575 0.43125 0.02625 0.0625
0 0.40875 0.42625 0.035 0.0675
0 0.66125 0.44 0.0475 0.03625
0 0.485 0.62125 0.01875 0.06375
0 0.43875 0.52125 0.0225 0.055
0 0.485 0.525 0.01875 0.06125
0 0.44 0.61625 0.01625 0.055
0 0.40875 0.62125 0.0225 0.05375
0 0.3775 0.6375 0.02125 0.01875
0 0.355 0.63625 0.01875 0.015
0 0.38 0.61375 0.02 0.02
0 0.35625 0.61 0.02125 0.03125
0 0.32875 0.61375 0.02625 0.0625
0 0.30125 0.61375 0.02375 0.06875
0 0.2775 0.61625 0.02125 0.0725
0 0.4625 0.5275 0.01875 0.05875
0 0.24375 0.63375 0.0325 0.03625
0 0.7075 0.52125 0.02 0.0525
0 0.68375 0.5275 0.02 0.05875
0 0.6575 0.52625 0.025 0.07375
0 0.63 0.525 0.025 0.0575
0 0.6075 0.5275 0.02125 0.05625
0 0.5725 0.52875 0.0175 0.0625
0 0.5525 0.52625 0.01875 0.0575
0 0.5325 0.53375 0.0175 0.04125
0 0.5075 0.525 0.0225 0.0625
0 0.73875 0.52375 0.025 0.04875