0 0.6825 0.31125 0.04 0.05
0 0.16625 0.8975 0.045 0.03125
0 0.16875 0.86125 0.0425 0.0325
0 0.83875 0.79625 0.07125 0.04
0 0.8375 0.75625 0.0725 0.035
0 0.77375 0.80375 0.05 0.03
0 0.775 0.76 0.04625 0.04
0 0.7125 0.79875 0.06 0.03375
0 0.71625 0.75875 0.0575 0.04
0 0.6325 0.795 0.0925 0.04
0 0.6325 0.75125 0.09375 0.04
0 0.53625 0.7925 0.08625 0.04125
0 0.535 0.7525 0.09125 0.0375
0 0.46125 0.7775 0.05 0.075
0 0.41375 0.77625 0.0425 0.08125
0 0.3675 0.775 0.04625 0.09
0 0.1725 0.93125 0.04125 0.02375
0 0.2175 0.8925 0.0475 0.02875
0 0.45 0.66625 0.0475 0.07
0 0.34125 0.66125 0.045 0.08
0 0.28 0.535 0.04875 0.05625
0 0.33375 0.53625 0.05125 0.05625
0 0.38875 0.53625 0.0525 0.0525
0 0.445 0.5325 0.04875 0.05875
0 0.44875 0.5775 0.0425 0.0275
0 0.3975 0.57875 0.05125 0.0225
0 0.67375 0.2525 0.05 0.0575
0 0.32 0.77625 0.045 0.085
0 0.33375 0.57625 0.0525 0.02125
0 0.22625 0.57375 0.0525 0.03375
0 0.17125 0.57625 0.05375 0.0375
0 0.1425 0.645 0.02 0.04125
0 0.14125 0.69125 0.03125 0.03125
0 0.1875 0.67 0.0475 0.07
0 0.235 0.66625 0.04 0.06625
0 0.2875 0.6725 0.05875 0.06875
0 0.28125 0.58125 0.03875 0.0325
0 0.2675 0.77375 0.05375 0.08375
0 0.2125 0.77625 0.05 0.07375
0 0.16 0.8025 0.05125 0.03125
0 0.3175 0.93 0.04625 0.03625
0 0.36125 0.85875 0.045 0.02875
0 0.3625 0.8925 0.0425 0.03625
0 0.365 0.93 0.04375 0.0325
0 0.41 0.86125 0.05 0.0325
0 0.46125 0.85875 0.0425 0.0275
0 0.46375 0.8925 0.045 0.03
0 0.3175 0.8925 0.0425 0.03625
0 0.4125 0.89875 0.05 0.03625
0 0.4125 0.93625 0.04625 0.03375
0 0.53375 0.8725 0.08875 0.05375
0 0.53625 0.9275 0.0925 0.0475
0 0.62875 0.87125 0.08875 0.05375
0 0.63 0.9275 0.085 0.0475
0 0.70875 0.8975 0.05625 0.0375
0 0.835 0.94 0.08 0.02125
0 0.4625 0.93 0.04625 0.03875
0 0.765 0.93875 0.05375 0.03375
0 0.31375 0.85875 0.04125 0.025
0 0.26625 0.895 0.045 0.03375
0 0.15875 0.765 0.055 0.03625
0 0.83625 0.6925 0.07 0.03125
0 0.84 0.64875 0.0675 0.0475
0 0.7725 0.69 0.05125 0.03875
0 0.77625 0.6475 0.0525 0.03875
0 0.705 0.685 0.0725 0.0425
0 0.70875 0.64 0.07 0.04
0 0.26875 0.93125 0.0475 0.035
0 0.63125 0.6875 0.07 0.03875
0 0.5025 0.6875 0.03875 0.03
0 0.395 0.66 0.05375 0.0925
0 0.5025 0.64625 0.0475 0.04375
0 0.56125 0.645 0.06625 0.0425
0 0.56 0.6875 0.0625 0.0375
0 0.21875 0.92875 0.04625 0.035
0 0.26375 0.8575 0.045 0.03375
0 0.6325 0.63875 0.06875 0.03875
0 0.8375 0.865 0.075 0.03125
0 0.215 0.86 0.045 0.02875
0 0.22875 0.52375 0.04625 0.06
0 0.3725 0.17625 0.0575 0.04
0 0.8375 0.9025 0.07375 0.04
0 0.7325 0.30875 0.04875 0.04875
0 0.31375 0.175 0.0575 0.04
0 0.2525 0.1775 0.05125 0.0425
0 0.4325 0.12375 0.05 0.05
0 0.3725 0.12625 0.0625 0.0525
0 0.4325 0.1725 0.0575 0.04
0 0.30875 0.12625 0.06125 0.0525
0 0.18625 0.13125 0.0575 0.0675
0 0.635 0.30625 0.04125 0.05125
0 0.62625 0.25375 0.04 0.05
0 0.55875 0.27125 0.075 0.04375
0 0.5675 0.31375 0.07625 0.0325
0 0.495 0.27625 0.04625 0.03625
0 0.5 0.32 0.045 0.0425
0 0.2475 0.1275 0.06125 0.0525
0 0.455 0.26125 0.01875 0.055
0 0.7675 0.89625 0.06 0.04875
0 0.4825 0.12875 0.03875 0.04375
0 0.725 0.25 0.05 0.0525
0 0.78875 0.30625 0.055 0.045
0 0.84625 0.30625 0.05375 0.04375
0 0.84875 0.255 0.0525 0.0475
0 0.785 0.25375 0.06 0.04875
0 0.79 0.165 0.05375 0.045
0 0.845 0.1625 0.05375 0.04625
0 0.705 0.93625 0.06 0.035
0 0.8475 0.10625 0.04875 0.0575
0 0.71625 0.165 0.085 0.05
0 0.63375 0.16625 0.0775 0.05375
0 0.7125 0.1075 0.0775 0.05375
0 0.63 0.11 0.0775 0.05375
0 0.55125 0.16875 0.08125 0.04375
0 0.5475 0.1225 0.08125 0.0375
0 0.485 0.17625 0.03875 0.04375
0 0.78875 0.11 0.06375 0.05625
0 0.46 0.31875 0.02 0.0475
0 0.14 0.14 0.02875 0.06375
0 0.41125 0.31625 0.07125 0.0425
0 0.33 0.4575 0.04625 0.0275
0 0.39625 0.41125 0.05625 0.05375
0 0.4525 0.41125 0.045 0.05375
0 0.4525 0.45625 0.045 0.0225
0 0.39625 0.455 0.05125 0.025
0 0.49875 0.4 0.03875 0.0425
0 0.5025 0.4475 0.03875 0.04125
0 0.565 0.37625 0.0825 0.01875
0 0.33625 0.4125 0.05125 0.05625
0 0.56625 0.4275 0.085 0.07875
0 0.63625 0.44125 0.0525 0.04625
0 0.71125 0.3925 0.07625 0.04625
0 0.70625 0.44125 0.07625 0.045
0 0.78625 0.3925 0.05625 0.045
0 0.78125 0.43875 0.06875 0.045
0 0.84625 0.3925 0.055 0.045
0 0.84625 0.44125 0.05375 0.0475
0 0.175 0.5175 0.05125 0.065
0 0.6375 0.385 0.0575 0.04875
0 0.405 0.2675 0.07125 0.04875
0 0.27375 0.45875 0.05 0.025
0 0.205 0.3275 0.0575 0.03
0 0.145 0.1875 0.03875 0.02375
0 0.19875 0.2775 0.05875 0.06
0 0.14625 0.325 0.04 0.0375
0 0.16 0.40125 0.0575 0.06625
0 0.2175 0.40375 0.05375 0.0675
0 0.15875 0.45625 0.0575 0.0325
0 0.2625 0.32 0.0525 0.04375
0 0.2625 0.27375 0.06125 0.0425
0 0.14625 0.2725 0.0425 0.05875
0 0.2175 0.455 0.05375 0.03
0 0.275 0.405 0.05625 0.075
0 0.32875 0.27125 0.06625 0.05
0 0.33125 0.32 0.07375 0.04375
0 0.19625 0.18875 0.05625 0.02875