0 0.57375 0.29 0.03 0.015
0 0.4625 0.29 0.02875 0.0275
0 0.54125 0.29125 0.02875 0.01875
0 0.54125 0.26875 0.02375 0.02
0 0.7675 0.57125 0.02625 0.02125
0 0.705 0.615 0.02875 0.02125
0 0.45875 0.6775 0.05 0.0225
0 0.4575 0.70625 0.04625 0.03125
0 0.5075 0.69375 0.045 0.05125
0 0.5575 0.7025 0.04875 0.0325
0 0.555 0.6675 0.0425 0.03125
0 0.60875 0.6625 0.0475 0.0225
0 0.615 0.69875 0.0525 0.0325
0 0.66875 0.6725 0.04625 0.0225
0 0.67 0.70125 0.04625 0.025
0 0.72625 0.7025 0.04875 0.02
0 0.725 0.675 0.04625 0.02
0 0.77 0.65875 0.0225 0.035
0 0.77 0.69625 0.02125 0.03
0 0.5725 0.2675 0.025 0.02125
0 0.76875 0.6075 0.025 0.04
0 0.735 0.615 0.0225 0.02125
0 0.61 0.29125 0.02875 0.01875
0 0.735 0.58875 0.025 0.0275
0 0.46125 0.3625 0.02625 0.0275
0 0.64875 0.61625 0.02625 0.02125
0 0.67625 0.61375 0.0225 0.02
0 0.68 0.5875 0.0175 0.025
0 0.67125 0.28625 0.03 0.0225
0 0.7025 0.28625 0.02625 0.02625
0 0.73375 0.285 0.0275 0.02625
0 0.7675 0.2825 0.0275 0.02625
0 0.76625 0.25625 0.02875 0.01875
0 0.7275 0.2625 0.0225 0.01375
0 0.6975 0.26 0.02375 0.0175
0 0.605 0.2675 0.03 0.0225
0 0.67 0.26125 0.02125 0.02
0 0.65125 0.59 0.02375 0.02625
0 0.62125 0.59 0.025 0.02375
0 0.40625 0.68125 0.04875 0.0175
0 0.62 0.61625 0.02375 0.0225
0 0.46625 0.40875 0.0225 0.02875
0 0.43 0.4375 0.0375 0.02625
0 0.38625 0.43875 0.0375 0.025
0 0.70625 0.58875 0.025 0.02125
0 0.64125 0.28875 0.02375 0.0225
0 0.5925 0.6175 0.0225 0.01875
0 0.6375 0.2625 0.02 0.02
0 0.405 0.70875 0.05125 0.03
0 0.43 0.7975 0.04875 0.025
0 0.35375 0.68125 0.0425 0.025
0 0.37375 0.8475 0.02625 0.02375
0 0.40875 0.8475 0.03875 0.02125
0 0.42875 0.8775 0.04375 0.025
0 0.62375 0.08 0.05125 0.0725
0 0.62625 0.02125 0.05375 0.0325
0 0.53125 0.03625 0.10375 0.07
0 0.54 0.11 0.09625 0.08
0 0.55 0.18875 0.1 0.06625
0 0.4525 0.15625 0.07125 0.12125
0 0.32 0.05375 0.13875 0.08375
0 0.32 0.1625 0.1175 0.11875
0 0.2875 0.2925 0.03625 0.02125
0 0.32375 0.2925 0.0325 0.0175
0 0.46125 0.84375 0.04 0.01875
0 0.48375 0.875 0.045 0.0275
0 0.37875 0.88 0.04625 0.02875
0 0.33625 0.88 0.03 0.0225
0 0.3375 0.8525 0.02875 0.02375
0 0.29125 0.8775 0.0225 0.04875
0 0.3475 0.41375 0.03 0.025
0 0.35 0.44125 0.0275 0.02375
0 0.31875 0.44125 0.02625 0.025
0 0.28625 0.44375 0.025 0.02625
0 0.285 0.41625 0.02125 0.0225
0 0.28375 0.37 0.04375 0.0175
0 0.28625 0.3475 0.04875 0.01875
0 0.5325 0.84625 0.04625 0.02625
0 0.33625 0.34875 0.0425 0.01875
0 0.37375 0.36375 0.025 0.02875
0 0.40125 0.36 0.02625 0.03
0 0.4325 0.36125 0.0225 0.02625
0 0.67125 0.17 0.07375 0.0875
0 0.75 0.17375 0.0625 0.10625
0 0.74875 0.0675 0.06375 0.08875
0 0.68 0.055 0.0425 0.11
0 0.33375 0.36875 0.04875 0.01625
0 0.35125 0.71125 0.04 0.02375
0 0.5375 0.87625 0.045 0.025
0 0.32125 0.27125 0.03125 0.01875
0 0.5625 0.74875 0.04625 0.02
0 0.56 0.7725 0.0475 0.01625
0 0.60875 0.77 0.04125 0.02
0 0.60875 0.79375 0.05 0.02
0 0.55875 0.7925 0.03875 0.01875
0 0.49125 0.80125 0.045 0.02125
0 0.48625 0.77125 0.05125 0.0325
0 0.43125 0.75 0.04875 0.01625
0 0.4325 0.7725 0.0425 0.02
0 0.59125 0.59375 0.02125 0.02375
0 0.38 0.78875 0.03625 0.0425
0 0.325 0.775 0.0725 0.0225
0 0.3225 0.80375 0.06375 0.0225
0 0.3025 0.7175 0.04875 0.02375
0 0.30625 0.68875 0.04125 0.025
0 0.61 0.74625 0.04125 0.01625
0 0.66625 0.79 0.0475 0.0225
0 0.6625 0.7625 0.05125 0.0225
0 0.71875 0.7625 0.04875 0.02625
0 0.2825 0.27125 0.035 0.0175
0 0.35625 0.2875 0.02375 0.02625
0 0.38875 0.28375 0.0275 0.0225
0 0.41875 0.285 0.02625 0.025
0 0.58375 0.84625 0.03875 0.025
0 0.6275 0.84625 0.03625 0.02
0 0.62 0.87125 0.0325 0.01625
0 0.58625 0.87125 0.02875 0.0225
0 0.69375 0.86875 0.0325 0.02
0 0.67 0.8425 0.03625 0.0225
0 0.71625 0.84125 0.0325 0.02375
0 0.73 0.8675 0.02875 0.02
0 0.76125 0.8375 0.03625 0.0225
0 0.7675 0.86625 0.0275 0.02125
0 0.7625 0.775 0.0225 0.0475
0 0.71625 0.79 0.05125 0.02
0 0.65875 0.87125 0.03 0.01875
0 0.5625 0.5925 0.0225 0.0225
0 0.43125 0.41125 0.0325 0.0225
0 0.47875 0.6175 0.0425 0.02375
0 0.6675 0.43625 0.0275 0.01875
0 0.6975 0.43625 0.02875 0.02
0 0.72875 0.435 0.025 0.02125
0 0.75625 0.425 0.02 0.05625
0 0.73375 0.40875 0.02125 0.01875
0 0.7 0.41 0.02875 0.02375
0 0.66875 0.40875 0.03 0.0225
0 0.63375 0.41125 0.0325 0.02375
0 0.635 0.4375 0.0325 0.02125
0 0.56125 0.43875 0.0325 0.02125
0 0.5975 0.43875 0.03 0.0225
0 0.5975 0.4125 0.02875 0.02375
0 0.5625 0.4125 0.03 0.0225
0 0.5275 0.41375 0.03125 0.02125
0 0.5275 0.43875 0.03125 0.02125
0 0.46375 0.43875 0.02625 0.02375
0 0.49375 0.4375 0.025 0.02125
0 0.49375 0.40875 0.025 0.02625
0 0.3875 0.41125 0.03875 0.02375
0 0.48125 0.585 0.03875 0.0275
0 0.3875 0.59 0.0425 0.02875
0 0.4325 0.59 0.04375 0.02125
0 0.43 0.61875 0.04 0.02125
0 0.38375 0.62 0.045 0.025
0 0.315 0.62625 0.0775 0.025
0 0.6625 0.4775 0.02125 0.02125
0 0.565 0.615 0.0225 0.01875
0 0.6925 0.48 0.0275 0.0175
0 0.73125 0.36125 0.025 0.02125
0 0.49 0.3625 0.02125 0.0275
0 0.52 0.3625 0.02875 0.02375
0 0.55375 0.365 0.02875 0.0225
0 0.59375 0.3675 0.0225 0.0175
0 0.6425 0.3625 0.02625 0.025
0 0.6375 0.3375 0.02875 0.0225
0 0.725 0.50125 0.02625 0.01875
0 0.72875 0.5275 0.02375 0.0175
0 0.755 0.505 0.02125 0.02375
0 0.75875 0.52875 0.02375 0.01875
0 0.2825 0.50375 0.04125 0.0275
0 0.3225 0.5025 0.03 0.02875
0 0.365 0.505 0.0475 0.025
0 0.4125 0.50375 0.04 0.0225
0 0.4725 0.50375 0.05375 0.01875
0 0.48375 0.48125 0.05125 0.0175
0 0.57625 0.495 0.045 0.025
0 0.62375 0.49625 0.0425 0.0275
0 0.7525 0.4775 0.0225 0.02375
0 0.72375 0.4775 0.02125 0.02
0 0.6725 0.3375 0.02625 0.0225
0 0.67 0.36375 0.025 0.02125
0 0.7 0.36375 0.02875 0.025
0 0.7 0.3375 0.02625 0.02125
0 0.73625 0.3375 0.02875 0.01875
0 0.76625 0.3575 0.02875 0.025
0 0.32625 0.53375 0.03125 0.0225
0 0.31625 0.595 0.0775 0.025
0 0.31375 0.415 0.03125 0.0225
0 0.2875 0.535 0.03125 0.025
0 0.415 0.53 0.0425 0.0225
0 0.46875 0.52875 0.05625 0.0225
0 0.57625 0.525 0.04625 0.0275
0 0.625 0.525 0.045 0.0275
0 0.66375 0.50375 0.0275 0.02125
0 0.665 0.5275 0.02875 0.02
0 0.6975 0.5275 0.02625 0.02125
0 0.695 0.5025 0.025 0.0225
0 0.36625 0.5325 0.0475 0.02375
0 0.52375 0.61875 0.04125 0.02125
0 0.52625 0.58625 0.04125 0.03125