0 0.34375 0.66375 0.04625 0.03875
0 0.075 0.5375 0.03375 0.04375
0 0.10625 0.53625 0.025 0.045
0 0.465 0.625 0.035 0.03625
0 0.23875 0.7 0.0575 0.04875
0 0.38875 0.64875 0.0425 0.0425
0 0.295 0.68125 0.04875 0.045
0 0.4275 0.635 0.03375 0.03875
0 0.525 0.56375 0.03625 0.025
0 0.10625 0.73625 0.065 0.055
0 0.38 0.55375 0.0425 0.045
0 0.42125 0.54625 0.035 0.03875
0 0.45875 0.54 0.0375 0.04875
0 0.49625 0.52875 0.03125 0.04
0 0.55875 0.515 0.02875 0.03875
0 0.035 0.695 0.07 0.05125
0 0.10375 0.6825 0.0675 0.04125
0 0.17375 0.665 0.0675 0.0475
0 0.1775 0.7175 0.06375 0.04625
0 0.23375 0.65 0.0525 0.04625
0 0.34 0.61875 0.04125 0.04125
0 0.38125 0.60375 0.04 0.04625
0 0.4225 0.5925 0.03625 0.0425
0 0.46125 0.585 0.035 0.0375
0 0.49125 0.5725 0.02625 0.03375
0 0.275 0.46625 0.01875 0.0475
0 0.55875 0.555 0.03375 0.0325
0 0.03625 0.75875 0.0725 0.05375
0 0.29 0.63 0.05 0.04625
0 0.24875 0.465 0.02875 0.04875
0 0.3875 0.7575 0.04125 0.04125
0 0.1875 0.47 0.02375 0.0525
0 0.35 0.815 0.045 0.04125
0 0.25 0.86 0.05 0.02875
0 0.3025 0.8425 0.04625 0.03875
0 0.39375 0.79875 0.03875 0.0325
0 0.43375 0.78125 0.04375 0.03625
0 0.4725 0.7625 0.0325 0.0375
0 0.50375 0.745 0.03 0.0275
0 0.535 0.73125 0.0325 0.03375
0 0.5675 0.71875 0.0325 0.03
0 0.35125 0.85875 0.04375 0.03125
0 0.3925 0.845 0.0375 0.03875
0 0.43125 0.8225 0.035 0.035
0 0.475 0.80625 0.03875 0.03875
0 0.5675 0.68 0.025 0.03125
0 0.50875 0.78375 0.02625 0.03625
0 0.5725 0.755 0.03125 0.03
0 0.4475 0.44 0.01875 0.03625
0 0.465 0.4425 0.015 0.035
0 0.48625 0.43375 0.01375 0.03
0 0.5 0.43375 0.0125 0.03125
0 0.515 0.43 0.015 0.0275
0 0.52875 0.43 0.01125 0.03
0 0.45125 0.47875 0.015 0.035
0 0.4675 0.47875 0.01625 0.035
0 0.49 0.47 0.0125 0.03
0 0.5025 0.47 0.0125 0.03125
0 0.5175 0.465 0.015 0.02875
0 0.53125 0.465 0.01 0.02875
0 0.53875 0.77 0.03125 0.0375
0 0.21625 0.47125 0.0275 0.05
0 0.53375 0.69375 0.0275 0.03625
0 0.46875 0.72 0.0375 0.0325
0 0.15875 0.4725 0.02625 0.05125
0 0.13 0.4775 0.02625 0.055
0 0.09875 0.4825 0.0325 0.0575
0 0.06625 0.485 0.02875 0.05375
0 0.03 0.52125 0.0375 0.09125
0 0.53875 0.36125 0.015 0.07625
0 0.495 0.61375 0.0275 0.04125
0 0.52625 0.59875 0.02875 0.03375
0 0.04125 0.205 0.0675 0.15875
0 0.55625 0.595 0.025 0.0325
0 0.11375 0.81125 0.06125 0.04875
0 0.18 0.78875 0.06625 0.0475
0 0.24125 0.76875 0.05 0.04625
0 0.5025 0.7075 0.03125 0.035
0 0.29375 0.74875 0.04875 0.05
0 0.3425 0.7325 0.0475 0.04125
0 0.38875 0.71375 0.04625 0.0375
0 0.43125 0.695 0.04125 0.03875
0 0.4675 0.6775 0.03375 0.0375
0 0.49875 0.66375 0.03125 0.03375
0 0.535 0.65375 0.03625 0.035
0 0.57 0.6425 0.0325 0.035
0 0.185 0.84 0.06625 0.04625
0 0.24625 0.8175 0.0525 0.0475
0 0.29875 0.7975 0.04625 0.0425
0 0.34625 0.775 0.04125 0.0375
0 0.33375 0.57 0.0425 0.05375
0 0.4325 0.7425 0.03875 0.0425
0 0.52125 0.36125 0.01625 0.075
0 0.13375 0.52875 0.02375 0.035
0 0.52875 0.52625 0.02875 0.045
0 0.19125 0.52125 0.02625 0.0475
0 0.35 0.36875 0.0425 0.08375
0 0.11 0.20625 0.06125 0.16125
0 0.3675 0.22375 0.03875 0.12875
0 0.41125 0.23 0.03875 0.1225
0 0.45125 0.2325 0.04125 0.12625
0 0.49125 0.2375 0.03625 0.115
0 0.52375 0.24 0.0325 0.11125
0 0.555 0.24375 0.0325 0.10875
0 0.58375 0.245 0.0225 0.11
0 0.0225 0.38125 0.0325 0.0975
0 0.065 0.38 0.0375 0.12375
0 0.105 0.3775 0.02875 0.1225
0 0.14 0.37 0.02875 0.11625
0 0.17375 0.21 0.055 0.15625
0 0.22625 0.21625 0.0475 0.14375
0 0.2775 0.21625 0.04875 0.14875
0 0.32625 0.22625 0.04 0.12875
0 0.3125 0.365 0.03 0.0925
0 0.28625 0.36875 0.02375 0.095
0 0.26125 0.36375 0.02625 0.10625
0 0.23 0.37125 0.0275 0.10875
0 0.2025 0.37 0.025 0.1125
0 0.16 0.525 0.025 0.04375
0 0.385 0.36625 0.02625 0.085
0 0.40875 0.3675 0.025 0.08875
0 0.1725 0.3725 0.035 0.115
0 0.4525 0.36375 0.01625 0.07875
0 0.3125 0.5 0.015 0.0475
0 0.37125 0.45 0.02 0.04625
0 0.39 0.45125 0.01375 0.045
0 0.3325 0.49875 0.02125 0.0375
0 0.35375 0.4975 0.02125 0.04125
0 0.375 0.4925 0.01875 0.0375
0 0.395 0.4925 0.02 0.03875
0 0.41375 0.48625 0.01875 0.04
0 0.43125 0.485 0.01625 0.04125
0 0.22125 0.52 0.02875 0.045
0 0.33125 0.45625 0.0225 0.04375
0 0.2525 0.51125 0.02125 0.04125
0 0.27625 0.51375 0.025 0.035
0 0.3525 0.45375 0.01625 0.04875
0 0.43125 0.3675 0.025 0.09125
0 0.285 0.5775 0.05 0.0425
0 0.22875 0.595 0.05875 0.06
0 0.47 0.365 0.015 0.07625
0 0.4875 0.36375 0.01875 0.07875
0 0.1675 0.6 0.06 0.05
0 0.29625 0.49875 0.0175 0.04625
0 0.09625 0.625 0.07 0.06875
0 0.505 0.365 0.01375 0.07625
0 0.03 0.635 0.05875 0.05125