0 0.31125 0.36625 0.03875 0.09875
0 0.19375 0.38 0.05875 0.07875
0 0.26875 0.4025 0.04625 0.03375
0 0.8425 0.24375 0.02625 0.04125
0 0.21875 0.53625 0.0275 0.0825
0 0.71375 0.33125 0.0375 0.0675
0 0.4025 0.36 0.035 0.08125
0 0.19 0.54 0.03 0.085
0 0.15 0.53375 0.04875 0.11375
0 0.31625 0.625 0.05 0.12875
0 0.33625 0.49875 0.02125 0.05125
0 0.3675 0.50125 0.02125 0.05375
0 0.39 0.495 0.0225 0.04875
0 0.425 0.4825 0.02125 0.05
0 0.46125 0.4875 0.02375 0.04875
0 0.485 0.485 0.02 0.05
0 0.5075 0.4825 0.02 0.05125
0 0.25375 0.52375 0.0275 0.09375
0 0.85 0.3225 0.04375 0.0725
0 0.795 0.33125 0.03625 0.07375
0 0.61625 0.33625 0.04 0.07
0 0.56625 0.35125 0.0325 0.08
0 0.44 0.35375 0.03625 0.085
0 0.48875 0.35625 0.03375 0.08125
0 0.36125 0.3675 0.04625 0.08625
0 0.31125 0.505 0.0225 0.055
0 0.62375 0.46125 0.0175 0.04625
0 0.5275 0.47875 0.01875 0.05125
0 0.79125 0.54625 0.03625 0.085
0 0.705 0.5475 0.0525 0.085
0 0.6325 0.58 0.05375 0.08125
0 0.57625 0.57875 0.0625 0.03125
0 0.825 0.65625 0.02 0.0775
0 0.79875 0.65625 0.03125 0.10875
0 0.73625 0.66875 0.09375 0.05625
0 0.6575 0.72875 0.0475 0.0425
0 0.60875 0.71125 0.05 0.10125
0 0.55375 0.7225 0.0575 0.105
0 0.50375 0.73875 0.04 0.11875
0 0.395 0.77 0.06875 0.11
0 0.33125 0.7875 0.06 0.1275
0 0.27 0.8275 0.06 0.08625
0 0.5025 0.44125 0.02375 0.0225
0 0.185 0.77625 0.0775 0.04125
0 0.5025 0.595 0.0525 0.10125
0 0.44125 0.60375 0.065 0.1
0 0.25625 0.665 0.0575 0.07125
0 0.1375 0.6875 0.025 0.09625
0 0.16875 0.68375 0.03375 0.10125
0 0.2075 0.67875 0.03625 0.03625
0 0.75125 0.44375 0.015 0.04125
0 0.735 0.4475 0.01625 0.045
0 0.69375 0.4425 0.02 0.04375
0 0.6425 0.45875 0.0175 0.0475
0 0.815 0.2125 0.02125 0.0375
0 0.585 0.46875 0.0175 0.0475
0 0.5675 0.4725 0.01875 0.04625
0 0.5475 0.475 0.0175 0.04875
0 0.56875 0.6225 0.055 0.03
0 0.805 0.24875 0.0275 0.03375
0 0.45875 0.23875 0.03875 0.08875
0 0.73375 0.2275 0.0275 0.0825
0 0.31125 0.075 0.04875 0.14875
0 0.725 0.115 0.03375 0.0825
0 0.67 0.0875 0.04625 0.1375
0 0.615 0.0875 0.0475 0.14
0 0.5325 0.08875 0.04875 0.13
0 0.37125 0.0775 0.0625 0.145
0 0.455 0.07875 0.09375 0.1475
0 0.84375 0.525 0.0625 0.07875
0 0.2025 0.85875 0.07 0.0375
0 0.795 0.43375 0.03875 0.075
0 0.82875 0.425 0.0275 0.08
0 0.86 0.4225 0.0275 0.07625
0 0.67 0.35 0.04375 0.04125
0 0.36375 0.5925 0.045 0.07375
0 0.77125 0.25 0.02625 0.035
0 0.25875 0.0775 0.05375 0.14375
0 0.2075 0.075 0.04625 0.15
0 0.855 0.64875 0.03875 0.08875
0 0.75875 0.115 0.0275 0.08
0 0.7075 0.25 0.025 0.03625
0 0.15875 0.0725 0.0475 0.14375
0 0.675 0.23125 0.0275 0.08
0 0.645 0.22875 0.0275 0.0925
0 0.58125 0.23 0.03375 0.09125
0 0.54125 0.23375 0.04 0.0875
0 0.49875 0.235 0.03875 0.09125
0 0.19375 0.82 0.07625 0.03375
0 0.615 0.23 0.03125 0.09375
0 0.34875 0.2325 0.04 0.0925
0 0.2925 0.23875 0.04375 0.09875
0 0.235 0.23875 0.0475 0.1025
0 0.15875 0.2725 0.025 0.04625
0 0.1875 0.2725 0.02125 0.04375
0 0.82125 0.1375 0.03 0.0425
0 0.4175 0.23875 0.04125 0.09125
0 0.8275 0.09125 0.03 0.0425