0 0.345 0.80125 0.04 0.08
0 0.295 0.80625 0.04625 0.0825
0 0.39625 0.8 0.045 0.07375
0 0.4375 0.80125 0.0325 0.075
0 0.49375 0.8025 0.07875 0.0825
0 0.69375 0.8375 0.03 0.0175
0 0.735 0.83625 0.03375 0.01625
0 0.71625 0.81625 0.0375 0.01375
0 0.76875 0.83 0.0225 0.03
0 0.75875 0.79 0.04 0.03375
0 0.2875 0.72 0.0425 0.0425
0 0.6475 0.82125 0.025 0.05125
0 0.23875 0.70875 0.03375 0.06375
0 0.3 0.6725 0.0475 0.035
0 0.52375 0.50625 0.05375 0.0675
0 0.76125 0.6275 0.02375 0.0125
0 0.7625 0.60875 0.025 0.02125
0 0.735 0.63 0.025 0.0225
0 0.72625 0.695 0.0425 0.03
0 0.725 0.72875 0.04125 0.03
0 0.6775 0.725 0.0425 0.03
0 0.67875 0.69125 0.04375 0.03125
0 0.6275 0.67125 0.04375 0.02375
0 0.57875 0.69 0.035 0.0175
0 0.62625 0.71875 0.045 0.03375
0 0.4825 0.51 0.02125 0.0575
0 0.5825 0.71875 0.03375 0.03
0 0.485 0.68375 0.04125 0.035
0 0.52875 0.7225 0.04125 0.03625
0 0.48375 0.7225 0.04375 0.03375
0 0.43125 0.71875 0.03875 0.03875
0 0.3875 0.7175 0.04375 0.04
0 0.435 0.68125 0.0425 0.0275
0 0.38875 0.68 0.0425 0.0175
0 0.335 0.71875 0.0475 0.0375
0 0.26625 0.505 0.025 0.0625
0 0.32375 0.50875 0.02375 0.05875
0 0.53125 0.68125 0.0425 0.03
0 0.2325 0.5075 0.025 0.065
0 0.2375 0.635 0.03375 0.04
0 0.2325 0.5875 0.02375 0.04375
0 0.73 0.51875 0.0275 0.05375
0 0.7025 0.51625 0.02 0.055
0 0.67625 0.51125 0.02375 0.0625
0 0.65375 0.50875 0.01375 0.055
0 0.63375 0.51375 0.0225 0.0575
0 0.60875 0.52 0.01625 0.04375
0 0.5875 0.5075 0.02 0.0675
0 0.7075 0.6075 0.02125 0.06
0 0.6725 0.60375 0.0175 0.05875
0 0.64875 0.6025 0.02 0.05625
0 0.6275 0.60125 0.01 0.05625
0 0.6025 0.61875 0.03375 0.0275
0 0.55625 0.6125 0.04625 0.0375
0 0.5175 0.6025 0.02125 0.05375
0 0.5 0.6125 0.01 0.04125
0 0.48625 0.605 0.01 0.05125
0 0.43125 0.60375 0.01875 0.06125
0 0.4125 0.6 0.01375 0.0625
0 0.39125 0.60125 0.01875 0.0625
0 0.33625 0.615 0.04 0.0325
0 0.34 0.57625 0.04375 0.035
0 0.28625 0.58 0.05 0.0325
0 0.285 0.61625 0.0525 0.03375
0 0.38 0.5125 0.0225 0.05875
0 0.40875 0.51375 0.02 0.05625
0 0.295 0.51125 0.02375 0.0575
0 0.76 0.42 0.03125 0.0575
0 0.75875 0.5175 0.0225 0.0525
0 0.47875 0.2175 0.02125 0.06125
0 0.44875 0.21375 0.02625 0.06
0 0.41875 0.21625 0.02625 0.0625
0 0.3875 0.23 0.02625 0.02875
0 0.26625 0.21375 0.02625 0.0625
0 0.29625 0.21125 0.02625 0.06125
0 0.32875 0.21375 0.0275 0.06
0 0.50375 0.42 0.02625 0.05625
0 0.4725 0.41875 0.0275 0.05875
0 0.4425 0.41125 0.02625 0.07125
0 0.40375 0.42625 0.04125 0.035
0 0.30875 0.41 0.03125 0.06375
0 0.3375 0.41 0.01875 0.06625
0 0.36125 0.41 0.02125 0.06625
0 0.24875 0.37625 0.0275 0.1025
0 0.28 0.43375 0.0225 0.02125
0 0.28 0.41375 0.025 0.01625
0 0.27 0.29375 0.03875 0.01625
0 0.31875 0.33 0.05 0.03125
0 0.56375 0.51375 0.01625 0.05375
0 0.435 0.51375 0.02 0.05625
0 0.4575 0.51 0.02125 0.0575
0 0.53875 0.23375 0.025 0.03375
0 0.53875 0.1975 0.02875 0.025
0 0.505 0.22625 0.01625 0.04125
0 0.66 0.215 0.02875 0.0625
0 0.72625 0.41875 0.02625 0.05625
0 0.695 0.41625 0.0225 0.06375
0 0.665 0.41875 0.02625 0.05375
0 0.63125 0.425 0.02 0.04875
0 0.60625 0.4175 0.02625 0.06
0 0.58 0.41875 0.02125 0.05625
0 0.5575 0.42375 0.01625 0.0475
0 0.6175 0.22375 0.05 0.0425
0 0.36 0.3175 0.02125 0.06
0 0.3875 0.31875 0.0225 0.06
0 0.47125 0.315 0.025 0.0675
0 0.53625 0.42375 0.02 0.0475
0 0.59875 0.31875 0.02125 0.0525
0 0.62375 0.31875 0.02 0.0575
0 0.65125 0.31875 0.02375 0.05875
0 0.685 0.31875 0.02375 0.0625
0 0.715 0.31875 0.02625 0.06
0 0.74625 0.32 0.025 0.05875
0 0.76875 0.325 0.0125 0.05
0 0.76375 0.22875 0.0325 0.035
0 0.73625 0.22 0.01375 0.05125
0 0.565 0.32 0.0275 0.06125
0 0.71875 0.215 0.0125 0.05375
0 0.69 0.21375 0.0225 0.0575