0 0.36625 0.26375 0.0575 0.01125
0 0.42875 0.235 0.05625 0.015
0 0.4275 0.24875 0.0575 0.01375
0 0.77875 0.63 0.025 0.0675
0 0.505 0.60875 0.0625 0.01375
0 0.3675 0.25 0.05875 0.01125
0 0.37125 0.4125 0.0575 0.01
0 0.61375 0.23875 0.06125 0.01
0 0.61375 0.22375 0.06125 0.01125
0 0.55 0.2675 0.0575 0.0125
0 0.55125 0.2525 0.0575 0.015
0 0.55125 0.23875 0.06 0.01125
0 0.55125 0.225 0.06125 0.01375
0 0.48875 0.26625 0.06 0.01375
0 0.4875 0.25 0.05875 0.0125
0 0.48875 0.2375 0.05875 0.01125
0 0.49 0.22375 0.05625 0.0125
0 0.4275 0.26375 0.06 0.01125
0 0.42875 0.22 0.0575 0.01125
0 0.36625 0.23375 0.0575 0.01125
0 0.615 0.11875 0.06125 0.01375
0 0.30625 0.26375 0.05875 0.01375
0 0.43 0.1325 0.05625 0.0125
0 0.43 0.1475 0.0575 0.0125
0 0.43 0.16125 0.05875 0.015
0 0.49125 0.11875 0.0575 0.015
0 0.49 0.13375 0.0575 0.01375
0 0.49 0.1475 0.05875 0.01125
0 0.37125 0.325 0.0575 0.0125
0 0.49125 0.1625 0.05875 0.01375
0 0.5525 0.1175 0.05875 0.015
0 0.37 0.31 0.05625 0.01375
0 0.37125 0.295 0.05875 0.01125
0 0.31 0.36625 0.05875 0.01125
0 0.31 0.35125 0.0575 0.01375
0 0.3675 0.21875 0.06125 0.01375
0 0.31 0.3375 0.05875 0.01125
0 0.30875 0.31 0.0575 0.0125
0 0.30875 0.295 0.05875 0.01375
0 0.6125 0.2675 0.0575 0.0125
0 0.6125 0.2525 0.06125 0.01375
0 0.5525 0.13375 0.06 0.0125
0 0.5525 0.14625 0.05875 0.01125
0 0.5525 0.16125 0.05875 0.0125
0 0.61375 0.13375 0.06 0.01
0 0.61375 0.1475 0.05875 0.0125
0 0.6125 0.16125 0.06 0.01125
0 0.30625 0.21875 0.06 0.015
0 0.305 0.23375 0.06 0.01375
0 0.30625 0.24875 0.06125 0.015
0 0.30875 0.32375 0.05875 0.0125
0 0.3725 0.425 0.0575 0.015
0 0.6225 0.52875 0.05375 0.01
0 0.72625 0.63 0.02875 0.06875
0 0.30875 0.3975 0.06 0.01375
0 0.30875 0.41125 0.05875 0.01
0 0.31 0.42375 0.055 0.01375
0 0.31 0.43875 0.05875 0.01375
0 0.31 0.4525 0.05625 0.01125
0 0.31125 0.46625 0.06125 0.0125
0 0.37 0.3975 0.05875 0.0125
0 0.37375 0.5825 0.06375 0.01375
0 0.3725 0.5675 0.06375 0.0125
0 0.37375 0.54875 0.0575 0.01375
0 0.375 0.53375 0.06 0.015
0 0.29625 0.65125 0.06625 0.015
0 0.295 0.635 0.0675 0.01375
0 0.29875 0.61875 0.06375 0.01375
0 0.3025 0.6 0.0625 0.015
0 0.30625 0.5825 0.065 0.01375
0 0.305 0.56625 0.0625 0.01375
0 0.3025 0.54875 0.06375 0.015
0 0.31375 0.53125 0.05625 0.01375
0 0.6125 0.3725 0.06 0.015
0 0.61125 0.35625 0.0575 0.0125
0 0.6125 0.34375 0.05875 0.01
0 0.61375 0.33 0.06 0.01375
0 0.565 0.53125 0.06 0.01
0 0.50625 0.53125 0.055 0.01
0 0.565 0.5125 0.05125 0.01125
0 0.51 0.51375 0.05375 0.0125
0 0.56375 0.5 0.05125 0.01
0 0.5075 0.50125 0.0525 0.01
0 0.755 0.63 0.02125 0.0675
0 0.50875 0.49 0.05375 0.01
0 0.435 0.65125 0.065 0.01625
0 0.18125 0.61875 0.01375 0.01125
0 0.4325 0.635 0.06625 0.015
0 0.4375 0.59875 0.0625 0.015
0 0.43875 0.58125 0.0625 0.01375
0 0.44 0.565 0.06125 0.01375
0 0.43875 0.54875 0.0625 0.01375
0 0.44125 0.53375 0.06375 0.01375
0 0.365 0.65125 0.0675 0.0125
0 0.36375 0.635 0.0675 0.01375
0 0.36875 0.6175 0.065 0.015
0 0.37 0.6 0.065 0.01375
0 0.435 0.6175 0.0625 0.015
0 0.5625 0.5425 0.055 0.01125
0 0.1825 0.6075 0.0125 0.01125
0 0.1875 0.6525 0.01375 0.01375
0 0.54875 0.445 0.05875 0.01125
0 0.55 0.43 0.05875 0.0125
0 0.55 0.41625 0.05875 0.01375
0 0.5525 0.4025 0.06 0.01125
0 0.49 0.47 0.0575 0.0125
0 0.48875 0.45625 0.05875 0.0125
0 0.49125 0.44375 0.05875 0.01
0 0.49 0.43 0.05625 0.01375
0 0.49125 0.41625 0.0575 0.0125
0 0.49125 0.4025 0.05875 0.01375
0 0.43125 0.4675 0.055 0.0125
0 0.43 0.45375 0.055 0.0125
0 0.43125 0.44125 0.05375 0.0125
0 0.4325 0.4275 0.0575 0.0125
0 0.43125 0.4125 0.0575 0.0125
0 0.43125 0.3975 0.05875 0.0125
0 0.3725 0.46875 0.06 0.0125
0 0.3725 0.45375 0.0575 0.01125
0 0.37125 0.44 0.06 0.00875
0 0.55 0.45875 0.05875 0.0125
0 0.54875 0.47125 0.05625 0.01
0 0.6125 0.40375 0.05875 0.01125
0 0.6125 0.4175 0.06125 0.01125
0 0.185 0.635 0.01375 0.01375
0 0.17125 0.65 0.01375 0.0125
0 0.22625 0.6525 0.065 0.01375
0 0.225 0.635 0.06875 0.0125
0 0.2275 0.6125 0.07125 0.01625
0 0.23125 0.5925 0.0725 0.015
0 0.23875 0.5775 0.06375 0.01
0 0.2325 0.565 0.0725 0.0125
0 0.24125 0.54125 0.05625 0.01625
0 0.185 0.59125 0.01375 0.01625
0 0.445 0.515 0.06 0.01375
0 0.44625 0.49875 0.06 0.01
0 0.3825 0.4975 0.05875 0.015
0 0.32125 0.5125 0.055 0.01125
0 0.3225 0.49875 0.05625 0.0125
0 0.25375 0.51875 0.06 0.0175
0 0.61 0.4725 0.05875 0.0125
0 0.61 0.45875 0.06 0.0125
0 0.61125 0.445 0.06 0.01125
0 0.61 0.43125 0.05875 0.0125
0 0.37875 0.51625 0.05625 0.0125
0 0.5725 0.57625 0.05125 0.0175
0 0.56375 0.49 0.05125 0.01125
0 0.50375 0.57 0.05625 0.015
0 0.43125 0.32625 0.0575 0.01125
0 0.43125 0.34125 0.0575 0.01375
0 0.4325 0.355 0.05625 0.0125
0 0.4325 0.36875 0.05875 0.01
0 0.4925 0.3 0.05875 0.0125
0 0.4925 0.31375 0.0575 0.01125
0 0.49125 0.32875 0.0575 0.0125
0 0.4925 0.3425 0.0575 0.0125
0 0.43 0.31125 0.05625 0.01375
0 0.49125 0.35625 0.0575 0.01
0 0.5525 0.3 0.06 0.01375
0 0.5525 0.31375 0.06125 0.0125
0 0.55125 0.32875 0.05875 0.0125
0 0.505 0.5525 0.05875 0.0125
0 0.5525 0.3575 0.05875 0.01375
0 0.5525 0.37 0.0575 0.01125
0 0.61625 0.3025 0.06375 0.01125
0 0.615 0.31625 0.06 0.0125
0 0.4925 0.36875 0.0575 0.0125
0 0.50125 0.635 0.06625 0.0125
0 0.43 0.29625 0.05625 0.01375
0 0.37 0.3525 0.05625 0.01125
0 0.69625 0.63 0.02625 0.07125
0 0.645 0.66125 0.0725 0.0125
0 0.64375 0.645 0.07125 0.01625
0 0.6425 0.62625 0.07125 0.01625
0 0.6375 0.59125 0.07 0.015
0 0.62875 0.55875 0.0625 0.01375
0 0.6225 0.5425 0.05875 0.01125
0 0.5025 0.6525 0.06625 0.015
0 0.37125 0.36625 0.05875 0.01375
0 0.43 0.1175 0.0575 0.0125
0 0.37 0.14625 0.05875 0.0125
0 0.37 0.1325 0.06 0.01125
0 0.37 0.1175 0.05875 0.0125
0 0.31 0.16 0.0575 0.01125
0 0.30875 0.14625 0.05625 0.01125
0 0.31 0.13125 0.0575 0.01375
0 0.31125 0.1175 0.055 0.0125
0 0.37 0.33875 0.0575 0.0125
0 0.37 0.16125 0.0575 0.015
0 0.57 0.64875 0.06625 0.01625
0 0.5525 0.3425 0.0575 0.0125
0 0.50375 0.59375 0.06375 0.01375
0 0.57 0.62625 0.065 0.015
0 0.57125 0.61 0.0675 0.01375
0 0.57 0.5925 0.06375 0.0125