0 0.61375 0.48875 0.00625 0.07875
0 0.53375 0.62 0.00625 0.07875
0 0.57625 0.61375 0.00625 0.07875
0 0.63625 0.60125 0.00625 0.07875
0 0.64375 0.6025 0.00625 0.07875
0 0.4525 0.48875 0.01125 0.07875
0 0.47625 0.48375 0.01125 0.07875
0 0.5025 0.48875 0.01125 0.07875
0 0.53125 0.48875 0.00625 0.08
0 0.635 0.49125 0.00625 0.07875
0 0.54 0.4875 0.00625 0.08
0 0.58125 0.4925 0.00625 0.07875
0 0.57625 0.4925 0.00625 0.07875
0 0.56625 0.49375 0.00875 0.03625
0 0.6425 0.49 0.00625 0.07875
0 0.59625 0.49 0.00875 0.03625
0 0.60625 0.4925 0.00625 0.07875
0 0.51375 0.59875 0.01375 0.07125
0 0.67375 0.49 0.00625 0.07875
0 0.30875 0.6025 0.00625 0.07
0 0.4675 0.6 0.01375 0.07125
0 0.135 0.7425 0.01 0.075
0 0.12875 0.6075 0.00625 0.07375
0 0.15 0.6025 0.00625 0.07375
0 0.16 0.6 0.00625 0.07375
0 0.20125 0.6025 0.015 0.075
0 0.66625 0.49125 0.00625 0.07875
0 0.22 0.61 0.015 0.075
0 0.24625 0.6075 0.01625 0.07375
0 0.49375 0.59875 0.01375 0.07125
0 0.2775 0.60625 0.01625 0.07375
0 0.33 0.605 0.00625 0.07
0 0.3425 0.60375 0.00625 0.07
0 0.37375 0.60125 0.00625 0.07
0 0.3825 0.5975 0.00625 0.07
0 0.4 0.595 0.00625 0.07
0 0.41 0.595 0.00625 0.07
0 0.435 0.59875 0.00625 0.07
0 0.44375 0.5975 0.00625 0.07
0 0.2975 0.6025 0.00625 0.07
0 0.7075 0.485 0.00625 0.07875
0 0.375 0.48875 0.01125 0.07875
0 0.73 0.48875 0.00625 0.07875
0 0.3225 0.48375 0.01125 0.07875
0 0.2975 0.48625 0.00875 0.07875
0 0.2875 0.48625 0.00875 0.07875
0 0.2675 0.4875 0.00625 0.07875
0 0.26 0.4875 0.00625 0.07875
0 0.24125 0.48625 0.0075 0.085
0 0.21 0.4925 0.00625 0.08875
0 0.2025 0.49125 0.00625 0.08875
0 0.35125 0.4875 0.01125 0.07875
0 0.17 0.49 0.0075 0.08875
0 0.14375 0.48875 0.0075 0.08875
0 0.1325 0.37375 0.015 0.08875
0 0.15875 0.38 0.0175 0.09
0 0.4275 0.4875 0.01125 0.07875
0 0.66375 0.605 0.00625 0.07875
0 0.6725 0.60125 0.00625 0.07875
0 0.69875 0.60625 0.00625 0.07875
0 0.7075 0.6075 0.00625 0.07875
0 0.15375 0.49125 0.0075 0.08875
0 0.7 0.4875 0.00625 0.07875
0 0.7225 0.6025 0.00625 0.07875
0 0.75125 0.6 0.00625 0.07875
0 0.72375 0.48875 0.00625 0.07875
0 0.77 0.4925 0.00625 0.07875
0 0.7625 0.4925 0.00625 0.07875
0 0.80625 0.4925 0.00625 0.07875
0 0.79625 0.49 0.00625 0.07875
0 0.825 0.49125 0.00625 0.07875
0 0.81625 0.49125 0.00625 0.07875
0 0.87125 0.485 0.00625 0.07875
0 0.73125 0.60375 0.00625 0.07875
0 0.83875 0.4925 0.00625 0.07875
0 0.84875 0.4875 0.00625 0.07875
0 0.855 0.59375 0.00625 0.07875
0 0.84875 0.595 0.00625 0.07875
0 0.82875 0.5925 0.00625 0.07875
0 0.82125 0.595 0.00625 0.07875
0 0.79125 0.59875 0.00625 0.07875
0 0.7825 0.59875 0.00625 0.07875
0 0.75875 0.6025 0.00625 0.07875
0 0.86375 0.4825 0.00625 0.07875
0 0.15125 0.745 0.01 0.075
0 0.40125 0.48875 0.01125 0.07875
0 0.30375 0.37375 0.01 0.08625
0 0.7775 0.37375 0.00625 0.085
0 0.7675 0.37625 0.00625 0.085
0 0.745 0.37875 0.00625 0.07875
0 0.73625 0.37625 0.00625 0.07875
0 0.71125 0.3725 0.00625 0.07875
0 0.7025 0.37375 0.00625 0.07875
0 0.6825 0.37375 0.00625 0.07875
0 0.7975 0.37375 0.00625 0.085
0 0.675 0.375 0.00625 0.07875
0 0.64375 0.3775 0.00625 0.07875
0 0.62125 0.3725 0.0125 0.0875
0 0.59 0.375 0.0125 0.0875
0 0.57125 0.37375 0.0125 0.0875
0 0.5425 0.3775 0.0125 0.0875
0 0.51875 0.38125 0.0125 0.0875
0 0.495 0.38125 0.0125 0.0875
0 0.65125 0.37875 0.00625 0.07875
0 0.80875 0.37375 0.00625 0.085
0 0.82375 0.38125 0.00625 0.085
0 0.83125 0.38125 0.00625 0.085
0 0.4725 0.26 0.00625 0.085
0 0.48125 0.26 0.00625 0.085
0 0.51 0.25375 0.01 0.08875
0 0.53125 0.265 0.01 0.08875
0 0.5625 0.26125 0.01 0.08875
0 0.5825 0.25875 0.01 0.08875
0 0.5975 0.265 0.01 0.08875
0 0.6525 0.255 0.01 0.08875
0 0.68125 0.26125 0.01 0.08875
0 0.70625 0.25375 0.0125 0.09125
0 0.745 0.2525 0.0125 0.09125
0 0.78 0.25625 0.0125 0.09125
0 0.8125 0.255 0.0125 0.09125
0 0.845 0.25125 0.0125 0.09125
0 0.86625 0.24875 0.0125 0.09125
0 0.86 0.375 0.00625 0.085
0 0.85125 0.37625 0.00625 0.085
0 0.47625 0.3775 0.00625 0.085
0 0.4675 0.37875 0.00625 0.0825
0 0.4425 0.3775 0.00625 0.0825
0 0.43375 0.38 0.00625 0.0825
0 0.4475 0.86125 0.00875 0.06625
0 0.4625 0.865 0.00875 0.0675
0 0.475 0.865 0.0075 0.0625
0 0.48875 0.86625 0.01125 0.05875
0 0.38625 0.86 0.00875 0.07125
0 0.37375 0.8625 0.00875 0.07125
0 0.35875 0.86625 0.00875 0.07125
0 0.345 0.865 0.00875 0.07125
0 0.33375 0.8675 0.00875 0.07125
0 0.32 0.87125 0.00875 0.07125
0 0.22125 0.87375 0.0125 0.07375
0 0.23625 0.8725 0.01125 0.06625
0 0.25125 0.87125 0.015 0.065
0 0.27 0.8725 0.01625 0.06875
0 0.165 0.875 0.01 0.06625
0 0.15125 0.87375 0.01375 0.07
0 0.13625 0.8725 0.0125 0.06875
0 0.43125 0.8625 0.0075 0.065
0 0.44375 0.2575 0.00625 0.085
0 0.52375 0.88125 0.03375 0.08
0 0.59625 0.87875 0.03625 0.08625
0 0.41375 0.37875 0.0125 0.085
0 0.36 0.3775 0.015 0.085
0 0.3425 0.38 0.01375 0.085
0 0.315 0.37125 0.01 0.08625
0 0.16625 0.745 0.01 0.075
0 0.285 0.37 0.0075 0.0875
0 0.27375 0.3725 0.0075 0.0875
0 0.255 0.375 0.0175 0.08875
0 0.2325 0.3775 0.0175 0.08875
0 0.2 0.37625 0.0175 0.09
0 0.6925 0.8725 0.00625 0.07375
0 0.68375 0.86875 0.00625 0.07375
0 0.675 0.87125 0.0075 0.07375
0 0.53625 0.81125 0.0225 0.05
0 0.5725 0.805 0.02625 0.0475
0 0.6075 0.8025 0.03125 0.04625
0 0.635 0.87625 0.03375 0.0825
0 0.56125 0.8825 0.03125 0.08
0 0.435 0.25625 0.00625 0.085
0 0.62625 0.2575 0.01 0.08875
0 0.40375 0.25875 0.00625 0.085
0 0.60375 0.70375 0.0075 0.065
0 0.595 0.70375 0.0075 0.065
0 0.555 0.72 0.00875 0.0725
0 0.5425 0.7175 0.00875 0.07375
0 0.52875 0.71875 0.00625 0.075
0 0.5125 0.72 0.00625 0.075
0 0.5 0.72125 0.00625 0.075
0 0.485 0.72625 0.00625 0.075
0 0.455 0.725 0.00875 0.07625
0 0.44 0.725 0.00875 0.07625
0 0.4275 0.725 0.00875 0.07625
0 0.4 0.72375 0.00875 0.07625
0 0.38625 0.7225 0.00875 0.07625
0 0.37125 0.72375 0.00875 0.07625
0 0.36125 0.7225 0.00875 0.07625
0 0.34 0.71125 0.00875 0.07625
0 0.4125 0.25875 0.00625 0.085
0 0.28375 0.73125 0.0125 0.075
0 0.2675 0.7375 0.0125 0.075
0 0.25 0.73875 0.0125 0.075
0 0.23 0.74125 0.01 0.075
0 0.215 0.74 0.01 0.075
0 0.2025 0.74 0.01 0.075
0 0.325 0.25375 0.00625 0.085
0 0.3175 0.255 0.00625 0.08375
0 0.29 0.25875 0.01875 0.0975
0 0.25125 0.2575 0.02 0.0925
0 0.2075 0.25875 0.01875 0.08375
0 0.1425 0.25625 0.02 0.07375
0 0.625 0.7 0.00625 0.06625
0 0.63375 0.7 0.00625 0.06625
0 0.325 0.71 0.00875 0.07625
0 0.6725 0.7125 0.00625 0.06625
0 0.385 0.2525 0.0125 0.085
0 0.64125 0.69875 0.00625 0.06625
0 0.34875 0.2525 0.00625 0.085
0 0.7 0.87125 0.00875 0.07375
0 0.71125 0.8725 0.00875 0.07375
0 0.77625 0.87875 0.0475 0.08375
0 0.82125 0.88 0.02 0.08125
0 0.8425 0.88125 0.015 0.0825
0 0.86125 0.8825 0.01625 0.0775
0 0.86375 0.7075 0.0075 0.07125
0 0.35625 0.2525 0.00625 0.085
0 0.81625 0.7075 0.01 0.07
0 0.8025 0.7075 0.0075 0.07125
0 0.78875 0.7075 0.00625 0.07125
0 0.77625 0.7075 0.0075 0.07125
0 0.74 0.6975 0.02375 0.0575
0 0.72 0.7075 0.00625 0.07
0 0.71375 0.705 0.00625 0.07
0 0.68125 0.7125 0.00625 0.06625
0 0.68875 0.7125 0.00625 0.06625
0 0.85375 0.7075 0.0075 0.07125
0 0.70625 0.70375 0.00625 0.07