0 0.71875 0.40125 0.02875 0.055
0 0.685 0.36125 0.0175 0.08875
0 0.6575 0.36125 0.01125 0.0875
0 0.635 0.3575 0.0125 0.09125
0 0.6175 0.3625 0.01375 0.08
0 0.60125 0.36125 0.015 0.08375
0 0.54875 0.365 0.01375 0.07875
0 0.56625 0.36125 0.01375 0.08
0 0.5325 0.3625 0.015 0.0825
0 0.515 0.3625 0.01375 0.08125
0 0.49875 0.365 0.01125 0.08
0 0.48125 0.36125 0.0125 0.08125
0 0.58375 0.3625 0.0125 0.08125
0 0.71625 0.5025 0.03875 0.05
0 0.36375 0.48125 0.0075 0.0725
0 0.70375 0.5925 0.035 0.0475
0 0.75125 0.33 0.05625 0.02
0 0.7525 0.34875 0.055 0.01625
0 0.23875 0.38875 0.0375 0.01625
0 0.23875 0.43125 0.0375 0.06125
0 0.2775 0.48375 0.01625 0.07
0 0.29375 0.48125 0.01125 0.07125
0 0.31 0.4825 0.0075 0.06625
0 0.31625 0.48375 0.005 0.06625
0 0.32125 0.485 0.00625 0.06625
0 0.32875 0.48375 0.0075 0.06625
0 0.34625 0.4825 0.0075 0.07125
0 0.46625 0.36125 0.01625 0.08375
0 0.7075 0.54875 0.03125 0.02875
0 0.44375 0.36 0.01125 0.08875
0 0.71875 0.79625 0.01 0.05625
0 0.4075 0.38 0.02125 0.05125
0 0.38625 0.48125 0.00625 0.0725
0 0.60125 0.79 0.03875 0.08
0 0.23625 0.34625 0.0325 0.025
0 0.2375 0.3125 0.03375 0.03125
0 0.7475 0.58875 0.04625 0.06125
0 0.7675 0.8 0.01375 0.045
0 0.74875 0.8025 0.0175 0.045
0 0.73125 0.79 0.00875 0.05375
0 0.25125 0.13375 0.0625 0.04375
0 0.24 0.205 0.04 0.0825
0 0.2775 0.23625 0.01625 0.0725
0 0.30125 0.2275 0.02375 0.08875
0 0.33 0.23625 0.02125 0.0775
0 0.355 0.2375 0.02 0.07875
0 0.39125 0.23125 0.0475 0.09125
0 0.44 0.2325 0.04125 0.09125
0 0.48375 0.22375 0.04625 0.105
0 0.5275 0.2275 0.04 0.105
0 0.5725 0.2275 0.045 0.1025
0 0.61625 0.22625 0.04 0.1
0 0.6525 0.2325 0.0275 0.09125
0 0.67875 0.23125 0.02375 0.09625
0 0.70625 0.2325 0.03 0.0975
0 0.7425 0.23375 0.0375 0.085
0 0.26875 0.385 0.0125 0.0375
0 0.2825 0.38625 0.01375 0.0375
0 0.31375 0.38125 0.0375 0.04625
0 0.3525 0.38125 0.025 0.05125
0 0.3825 0.38125 0.02625 0.05
0 0.4275 0.36125 0.0175 0.09125
0 0.39875 0.48125 0.01125 0.0775
0 0.56375 0.79 0.03125 0.0875
0 0.4225 0.4825 0.005 0.0725
0 0.23875 0.6425 0.03875 0.07
0 0.3 0.6875 0.03125 0.08375
0 0.33625 0.685 0.0325 0.075
0 0.3725 0.685 0.03375 0.07875
0 0.405 0.68125 0.02875 0.07625
0 0.44 0.6825 0.03375 0.08
0 0.47625 0.68 0.03125 0.07375
0 0.51 0.68125 0.03375 0.0775
0 0.54375 0.68 0.03125 0.08
0 0.5775 0.68125 0.03625 0.08
0 0.61375 0.67875 0.0325 0.085
0 0.64625 0.68 0.0325 0.0825
0 0.67875 0.68 0.02875 0.08125
0 0.7525 0.53625 0.05125 0.01125
0 0.7025 0.68 0.01375 0.08125
0 0.75625 0.67125 0.0475 0.01375
0 0.7575 0.685 0.045 0.01125
0 0.75625 0.6975 0.04875 0.01125
0 0.75625 0.71125 0.0475 0.015
0 0.25375 0.80375 0.06375 0.0875
0 0.30875 0.805 0.02875 0.0775
0 0.34 0.80125 0.03 0.08125
0 0.3725 0.80125 0.0275 0.08
0 0.405 0.7775 0.02375 0.0725
0 0.435 0.8025 0.02625 0.08125
0 0.465 0.79625 0.03125 0.08875
0 0.49625 0.795 0.02875 0.0875
0 0.53 0.79 0.03375 0.09375
0 0.72 0.68 0.01875 0.08375
0 0.415 0.48375 0.0075 0.07
0 0.75625 0.52125 0.0375 0.01375
0 0.675 0.5775 0.025 0.08375
0 0.42875 0.48375 0.005 0.07625
0 0.44375 0.48125 0.00875 0.07
0 0.46125 0.48 0.01 0.07
0 0.47625 0.48125 0.01 0.07125
0 0.4925 0.48 0.00875 0.06625
0 0.50875 0.47875 0.00875 0.06625
0 0.52625 0.48125 0.01125 0.07
0 0.54375 0.47875 0.0125 0.07125
0 0.56 0.4775 0.01 0.065
0 0.57875 0.47875 0.0125 0.06625
0 0.59125 0.47875 0.00875 0.06875
0 0.61 0.4775 0.01 0.0675
0 0.62375 0.4775 0.0075 0.065
0 0.7575 0.50625 0.04 0.015
0 0.64375 0.48 0.01 0.0675
0 0.6775 0.475 0.00875 0.07125
0 0.245 0.54 0.0425 0.06625
0 0.28875 0.59 0.025 0.0775
0 0.315 0.59125 0.0225 0.07375
0 0.35375 0.585 0.03625 0.08625
0 0.39 0.58375 0.03 0.085
0 0.43 0.58 0.0375 0.08875
0 0.465 0.57875 0.03375 0.09
0 0.50125 0.57875 0.03125 0.09125
0 0.53625 0.57875 0.035 0.08625
0 0.57 0.58 0.03125 0.08875
0 0.60625 0.575 0.035 0.08625
0 0.64375 0.57625 0.03375 0.0875
0 0.66375 0.47875 0.01 0.06625