0 0.4975 0.85125 0.02875 0.03375
0 0.75625 0.18375 0.0275 0.0975
0 0.78875 0.18375 0.0375 0.09625
0 0.82375 0.185 0.02875 0.0975
0 0.855 0.1775 0.03375 0.11125
0 0.1625 0.29875 0.0225 0.0775
0 0.1975 0.28875 0.03875 0.10375
0 0.61125 0.17125 0.115 0.11375
0 0.25875 0.38 0.05875 0.27375
0 0.34375 0.29625 0.04375 0.09375
0 0.18375 0.66375 0.05625 0.08375
0 0.8375 0.5475 0.0175 0.09125
0 0.815 0.55125 0.0275 0.09375
0 0.78375 0.55375 0.03125 0.0925
0 0.75125 0.5475 0.025 0.10125
0 0.305 0.29125 0.0325 0.10125
0 0.52625 0.17 0.0375 0.10875
0 0.485 0.16625 0.04375 0.115
0 0.435 0.1675 0.045 0.1075
0 0.62875 0.66125 0.0675 0.08
0 0.57 0.66375 0.04875 0.085
0 0.52375 0.66375 0.04125 0.0825
0 0.47625 0.665 0.05 0.0775
0 0.13625 0.15625 0.01875 0.10125
0 0.16 0.15625 0.02375 0.10375
0 0.18625 0.15625 0.02 0.105
0 0.22875 0.15125 0.0425 0.11875
0 0.2825 0.155 0.04875 0.1175
0 0.57625 0.4225 0.0325 0.10375
0 0.4225 0.66 0.05875 0.07875
0 0.3625 0.6625 0.05375 0.0825
0 0.3025 0.66125 0.05375 0.08625
0 0.2425 0.665 0.05625 0.08125
0 0.3875 0.16125 0.03875 0.1225
0 0.71625 0.54875 0.035 0.10375
0 0.71375 0.66125 0.08375 0.07625
0 0.6775 0.54625 0.0375 0.1075
0 0.605 0.5425 0.03 0.1
0 0.5325 0.53875 0.035 0.1
0 0.49 0.5425 0.03875 0.10125
0 0.45375 0.53875 0.0325 0.105
0 0.41625 0.54 0.03375 0.10125
0 0.3825 0.53875 0.03125 0.10625
0 0.34375 0.53875 0.0425 0.10375
0 0.56875 0.5425 0.03125 0.09625
0 0.275 0.55125 0.06125 0.06125
0 0.80125 0.43375 0.03125 0.10375
0 0.76625 0.43 0.03125 0.1075
0 0.73125 0.42875 0.03375 0.1
0 0.695 0.425 0.035 0.10625
0 0.6525 0.425 0.04125 0.10625
0 0.54 0.42375 0.03125 0.10375
0 0.84 0.43 0.0375 0.1075
0 0.43125 0.41875 0.03625 0.10375
0 0.3925 0.41625 0.03 0.105
0 0.34875 0.4175 0.03625 0.10375
0 0.38625 0.29875 0.02875 0.10125
0 0.425 0.29625 0.05 0.1075
0 0.4725 0.2975 0.03125 0.10625
0 0.515 0.3025 0.03875 0.10375
0 0.5475 0.30625 0.02375 0.11375
0 0.60625 0.26875 0.0575 0.03
0 0.61 0.305 0.06125 0.03625
0 0.65875 0.29875 0.03125 0.065
0 0.70125 0.30375 0.04625 0.05875
0 0.745 0.315 0.0275 0.09375
0 0.77625 0.315 0.035 0.0975
0 0.81875 0.3125 0.035 0.105
0 0.16125 0.4125 0.035 0.09875
0 0.1975 0.415 0.03375 0.09375
0 0.31125 0.41375 0.03125 0.11
0 0.63875 0.545 0.03625 0.09625
0 0.7975 0.65875 0.05625 0.08125
0 0.61375 0.42375 0.0325 0.10625
0 0.14625 0.76875 0.04 0.08
0 0.4675 0.85 0.02125 0.03625
0 0.555 0.905 0.03125 0.03875
0 0.49625 0.9 0.0275 0.03875
0 0.46875 0.9 0.025 0.03375
0 0.42625 0.9075 0.0275 0.0425
0 0.3975 0.905 0.02875 0.04125
0 0.3675 0.905 0.025 0.0425
0 0.21 0.85125 0.04375 0.02625
0 0.2525 0.84875 0.03375 0.02875
0 0.23375 0.90875 0.045 0.0275
0 0.19 0.91125 0.0375 0.0275
0 0.15 0.90875 0.035 0.0325
0 0.84375 0.66125 0.03375 0.07375
0 0.705 0.7475 0.06 0.0425
0 0.76875 0.74625 0.06375 0.0375
0 0.77 0.785 0.06625 0.035
0 0.835 0.775 0.0525 0.075
0 0.70375 0.78875 0.06375 0.03625
0 0.53125 0.85125 0.03625 0.04125
0 0.525 0.905 0.02625 0.0375
0 0.69375 0.90125 0.035 0.04625
0 0.1925 0.76875 0.04 0.07875
0 0.23625 0.7675 0.045 0.07875
0 0.285 0.76625 0.04375 0.085
0 0.3325 0.77 0.04375 0.08625
0 0.37875 0.7725 0.04 0.08125
0 0.6525 0.9 0.0325 0.04375
0 0.47625 0.77 0.04 0.07875
0 0.51875 0.7675 0.04 0.07875
0 0.575 0.78625 0.05875 0.04125
0 0.425 0.77 0.05 0.0775
0 0.77 0.8525 0.02125 0.0375
0 0.63875 0.78625 0.05625 0.04125
0 0.77625 0.9025 0.02625 0.03625
0 0.8025 0.905 0.0275 0.04125
0 0.73125 0.90125 0.03375 0.04625
0 0.83125 0.90875 0.02375 0.035
0 0.85875 0.9075 0.025 0.0375
0 0.79875 0.85375 0.02375 0.035