0 0.40375 0.88 0.07625 0.04375
0 0.5975 0.3875 0.03125 0.06875
0 0.215 0.945 0.0375 0.0975
0 0.79125 0.6975 0.01875 0.05125
0 0.2575 0.9325 0.04125 0.09625
0 0.85125 0.6925 0.025 0.03625
0 0.84 0.7625 0.02625 0.05875
0 0.8125 0.76875 0.0225 0.07625
0 0.7875 0.7775 0.02125 0.07375
0 0.3 0.91875 0.04 0.09
0 0.76 0.7875 0.0325 0.07625
0 0.7025 0.80625 0.02125 0.07875
0 0.7725 0.7 0.01625 0.05125
0 0.64625 0.8225 0.03 0.06625
0 0.6125 0.83375 0.03125 0.07875
0 0.56875 0.8375 0.04 0.08125
0 0.53125 0.8625 0.03125 0.06875
0 0.4925 0.87375 0.03875 0.06625
0 0.63125 0.39 0.03125 0.06875
0 0.725 0.8 0.02125 0.06875
0 0.67625 0.8125 0.0275 0.07125
0 0.61125 0.185 0.04375 0.0825
0 0.565 0.38625 0.0325 0.07125
0 0.71375 0.47625 0.0325 0.0625
0 0.74875 0.47375 0.0325 0.06125
0 0.77875 0.4725 0.02125 0.0625
0 0.80125 0.4725 0.01875 0.06125
0 0.82625 0.47 0.0225 0.055
0 0.8625 0.47375 0.02 0.05
0 0.84875 0.395 0.02625 0.06
0 0.80375 0.3925 0.02625 0.0675
0 0.77625 0.39125 0.02375 0.06375
0 0.7525 0.7075 0.01875 0.0525
0 0.74625 0.38875 0.0275 0.0675
0 0.69375 0.4025 0.0275 0.045
0 0.66375 0.39125 0.02625 0.0675
0 0.5725 0.74 0.02625 0.06
0 0.6 0.735 0.025 0.05875
0 0.62875 0.72875 0.025 0.05625
0 0.6525 0.725 0.01875 0.055
0 0.67875 0.72 0.02875 0.06
0 0.705 0.7125 0.02 0.05375
0 0.72875 0.71125 0.02375 0.055
0 0.71875 0.39 0.02125 0.06625
0 0.52625 0.385 0.03375 0.07375
0 0.42125 0.38625 0.0375 0.075
0 0.46 0.385 0.03625 0.075
0 0.195 0.11125 0.06875 0.12
0 0.26375 0.1375 0.06375 0.09125
0 0.32625 0.125 0.0525 0.12875
0 0.37875 0.14875 0.0475 0.09875
0 0.42625 0.1575 0.0425 0.0875
0 0.475 0.1675 0.04625 0.08125
0 0.51625 0.17625 0.0325 0.075
0 0.67125 0.27375 0.02625 0.02125
0 0.69875 0.2975 0.025 0.05375
0 0.74 0.3075 0.03 0.06875
0 0.78375 0.31 0.0325 0.065
0 0.81875 0.31125 0.02875 0.07
0 0.84875 0.3175 0.02625 0.06
0 0.86625 0.22375 0.0175 0.07
0 0.84 0.22 0.03125 0.0775
0 0.80875 0.22125 0.03 0.07
0 0.7725 0.21125 0.03875 0.07875
0 0.70875 0.19625 0.035 0.0825
0 0.6725 0.1975 0.0375 0.075
0 0.62625 0.4775 0.03 0.07
0 0.495 0.38625 0.02875 0.07
0 0.49875 0.48375 0.0375 0.08125
0 0.565 0.48 0.025 0.0725
0 0.56125 0.17 0.04875 0.1
0 0.38125 0.38375 0.04 0.08875
0 0.1775 0.9475 0.03125 0.105
0 0.14625 0.95 0.0325 0.1
0 0.33875 0.3825 0.0425 0.085
0 0.29375 0.38875 0.045 0.07625
0 0.2475 0.38875 0.04375 0.07875
0 0.17375 0.32 0.065 0.0825
0 0.23375 0.26625 0.05375 0.0825
0 0.2925 0.27125 0.04875 0.0825
0 0.33875 0.27625 0.04 0.09
0 0.385 0.2825 0.0425 0.08125
0 0.45125 0.2775 0.04125 0.09125
0 0.49125 0.295 0.035 0.065
0 0.56 0.28375 0.0375 0.0875
0 0.5975 0.295 0.03125 0.0825
0 0.63125 0.3 0.03 0.07125
0 0.6725 0.305 0.0175 0.035
0 0.595 0.47875 0.0325 0.06625
0 0.535 0.4825 0.03 0.0725
0 0.66375 0.47625 0.0375 0.0675
0 0.46 0.485 0.03375 0.07875
0 0.8125 0.62375 0.02125 0.05625
0 0.1925 0.60125 0.04125 0.0775
0 0.24875 0.49 0.045 0.08375
0 0.29625 0.49 0.0425 0.08125
0 0.79375 0.54875 0.02375 0.0575
0 0.47125 0.66875 0.03 0.06375
0 0.445 0.675 0.02 0.06875
0 0.41125 0.68 0.04125 0.07
0 0.37375 0.68625 0.03 0.07
0 0.33625 0.6925 0.04 0.0775
0 0.2925 0.7 0.04375 0.075
0 0.25375 0.7075 0.03125 0.07625
0 0.1525 0.6925 0.0325 0.0675
0 0.205 0.7125 0.0525 0.0775
0 0.205 0.81625 0.0475 0.075
0 0.2525 0.80875 0.04375 0.0725
0 0.29625 0.7975 0.03875 0.06875
0 0.34 0.7925 0.03875 0.06875
0 0.38 0.785 0.0375 0.06875
0 0.415 0.77375 0.0275 0.06625
0 0.4475 0.76875 0.03375 0.06375
0 0.4825 0.76125 0.03125 0.0675
0 0.5125 0.7525 0.025 0.06125
0 0.5425 0.75 0.03 0.06875
0 0.34 0.48625 0.0425 0.08625
0 0.14875 0.79375 0.04375 0.0875
0 0.24875 0.6025 0.04875 0.08625
0 0.29875 0.59875 0.0425 0.08375
0 0.50625 0.6675 0.03625 0.06875
0 0.8175 0.545 0.02 0.0575
0 0.84 0.54625 0.02125 0.05
0 0.86125 0.5425 0.0175 0.05375
0 0.8575 0.61625 0.01875 0.05125
0 0.835 0.61875 0.02125 0.055
0 0.74 0.5525 0.0225 0.0575
0 0.77875 0.62625 0.02125 0.0575
0 0.715 0.55625 0.02375 0.05625
0 0.68875 0.56 0.0275 0.06
0 0.6375 0.5625 0.025 0.065
0 0.61125 0.565 0.025 0.06375
0 0.58125 0.56875 0.03 0.06625
0 0.5525 0.56875 0.0225 0.0675
0 0.5225 0.57375 0.03375 0.06875
0 0.48625 0.5775 0.0325 0.0725
0 0.45125 0.58375 0.0375 0.0725
0 0.415 0.585 0.03375 0.075
0 0.375 0.5875 0.0375 0.075
0 0.335 0.5975 0.02125 0.05625
0 0.755 0.6275 0.02375 0.05875
0 0.73125 0.635 0.0225 0.06
0 0.7075 0.63625 0.02 0.0575
0 0.68375 0.64125 0.02625 0.06
0 0.65 0.6425 0.0325 0.05625
0 0.56875 0.65875 0.03125 0.06625
0 0.3875 0.48625 0.04125 0.08125
0 0.4275 0.485 0.02875 0.07875
0 0.76875 0.55 0.02625 0.06125