0 0.1925 0.77875 0.0325 0.09875
0 0.22125 0.79125 0.01625 0.095
0 0.37875 0.8025 0.02125 0.075
0 0.72375 0.7025 0.03375 0.05
0 0.50125 0.50125 0.02375 0.07125
0 0.52875 0.5075 0.0225 0.05375
0 0.5275 0.45375 0.015 0.0225
0 0.57625 0.50625 0.0225 0.06125
0 0.55375 0.50625 0.02125 0.06375
0 0.6375 0.5075 0.0275 0.07125
0 0.60625 0.51 0.02875 0.06375
0 0.6 0.455 0.0275 0.015
0 0.63125 0.455 0.025 0.0175
0 0.2875 0.80625 0.0225 0.0725
0 0.31375 0.805 0.0225 0.0725
0 0.335 0.79375 0.01625 0.08125
0 0.64875 0.69 0.02 0.0575
0 0.35625 0.8075 0.01625 0.0775
0 0.41875 0.81375 0.02 0.0825
0 0.445 0.81125 0.02 0.08625
0 0.4675 0.81375 0.0225 0.08375
0 0.4925 0.81 0.0225 0.08625
0 0.51875 0.7975 0.02125 0.09125
0 0.545 0.81375 0.02 0.085
0 0.67 0.47125 0.02375 0.05375
0 0.77625 0.5075 0.04 0.07625
0 0.7275 0.50125 0.03625 0.0825
0 0.81375 0.50625 0.03 0.05
0 0.29375 0.67875 0.02625 0.0525
0 0.86 0.37 0.02875 0.0975
0 0.81875 0.375 0.0375 0.08375
0 0.39875 0.8075 0.01375 0.075
0 0.685 0.69125 0.03375 0.05625
0 0.61625 0.7175 0.03625 0.0225
0 0.43125 0.49875 0.03625 0.07375
0 0.355 0.675 0.0175 0.0575
0 0.33625 0.675 0.015 0.0475
0 0.31875 0.6725 0.02 0.06
0 0.3825 0.6975 0.03125 0.02625
0 0.38125 0.66375 0.0275 0.03
0 0.42625 0.6825 0.0375 0.06625
0 0.46625 0.68125 0.0275 0.06375
0 0.4925 0.68125 0.02375 0.0575
0 0.52 0.68 0.01375 0.04625
0 0.58375 0.69 0.01875 0.05875
0 0.1475 0.63625 0.0225 0.06
0 0.1725 0.6425 0.02375 0.0625
0 0.195 0.64125 0.01875 0.0625
0 0.15625 0.77375 0.03 0.09
0 0.2625 0.80625 0.01875 0.07
0 0.24125 0.80125 0.02125 0.07375
0 0.5625 0.69125 0.0225 0.05375
0 0.54 0.69 0.01625 0.0625
0 0.61375 0.68875 0.035 0.03375
0 0.19625 0.53625 0.0275 0.06625
0 0.1625 0.53 0.0375 0.07125
0 0.32125 0.4975 0.03 0.06
0 0.35375 0.485 0.01875 0.08
0 0.2975 0.49375 0.0125 0.0625
0 0.27 0.49375 0.0275 0.07
0 0.24 0.4925 0.0275 0.065
0 0.4 0.50375 0.02 0.05125
0 0.3775 0.49375 0.0225 0.0675
0 0.465 0.5075 0.02125 0.075
0 0.78125 0.38625 0.0325 0.0625
0 0.71125 0.36875 0.06625 0.10875
0 0.865 0.5075 0.02 0.0775
0 0.605 0.37375 0.03875 0.08125
0 0.705 0.82375 0.0325 0.06375
0 0.75125 0.8 0.03125 0.08875
0 0.7875 0.80125 0.0375 0.08125
0 0.83875 0.81 0.0525 0.08375
0 0.84875 0.70375 0.0325 0.0575
0 0.64875 0.3725 0.04375 0.07875
0 0.76125 0.69625 0.02625 0.0625
0 0.865 0.6175 0.02 0.0525
0 0.83625 0.6175 0.03 0.04875
0 0.81125 0.61875 0.0175 0.0475
0 0.7925 0.61875 0.01375 0.0525
0 0.7625 0.6125 0.035 0.06375
0 0.6975 0.77125 0.03625 0.03625
0 0.7275 0.6075 0.0225 0.06875
0 0.665 0.60375 0.04125 0.0725
0 0.62875 0.59 0.02 0.05
0 0.605 0.59125 0.01875 0.0475
0 0.5775 0.59875 0.02125 0.0625
0 0.535 0.59875 0.03 0.0625
0 0.49 0.6025 0.0275 0.06
0 0.46625 0.5975 0.01625 0.06625
0 0.42625 0.5925 0.02375 0.065
0 0.36875 0.585 0.02375 0.05625
0 0.33625 0.5925 0.025 0.06
0 0.29375 0.59125 0.0275 0.0625
0 0.27 0.58625 0.0175 0.065
0 0.7025 0.60625 0.01875 0.0675
0 0.67375 0.83625 0.02375 0.055
0 0.79625 0.695 0.03125 0.0575
0 0.61625 0.81375 0.01625 0.09625
0 0.55875 0.3725 0.0425 0.08375
0 0.4925 0.3625 0.0825 0.1075
0 0.35 0.37625 0.0425 0.06
0 0.26875 0.355 0.09875 0.1
0 0.26875 0.2875 0.10625 0.0275
0 0.19375 0.2975 0.02375 0.08
0 0.15375 0.30375 0.0325 0.08625
0 0.19875 0.41125 0.02 0.06875
0 0.16 0.4075 0.03375 0.07375
0 0.1525 0.1825 0.0375 0.0875
0 0.6425 0.835 0.02875 0.05875
0 0.2375 0.1825 0.03625 0.11875
0 0.29875 0.17125 0.04125 0.1475
0 0.33875 0.17875 0.03875 0.1325
0 0.2525 0.675 0.03 0.0575
0 0.4225 0.18625 0.03125 0.11875
0 0.5925 0.81875 0.02125 0.0825
0 0.5675 0.80375 0.01875 0.0825
0 0.84875 0.215 0.04375 0.0775
0 0.6875 0.19625 0.04625 0.11125
0 0.7425 0.19 0.045 0.1325
0 0.8025 0.18375 0.04375 0.1375
0 0.3775 0.1875 0.03625 0.11
0 0.59875 0.175 0.02625 0.145
0 0.6375 0.175 0.035 0.14875
0 0.5125 0.19 0.0375 0.11875
0 0.56 0.185 0.03375 0.1225
0 0.46625 0.18875 0.0325 0.11625