0 0.07 0.42375 0.0275 0.0625
0 0.79125 0.34375 0.01125 0.0325
0 0.77 0.33875 0.0275 0.045
0 0.74375 0.33875 0.02625 0.04875
0 0.82625 0.3525 0.0525 0.15375
0 0.88375 0.3525 0.05875 0.155
0 0.0475 0.4275 0.01875 0.0625
0 0.94125 0.36 0.055 0.13375
0 0.1025 0.4175 0.035 0.055
0 0.61625 0.4225 0.01125 0.0525
0 0.2 0.43375 0.05 0.0325
0 0.4125 0.7625 0.0275 0.03625
0 0.98375 0.36125 0.02875 0.135
0 0.38125 0.7525 0.025 0.03375
0 0.35125 0.745 0.02625 0.0225
0 0.27625 0.74125 0.03375 0.00875
0 0.31 0.7425 0.03125 0.0125
0 0.38875 0.50625 0.0525 0.03125
0 0.3275 0.50375 0.05625 0.03375
0 0.14875 0.43625 0.02875 0.085
0 0.7025 0.33875 0.0175 0.03625
0 0.59 0.33875 0.0125 0.0425
0 0.66 0.34375 0.01375 0.0325
0 0.80125 0.73875 0.05625 0.08375
0 0.80875 0.51 0.025 0.06875
0 0.7725 0.5 0.0325 0.04375
0 0.745 0.5 0.0175 0.04125
0 0.72375 0.49875 0.02375 0.04125
0 0.69125 0.5 0.035 0.0425
0 0.45 0.49625 0.03 0.05125
0 0.505 0.4975 0.04375 0.045
0 0.55125 0.49875 0.04125 0.045
0 0.5975 0.48625 0.04625 0.01375
0 0.4425 0.76375 0.03625 0.03125
0 0.4825 0.755 0.035 0.04
0 0.525 0.765 0.0375 0.03
0 0.56 0.765 0.0325 0.0325
0 0.59375 0.76 0.03 0.035
0 0.57625 0.33875 0.015 0.04125
0 0.26875 0.50125 0.0425 0.0325
0 0.6275 0.3425 0.01375 0.035
0 0.64375 0.34375 0.01625 0.03375
0 0.68125 0.3425 0.02375 0.03625
0 0.215 0.5025 0.0525 0.03125
0 0.62875 0.7325 0.04125 0.0175
0 0.59375 0.73125 0.03 0.0175
0 0.64 0.66625 0.02375 0.06375
0 0.69625 0.765 0.03 0.0275
0 0.66125 0.76125 0.03625 0.03875
0 0.62375 0.76125 0.0325 0.0375
0 0.2725 0.7675 0.03375 0.0275
0 0.245 0.755 0.02 0.03375
0 0.2525 0.43375 0.04625 0.03375
0 0.25625 0.4 0.03875 0.02625
0 0.30875 0.41375 0.05375 0.01
0 0.59875 0.67625 0.0375 0.03875
0 0.07875 0.74125 0.04 0.0325
0 0.1225 0.75375 0.0475 0.035
0 0.20625 0.76375 0.03125 0.03375
0 0.3575 0.43375 0.05125 0.03125
0 0.3025 0.4375 0.05 0.03
0 0.50125 0.40375 0.0525 0.03
0 0.49625 0.43625 0.04875 0.03
0 0.5425 0.43625 0.04125 0.0325
0 0.7125 0.42625 0.01875 0.05
0 0.69375 0.42625 0.01625 0.05125
0 0.67375 0.4275 0.0225 0.05125
0 0.65375 0.42625 0.0175 0.0525
0 0.6325 0.42375 0.02125 0.05
0 0.66625 0.665 0.02625 0.06375
0 0.765 0.6875 0.0475 0.02
0 0.5625 0.67625 0.03375 0.04125
0 0.5225 0.67625 0.03875 0.04
0 0.59875 0.5 0.0475 0.01125
0 0.59875 0.5125 0.04625 0.01
0 0.65125 0.49875 0.04 0.0425
0 0.04125 0.32 0.07125 0.06875
0 0.10875 0.315 0.04375 0.0925
0 0.15125 0.31 0.03375 0.095
0 0.19 0.3175 0.03125 0.075
0 0.23875 0.32125 0.03125 0.075
0 0.27125 0.31625 0.04125 0.075
0 0.3075 0.33125 0.025 0.05625
0 0.33875 0.33 0.03125 0.05125
0 0.585 0.43625 0.04 0.03125
0 0.34 0.29125 0.03375 0.0275
0 0.42125 0.325 0.075 0.06625
0 0.515 0.34125 0.0125 0.03875
0 0.53 0.34 0.01375 0.03875
0 0.545 0.34125 0.0125 0.0375
0 0.55875 0.33875 0.015 0.04125
0 0.21625 0.685 0.0275 0.03125
0 0.33125 0.68125 0.04 0.045
0 0.37 0.68125 0.035 0.04375
0 0.41125 0.67625 0.04125 0.04125
0 0.44875 0.6775 0.03375 0.03625
0 0.30625 0.76625 0.02875 0.02875
0 0.36875 0.33 0.03125 0.04875
0 0.485 0.6775 0.035 0.0425
0 0.72125 0.33875 0.0175 0.035
0 0.6275 0.5825 0.02375 0.05625
0 0.56625 0.58 0.02625 0.055
0 0.60375 0.5825 0.02125 0.05625
0 0.65375 0.59625 0.02125 0.02
0 0.675 0.58375 0.0225 0.05625
0 0.7 0.58375 0.0175 0.0575
0 0.715 0.58375 0.015 0.05375
0 0.7325 0.58125 0.0175 0.05125
0 0.75875 0.57375 0.0325 0.0125
0 0.76 0.59625 0.035 0.0275
0 0.18375 0.6525 0.0275 0.0725
0 0.22125 0.65 0.03125 0.03
0 0.28 0.64875 0.045 0.0275
0 0.2475 0.68375 0.03875 0.03125
0 0.29 0.685 0.0425 0.03125
0 0.33375 0.64375 0.0375 0.0175
0 0.3775 0.6425 0.03875 0.01625
0 0.9475 0.725 0.02 0.0725
0 0.90875 0.7325 0.01375 0.0625
0 0.80625 0.59625 0.06 0.08875
0 0.5425 0.58375 0.02 0.0475
0 0.8725 0.6175 0.04125 0.07125
0 0.52125 0.58125 0.01875 0.0575
0 0.48125 0.5825 0.02125 0.03875
0 0.89375 0.7325 0.015 0.05875
0 0.8775 0.7325 0.01375 0.06625
0 0.855 0.72875 0.0175 0.07375
0 0.14875 0.52875 0.03125 0.05875
0 0.0275 0.53625 0.0475 0.0375
0 0.01625 0.6225 0.02375 0.0725
0 0.04625 0.6225 0.0375 0.075
0 0.08 0.6225 0.03 0.07375
0 0.11 0.62375 0.03 0.07125
0 0.25125 0.5875 0.0325 0.04625
0 0.2875 0.59125 0.03125 0.04125
0 0.3175 0.5925 0.0275 0.0375
0 0.345 0.59125 0.0275 0.03625
0 0.3475 0.555 0.0275 0.03
0 0.32125 0.55625 0.025 0.03125
0 0.3775 0.58875 0.02625 0.04125
0 0.405 0.5875 0.02625 0.05
0 0.43625 0.57875 0.03125 0.0575
0 0.46125 0.58 0.01375 0.0525
0 0.50375 0.57875 0.015 0.0575
0 0.91125 0.61625 0.04 0.07125
0 0.98 0.72125 0.02625 0.085
0 0.9825 0.61875 0.03375 0.0625
0 0.95125 0.6225 0.035 0.06
0 0.73 0.42625 0.0175 0.0525
0 0.75125 0.42625 0.0225 0.05375
0 0.76875 0.42625 0.01375 0.0525
0 0.99125 0.51 0.0175 0.065
0 0.97375 0.52 0.01625 0.045
0 0.95625 0.52 0.01875 0.04625
0 0.9375 0.51875 0.01625 0.0475
0 0.92 0.52 0.02 0.05
0 0.925 0.725 0.0225 0.07375
0 0.9025 0.52375 0.015 0.0375
0 0.8675 0.51 0.02 0.0625
0 0.8475 0.51125 0.01125 0.05875
0 0.8325 0.5125 0.01375 0.06375
0 0.88625 0.52125 0.01625 0.03875