0 0.62375 0.76125 0.04 0.0275
0 0.62375 0.78625 0.04 0.02125
0 0.58375 0.75875 0.03875 0.02625
0 0.5425 0.77875 0.03625 0.0325
0 0.54375 0.75 0.03625 0.02625
0 0.505 0.77625 0.035 0.03875
0 0.465 0.76 0.04125 0.025
0 0.5825 0.785 0.04 0.02125
0 0.66375 0.77875 0.03625 0.03375
0 0.75 0.7625 0.0425 0.0275
0 0.665 0.7475 0.035 0.025
0 0.70125 0.7475 0.03625 0.02625
0 0.74875 0.78875 0.04375 0.02375
0 0.29125 0.8575 0.03375 0.0275
0 0.2925 0.82875 0.03125 0.02625
0 0.3325 0.85875 0.04375 0.02375
0 0.3775 0.86125 0.04375 0.02625
0 0.46625 0.785 0.04 0.0225
0 0.33375 0.83125 0.04 0.0275
0 0.7025 0.78 0.03875 0.03625
0 0.42125 0.75625 0.03875 0.02625
0 0.60625 0.67375 0.04625 0.0275
0 0.3775 0.755 0.03625 0.02625
0 0.4225 0.6725 0.03625 0.0275
0 0.37875 0.8325 0.04125 0.02875
0 0.46375 0.69875 0.04125 0.0225
0 0.46375 0.67375 0.04125 0.0275
0 0.51125 0.69875 0.04625 0.02625
0 0.51 0.6725 0.04625 0.0275
0 0.55875 0.70125 0.0425 0.02375
0 0.55625 0.67375 0.045 0.025
0 0.6075 0.7025 0.05 0.025
0 0.42 0.7825 0.04375 0.02375
0 0.655 0.7025 0.04 0.02625
0 0.6525 0.67375 0.0425 0.02625
0 0.69625 0.6725 0.0425 0.025
0 0.7425 0.7 0.04375 0.02375
0 0.7425 0.68 0.0475 0.01625
0 0.29375 0.78125 0.04 0.02625
0 0.2925 0.75375 0.04125 0.02625
0 0.335 0.78125 0.04125 0.025
0 0.33875 0.75375 0.04 0.02625
0 0.37625 0.78125 0.03875 0.025
0 0.6975 0.7025 0.04375 0.02625
0 0.42375 0.83125 0.0475 0.0275
0 0.44 0.90125 0.03375 0.02125
0 0.4675 0.855 0.04 0.03625
0 0.385 0.93125 0.035 0.01875
0 0.42875 0.94125 0.03625 0.015
0 0.46375 0.94 0.02875 0.015
0 0.2975 0.90375 0.04125 0.01625
0 0.33875 0.9 0.03375 0.01375
0 0.33875 0.9175 0.0325 0.015
0 0.50125 0.93625 0.04375 0.0225
0 0.50125 0.91 0.0425 0.02875
0 0.555 0.92375 0.0425 0.04125
0 0.60625 0.9275 0.0375 0.04125
0 0.6525 0.94 0.0425 0.0225
0 0.695 0.94 0.04 0.02375
0 0.6525 0.9225 0.04 0.0075
0 0.69375 0.9225 0.03875 0.0125
0 0.7375 0.93 0.03875 0.0475
0 0.7625 0.8675 0.03625 0.025
0 0.7625 0.8375 0.03625 0.0275
0 0.42 0.6975 0.04 0.0225
0 0.71 0.58625 0.0375 0.0275
0 0.33625 0.9375 0.04125 0.0125
0 0.29375 0.94 0.03875 0.01625
0 0.7125 0.845 0.04375 0.01
0 0.715 0.865 0.04875 0.02625
0 0.5075 0.8575 0.0375 0.0425
0 0.545 0.87375 0.03625 0.00875
0 0.54625 0.86375 0.0325 0.01
0 0.5475 0.85375 0.035 0.00625
0 0.5475 0.84625 0.035 0.00875
0 0.5475 0.83625 0.03375 0.0075
0 0.54625 0.82375 0.03375 0.01
0 0.585 0.87 0.0325 0.00875
0 0.585 0.86125 0.03 0.0075
0 0.42375 0.86 0.04375 0.02625
0 0.58625 0.8525 0.03125 0.00875
0 0.58625 0.835 0.03375 0.00875
0 0.5875 0.825 0.0325 0.00875
0 0.625 0.87125 0.03625 0.00875
0 0.62375 0.86125 0.0375 0.00875
0 0.625 0.8525 0.04 0.00625
0 0.62625 0.845 0.0375 0.0075
0 0.62625 0.83625 0.03625 0.01
0 0.6275 0.82625 0.03625 0.00875
0 0.66625 0.86125 0.04125 0.025
0 0.585 0.84375 0.0325 0.0075
0 0.3775 0.6725 0.04375 0.02375
0 0.75625 0.61375 0.04875 0.025
0 0.42 0.5075 0.0375 0.02625
0 0.57375 0.44875 0.04125 0.02375
0 0.57125 0.42125 0.03375 0.02375
0 0.6175 0.44875 0.0425 0.025
0 0.61875 0.4225 0.04125 0.025
0 0.66125 0.44875 0.04125 0.02375
0 0.66 0.4225 0.0425 0.02625
0 0.705 0.45 0.04375 0.025
0 0.4025 0.36 0.03625 0.01875
0 0.365 0.35875 0.035 0.02125
0 0.325 0.3575 0.04 0.02125
0 0.285 0.3425 0.0325 0.01125
0 0.28625 0.3575 0.03375 0.01875
0 0.67 0.08875 0.095 0.0625
0 0.33625 0.505 0.0375 0.02875
0 0.3775 0.50625 0.04375 0.0275
0 0.46 0.5075 0.03875 0.02375
0 0.5025 0.4975 0.04125 0.03
0 0.5325 0.4475 0.03875 0.025
0 0.53125 0.4225 0.04125 0.025
0 0.49 0.4225 0.04 0.02625
0 0.49 0.44875 0.04125 0.025
0 0.585 0.5325 0.04375 0.0325
0 0.54125 0.5325 0.04 0.0325
0 0.50125 0.53 0.04 0.02875
0 0.4875 0.35875 0.04 0.025
0 0.53125 0.35875 0.045 0.02375
0 0.57625 0.35875 0.04375 0.025
0 0.62125 0.35875 0.045 0.02625
0 0.6675 0.35875 0.0425 0.0275
0 0.545 0.49875 0.04 0.03125
0 0.71125 0.36 0.04375 0.02625
0 0.755 0.33875 0.03875 0.02125
0 0.2875 0.44375 0.03625 0.02625
0 0.32625 0.445 0.0375 0.025
0 0.36625 0.445 0.04 0.025
0 0.40875 0.44625 0.04 0.0225
0 0.41 0.42125 0.04 0.02625
0 0.45 0.4475 0.0375 0.02375
0 0.44875 0.4225 0.03875 0.025
0 0.75875 0.3625 0.0425 0.02125
0 0.62625 0.52125 0.04 0.0575
0 0.585 0.5 0.04 0.03
0 0.71 0.52125 0.04125 0.0575
0 0.38 0.6975 0.04125 0.025
0 0.485 0.085 0.0775 0.07125
0 0.485 0.15375 0.07625 0.06625
0 0.33125 0.0775 0.10125 0.04375
0 0.3325 0.14625 0.135 0.08
0 0.705 0.4225 0.045 0.02625
0 0.755 0.45 0.04875 0.0225
0 0.335 0.69625 0.0425 0.02625
0 0.29375 0.6975 0.04 0.025
0 0.29375 0.67 0.04 0.02125
0 0.75125 0.59 0.035 0.02125
0 0.40375 0.34375 0.035 0.01
0 0.75125 0.425 0.04 0.02375
0 0.29375 0.505 0.0375 0.02375
0 0.2925 0.53375 0.03875 0.0275
0 0.3325 0.53375 0.03875 0.02375
0 0.375 0.535 0.04 0.02125
0 0.41875 0.5325 0.045 0.02375
0 0.46 0.53375 0.04 0.02375
0 0.66875 0.52125 0.03875 0.055
0 0.57125 0.15 0.07875 0.075
0 0.33625 0.67125 0.04 0.0225
0 0.44625 0.3575 0.04125 0.02375
0 0.28875 0.60875 0.03 0.02375
0 0.32875 0.6075 0.04375 0.025
0 0.37375 0.60875 0.04125 0.02375
0 0.415 0.60875 0.0425 0.0225
0 0.4575 0.60875 0.04125 0.02125
0 0.4575 0.58375 0.04 0.0275
0 0.67 0.155 0.09625 0.065
0 0.50125 0.585 0.04125 0.02625
0 0.5 0.61125 0.04375 0.02375
0 0.54125 0.585 0.03875 0.02625
0 0.58375 0.61125 0.03875 0.02375
0 0.5825 0.585 0.04 0.02625
0 0.625 0.6125 0.03875 0.02375
0 0.62375 0.585 0.04 0.02875
0 0.66625 0.61375 0.0425 0.0225
0 0.6675 0.58875 0.04125 0.02625
0 0.70875 0.61375 0.04125 0.025
0 0.54125 0.61125 0.03875 0.025