0 0.22125 0.60625 0.02625 0.01125
0 0.2225 0.6225 0.02875 0.01125
0 0.265 0.615 0.03625 0.0125
0 0.2625 0.63 0.0325 0.0125
0 0.13125 0.545 0.02125 0.0075
0 0.1625 0.55125 0.0275 0.01375
0 0.1875 0.55125 0.00875 0.01
0 0.275 0.5625 0.0125 0.0275
0 0.2225 0.55375 0.0175 0.025
0 0.2475 0.56125 0.02 0.02875
0 0.2975 0.565 0.01375 0.0375
0 0.32 0.55125 0.02625 0.08
0 0.35 0.555 0.02125 0.08375
0 0.385 0.565 0.0425 0.08625
0 0.20125 0.545 0.015 0.03875
0 0.18125 0.60875 0.03 0.00875
0 0.11125 0.595 0.025 0.01
0 0.14875 0.58875 0.02375 0.01
0 0.22875 0.685 0.04125 0.01
0 0.22375 0.70125 0.03375 0.01375
0 0.2675 0.7025 0.02625 0.0125
0 0.26875 0.71875 0.0325 0.01125
0 0.3 0.7025 0.0125 0.075
0 0.3275 0.7075 0.03125 0.05625
0 0.35625 0.71 0.01625 0.0625
0 0.38125 0.71125 0.0225 0.08375
0 0.51875 0.74625 0.02625 0.0925
0 0.48375 0.735 0.03375 0.09875
0 0.4475 0.72625 0.03375 0.08875
0 0.40875 0.7175 0.02875 0.08375
0 0.11875 0.58 0.02375 0.0125
0 0.58375 0.58875 0.045 0.1025
0 0.145 0.605 0.03125 0.01
0 0.18375 0.59625 0.0325 0.0125
0 0.53625 0.585 0.0425 0.10625
0 0.13125 0.4675 0.01875 0.04875
0 0.46125 0.56875 0.04375 0.10125
0 0.08625 0.29 0.0125 0.0375
0 0.1025 0.28625 0.01375 0.03375
0 0.12375 0.28375 0.015 0.0375
0 0.13875 0.285 0.0125 0.03625
0 0.1575 0.2825 0.015 0.03125
0 0.1725 0.2775 0.00875 0.04
0 0.19375 0.27625 0.02 0.04
0 0.21875 0.27625 0.0125 0.0475
0 0.24125 0.27 0.025 0.03875
0 0.26875 0.26375 0.02625 0.0525
0 0.295 0.2575 0.02125 0.05125
0 0.585 0.21875 0.04375 0.0875
0 0.54625 0.22375 0.03125 0.08125
0 0.5075 0.23 0.035 0.08
0 0.46625 0.2375 0.035 0.07125
0 0.06875 0.29 0.0125 0.02875
0 0.08125 0.1875 0.0175 0.05
0 0.0625 0.1925 0.0125 0.0525
0 0.27625 0.3875 0.02 0.05625
0 0.11125 0.465 0.01 0.04875
0 0.1825 0.69 0.03375 0.00875
0 0.1525 0.47 0.015 0.04875
0 0.1725 0.4775 0.01875 0.04
0 0.1975 0.48125 0.01875 0.0425
0 0.21875 0.47375 0.01875 0.0525
0 0.24625 0.4775 0.02125 0.06
0 0.4975 0.5775 0.02375 0.10375
0 0.275 0.4925 0.025 0.0325
0 0.11 0.3925 0.0175 0.03
0 0.13125 0.39375 0.0175 0.02625
0 0.15875 0.38875 0.01875 0.04625
0 0.18 0.38875 0.01375 0.0525
0 0.2 0.385 0.0175 0.055
0 0.2225 0.38625 0.01875 0.05375
0 0.24875 0.38875 0.0275 0.055
0 0.085 0.3925 0.02125 0.02875
0 0.18125 0.67625 0.03125 0.01
0 0.11875 0.65625 0.0225 0.01
0 0.14625 0.6625 0.01875 0.01
0 0.80625 0.53125 0.0475 0.06875
0 0.75625 0.5475 0.04125 0.0275
0 0.71 0.525 0.03625 0.05625
0 0.66375 0.525 0.03625 0.0475
0 0.98625 0.71 0.025 0.11375
0 0.3475 0.43125 0.0275 0.06125
0 0.30875 0.42375 0.0325 0.07625
0 0.93375 0.70375 0.03875 0.0925
0 0.87625 0.70375 0.04625 0.10125
0 0.5 0.42875 0.04625 0.10125
0 0.805 0.625 0.07125 0.04125
0 0.8125 0.695 0.05 0.085
0 0.74875 0.68625 0.0575 0.07
0 0.66125 0.67 0.05125 0.065
0 0.8 0.83875 0.02875 0.0725
0 0.89375 0.545 0.06375 0.05
0 0.7625 0.83 0.03875 0.08875
0 0.97125 0.56125 0.0575 0.06125
0 0.71 0.40625 0.04125 0.0475
0 0.4225 0.56375 0.03125 0.09375
0 0.95 0.2025 0.0625 0.03875
0 0.885 0.21 0.05375 0.04125
0 0.82125 0.21875 0.0425 0.0375
0 0.765 0.22625 0.05 0.03375
0 0.71125 0.23125 0.04375 0.03125
0 0.66375 0.235 0.045 0.03
0 0.9875 0.40625 0.02375 0.0575
0 0.935 0.40875 0.06375 0.05125
0 0.8725 0.40625 0.05625 0.05
0 0.81625 0.4075 0.055 0.04875
0 0.3775 0.42125 0.02375 0.08375
0 0.41 0.42875 0.03125 0.09625
0 0.45375 0.425 0.03875 0.1
0 0.76 0.405 0.05375 0.04625
0 0.66 0.4075 0.04125 0.035
0 0.14625 0.6775 0.0225 0.00875
0 0.71375 0.81625 0.04625 0.1175
0 0.62375 0.78375 0.03 0.08875
0 0.12125 0.7125 0.04875 0.01375
0 0.1125 0.72875 0.03625 0.01
0 0.11375 0.7425 0.03 0.01
0 0.115 0.755 0.03 0.01
0 0.15125 0.75 0.0225 0.04875
0 0.195 0.78375 0.01375 0.0275
0 0.21875 0.7975 0.02375 0.02125
0 0.41 0.2475 0.03125 0.06
0 0.25375 0.815 0.03 0.02625
0 0.3 0.82375 0.0125 0.05
0 0.3275 0.81875 0.025 0.08375
0 0.35375 0.82625 0.0175 0.08625
0 0.37375 0.8625 0.01 0.025
0 0.41 0.84875 0.02 0.035
0 0.44125 0.24375 0.01 0.055
0 0.11875 0.67 0.025 0.01375
0 0.28125 0.815 0.0125 0.0425
0 0.37875 0.25 0.02625 0.0575
0 0.35125 0.245 0.0225 0.075
0 0.32375 0.24875 0.02625 0.06875
0 0.585 0.79 0.0275 0.065
0 0.555 0.7575 0.0325 0.09625
0 0.09375 0.465 0.0175 0.0475
0 0.55625 0.425 0.0575 0.1175
0 0.61 0.4325 0.04875 0.1075
0 0.35125 0.14875 0.03125 0.03375
0 0.66375 0.8125 0.0275 0.09625
0 0.31875 0.15 0.0175 0.04125
0 0.25 0.1525 0.02875 0.055
0 0.22 0.16 0.02 0.0625
0 0.195 0.16125 0.02125 0.05875
0 0.16875 0.1725 0.0175 0.065
0 0.1425 0.1725 0.015 0.055
0 0.12375 0.17875 0.01625 0.0525
0 0.1025 0.18375 0.02 0.05375
0 0.28625 0.15375 0.02375 0.04125