0 0.2325 0.33125 0.03625 0.06875
0 0.615 0.975 0.04375 0.0425
0 0.61375 0.495 0.11125 0.03875
0 0.6175 0.545 0.1275 0.03625
0 0.615 0.58375 0.1275 0.03625
0 0.6125 0.62875 0.1275 0.03625
0 0.2325 0.69125 0.12625 0.04375
0 0.745 0.5425 0.11875 0.03375
0 0.74125 0.585 0.11875 0.03375
0 0.7375 0.62875 0.11875 0.03375
0 0.61 0.9 0.045 0.07
0 0.235 0.74625 0.125 0.05875
0 0.74125 0.4975 0.1275 0.03625
0 0.65625 0.9525 0.0325 0.095
0 0.45625 0.055 0.04625 0.015
0 0.73125 0.93875 0.035 0.09625
0 0.77375 0.94625 0.04 0.10375
0 0.83 0.9375 0.06125 0.12125
0 0.22125 0.8125 0.125 0.05875
0 0.5 0.10625 0.04625 0.08375
0 0.55375 0.1025 0.0525 0.07875
0 0.55 0.03875 0.055 0.03875
0 0.62125 0.03875 0.05625 0.03625
0 0.48 0.4975 0.11875 0.035
0 0.47125 0.54875 0.12375 0.04
0 0.47625 0.5925 0.1275 0.0375
0 0.47875 0.6325 0.12125 0.04
0 0.3425 0.63125 0.1225 0.035
0 0.695 0.94375 0.03 0.1
0 0.36125 0.73125 0.10625 0.035
0 0.61875 0.71875 0.115 0.04125
0 0.34625 0.8225 0.10625 0.03375
0 0.34125 0.89375 0.04375 0.05125
0 0.2825 0.93375 0.0525 0.11625
0 0.22125 0.93375 0.06 0.11375
0 0.61875 0.83125 0.115 0.0325
0 0.4575 0.93 0.05375 0.12125
0 0.51 0.89625 0.04625 0.06625
0 0.51375 0.97 0.0375 0.0575
0 0.1875 0.03625 0.05125 0.0675
0 0.14125 0.0375 0.0275 0.0725
0 0.14125 0.1125 0.03125 0.06625
0 0.19125 0.1075 0.04625 0.065
0 0.24375 0.11125 0.0525 0.07375
0 0.2975 0.1125 0.04625 0.06875
0 0.24375 0.03875 0.05125 0.065
0 0.29375 0.0375 0.0425 0.06625
0 0.34625 0.10375 0.0475 0.085
0 0.39875 0.10375 0.045 0.085
0 0.45 0.1075 0.04375 0.08125
0 0.55875 0.90625 0.04625 0.0675
0 0.565 0.9775 0.04375 0.045
0 0.7375 0.83125 0.115 0.0325
0 0.7375 0.7975 0.115 0.0325
0 0.61875 0.79625 0.115 0.0325
0 0.61875 0.75875 0.115 0.03625
0 0.7375 0.75875 0.115 0.03625
0 0.73875 0.7125 0.115 0.04125
0 0.34875 0.5875 0.12125 0.04
0 0.49125 0.8175 0.125 0.065
0 0.49125 0.7475 0.125 0.065
0 0.36 0.77125 0.10625 0.035
0 0.34375 0.54625 0.12625 0.03625
0 0.33875 0.95375 0.0425 0.05875
0 0.23125 0.61 0.09625 0.05125
0 0.52125 0.20375 0.045 0.03875
0 0.4725 0.20625 0.04625 0.04375
0 0.42875 0.2375 0.03875 0.06125
0 0.3825 0.25 0.04125 0.03875
0 0.3825 0.2075 0.04625 0.0375
0 0.33875 0.50375 0.12625 0.03875
0 0.285 0.24875 0.05 0.04375
0 0.245 0.24 0.0125 0.06125
0 0.19375 0.24875 0.04875 0.03625
0 0.35375 0.40875 0.03 0.06375
0 0.3925 0.41 0.03125 0.065
0 0.4325 0.405 0.04625 0.0675
0 0.43375 0.3475 0.045 0.0375
0 0.4475 0.30625 0.0525 0.0325
0 0.535 0.3125 0.05625 0.0275
0 0.39625 0.92875 0.05 0.12
0 0.485 0.39 0.05125 0.11375
0 0.5375 0.38875 0.0475 0.10875
0 0.59 0.38125 0.0425 0.125
0 0.47625 0.2525 0.04125 0.04
0 0.52125 0.25 0.04 0.03875
0 0.5675 0.2375 0.03875 0.06625
0 0.57 0.1875 0.04375 0.025
0 0.27 0.33375 0.0275 0.07125
0 0.3075 0.32875 0.0375 0.07125
0 0.3475 0.335 0.035 0.06625
0 0.39 0.33625 0.035 0.07375
0 0.15625 0.40875 0.03125 0.06375
0 0.195 0.4075 0.03 0.06375
0 0.23375 0.405 0.035 0.0675
0 0.275 0.40625 0.03875 0.065
0 0.3175 0.4075 0.03375 0.07125
0 0.63375 0.38375 0.03625 0.11375
0 0.19375 0.335 0.03 0.07375
0 0.76625 0.18375 0.0625 0.0275
0 0.82875 0.18125 0.04875 0.02
0 0.855 0.235 0.04 0.05625
0 0.80625 0.23375 0.03875 0.07375
0 0.755 0.235 0.04375 0.07
0 0.70375 0.2375 0.03875 0.0725
0 0.66 0.23625 0.045 0.07
0 0.6675 0.1775 0.06875 0.0275
0 0.6125 0.23375 0.0375 0.07375
0 0.15625 0.335 0.03875 0.0725
0 0.67625 0.38 0.04 0.1175
0 0.28125 0.20625 0.05 0.04375
0 0.705 0.1025 0.0475 0.0825
0 0.86 0.03625 0.03 0.0475
0 0.81125 0.10125 0.03875 0.08375
0 0.655 0.10375 0.045 0.08375
0 0.19375 0.2025 0.04875 0.045
0 0.145 0.20375 0.03375 0.04
0 0.8175 0.035 0.04125 0.04625
0 0.7325 0.40375 0.06 0.0675
0 0.85625 0.1025 0.0375 0.07625
0 0.79125 0.3525 0.07125 0.0225
0 0.60375 0.10375 0.04375 0.08125
0 0.79625 0.40375 0.05375 0.06625
0 0.85375 0.40375 0.0425 0.07625
0 0.22125 0.4925 0.105 0.0525
0 0.22375 0.55125 0.1025 0.05125
0 0.7625 0.105 0.04375 0.08625
0 0.14625 0.24875 0.0375 0.03875