0 0.1625 0.35 0.06375 0.0525
0 0.225 0.34 0.05125 0.06625
0 0.28875 0.3425 0.075 0.06375
0 0.35125 0.2975 0.04875 0.02625
0 0.3525 0.3275 0.04375 0.0325
0 0.7425 0.325 0.0325 0.07125
0 0.71 0.3325 0.03125 0.05625
0 0.67875 0.3325 0.02875 0.05375
0 0.6275 0.31 0.06375 0.0475
0 0.5675 0.3325 0.04125 0.09125
0 0.525 0.3325 0.04625 0.0925
0 0.3525 0.36 0.05125 0.0325
0 0.16 0.30625 0.0675 0.0375
0 0.1675 0.20125 0.06625 0.10125
0 0.79 0.24125 0.0325 0.05
0 0.7575 0.2425 0.03125 0.0525
0 0.72125 0.24 0.035 0.05375
0 0.6875 0.23875 0.03125 0.05125
0 0.65125 0.2375 0.04 0.05375
0 0.5075 0.215 0.04875 0.09625
0 0.455 0.2125 0.055 0.09
0 0.39875 0.21 0.05625 0.09625
0 0.345 0.20625 0.04875 0.09125
0 0.2875 0.20375 0.05875 0.09375
0 0.22875 0.2025 0.05625 0.09625
0 0.7725 0.3325 0.03 0.0625
0 0.21875 0.6175 0.05625 0.03375
0 0.82 0.24375 0.02625 0.0475
0 0.56 0.21875 0.0525 0.0925
0 0.21625 0.65375 0.0575 0.0375
0 0.79875 0.33375 0.02375 0.05875
0 0.83875 0.5775 0.045 0.075
0 0.20375 0.87 0.075 0.0475
0 0.19875 0.81625 0.0775 0.05875
0 0.2 0.7525 0.075 0.06625
0 0.28125 0.85875 0.07 0.05375
0 0.275 0.80375 0.07 0.05125
0 0.275 0.7425 0.07 0.06625
0 0.3525 0.8475 0.06625 0.05
0 0.34875 0.79375 0.06375 0.05375
0 0.34875 0.73375 0.06875 0.05875
0 0.42875 0.83125 0.07625 0.05375
0 0.4325 0.77875 0.0875 0.05625
0 0.4325 0.7175 0.0875 0.06625
0 0.7375 0.68125 0.135 0.08
0 0.6125 0.73125 0.10625 0.07
0 0.7325 0.7525 0.13125 0.0625
0 0.60875 0.79375 0.11375 0.05125
0 0.7725 0.57875 0.04125 0.0775
0 0.735 0.81 0.13125 0.0525
0 0.71875 0.585 0.045 0.0675
0 0.61375 0.59125 0.0475 0.0825
0 0.28125 0.6175 0.0575 0.03125
0 0.2825 0.6525 0.06 0.03375
0 0.34125 0.645 0.0525 0.04
0 0.3375 0.60375 0.05375 0.0375
0 0.285 0.575 0.03375 0.0325
0 0.39375 0.56875 0.05375 0.035
0 0.395 0.605 0.05 0.0375
0 0.395 0.63875 0.05125 0.03125
0 0.4475 0.635 0.05125 0.0375
0 0.44625 0.6 0.05 0.03125
0 0.4475 0.565 0.05375 0.035
0 0.49875 0.56375 0.0475 0.03
0 0.55 0.56125 0.0525 0.03375
0 0.5 0.59875 0.04875 0.02875
0 0.5475 0.59625 0.045 0.035
0 0.5 0.62875 0.05 0.03125
0 0.54875 0.6275 0.045 0.025
0 0.66375 0.58625 0.04875 0.08875
0 0.8525 0.72625 0.04125 0.05125
0 0.85125 0.7725 0.04 0.04
0 0.815 0.78 0.025 0.03875
0 0.82625 0.33375 0.02625 0.0575
0 0.8575 0.33125 0.035 0.055
0 0.6325 0.42875 0.04625 0.07875
0 0.17375 0.4675 0.05875 0.035
0 0.175 0.51 0.065 0.04125
0 0.235 0.51 0.0575 0.04
0 0.235 0.47 0.06 0.03625
0 0.235 0.43125 0.06125 0.04125
0 0.29625 0.47 0.05625 0.0325
0 0.29625 0.5075 0.055 0.04
0 0.355 0.505 0.055 0.0375
0 0.47875 0.33125 0.045 0.09
0 0.355 0.43 0.055 0.04
0 0.41 0.42875 0.05375 0.03875
0 0.41 0.4675 0.0525 0.03625
0 0.355 0.46625 0.05375 0.035
0 0.46 0.50125 0.05125 0.0375
0 0.22375 0.58 0.0675 0.04125
0 0.155 0.66 0.0575 0.03875
0 0.15625 0.61875 0.05625 0.0425
0 0.76 0.4225 0.06375 0.02375
0 0.82125 0.46875 0.03375 0.05875
0 0.7925 0.46875 0.025 0.06
0 0.7625 0.47 0.0325 0.05875
0 0.73125 0.47 0.03375 0.06375
0 0.6975 0.47 0.0325 0.0625
0 0.40875 0.5025 0.04875 0.035
0 0.56875 0.47625 0.05125 0.06625
0 0.51375 0.49875 0.05125 0.035
0 0.51375 0.46375 0.05125 0.035
0 0.46375 0.43 0.05375 0.03625
0 0.46125 0.465 0.04875 0.0325
0 0.42875 0.3425 0.055 0.07