0 0.80125 0.49375 0.1 0.0575
0 0.59375 0.4625 0.01875 0.1025
0 0.7 0.28 0.06625 0.02875
0 0.7 0.2525 0.06125 0.03125
0 0.74875 0.33125 0.025 0.0275
0 0.7475 0.36 0.0175 0.0225
0 0.7225 0.35625 0.0175 0.01625
0 0.5275 0.46875 0.015 0.095
0 0.6225 0.47375 0.01125 0.105
0 0.6625 0.47125 0.01375 0.1025
0 0.83 0.37 0.06625 0.03
0 0.62125 0.2875 0.08625 0.02
0 0.49375 0.46625 0.00875 0.09375
0 0.7225 0.33125 0.02 0.025
0 0.70125 0.3175 0.02125 0.03125
0 0.63625 0.47375 0.01375 0.11125
0 0.6225 0.25875 0.09 0.02375
0 0.46625 0.46375 0.0125 0.0875
0 0.5375 0.29125 0.07875 0.01875
0 0.18875 0.5725 0.07 0.0125
0 0.1925 0.59125 0.07125 0.01625
0 0.28 0.4675 0.01875 0.08
0 0.3 0.46625 0.01375 0.09625
0 0.32 0.4675 0.01875 0.0875
0 0.3475 0.4725 0.02125 0.09125
0 0.36875 0.46875 0.01 0.09875
0 0.53625 0.2675 0.07625 0.02625
0 0.385 0.47 0.01625 0.09
0 0.43375 0.45875 0.01625 0.10125
0 0.7125 0.46875 0.0125 0.11125
0 0.69 0.46375 0.01875 0.1125
0 0.54875 0.4675 0.01875 0.09375
0 0.56625 0.46875 0.00875 0.09625
0 0.735 0.46875 0.01625 0.09625
0 0.73 0.39625 0.0175 0.04125
0 0.40875 0.465 0.01375 0.105
0 0.57875 0.47 0.01 0.0975
0 0.80125 0.6575 0.02375 0.01
0 0.15125 0.1575 0.01875 0.07625
0 0.205 0.65125 0.0675 0.01875
0 0.31875 0.585 0.0125 0.07375
0 0.335 0.59 0.0125 0.07375
0 0.35 0.58875 0.0125 0.07375
0 0.7075 0.2125 0.08625 0.02875
0 0.71 0.185 0.0925 0.02125
0 0.62125 0.21875 0.0875 0.02
0 0.62 0.19375 0.0825 0.02625
0 0.53375 0.2 0.0825 0.0175
0 0.53375 0.22625 0.0775 0.02875
0 0.4525 0.23125 0.07625 0.01375
0 0.45125 0.21125 0.07625 0.02375
0 0.3775 0.2375 0.07375 0.01625
0 0.375 0.21375 0.07125 0.0275
0 0.2325 0.23625 0.07125 0.035
0 0.22125 0.62375 0.0675 0.01375
0 0.2 0.7 0.07875 0.01625
0 0.195 0.68 0.07625 0.015
0 0.17 0.74875 0.07375 0.015
0 0.64 0.83 0.02625 0.1025
0 0.6 0.8225 0.02875 0.08375
0 0.55875 0.8175 0.035 0.0975
0 0.5275 0.80875 0.0225 0.08
0 0.4875 0.81125 0.0425 0.10125
0 0.44625 0.805 0.0325 0.095
0 0.40625 0.79875 0.03125 0.09625
0 0.1875 0.28625 0.00875 0.095
0 0.36875 0.79375 0.035 0.09625
0 0.30375 0.7925 0.02125 0.0825
0 0.285 0.795 0.015 0.07875
0 0.26625 0.78875 0.01875 0.07875
0 0.2075 0.79375 0.07625 0.02
0 0.20375 0.81 0.08125 0.01375
0 0.22875 0.7475 0.0325 0.02125
0 0.17125 0.7325 0.07 0.01125
0 0.33125 0.79 0.0325 0.09125
0 0.16375 0.29 0.0175 0.08875
0 0.1475 0.285 0.01 0.09625
0 0.13125 0.29875 0.01 0.08875
0 0.39625 0.585 0.0125 0.07375
0 0.24125 0.35375 0.06875 0.01875
0 0.235 0.30875 0.06625 0.025
0 0.78375 0.23125 0.03125 0.11125
0 0.8275 0.23 0.025 0.115
0 0.85125 0.08 0.02375 0.07625
0 0.82375 0.08375 0.025 0.075
0 0.415 0.5875 0.01125 0.07375
0 0.795 0.0875 0.02875 0.07875
0 0.235 0.28625 0.0675 0.01875
0 0.30375 0.28125 0.06625 0.0275
0 0.3025 0.30625 0.07 0.01875
0 0.38 0.29875 0.0775 0.025
0 0.3775 0.27625 0.075 0.01875
0 0.46125 0.2975 0.07375 0.0225
0 0.46375 0.27375 0.0625 0.0175
0 0.7625 0.09375 0.02875 0.07625
0 0.67875 0.835 0.03125 0.1075
0 0.44125 0.59 0.0125 0.07375
0 0.5025 0.58625 0.0125 0.07375
0 0.1475 0.40375 0.0225 0.09
0 0.18625 0.4 0.02375 0.0975
0 0.20875 0.41625 0.01125 0.04875
0 0.2425 0.3775 0.06625 0.02375
0 0.2775 0.70125 0.01875 0.05
0 0.2525 0.695 0.0225 0.0475
0 0.74875 0.59375 0.0125 0.07375
0 0.47375 0.5875 0.0125 0.07375
0 0.73625 0.595 0.01125 0.07375
0 0.7025 0.59625 0.0125 0.07375
0 0.665 0.5875 0.0125 0.07375
0 0.63 0.595 0.0125 0.07375
0 0.58625 0.59375 0.0125 0.07375
0 0.56375 0.59 0.0125 0.07375
0 0.5525 0.58875 0.0125 0.07375
0 0.53 0.5825 0.0125 0.07375
0 0.7225 0.59 0.0125 0.07375
0 0.715 0.855 0.0225 0.08375
0 0.36875 0.5825 0.0125 0.07375
0 0.295 0.70125 0.0175 0.0475
0 0.47625 0.10875 0.0225 0.1075
0 0.50375 0.11 0.02625 0.11
0 0.53625 0.1475 0.025 0.01875
0 0.53625 0.12625 0.0225 0.0225
0 0.56 0.10625 0.01625 0.095
0 0.335 0.35125 0.035 0.0175
0 0.31625 0.375 0.07125 0.015
0 0.45 0.12125 0.02625 0.09125
0 0.39125 0.34875 0.07625 0.02625
0 0.47125 0.345 0.08 0.02125
0 0.47125 0.37 0.08 0.0275
0 0.5575 0.36 0.08625 0.04125
0 0.55875 0.32875 0.0825 0.01625
0 0.64375 0.3375 0.08125 0.02625
0 0.58 0.10125 0.02 0.10625
0 0.60375 0.10125 0.01875 0.10875
0 0.3925 0.37375 0.07875 0.02125
0 0.6275 0.09625 0.01875 0.12125
0 0.42375 0.125 0.0225 0.08375
0 0.37125 0.13 0.0175 0.0175
0 0.175 0.16 0.0175 0.07375
0 0.18625 0.54875 0.06375 0.01875
0 0.1425 0.48625 0.03125 0.01625
0 0.14375 0.5025 0.03625 0.0225
0 0.15625 0.46625 0.05375 0.01625
0 0.19875 0.4875 0.065 0.02125
0 0.1975 0.5075 0.07125 0.01625
0 0.39625 0.12375 0.0225 0.1
0 0.33625 0.33375 0.035 0.0125
0 0.215 0.135 0.0175 0.1175
0 0.2625 0.13125 0.03125 0.11125
0 0.2925 0.135 0.0175 0.10125
0 0.745 0.84375 0.02125 0.0825
0 0.34625 0.13125 0.02875 0.0975
0 0.37625 0.165 0.02 0.01875
0 0.37375 0.15 0.02125 0.0175
0 0.1975 0.13875 0.015 0.11375
0 0.65 0.0925 0.02 0.1125
0 0.31625 0.13375 0.02 0.09875
0 0.6775 0.1075 0.025 0.02125
0 0.6325 0.72 0.02 0.0875
0 0.6075 0.7175 0.0225 0.085
0 0.5825 0.7175 0.02 0.08125
0 0.56125 0.71375 0.02 0.08
0 0.54 0.71 0.02 0.07625
0 0.5175 0.705 0.02 0.08125
0 0.49375 0.70625 0.0225 0.08375
0 0.65625 0.715 0.02125 0.0925
0 0.46875 0.7025 0.02125 0.08
0 0.40125 0.69125 0.0225 0.0875
0 0.385 0.69 0.0125 0.07
0 0.365 0.6925 0.01875 0.07125
0 0.345 0.695 0.02125 0.0725
0 0.31875 0.7025 0.025 0.05375
0 0.31625 0.665 0.0225 0.01625
0 0.6775 0.135 0.02375 0.02125
0 0.44625 0.71375 0.02125 0.0525
0 0.67875 0.71875 0.0225 0.08875
0 0.42375 0.7025 0.02 0.07375
0 0.7225 0.725 0.02 0.08875
0 0.7175 0.07375 0.05625 0.135
0 0.7 0.72125 0.01875 0.09125
0 0.64625 0.365 0.08875 0.02375
0 0.7025 0.36 0.0125 0.03125
0 0.77375 0.65625 0.02375 0.00875
0 0.825 0.6575 0.02375 0.00875
0 0.8525 0.66375 0.02375 0.01
0 0.855 0.64375 0.02375 0.00875
0 0.80875 0.8575 0.09625 0.05375
0 0.80625 0.63 0.02375 0.01
0 0.77625 0.63875 0.02375 0.01
0 0.74625 0.7375 0.02625 0.0675
0 0.82625 0.69 0.03125 0.02125
0 0.8325 0.765 0.0425 0.015
0 0.83 0.6325 0.02375 0.01
0 0.7875 0.7625 0.0425 0.025