0 0.535 0.15 0.08875 0.09125
0 0.71875 0.12375 0.085 0.0825
0 0.8425 0.09875 0.06375 0.1
0 0.7575 0.29375 0.10875 0.0225
0 0.61375 0.27375 0.03125 0.08
0 0.82125 0.9125 0.1075 0.02125
0 0.69125 0.265 0.0225 0.09
0 0.75875 0.26375 0.10625 0.02375
0 0.55625 0.30875 0.0675 0.01875
0 0.81125 0.8825 0.05125 0.0275
0 0.5325 0.7 0.07875 0.025
0 0.4875 0.31375 0.0675 0.0175
0 0.64375 0.27 0.025 0.08125
0 0.40875 0.29 0.0175 0.07875
0 0.59625 0.745 0.0775 0.02625
0 0.44375 0.2875 0.01625 0.0775
0 0.7825 0.67375 0.1125 0.03125
0 0.7375 0.52625 0.0925 0.02875
0 0.73875 0.55375 0.09375 0.0225
0 0.83 0.565 0.0875 0.03
0 0.6475 0.545 0.0825 0.02625
0 0.57 0.535 0.07 0.025
0 0.5025 0.5275 0.06125 0.0225
0 0.73125 0.38375 0.07375 0.0275
0 0.71875 0.41375 0.07875 0.02625
0 0.71875 0.44125 0.08125 0.02625
0 0.63875 0.4375 0.07625 0.025
0 0.56375 0.43625 0.07 0.02125
0 0.49875 0.43375 0.0575 0.0175
0 0.4425 0.43125 0.055 0.02375
0 0.38875 0.43125 0.05 0.02125
0 0.52 0.62 0.065 0.0225
0 0.4325 0.85875 0.07375 0.02375
0 0.72 0.87375 0.1075 0.02875
0 0.62625 0.8375 0.0975 0.02375
0 0.5525 0.80875 0.075 0.01875
0 0.48375 0.79125 0.06 0.02375
0 0.4225 0.685 0.02 0.05375
0 0.4 0.68 0.01875 0.0525
0 0.42625 0.28625 0.01625 0.08125
0 0.38 0.67375 0.01875 0.05
0 0.78875 0.6425 0.11125 0.0275
0 0.59375 0.63625 0.0775 0.025
0 0.6875 0.745 0.07375 0.02875
0 0.5875 0.92625 0.09875 0.02625
0 0.68 0.9675 0.11125 0.02625
0 0.74375 0.76875 0.03875 0.0975
0 0.505 0.89 0.08125 0.025