0 0.655 0.4675 0.01 0.0275
0 0.6725 0.46375 0.0125 0.03875
0 0.58875 0.4275 0.0675 0.05625
0 0.52125 0.44875 0.0525 0.01375
0 0.64125 0.46625 0.01 0.0275
0 0.52625 0.43125 0.05375 0.01125
0 0.37125 0.51 0.03375 0.0175
0 0.405 0.4475 0.0425 0.00875
0 0.405 0.43 0.04125 0.0175
0 0.6925 0.46625 0.01625 0.03875
0 0.37375 0.48375 0.03375 0.025
0 0.37 0.455 0.02125 0.0225
0 0.46375 0.425 0.06 0.0525
0 0.71375 0.4575 0.01625 0.0625
0 0.575 0.5075 0.03125 0.07625
0 0.74625 0.4625 0.0125 0.05375
0 0.76625 0.47625 0.02125 0.02625
0 0.25 0.52375 0.0575 0.05875
0 0.32 0.50375 0.0675 0.0275
0 0.41125 0.51375 0.03625 0.0125
0 0.41 0.52625 0.03625 0.005
0 0.415 0.53625 0.04375 0.00875
0 0.4675 0.51125 0.06375 0.01875
0 0.465 0.53125 0.05625 0.0125
0 0.52375 0.53 0.05375 0.01875
0 0.64625 0.55125 0.0175 0.04625
0 0.69375 0.5425 0.01625 0.0575
0 0.36625 0.42375 0.02875 0.01875
0 0.67625 0.54375 0.01125 0.06125
0 0.73 0.4575 0.01125 0.06125
0 0.3225 0.46625 0.06125 0.0175
0 0.57375 0.30875 0.01875 0.03625
0 0.2525 0.46625 0.06375 0.015
0 0.46125 0.30125 0.0175 0.04625
0 0.71375 0.55 0.0225 0.04625
0 0.4875 0.29875 0.0275 0.04625
0 0.5175 0.30125 0.02625 0.0475
0 0.55125 0.3025 0.02125 0.04625
0 0.59375 0.31 0.0175 0.03125
0 0.63125 0.27 0.01875 0.0625
0 0.655 0.27125 0.0175 0.05875
0 0.6725 0.27125 0.01375 0.0625
0 0.69125 0.2725 0.01875 0.06
0 0.71 0.2825 0.01125 0.03625
0 0.7225 0.28375 0.01 0.03125
0 0.7625 0.26875 0.02625 0.0625
0 0.23375 0.3575 0.03 0.07
0 0.2825 0.34625 0.05625 0.01375
0 0.28375 0.36125 0.05875 0.01
0 0.28125 0.37375 0.05875 0.00875
0 0.28125 0.385 0.05875 0.00875
0 0.345 0.3425 0.05875 0.0125
0 0.3425 0.355 0.05375 0.0125
0 0.345 0.37 0.0625 0.0075
0 0.345 0.3825 0.05875 0.0125
0 0.63625 0.3775 0.01375 0.035
0 0.65375 0.37625 0.015 0.0325
0 0.68375 0.37625 0.03625 0.01
0 0.73 0.375 0.0375 0.03875
0 0.76 0.375 0.00875 0.045
0 0.77375 0.37375 0.0125 0.04625
0 0.2575 0.44875 0.0625 0.015
0 0.32375 0.44875 0.06125 0.01125
0 0.735 0.55 0.015 0.05
0 0.68625 0.39125 0.04 0.00875
0 0.38125 0.56625 0.03125 0.01875
0 0.7425 0.65125 0.01625 0.0225
0 0.76875 0.64875 0.02125 0.02625
0 0.23875 0.7225 0.03875 0.01125
0 0.2375 0.73875 0.03625 0.015
0 0.2425 0.75625 0.03375 0.01
0 0.2975 0.73125 0.0525 0.02125
0 0.28875 0.7525 0.05125 0.01
0 0.29 0.765 0.05625 0.0075
0 0.35375 0.7475 0.0525 0.00875
0 0.35 0.76 0.055 0.01
0 0.40375 0.72625 0.04125 0.0075
0 0.4025 0.7425 0.045 0.015
0 0.40375 0.75875 0.045 0.01125
0 0.4575 0.73375 0.0525 0.025
0 0.455 0.75625 0.05 0.01125
0 0.5175 0.72875 0.05625 0.0225
0 0.515 0.75125 0.055 0.01875
0 0.57875 0.72875 0.05125 0.02125
0 0.5775 0.74625 0.055 0.01
0 0.575 0.76 0.055 0.01
0 0.62 0.74 0.02125 0.05125
0 0.64 0.73625 0.01375 0.06
0 0.65875 0.7375 0.01375 0.055
0 0.6775 0.73 0.01625 0.0625
0 0.69875 0.74125 0.01875 0.0525
0 0.7225 0.7425 0.0225 0.05375
0 0.74875 0.74375 0.02375 0.05375
0 0.77 0.75125 0.015 0.03625
0 0.43875 0.30125 0.025 0.04375
0 0.72375 0.64 0.0175 0.045
0 0.75875 0.565 0.01875 0.02
0 0.68875 0.63875 0.015 0.04625
0 0.6225 0.6525 0.03625 0.0175
0 0.38125 0.595 0.035 0.02
0 0.38375 0.6225 0.02875 0.02125
0 0.3875 0.65 0.02875 0.01875
0 0.39125 0.6725 0.0375 0.0125
0 0.28125 0.61 0.06125 0.0725
0 0.2325 0.6225 0.0275 0.03625
0 0.34125 0.61 0.04125 0.075
0 0.41875 0.565 0.03625 0.015
0 0.41875 0.58125 0.035 0.01125
0 0.4175 0.59625 0.035 0.015
0 0.42 0.61375 0.03375 0.0125
0 0.4175 0.62625 0.03 0.005
0 0.4175 0.64 0.0275 0.01375
0 0.46625 0.59 0.0525 0.01375
0 0.465 0.6075 0.04875 0.0125
0 0.465 0.62125 0.05 0.01125
0 0.4625 0.64 0.0575 0.01875
0 0.5225 0.57375 0.05375 0.01625
0 0.525 0.5925 0.05375 0.015
0 0.52125 0.60875 0.05625 0.0125
0 0.5225 0.62375 0.05625 0.01375
0 0.52125 0.64125 0.05375 0.01625
0 0.57625 0.61375 0.045 0.07
0 0.615 0.505 0.035 0.06375
0 0.615 0.55125 0.03375 0.02125
0 0.615 0.5725 0.0325 0.015
0 0.62125 0.5925 0.03375 0.02
0 0.61625 0.61375 0.02625 0.01625
0 0.62 0.635 0.0325 0.01625
0 0.65125 0.635 0.0175 0.045
0 0.4075 0.29875 0.02375 0.04625
0 0.32625 0.5325 0.0775 0.02375
0 0.28125 0.28 0.05125 0.015
0 0.23375 0.2775 0.03 0.035
0 0.2775 0.255 0.04375 0.02125
0 0.235 0.25 0.0275 0.0125
0 0.35 0.27375 0.06875 0.05