0 0.325 0.5675 0.02625 0.08125
0 0.19625 0.57 0.02125 0.08125
0 0.355 0.5675 0.025 0.0825
0 0.38375 0.5675 0.03125 0.0825
0 0.4125 0.56875 0.02625 0.085
0 0.4425 0.5675 0.02375 0.0775
0 0.2975 0.56625 0.02375 0.07875
0 0.27125 0.5675 0.02375 0.07875
0 0.24625 0.5675 0.02375 0.08125
0 0.46875 0.56875 0.02375 0.08125
0 0.22125 0.5675 0.02375 0.08125
0 0.1725 0.56875 0.02375 0.08
0 0.8375 0.47625 0.02375 0.065
0 0.85125 0.69 0.0275 0.07
0 0.5225 0.46125 0.0225 0.095
0 0.54875 0.465 0.02375 0.0775
0 0.57125 0.4625 0.0225 0.07625
0 0.59625 0.4625 0.02375 0.07875
0 0.6225 0.4625 0.02375 0.0775
0 0.64875 0.46 0.02625 0.075
0 0.14875 0.5675 0.02375 0.0825
0 0.67625 0.46375 0.02375 0.08375
0 0.72875 0.4675 0.02375 0.08125
0 0.7575 0.46375 0.025 0.08
0 0.785 0.4675 0.02375 0.0775
0 0.8125 0.47125 0.025 0.05625
0 0.49625 0.57125 0.02875 0.085
0 0.86375 0.4775 0.0225 0.0625
0 0.70125 0.465 0.02375 0.0825
0 0.525 0.57125 0.0275 0.08625
0 0.14125 0.23 0.0275 0.08
0 0.57875 0.57 0.02625 0.08125
0 0.2675 0.665 0.02375 0.07625
0 0.295 0.66125 0.025 0.06875
0 0.325 0.6525 0.02125 0.05375
0 0.3475 0.6525 0.02125 0.065
0 0.37125 0.67 0.02125 0.08625
0 0.64 0.6675 0.025 0.0675
0 0.61125 0.67625 0.025 0.06625
0 0.585 0.67625 0.02125 0.08375
0 0.56375 0.67125 0.01875 0.07125
0 0.54 0.675 0.02125 0.0775
0 0.5025 0.67125 0.02875 0.07875
0 0.475 0.65875 0.01875 0.0675
0 0.45 0.65875 0.025 0.06875
0 0.425 0.65875 0.02125 0.075
0 0.3975 0.66625 0.0275 0.07875
0 0.23875 0.66125 0.0275 0.07
0 0.5525 0.575 0.02125 0.0775
0 0.21375 0.66 0.02 0.0675
0 0.135 0.6425 0.0175 0.03625
0 0.49375 0.45875 0.02375 0.09125
0 0.76625 0.58125 0.0275 0.0675
0 0.825 0.685 0.0125 0.0525
0 0.8075 0.6975 0.0225 0.05625
0 0.7825 0.7 0.02375 0.05625
0 0.7525 0.6775 0.01125 0.0775
0 0.7325 0.6825 0.0225 0.08125
0 0.70875 0.67625 0.01375 0.075
0 0.66375 0.72125 0.075 0.01875
0 0.6675 0.6675 0.02 0.06875
0 0.7975 0.58125 0.02875 0.06625
0 0.82375 0.585 0.02 0.0725
0 0.85125 0.58125 0.025 0.06625
0 0.1625 0.6475 0.0225 0.04625
0 0.18125 0.6475 0.0125 0.04375
0 0.195 0.6525 0.01375 0.05125
0 0.66375 0.5775 0.025 0.07375
0 0.4625 0.46 0.02875 0.09375
0 0.4075 0.46 0.01875 0.09625
0 0.725 0.24 0.025 0.07
0 0.74875 0.2375 0.01875 0.065
0 0.77375 0.23875 0.02375 0.0675
0 0.80375 0.225 0.025 0.08
0 0.83 0.2275 0.02375 0.08375
0 0.86 0.22875 0.03125 0.0775
0 0.69375 0.2375 0.02625 0.06375
0 0.14375 0.3525 0.025 0.0775
0 0.2025 0.35125 0.03 0.0825
0 0.22875 0.35 0.0225 0.075
0 0.25625 0.35125 0.0275 0.0775
0 0.2875 0.35375 0.0325 0.0775
0 0.43375 0.46 0.02875 0.09375
0 0.345 0.3525 0.02875 0.07
0 0.17125 0.35125 0.02625 0.08
0 0.66875 0.23875 0.02375 0.06375
0 0.64125 0.24 0.02625 0.07125
0 0.615 0.23875 0.0225 0.07125
0 0.17375 0.25625 0.02625 0.03625
0 0.2025 0.23375 0.02375 0.08125
0 0.23125 0.255 0.02375 0.035
0 0.25875 0.235 0.025 0.075
0 0.2875 0.23125 0.03 0.0775
0 0.32 0.23125 0.0275 0.07625
0 0.35 0.23125 0.03 0.0775
0 0.3825 0.235 0.02875 0.08375
0 0.41375 0.23375 0.0275 0.0775
0 0.44125 0.2325 0.02375 0.08
0 0.47125 0.2325 0.02625 0.08
0 0.49625 0.23375 0.02125 0.0825
0 0.52625 0.23625 0.025 0.0675
0 0.55625 0.2375 0.0275 0.07125
0 0.585 0.23875 0.0275 0.0725
0 0.3775 0.35125 0.03125 0.075
0 0.40875 0.35 0.0275 0.075
0 0.3175 0.35125 0.025 0.07375
0 0.61125 0.355 0.02625 0.075
0 0.6975 0.35375 0.03 0.0775
0 0.67 0.35125 0.02125 0.0875
0 0.6425 0.35375 0.025 0.07875
0 0.8525 0.3525 0.025 0.085
0 0.5775 0.35375 0.02875 0.0825
0 0.55 0.35375 0.0275 0.0825
0 0.52375 0.35625 0.02375 0.08
0 0.49625 0.35375 0.025 0.075
0 0.4675 0.35625 0.02625 0.0775
0 0.43625 0.35375 0.02375 0.0825
0 0.15 0.45625 0.03 0.08625
0 0.18125 0.455 0.03125 0.0875
0 0.205 0.45625 0.01625 0.0875
0 0.23375 0.45375 0.0375 0.09125
0 0.26375 0.45375 0.01875 0.09375
0 0.29375 0.4575 0.0325 0.0825
0 0.32625 0.455 0.0275 0.0825
0 0.35375 0.46125 0.025 0.09625
0 0.3825 0.45875 0.02875 0.09
0 0.7925 0.355 0.02625 0.085
0 0.82375 0.35125 0.03125 0.0825