0 0.98625 0.59625 0.02625 0.0375
0 0.98 0.66375 0.04 0.0475
0 0.9325 0.665 0.04875 0.04
0 0.72125 0.785 0.04875 0.0375
0 0.92 0.70375 0.0475 0.02625
0 0.88 0.66875 0.055 0.035
0 0.86375 0.705 0.05875 0.02625
0 0.82 0.68125 0.0575 0.02125
0 0.9725 0.7025 0.05 0.025
0 0.95625 0.60125 0.02625 0.03375
0 0.98375 0.5525 0.03125 0.045
0 0.9275 0.56375 0.05375 0.03625
0 0.76875 0.41 0.0575 0.0425
0 0.7575 0.4525 0.0525 0.03375
0 0.8275 0.41 0.05375 0.0425
0 0.89 0.4025 0.06 0.05375
0 0.95 0.4025 0.05125 0.04625
0 0.81125 0.4525 0.04875 0.0375
0 0.8675 0.45125 0.05375 0.03125
0 0.925 0.45375 0.05 0.03625
0 0.97875 0.45375 0.0425 0.03125
0 0.805 0.705 0.05125 0.01875
0 0.02 0.56 0.0375 0.04625
0 0.1425 0.555 0.0625 0.0525
0 0.20875 0.5575 0.06875 0.045
0 0.02625 0.60375 0.04875 0.03375
0 0.08625 0.60375 0.065 0.03375
0 0.15625 0.6025 0.0675 0.03125
0 0.225 0.60125 0.06125 0.0325
0 0.28625 0.55875 0.0775 0.0425
0 0.8475 0.60125 0.04125 0.0275
0 0.9075 0.60375 0.065 0.03
0 0.07625 0.55875 0.06375 0.04625
0 0.76125 0.6775 0.04625 0.025
0 0.5875 0.7075 0.0475 0.02125
0 0.705 0.68 0.0575 0.02875
0 0.12125 0.8 0.065 0.02875
0 0.04375 0.80125 0.0725 0.035
0 0.115 0.76 0.07375 0.03875
0 0.535 0.70875 0.05 0.0225
0 0.45875 0.685 0.08375 0.07
0 0.37875 0.69875 0.065 0.04375
0 0.185 0.8 0.0475 0.03125
0 0.305 0.7025 0.07125 0.045
0 0.22625 0.72 0.06875 0.02125
0 0.14 0.68625 0.0725 0.04
0 0.1475 0.72 0.0675 0.02375
0 0.0625 0.6875 0.0575 0.0375
0 0.08125 0.71875 0.055 0.01875
0 0.03625 0.7625 0.0725 0.03625
0 0.22125 0.6825 0.0725 0.045
0 0.7475 0.70625 0.045 0.02125
0 0.23875 0.79375 0.04625 0.03875
0 0.92625 0.775 0.04125 0.03375
0 0.65125 0.68 0.0475 0.0275
0 0.59875 0.6775 0.04875 0.0275
0 0.68875 0.70875 0.05 0.02
0 0.6375 0.70875 0.04625 0.02
0 0.71 0.40125 0.05125 0.05125
0 0.77125 0.74375 0.04625 0.03125
0 0.28875 0.7875 0.04125 0.03875
0 0.82375 0.735 0.04625 0.0325
0 0.77125 0.7775 0.04625 0.02875
0 0.5375 0.67875 0.05125 0.0325
0 0.66625 0.77875 0.0525 0.0325
0 0.615 0.77375 0.04125 0.02625
0 0.875 0.7375 0.04125 0.0325
0 0.86875 0.775 0.04375 0.02875
0 0.82 0.77375 0.045 0.0325
0 0.63875 0.44875 0.05125 0.03
0 0.6975 0.44875 0.055 0.035
0 0.58125 0.44875 0.05625 0.035
0 0.74625 0.60375 0.04625 0.0275
0 0.86625 0.56625 0.0475 0.03375
0 0.81375 0.56625 0.04625 0.03625
0 0.75875 0.56625 0.045 0.04
0 0.86375 0.50375 0.0425 0.05
0 0.815 0.50875 0.0425 0.0425
0 0.74875 0.5075 0.065 0.05
0 0.64875 0.405 0.06 0.0425
0 0.7025 0.56125 0.04875 0.035
0 0.63625 0.6 0.0475 0.0375
0 0.64375 0.55875 0.0475 0.04
0 0.58 0.5975 0.05125 0.0325
0 0.59 0.5575 0.0475 0.03625
0 0.98 0.77125 0.03875 0.0425
0 0.52875 0.5975 0.045 0.03125
0 0.53 0.56 0.04875 0.0325
0 0.4575 0.6 0.07125 0.0275
0 0.3525 0.7925 0.07 0.0425
0 0.42875 0.78875 0.07 0.03875
0 0.5 0.78375 0.065 0.0425
0 0.56 0.7925 0.04 0.03375
0 0.56625 0.7625 0.04875 0.01625
0 0.56875 0.73875 0.04875 0.025
0 0.7975 0.605 0.04625 0.0275
0 0.6175 0.7475 0.03875 0.01375
0 0.66 0.72625 0.0425 0.0075
0 0.72375 0.74375 0.045 0.03125
0 0.2975 0.59875 0.0775 0.03
0 0.38 0.56 0.075 0.03875
0 0.3775 0.59875 0.07375 0.0275
0 0.46125 0.56 0.075 0.04375
0 0.66875 0.74875 0.04625 0.01875
0 0.03875 0.18 0.07375 0.06625
0 0.69375 0.59875 0.0425 0.0325
0 0.0425 0.25 0.07875 0.0375
0 0.045 0.44 0.0875 0.03875
0 0.15125 0.4325 0.08625 0.04125
0 0.25875 0.435 0.0975 0.04125
0 0.36625 0.4325 0.09375 0.05375
0 0.45875 0.41 0.05375 0.03
0 0.46 0.4475 0.055 0.03125
0 0.135 0.18375 0.1075 0.075
0 0.525 0.41 0.0575 0.03375
0 0.52375 0.4475 0.055 0.035
0 0.5875 0.4075 0.05375 0.03875
0 0.0425 0.38875 0.07875 0.05125
0 0.9225 0.2725 0.04875 0.05
0 0.865 0.2725 0.05375 0.05125
0 0.805 0.26875 0.05875 0.05125
0 0.6675 0.27 0.05875 0.03875
0 0.735 0.26875 0.06875 0.0475
0 0.53 0.26375 0.06375 0.03625
0 0.14125 0.2525 0.10875 0.04375
0 0.45375 0.20375 0.07375 0.0525
0 0.5275 0.21125 0.0625 0.0425
0 0.6 0.2125 0.06625 0.05
0 0.67125 0.21 0.06125 0.045
0 0.74375 0.205 0.06625 0.05375
0 0.6 0.2675 0.06125 0.03875
0 0.8125 0.205 0.06125 0.05375
0 0.88375 0.2075 0.06375 0.05375
0 0.95125 0.2125 0.0525 0.0625
0 0.97625 0.275 0.04625 0.0475
0 0.45 0.265 0.065 0.045