0 0.36125 0.2825 0.035 0.105
0 0.39875 0.2825 0.0325 0.10625
0 0.94625 0.28 0.04 0.02625
0 0.46875 0.285 0.0275 0.09625
0 0.32875 0.2825 0.02625 0.10625
0 0.90375 0.28125 0.04125 0.0275
0 0.43625 0.28125 0.035 0.105
0 0.29625 0.28125 0.035 0.10875
0 0.66875 0.51875 0.11375 0.14125
0 0.03375 0.38625 0.0675 0.015
0 0.03375 0.40875 0.06625 0.0225
0 0.5175 0.3125 0.05125 0.0375
0 0.10875 0.38375 0.0775 0.0175
0 0.11125 0.40625 0.07375 0.02125
0 0.17125 0.39625 0.0375 0.03625
0 0.2625 0.385 0.055 0.06125
0 0.32375 0.385 0.06 0.05625
0 0.38625 0.3825 0.06 0.05875
0 0.23 0.2925 0.09125 0.095
0 0.94625 0.31125 0.03875 0.03375
0 0.90375 0.3125 0.03875 0.03
0 0.96 0.3675 0.055 0.03375
0 0.7825 0.51125 0.10875 0.1325
0 0.90625 0.51 0.12375 0.135
0 0.55625 0.67125 0.12375 0.1425
0 0.6925 0.67125 0.13 0.1325
0 0.8075 0.66875 0.095 0.13375
0 0.90125 0.6625 0.08625 0.1325
0 0.2475 0.72125 0.02875 0.0725
0 0.21625 0.7225 0.03 0.07625
0 0.185 0.72375 0.02875 0.0775
0 0.14875 0.7275 0.0325 0.07625
0 0.07625 0.73 0.1075 0.07375
0 0.01 0.7275 0.02 0.07875
0 0.5525 0.51625 0.11375 0.1375
0 0.4675 0.6175 0.035 0.05875
0 0.6875 0.28375 0.05625 0.03125
0 0.815 0.31375 0.04375 0.03
0 0.86375 0.3125 0.0325 0.03375
0 0.42875 0.62 0.035 0.05875
0 0.39125 0.62125 0.03375 0.0625
0 0.3125 0.625 0.0375 0.06125
0 0.265 0.62625 0.03875 0.06125
0 0.23 0.62625 0.0275 0.06
0 0.165 0.63125 0.025 0.0625
0 0.13625 0.6325 0.02625 0.06375
0 0.10125 0.6375 0.04 0.065
0 0.95875 0.4025 0.045 0.03375
0 0.6875 0.3175 0.055 0.0325
0 0.1975 0.6275 0.03375 0.0575
0 0.2125 0.39625 0.0375 0.03625
0 0.0325 0.4725 0.06375 0.0175
0 0.46875 0.5225 0.0175 0.02625
0 0.44125 0.5425 0.02875 0.05625
0 0.44875 0.38375 0.05875 0.0575
0 0.3625 0.545 0.035 0.06
0 0.32625 0.54625 0.03375 0.06
0 0.2875 0.5475 0.0375 0.06125
0 0.24875 0.5475 0.0375 0.06125
0 0.21125 0.55 0.0375 0.06125
0 0.1725 0.55125 0.03625 0.06
0 0.11625 0.54125 0.0725 0.015
0 0.11875 0.52625 0.0625 0.0075
0 0.12125 0.55625 0.06375 0.00875
0 0.12 0.5725 0.06875 0.02
0 0.04125 0.57375 0.0825 0.02
0 0.03 0.5525 0.0575 0.02
0 0.465 0.4625 0.0325 0.0625
0 0.43375 0.4625 0.025 0.065
0 0.3775 0.465 0.08 0.01875
0 0.89 0.35875 0.05875 0.0125
0 0.8975 0.3725 0.0475 0.01125
0 0.0425 0.295 0.0375 0.09
0 0.09125 0.28625 0.0175 0.0975
0 0.11125 0.29375 0.01 0.08375
0 0.12 0.29125 0.00625 0.08125
0 0.15625 0.29 0.04625 0.09125
0 0.47125 0.5525 0.01875 0.0275
0 0.0275 0.63875 0.0375 0.0675
0 0.4075 0.545 0.02875 0.05125
0 0.37625 0.4875 0.07875 0.01875
0 0.29125 0.46625 0.08125 0.01625
0 0.065 0.6375 0.02875 0.0675
0 0.2775 0.72125 0.02875 0.0725
0 0.30625 0.71875 0.0275 0.07625
0 0.33625 0.7175 0.0275 0.07625
0 0.365 0.71625 0.02625 0.07625
0 0.39375 0.71375 0.02625 0.07375
0 0.45125 0.71375 0.08375 0.07625
0 0.53 0.36125 0.07125 0.03
0 0.53375 0.405 0.075 0.0525
0 0.7225 0.40625 0.0675 0.0425
0 0.79625 0.40125 0.04625 0.0525
0 0.845 0.40125 0.05125 0.05375
0 0.6175 0.40375 0.08125 0.055
0 0.03375 0.4925 0.06625 0.0175
0 0.11625 0.4925 0.0925 0.01875
0 0.11375 0.47375 0.0925 0.0175
0 0.2925 0.4875 0.085 0.02
0 0.20625 0.48875 0.085 0.02
0 0.8975 0.40375 0.04875 0.04375
0 0.205 0.4675 0.0875 0.0175
0 0.1125 0.45375 0.0925 0.0175