0 0.54625 0.37375 0.0275 0.055
0 0.52125 0.3775 0.01 0.0525
0 0.5175 0.4275 0.01 0.01125
0 0.45875 0.5475 0.02875 0.05
0 0.49625 0.38125 0.025 0.04125
0 0.58 0.38125 0.0325 0.04375
0 0.6175 0.3825 0.02875 0.0375
0 0.6975 0.455 0.01 0.03375
0 0.695 0.37375 0.0225 0.05375
0 0.5225 0.445 0.0175 0.01125
0 0.5225 0.47125 0.0175 0.02625
0 0.49875 0.45875 0.0225 0.05375
0 0.47 0.46375 0.02125 0.04125
0 0.44375 0.465 0.02 0.0375
0 0.40875 0.43625 0.02125 0.025
0 0.41375 0.475 0.01875 0.02875
0 0.39 0.47375 0.0225 0.02625
0 0.33875 0.47 0.02625 0.04
0 0.31125 0.46875 0.01625 0.02625
0 0.26875 0.47875 0.0225 0.09125
0 0.24125 0.47625 0.0225 0.09375
0 0.65875 0.385 0.04125 0.0275
0 0.57125 0.46 0.015 0.05
0 0.31375 0.54875 0.025 0.03125
0 0.3475 0.5575 0.0325 0.02375
0 0.3525 0.5225 0.0325 0.02625
0 0.39125 0.54125 0.0275 0.03625
0 0.425 0.545 0.02125 0.0475
0 0.6375 0.46125 0.0125 0.05
0 0.6825 0.45625 0.01125 0.04
0 0.5475 0.46375 0.0175 0.04375
0 0.72125 0.45875 0.015 0.0425
0 0.7575 0.4725 0.035 0.02625
0 0.7675 0.3775 0.0225 0.04125
0 0.7375 0.3675 0.0325 0.06375
0 0.61125 0.46375 0.0175 0.04375
0 0.59125 0.46375 0.0125 0.04375
0 0.55625 0.08875 0.0275 0.03375
0 0.36 0.09125 0.0275 0.0375
0 0.53 0.2325 0.01 0.04125
0 0.545 0.23125 0.01 0.04125
0 0.56 0.2325 0.01125 0.0375
0 0.575 0.23125 0.01125 0.0375
0 0.59125 0.23125 0.01 0.0375
0 0.60375 0.23125 0.01125 0.04
0 0.62125 0.235 0.01625 0.03125
0 0.6425 0.2325 0.01625 0.03125
0 0.66 0.23125 0.0125 0.035
0 0.675 0.23 0.01375 0.03375
0 0.6925 0.2325 0.01375 0.03125
0 0.70875 0.23 0.01875 0.0325
0 0.29375 0.32375 0.03625 0.03125
0 0.28625 0.2975 0.0425 0.0125
0 0.33125 0.31875 0.03 0.02875
0 0.37375 0.32375 0.03625 0.01875
0 0.37625 0.29125 0.03125 0.02625
0 0.495 0.5475 0.0275 0.0375
0 0.765 0.29875 0.0175 0.04875
0 0.74625 0.3 0.0125 0.04875
0 0.725 0.29875 0.0175 0.04375
0 0.70125 0.3 0.0125 0.0525
0 0.6825 0.29375 0.0125 0.04375
0 0.445 0.22375 0.04875 0.05875
0 0.66875 0.2975 0.01375 0.0425
0 0.6025 0.31375 0.0325 0.02625
0 0.56375 0.31625 0.03875 0.02125
0 0.51875 0.3175 0.04125 0.025
0 0.4675 0.29125 0.05 0.0175
0 0.47 0.32 0.04875 0.025
0 0.41875 0.3175 0.04375 0.03
0 0.64 0.31125 0.03625 0.02875
0 0.32875 0.095 0.02375 0.035
0 0.405 0.24 0.0125 0.02875
0 0.36 0.38625 0.04375 0.0425
0 0.36875 0.0625 0.02125 0.01875
0 0.3975 0.06 0.02625 0.02
0 0.38625 0.0925 0.02 0.03875
0 0.42125 0.09 0.03375 0.035
0 0.455 0.0925 0.025 0.03625
0 0.4525 0.05 0.03375 0.04
0 0.4875 0.08625 0.025 0.04375
0 0.51125 0.085 0.01375 0.0425
0 0.5275 0.08625 0.01375 0.04375
0 0.55375 0.04875 0.02625 0.0375
0 0.58625 0.0725 0.02125 0.0675
0 0.6175 0.07 0.0275 0.06625
0 0.64875 0.07125 0.025 0.0675
0 0.68125 0.06625 0.025 0.0675
0 0.715 0.0725 0.03 0.05875
0 0.74625 0.07125 0.02125 0.05625
0 0.77125 0.0375 0.01875 0.03875
0 0.40875 0.3925 0.04 0.03
0 0.4575 0.39375 0.045 0.03
0 0.37 0.2325 0.0225 0.05375
0 0.3425 0.21875 0.025 0.08125
0 0.29375 0.22 0.02625 0.075
0 0.2325 0.0575 0.02625 0.03625
0 0.30625 0.39 0.04625 0.04
0 0.2675 0.0575 0.0275 0.03375
0 0.3325 0.0575 0.025 0.02875
0 0.23625 0.1 0.0225 0.0325
0 0.245 0.2075 0.02875 0.09375
0 0.7375 0.22875 0.02 0.03375
0 0.75875 0.22875 0.01625 0.03125
0 0.7725 0.08 0.01625 0.03375
0 0.3025 0.05625 0.02375 0.03
0 0.525 0.55125 0.02625 0.03625
0 0.7725 0.86 0.01625 0.04
0 0.56 0.55 0.02625 0.03375
0 0.5375 0.77375 0.035 0.04875
0 0.57875 0.7775 0.03375 0.0275
0 0.57625 0.74875 0.03625 0.02875
0 0.6175 0.7625 0.035 0.0675
0 0.64875 0.765 0.02 0.07375
0 0.69 0.75875 0.03 0.05875
0 0.725 0.76125 0.02 0.06625
0 0.75625 0.7625 0.0225 0.06
0 0.25125 0.8375 0.025 0.09
0 0.2875 0.84 0.03 0.08125
0 0.3425 0.8375 0.01875 0.045
0 0.36625 0.84625 0.0175 0.06125
0 0.4875 0.7575 0.05125 0.05125
0 0.3975 0.8425 0.02375 0.0475
0 0.45625 0.85125 0.02125 0.0675
0 0.48125 0.85875 0.02 0.0675
0 0.51875 0.86625 0.035 0.04
0 0.55125 0.85375 0.02 0.05625
0 0.58375 0.85 0.0175 0.055
0 0.62 0.85875 0.0375 0.035
0 0.6575 0.84625 0.025 0.0575
0 0.6825 0.8525 0.01875 0.06125
0 0.705 0.84375 0.01875 0.03875
0 0.7375 0.8475 0.03625 0.05125
0 0.265 0.09875 0.02375 0.03125
0 0.52875 0.515 0.02625 0.02125
0 0.4275 0.85375 0.0225 0.0625
0 0.415 0.765 0.06 0.0625
0 0.29625 0.0975 0.025 0.03375
0 0.52875 0.685 0.04375 0.03
0 0.5975 0.54 0.035 0.0475
0 0.75375 0.68625 0.0475 0.02625
0 0.63625 0.54125 0.02625 0.045
0 0.69625 0.5325 0.02625 0.0525
0 0.72375 0.53125 0.015 0.0525
0 0.76125 0.55125 0.04 0.025
0 0.75875 0.62125 0.03125 0.015
0 0.7225 0.625 0.02375 0.025
0 0.68875 0.6275 0.0275 0.02375
0 0.655 0.62375 0.02125 0.04
0 0.62375 0.625 0.0225 0.04125
0 0.55625 0.6025 0.0175 0.02
0 0.58125 0.605 0.02 0.025
0 0.76 0.63875 0.035 0.0075
0 0.5275 0.62625 0.025 0.03375
0 0.56125 0.63375 0.03375 0.0125
0 0.4475 0.68875 0.0475 0.0375
0 0.28125 0.70375 0.02375 0.08125
0 0.39125 0.68625 0.05 0.0375
0 0.43 0.60625 0.02375 0.025
0 0.24625 0.7125 0.02875 0.09125
0 0.39125 0.61125 0.01875 0.03
0 0.35375 0.61625 0.02125 0.03625
0 0.32125 0.62125 0.02625 0.05
0 0.27375 0.61 0.04375 0.05375
0 0.525 0.5925 0.02375 0.01625
0 0.33625 0.6875 0.0525 0.04