0 0.14 0.26 0.02875 0.1025
0 0.3925 0.15 0.03625 0.07625
0 0.34375 0.1375 0.055 0.1025
0 0.295 0.14625 0.03375 0.08125
0 0.25 0.14875 0.04875 0.0825
0 0.1975 0.15375 0.0375 0.07375
0 0.15125 0.13875 0.04375 0.09625
0 0.8575 0.02875 0.02625 0.05
0 0.8225 0.0225 0.03 0.0175
0 0.82 0.04375 0.02875 0.02125
0 0.785 0.0275 0.0275 0.05375
0 0.75 0.0275 0.03375 0.04875
0 0.71125 0.025 0.035 0.05
0 0.635 0.0275 0.0375 0.05
0 0.59625 0.0275 0.03125 0.04375
0 0.56375 0.025 0.02375 0.05
0 0.535 0.02375 0.025 0.0475
0 0.50625 0.025 0.02375 0.04375
0 0.4775 0.025 0.02375 0.045
0 0.43625 0.02375 0.05125 0.045
0 0.3925 0.02375 0.0225 0.04375
0 0.36125 0.0225 0.03 0.04375
0 0.33125 0.0225 0.025 0.04125
0 0.27 0.02375 0.03125 0.04375
0 0.30125 0.02125 0.0225 0.04
0 0.2325 0.0225 0.0325 0.04125
0 0.20125 0.02375 0.025 0.04125
0 0.67125 0.0275 0.02875 0.05125
0 0.44 0.14 0.04875 0.09625
0 0.57 0.15375 0.03625 0.08125
0 0.53125 0.1525 0.03375 0.07875
0 0.18375 0.26 0.05125 0.1025
0 0.24 0.2625 0.05125 0.09875
0 0.29625 0.26125 0.05625 0.09875
0 0.35875 0.2625 0.04125 0.0925
0 0.41 0.26125 0.05 0.10125
0 0.465 0.26 0.055 0.10125
0 0.5225 0.2625 0.0525 0.1
0 0.5925 0.2625 0.06125 0.10125
0 0.65125 0.26375 0.0475 0.09375
0 0.71125 0.27 0.0675 0.08625
0 0.145 0.3775 0.03375 0.07375
0 0.185 0.37375 0.0375 0.07375
0 0.26125 0.37625 0.03875 0.07375
0 0.17 0.0225 0.03 0.0425
0 0.30625 0.375 0.025 0.06625
0 0.3375 0.37625 0.03125 0.075
0 0.37625 0.375 0.03625 0.07375
0 0.445 0.3775 0.03375 0.07125
0 0.48 0.37875 0.03 0.0725
0 0.5075 0.3725 0.01875 0.0675
0 0.83375 0.16375 0.0525 0.05875
0 0.79 0.1575 0.025 0.06375
0 0.755 0.155 0.02875 0.07125
0 0.7225 0.155 0.02875 0.0675
0 0.6875 0.155 0.03125 0.0725
0 0.64875 0.155 0.03875 0.075
0 0.60875 0.155 0.03375 0.07625
0 0.4925 0.15125 0.035 0.08375
0 0.14 0.02125 0.02625 0.04125
0 0.54875 0.37875 0.0375 0.06875
0 0.32625 0.65125 0.0325 0.01875
0 0.7725 0.6275 0.02875 0.0325
0 0.6625 0.63625 0.0375 0.03625
0 0.59125 0.6325 0.03125 0.04625
0 0.56 0.63375 0.0225 0.04
0 0.52625 0.6375 0.03125 0.0425
0 0.18875 0.72875 0.02125 0.06
0 0.48875 0.64 0.03125 0.04625
0 0.44125 0.6325 0.0325 0.04125
0 0.4025 0.6275 0.02875 0.03125
0 0.36125 0.64125 0.03125 0.04
0 0.28375 0.65125 0.0325 0.01875
0 0.24125 0.655 0.035 0.0225
0 0.20375 0.62375 0.035 0.02
0 0.1975 0.65375 0.03625 0.0175
0 0.1575 0.655 0.03375 0.02375
0 0.7775 0.53 0.0175 0.0325
0 0.73625 0.5675 0.03 0.0575
0 0.59625 0.37375 0.05125 0.07625
0 0.64375 0.38125 0.03875 0.06
0 0.83 0.6525 0.05875 0.04
0 0.1375 0.72875 0.02125 0.05375
0 0.16375 0.73 0.02625 0.0575
0 0.78125 0.73 0.0325 0.045
0 0.21875 0.72375 0.025 0.06375
0 0.24375 0.72125 0.02375 0.07125
0 0.27375 0.7225 0.02875 0.06625
0 0.30875 0.695 0.015 0.04
0 0.335 0.715 0.025 0.07
0 0.36375 0.71375 0.02375 0.075
0 0.39375 0.715 0.025 0.07375
0 0.42125 0.71125 0.025 0.08
0 0.44875 0.71375 0.02375 0.075
0 0.6825 0.38125 0.03125 0.0675
0 0.475 0.71125 0.02625 0.07875
0 0.50125 0.68 0.02 0.01625
0 0.52875 0.7225 0.0225 0.0575
0 0.55375 0.72625 0.02 0.05875
0 0.5775 0.7225 0.02125 0.05375
0 0.60625 0.725 0.0225 0.055
0 0.6325 0.72625 0.0225 0.0575
0 0.6775 0.71625 0.025 0.0575
0 0.7075 0.7225 0.02375 0.05125
0 0.74 0.72625 0.03625 0.0475
0 0.50375 0.72125 0.02 0.065
0 0.72 0.385 0.03375 0.0625
0 0.76375 0.575 0.02 0.04
0 0.81125 0.38125 0.0325 0.06625
0 0.35125 0.575 0.025 0.0575
0 0.77625 0.37875 0.03625 0.06375
0 0.29875 0.56875 0.01875 0.05625
0 0.2575 0.56875 0.04375 0.065
0 0.20875 0.57125 0.04375 0.0625
0 0.16375 0.57125 0.0325 0.04625
0 0.725 0.46875 0.03125 0.06625
0 0.69 0.47 0.03125 0.06
0 0.64125 0.46375 0.03375 0.075
0 0.37875 0.57375 0.0225 0.05375
0 0.6075 0.46625 0.02875 0.065
0 0.54125 0.46625 0.03 0.07125
0 0.5125 0.44875 0.0175 0.04125
0 0.82375 0.7225 0.04375 0.0425
0 0.86125 0.72625 0.02125 0.04
0 0.76625 0.47 0.035 0.06125
0 0.80375 0.4675 0.03 0.0625
0 0.845 0.4375 0.03875 0.04
0 0.85 0.52125 0.04875 0.04625
0 0.795 0.575 0.03 0.03625
0 0.57375 0.4625 0.025 0.07125
0 0.41625 0.5675 0.04 0.0525
0 0.3225 0.56875 0.01625 0.05375
0 0.18125 0.4775 0.03375 0.0625
0 0.85375 0.35125 0.03375 0.0525
0 0.8525 0.2625 0.04125 0.05625
0 0.145 0.46625 0.035 0.0775
0 0.4625 0.57 0.035 0.04625
0 0.23 0.46875 0.03375 0.055
0 0.26375 0.46875 0.0175 0.0525
0 0.29375 0.475 0.03125 0.05375
0 0.33 0.475 0.03375 0.055
0 0.8075 0.2725 0.03 0.075
0 0.3675 0.47625 0.03 0.05875
0 0.43625 0.46875 0.03 0.0675
0 0.49 0.455 0.02375 0.0525
0 0.69875 0.56875 0.035 0.05375
0 0.66 0.565 0.0325 0.0575
0 0.625 0.56875 0.03 0.05375
0 0.59125 0.5675 0.03125 0.05125
0 0.54875 0.565 0.03875 0.0575
0 0.50625 0.56375 0.04125 0.05
0 0.40375 0.4675 0.03125 0.06875
0 0.7725 0.275 0.035 0.07125