0 0.7375 0.67375 0.03125 0.08125
0 0.545 0.42 0.0275 0.09125
0 0.575 0.425 0.025 0.08625
0 0.38125 0.52125 0.04625 0.06375
0 0.4275 0.525 0.0425 0.05875
0 0.47375 0.53 0.045 0.06
0 0.5275 0.5225 0.02375 0.06375
0 0.56625 0.54125 0.0475 0.0625
0 0.37125 0.62375 0.02625 0.07
0 0.39875 0.63 0.02125 0.07125
0 0.42375 0.63625 0.02375 0.0725
0 0.45 0.64 0.02375 0.0725
0 0.4775 0.645 0.02625 0.07
0 0.50625 0.64875 0.0225 0.0725
0 0.5375 0.65625 0.0325 0.07
0 0.5675 0.6525 0.0175 0.07
0 0.59 0.66625 0.02 0.07625
0 0.36875 0.72125 0.0225 0.0725
0 0.39375 0.72375 0.0225 0.0725
0 0.41875 0.7275 0.02125 0.07
0 0.4425 0.73375 0.0225 0.07375
0 0.47125 0.73625 0.02625 0.08
0 0.50375 0.74625 0.02625 0.07625
0 0.5325 0.75375 0.0275 0.08375
0 0.56375 0.76 0.0275 0.08125
0 0.59125 0.76875 0.02 0.0825
0 0.44 0.835 0.03625 0.0725
0 0.3875 0.81875 0.03625 0.08125
0 0.49375 0.86875 0.0275 0.045
0 0.525 0.865 0.0275 0.0875
0 0.515 0.42125 0.02625 0.0825
0 0.485 0.42 0.025 0.08125
0 0.4575 0.41625 0.0225 0.08
0 0.43 0.4175 0.02375 0.0825
0 0.77125 0.79125 0.03375 0.08125
0 0.8475 0.80625 0.03875 0.09125
0 0.70125 0.67125 0.03125 0.08
0 0.77375 0.68 0.03375 0.0825
0 0.8125 0.6875 0.03125 0.0825
0 0.85 0.69375 0.03625 0.08125
0 0.7075 0.56125 0.03125 0.08375
0 0.7425 0.5625 0.0325 0.08375
0 0.78125 0.5675 0.0375 0.0875
0 0.82125 0.57125 0.03375 0.08875
0 0.85875 0.57625 0.03125 0.0875
0 0.7075 0.4425 0.03375 0.09
0 0.7475 0.4475 0.035 0.085
0 0.7925 0.43625 0.03 0.0875
0 0.55625 0.87375 0.02875 0.08625
0 0.82875 0.45125 0.035 0.09
0 0.73125 0.325 0.075 0.0875
0 0.7925 0.32125 0.03125 0.0925
0 0.83375 0.32125 0.03375 0.0925
0 0.865 0.3225 0.02 0.09375
0 0.3775 0.3 0.0225 0.07375
0 0.40375 0.2975 0.0225 0.07
0 0.42875 0.2975 0.02 0.0725
0 0.4525 0.2975 0.0225 0.0725
0 0.47625 0.29875 0.01875 0.07375
0 0.50125 0.29875 0.02375 0.075
0 0.52625 0.3025 0.02 0.0675
0 0.57125 0.29 0.06625 0.105
0 0.37875 0.4125 0.025 0.07875
0 0.405 0.415 0.0225 0.07875
0 0.86375 0.44375 0.02125 0.09
0 0.58875 0.88125 0.02375 0.0825
0 0.35 0.83375 0.03 0.08125
0 0.1675 0.74 0.035 0.09
0 0.435 0.1875 0.02125 0.08125
0 0.46125 0.18375 0.0225 0.08375
0 0.4875 0.18375 0.02375 0.0825
0 0.515 0.18125 0.02375 0.07875
0 0.5425 0.17875 0.02375 0.08
0 0.57375 0.1775 0.02875 0.0825
0 0.6025 0.175 0.0225 0.08875
0 0.695 0.18625 0.03 0.115
0 0.7525 0.18375 0.06875 0.11
0 0.81 0.1875 0.0375 0.09625
0 0.85375 0.18625 0.0425 0.0975
0 0.13875 0.12625 0.02 0.0775
0 0.16 0.12375 0.01625 0.07625
0 0.1825 0.12 0.02125 0.075
0 0.41125 0.18875 0.02 0.0775
0 0.2075 0.1175 0.0225 0.0775
0 0.35375 0.08625 0.01875 0.06875
0 0.37875 0.08375 0.0275 0.07
0 0.41 0.08 0.025 0.0725
0 0.43625 0.07875 0.02375 0.065
0 0.46375 0.075 0.02 0.07625
0 0.4875 0.0725 0.02125 0.075
0 0.5125 0.06875 0.0225 0.07375
0 0.53875 0.06625 0.025 0.07625
0 0.5675 0.0625 0.02625 0.07
0 0.59625 0.05875 0.02625 0.07125
0 0.725 0.0525 0.02875 0.1025
0 0.77 0.05 0.04375 0.09875
0 0.8175 0.05 0.04375 0.09875
0 0.85875 0.0475 0.0325 0.09375
0 0.23375 0.11625 0.02625 0.07875
0 0.735 0.7825 0.03 0.07625
0 0.38625 0.19 0.0225 0.07625
0 0.24875 0.235 0.02125 0.1
0 0.2125 0.75125 0.02125 0.0925
0 0.24 0.7625 0.02375 0.1025
0 0.26875 0.7675 0.02875 0.10125
0 0.145 0.6425 0.0175 0.08625
0 0.1675 0.6475 0.02125 0.09
0 0.18875 0.65 0.02 0.0875
0 0.21 0.655 0.02125 0.09375
0 0.2325 0.6575 0.01875 0.09
0 0.255 0.66375 0.02125 0.08875
0 0.27625 0.665 0.01875 0.09375
0 0.1375 0.5475 0.025 0.08625
0 0.17375 0.55125 0.02 0.08875
0 0.1975 0.55375 0.02 0.0925
0 0.21875 0.55625 0.0175 0.09
0 0.36125 0.19125 0.0225 0.07875
0 0.2425 0.56 0.02125 0.09375
0 0.13375 0.4475 0.01625 0.09125
0 0.15375 0.45125 0.02 0.0925
0 0.175 0.45125 0.01875 0.095
0 0.19875 0.45375 0.02375 0.09375
0 0.22625 0.455 0.02375 0.0925
0 0.14375 0.34625 0.01875 0.0925
0 0.16625 0.34875 0.02125 0.09375
0 0.19125 0.35 0.01875 0.09375
0 0.215 0.34875 0.0225 0.09375
0 0.1325 0.23875 0.015 0.10375
0 0.15375 0.23625 0.01875 0.10875
0 0.17625 0.235 0.02125 0.10875
0 0.1975 0.235 0.015 0.115
0 0.2225 0.24 0.025 0.1075
0 0.26625 0.56375 0.02125 0.09375
0 0.7 0.775 0.0275 0.07625
0 0.8075 0.79875 0.0325 0.085
0 0.83125 0.9275 0.0325 0.09
0 0.79625 0.9175 0.03125 0.085
0 0.86375 0.93875 0.0225 0.08625
0 0.76 0.9075 0.03 0.08
0 0.72875 0.89875 0.0275 0.0825
0 0.69375 0.88875 0.0325 0.08