0 0.61 0.61875 0.02375 0.07
0 0.3825 0.1475 0.025 0.0725
0 0.41125 0.15125 0.0275 0.06875
0 0.4375 0.1675 0.01625 0.04
0 0.19875 0.2375 0.02875 0.07875
0 0.22875 0.24125 0.025 0.085
0 0.2625 0.24125 0.02125 0.08375
0 0.28875 0.24 0.02125 0.0775
0 0.34875 0.245 0.02625 0.0825
0 0.3775 0.24625 0.02625 0.08375
0 0.405 0.24625 0.02125 0.0825
0 0.4325 0.2425 0.02 0.0825
0 0.20375 0.345 0.025 0.08
0 0.23125 0.345 0.0225 0.08125
0 0.2575 0.3425 0.02125 0.09
0 0.35 0.15 0.03125 0.06875
0 0.28375 0.3375 0.02875 0.095
0 0.33625 0.3425 0.02625 0.09
0 0.3625 0.3575 0.0225 0.0725
0 0.3875 0.35875 0.02375 0.07
0 0.41375 0.36 0.025 0.0675
0 0.44 0.355 0.02125 0.07875
0 0.22375 0.45375 0.03 0.085
0 0.25875 0.45125 0.03125 0.09125
0 0.29 0.45 0.03 0.095
0 0.3225 0.46 0.0275 0.07
0 0.3625 0.46 0.025 0.07875
0 0.39375 0.4625 0.0325 0.07375
0 0.43 0.46375 0.03 0.0775
0 0.21875 0.55375 0.0275 0.075
0 0.24625 0.555 0.025 0.07375
0 0.3125 0.35875 0.02 0.06
0 0.3225 0.14625 0.02125 0.07
0 0.29 0.14375 0.02625 0.07125
0 0.2625 0.14375 0.025 0.07
0 0.85 0.2575 0.03 0.0875
0 0.8525 0.355 0.0225 0.085
0 0.82625 0.35375 0.02375 0.0875
0 0.7975 0.35625 0.0275 0.08375
0 0.86375 0.44375 0.02125 0.0825
0 0.83625 0.445 0.02375 0.08125
0 0.8525 0.535 0.03125 0.08
0 0.81625 0.53625 0.02875 0.0775
0 0.785 0.535 0.0275 0.07875
0 0.84875 0.62375 0.02625 0.08375
0 0.8125 0.62375 0.0325 0.07625
0 0.77875 0.625 0.0275 0.07625
0 0.845 0.6975 0.0275 0.045
0 0.8075 0.70875 0.0325 0.07125
0 0.77625 0.70875 0.025 0.0725
0 0.67375 0.79125 0.04 0.05
0 0.62375 0.78625 0.04375 0.055
0 0.2325 0.16875 0.0175 0.01875
0 0.20625 0.14375 0.02875 0.06875
0 0.64 0.62125 0.02875 0.0675
0 0.665 0.62125 0.02375 0.0675
0 0.6925 0.62 0.02125 0.0725
0 0.49875 0.71125 0.02875 0.08125
0 0.27625 0.55625 0.025 0.07625
0 0.52875 0.71125 0.0275 0.07875
0 0.5925 0.71 0.03 0.08625
0 0.6225 0.70875 0.02625 0.08375
0 0.655 0.71125 0.03125 0.08875
0 0.6875 0.7125 0.02875 0.085
0 0.505 0.7975 0.05 0.05125
0 0.57375 0.7825 0.04125 0.055
0 0.55875 0.71125 0.02875 0.0825
0 0.3025 0.555 0.02125 0.07625
0 0.3175 0.2425 0.02375 0.07875
0 0.35875 0.555 0.02375 0.0675
0 0.67625 0.3525 0.035 0.08625
0 0.64 0.35375 0.02875 0.0825
0 0.60375 0.35125 0.0325 0.085
0 0.56875 0.35 0.03 0.08625
0 0.33 0.55375 0.02625 0.06875
0 0.5325 0.3525 0.03 0.0875
0 0.71375 0.35375 0.03125 0.08375
0 0.50125 0.35375 0.025 0.0825
0 0.68125 0.26 0.03125 0.09625
0 0.6475 0.2575 0.0275 0.09375
0 0.61 0.25625 0.03625 0.0975
0 0.57125 0.25625 0.02875 0.09375
0 0.53875 0.255 0.02875 0.09
0 0.505 0.2575 0.0225 0.1025
0 0.71875 0.26 0.03125 0.10125
0 0.7275 0.1625 0.0275 0.08
0 0.49625 0.43875 0.02375 0.075
0 0.56375 0.43875 0.035 0.0775
0 0.55875 0.61625 0.0225 0.07625
0 0.535 0.61625 0.0225 0.075
0 0.5075 0.61875 0.0225 0.06875
0 0.70375 0.53125 0.0275 0.0825
0 0.66875 0.52875 0.02875 0.08625
0 0.63625 0.53125 0.0275 0.085
0 0.5275 0.44 0.03125 0.08
0 0.6025 0.52875 0.03125 0.0825
0 0.53875 0.52875 0.03 0.07875
0 0.50625 0.5275 0.02625 0.07875
0 0.70625 0.445 0.03 0.075
0 0.66875 0.4425 0.03875 0.07625
0 0.6325 0.44125 0.03125 0.07875
0 0.6 0.43875 0.03 0.08
0 0.57 0.53 0.0275 0.08
0 0.67125 0.1625 0.025 0.0875
0 0.585 0.62 0.02125 0.07125
0 0.61375 0.16125 0.0225 0.09375
0 0.41625 0.55625 0.02625 0.07125
0 0.21625 0.6425 0.0225 0.0575
0 0.2425 0.64125 0.025 0.05875
0 0.26625 0.64125 0.02125 0.0575
0 0.29 0.6425 0.02375 0.06125
0 0.315 0.64125 0.0175 0.06
0 0.3375 0.645 0.0225 0.05625
0 0.365 0.6425 0.02375 0.055
0 0.39125 0.64 0.02125 0.055
0 0.3875 0.55625 0.025 0.07
0 0.4175 0.64 0.025 0.05125
0 0.25 0.71 0.02125 0.05625
0 0.27375 0.7125 0.02125 0.05875
0 0.30125 0.71375 0.025 0.05625
0 0.325 0.71125 0.01875 0.055
0 0.35125 0.7025 0.02125 0.05375
0 0.6425 0.16375 0.025 0.08625
0 0.37125 0.71125 0.01875 0.0525
0 0.39375 0.71125 0.02 0.05375
0 0.42 0.7025 0.02125 0.05125
0 0.22625 0.71125 0.0225 0.05625
0 0.22375 0.79 0.0225 0.05125
0 0.28125 0.78875 0.02375 0.04875
0 0.2525 0.79 0.0275 0.04875
0 0.58625 0.16125 0.02375 0.0925
0 0.5575 0.1625 0.02375 0.0925
0 0.53125 0.16 0.0225 0.09125
0 0.5025 0.16125 0.02375 0.08625
0 0.43 0.7825 0.0225 0.0575
0 0.40375 0.78375 0.0275 0.05875
0 0.37375 0.7875 0.0275 0.0575
0 0.3125 0.78875 0.03 0.04875