0 0.62625 0.53875 0.02625 0.05
0 0.51125 0.52875 0.02125 0.065
0 0.655 0.54125 0.02625 0.0475
0 0.59875 0.5375 0.025 0.0475
0 0.56875 0.53125 0.02625 0.0625
0 0.53875 0.535 0.025 0.06375
0 0.485 0.5275 0.025 0.0675
0 0.3475 0.53375 0.025 0.06125
0 0.4325 0.535 0.01875 0.06
0 0.40375 0.5325 0.0275 0.0675
0 0.375 0.53125 0.0225 0.06125
0 0.31625 0.5325 0.03 0.06125
0 0.68625 0.54 0.02875 0.04625
0 0.28375 0.5275 0.02875 0.06375
0 0.45625 0.53125 0.0225 0.0575
0 0.725 0.5475 0.0425 0.04
0 0.63375 0.6275 0.01375 0.04625
0 0.7625 0.62875 0.01625 0.0425
0 0.255 0.53 0.025 0.0625
0 0.435 0.62125 0.01625 0.05
0 0.46 0.61625 0.01375 0.04375
0 0.48 0.62 0.01875 0.05
0 0.5025 0.6275 0.01125 0.0375
0 0.53875 0.6325 0.05125 0.02875
0 0.54125 0.6075 0.0425 0.01375
0 0.575 0.62125 0.01625 0.05625
0 0.595 0.6225 0.015 0.05625
0 0.61375 0.6225 0.02125 0.0575
0 0.275 0.34875 0.02 0.02125
0 0.6525 0.625 0.0175 0.04875
0 0.67625 0.62375 0.0275 0.05
0 0.715 0.62875 0.0225 0.05
0 0.74125 0.61875 0.0225 0.06375
0 0.76625 0.53375 0.02875 0.05875
0 0.25 0.4375 0.0225 0.06
0 0.61375 0.44 0.02125 0.0575
0 0.2425 0.3475 0.0225 0.025
0 0.6675 0.43875 0.02 0.0625
0 0.64 0.44125 0.02625 0.0575
0 0.41375 0.6325 0.01875 0.03
0 0.58875 0.44125 0.025 0.06
0 0.55875 0.44125 0.025 0.06125
0 0.53125 0.44125 0.0275 0.06
0 0.6925 0.44 0.02 0.06375
0 0.5025 0.4425 0.0275 0.06
0 0.44875 0.43125 0.0225 0.075
0 0.425 0.4425 0.0225 0.06
0 0.4 0.44125 0.0225 0.0625
0 0.375 0.44125 0.0275 0.05875
0 0.3475 0.44 0.02375 0.06125
0 0.3125 0.43125 0.0325 0.07
0 0.4725 0.435 0.02375 0.0675
0 0.73625 0.44875 0.04125 0.04
0 0.77125 0.35 0.01875 0.0525
0 0.75 0.3475 0.01875 0.05375
0 0.35625 0.33875 0.02 0.01875
0 0.35125 0.36 0.01875 0.02
0 0.37375 0.35875 0.02125 0.0225
0 0.39375 0.36125 0.015 0.02
0 0.42375 0.36375 0.02625 0.0175
0 0.4575 0.35875 0.0325 0.025
0 0.4825 0.32875 0.0275 0.03
0 0.4925 0.35875 0.0275 0.01875
0 0.5275 0.34875 0.0325 0.045
0 0.5625 0.35125 0.03 0.045
0 0.59875 0.34625 0.03375 0.0575
0 0.6325 0.35125 0.03125 0.0525
0 0.66375 0.35125 0.0275 0.0525
0 0.6925 0.3525 0.025 0.05375
0 0.7225 0.35 0.0325 0.055
0 0.2775 0.4375 0.02625 0.0625
0 0.39 0.62 0.02125 0.05
0 0.5925 0.71 0.0175 0.045
0 0.3325 0.62125 0.02375 0.05
0 0.49375 0.78875 0.02125 0.07
0 0.51875 0.79125 0.0175 0.0675
0 0.54625 0.78625 0.0175 0.05
0 0.58 0.785 0.02625 0.0625
0 0.60125 0.785 0.01375 0.06
0 0.3625 0.6175 0.0225 0.05125
0 0.6475 0.7925 0.02875 0.06375
0 0.67625 0.785 0.01375 0.055
0 0.3275 0.35 0.02125 0.02125
0 0.3 0.34875 0.01875 0.01875
0 0.3 0.32625 0.02 0.02
0 0.2725 0.325 0.02375 0.02
0 0.24125 0.32375 0.0275 0.01875
0 0.27 0.3025 0.0325 0.0175
0 0.2375 0.30125 0.02875 0.02125
0 0.75125 0.24375 0.0125 0.0575
0 0.73375 0.25625 0.0175 0.04375
0 0.23875 0.23875 0.0325 0.05125
0 0.27 0.23875 0.02875 0.05
0 0.30375 0.23875 0.0375 0.04875
0 0.3625 0.24 0.03375 0.055
0 0.51 0.24125 0.04 0.0575
0 0.53875 0.265 0.0125 0.0125
0 0.47 0.785 0.025 0.06125
0 0.5575 0.26625 0.02 0.0175
0 0.7275 0.77625 0.01875 0.0225
0 0.72 0.81 0.0625 0.03375
0 0.63125 0.19 0.0325 0.04125
0 0.63125 0.24375 0.03125 0.04625
0 0.66125 0.24875 0.0275 0.045
0 0.69125 0.2475 0.0325 0.05
0 0.595 0.245 0.03125 0.05
0 0.455 0.77 0.01 0.0275
0 0.615 0.77625 0.005 0.03
0 0.4125 0.78875 0.01625 0.06375
0 0.3075 0.62125 0.02625 0.0525
0 0.265 0.61625 0.02875 0.06375
0 0.26625 0.70125 0.02125 0.05625
0 0.2875 0.7025 0.02125 0.05625
0 0.31 0.70125 0.02125 0.05625
0 0.33875 0.7025 0.02125 0.05625
0 0.365 0.69875 0.02125 0.05625
0 0.38875 0.70125 0.02125 0.05625
0 0.43125 0.79 0.015 0.07125
0 0.445 0.7 0.02125 0.05625
0 0.46625 0.7 0.02125 0.05625
0 0.49 0.70375 0.02125 0.05625
0 0.55125 0.705 0.01375 0.06
0 0.56875 0.70375 0.01375 0.06
0 0.61625 0.71625 0.0175 0.04625
0 0.42125 0.70125 0.02125 0.05625
0 0.535 0.7125 0.01375 0.03875
0 0.64625 0.715 0.02875 0.045
0 0.39125 0.78625 0.0225 0.06375
0 0.3675 0.79125 0.01625 0.05875
0 0.35125 0.795 0.0175 0.05875
0 0.32875 0.79375 0.02 0.0625
0 0.28875 0.78875 0.015 0.06375
0 0.26875 0.78875 0.0125 0.0575
0 0.30875 0.795 0.0125 0.05875
0 0.7175 0.72 0.04 0.0275
0 0.68375 0.6975 0.0175 0.04
0 0.7225 0.69 0.0525 0.0275
0 0.6675 0.71 0.01125 0.03375
0 0.50875 0.71 0.01125 0.0375
0 0.5225 0.71125 0.01125 0.03875
0 0.7575 0.71125 0.0125 0.0475