0 0.69625 0.57 0.035 0.03
0 0.60875 0.56 0.045 0.03875
0 0.725 0.58625 0.01125 0.0325
0 0.655 0.57875 0.03875 0.02625
0 0.695 0.5425 0.03375 0.0175
0 0.655 0.545 0.04 0.03625
0 0.34625 0.5925 0.025 0.02
0 0.70875 0.48875 0.035 0.01875
0 0.73625 0.49 0.01625 0.05125
0 0.7525 0.48875 0.015 0.04875
0 0.77125 0.485 0.0175 0.05875
0 0.74 0.5825 0.015 0.02375
0 0.37875 0.56125 0.04 0.04375
0 0.66875 0.49125 0.0425 0.0225
0 0.7575 0.58625 0.01375 0.03125
0 0.7275 0.6675 0.00875 0.03125
0 0.77625 0.665 0.0075 0.03875
0 0.75375 0.66375 0.01125 0.03125
0 0.755 0.6325 0.0125 0.03125
0 0.7425 0.63625 0.0125 0.03125
0 0.74 0.6675 0.0125 0.02875
0 0.7175 0.67 0.00875 0.03125
0 0.72125 0.6375 0.01125 0.03
0 0.73125 0.6375 0.00625 0.02875
0 0.69375 0.62125 0.03625 0.03125
0 0.7025 0.6775 0.01625 0.04125
0 0.6825 0.6825 0.0175 0.0375
0 0.65875 0.6825 0.0225 0.04375
0 0.63 0.68375 0.03125 0.045
0 0.57375 0.69 0.0225 0.04875
0 0.76625 0.665 0.01125 0.03875
0 0.555 0.57625 0.04875 0.04625
0 0.4 0.4975 0.04375 0.0375
0 0.67 0.4675 0.03625 0.0225
0 0.49 0.19 0.04375 0.0275
0 0.5375 0.19 0.05125 0.03
0 0.585 0.195 0.0425 0.02
0 0.58625 0.1725 0.0425 0.0225
0 0.6275 0.19375 0.04 0.02
0 0.66875 0.19375 0.04125 0.02125
0 0.71 0.19125 0.04 0.0275
0 0.75625 0.16875 0.045 0.0675
0 0.73625 0.31375 0.0375 0.02875
0 0.7625 0.26375 0.035 0.065
0 0.72625 0.26125 0.02375 0.06
0 0.70125 0.26 0.0225 0.06375
0 0.38625 0.18625 0.0525 0.03125
0 0.6575 0.26625 0.0175 0.05125
0 0.5975 0.26875 0.02 0.04875
0 0.57125 0.26625 0.01875 0.05125
0 0.55375 0.27 0.015 0.05375
0 0.5375 0.26625 0.0125 0.05625
0 0.52375 0.2675 0.01375 0.055
0 0.50875 0.2675 0.01375 0.055
0 0.49 0.2725 0.0225 0.0475
0 0.4675 0.2725 0.02 0.045
0 0.45 0.2675 0.015 0.055
0 0.435 0.2675 0.01375 0.05875
0 0.4125 0.2725 0.0275 0.0475
0 0.38625 0.27375 0.02375 0.05
0 0.63875 0.26625 0.0175 0.0525
0 0.3575 0.27625 0.02875 0.03875
0 0.44 0.18875 0.0525 0.03
0 0.385 0.155 0.05 0.03375
0 0.5725 0.75875 0.02125 0.0275
0 0.58125 0.79625 0.03125 0.0325
0 0.60625 0.78 0.01625 0.05125
0 0.64875 0.7675 0.0225 0.06375
0 0.67375 0.77 0.025 0.04
0 0.705 0.77125 0.03375 0.04
0 0.73625 0.755 0.0225 0.0625
0 0.76 0.75125 0.025 0.05375
0 0.49875 0.7925 0.025 0.0675
0 0.47125 0.79125 0.02875 0.0675
0 0.44125 0.79625 0.0275 0.0775
0 0.415 0.8 0.025 0.07125
0 0.4375 0.155 0.0525 0.03375
0 0.38625 0.80125 0.02625 0.075
0 0.33 0.8 0.03 0.065
0 0.29875 0.8225 0.03 0.07875
0 0.27 0.82 0.02375 0.07375
0 0.24625 0.82 0.0225 0.05875
0 0.4825 0.7 0.02125 0.05125
0 0.46 0.70125 0.02125 0.0525
0 0.43625 0.70375 0.02625 0.05125
0 0.41 0.70625 0.0225 0.0575
0 0.24 0.18375 0.04 0.03375
0 0.2875 0.18625 0.05125 0.03125
0 0.33625 0.1625 0.0425 0.025
0 0.3375 0.1875 0.0425 0.02625
0 0.3575 0.79625 0.025 0.0575
0 0.32875 0.2775 0.025 0.0375
0 0.32625 0.235 0.02 0.03
0 0.3525 0.2375 0.03 0.035
0 0.535 0.43 0.0325 0.0125
0 0.46625 0.42 0.035 0.04
0 0.42875 0.42125 0.035 0.04125
0 0.39375 0.42375 0.0325 0.04625
0 0.3525 0.4225 0.03625 0.04
0 0.295 0.425 0.0375 0.0425
0 0.2525 0.42875 0.03875 0.04
0 0.23125 0.5175 0.02125 0.0325
0 0.23 0.4825 0.02 0.0375
0 0.26 0.48125 0.03375 0.03375
0 0.26 0.51375 0.0325 0.0275
0 0.295 0.5175 0.03 0.015
0 0.53625 0.415 0.02875 0.01125
0 0.30375 0.48875 0.03 0.03125
0 0.34 0.51875 0.025 0.0125
0 0.3675 0.50875 0.02125 0.01125
0 0.45125 0.46875 0.04125 0.03125
0 0.49125 0.4675 0.03875 0.0275
0 0.53375 0.465 0.04375 0.03375
0 0.57875 0.46 0.0425 0.025
0 0.58375 0.4925 0.04 0.03125
0 0.5375 0.4975 0.0475 0.02625
0 0.4925 0.49875 0.04125 0.03125
0 0.45 0.50125 0.04375 0.03
0 0.62625 0.49375 0.03875 0.025
0 0.62625 0.4675 0.03875 0.02625
0 0.33375 0.485 0.03 0.02875
0 0.5375 0.4 0.03 0.01625
0 0.56625 0.415 0.02625 0.04125
0 0.59375 0.4125 0.0275 0.04625
0 0.3075 0.2675 0.01625 0.04875
0 0.2875 0.26875 0.0225 0.0525
0 0.25875 0.2675 0.035 0.05625
0 0.23 0.2725 0.0175 0.04625
0 0.2575 0.36125 0.04 0.0475
0 0.295 0.35875 0.035 0.0425
0 0.32875 0.36 0.03125 0.04875
0 0.36375 0.36 0.0375 0.04875
0 0.4 0.35875 0.0375 0.04625
0 0.4375 0.35875 0.03375 0.0475
0 0.47 0.3575 0.0325 0.045
0 0.50375 0.3575 0.03125 0.045
0 0.53625 0.35625 0.03375 0.04375
0 0.57 0.36125 0.03375 0.03375
0 0.57125 0.3275 0.03375 0.03375
0 0.6 0.3275 0.02 0.0275
0 0.60375 0.36 0.025 0.02625
0 0.635 0.3575 0.03875 0.02625
0 0.67625 0.35625 0.03875 0.03
0 0.72 0.3425 0.0425 0.0175
0 0.71625 0.3625 0.04 0.01625
0 0.7675 0.3975 0.02125 0.0525
0 0.75 0.40625 0.01 0.03875
0 0.73625 0.40625 0.015 0.0375
0 0.71125 0.41375 0.03 0.02375
0 0.66625 0.4175 0.035 0.025
0 0.625 0.4175 0.0325 0.02375
0 0.705 0.465 0.03375 0.01875
0 0.62 0.2675 0.02 0.05
0 0.52625 0.78875 0.02375 0.05875
0 0.2625 0.73625 0.025 0.03
0 0.23625 0.74125 0.02375 0.03625
0 0.55125 0.69125 0.0225 0.05
0 0.38875 0.71125 0.0175 0.05125
0 0.36375 0.71375 0.02625 0.055
0 0.335 0.7175 0.02625 0.05375
0 0.2875 0.72375 0.0225 0.0525
0 0.37 0.65 0.04375 0.0275
0 0.3375 0.665 0.0175 0.01125
0 0.3025 0.6575 0.04125 0.03625
0 0.31125 0.72125 0.01875 0.045
0 0.54875 0.7875 0.02125 0.06
0 0.41375 0.64625 0.0425 0.025
0 0.46 0.64 0.045 0.0275
0 0.50875 0.63625 0.04875 0.02625
0 0.55625 0.63125 0.045 0.0225
0 0.65375 0.61875 0.02625 0.02625
0 0.6125 0.63125 0.05 0.01875
0 0.5025 0.69625 0.01625 0.035
0 0.25875 0.665 0.04375 0.035
0 0.52875 0.6975 0.01875 0.04375