0 0.32875 0.65875 0.0175 0.05
0 0.3075 0.65875 0.01875 0.04875
0 0.28375 0.65875 0.02 0.05125
0 0.2625 0.6625 0.02125 0.05125
0 0.35125 0.66 0.02125 0.0475
0 0.5825 0.5025 0.02 0.05625
0 0.375 0.66 0.02 0.05
0 0.4 0.67125 0.025 0.02375
0 0.42625 0.67125 0.025 0.0225
0 0.4 0.645 0.02625 0.025
0 0.42625 0.645 0.025 0.02625
0 0.24 0.66125 0.01875 0.05125
0 0.38 0.4375 0.025 0.03
0 0.35 0.4075 0.025 0.0275
0 0.3775 0.40625 0.02625 0.03125
0 0.6625 0.665 0.02 0.01375
0 0.66375 0.67875 0.02125 0.01375
0 0.64 0.6475 0.02125 0.0175
0 0.14875 0.42 0.02 0.05875
0 0.08375 0.67625 0.0175 0.055
0 0.18 0.6625 0.0175 0.0525
0 0.1575 0.58125 0.0175 0.06
0 0.1775 0.58375 0.01875 0.05625
0 0.20625 0.58375 0.02 0.05625
0 0.22625 0.585 0.0175 0.05375
0 0.19875 0.66125 0.0175 0.05375
0 0.21875 0.6625 0.02 0.0525
0 0.06125 0.68 0.02 0.0475
0 0.0425 0.675 0.0125 0.0575
0 0.0225 0.6775 0.01625 0.05375
0 0.00625 0.67875 0.01125 0.0575
0 0.75375 0.65625 0.01625 0.0425
0 0.07875 0.59625 0.01375 0.04
0 0.43 0.4 0.02375 0.02875
0 0.4625 0.43375 0.0225 0.03625
0 0.435 0.43375 0.025 0.0375
0 0.405 0.4075 0.02375 0.02875
0 0.40625 0.43625 0.02375 0.0275
0 0.54375 0.655 0.01625 0.05125
0 0.56375 0.655 0.02125 0.05125
0 0.01875 0.5975 0.0175 0.04375
0 0.6375 0.67875 0.0225 0.01125
0 0.4625 0.56625 0.0225 0.03125
0 0.55125 0.58125 0.01625 0.05375
0 0.5675 0.58125 0.015 0.0525
0 0.3 0.42875 0.025 0.04375
0 0.325 0.42875 0.0225 0.04375
0 0.3525 0.4375 0.0275 0.0275
0 0.37875 0.50625 0.02125 0.04625
0 0.41125 0.51125 0.02625 0.0375
0 0.46125 0.5975 0.02375 0.02875
0 0.4375 0.51125 0.02625 0.03875
0 0.46375 0.4825 0.02375 0.02375
0 0.40875 0.4825 0.0275 0.0175
0 0.5375 0.50375 0.0175 0.05
0 0.59375 0.58125 0.0175 0.055
0 0.67375 0.52125 0.02375 0.03
0 0.65125 0.52125 0.02 0.03125
0 0.62875 0.52125 0.0225 0.03125
0 0.605 0.52 0.0225 0.03125
0 0.4625 0.5125 0.0225 0.0325
0 0.435 0.56625 0.02375 0.03125
0 0.435 0.59625 0.02625 0.02875
0 0.40875 0.56625 0.02625 0.02875
0 0.06 0.59625 0.02125 0.04125
0 0.03375 0.59625 0.01375 0.0425
0 0.5625 0.50375 0.0175 0.055
0 0.8625 0.65625 0.0175 0.04875
0 0.84375 0.655 0.01375 0.04375
0 0.255 0.58375 0.02375 0.0525
0 0.28375 0.58625 0.0225 0.05125
0 0.30625 0.585 0.0225 0.0525
0 0.33625 0.315 0.06625 0.10125
0 0.63875 0.66375 0.01875 0.01375
0 0.17375 0.425 0.0275 0.05125
0 0.2 0.42625 0.025 0.05375
0 0.33 0.58625 0.025 0.0525
0 0.35625 0.58375 0.025 0.0575
0 0.38125 0.5825 0.02375 0.055
0 0.2275 0.435 0.02 0.03125
0 0.24875 0.42125 0.02 0.05625
0 0.275 0.42125 0.02 0.0575
0 0.4075 0.595 0.0275 0.02875
0 0.5975 0.67125 0.0275 0.03625
0 0.6625 0.64875 0.02 0.01625
0 0.77 0.6575 0.015 0.04125
0 0.68625 0.665 0.02 0.015
0 0.18125 0.50375 0.01875 0.05625
0 0.2025 0.50375 0.02375 0.05625
0 0.25375 0.5025 0.02625 0.0575
0 0.27875 0.5025 0.025 0.05625
0 0.30375 0.50875 0.01625 0.045
0 0.32125 0.50875 0.01625 0.04625
0 0.33875 0.5075 0.0175 0.04375
0 0.35875 0.50625 0.01875 0.04625
0 0.16 0.50375 0.02125 0.0575
0 0.805 0.655 0.02 0.04625
0 0.02125 0.3175 0.03125 0.0225
0 0.15875 0.30875 0.1225 0.11
0 0.865 0.50625 0.0375 0.05375
0 0.82375 0.50625 0.04 0.05625
0 0.7825 0.50625 0.04 0.05625
0 0.745 0.50625 0.03625 0.055
0 0.70625 0.50625 0.0375 0.05625
0 0.685 0.68 0.02 0.01375
0 0.05875 0.32125 0.02625 0.01625
0 0.67375 0.49 0.02 0.03
0 0.07375 0.51625 0.01625 0.04875
0 0.03625 0.51625 0.02 0.04625
0 0.58625 0.43375 0.01375 0.0475
0 0.60125 0.4325 0.015 0.0475
0 0.45625 0.39875 0.025 0.03
0 0.55 0.42625 0.01375 0.05625
0 0.5675 0.4275 0.02 0.0525
0 0.61625 0.43375 0.015 0.04625
0 0.6325 0.4325 0.0175 0.0475
0 0.64875 0.43375 0.0125 0.04625
0 0.05625 0.51625 0.0175 0.04875
0 0.6675 0.435 0.02 0.0425
0 0.7425 0.44125 0.025 0.03
0 0.7275 0.415 0.02 0.01625
0 0.77625 0.42875 0.03875 0.0575
0 0.81375 0.4275 0.035 0.05375
0 0.8525 0.4275 0.04125 0.055
0 0.435 0.315 0.125 0.10375
0 0.52375 0.35875 0.015 0.04
0 0.01625 0.5175 0.02 0.045
0 0.71875 0.44 0.02 0.0325
0 0.65125 0.49 0.0225 0.03125
0 0.05625 0.34375 0.0275 0.0275
0 0.60375 0.4925 0.02 0.02
0 0.62875 0.49 0.0225 0.03125
0 0.00875 0.34375 0.0175 0.0275
0 0.66 0.3475 0.05375 0.06125
0 0.70875 0.35 0.035 0.05625
0 0.74625 0.35 0.03625 0.05625
0 0.78125 0.35 0.035 0.05625
0 0.82 0.35 0.03875 0.055
0 0.85875 0.35 0.035 0.05625
0 0.73125 0.65125 0.02 0.02125
0 0.00625 0.42875 0.0125 0.0525
0 0.02625 0.425 0.025 0.05875
0 0.0525 0.43125 0.01375 0.04625
0 0.0675 0.43125 0.01625 0.0475
0 0.73 0.6725 0.02 0.01875
0 0.7075 0.64875 0.01875 0.01625
0 0.7075 0.66875 0.01875 0.0225
0 0.68625 0.64875 0.02125 0.0175
0 0.78625 0.6575 0.01625 0.04125
0 0.53875 0.36 0.01625 0.03875
0 0.02875 0.345 0.02125 0.0275
0 0.6325 0.58125 0.02 0.05375
0 0.2625 0.3 0.07875 0.10125
0 0.5775 0.34875 0.01875 0.0525
0 0.55375 0.36 0.01 0.04
0 0.16 0.66125 0.01875 0.0525
0 0.8375 0.56375 0.01625 0.0175
0 0.8575 0.5925 0.02125 0.03125
0 0.83875 0.59125 0.01625 0.03125
0 0.82125 0.5925 0.01875 0.0325
0 0.805 0.58625 0.0125 0.045
0 0.6125 0.58125 0.02 0.055
0 0.8275 0.65625 0.0175 0.04375
0 0.79 0.585 0.015 0.045
0 0.77625 0.5875 0.01125 0.04125
0 0.75875 0.58125 0.015 0.0525
0 0.74125 0.5825 0.02 0.055
0 0.7225 0.5825 0.01625 0.055
0 0.705 0.58125 0.0175 0.0525
0 0.67875 0.58375 0.01625 0.05125
0 0.66125 0.5825 0.015 0.05
0 0.65 0.585 0.00875 0.045