0 0.84125 0.51125 0.05375 0.05
0 0.785 0.51375 0.05625 0.055
0 0.655 0.8225 0.0525 0.045
0 0.435 0.88625 0.0575 0.05125
0 0.49125 0.83375 0.05 0.045
0 0.49 0.8825 0.05 0.05
0 0.54625 0.83 0.05125 0.045
0 0.545 0.88 0.0575 0.04625
0 0.60125 0.8275 0.055 0.04625
0 0.60125 0.875 0.0525 0.04625
0 0.65375 0.87125 0.05 0.04875
0 0.71 0.71875 0.05625 0.0525
0 0.765 0.71625 0.04375 0.05875
0 0.81375 0.7075 0.04625 0.05
0 0.85625 0.705 0.03625 0.05375
0 0.435 0.83625 0.0575 0.04625
0 0.7125 0.77 0.04875 0.0425
0 0.8175 0.75875 0.0425 0.04375
0 0.8575 0.7575 0.035 0.04625
0 0.70875 0.81875 0.05 0.04375
0 0.7625 0.81625 0.05125 0.0475
0 0.81375 0.80625 0.045 0.03875
0 0.85625 0.80375 0.03625 0.04375
0 0.70875 0.865 0.05 0.04375
0 0.765 0.865 0.05375 0.04375
0 0.815 0.8525 0.04375 0.04125
0 0.855 0.85125 0.03625 0.04375
0 0.19 0.75875 0.0675 0.04625
0 0.4875 0.65625 0.05375 0.04625
0 0.76375 0.76875 0.04625 0.045
0 0.3775 0.89 0.055 0.055
0 0.3775 0.84125 0.05625 0.04125
0 0.32 0.89375 0.0575 0.05
0 0.14 0.76 0.02875 0.0525
0 0.85875 0.635 0.03125 0.05125
0 0.81625 0.6375 0.05125 0.0475
0 0.76125 0.63875 0.05625 0.0525
0 0.7075 0.6425 0.0525 0.045
0 0.65125 0.64625 0.05 0.0525
0 0.59875 0.64875 0.05375 0.0475
0 0.545 0.65125 0.055 0.055
0 0.315 0.74 0.06 0.04875
0 0.4275 0.735 0.06125 0.0475
0 0.14375 0.8125 0.03375 0.05
0 0.145 0.8625 0.03375 0.04625
0 0.14875 0.91 0.0425 0.04625
0 0.1925 0.8075 0.05375 0.04625
0 0.1925 0.855 0.05375 0.05
0 0.2 0.90875 0.05875 0.05
0 0.25375 0.8025 0.05625 0.04375
0 0.2525 0.8525 0.06125 0.0475
0 0.26 0.90375 0.05625 0.04375
0 0.31625 0.79625 0.05625 0.0475
0 0.37125 0.79125 0.05375 0.0575
0 0.43125 0.7875 0.05625 0.04625
0 0.48875 0.78375 0.05375 0.0525
0 0.545 0.78125 0.05375 0.04625
0 0.6 0.775 0.055 0.0575
0 0.655 0.7725 0.05375 0.0475
0 0.315 0.84625 0.05875 0.045
0 0.42875 0.66 0.06 0.0575
0 0.37125 0.6625 0.05 0.0525
0 0.255 0.7475 0.05 0.05625
0 0.2475 0.67 0.0625 0.05375
0 0.24125 0.47875 0.0575 0.06375
0 0.1725 0.47875 0.07375 0.05875
0 0.8525 0.305 0.03875 0.145
0 0.8075 0.305 0.0475 0.14625
0 0.76125 0.30625 0.04375 0.145
0 0.7125 0.3075 0.04875 0.14875
0 0.66125 0.31 0.04625 0.14875
0 0.61375 0.31375 0.04625 0.15625
0 0.565 0.31625 0.04875 0.1525
0 0.51375 0.31375 0.05375 0.15
0 0.46125 0.3125 0.05 0.15375
0 0.41 0.315 0.05 0.15875
0 0.35875 0.315 0.055 0.16
0 0.30625 0.3125 0.04875 0.155
0 0.25375 0.3125 0.05375 0.15625
0 0.305 0.475 0.06875 0.0575
0 0.2 0.31125 0.05125 0.155
0 0.37375 0.47375 0.0575 0.06
0 0.495 0.47125 0.05875 0.0575
0 0.72625 0.51875 0.05375 0.04375
0 0.66625 0.52 0.05625 0.04875
0 0.61125 0.52 0.055 0.04875
0 0.55125 0.52625 0.05375 0.055
0 0.49625 0.53 0.05625 0.05
0 0.43625 0.53 0.05625 0.05375
0 0.3775 0.53125 0.05875 0.05
0 0.78375 0.46 0.0525 0.0525
0 0.72625 0.465 0.05875 0.06
0 0.6675 0.46625 0.055 0.05875
0 0.3075 0.53375 0.0625 0.05125
0 0.2425 0.54 0.06 0.05875
0 0.1775 0.54 0.0675 0.05875
0 0.61 0.46625 0.05375 0.05375
0 0.55375 0.46875 0.055 0.055
0 0.4325 0.47125 0.06125 0.05625
0 0.3125 0.665 0.06 0.055
0 0.15 0.31375 0.0475 0.1525
0 0.7775 0.115 0.05875 0.16375
0 0.18125 0.6725 0.06375 0.04875
0 0.6525 0.5925 0.05375 0.05
0 0.59875 0.595 0.0525 0.05625
0 0.8375 0.115 0.06 0.165
0 0.4875 0.60125 0.055 0.0575
0 0.425 0.6025 0.06125 0.05375
0 0.305 0.61 0.06125 0.05125
0 0.24125 0.6125 0.055 0.05625
0 0.18 0.615 0.06125 0.0575
0 0.14625 0.1125 0.04 0.17375
0 0.5425 0.5975 0.055 0.05
0 0.25625 0.1075 0.0725 0.17625
0 0.32125 0.10875 0.0575 0.17125
0 0.3825 0.10875 0.0625 0.1725
0 0.44125 0.11125 0.05125 0.16875
0 0.4975 0.11125 0.06 0.16875
0 0.56 0.11375 0.065 0.165
0 0.61625 0.1125 0.04625 0.16375
0 0.71875 0.11375 0.0575 0.1675
0 0.19375 0.10875 0.0525 0.18
0 0.665 0.1125 0.0475 0.165