0 0.7525 0.48875 0.0225 0.04875
0 0.57125 0.49625 0.025 0.04875
0 0.5925 0.49 0.01125 0.05875
0 0.61375 0.49 0.02125 0.05625
0 0.65375 0.49 0.03 0.05375
0 0.67875 0.49 0.0175 0.05375
0 0.72625 0.495 0.025 0.0375
0 0.7 0.49 0.02 0.05
0 0.5825 0.31125 0.01625 0.045
0 0.64375 0.31625 0.01625 0.03875
0 0.625 0.29375 0.0125 0.01375
0 0.61125 0.3175 0.015 0.0325
0 0.49875 0.485 0.0525 0.07375
0 0.45 0.49 0.035 0.06625
0 0.415 0.49125 0.0275 0.06625
0 0.38625 0.48875 0.0275 0.06875
0 0.55875 0.3075 0.0175 0.03875
0 0.52625 0.27875 0.04 0.09375
0 0.4775 0.2925 0.02375 0.06125
0 0.54375 0.51125 0.02625 0.025
0 0.42125 0.28625 0.02875 0.0625
0 0.795 0.3975 0.02625 0.0525
0 0.33 0.49125 0.0375 0.0725
0 0.67 0.31875 0.015 0.0375
0 0.6875 0.32 0.0125 0.03875
0 0.70125 0.32125 0.0125 0.03875
0 0.71625 0.3225 0.0125 0.03875
0 0.7375 0.325 0.0125 0.03375
0 0.75375 0.32 0.0175 0.0525
0 0.7725 0.32375 0.015 0.0475
0 0.7975 0.325 0.0225 0.05
0 0.82 0.325 0.01875 0.05125
0 0.84375 0.34875 0.025 0.01875
0 0.335 0.37625 0.03625 0.06
0 0.15625 0.3375 0.0275 0.07125
0 0.14875 0.23875 0.04 0.0575
0 0.19 0.24 0.03375 0.0525
0 0.225 0.24875 0.03 0.045
0 0.26125 0.26125 0.035 0.07625
0 0.29625 0.26625 0.0325 0.08125
0 0.33 0.2725 0.03125 0.0675
0 0.3625 0.2775 0.03 0.06625
0 0.7775 0.4875 0.02125 0.04875
0 0.39125 0.28125 0.025 0.0625
0 0.39875 0.375 0.02875 0.07125
0 0.36 0.48875 0.0175 0.06625
0 0.42875 0.37875 0.025 0.0675
0 0.50625 0.37875 0.05375 0.065
0 0.29 0.49 0.02625 0.06875
0 0.25875 0.49 0.03125 0.06875
0 0.14 0.4425 0.02875 0.085
0 0.22375 0.46 0.03375 0.085
0 0.185 0.475 0.0425 0.05375
0 0.86125 0.3975 0.025 0.05875
0 0.82875 0.395 0.03625 0.05875
0 0.45125 0.28875 0.025 0.0625
0 0.765 0.4025 0.015 0.03875
0 0.74125 0.38875 0.02875 0.0625
0 0.7075 0.38875 0.0375 0.06
0 0.18875 0.33625 0.03375 0.07875
0 0.22625 0.35375 0.0325 0.04
0 0.26625 0.35875 0.0325 0.08375
0 0.30125 0.3625 0.03 0.08125
0 0.6725 0.39 0.02875 0.06375
0 0.63625 0.39375 0.03375 0.04875
0 0.59 0.3925 0.0175 0.0375
0 0.5725 0.40375 0.01375 0.025
0 0.56875 0.37125 0.0175 0.03125
0 0.54625 0.38875 0.0225 0.0475
0 0.46 0.37625 0.0325 0.075
0 0.80125 0.49 0.02125 0.04375
0 0.60875 0.405 0.015 0.025
0 0.85125 0.50125 0.02625 0.02875
0 0.64375 0.7 0.02625 0.10375
0 0.61625 0.70375 0.02375 0.10625
0 0.59125 0.7075 0.02125 0.10875
0 0.565 0.71 0.0275 0.10375
0 0.535 0.71375 0.02875 0.1025
0 0.50125 0.72125 0.03625 0.1075
0 0.465 0.72375 0.02625 0.11125
0 0.43 0.72875 0.04125 0.11625
0 0.38875 0.735 0.0375 0.11875
0 0.3425 0.7375 0.0375 0.12
0 0.3025 0.73625 0.0175 0.10375
0 0.27625 0.74375 0.03125 0.1225
0 0.23 0.7225 0.04 0.05875
0 0.15125 0.7075 0.0325 0.09875
0 0.3175 0.60875 0.02125 0.1075
0 0.29125 0.6125 0.025 0.10375
0 0.25875 0.60875 0.03125 0.12
0 0.2225 0.61125 0.015 0.035
0 0.1975 0.58375 0.02875 0.09125
0 0.16625 0.59 0.02125 0.0825
0 0.14 0.59125 0.025 0.085
0 0.3425 0.61 0.0225 0.10625
0 0.3675 0.60875 0.0225 0.10125
0 0.3925 0.6075 0.02125 0.1025
0 0.41625 0.6025 0.0225 0.10875
0 0.67375 0.695 0.03 0.09625
0 0.43875 0.6025 0.02125 0.10375
0 0.7075 0.69125 0.0325 0.09625
0 0.7925 0.67625 0.0275 0.09
0 0.86375 0.7775 0.01625 0.08625
0 0.845 0.79125 0.0175 0.0975
0 0.82625 0.80625 0.01875 0.0825
0 0.79875 0.80375 0.03125 0.09375
0 0.7625 0.80875 0.02375 0.0975
0 0.6825 0.81 0.01 0.10375
0 0.73 0.8225 0.03875 0.09875
0 0.65875 0.845 0.03375 0.1075
0 0.6275 0.84 0.02625 0.12375
0 0.59375 0.85125 0.03625 0.13125
0 0.5525 0.85625 0.04125 0.13125
0 0.50875 0.87 0.0375 0.12125
0 0.47 0.88875 0.035 0.11125
0 0.43 0.89 0.04 0.12625
0 0.38 0.89875 0.05 0.12625
0 0.32 0.9225 0.0525 0.08875
0 0.27375 0.91 0.035 0.12875
0 0.23875 0.935 0.03125 0.1275
0 0.20375 0.9425 0.035 0.115
0 0.16625 0.94125 0.03125 0.11625
0 0.1375 0.94625 0.02375 0.1075
0 0.21875 0.79875 0.0525 0.0625
0 0.1575 0.81375 0.06375 0.07
0 0.86375 0.67 0.0225 0.09
0 0.83625 0.67125 0.025 0.08625
0 0.74125 0.685 0.02875 0.0925
0 0.4625 0.6025 0.02125 0.0975
0 0.1875 0.70125 0.0325 0.10375
0 0.7775 0.5925 0.02375 0.05
0 0.825 0.4925 0.01875 0.0375
0 0.6975 0.59875 0.03625 0.0575
0 0.86375 0.2275 0.01 0.07625
0 0.8475 0.23125 0.01875 0.06125
0 0.825 0.2175 0.015 0.085
0 0.8025 0.21 0.02375 0.09375
0 0.77875 0.21125 0.02 0.08375
0 0.73875 0.20875 0.04125 0.0725
0 0.7075 0.195 0.01125 0.08875
0 0.74375 0.60125 0.0375 0.0475
0 0.685 0.1875 0.03 0.1025
0 0.635 0.19375 0.02125 0.07125
0 0.59875 0.1975 0.03125 0.05375
0 0.56625 0.18875 0.03125 0.06125
0 0.53625 0.17 0.02375 0.0925
0 0.5025 0.15625 0.04 0.1075
0 0.45375 0.14625 0.05125 0.11625
0 0.48 0.5975 0.01125 0.09875
0 0.3975 0.14125 0.04 0.105
0 0.33875 0.13125 0.07375 0.10125
0 0.65625 0.19875 0.0175 0.07375
0 0.15875 0.11 0.04875 0.1
0 0.2075 0.1275 0.045 0.07875
0 0.82625 0.58875 0.01625 0.04875
0 0.84625 0.58875 0.01875 0.05
0 0.8675 0.58625 0.015 0.04875
0 0.505 0.59875 0.02 0.09625
0 0.52625 0.61 0.01875 0.07125
0 0.54875 0.6075 0.0225 0.0675
0 0.61625 0.62875 0.02375 0.015
0 0.5825 0.60875 0.04 0.06375
0 0.6275 0.61 0.03125 0.01875
0 0.66 0.60625 0.03125 0.055
0 0.805 0.595 0.02125 0.04375