0 0.5175 0.1375 0.0375 0.12125
0 0.47125 0.14125 0.04625 0.115
0 0.41625 0.14375 0.0425 0.1125
0 0.37625 0.14625 0.03375 0.11125
0 0.3225 0.1425 0.04625 0.12125
0 0.2225 0.14 0.14 0.1225
0 0.135 0.15125 0.01875 0.1125
0 0.83125 0.665 0.0425 0.07875
0 0.45125 0.77375 0.03875 0.0625
0 0.6 0.13875 0.03875 0.11875
0 0.81125 0.4175 0.0425 0.1
0 0.135 0.5475 0.01875 0.09625
0 0.16875 0.5475 0.0375 0.10125
0 0.21125 0.55125 0.03875 0.1025
0 0.255 0.54875 0.04 0.1025
0 0.2975 0.54875 0.035 0.1
0 0.33875 0.545 0.03375 0.1025
0 0.37125 0.54625 0.025 0.1
0 0.40875 0.5475 0.02875 0.10125
0 0.43875 0.55 0.02625 0.09875
0 0.515 0.55375 0.10875 0.1025
0 0.5925 0.545 0.03375 0.1075
0 0.6325 0.5425 0.03625 0.1025
0 0.67 0.54125 0.0325 0.1025
0 0.725 0.545 0.0375 0.10375
0 0.76625 0.5425 0.03375 0.10625
0 0.80375 0.57625 0.02875 0.03
0 0.85125 0.5425 0.0425 0.10375
0 0.16125 0.66875 0.055 0.0775
0 0.225 0.66625 0.0575 0.0725
0 0.28125 0.66625 0.04375 0.075
0 0.34125 0.66625 0.05625 0.075
0 0.40125 0.66625 0.05625 0.07125
0 0.4625 0.6625 0.05125 0.07375
0 0.5225 0.665 0.0525 0.07625
0 0.57875 0.65 0.05125 0.06
0 0.6425 0.665 0.0575 0.0775
0 0.7175 0.67 0.07875 0.07875
0 0.78125 0.6675 0.04625 0.0775
0 0.7675 0.4175 0.0375 0.10375
0 0.55875 0.1375 0.0375 0.12
0 0.7275 0.41875 0.035 0.105
0 0.65 0.41875 0.03125 0.0925
0 0.68125 0.13625 0.02875 0.1225
0 0.74125 0.13125 0.04875 0.12375
0 0.84125 0.13 0.0475 0.1275
0 0.15875 0.28875 0.04 0.1125
0 0.2 0.2925 0.0375 0.1025
0 0.24625 0.2925 0.04375 0.10375
0 0.2975 0.28625 0.05125 0.11375
0 0.35125 0.28875 0.045 0.115
0 0.49625 0.775 0.0375 0.0575
0 0.395 0.28625 0.03375 0.11625
0 0.435 0.28375 0.03625 0.11125
0 0.47625 0.28625 0.0425 0.1075
0 0.53125 0.2875 0.05125 0.09625
0 0.60125 0.285 0.0525 0.11125
0 0.64875 0.28375 0.02875 0.11125
0 0.69375 0.28125 0.05375 0.1125
0 0.74375 0.27625 0.0375 0.1075
0 0.82125 0.27875 0.105 0.12
0 0.14 0.42125 0.02875 0.10625
0 0.17375 0.42125 0.02 0.095
0 0.21 0.4225 0.04375 0.105
0 0.2525 0.42125 0.03125 0.1075
0 0.29625 0.4225 0.04875 0.10625
0 0.38 0.4225 0.0375 0.11375
0 0.41375 0.41875 0.02625 0.11
0 0.45125 0.42125 0.03875 0.11375
0 0.49125 0.4175 0.03625 0.11875
0 0.54375 0.41625 0.04875 0.11
0 0.61125 0.4175 0.03875 0.10625
0 0.69 0.42 0.03125 0.1025
0 0.64375 0.13875 0.04125 0.11625
0 0.86625 0.67125 0.01625 0.0625
0 0.4775 0.85125 0.03125 0.0225
0 0.6775 0.77 0.0425 0.0725
0 0.725 0.76875 0.04375 0.075
0 0.8175 0.775 0.0475 0.0775
0 0.86 0.77 0.03125 0.075
0 0.1825 0.85125 0.04375 0.02375
0 0.17375 0.88125 0.03625 0.01875
0 0.21625 0.8825 0.03375 0.02
0 0.24 0.84375 0.055 0.025
0 0.29125 0.87375 0.02375 0.0275
0 0.32375 0.84125 0.035 0.0275
0 0.33125 0.89 0.0425 0.02875
0 0.37625 0.8925 0.0375 0.02375
0 0.43875 0.8325 0.03625 0.0225
0 0.3125 0.765 0.045 0.07375
0 0.43625 0.89 0.0375 0.02
0 0.4775 0.89125 0.035 0.02125
0 0.51625 0.88875 0.02875 0.03
0 0.565 0.8375 0.0325 0.0225
0 0.6125 0.88125 0.04 0.04625
0 0.66375 0.87125 0.03375 0.02125
0 0.66375 0.90125 0.0375 0.02125
0 0.70875 0.85125 0.0425 0.02375
0 0.7075 0.87875 0.02375 0.01375
0 0.70375 0.895 0.02625 0.00625
0 0.7425 0.8825 0.03875 0.02375
0 0.7975 0.88 0.01625 0.03375
0 0.81875 0.88125 0.01375 0.0375
0 0.62875 0.7725 0.04125 0.075
0 0.855 0.86375 0.03875 0.06125
0 0.36375 0.765 0.0475 0.07375
0 0.21125 0.7725 0.04625 0.0725
0 0.1625 0.77 0.04625 0.075
0 0.41 0.77375 0.04 0.06
0 0.54 0.77375 0.0375 0.0675
0 0.58375 0.77375 0.04 0.07375
0 0.2625 0.76875 0.0475 0.07375