0 0.17375 0.12125 0.0825 0.065
0 0.6075 0.02 0.0275 0.02875
0 0.57 0.0475 0.02 0.03125
0 0.225 0.74625 0.04125 0.06625
0 0.26375 0.7475 0.035 0.065
0 0.2425 0.20125 0.03625 0.02875
0 0.24375 0.25 0.03375 0.0575
0 0.4025 0.24875 0.0625 0.06375
0 0.50375 0.04375 0.0225 0.04125
0 0.44875 0.24875 0.03125 0.0625
0 0.305 0.74625 0.045 0.06375
0 0.35 0.25 0.0325 0.06125
0 0.3 0.2475 0.0675 0.065
0 0.40625 0.05625 0.01375 0.04625
0 0.39125 0.0575 0.0125 0.04375
0 0.375 0.0525 0.0175 0.05
0 0.3525 0.05125 0.0225 0.0475
0 0.3275 0.04875 0.02 0.0575
0 0.4975 0.25 0.0625 0.06125
0 0.30375 0.0475 0.01875 0.05625
0 0.2675 0.05375 0.0125 0.04375
0 0.24375 0.0525 0.015 0.025
0 0.22625 0.05625 0.01875 0.04125
0 0.20625 0.055 0.01875 0.05875
0 0.18875 0.0625 0.01375 0.04625
0 0.54375 0.07625 0.075 0.01875
0 0.64375 0.06875 0.085 0.035
0 0.85125 0.09625 0.04625 0.1425
0 0.8 0.09375 0.0525 0.14875
0 0.28375 0.05375 0.015 0.04375
0 0.55 0.24 0.03375 0.08
0 0.58875 0.23875 0.0425 0.08125
0 0.6475 0.25125 0.06625 0.0625
0 0.48125 0.05375 0.02 0.06125
0 0.46125 0.055 0.02 0.05875
0 0.445 0.0575 0.00875 0.05
0 0.435 0.0575 0.01 0.05
0 0.42 0.05625 0.01375 0.04625
0 0.58375 0.36625 0.0325 0.0825
0 0.54625 0.3725 0.035 0.07
0 0.51625 0.3725 0.02625 0.07
0 0.48 0.365 0.03 0.085
0 0.44875 0.37625 0.03 0.0625
0 0.4 0.3825 0.0575 0.05375
0 0.40125 0.335 0.06125 0.03125
0 0.3375 0.3825 0.0575 0.05125
0 0.34 0.33875 0.05875 0.0275
0 0.2925 0.38125 0.02875 0.05375
0 0.29 0.335 0.03 0.02625
0 0.17 0.3775 0.05375 0.065
0 0.8475 0.24875 0.05375 0.09375
0 0.6675 0.2075 0.05375 0.02
0 0.78375 0.25 0.05875 0.06
0 0.72 0.24875 0.06625 0.06
0 0.525 0.0475 0.01875 0.03375
0 0.33875 0.75 0.02125 0.055
0 0.3775 0.6275 0.0325 0.09125
0 0.39875 0.70375 0.05 0.0225
0 0.1375 0.63875 0.02375 0.08375
0 0.85375 0.51625 0.03375 0.07
0 0.8125 0.5175 0.04625 0.0675
0 0.75125 0.48625 0.0625 0.09875
0 0.6775 0.49375 0.0625 0.0925
0 0.615 0.49125 0.0425 0.09375
0 0.56875 0.4975 0.0325 0.0825
0 0.5275 0.49875 0.04125 0.08125
0 0.48875 0.50125 0.03375 0.075
0 0.4475 0.49625 0.0425 0.085
0 0.40875 0.48625 0.03375 0.10875
0 0.17125 0.63875 0.04125 0.08375
0 0.36125 0.49375 0.0475 0.0925
0 0.26125 0.49875 0.04375 0.08625
0 0.2125 0.5025 0.04125 0.07875
0 0.16875 0.4975 0.045 0.0975
0 0.83625 0.37375 0.05375 0.0925
0 0.785 0.3675 0.03125 0.08
0 0.7525 0.36875 0.03375 0.08125
0 0.72125 0.37125 0.02625 0.07375
0 0.6875 0.36625 0.0325 0.08
0 0.655 0.3725 0.03 0.06875
0 0.6175 0.3675 0.035 0.08125
0 0.73375 0.85 0.02125 0.0525
0 0.31 0.485 0.04625 0.0875
0 0.695 0.8625 0.04375 0.04125
0 0.21125 0.63875 0.04 0.08375
0 0.29875 0.62375 0.03375 0.1
0 0.41125 0.64 0.03 0.06875
0 0.44125 0.64125 0.02625 0.0675
0 0.47 0.6375 0.0325 0.07375
0 0.505 0.6375 0.035 0.07125
0 0.54 0.63375 0.0325 0.0775
0 0.575 0.63375 0.03625 0.07625
0 0.6225 0.6225 0.05375 0.0925
0 0.675 0.62125 0.05 0.095
0 0.73 0.62 0.0525 0.0975
0 0.7925 0.59875 0.045 0.05125
0 0.84375 0.60375 0.05625 0.04125
0 0.255 0.6275 0.045 0.10625
0 0.15 0.73875 0.03375 0.085
0 0.14125 0.24625 0.0325 0.06625
0 0.8125 0.68125 0.07125 0.01625
0 0.81375 0.65875 0.0775 0.02
0 0.2425 0.325 0.04 0.0425
0 0.25 0.39 0.04 0.045
0 0.19125 0.24625 0.06125 0.065
0 0.8575 0.84375 0.02125 0.065
0 0.82625 0.85125 0.03125 0.05625
0 0.7975 0.84875 0.0275 0.0575
0 0.76125 0.85125 0.0325 0.05375
0 0.36375 0.75 0.02625 0.0525
0 0.185 0.7475 0.0375 0.0675
0 0.645 0.84625 0.05 0.035
0 0.4525 0.8525 0.0375 0.02375
0 0.64375 0.1275 0.0875 0.06875
0 0.385 0.825 0.02375 0.0225
0 0.38875 0.8675 0.02625 0.05375
0 0.53375 0.74125 0.0475 0.05875
0 0.58625 0.73875 0.0525 0.06375
0 0.6375 0.74125 0.045 0.0575
0 0.68375 0.71 0.04375 0.0275
0 0.68125 0.745 0.0425 0.03875
0 0.79 0.73875 0.0475 0.04375
0 0.84 0.73625 0.04125 0.04875
0 0.1525 0.875 0.05125 0.05625
0 0.1475 0.8325 0.045 0.03
0 0.7275 0.12875 0.07 0.0725
0 0.19875 0.8325 0.04875 0.0225
0 0.2475 0.82875 0.04125 0.02375
0 0.2025 0.87375 0.045 0.04875
0 0.36125 0.8675 0.025 0.055
0 0.24875 0.87375 0.04125 0.045
0 0.2825 0.85 0.025 0.02
0 0.285 0.88 0.02125 0.03375
0 0.3075 0.875 0.01875 0.0375
0 0.33375 0.86875 0.03 0.0575
0 0.415 0.805 0.02625 0.02125
0 0.4175 0.86 0.0275 0.0675
0 0.73375 0.74 0.055 0.04875
0 0.3375 0.63625 0.04125 0.08375
0 0.17 0.0725 0.0225 0.02875
0 0.15 0.0625 0.015 0.04875
0 0.64625 0.875 0.05 0.0175
0 0.59125 0.8125 0.03625 0.02625
0 0.38625 0.12 0.08625 0.0775
0 0.59375 0.84375 0.0475 0.0325
0 0.47375 0.1225 0.08125 0.07
0 0.4525 0.81 0.0375 0.025
0 0.56 0.125 0.08 0.07125
0 0.24875 0.11875 0.06125 0.08
0 0.59375 0.87375 0.04875 0.02125
0 0.5475 0.8675 0.03125 0.04
0 0.31125 0.11875 0.0625 0.07875
0 0.55 0.835 0.035 0.01875
0 0.4525 0.87875 0.03875 0.02
0 0.48625 0.85875 0.0225 0.05625
0 0.515 0.865 0.025 0.045
0 0.55375 0.805 0.03625 0.02875
0 0.4875 0.74375 0.04375 0.0525
0 0.44625 0.75125 0.03625 0.03875
0 0.44625 0.71625 0.035 0.025
0 0.40125 0.76 0.04625 0.025
0 0.40125 0.7325 0.04875 0.0225