0 0.59125 0.85625 0.035 0.025
0 0.15625 0.86 0.04 0.02625
0 0.19875 0.86875 0.04 0.02625
0 0.23625 0.91125 0.04125 0.0275
0 0.28 0.9125 0.04125 0.0275
0 0.33 0.8975 0.03625 0.0275
0 0.37 0.91625 0.04125 0.03
0 0.40625 0.90875 0.02625 0.0425
0 0.435 0.90875 0.02625 0.0425
0 0.465 0.9075 0.02875 0.04375
0 0.4325 0.87125 0.0225 0.01625
0 0.5025 0.8525 0.04125 0.0175
0 0.505 0.905 0.04375 0.0525
0 0.55 0.905 0.04375 0.0525
0 0.59375 0.9175 0.04125 0.03
0 0.63125 0.8525 0.035 0.01375
0 0.94375 0.91625 0.03375 0.0325
0 0.675 0.91125 0.035 0.0475
0 0.89375 0.89125 0.06125 0.085
0 0.82875 0.8925 0.06625 0.08625
0 0.7675 0.89375 0.0425 0.0225
0 0.76875 0.9175 0.04 0.02
0 0.1575 0.4125 0.05875 0.05875
0 0.02125 0.6625 0.04125 0.09125
0 0.98125 0.555 0.03625 0.09875
0 0.94625 0.555 0.02625 0.10875
0 0.9175 0.555 0.025 0.1075
0 0.84375 0.55375 0.04 0.10875
0 0.79125 0.5525 0.0375 0.10375
0 0.73375 0.54875 0.04875 0.11
0 0.18375 0.9175 0.04375 0.02625
0 0.98 0.9175 0.03375 0.0325
0 0.7275 0.9225 0.04 0.02
0 0.63625 0.9075 0.03625 0.0475
0 0.13875 0.91375 0.04125 0.02625
0 0.9525 0.68875 0.06 0.06625
0 0.04375 0.90625 0.04125 0.03125
0 0.085 0.775 0.05125 0.0875
0 0.03125 0.77625 0.0525 0.0875
0 0.68625 0.55125 0.03375 0.10625
0 0.89125 0.68875 0.055 0.0675
0 0.84 0.67875 0.04375 0.08625
0 0.79375 0.6775 0.04375 0.08625
0 0.72375 0.66375 0.0575 0.0775
0 0.66125 0.6725 0.0575 0.0825
0 0.60125 0.6725 0.0575 0.08625
0 0.54 0.67125 0.05875 0.08625
0 0.4775 0.67125 0.05875 0.08625
0 0.4225 0.64125 0.04625 0.04625
0 0.3575 0.66875 0.06 0.08625
0 0.29375 0.66875 0.06125 0.08625
0 0.22875 0.67 0.06 0.08625
0 0.13875 0.7775 0.04875 0.08875
0 0.09 0.90875 0.04125 0.03125
0 0.1875 0.78 0.04625 0.0875
0 0.2925 0.78125 0.05125 0.08625
0 0.01 0.905 0.01875 0.045
0 0.97875 0.79875 0.0425 0.0675
0 0.925 0.79875 0.05875 0.07125
0 0.86375 0.78875 0.0475 0.085
0 0.81375 0.7875 0.0475 0.085
0 0.76125 0.7875 0.0475 0.085
0 0.71125 0.78625 0.04375 0.08375
0 0.66 0.785 0.04375 0.08375
0 0.61125 0.77625 0.04375 0.0775
0 0.565 0.77625 0.04375 0.0775
0 0.52 0.78875 0.03875 0.07
0 0.47875 0.78875 0.0375 0.06875
0 0.435 0.79125 0.04375 0.06875
0 0.39125 0.79 0.03875 0.06875
0 0.345 0.77875 0.05125 0.08625
0 0.23625 0.78125 0.04625 0.0875
0 0.63625 0.55 0.03375 0.10625
0 0.8675 0.155 0.02875 0.11125
0 0.535 0.5475 0.03 0.105
0 0.16375 0.6675 0.06 0.08625
0 0.905 0.15625 0.02875 0.11125
0 0.945 0.15875 0.03625 0.11125
0 0.985 0.16125 0.02875 0.1025
0 0.015 0.275 0.02875 0.1125
0 0.0775 0.2725 0.03875 0.115
0 0.12375 0.27375 0.04625 0.12
0 0.17 0.28 0.04 0.11
0 0.215 0.27875 0.04 0.11
0 0.26625 0.27625 0.0525 0.115
0 0.32 0.28125 0.04625 0.1075
0 0.36875 0.28375 0.0425 0.10125
0 0.40875 0.28375 0.03 0.10875
0 0.4475 0.28625 0.04125 0.105
0 0.49375 0.285 0.04125 0.105
0 0.8325 0.15 0.03625 0.12125
0 0.54 0.285 0.0425 0.11
0 0.79625 0.155 0.0325 0.1125
0 0.725 0.1525 0.0325 0.1125
0 0.02375 0.13 0.04125 0.1225
0 0.0675 0.1375 0.035 0.1075
0 0.11125 0.13625 0.045 0.11625
0 0.21 0.1375 0.14375 0.12125
0 0.30375 0.14125 0.03625 0.11375
0 0.34375 0.1425 0.03625 0.11375
0 0.37875 0.1475 0.0275 0.10875
0 0.41 0.14875 0.0325 0.10875
0 0.45375 0.1425 0.045 0.12125
0 0.50375 0.145 0.04875 0.12
0 0.54625 0.14875 0.0325 0.115
0 0.5825 0.14875 0.0325 0.115
0 0.61875 0.15 0.0325 0.1125
0 0.65625 0.15 0.0325 0.1125
0 0.69 0.15125 0.0325 0.1125
0 0.76125 0.1525 0.0325 0.1125
0 0.59125 0.5475 0.04375 0.11
0 0.62125 0.2875 0.04 0.11
0 0.70875 0.29 0.04 0.11
0 0.75125 0.42625 0.0375 0.10375
0 0.86375 0.4225 0.1325 0.11625
0 0.95125 0.43 0.03625 0.09875
0 0.98625 0.4325 0.02625 0.1
0 0.02625 0.54 0.0425 0.10875
0 0.07 0.5375 0.03625 0.10875
0 0.11 0.54 0.0425 0.1125
0 0.15375 0.54125 0.03625 0.1075
0 0.19375 0.54125 0.03625 0.1075
0 0.2325 0.54 0.03875 0.11
0 0.27375 0.54125 0.03625 0.1075
0 0.3125 0.54625 0.03 0.10375
0 0.34625 0.54375 0.03 0.10375
0 0.37875 0.54625 0.03 0.10375
0 0.45625 0.54625 0.115 0.105
0 0.71375 0.425 0.03375 0.10375
0 0.66625 0.28625 0.04 0.11
0 0.67625 0.42375 0.0375 0.10375
0 0.59625 0.42125 0.0375 0.10375
0 0.79 0.29125 0.1175 0.11
0 0.8725 0.2975 0.03375 0.10125
0 0.9075 0.2975 0.0275 0.10125
0 0.93875 0.29875 0.0275 0.10125
0 0.975 0.3 0.03375 0.10125
0 0.01625 0.4075 0.03125 0.10875
0 0.10875 0.405 0.0325 0.105
0 0.22 0.4125 0.03625 0.11125
0 0.265 0.41 0.02875 0.10625
0 0.3025 0.41375 0.0375 0.1125
0 0.38625 0.415 0.0375 0.1125
0 0.42625 0.4175 0.0375 0.1125
0 0.4675 0.41375 0.0375 0.11375
0 0.5075 0.4175 0.03875 0.11
0 0.555 0.41875 0.03875 0.11
0 0.63625 0.42375 0.0375 0.10375
0 0.08625 0.66625 0.08625 0.09125
0 0.15625 0.4625 0.05375 0.035