0 0.8475 0.81125 0.0425 0.12375
0 0.15625 0.79875 0.03875 0.13375
0 0.73375 0.70875 0.0375 0.04625
0 0.6975 0.695 0.025 0.04
0 0.6675 0.70875 0.035 0.045
0 0.635 0.70375 0.0275 0.0525
0 0.42 0.70375 0.04625 0.0525
0 0.58 0.70125 0.02875 0.055
0 0.46625 0.70375 0.045 0.055
0 0.32625 0.6925 0.04625 0.0625
0 0.55 0.6875 0.02625 0.0475
0 0.80125 0.81625 0.045 0.1075
0 0.37375 0.70875 0.04375 0.045
0 0.51375 0.70375 0.04375 0.05125
0 0.60625 0.69125 0.0225 0.05375
0 0.75625 0.81125 0.04 0.09375
0 0.33 0.81625 0.0225 0.09375
0 0.68 0.8275 0.02875 0.08125
0 0.55125 0.815 0.02875 0.105
0 0.58 0.8 0.025 0.095
0 0.4775 0.81 0.0225 0.10375
0 0.4525 0.82 0.02625 0.095
0 0.83375 0.64 0.0475 0.085
0 0.42625 0.82 0.0225 0.0925
0 0.71625 0.81875 0.0375 0.1025
0 0.4025 0.81875 0.02125 0.09375
0 0.355 0.81625 0.025 0.095
0 0.29875 0.81375 0.035 0.10875
0 0.2575 0.78375 0.04375 0.105
0 0.20625 0.80875 0.0575 0.115
0 0.61375 0.82875 0.03 0.0775
0 0.6475 0.82625 0.03125 0.08125
0 0.38 0.8125 0.02125 0.09
0 0.78625 0.65625 0.0475 0.08625
0 0.5025 0.82125 0.0225 0.095
0 0.70375 0.62 0.02 0.04375
0 0.395 0.38625 0.03375 0.08
0 0.36125 0.3875 0.03125 0.0775
0 0.32625 0.39 0.0375 0.07875
0 0.28625 0.39 0.03875 0.0775
0 0.225 0.3425 0.06375 0.0875
0 0.17 0.345 0.0425 0.09125
0 0.135 0.345 0.02 0.08625
0 0.825 0.2175 0.09875 0.0925
0 0.74 0.25625 0.04 0.055
0 0.72625 0.18 0.055 0.0925
0 0.695 0.25875 0.04375 0.055
0 0.65 0.2475 0.03875 0.08125
0 0.60875 0.24625 0.04 0.085
0 0.565 0.2475 0.0425 0.0875
0 0.52125 0.2475 0.0425 0.085
0 0.4775 0.24875 0.04 0.0875
0 0.43125 0.26375 0.0475 0.05875
0 0.39875 0.1875 0.0475 0.09125
0 0.36875 0.265 0.0625 0.06
0 0.43125 0.3875 0.03625 0.0775
0 0.48375 0.38625 0.06625 0.08
0 0.54125 0.38375 0.04875 0.0825
0 0.5975 0.38 0.0575 0.08875
0 0.585 0.5075 0.0325 0.075
0 0.5525 0.50875 0.03 0.07375
0 0.51875 0.50875 0.03375 0.0775
0 0.485 0.51 0.03125 0.075
0 0.45 0.51 0.03125 0.07375
0 0.415 0.51125 0.03625 0.0775
0 0.38 0.51 0.0325 0.0775
0 0.34 0.50125 0.04125 0.0975
0 0.295 0.50125 0.045 0.09875
0 0.28875 0.2375 0.09375 0.1125
0 0.255 0.49625 0.03125 0.09125
0 0.20375 0.50375 0.01625 0.09625
0 0.18375 0.50375 0.02125 0.09375
0 0.1625 0.505 0.02125 0.095
0 0.13875 0.50625 0.02125 0.0925
0 0.52625 0.81 0.01875 0.1075
0 0.8575 0.34625 0.03375 0.1075
0 0.8025 0.35875 0.07375 0.08375
0 0.73375 0.37875 0.0575 0.08375
0 0.66375 0.38 0.07375 0.08125
0 0.22625 0.505 0.0225 0.0925
0 0.21125 0.21 0.055 0.075
0 0.16625 0.21625 0.03 0.07875
0 0.1375 0.21875 0.02375 0.0725
0 0.26875 0.65 0.04625 0.12625
0 0.315 0.62 0.0175 0.05
0 0.33625 0.62 0.02 0.05
0 0.35875 0.6175 0.02 0.04625
0 0.37875 0.61875 0.0175 0.04625
0 0.4 0.62125 0.01875 0.04625
0 0.41875 0.62125 0.01875 0.04625
0 0.44 0.62125 0.01875 0.045
0 0.46125 0.62125 0.02 0.04375
0 0.23125 0.675 0.02625 0.0775
0 0.48125 0.62 0.01875 0.04375
0 0.52125 0.62125 0.0175 0.0425
0 0.54125 0.62125 0.01875 0.04125
0 0.5625 0.61875 0.0175 0.04375
0 0.5825 0.6175 0.01875 0.0475
0 0.60125 0.62 0.01875 0.04
0 0.62125 0.61875 0.01875 0.04375
0 0.64125 0.61875 0.0175 0.0425
0 0.66125 0.62 0.02 0.0425
0 0.6825 0.62 0.0175 0.04375
0 0.5 0.62 0.01875 0.045
0 0.74125 0.61625 0.0375 0.0475
0 0.19125 0.68125 0.0475 0.0675
0 0.85875 0.52375 0.0325 0.08125
0 0.83875 0.05625 0.0725 0.1075
0 0.7725 0.05875 0.0525 0.10375
0 0.72125 0.06 0.04375 0.09875
0 0.6725 0.065 0.05125 0.10125
0 0.6225 0.065 0.04625 0.09625
0 0.5725 0.07375 0.04625 0.09
0 0.53 0.095 0.03375 0.04625
0 0.49375 0.0925 0.0325 0.055
0 0.45625 0.09 0.0375 0.0625
0 0.145 0.67625 0.03875 0.0775
0 0.4175 0.0925 0.03375 0.0625
0 0.3425 0.09375 0.0325 0.065
0 0.30375 0.09375 0.0375 0.065
0 0.20375 0.065 0.08125 0.13
0 0.14375 0.065 0.03625 0.1275
0 0.6275 0.51 0.05 0.0775
0 0.6825 0.50625 0.055 0.08125
0 0.73625 0.50375 0.04875 0.07875
0 0.80375 0.505 0.07625 0.12875
0 0.38 0.0925 0.03875 0.06125