0 0.6425 0.40625 0.03125 0.04
0 0.68125 0.4 0.04125 0.05125
0 0.4875 0.67375 0.035 0.01375
0 0.53 0.67875 0.035 0.015
0 0.57125 0.68125 0.04125 0.015
0 0.575 0.505 0.025 0.02875
0 0.55 0.50625 0.02125 0.02875
0 0.525 0.48875 0.02375 0.0525
0 0.50125 0.49 0.01875 0.05125
0 0.47125 0.48125 0.03 0.0675
0 0.44 0.49375 0.03125 0.0425
0 0.35375 0.49625 0.02625 0.03375
0 0.38375 0.49875 0.025 0.03625
0 0.16625 0.475 0.01375 0.03
0 0.32375 0.49625 0.03 0.03375
0 0.29125 0.47625 0.01625 0.02875
0 0.27 0.47625 0.0175 0.03
0 0.2475 0.47625 0.01875 0.0325
0 0.22625 0.47875 0.01375 0.02625
0 0.205 0.475 0.0175 0.03375
0 0.185 0.47625 0.0175 0.03125
0 0.41125 0.49 0.02 0.05
0 0.6075 0.4025 0.03375 0.05
0 0.6775 0.595 0.0325 0.00875
0 0.54375 0.405 0.035 0.045
0 0.3775 0.40875 0.02625 0.04
0 0.4025 0.40875 0.02 0.0375
0 0.4325 0.40625 0.03125 0.04375
0 0.215 0.26625 0.0175 0.03125
0 0.19375 0.27 0.01875 0.03125
0 0.1725 0.27125 0.0175 0.03
0 0.655 0.1025 0.08875 0.05
0 0.565 0.11875 0.08125 0.04375
0 0.48375 0.13125 0.07 0.04625
0 0.405 0.14375 0.07125 0.04375
0 0.33 0.155 0.065 0.05125
0 0.26 0.17875 0.01625 0.0325
0 0.23375 0.185 0.0175 0.03625
0 0.2125 0.18875 0.0175 0.03375
0 0.1925 0.1925 0.0175 0.03375
0 0.17 0.195 0.01875 0.03125
0 0.15 0.1975 0.015 0.03125
0 0.46 0.41 0.02 0.03625
0 0.48375 0.40375 0.025 0.0425
0 0.4475 0.67 0.03375 0.015
0 0.5125 0.40625 0.0275 0.03875
0 0.57625 0.4075 0.025 0.0375
0 0.60125 0.49625 0.02125 0.04875
0 0.34875 0.655 0.0125 0.01875
0 0.65125 0.5075 0.02 0.03125
0 0.695 0.575 0.03125 0.00875
0 0.6425 0.59125 0.0325 0.03625
0 0.61625 0.5475 0.065 0.025
0 0.5875 0.5825 0.07375 0.03625
0 0.525 0.59 0.0175 0.01625
0 0.525 0.5725 0.01875 0.01375
0 0.52625 0.55625 0.0175 0.01625
0 0.505 0.5825 0.0175 0.02375
0 0.48625 0.5825 0.015 0.02625
0 0.69 0.58375 0.0275 0.00875
0 0.50875 0.5525 0.01375 0.025
0 0.2325 0.5375 0.01625 0.03125
0 0.2525 0.53875 0.02 0.0325
0 0.27625 0.54 0.0175 0.03
0 0.295 0.54 0.0125 0.02875
0 0.3425 0.56125 0.07125 0.04875
0 0.39375 0.565 0.01875 0.0525
0 0.415 0.5725 0.02125 0.03625
0 0.44 0.565 0.0225 0.0575
0 0.4625 0.57625 0.0225 0.03875
0 0.48875 0.5525 0.0175 0.0225
0 0.67625 0.605 0.03125 0.00875
0 0.16375 0.5925 0.01625 0.03625
0 0.18125 0.59375 0.0175 0.0325
0 0.6775 0.5075 0.02875 0.03
0 0.16375 0.535 0.01625 0.03125
0 0.19625 0.53125 0.01375 0.0225
0 0.21375 0.5375 0.0175 0.03125
0 0.49 0.6575 0.04125 0.01375
0 0.4475 0.6525 0.035 0.01375
0 0.4225 0.6625 0.01125 0.02375
0 0.40875 0.6625 0.0125 0.02125
0 0.3925 0.66125 0.01125 0.01375
0 0.37875 0.66 0.0125 0.01625
0 0.39625 0.6425 0.0125 0.01875
0 0.38125 0.64125 0.0125 0.01875
0 0.3625 0.6525 0.0125 0.02125
0 0.35125 0.4125 0.02 0.035
0 0.335 0.6525 0.01 0.02125
0 0.32 0.65375 0.015 0.01875
0 0.2975 0.6125 0.02375 0.02
0 0.27375 0.60125 0.01625 0.0375
0 0.25375 0.6 0.01875 0.03375
0 0.23 0.59875 0.01375 0.0325
0 0.2025 0.59625 0.01875 0.03625
0 0.625 0.49625 0.02375 0.05
0 0.29125 0.3925 0.02375 0.02125
0 0.32375 0.40875 0.02625 0.04125
0 0.155 0.335 0.0125 0.02875
0 0.40375 0.35375 0.01 0.01875
0 0.42125 0.3525 0.01 0.01875
0 0.4375 0.35125 0.01 0.02
0 0.48125 0.3375 0.01875 0.04375
0 0.5025 0.34625 0.0125 0.0225
0 0.52 0.34875 0.00875 0.02
0 0.3875 0.355 0.01125 0.01875
0 0.54 0.345 0.00875 0.02125
0 0.58 0.34375 0.0125 0.02375
0 0.6 0.3425 0.01 0.0225
0 0.62125 0.34375 0.0125 0.0225
0 0.64125 0.34 0.0125 0.02
0 0.665 0.33875 0.01125 0.0225
0 0.68625 0.3375 0.0125 0.02625
0 0.55875 0.34625 0.00875 0.01875
0 0.17125 0.39375 0.01875 0.03
0 0.37125 0.35375 0.00875 0.01625
0 0.355 0.35625 0.01 0.015
0 0.6675 0.79125 0.03875 0.1075
0 0.62 0.79 0.02875 0.09125
0 0.5775 0.76125 0.045 0.10375
0 0.5325 0.7475 0.02875 0.0825
0 0.50625 0.74125 0.0125 0.07875
0 0.265 0.39125 0.02125 0.02375
0 0.4825 0.73375 0.01875 0.0725
0 0.175 0.33125 0.01875 0.0325
0 0.22125 0.32875 0.02 0.0325
0 0.2425 0.3275 0.01875 0.035
0 0.265 0.3275 0.01875 0.03375
0 0.28875 0.325 0.02 0.03375
0 0.32375 0.3575 0.00875 0.0175
0 0.34125 0.35625 0.01 0.0175
0 0.19625 0.33125 0.0175 0.03125
0 0.69625 0.21625 0.025 0.0325
0 0.45625 0.35 0.01 0.0175
0 0.6475 0.2225 0.0225 0.035
0 0.2625 0.26125 0.02 0.0325
0 0.23625 0.26375 0.02125 0.03375
0 0.19375 0.39375 0.02375 0.0325
0 0.215 0.3925 0.015 0.02875
0 0.23625 0.39125 0.02375 0.03
0 0.46125 0.73125 0.01875 0.075
0 0.43625 0.73125 0.01375 0.07625
0 0.40125 0.73 0.025 0.085
0 0.37625 0.725 0.01375 0.075
0 0.36125 0.7175 0.0125 0.06875
0 0.2175 0.7825 0.18125 0.305
0 0.67125 0.21875 0.0225 0.04
0 0.66375 0.69625 0.0425 0.0175
0 0.61875 0.69375 0.04125 0.0125
0 0.615 0.6725 0.0375 0.015
0 0.2875 0.26 0.01875 0.035
0 0.31 0.25875 0.0175 0.03
0 0.34 0.7175 0.01875 0.075
0 0.345 0.25625 0.0175 0.0325
0 0.3275 0.2575 0.0125 0.03125
0 0.62375 0.22375 0.02375 0.0375
0 0.58 0.2275 0.025 0.03875
0 0.55625 0.23 0.0175 0.0325
0 0.53625 0.23375 0.0175 0.035
0 0.515 0.235 0.02 0.03125
0 0.49375 0.23875 0.01875 0.03375
0 0.60375 0.22875 0.01375 0.03125
0 0.45625 0.24375 0.02125 0.03125
0 0.435 0.24625 0.0175 0.03625
0 0.415 0.2475 0.01875 0.0325
0 0.39875 0.25 0.01375 0.03125
0 0.38 0.2525 0.0175 0.0325
0 0.47625 0.235 0.0125 0.045
0 0.3625 0.25375 0.01625 0.03125