0 0.35375 0.50875 0.0275 0.07125
0 0.67125 0.51 0.0275 0.06875
0 0.695 0.42125 0.045 0.01
0 0.64625 0.5075 0.0225 0.07
0 0.62 0.50875 0.025 0.07125
0 0.59125 0.50875 0.02875 0.0725
0 0.56 0.50875 0.0275 0.0725
0 0.46625 0.51 0.01625 0.065
0 0.50625 0.50875 0.01625 0.0675
0 0.485 0.50875 0.0225 0.06625
0 0.44375 0.51 0.02625 0.07375
0 0.415 0.51 0.02625 0.0775
0 0.3825 0.50875 0.0275 0.07375
0 0.7025 0.435 0.0525 0.0125
0 0.76125 0.44625 0.04 0.0175
0 0.76 0.4175 0.04125 0.015
0 0.24625 0.51625 0.02375 0.07125
0 0.22625 0.51625 0.01125 0.0675
0 0.53 0.50875 0.03125 0.0725
0 0.7175 0.5025 0.0625 0.01375
0 0.34375 0.60625 0.02375 0.07125
0 0.7225 0.53625 0.06125 0.0125
0 0.585 0.78875 0.02625 0.07375
0 0.62375 0.7875 0.02625 0.07375
0 0.755 0.62375 0.0525 0.01375
0 0.755 0.60875 0.0525 0.015
0 0.755 0.59625 0.0525 0.01
0 0.755 0.5825 0.05125 0.01125
0 0.755 0.5675 0.0525 0.01375
0 0.69875 0.62625 0.055 0.01
0 0.7 0.6125 0.0525 0.015
0 0.7 0.5975 0.05375 0.0125
0 0.69875 0.5825 0.055 0.0175
0 0.65375 0.605 0.02375 0.05
0 0.72125 0.52 0.0625 0.015
0 0.63125 0.605 0.0225 0.05
0 0.5575 0.6075 0.02375 0.05
0 0.53375 0.60625 0.02375 0.05125
0 0.51 0.605 0.0225 0.05875
0 0.48125 0.60125 0.025 0.06625
0 0.45625 0.60125 0.02375 0.06625
0 0.4275 0.60375 0.0275 0.07375
0 0.4 0.605 0.025 0.0725
0 0.37125 0.60625 0.02875 0.0725
0 0.645 0.415 0.03 0.07375
0 0.31375 0.60375 0.03125 0.07125
0 0.2825 0.60375 0.03 0.06875
0 0.23875 0.60125 0.0375 0.06
0 0.60625 0.605 0.025 0.0475
0 0.61125 0.415 0.035 0.0725
0 0.30875 0.4175 0.0325 0.0725
0 0.53625 0.4175 0.03125 0.06625
0 0.5125 0.67 0.025 0.03625
0 0.5425 0.6825 0.025 0.06125
0 0.5725 0.68625 0.02625 0.0625
0 0.6 0.68375 0.025 0.06875
0 0.6325 0.69 0.02875 0.06625
0 0.66125 0.6875 0.0275 0.07125
0 0.6975 0.65375 0.04125 0.0075
0 0.69625 0.66375 0.0375 0.0075
0 0.7075 0.68625 0.05375 0.01125
0 0.71125 0.7025 0.05625 0.01375
0 0.48375 0.6875 0.025 0.06625
0 0.76 0.68125 0.0425 0.01375
0 0.23625 0.80625 0.03125 0.0775
0 0.2925 0.78125 0.02 0.06125
0 0.75875 0.34875 0.04375 0.0175
0 0.75875 0.335 0.04375 0.00875
0 0.75125 0.32125 0.03 0.0125
0 0.705 0.35 0.06375 0.0175
0 0.705 0.33375 0.06375 0.0125
0 0.68875 0.32 0.0475 0.01125
0 0.24375 0.68875 0.04875 0.0625
0 0.7175 0.82625 0.05875 0.01375
0 0.76125 0.7 0.03875 0.02
0 0.5725 0.41625 0.03875 0.07
0 0.45625 0.69 0.0275 0.06875
0 0.3975 0.69375 0.03 0.0675
0 0.50125 0.41625 0.035 0.06375
0 0.4675 0.41625 0.03 0.0625
0 0.43375 0.415 0.03125 0.0725
0 0.4025 0.415 0.0275 0.0725
0 0.3725 0.4175 0.03125 0.07375
0 0.34125 0.41625 0.02875 0.07375
0 0.27875 0.4175 0.02625 0.0725
0 0.6575 0.7975 0.02875 0.07
0 0.71125 0.785 0.05625 0.015
0 0.7175 0.80875 0.06 0.0175
0 0.42625 0.6925 0.02625 0.06625
0 0.50375 0.8 0.0275 0.07
0 0.45 0.8025 0.0275 0.06625
0 0.4225 0.795 0.02375 0.06875
0 0.39625 0.8025 0.025 0.06875
0 0.36625 0.7925 0.02375 0.06
0 0.34125 0.80375 0.02375 0.06375
0 0.3175 0.77625 0.02 0.05625
0 0.53 0.79875 0.025 0.0725
0 0.305 0.7 0.0225 0.05875
0 0.34 0.6825 0.0275 0.05875
0 0.3675 0.69375 0.0275 0.06625
0 0.47625 0.8 0.025 0.07125
0 0.55875 0.78875 0.025 0.0725
0 0.28125 0.7 0.02 0.0575
0 0.58875 0.335 0.015 0.0475
0 0.27125 0.31875 0.03125 0.0725
0 0.305 0.32125 0.03375 0.07
0 0.65 0.33375 0.02 0.0525
0 0.33625 0.32125 0.03 0.0725
0 0.3675 0.3225 0.02875 0.07
0 0.40125 0.32 0.02875 0.07625
0 0.43125 0.32 0.02875 0.075
0 0.6075 0.33625 0.01875 0.05125
0 0.57125 0.3325 0.01625 0.05
0 0.6275 0.33375 0.01875 0.0525
0 0.51875 0.3275 0.025 0.0675
0 0.49125 0.3275 0.03 0.065
0 0.4625 0.3275 0.0275 0.06375
0 0.5475 0.3275 0.02875 0.06625