0 0.50375 0.69625 0.02125 0.0975
0 0.5325 0.715 0.0275 0.115
0 0.56 0.73125 0.025 0.12
0 0.59 0.75125 0.03125 0.12
0 0.625 0.7725 0.0375 0.12875
0 0.66 0.7925 0.03125 0.13125
0 0.6975 0.81125 0.03125 0.12625
0 0.735 0.83375 0.03625 0.13
0 0.4325 0.54125 0.02 0.01875
0 0.835 0.8975 0.0725 0.13375
0 0.43125 0.5625 0.01875 0.01375
0 0.41375 0.55375 0.01125 0.02125
0 0.39625 0.54625 0.0125 0.02375
0 0.46875 0.5425 0.03125 0.11625
0 0.49875 0.55875 0.02625 0.11375
0 0.77625 0.865 0.0425 0.14375
0 0.4825 0.69 0.02 0.1
0 0.64625 0.6175 0.035 0.13125
0 0.44375 0.66 0.01375 0.09125
0 0.52375 0.565 0.02375 0.11
0 0.44125 0.78 0.0175 0.1
0 0.4625 0.79125 0.02125 0.1075
0 0.48125 0.81125 0.015 0.11625
0 0.505 0.83125 0.02875 0.1275
0 0.53625 0.8525 0.0275 0.12625
0 0.55875 0.8775 0.0175 0.11
0 0.5825 0.89 0.02625 0.12125
0 0.61125 0.6075 0.03 0.13
0 0.60875 0.91 0.0225 0.115
0 0.64125 0.93625 0.0375 0.125
0 0.6775 0.94625 0.03625 0.10125
0 0.715 0.9575 0.03375 0.08375
0 0.40625 0.645 0.01625 0.0925
0 0.4275 0.65 0.0225 0.0825
0 0.46125 0.6725 0.02125 0.0975
0 0.55375 0.5775 0.03125 0.12125
0 0.68125 0.63375 0.02875 0.12625
0 0.73625 0.28 0.05 0.1275
0 0.645 0.27625 0.03625 0.125
0 0.60625 0.275 0.03625 0.115
0 0.5725 0.27125 0.02875 0.115
0 0.54125 0.2725 0.02875 0.10875
0 0.5125 0.2725 0.02625 0.1
0 0.48625 0.2725 0.025 0.0975
0 0.465 0.2675 0.0175 0.0925
0 0.44125 0.26875 0.02 0.09125
0 0.41875 0.26875 0.02125 0.0875
0 0.8475 0.27 0.05375 0.15625
0 0.68875 0.2775 0.04625 0.125
0 0.8375 0.54625 0.07375 0.0725
0 0.7675 0.47375 0.0575 0.14875
0 0.71875 0.46625 0.03625 0.1475
0 0.6825 0.46375 0.035 0.14
0 0.79 0.27625 0.0575 0.1375
0 0.6075 0.44625 0.0275 0.13
0 0.57625 0.43875 0.0275 0.12375
0 0.54375 0.42625 0.02125 0.1075
0 0.58125 0.595 0.0225 0.12375
0 0.5175 0.425 0.02125 0.10875
0 0.7125 0.6425 0.0325 0.1325
0 0.75125 0.66 0.03875 0.11625
0 0.8125 0.675 0.08 0.135
0 0.45 0.4325 0.015 0.03875
0 0.4275 0.425 0.02125 0.03625
0 0.425 0.36875 0.025 0.03125
0 0.45125 0.375 0.02 0.035
0 0.64125 0.45375 0.04 0.13875
0 0.4725 0.4175 0.01875 0.09625
0 0.49375 0.42 0.01875 0.10375