0 0.755 0.2925 0.05125 0.07125
0 0.36125 0.40125 0.05375 0.055
0 0.80625 0.28875 0.05 0.06625
0 0.3075 0.4025 0.05125 0.06
0 0.20375 0.405 0.0525 0.05875
0 0.7025 0.29375 0.0525 0.06625
0 0.65125 0.2975 0.05 0.0725
0 0.8125 0.21625 0.0575 0.075
0 0.76 0.21875 0.0475 0.07125
0 0.71 0.22 0.05 0.075
0 0.65875 0.22375 0.0475 0.07
0 0.6025 0.225 0.06125 0.0725
0 0.77875 0.14625 0.05125 0.0625
0 0.725 0.15125 0.0425 0.055
0 0.67875 0.15125 0.04625 0.06125
0 0.63125 0.15375 0.045 0.05625
0 0.58625 0.15625 0.045 0.06125
0 0.53625 0.155 0.05125 0.06375
0 0.15125 0.4075 0.05125 0.055
0 0.25625 0.40375 0.05 0.05625
0 0.5 0.225 0.0525 0.0775
0 0.39 0.22625 0.055 0.0775
0 0.335 0.22875 0.05125 0.08125
0 0.28 0.23 0.05875 0.0775
0 0.22625 0.23125 0.04875 0.08
0 0.17 0.2325 0.0625 0.07875
0 0.6 0.3 0.05125 0.0725
0 0.54875 0.3 0.05 0.07125
0 0.49625 0.30125 0.05375 0.07125
0 0.4425 0.3025 0.05125 0.06875
0 0.39125 0.3025 0.05 0.0675
0 0.33875 0.30375 0.0525 0.065
0 0.28625 0.30125 0.04875 0.065
0 0.235 0.3025 0.0525 0.0625
0 0.1825 0.30375 0.04875 0.06375
0 0.445 0.22625 0.055 0.08
0 0.54875 0.22625 0.0425 0.0725
0 0.38 0.67 0.04625 0.03125
0 0.5075 0.39375 0.0475 0.0425
0 0.2825 0.7925 0.045 0.02375
0 0.285 0.81875 0.04625 0.02625
0 0.28375 0.8425 0.04625 0.01875
0 0.17875 0.78875 0.04875 0.02375
0 0.1825 0.81375 0.045 0.02125
0 0.1425 0.81875 0.03375 0.02375
0 0.225 0.8125 0.03875 0.03
0 0.23 0.84125 0.04625 0.0275
0 0.18375 0.84125 0.0425 0.02625
0 0.14375 0.8425 0.03625 0.0225
0 0.8075 0.64875 0.0425 0.03
0 0.81 0.67875 0.045 0.02375
0 0.81 0.70125 0.04375 0.02
0 0.76 0.6525 0.04625 0.03125
0 0.7625 0.68125 0.045 0.02625
0 0.76125 0.705 0.0475 0.02
0 0.71375 0.68375 0.04625 0.02625
0 0.71375 0.70625 0.04625 0.0175
0 0.66625 0.65875 0.0425 0.02875
0 0.6675 0.68625 0.04375 0.02375
0 0.66625 0.70875 0.04625 0.0175
0 0.56875 0.68375 0.04125 0.0275
0 0.56625 0.65625 0.04375 0.02625
0 0.6175 0.66 0.04875 0.025
0 0.62 0.68625 0.0475 0.02625
0 0.61875 0.7125 0.0475 0.02
0 0.57 0.71125 0.04625 0.0275
0 0.52375 0.6575 0.035 0.025
0 0.4825 0.66625 0.045 0.025
0 0.33 0.7925 0.05 0.025
0 0.43375 0.66875 0.0525 0.0275
0 0.33375 0.8175 0.0475 0.0225
0 0.38375 0.84 0.04625 0.0225
0 0.44375 0.39625 0.04625 0.05625
0 0.405 0.395 0.0275 0.05
0 0.795 0.76875 0.03625 0.02125
0 0.80125 0.79625 0.0425 0.0225
0 0.8 0.81875 0.04375 0.02
0 0.75125 0.77375 0.04375 0.02625
0 0.75375 0.8 0.0475 0.0225
0 0.75375 0.82125 0.0475 0.02
0 0.70375 0.77375 0.04625 0.02625
0 0.705 0.8 0.04625 0.02375
0 0.70625 0.825 0.045 0.02125
0 0.66 0.805 0.04375 0.02375
0 0.66125 0.82875 0.04375 0.0225
0 0.61625 0.805 0.04375 0.0225
0 0.615 0.82875 0.045 0.02375
0 0.61125 0.7725 0.04125 0.02
0 0.56875 0.78 0.045 0.0275
0 0.57 0.80625 0.04375 0.02375
0 0.56875 0.83125 0.04625 0.025
0 0.525 0.8325 0.04125 0.02375
0 0.51875 0.78375 0.0475 0.02375
0 0.47375 0.785 0.0425 0.02625
0 0.47625 0.81125 0.0475 0.025
0 0.4775 0.83625 0.045 0.025
0 0.43125 0.83625 0.04625 0.025
0 0.43 0.8125 0.0425 0.02375
0 0.42625 0.78625 0.0475 0.02375
0 0.38 0.78875 0.045 0.0275
0 0.3825 0.81625 0.04875 0.02375
0 0.33375 0.84 0.05 0.02125
0 0.52375 0.69125 0.0475 0.02625
0 0.52375 0.8075 0.03875 0.025
0 0.43125 0.695 0.045 0.0275
0 0.2725 0.59625 0.0475 0.0475
0 0.2225 0.595 0.05125 0.0475
0 0.1725 0.595 0.04625 0.04625
0 0.4725 0.5375 0.0475 0.0525
0 0.4225 0.54 0.04875 0.06125
0 0.37 0.5425 0.05375 0.055
0 0.31875 0.5425 0.0475 0.05625
0 0.27 0.54375 0.04875 0.05375
0 0.21875 0.54375 0.04875 0.0525
0 0.1675 0.545 0.05125 0.05
0 0.80625 0.43625 0.0375 0.05875
0 0.76625 0.44 0.03875 0.0525
0 0.72125 0.4425 0.05125 0.06
0 0.67125 0.44375 0.0475 0.0575
0 0.61875 0.4475 0.0525 0.06375
0 0.56875 0.45125 0.04625 0.0575
0 0.51625 0.45125 0.055 0.055
0 0.46375 0.45375 0.0475 0.05875
0 0.36375 0.45875 0.0525 0.0575
0 0.3075 0.4625 0.055 0.05625
0 0.25375 0.46375 0.0525 0.0575
0 0.2 0.46375 0.05375 0.05625
0 0.14875 0.46625 0.04625 0.06
0 0.75625 0.385 0.04125 0.0525
0 0.71125 0.38625 0.04625 0.055
0 0.6625 0.3875 0.04875 0.05125
0 0.60875 0.39125 0.0575 0.04625
0 0.4775 0.69375 0.045 0.02375
0 0.55625 0.38875 0.04375 0.04125
0 0.3225 0.59625 0.05125 0.04625
0 0.3725 0.59625 0.0475 0.04625
0 0.415 0.45625 0.04875 0.05375
0 0.47375 0.59 0.04625 0.05
0 0.3825 0.7 0.0475 0.02625
0 0.3325 0.7 0.05125 0.025
0 0.4225 0.595 0.05125 0.04375
0 0.28125 0.70125 0.0475 0.0225
0 0.23 0.7025 0.04875 0.02375
0 0.32875 0.67125 0.05 0.03125
0 0.27625 0.6725 0.0525 0.03125
0 0.1825 0.70375 0.04125 0.0275
0 0.17875 0.67875 0.0475 0.0225
0 0.52125 0.72125 0.05125 0.03125
0 0.4725 0.7225 0.045 0.0275
0 0.425 0.72375 0.0475 0.02625
0 0.37875 0.725 0.045 0.02125
0 0.33125 0.72875 0.05125 0.0275
0 0.28 0.73 0.04875 0.0275
0 0.2275 0.67375 0.04375 0.03375
0 0.185 0.73 0.04375 0.02
0 0.625 0.58375 0.04625 0.045
0 0.2325 0.72875 0.0475 0.02375
0 0.575 0.585 0.0525 0.04875
0 0.6725 0.5825 0.05 0.04875
0 0.5725 0.53375 0.04875 0.05125
0 0.67125 0.52875 0.04875 0.0575
0 0.5225 0.58375 0.04875 0.04875
0 0.6225 0.53125 0.0475 0.04875
0 0.72375 0.58125 0.0525 0.04625
0 0.77625 0.52375 0.04875 0.05125
0 0.8275 0.5225 0.05 0.05375
0 0.14375 0.73 0.0375 0.0225
0 0.72375 0.52875 0.055 0.05625