0 0.61375 0.7475 0.0125 0.06
0 0.54375 0.8425 0.0575 0.01625
0 0.6075 0.825 0.05625 0.01375
0 0.6075 0.8425 0.0625 0.0125
0 0.3425 0.13125 0.01875 0.10875
0 0.36625 0.135 0.02 0.10375
0 0.405 0.13625 0.02375 0.10125
0 0.4375 0.1375 0.02625 0.10375
0 0.495 0.18375 0.07125 0.01625
0 0.57625 0.19 0.0825 0.0175
0 0.57625 0.16625 0.08 0.02125
0 0.64125 0.14375 0.0425 0.1025
0 0.685 0.145 0.04 0.10125
0 0.75625 0.14125 0.0375 0.10375
0 0.235 0.25625 0.02875 0.06625
0 0.265 0.27625 0.02 0.0825
0 0.2875 0.27625 0.02 0.08375
0 0.31 0.27625 0.02 0.08875
0 0.36 0.26875 0.06375 0.0175
0 0.3575 0.29 0.065 0.015
0 0.35625 0.31125 0.065 0.02375
0 0.44125 0.27 0.09 0.025
0 0.4425 0.29375 0.0925 0.0175
0 0.44125 0.315 0.09 0.0225
0 0.52875 0.275 0.0725 0.01625
0 0.52875 0.29625 0.07 0.02125
0 0.545 0.82375 0.06 0.0125
0 0.54625 0.805 0.0575 0.02
0 0.48375 0.84125 0.05625 0.0175
0 0.485 0.8225 0.05625 0.01625
0 0.59875 0.74625 0.015 0.06
0 0.6425 0.74875 0.01625 0.06125
0 0.565 0.74375 0.01375 0.06125
0 0.54625 0.745 0.0175 0.0575
0 0.5275 0.74875 0.0175 0.0575
0 0.505 0.725 0.0175 0.0875
0 0.66375 0.745 0.02375 0.07
0 0.69125 0.745 0.0275 0.06875
0 0.72125 0.7425 0.02875 0.075
0 0.75125 0.74125 0.02875 0.07375
0 0.77 0.8225 0.0225 0.05875
0 0.7325 0.8075 0.0425 0.015
0 0.62625 0.74875 0.01 0.0625
0 0.7325 0.82375 0.0425 0.0125
0 0.67875 0.81 0.0525 0.0175
0 0.675 0.8275 0.05125 0.01
0 0.6775 0.84625 0.05625 0.0175
0 0.6075 0.80625 0.05625 0.01875
0 0.28625 0.80875 0.06 0.015
0 0.28625 0.82375 0.06 0.0125
0 0.285 0.8375 0.05875 0.0125
0 0.35375 0.83875 0.06625 0.01875
0 0.42125 0.80375 0.06625 0.015
0 0.42 0.82125 0.06625 0.01625
0 0.42125 0.84 0.06375 0.01375
0 0.48625 0.80375 0.05625 0.01625
0 0.7325 0.84 0.05 0.015
0 0.58125 0.74375 0.01375 0.06625
0 0.69125 0.32125 0.0725 0.01875
0 0.5275 0.32 0.07375 0.0225
0 0.76375 0.515 0.0325 0.0575
0 0.66625 0.50875 0.02 0.0725
0 0.59125 0.50625 0.02375 0.075
0 0.6175 0.5075 0.025 0.07375
0 0.64375 0.51125 0.02125 0.07375
0 0.23625 0.395 0.0275 0.04125
0 0.72 0.4275 0.0425 0.05875
0 0.235 0.435 0.03 0.02875
0 0.24125 0.4925 0.04125 0.02125
0 0.24125 0.51875 0.04125 0.02625
0 0.24125 0.54625 0.04125 0.0225
0 0.24125 0.5725 0.0425 0.02625
0 0.25 0.59875 0.045 0.02125
0 0.2525 0.62 0.0375 0.01875
0 0.2375 0.465 0.03625 0.0275
0 0.3625 0.60875 0.0375 0.09625
0 0.49125 0.43875 0.06875 0.0225
0 0.41875 0.42875 0.0675 0.04125
0 0.695 0.29875 0.07625 0.02
0 0.69375 0.27625 0.0775 0.02
0 0.60625 0.32 0.07625 0.0225
0 0.60875 0.29875 0.08 0.0175
0 0.295 0.59875 0.0225 0.09625
0 0.25625 0.645 0.0375 0.0225
0 0.49 0.41375 0.0625 0.02375
0 0.7625 0.3 0.0375 0.0175
0 0.235 0.335 0.0325 0.0475
0 0.2625 0.39375 0.01625 0.09875
0 0.28 0.39375 0.015 0.105
0 0.3 0.39375 0.0175 0.1025
0 0.3475 0.42 0.0675 0.04875
0 0.41875 0.39375 0.06875 0.025
0 0.7625 0.3225 0.0375 0.02
0 0.76125 0.2775 0.03875 0.02
0 0.4075 0.61 0.0375 0.10375
0 0.47375 0.61 0.0225 0.095
0 0.53625 0.535 0.07 0.015
0 0.2575 0.7225 0.01875 0.08375
0 0.27875 0.72625 0.01875 0.08875
0 0.3025 0.72375 0.02 0.09
0 0.32375 0.725 0.01625 0.095
0 0.34125 0.72625 0.01625 0.09625
0 0.5375 0.51625 0.07375 0.0175
0 0.3575 0.7275 0.01375 0.1
0 0.395 0.7275 0.0175 0.0975
0 0.4175 0.725 0.0175 0.09875
0 0.435 0.725 0.015 0.0975
0 0.45375 0.72625 0.01625 0.09625
0 0.47 0.72625 0.01375 0.0925
0 0.4875 0.725 0.015 0.08625
0 0.37625 0.73 0.0175 0.09625
0 0.44625 0.6125 0.02375 0.1025
0 0.5375 0.495 0.07375 0.0225
0 0.46125 0.5125 0.07125 0.02
0 0.5175 0.6125 0.0425 0.09625
0 0.55375 0.615 0.0175 0.09125
0 0.57375 0.615 0.01625 0.09375
0 0.65125 0.61875 0.02 0.095
0 0.67375 0.61375 0.01875 0.09875
0 0.7425 0.61875 0.01625 0.0975
0 0.46125 0.53375 0.07125 0.0175
0 0.7675 0.61875 0.0275 0.09875
0 0.29875 0.50625 0.06625 0.01625
0 0.29875 0.52625 0.06625 0.01875
0 0.38 0.5075 0.085 0.02
0 0.37875 0.53 0.0875 0.01875
0 0.45875 0.47375 0.065 0.015
0 0.4625 0.49 0.0725 0.01625
0 0.2975 0.48625 0.0675 0.01875
0 0.60875 0.27375 0.08125 0.02375