0 0.45875 0.64 0.01375 0.03
0 0.45 0.47375 0.0325 0.0575
0 0.32 0.47375 0.0325 0.0575
0 0.26375 0.47375 0.02 0.05125
0 0.2325 0.475 0.0275 0.0475
0 0.725 0.37375 0.03 0.05
0 0.69 0.37375 0.03 0.05
0 0.655 0.37625 0.03 0.05
0 0.6225 0.37375 0.03 0.05
0 0.555 0.3775 0.03 0.05
0 0.4875 0.475 0.0325 0.0575
0 0.22625 0.3 0.0125 0.0575
0 0.23625 0.38 0.03 0.0525
0 0.31625 0.38 0.03 0.05
0 0.35 0.38125 0.03 0.05
0 0.38375 0.38 0.03 0.05
0 0.41875 0.38125 0.03 0.05
0 0.4525 0.38125 0.03 0.05
0 0.485 0.38 0.03 0.05
0 0.52125 0.38 0.03 0.05
0 0.58875 0.37625 0.03 0.05
0 0.51875 0.47375 0.025 0.06
0 0.55 0.4775 0.03125 0.0575
0 0.58125 0.47375 0.03125 0.0575
0 0.575 0.63375 0.03125 0.04625
0 0.6075 0.63375 0.03125 0.04625
0 0.4325 0.6325 0.03125 0.04875
0 0.36375 0.63125 0.02875 0.04875
0 0.33 0.6325 0.02875 0.04875
0 0.29375 0.635 0.02875 0.04875
0 0.25625 0.6375 0.03 0.05125
0 0.2825 0.555 0.0375 0.055
0 0.3225 0.55625 0.03625 0.055
0 0.3625 0.55875 0.0375 0.055
0 0.3975 0.56 0.03125 0.055
0 0.49875 0.6325 0.015 0.04375
0 0.4325 0.5575 0.03125 0.055
0 0.50125 0.55625 0.03125 0.055
0 0.53625 0.55875 0.03125 0.055
0 0.5675 0.55625 0.03125 0.055
0 0.60125 0.55625 0.03125 0.055
0 0.63375 0.5575 0.03125 0.055
0 0.67 0.55875 0.04125 0.05
0 0.7125 0.5575 0.04125 0.05
0 0.71625 0.46625 0.03125 0.0575
0 0.6825 0.46875 0.03125 0.0575
0 0.65 0.47 0.03125 0.0575
0 0.61625 0.47125 0.03125 0.0575
0 0.4675 0.55625 0.03125 0.055
0 0.53875 0.63375 0.03125 0.04625
0 0.3975 0.635 0.03125 0.04875
0 0.6425 0.63125 0.03125 0.04625
0 0.47 0.15 0.02625 0.04875
0 0.5025 0.1475 0.03125 0.04625
0 0.55625 0.1525 0.0475 0.03125
0 0.63125 0.1425 0.03125 0.06125
0 0.74375 0.29 0.03125 0.0725
0 0.7125 0.29 0.03125 0.07875
0 0.68 0.29 0.0275 0.07875
0 0.64875 0.29375 0.0275 0.07625
0 0.6175 0.295 0.03 0.08
0 0.585 0.29875 0.0275 0.07
0 0.55375 0.30125 0.02625 0.0725
0 0.5225 0.3025 0.03125 0.065
0 0.4625 0.3 0.0325 0.0575
0 0.43 0.3025 0.02625 0.06375
0 0.4 0.3025 0.0275 0.0625
0 0.34625 0.15 0.025 0.045
0 0.36875 0.30125 0.02875 0.065
0 0.31125 0.15125 0.03125 0.05375
0 0.2375 0.14875 0.03125 0.05875
0 0.6175 0.885 0.03125 0.02375
0 0.5775 0.87 0.03375 0.025
0 0.48 0.87375 0.04625 0.03
0 0.42 0.87375 0.0425 0.03
0 0.355 0.88375 0.04125 0.0275
0 0.35125 0.85625 0.04125 0.02
0 0.31 0.88875 0.03875 0.02625
0 0.28375 0.85875 0.0125 0.02125
0 0.265 0.86 0.01375 0.02625
0 0.24375 0.85875 0.02125 0.02875
0 0.26125 0.80375 0.0325 0.03
0 0.30375 0.80875 0.035 0.0225
0 0.29875 0.7825 0.03875 0.02125
0 0.645 0.8875 0.02625 0.02125
0 0.685 0.8875 0.03125 0.015
0 0.27375 0.1475 0.0325 0.05875
0 0.33875 0.30375 0.02375 0.06
0 0.71625 0.8925 0.02375 0.0225
0 0.2775 0.3025 0.0275 0.06
0 0.4575 0.7175 0.02125 0.05875
0 0.43 0.7175 0.025 0.05875
0 0.37625 0.14625 0.03 0.0575
0 0.4075 0.145 0.02625 0.06
0 0.4375 0.14625 0.02375 0.06
0 0.4025 0.71875 0.0225 0.06125
0 0.35 0.71875 0.0275 0.0625
0 0.3225 0.71875 0.0225 0.06125
0 0.295 0.71625 0.02375 0.0625
0 0.245 0.71375 0.02125 0.06375
0 0.27 0.71625 0.0225 0.06
0 0.225 0.71375 0.0125 0.05375
0 0.71875 0.62875 0.03125 0.04625
0 0.31 0.3 0.0225 0.05625
0 0.68375 0.6325 0.03125 0.04625
0 0.48375 0.71625 0.02375 0.06125
0 0.51125 0.71625 0.0225 0.06
0 0.3775 0.72125 0.02 0.065
0 0.56875 0.71875 0.02625 0.06125
0 0.34875 0.7975 0.03 0.0275
0 0.53875 0.7175 0.02375 0.0625
0 0.28 0.37625 0.02875 0.0525
0 0.39125 0.79375 0.0325 0.03
0 0.43625 0.8075 0.0325 0.0275
0 0.43375 0.77875 0.0375 0.02
0 0.475 0.78125 0.03625 0.02
0 0.61375 0.80625 0.04 0.02125
0 0.6725 0.80875 0.0425 0.0225
0 0.48 0.81 0.035 0.02875
0 0.71875 0.81 0.0425 0.02125
0 0.7325 0.71875 0.02875 0.0575
0 0.7025 0.7175 0.025 0.05875
0 0.67375 0.7175 0.02625 0.05875
0 0.645 0.7175 0.0225 0.05625
0 0.62125 0.7175 0.02125 0.06125
0 0.595 0.71875 0.0225 0.06