0 0.6175 0.16125 0.06 0.16625
0 0.4675 0.045 0.07125 0.0625
0 0.575 0.04 0.0825 0.06375
0 0.66 0.04 0.06875 0.055
0 0.74875 0.0325 0.0725 0.0525
0 0.83125 0.035 0.07375 0.0525
0 0.85 0.15375 0.04875 0.1675
0 0.79125 0.16 0.0575 0.16625
0 0.38 0.3575 0.0225 0.03875
0 0.73375 0.1625 0.0525 0.1675
0 0.405 0.3575 0.01875 0.04375
0 0.4025 0.3125 0.0225 0.03875
0 0.30625 0.35875 0.0225 0.03875
0 0.28125 0.36 0.02 0.04375
0 0.5575 0.16125 0.04875 0.165
0 0.3775 0.31125 0.0175 0.0475
0 0.33 0.31375 0.02125 0.0425
0 0.30375 0.3125 0.02375 0.04875
0 0.2775 0.31 0.02125 0.04625
0 0.2525 0.30875 0.025 0.055
0 0.22625 0.30875 0.01875 0.0475
0 0.2 0.355 0.03 0.14375
0 0.15875 0.35625 0.045 0.13875
0 0.32375 0.16625 0.05 0.1575
0 0.38375 0.045 0.075 0.065
0 0.38 0.16375 0.05375 0.16375
0 0.44125 0.1625 0.05875 0.165
0 0.50375 0.16125 0.05375 0.16
0 0.67625 0.1575 0.05125 0.165
0 0.355 0.3125 0.0225 0.04625
0 0.305 0.04875 0.07125 0.07
0 0.645 0.49375 0.02625 0.0325
0 0.2575 0.36 0.0225 0.04375
0 0.64125 0.53 0.02625 0.0325
0 0.64125 0.56625 0.02625 0.0325
0 0.6375 0.6 0.02625 0.0325
0 0.66875 0.6025 0.02625 0.0325
0 0.67 0.5675 0.02625 0.0325
0 0.67 0.53125 0.02625 0.0325
0 0.67375 0.495 0.0275 0.0375
0 0.825 0.59625 0.05375 0.05125
0 0.76625 0.5925 0.05 0.04625
0 0.71 0.59375 0.0525 0.0475
0 0.71375 0.54 0.05375 0.04875
0 0.77 0.5425 0.05625 0.05125
0 0.8325 0.545 0.05875 0.04625
0 0.785 0.36125 0.0475 0.14875
0 0.7325 0.36625 0.0525 0.14
0 0.6825 0.36375 0.04375 0.1425
0 0.63375 0.36375 0.05 0.1425
0 0.585 0.36375 0.04125 0.14375
0 0.53625 0.36125 0.0425 0.1375
0 0.48875 0.35625 0.04 0.1375
0 0.44125 0.35625 0.045 0.14125
0 0.405 0.40375 0.01875 0.045
0 0.35625 0.4025 0.01875 0.045
0 0.33375 0.40375 0.02125 0.045
0 0.30875 0.40375 0.02125 0.04375
0 0.285 0.40625 0.0175 0.04375
0 0.2625 0.40625 0.0225 0.04375
0 0.23375 0.405 0.02375 0.04375
0 0.23 0.35875 0.0225 0.04375
0 0.22375 0.05625 0.07125 0.0875
0 0.3825 0.40375 0.02125 0.0475
0 0.84 0.36625 0.04875 0.1475
0 0.61625 0.49375 0.02625 0.0325
0 0.435 0.82 0.045 0.0375
0 0.38625 0.82 0.04875 0.03875
0 0.38125 0.77875 0.04875 0.03875
0 0.3775 0.73625 0.04875 0.04125
0 0.375 0.6925 0.04875 0.04125
0 0.32625 0.69125 0.04375 0.0375
0 0.28 0.69 0.04375 0.0375
0 0.32625 0.64875 0.04875 0.04375
0 0.275 0.6475 0.04875 0.04375
0 0.32875 0.73125 0.0425 0.04125
0 0.2825 0.73 0.04375 0.0375
0 0.285 0.7725 0.04375 0.04
0 0.33125 0.77375 0.04625 0.03875
0 0.3375 0.81625 0.04625 0.03875
0 0.28875 0.81375 0.04625 0.03875
0 0.24125 0.81375 0.04625 0.03875
0 0.19 0.8125 0.05 0.04
0 0.23375 0.7725 0.05 0.04
0 0.18125 0.7725 0.05 0.04
0 0.17875 0.7275 0.05 0.04
0 0.23125 0.72875 0.05 0.04
0 0.23 0.6875 0.04625 0.03625
0 0.1775 0.685 0.04875 0.04
0 0.225 0.6425 0.045 0.05
0 0.175 0.64 0.0475 0.04625
0 0.28 0.58 0.05125 0.04375
0 0.225 0.57875 0.05 0.04375
0 0.17125 0.5775 0.04875 0.04375
0 0.1675 0.52875 0.04625 0.045
0 0.48625 0.82125 0.05125 0.0425
0 0.54 0.82375 0.0475 0.04125
0 0.59125 0.83 0.04875 0.045
0 0.5925 0.785 0.05375 0.04
0 0.8575 0.69875 0.03375 0.04875
0 0.8575 0.7475 0.03375 0.04
0 0.855 0.7975 0.0375 0.04125
0 0.85375 0.84375 0.04125 0.0425
0 0.80375 0.845 0.04625 0.04625
0 0.80875 0.79875 0.04875 0.04375
0 0.81125 0.75125 0.05375 0.045
0 0.81375 0.70125 0.0475 0.04625
0 0.75375 0.70125 0.05375 0.04
0 0.75375 0.7475 0.0475 0.045
0 0.75375 0.79375 0.05 0.04375
0 0.7525 0.84125 0.04625 0.04625
0 0.675 0.83875 0.09875 0.045
0 0.675 0.79125 0.10125 0.04
0 0.22125 0.53 0.05375 0.045
0 0.675 0.74625 0.10375 0.045
0 0.4925 0.69125 0.05 0.04125
0 0.5425 0.69625 0.04625 0.04375
0 0.54625 0.64875 0.05125 0.0425
0 0.6 0.65 0.05 0.0425
0 0.59625 0.69625 0.05625 0.04375
0 0.595 0.74125 0.05 0.04125
0 0.5425 0.7375 0.04625 0.03625
0 0.4925 0.73375 0.04625 0.03875
0 0.43375 0.7375 0.05375 0.0425
0 0.42875 0.69375 0.04875 0.04
0 0.425 0.6475 0.05875 0.04375
0 0.43625 0.78 0.05 0.0375
0 0.48875 0.77625 0.0475 0.0425
0 0.53875 0.77875 0.0475 0.04125
0 0.49375 0.6425 0.04875 0.0475
0 0.35625 0.3575 0.0225 0.03875
0 0.33125 0.35875 0.0225 0.03875
0 0.2175 0.48125 0.0525 0.0475
0 0.27 0.48 0.04875 0.045
0 0.275 0.53125 0.04875 0.04625
0 0.3275 0.53375 0.05125 0.045
0 0.3325 0.58 0.0475 0.045
0 0.38375 0.57875 0.0475 0.045
0 0.38 0.5325 0.05 0.0425
0 0.4325 0.48625 0.05375 0.045
0 0.325 0.48375 0.05125 0.045
0 0.4375 0.5825 0.0525 0.0475
0 0.47875 0.59125 0.02125 0.03375
0 0.505 0.59125 0.02125 0.03375
0 0.505 0.555 0.02125 0.03375
0 0.48 0.555 0.02125 0.03375
0 0.43625 0.5325 0.05375 0.045
0 0.55875 0.5275 0.02375 0.03125
0 0.58875 0.49375 0.02625 0.0325
0 0.58625 0.52875 0.02625 0.0325
0 0.61375 0.52875 0.02625 0.0325
0 0.5325 0.525 0.02375 0.03125
0 0.6125 0.565 0.02625 0.0325
0 0.585 0.5625 0.02375 0.03125
0 0.1625 0.48 0.04875 0.05
0 0.61125 0.59875 0.02375 0.03125
0 0.5575 0.56 0.02375 0.03125
0 0.53125 0.56 0.02375 0.0325
0 0.52875 0.595 0.02375 0.03125
0 0.555 0.59625 0.02375 0.03125
0 0.5825 0.5975 0.02625 0.0325