0 0.73625 0.44375 0.03625 0.05375
0 0.65875 0.31625 0.01875 0.0775
0 0.7375 0.3 0.04875 0.06375
0 0.785 0.30125 0.0425 0.06375
0 0.8375 0.3075 0.05625 0.0475
0 0.6325 0.315 0.02875 0.085
0 0.8475 0.385 0.0525 0.03125
0 0.82625 0.4375 0.04875 0.05625
0 0.74 0.39375 0.05125 0.0425
0 0.795 0.3875 0.04625 0.02875
0 0.14875 0.43125 0.0475 0.10125
0 0.1975 0.42125 0.035 0.0775
0 0.23625 0.42125 0.035 0.0775
0 0.2725 0.4225 0.03125 0.075
0 0.595 0.31 0.03875 0.09875
0 0.77875 0.44875 0.0425 0.04375
0 0.5525 0.3075 0.04 0.09875
0 0.44 0.3175 0.0325 0.08
0 0.475 0.31625 0.0325 0.08
0 0.14625 0.18375 0.02125 0.09375
0 0.17875 0.18625 0.0375 0.095
0 0.21625 0.19125 0.02625 0.07875
0 0.2475 0.17875 0.03375 0.1025
0 0.28375 0.18625 0.02875 0.09375
0 0.32375 0.17875 0.04625 0.10375
0 0.365 0.19125 0.03 0.07875
0 0.41 0.1775 0.0525 0.1075
0 0.45375 0.19125 0.03125 0.08
0 0.5025 0.18375 0.0425 0.095
0 0.55125 0.17875 0.0425 0.1025
0 0.6 0.17625 0.05 0.105
0 0.65625 0.17625 0.05125 0.105
0 0.7 0.18875 0.03125 0.07625
0 0.73375 0.18625 0.03125 0.07625
0 0.775 0.205 0.0275 0.04125
0 0.775 0.1625 0.0275 0.03875
0 0.40875 0.33375 0.02375 0.05125
0 0.38375 0.33375 0.02375 0.05
0 0.355 0.31375 0.0275 0.09125
0 0.32625 0.3125 0.02625 0.09
0 0.295 0.3325 0.03 0.05
0 0.25375 0.33625 0.045 0.01375
0 0.5125 0.31875 0.0325 0.08
0 0.25375 0.35125 0.045 0.0125
0 0.18375 0.31625 0.02875 0.0825
0 0.15125 0.3125 0.0325 0.09125
0 0.86375 0.18875 0.02125 0.075
0 0.80625 0.165 0.02625 0.03625
0 0.8325 0.205 0.0275 0.03875
0 0.80625 0.205 0.0275 0.04
0 0.21375 0.3175 0.02875 0.08375
0 0.83875 0.1625 0.02875 0.04
0 0.685 0.61875 0.0175 0.07375
0 0.52 0.6175 0.03 0.0725
0 0.15625 0.875 0.04625 0.0725
0 0.215 0.84875 0.05 0.0975
0 0.26875 0.85 0.04875 0.0975
0 0.31875 0.85125 0.04625 0.10375
0 0.37 0.845 0.04625 0.10375
0 0.4225 0.84625 0.04875 0.10375
0 0.475 0.84625 0.05 0.10375
0 0.5275 0.84375 0.04625 0.1025
0 0.7325 0.72375 0.0575 0.10125
0 0.575 0.84375 0.04625 0.1025
0 0.67875 0.84125 0.05875 0.10125
0 0.5525 0.52 0.03 0.07125
0 0.49 0.6175 0.02875 0.0725
0 0.58375 0.51875 0.03 0.07125
0 0.24 0.52375 0.03625 0.07375
0 0.2 0.5225 0.03625 0.07375
0 0.16375 0.55125 0.0325 0.09625
0 0.135 0.55875 0.01875 0.08875
0 0.625 0.8425 0.04625 0.1025
0 0.6725 0.72375 0.04625 0.09875
0 0.61625 0.72 0.05125 0.09375
0 0.56 0.72125 0.05625 0.0925
0 0.43375 0.51875 0.035 0.08
0 0.3975 0.52 0.035 0.08
0 0.36 0.51875 0.03625 0.07375
0 0.3175 0.525 0.03625 0.07375
0 0.55375 0.6175 0.03 0.0725
0 0.58625 0.6175 0.03 0.0725
0 0.61875 0.61375 0.03 0.0725
0 0.65875 0.6175 0.03 0.0725
0 0.86875 0.73875 0.0125 0.065
0 0.78125 0.7375 0.02875 0.0725
0 0.8125 0.74125 0.0275 0.0725
0 0.84375 0.7425 0.03 0.0675
0 0.16375 0.7775 0.0475 0.0675
0 0.21875 0.7275 0.0575 0.09375
0 0.27625 0.72375 0.055 0.0925
0 0.33375 0.72125 0.05 0.0925
0 0.38375 0.7225 0.045 0.09625
0 0.435 0.7225 0.0525 0.095
0 0.49375 0.72125 0.0525 0.095
0 0.7625 0.575 0.03 0.07375
0 0.79875 0.58 0.0375 0.06625
0 0.83875 0.58 0.03625 0.06625
0 0.8675 0.57125 0.015 0.08125
0 0.8075 0.85875 0.0325 0.08625
0 0.84375 0.85625 0.035 0.0925
0 0.17 0.96125 0.02625 0.03375
0 0.22625 0.96125 0.055 0.0775
0 0.285 0.96125 0.055 0.0775
0 0.33875 0.95875 0.04625 0.08125
0 0.39875 0.95375 0.05 0.075
0 0.45 0.95875 0.04875 0.0825
0 0.50125 0.95875 0.04875 0.0825
0 0.5525 0.95875 0.04875 0.0825
0 0.6125 0.95875 0.04875 0.0825
0 0.66875 0.95875 0.04875 0.0825
0 0.74125 0.9625 0.07 0.075
0 0.81875 0.96125 0.07 0.0775
0 0.865 0.96 0.01875 0.07875
0 0.72375 0.56375 0.0475 0.065
0 0.7175 0.63125 0.04375 0.06375
0 0.72875 0.49625 0.03625 0.02125
0 0.73 0.52 0.0375 0.0175
0 0.7725 0.855 0.03625 0.08875
0 0.47375 0.52125 0.03625 0.07375
0 0.73375 0.85375 0.03625 0.08875
0 0.4225 0.6225 0.0325 0.07
0 0.69625 0.41625 0.03125 0.08
0 0.6575 0.4175 0.0375 0.08125
0 0.6175 0.41875 0.03125 0.075
0 0.57625 0.42 0.035 0.08125
0 0.53875 0.42 0.035 0.08125
0 0.4925 0.42 0.035 0.08125
0 0.455 0.41875 0.035 0.08125
0 0.385 0.41875 0.03125 0.075
0 0.35 0.41875 0.03125 0.075
0 0.62125 0.52 0.03 0.07125
0 0.6525 0.51875 0.03 0.07125
0 0.13375 0.67375 0.0175 0.09875
0 0.1625 0.67 0.03375 0.09375
0 0.2025 0.62625 0.035 0.065
0 0.2425 0.625 0.035 0.065
0 0.28 0.61875 0.035 0.07
0 0.31625 0.6225 0.03125 0.06875
0 0.35125 0.62375 0.0325 0.06625
0 0.38625 0.62375 0.0325 0.06625
0 0.4575 0.62 0.0325 0.065
0 0.5175 0.52125 0.03625 0.07375