0 0.46125 0.63125 0.02875 0.08625
0 0.49125 0.6325 0.025 0.08625
0 0.4275 0.63125 0.03125 0.08625
0 0.395 0.6275 0.02875 0.08875
0 0.36 0.6275 0.03375 0.08625
0 0.625 0.50625 0.03375 0.08875
0 0.57125 0.51125 0.03375 0.0875
0 0.53625 0.52125 0.02875 0.06875
0 0.50625 0.5175 0.02875 0.07625
0 0.475 0.51125 0.0275 0.085
0 0.44375 0.50625 0.02875 0.09125
0 0.41 0.5025 0.0325 0.09375
0 0.38 0.5075 0.02625 0.08375
0 0.85375 0.1175 0.0325 0.09
0 0.63625 0.3925 0.02875 0.09125
0 0.1425 0.09875 0.02625 0.0725
0 0.1725 0.0975 0.02625 0.07625
0 0.20125 0.10125 0.0225 0.08625
0 0.1325 0.22 0.01375 0.07
0 0.155 0.2225 0.02625 0.07625
0 0.18375 0.21875 0.02375 0.07375
0 0.21375 0.21875 0.02625 0.06625
0 0.14 0.32 0.03 0.07625
0 0.17125 0.3225 0.0275 0.0825
0 0.20125 0.3225 0.03 0.08125
0 0.14875 0.4325 0.0275 0.08125
0 0.605 0.39375 0.02875 0.07875
0 0.35 0.5125 0.0275 0.0775
0 0.34375 0.38125 0.03375 0.1
0 0.21625 0.43625 0.03375 0.0875
0 0.7975 0.67625 0.025 0.055
0 0.825 0.67625 0.02875 0.05375
0 0.855 0.66625 0.02375 0.07375
0 0.7125 0.57375 0.03125 0.07
0 0.74375 0.57625 0.02625 0.065
0 0.77 0.5775 0.02375 0.06375
0 0.79625 0.58125 0.025 0.055
0 0.8225 0.58125 0.0225 0.055
0 0.8425 0.57875 0.0125 0.06
0 0.86375 0.58125 0.02125 0.05625
0 0.70375 0.47875 0.015 0.0575
0 0.72625 0.4775 0.0225 0.06
0 0.75125 0.47875 0.02125 0.0575
0 0.7775 0.47875 0.02375 0.06
0 0.80125 0.48125 0.0225 0.0575
0 0.825 0.485 0.02 0.05
0 0.85125 0.485 0.02 0.05125
0 0.71875 0.36875 0.0225 0.06375
0 0.74625 0.36875 0.02875 0.06375
0 0.77125 0.675 0.0275 0.05375
0 0.7425 0.67375 0.02375 0.055
0 0.715 0.675 0.02125 0.05625
0 0.6875 0.67375 0.0225 0.06
0 0.18125 0.435 0.03125 0.08375
0 0.615 0.73375 0.0275 0.07
0 0.5875 0.7375 0.02375 0.06875
0 0.5625 0.73625 0.0225 0.06625
0 0.53875 0.735 0.02 0.07
0 0.51375 0.735 0.02125 0.0725
0 0.48875 0.7375 0.02125 0.06875
0 0.46125 0.73375 0.0275 0.07875
0 0.43125 0.73375 0.0275 0.08
0 0.5375 0.3875 0.025 0.09
0 0.40125 0.72 0.02625 0.0575
0 0.55125 0.62375 0.02625 0.095
0 0.52 0.62375 0.02875 0.10125
0 0.69625 0.74875 0.02375 0.055
0 0.57125 0.385 0.0325 0.105
0 0.7225 0.7475 0.02125 0.0525
0 0.77625 0.74875 0.02375 0.0575
0 0.80125 0.75 0.02125 0.0525
0 0.83 0.75 0.0275 0.05375
0 0.85875 0.75375 0.025 0.0575
0 0.37 0.72 0.03 0.06
0 0.5075 0.38875 0.02875 0.0825
0 0.7475 0.7475 0.025 0.0525
0 0.415 0.39625 0.02875 0.07375
0 0.2325 0.64375 0.03375 0.06625
0 0.19875 0.64625 0.02875 0.06875
0 0.16375 0.64375 0.03 0.06625
0 0.13625 0.645 0.01875 0.07
0 0.245 0.5525 0.0225 0.08
0 0.21375 0.5525 0.02875 0.0775
0 0.7775 0.37 0.02625 0.06375
0 0.8075 0.37 0.02875 0.06625
0 0.84125 0.37125 0.03 0.06625
0 0.73125 0.24375 0.02 0.0725
0 0.79375 0.245 0.03 0.07
0 0.8275 0.2475 0.02875 0.07125
0 0.85875 0.2475 0.02875 0.07125
0 0.75 0.1175 0.03125 0.08875
0 0.78 0.11625 0.0275 0.09
0 0.8175 0.11875 0.0325 0.0875
0 0.18375 0.55125 0.0275 0.07125
0 0.44375 0.3975 0.025 0.075
0 0.1525 0.54875 0.03125 0.07875
0 0.14125 0.73375 0.02625 0.07
0 0.17125 0.73375 0.03 0.0675
0 0.76 0.24375 0.03125 0.0725
0 0.2375 0.7375 0.03 0.06625
0 0.37875 0.38125 0.03125 0.0975
0 0.64375 0.2425 0.03375 0.1075
0 0.20625 0.735 0.02875 0.06875
0 0.61 0.245 0.02875 0.10125
0 0.58 0.26 0.02375 0.0675
0 0.55 0.26125 0.02875 0.0625
0 0.48625 0.2425 0.03 0.09875
0 0.45125 0.24 0.03125 0.0975
0 0.41625 0.24125 0.03375 0.10125
0 0.37625 0.24125 0.03375 0.09625
0 0.52 0.2575 0.02875 0.06625
0 0.62625 0.1 0.0425 0.11375
0 0.26625 0.7375 0.0225 0.07
0 0.55375 0.12375 0.035 0.08125
0 0.51 0.12125 0.035 0.07375
0 0.47125 0.12625 0.035 0.08625
0 0.4325 0.11125 0.03375 0.09125
0 0.395 0.1175 0.03 0.0775
0 0.32125 0.105 0.0275 0.0975
0 0.34375 0.24125 0.03 0.09625
0 0.35875 0.105 0.03125 0.10125