0 0.45125 0.5325 0.0575 0.10625
0 0.3125 0.5575 0.08625 0.07625
0 0.3825 0.91125 0.04125 0.0575
0 0.195 0.3125 0.06125 0.10625
0 0.1425 0.32 0.03125 0.10875
0 0.15125 0.50875 0.03875 0.08375
0 0.205 0.49625 0.05 0.0775
0 0.27 0.47875 0.0475 0.07625
0 0.32 0.47125 0.04 0.07
0 0.2 0.4225 0.03875 0.05
0 0.25875 0.4125 0.04625 0.04375
0 0.36125 0.43 0.03875 0.11
0 0.39625 0.425 0.0275 0.10375
0 0.43125 0.41375 0.03625 0.105
0 0.46125 0.405 0.02375 0.08625
0 0.50875 0.39 0.0325 0.08125
0 0.54875 0.375 0.0325 0.08375
0 0.58125 0.385 0.025 0.055
0 0.2575 0.32125 0.04375 0.06375
0 0.65625 0.35 0.02375 0.07625
0 0.30625 0.3125 0.0425 0.05875
0 0.35 0.31125 0.03125 0.05625
0 0.7875 0.11125 0.02875 0.10875
0 0.8125 0.11625 0.01625 0.0975
0 0.8275 0.22875 0.02125 0.065
0 0.77125 0.2325 0.01875 0.0725
0 0.7475 0.24375 0.01875 0.0675
0 0.72625 0.245 0.01875 0.0725
0 0.7025 0.24875 0.01875 0.06375
0 0.67875 0.255 0.0225 0.0725
0 0.65 0.25625 0.025 0.08
0 0.62125 0.2575 0.02375 0.08375
0 0.59125 0.25875 0.03 0.0875
0 0.5125 0.25625 0.04 0.08625
0 0.45625 0.20875 0.04875 0.04125
0 0.4675 0.2775 0.035 0.08875
0 0.39875 0.3025 0.04625 0.05625
0 0.28875 0.26125 0.0325 0.03875
0 0.67875 0.3475 0.01375 0.05875
0 0.72375 0.33875 0.0225 0.04625
0 0.69875 0.33625 0.02 0.0625
0 0.675 0.62125 0.01625 0.04125
0 0.7325 0.59125 0.0225 0.03375
0 0.705 0.60375 0.02 0.045
0 0.705 0.4025 0.02875 0.0175
0 0.7 0.435 0.01625 0.03625
0 0.6825 0.44375 0.01625 0.03875
0 0.6575 0.4475 0.02375 0.06875
0 0.6375 0.465 0.01125 0.0475
0 0.6275 0.4675 0.01 0.0425
0 0.58625 0.4825 0.01625 0.04375
0 0.605 0.47 0.01 0.03625
0 0.615 0.47125 0.0075 0.035
0 0.55 0.49875 0.01125 0.04125
0 0.56375 0.495 0.0125 0.04375
0 0.515 0.5075 0.01875 0.035
0 0.62125 0.65625 0.02875 0.055
0 0.58125 0.68125 0.02375 0.06125
0 0.55 0.71125 0.02625 0.06625
0 0.47125 0.7575 0.025 0.0575
0 0.75125 0.4275 0.02 0.105
0 0.73125 0.45125 0.01 0.075
0 0.71625 0.43375 0.01375 0.0375
0 0.4325 0.86875 0.03125 0.06
0 0.48875 0.9025 0.03625 0.0875
0 0.54 0.8375 0.02125 0.0625
0 0.59625 0.80875 0.055 0.06375
0 0.755 0.12 0.02375 0.085
0 0.6375 0.74875 0.02125 0.0475
0 0.75125 0.66 0.015 0.075
0 0.72375 0.68125 0.025 0.07875
0 0.2975 0.8575 0.03375 0.06125
0 0.2525 0.89375 0.03125 0.065
0 0.19875 0.945 0.04625 0.06375
0 0.35625 0.82 0.03875 0.0725
0 0.4375 0.77 0.02875 0.05875
0 0.6675 0.73125 0.03125 0.05375
0 0.71625 0.125 0.01875 0.0725
0 0.6225 0.355 0.03375 0.08375
0 0.6875 0.0225 0.04375 0.045
0 0.71125 0.5125 0.02 0.06875
0 0.6825 0.54375 0.02 0.0625
0 0.66 0.5475 0.015 0.075
0 0.61875 0.57375 0.0125 0.0775
0 0.63875 0.56 0.02125 0.06875
0 0.5975 0.6 0.02375 0.035
0 0.5625 0.61375 0.02875 0.03
0 0.695 0.125 0.01125 0.06875
0 0.5025 0.64625 0.0325 0.07625
0 0.41625 0.6575 0.0175 0.075
0 0.3825 0.69125 0.04125 0.0975
0 0.33 0.71625 0.04375 0.10125
0 0.27875 0.7475 0.05 0.1075
0 0.1725 0.785 0.0825 0.105
0 0.175 0.615 0.08375 0.09125
0 0.29875 0.6175 0.0975 0.03875
0 0.465 0.66875 0.03375 0.07875
0 0.53625 0.5 0.01375 0.04
0 0.4925 0.5125 0.01875 0.0825
0 0.4675 0.01125 0.02625 0.02
0 0.55875 0.08125 0.02 0.14
0 0.1525 0.06375 0.04875 0.12625
0 0.58375 0.085 0.02375 0.135
0 0.66875 0.1075 0.03125 0.105
0 0.21 0.06875 0.0475 0.135
0 0.25625 0.07 0.0425 0.13625
0 0.6275 0.09125 0.04375 0.1375
0 0.375 0.06875 0.055 0.13625
0 0.425 0.07375 0.04125 0.14125
0 0.475 0.0875 0.03875 0.12125
0 0.51 0.08625 0.01625 0.11875
0 0.53375 0.09375 0.0175 0.11125
0 0.30875 0.06625 0.0475 0.13