0 0.55625 0.48375 0.03875 0.03625
0 0.58375 0.39125 0.0325 0.03375
0 0.4675 0.4825 0.03875 0.03625
0 0.5125 0.48125 0.03875 0.03625
0 0.4275 0.52 0.04125 0.03375
0 0.46625 0.52125 0.03625 0.0325
0 0.3825 0.51875 0.04125 0.03375
0 0.38375 0.48125 0.04 0.035
0 0.425 0.48125 0.03625 0.03625
0 0.3825 0.44375 0.04 0.035
0 0.38 0.40125 0.04375 0.04
0 0.515 0.4425 0.03875 0.03625
0 0.50875 0.52 0.035 0.0325
0 0.5575 0.445 0.03875 0.03625
0 0.46375 0.665 0.0375 0.0325
0 0.5075 0.5575 0.03875 0.03625
0 0.4675 0.55625 0.03875 0.03625
0 0.425 0.5575 0.03875 0.03625
0 0.3825 0.55625 0.04125 0.035
0 0.38125 0.59375 0.0375 0.0325
0 0.42375 0.59375 0.0375 0.0325
0 0.42375 0.63 0.03875 0.035
0 0.3825 0.63 0.03875 0.035
0 0.38375 0.665 0.03625 0.0325
0 0.42375 0.66375 0.03625 0.0325
0 0.5025 0.665 0.03625 0.0325
0 0.425 0.40125 0.0425 0.04
0 0.50625 0.62875 0.03625 0.0325
0 0.55 0.5575 0.03875 0.035
0 0.425 0.445 0.04125 0.0375
0 0.67875 0.20875 0.0375 0.03625
0 0.46875 0.38875 0.03625 0.0325
0 0.465 0.63 0.0375 0.0325
0 0.6375 0.2075 0.03625 0.03375
0 0.59625 0.20625 0.0375 0.0375
0 0.555 0.2425 0.03625 0.0375
0 0.475 0.24125 0.04 0.035
0 0.5525 0.28125 0.0375 0.03375
0 0.51125 0.28125 0.03375 0.03375
0 0.47125 0.28 0.035 0.035
0 0.67375 0.24625 0.035 0.035
0 0.635 0.24625 0.03375 0.03875
0 0.595 0.245 0.035 0.03375
0 0.5925 0.28375 0.035 0.035
0 0.63125 0.28625 0.03625 0.0325
0 0.4675 0.4275 0.03625 0.03875
0 0.6725 0.28375 0.03375 0.0375
0 0.55 0.31875 0.03875 0.035
0 0.62875 0.32125 0.03625 0.03375
0 0.6675 0.32125 0.0375 0.03375
0 0.66375 0.3575 0.03375 0.03125
0 0.62625 0.35625 0.035 0.03125
0 0.5875 0.35625 0.035 0.035
0 0.51125 0.31875 0.03625 0.03375
0 0.47 0.31625 0.03875 0.03375
0 0.47125 0.35375 0.035 0.03125
0 0.51 0.35375 0.03625 0.03125
0 0.54875 0.35625 0.03375 0.0325
0 0.545 0.3925 0.03625 0.035
0 0.5075 0.39125 0.0325 0.03625
0 0.59 0.32 0.0325 0.03375
0 0.50875 0.5925 0.0375 0.0325
0 0.5525 0.52125 0.03625 0.0325
0 0.54875 0.595 0.03625 0.0325
0 0.71375 0.24375 0.03625 0.03375
0 0.72 0.20625 0.0375 0.0375
0 0.6575 0.4275 0.035 0.03375
0 0.62 0.42875 0.035 0.03375
0 0.225 0.39875 0.05 0.04375
0 0.23125 0.34875 0.03625 0.03875
0 0.7125 0.28 0.03625 0.03375
0 0.27125 0.35 0.0375 0.035
0 0.19125 0.3475 0.03625 0.0375
0 0.185 0.38625 0.025 0.03875
0 0.2725 0.3875 0.03 0.03375
0 0.3125 0.38625 0.035 0.035
0 0.31125 0.42125 0.03875 0.02875
0 0.31375 0.45625 0.03625 0.035
0 0.31125 0.35 0.0375 0.03625
0 0.75125 0.2825 0.0375 0.03625
0 0.71 0.31875 0.0375 0.03625
0 0.74875 0.32125 0.0375 0.0375
0 0.7125 0.63375 0.03875 0.03375
0 0.7525 0.6325 0.03875 0.03625
0 0.7575 0.59875 0.03875 0.03
0 0.71375 0.59625 0.03625 0.035
0 0.71625 0.56125 0.03875 0.03125
0 0.76 0.5625 0.04 0.035
0 0.76375 0.5225 0.04375 0.0375
0 0.72 0.52375 0.03625 0.0375
0 0.735 0.4625 0.03625 0.03375
0 0.74125 0.42625 0.04 0.03375
0 0.69875 0.42875 0.0325 0.03625
0 0.74 0.39125 0.03875 0.03
0 0.7 0.39125 0.03375 0.03
0 0.70375 0.355 0.03375 0.03
0 0.745 0.3575 0.04125 0.0325
0 0.315 0.49125 0.03625 0.03
0 0.3475 0.4925 0.02375 0.03375
0 0.34875 0.4575 0.0275 0.0275
0 0.345 0.42125 0.0225 0.03125
0 0.2975 0.63 0.04375 0.03125
0 0.21625 0.66625 0.0375 0.03625
0 0.2575 0.66625 0.0425 0.03375
0 0.25625 0.63 0.03875 0.03625
0 0.21375 0.62875 0.0425 0.03125
0 0.20875 0.44 0.04375 0.0325
0 0.2525 0.44 0.04 0.03875
0 0.2075 0.47875 0.04125 0.035
0 0.25375 0.48 0.0425 0.035
0 0.2525 0.51875 0.04125 0.03625
0 0.255 0.555 0.0425 0.03375
0 0.205 0.51875 0.04625 0.03375
0 0.20625 0.55625 0.04625 0.0325
0 0.21125 0.59375 0.045 0.03
0 0.25625 0.59125 0.04125 0.0325
0 0.29875 0.59375 0.04125 0.03375
0 0.7075 0.66875 0.03625 0.03125
0 0.29875 0.55625 0.0375 0.03625
0 0.34125 0.59375 0.0375 0.03625
0 0.35 0.35375 0.03625 0.04
0 0.38875 0.3525 0.035 0.035
0 0.43125 0.35375 0.03375 0.03
0 0.3475 0.23875 0.035 0.03875
0 0.39125 0.2375 0.0375 0.0375
0 0.4325 0.24125 0.03625 0.035
0 0.43375 0.28375 0.035 0.03375
0 0.39125 0.2775 0.04125 0.035
0 0.34625 0.2775 0.04125 0.0325
0 0.35 0.31375 0.0325 0.03125
0 0.39125 0.315 0.03625 0.03625
0 0.43 0.32 0.03125 0.0325
0 0.3 0.665 0.035 0.03625
0 0.34125 0.665 0.0375 0.03375
0 0.34125 0.63125 0.035 0.03125
0 0.34125 0.555 0.03625 0.035
0 0.465 0.595 0.04125 0.035
0 0.62 0.3925 0.0325 0.03375
0 0.63125 0.55875 0.0375 0.035
0 0.65875 0.3925 0.0375 0.03125
0 0.68125 0.4825 0.04125 0.0375
0 0.58875 0.66875 0.03625 0.03375
0 0.5875 0.63125 0.0375 0.03375
0 0.59 0.59625 0.03625 0.03375
0 0.59125 0.56 0.0375 0.03625
0 0.59375 0.5225 0.04 0.035
0 0.59625 0.48375 0.03875 0.03625
0 0.54875 0.66625 0.04 0.03625
0 0.635 0.52125 0.03875 0.03
0 0.67 0.66625 0.0375 0.0325
0 0.62875 0.6675 0.0375 0.035
0 0.62875 0.63125 0.0375 0.0325
0 0.67 0.6325 0.035 0.03375
0 0.67375 0.595 0.04125 0.03375
0 0.63125 0.595 0.04 0.0325
0 0.67375 0.55875 0.04 0.03125
0 0.67875 0.52125 0.03875 0.03625
0 0.74875 0.66875 0.04125 0.0325
0 0.54625 0.63 0.0375 0.0325
0 0.64 0.485 0.04 0.035