0 0.56875 0.6375 0.04875 0.055
0 0.51875 0.63625 0.05 0.05375
0 0.46625 0.63375 0.05125 0.0525
0 0.41625 0.63625 0.04625 0.06
0 0.3675 0.6375 0.05 0.05875
0 0.3175 0.63625 0.04625 0.0575
0 0.35125 0.68875 0.06375 0.04375
0 0.61375 0.64 0.04 0.05
0 0.26875 0.635 0.05 0.05875
0 0.7075 0.685 0.04875 0.0525
0 0.65375 0.68375 0.0575 0.05375
0 0.5925 0.68625 0.05375 0.04375
0 0.535 0.6875 0.06 0.04625
0 0.4725 0.68875 0.06375 0.04625
0 0.41125 0.68625 0.0525 0.0475
0 0.2875 0.68875 0.06 0.04375
0 0.64 0.89875 0.055 0.03875
0 0.79875 0.495 0.06375 0.02375
0 0.5225 0.9 0.05 0.0475
0 0.74875 0.375 0.0625 0.0575
0 0.80625 0.37375 0.05125 0.0625
0 0.85375 0.37125 0.04125 0.0575
0 0.815 0.42 0.06125 0.0325
0 0.8025 0.5225 0.0575 0.03
0 0.7075 0.74125 0.06 0.045
0 0.8025 0.4675 0.07 0.03125
0 0.81875 0.60125 0.05625 0.08375
0 0.81875 0.69375 0.0675 0.08375
0 0.81875 0.78375 0.075 0.08375
0 0.80875 0.875 0.0725 0.09375
0 0.285 0.905 0.0575 0.0425
0 0.34625 0.90625 0.06625 0.04375
0 0.40875 0.9025 0.055 0.05
0 0.46625 0.9 0.06125 0.04625
0 0.58125 0.89625 0.06375 0.0425
0 0.64625 0.74125 0.06 0.04375
0 0.715 0.84875 0.05375 0.05125
0 0.52625 0.74 0.05875 0.04875
0 0.1875 0.59875 0.06875 0.03625
0 0.85375 0.285 0.03875 0.08125
0 0.665 0.8475 0.0425 0.0525
0 0.62125 0.8475 0.04625 0.05125
0 0.57375 0.8475 0.04875 0.0525
0 0.5225 0.84875 0.04875 0.05625
0 0.1675 0.22125 0.04875 0.03
0 0.22 0.25125 0.04625 0.0275
0 0.16875 0.2525 0.05625 0.02875
0 0.69625 0.89875 0.05625 0.0375
0 0.275 0.855 0.0425 0.05375
0 0.325 0.855 0.055 0.05125
0 0.3775 0.85125 0.04375 0.05
0 0.42625 0.84875 0.0475 0.05625
0 0.475 0.84875 0.0475 0.0575
0 0.18375 0.635 0.075 0.035
0 0.58625 0.7425 0.05875 0.04625
0 0.185 0.67375 0.0725 0.03125
0 0.19625 0.75 0.0675 0.03125
0 0.4675 0.7425 0.0575 0.05
0 0.4075 0.745 0.06 0.04375
0 0.345 0.7475 0.0575 0.04875
0 0.2825 0.74625 0.06125 0.045
0 0.70125 0.79 0.06625 0.0425
0 0.645 0.79 0.04875 0.03875
0 0.5875 0.78875 0.06375 0.03875
0 0.5275 0.7925 0.055 0.04625
0 0.4675 0.79 0.06125 0.0375
0 0.40625 0.7925 0.06 0.0425
0 0.34625 0.795 0.05875 0.0375
0 0.285 0.7925 0.05125 0.03625
0 0.19875 0.87 0.07625 0.05375
0 0.2075 0.8225 0.0575 0.03625
0 0.1975 0.78375 0.06625 0.03125
0 0.19875 0.715 0.07 0.035
0 0.7475 0.2925 0.04875 0.08625
0 0.8025 0.28875 0.06125 0.08875
0 0.63875 0.24 0.04 0.04875
0 0.855 0.19125 0.04 0.08875
0 0.68 0.2425 0.03875 0.05
0 0.59875 0.19 0.03875 0.0475
0 0.64 0.1925 0.04125 0.05
0 0.6825 0.19125 0.04125 0.05375
0 0.1775 0.3925 0.04875 0.02875
0 0.175 0.36125 0.0525 0.02875
0 0.17375 0.33125 0.05 0.0275
0 0.175 0.30875 0.04875 0.01875
0 0.2275 0.39375 0.05 0.0325
0 0.2275 0.36375 0.05 0.0275
0 0.22625 0.33125 0.0475 0.0275
0 0.4675 0.58125 0.06875 0.0475
0 0.29125 0.33 0.0425 0.05375
0 0.335 0.32875 0.04125 0.05125
0 0.37625 0.33 0.0375 0.05375
0 0.4175 0.3325 0.0425 0.0475
0 0.59875 0.24125 0.03875 0.04875
0 0.405 0.19 0.02625 0.055
0 0.40375 0.2425 0.03375 0.05125
0 0.365 0.2425 0.04 0.0525
0 0.53125 0.57875 0.06 0.05
0 0.5925 0.57625 0.06 0.04625
0 0.6575 0.5775 0.0675 0.045
0 0.72 0.5775 0.0575 0.04375
0 0.72625 0.5175 0.04375 0.0675
0 0.40625 0.58125 0.05125 0.04875
0 0.34375 0.5825 0.06875 0.0475
0 0.27875 0.5825 0.0575 0.045
0 0.2925 0.38125 0.03875 0.04625
0 0.7175 0.63125 0.04375 0.05
0 0.21875 0.2225 0.0525 0.02875
0 0.16375 0.19 0.055 0.0275
0 0.2175 0.1925 0.05 0.025
0 0.28625 0.19 0.04125 0.04875
0 0.32625 0.19 0.03875 0.05
0 0.36875 0.19 0.04125 0.05
0 0.28625 0.2425 0.0375 0.05375
0 0.32375 0.2425 0.0375 0.055
0 0.66375 0.635 0.05875 0.04375
0 0.33375 0.37875 0.03875 0.04875
0 0.22625 0.30625 0.045 0.02125
0 0.41625 0.38125 0.03625 0.04625
0 0.46625 0.5225 0.05 0.0575
0 0.51875 0.5225 0.05375 0.06125
0 0.5725 0.5225 0.05125 0.06125
0 0.625 0.52125 0.0525 0.0575
0 0.6775 0.5225 0.05 0.05625
0 0.375 0.38125 0.04125 0.04875
0 0.32875 0.45875 0.0375 0.065
0 0.36125 0.4575 0.0225 0.0625
0 0.415 0.52375 0.05125 0.05375
0 0.39625 0.475 0.045 0.03125
0 0.45875 0.46 0.0575 0.0475
0 0.52125 0.45 0.0425 0.0625
0 0.57375 0.4575 0.06125 0.05
0 0.62375 0.45625 0.03875 0.0575
0 0.66875 0.4575 0.05125 0.06
0 0.725 0.4625 0.06 0.0475
0 0.74625 0.19125 0.0525 0.08125
0 0.80375 0.1875 0.06 0.085
0 0.40125 0.4475 0.04125 0.02125
0 0.3625 0.5275 0.05125 0.06
0 0.2775 0.46875 0.06375 0.04625
0 0.26 0.5275 0.05125 0.0625
0 0.62375 0.3775 0.04 0.04875
0 0.31125 0.5275 0.05125 0.06125
0 0.585 0.37875 0.03375 0.05125
0 0.54125 0.38125 0.04375 0.0525
0 0.50125 0.38 0.0375 0.0475
0 0.45625 0.3825 0.04375 0.04625
0 0.58625 0.32875 0.0375 0.05125
0 0.66375 0.32875 0.04 0.0475
0 0.62375 0.32875 0.0375 0.05
0 0.2 0.445 0.045 0.02375
0 0.145 0.4725 0.04 0.03
0 0.18875 0.4725 0.0375 0.03125
0 0.1425 0.49625 0.035 0.01625
0 0.185 0.4975 0.045 0.01375
0 0.15 0.52 0.0425 0.025
0 0.1875 0.52 0.03375 0.02625
0 0.1825 0.55 0.0675 0.025
0 0.15625 0.4475 0.04125 0.01375
0 0.6625 0.38 0.0425 0.0475