0 0.2775 0.52 0.03375 0.08625
0 0.31 0.53125 0.02875 0.09375
0 0.33875 0.53 0.03125 0.07625
0 0.3925 0.52375 0.0275 0.09375
0 0.5025 0.52125 0.01875 0.0875
0 0.445 0.5225 0.01875 0.08625
0 0.47625 0.5225 0.0325 0.0875
0 0.5325 0.5175 0.02875 0.08875
0 0.56125 0.52125 0.01625 0.085
0 0.21875 0.5275 0.0725 0.0775
0 0.42 0.52125 0.0225 0.08875
0 0.14625 0.52375 0.04125 0.075
0 0.6525 0.41 0.02625 0.0875
0 0.83125 0.4075 0.03 0.09625
0 0.7975 0.40625 0.0375 0.09875
0 0.76875 0.40125 0.0225 0.09625
0 0.73875 0.4125 0.03125 0.09
0 0.70875 0.41 0.02375 0.09375
0 0.67875 0.40875 0.02 0.0975
0 0.58625 0.52125 0.025 0.0725
0 0.62125 0.41375 0.02875 0.09125
0 0.59125 0.4125 0.0275 0.0875
0 0.56 0.41375 0.02375 0.0875
0 0.5325 0.415 0.025 0.0875
0 0.8625 0.425 0.02375 0.05375
0 0.6175 0.52125 0.025 0.08375
0 0.15375 0.635 0.055 0.105
0 0.6725 0.51625 0.02625 0.08875
0 0.765 0.6325 0.0275 0.08375
0 0.72875 0.63125 0.025 0.0775
0 0.68125 0.6275 0.02375 0.0825
0 0.65 0.63 0.02375 0.07875
0 0.62125 0.63375 0.025 0.08125
0 0.59 0.6325 0.01875 0.08125
0 0.565 0.63 0.02 0.0925
0 0.53 0.63125 0.025 0.09
0 0.50875 0.63 0.01625 0.0875
0 0.47875 0.6325 0.0375 0.09125
0 0.45 0.63125 0.0175 0.0875
0 0.42375 0.63 0.02625 0.0875
0 0.4 0.63125 0.01875 0.09
0 0.37125 0.63125 0.02125 0.09
0 0.345 0.6325 0.03 0.09125
0 0.31625 0.63375 0.02625 0.08875
0 0.2875 0.64 0.02125 0.1
0 0.2275 0.64 0.07625 0.09125
0 0.505 0.4125 0.0275 0.09
0 0.8575 0.5225 0.03375 0.0875
0 0.82375 0.52375 0.0225 0.095
0 0.79375 0.51875 0.025 0.08625
0 0.76625 0.51875 0.03125 0.10125
0 0.7325 0.52 0.0275 0.10375
0 0.705 0.52375 0.02125 0.09875
0 0.64625 0.51875 0.02625 0.0925
0 0.455 0.41 0.03125 0.085
0 0.74875 0.29875 0.025 0.085
0 0.395 0.415 0.02 0.105
0 0.64625 0.1575 0.03 0.1275
0 0.605 0.15125 0.03875 0.13
0 0.56375 0.15625 0.02375 0.125
0 0.5325 0.15875 0.0275 0.12625
0 0.49625 0.155 0.02625 0.1325
0 0.15875 0.18625 0.0225 0.0675
0 0.18875 0.17875 0.01875 0.07125
0 0.21625 0.18625 0.02625 0.08125
0 0.25875 0.19125 0.02125 0.07375
0 0.28625 0.19 0.0225 0.07375
0 0.31625 0.16375 0.02625 0.12375
0 0.345 0.165 0.02875 0.12875
0 0.38375 0.1625 0.0325 0.13375
0 0.42125 0.16 0.03125 0.13
0 0.45875 0.15625 0.02625 0.13125
0 0.2025 0.77625 0.105 0.125
0 0.27875 0.78875 0.01875 0.09375
0 0.31125 0.79 0.03 0.0875
0 0.3425 0.77875 0.02625 0.1075
0 0.36875 0.7825 0.02625 0.10625
0 0.39875 0.77375 0.02625 0.11125
0 0.425 0.775 0.025 0.11125
0 0.46 0.7775 0.03125 0.1025
0 0.51 0.79875 0.02625 0.06875
0 0.53875 0.7775 0.02875 0.11
0 0.68 0.15125 0.0375 0.1275
0 0.425 0.41875 0.0175 0.09875
0 0.71375 0.1525 0.03 0.12875
0 0.78 0.16125 0.02875 0.12875
0 0.37 0.415 0.02875 0.1
0 0.33125 0.4125 0.02875 0.09875
0 0.30375 0.41375 0.02 0.11375
0 0.27375 0.41125 0.0225 0.10875
0 0.20875 0.415 0.0725 0.07625
0 0.845 0.315 0.03375 0.04875
0 0.78125 0.28875 0.03375 0.09
0 0.7225 0.285 0.025 0.0975
0 0.6875 0.28625 0.03125 0.095
0 0.6575 0.28625 0.02875 0.095
0 0.6225 0.2925 0.0275 0.1
0 0.5975 0.295 0.025 0.0875
0 0.5675 0.29375 0.0225 0.09375
0 0.5425 0.3 0.02625 0.10625
0 0.5 0.30625 0.02875 0.09125
0 0.47625 0.3025 0.02375 0.0875
0 0.4425 0.3025 0.02875 0.0925
0 0.41375 0.29375 0.0225 0.10375
0 0.36 0.29125 0.0225 0.08625
0 0.32375 0.29875 0.0325 0.0975
0 0.26625 0.305 0.02375 0.085
0 0.2025 0.29875 0.0875 0.08625
0 0.14625 0.30125 0.0275 0.07
0 0.8575 0.14875 0.03375 0.12875
0 0.8175 0.15 0.0375 0.1225
0 0.74625 0.155 0.03375 0.125
0 0.81875 0.6175 0.03125 0.07875
0 0.60375 0.77125 0.02625 0.095
0 0.13375 0.19 0.0175 0.07
0 0.85625 0.62 0.025 0.1025
0 0.8425 0.79375 0.02875 0.05625
0 0.815 0.79125 0.02125 0.07625
0 0.78375 0.78875 0.03875 0.08
0 0.7425 0.77625 0.02875 0.1
0 0.7125 0.7675 0.025 0.1025
0 0.6875 0.77625 0.0325 0.10875
0 0.66 0.77625 0.02 0.10625
0 0.6375 0.7775 0.025 0.1
0 0.57 0.7775 0.03125 0.105