0 0.74875 0.285 0.04875 0.075
0 0.36 0.42125 0.0625 0.01625
0 0.285 0.48125 0.0625 0.0175
0 0.285 0.46125 0.065 0.01875
0 0.7 0.285 0.04125 0.07375
0 0.65875 0.2675 0.03125 0.04125
0 0.62875 0.30375 0.03 0.0325
0 0.59625 0.30625 0.02875 0.03625
0 0.5675 0.30625 0.02625 0.03375
0 0.53375 0.3075 0.0275 0.035
0 0.50375 0.30875 0.0275 0.03375
0 0.435 0.4 0.0725 0.01
0 0.65875 0.305 0.025 0.03125
0 0.435 0.41375 0.07 0.0125
0 0.72875 0.4625 0.015 0.08125
0 0.35875 0.45625 0.07125 0.01
0 0.35875 0.47125 0.0775 0.0125
0 0.36125 0.485 0.07625 0.015
0 0.435 0.4575 0.0725 0.0125
0 0.435 0.47125 0.07125 0.01375
0 0.43625 0.48625 0.06875 0.01125
0 0.495 0.46125 0.0375 0.08
0 0.53375 0.4625 0.0375 0.0825
0 0.57375 0.4625 0.04125 0.08
0 0.6175 0.46125 0.0375 0.08
0 0.655 0.4625 0.03125 0.07625
0 0.69125 0.46125 0.0375 0.0725
0 0.76125 0.4075 0.02375 0.0225
0 0.63 0.26625 0.025 0.04375
0 0.435 0.42875 0.07 0.01375
0 0.59875 0.26625 0.03125 0.0425
0 0.46625 0.18625 0.03 0.0375
0 0.535 0.26875 0.03375 0.04375
0 0.2275 0.2825 0.0075 0.06875
0 0.2375 0.28375 0.01 0.07
0 0.24875 0.2825 0.01125 0.06875
0 0.26 0.28 0.0075 0.07
0 0.26875 0.28 0.00625 0.06875
0 0.28125 0.28125 0.0075 0.06875
0 0.28875 0.2825 0.00625 0.06875
0 0.3 0.28 0.00625 0.0675
0 0.30625 0.28125 0.00625 0.0675
0 0.315 0.28125 0.005 0.06875
0 0.3225 0.28125 0.00625 0.07375
0 0.3375 0.28125 0.005 0.06875
0 0.345 0.27875 0.005 0.0625
0 0.3525 0.28 0.0075 0.0675
0 0.375 0.19 0.03 0.04
0 0.40375 0.18875 0.0275 0.03625
0 0.3775 0.2275 0.03 0.03625
0 0.4075 0.22875 0.0275 0.035
0 0.43875 0.22875 0.03 0.03625
0 0.47 0.22625 0.02875 0.03875
0 0.3775 0.26875 0.03 0.04
0 0.41 0.26625 0.025 0.04
0 0.43875 0.26875 0.02875 0.04
0 0.47 0.2675 0.03125 0.03875
0 0.3775 0.30875 0.0275 0.0375
0 0.40875 0.30875 0.03 0.0375
0 0.44125 0.3075 0.03125 0.03625
0 0.47375 0.30625 0.0275 0.03875
0 0.50375 0.27 0.0275 0.04125
0 0.5675 0.2675 0.03 0.04125
0 0.74625 0.46125 0.01875 0.07875
0 0.435 0.1875 0.02875 0.04125
0 0.2425 0.63375 0.035 0.075
0 0.73875 0.73375 0.01875 0.02
0 0.67625 0.7425 0.0925 0.0225
0 0.67625 0.72 0.0875 0.0175
0 0.77 0.64875 0.01875 0.05875
0 0.75125 0.64875 0.01875 0.06
0 0.73125 0.65 0.02 0.0625
0 0.7125 0.64875 0.01625 0.0625
0 0.69375 0.65 0.0175 0.06
0 0.675 0.65 0.0175 0.06
0 0.65375 0.65 0.02125 0.06
0 0.635 0.65125 0.0175 0.05875
0 0.61625 0.65 0.01625 0.05625
0 0.7575 0.57375 0.02125 0.05875
0 0.71875 0.57 0.01625 0.0575
0 0.70125 0.5675 0.0075 0.05125
0 0.63625 0.82375 0.02 0.08875
0 0.65875 0.82 0.01875 0.08125
0 0.68 0.81875 0.02125 0.08125
0 0.70125 0.8175 0.02125 0.08
0 0.77 0.46 0.02 0.0775
0 0.24375 0.835 0.0275 0.055
0 0.36 0.84375 0.025 0.05375
0 0.33 0.84875 0.0275 0.06
0 0.30125 0.85 0.02875 0.0575
0 0.27125 0.85 0.0225 0.05625
0 0.4025 0.8 0.02625 0.0675
0 0.67875 0.585 0.02375 0.06625
0 0.4275 0.8 0.02625 0.0625
0 0.48625 0.81625 0.025 0.07125
0 0.6 0.8025 0.025 0.0625
0 0.5725 0.8125 0.02375 0.065
0 0.545 0.8025 0.01875 0.05375
0 0.5175 0.82875 0.0225 0.07375
0 0.77 0.82 0.02 0.0875
0 0.74875 0.82 0.01875 0.08125
0 0.4575 0.82125 0.0275 0.06875
0 0.6575 0.5875 0.02125 0.06125
0 0.725 0.81875 0.02375 0.08
0 0.615 0.5875 0.01625 0.06375
0 0.27125 0.6325 0.02125 0.075
0 0.44375 0.5725 0.0175 0.03375
0 0.42375 0.5775 0.01875 0.03125
0 0.40125 0.57875 0.02125 0.0325
0 0.38375 0.66 0.0175 0.0325
0 0.3625 0.66 0.0175 0.0325
0 0.34125 0.66 0.01625 0.0325
0 0.42375 0.61875 0.01875 0.03375
0 0.3225 0.66 0.01875 0.0325
0 0.3625 0.61625 0.02 0.03375
0 0.34125 0.6175 0.0175 0.03375
0 0.31875 0.6175 0.0225 0.03375
0 0.35875 0.575 0.0275 0.04
0 0.325 0.57375 0.025 0.04625
0 0.2925 0.635 0.0175 0.07375
0 0.635 0.5875 0.02125 0.06375
0 0.3825 0.615 0.0175 0.03
0 0.445 0.61875 0.01875 0.035
0 0.40375 0.62125 0.0225 0.03
0 0.42625 0.65875 0.02 0.03125
0 0.58875 0.6275 0.015 0.05
0 0.5725 0.63 0.01625 0.04625
0 0.55125 0.63 0.02 0.04375
0 0.52625 0.655 0.02 0.0525
0 0.50625 0.65875 0.01875 0.0475
0 0.48625 0.6575 0.015 0.0475
0 0.47 0.65625 0.015 0.04875
0 0.5225 0.5975 0.01875 0.0525
0 0.405 0.66 0.01875 0.03125
0 0.485 0.59875 0.01625 0.0525
0 0.5025 0.59875 0.0175 0.05375
0 0.51875 0.55875 0.0175 0.015
0 0.5025 0.55375 0.01625 0.0175
0 0.48375 0.56 0.0175 0.01875
0 0.46375 0.565 0.0175 0.01875
0 0.44625 0.65875 0.01625 0.0325
0 0.46625 0.605 0.01625 0.045