0 0.3225 0.61875 0.07 0.0825
0 0.84 0.3375 0.015 0.0275
0 0.825 0.3375 0.01375 0.0275
0 0.81 0.3375 0.0125 0.0275
0 0.78125 0.34375 0.0225 0.01625
0 0.73 0.33375 0.01625 0.02875
0 0.71625 0.335 0.00625 0.02625
0 0.68625 0.33875 0.04875 0.03
0 0.63375 0.3375 0.05 0.03125
0 0.5725 0.3325 0.04875 0.03125
0 0.49625 0.36625 0.04625 0.0875
0 0.44625 0.365 0.04625 0.0875
0 0.3975 0.36125 0.04375 0.0875
0 0.57375 0.365 0.04875 0.03125
0 0.35125 0.36125 0.0425 0.08625
0 0.24875 0.36 0.05625 0.0825
0 0.1925 0.35875 0.04625 0.0825
0 0.1375 0.355 0.03125 0.08
0 0.10375 0.35375 0.0325 0.08125
0 0.9825 0.7125 0.03375 0.02375
0 0.83625 0.71875 0.0275 0.01875
0 0.8375 0.7525 0.03875 0.02
0 0.9475 0.7675 0.0375 0.0225
0 0.94125 0.74125 0.03875 0.0225
0 0.94 0.7175 0.04 0.0175
0 0.95125 0.79375 0.045 0.0225
0 0.90375 0.79375 0.0375 0.0225
0 0.305 0.36 0.045 0.0875
0 0.8575 0.79875 0.03875 0.01625
0 0.625 0.37 0.0475 0.03
0 0.7275 0.3725 0.04875 0.02875
0 0.56375 0.53375 0.05125 0.0225
0 0.6325 0.505 0.05 0.02875
0 0.56375 0.50375 0.04875 0.03125
0 0.515 0.505 0.04125 0.07875
0 0.4725 0.5025 0.03875 0.0775
0 0.425 0.50125 0.05375 0.0775
0 0.38 0.5025 0.03 0.0775
0 0.33375 0.5 0.05625 0.08
0 0.27375 0.49875 0.0575 0.08125
0 0.20375 0.49625 0.04875 0.0825
0 0.145 0.495 0.065 0.08375
0 0.0825 0.49375 0.0525 0.0825
0 0.675 0.37125 0.04875 0.0325
0 0.0275 0.49375 0.0525 0.08
0 0.875 0.405 0.04875 0.025
0 0.825 0.40375 0.04625 0.0275
0 0.775 0.4025 0.04625 0.025
0 0.725 0.4025 0.05 0.02625
0 0.675 0.4025 0.0475 0.02375
0 0.62375 0.40125 0.04875 0.02625
0 0.5725 0.3975 0.04625 0.0275
0 0.97625 0.37625 0.04625 0.03
0 0.9275 0.37625 0.04375 0.03
0 0.88 0.375 0.0475 0.0275
0 0.8275 0.3725 0.04375 0.03
0 0.77875 0.3725 0.04875 0.03
0 0.97125 0.4075 0.045 0.02625
0 0.81 0.79875 0.04375 0.0175
0 0.7625 0.79625 0.04375 0.01875
0 0.81125 0.78 0.045 0.01375
0 0.575 0.26625 0.05 0.02375
0 0.94125 0.2475 0.04375 0.0325
0 0.89375 0.245 0.05125 0.03
0 0.84125 0.24375 0.0475 0.03375
0 0.78875 0.2425 0.05125 0.03
0 0.875 0.21375 0.045 0.0275
0 0.8275 0.2125 0.0475 0.025
0 0.7775 0.20875 0.04875 0.0325
0 0.735 0.24125 0.0525 0.03
0 0.6825 0.23875 0.0475 0.03375
0 0.62875 0.2375 0.05375 0.03
0 0.575 0.235 0.0525 0.0325
0 0.63 0.26625 0.05375 0.02125
0 0.52875 0.24 0.035 0.07
0 0.455 0.24 0.01875 0.065
0 0.42625 0.2375 0.0325 0.0675
0 0.38875 0.2375 0.03625 0.06875
0 0.35125 0.23625 0.035 0.06625
0 0.31625 0.23375 0.0325 0.07
0 0.27625 0.2325 0.04 0.06875
0 0.23625 0.23 0.03625 0.07125
0 0.2 0.22875 0.0325 0.0675
0 0.16375 0.22625 0.0375 0.06875
0 0.1275 0.2275 0.03375 0.06875
0 0.09375 0.22625 0.03 0.0725
0 0.05125 0.22125 0.02125 0.0725
0 0.48625 0.24125 0.0375 0.07
0 0.68125 0.26875 0.045 0.02375
0 0.73375 0.27125 0.04875 0.02375
0 0.78625 0.27125 0.05125 0.0225
0 0.76375 0.7775 0.04375 0.01375
0 0.7125 0.78875 0.04875 0.0375
0 0.6625 0.7875 0.0475 0.03875
0 0.6125 0.7875 0.04875 0.03875
0 0.55875 0.7875 0.05125 0.0375
0 0.72 0.74625 0.0525 0.0425
0 0.66375 0.74375 0.04875 0.045
0 0.6125 0.745 0.05 0.04375
0 0.56 0.745 0.05 0.045
0 0.51 0.75 0.03 0.09875
0 0.47875 0.7575 0.02875 0.095
0 0.44375 0.75375 0.0375 0.10125
0 0.38875 0.755 0.05375 0.09625
0 0.32125 0.75625 0.0475 0.085
0 0.21875 0.75125 0.1 0.09125
0 0.09875 0.75125 0.08625 0.1125
0 0.25 0.625 0.0575 0.0725
0 0.025 0.1625 0.02875 0.06875
0 0.07125 0.16 0.035 0.04125
0 0.015 0.23 0.02875 0.06125
0 0.0675 0.35375 0.03625 0.08125
0 0.02625 0.35375 0.04 0.08125
0 0.985 0.2775 0.02875 0.01875
0 0.98375 0.2475 0.03 0.0275
0 0.94375 0.2775 0.0475 0.02125
0 0.89125 0.27375 0.05 0.02125
0 0.84 0.27375 0.04875 0.0225
0 0.61375 0.535 0.0475 0.02125
0 0.66625 0.535 0.04875 0.0225
0 0.925 0.40625 0.04375 0.02625
0 0.76375 0.5075 0.045 0.0275
0 0.81875 0.63875 0.04 0.055
0 0.62125 0.64375 0.05 0.03875
0 0.56875 0.64375 0.05 0.0375
0 0.945 0.645 0.0375 0.04125
0 0.98375 0.7375 0.03125 0.02
0 0.985 0.765 0.02875 0.03
0 0.9875 0.7925 0.02375 0.02125
0 0.905 0.64 0.03875 0.055
0 0.71625 0.50625 0.04625 0.02875
0 0.02625 0.745 0.0525 0.105
0 0.49875 0.62625 0.02625 0.06625
0 0.1625 0.6275 0.0375 0.0675
0 0.2025 0.62875 0.035 0.07125
0 0.56875 0.59875 0.05 0.0475
0 0.6225 0.60125 0.05125 0.045
0 0.67875 0.60125 0.0425 0.04375
0 0.7275 0.60375 0.04375 0.04625
0 0.77 0.60875 0.04 0.02875
0 0.46125 0.6275 0.04125 0.06375
0 0.67625 0.64375 0.0375 0.04
0 0.8625 0.64 0.04125 0.0525
0 0.05 0.6175 0.0275 0.08125
0 0.725 0.6475 0.045 0.03625
0 0.0825 0.625 0.0325 0.06875
0 0.12375 0.6225 0.03625 0.0725
0 0.3825 0.61875 0.0375 0.08625
0 0.42 0.64 0.035 0.04125
0 0.90875 0.5375 0.0425 0.02125
0 0.865 0.5375 0.04 0.0225
0 0.95375 0.53875 0.04375 0.02
0 0.82 0.5375 0.04625 0.02375
0 0.7175 0.535 0.04875 0.025
0 0.7725 0.64625 0.04375 0.0375
0 0.95375 0.51 0.04125 0.03125
0 0.91 0.50875 0.04125 0.03
0 0.865 0.5075 0.04375 0.03
0 0.87 0.48375 0.0425 0.0175
0 0.8125 0.5075 0.04625 0.0275
0 0.76875 0.53625 0.05 0.0225