0 0.4025 0.36375 0.11 0.06625
0 0.6275 0.26375 0.05125 0.03125
0 0.63375 0.2925 0.04875 0.02
0 0.555 0.27125 0.08875 0.06625
0 0.48125 0.28375 0.05125 0.03875
0 0.41125 0.2725 0.08125 0.05125
0 0.3375 0.28125 0.055 0.035
0 0.3425 0.245 0.04875 0.02875
0 0.28125 0.24125 0.055 0.0375
0 0.28125 0.28 0.05 0.03375
0 0.225 0.28 0.0475 0.03625
0 0.22625 0.2425 0.0525 0.03125
0 0.1825 0.23125 0.0325 0.0475
0 0.16875 0.27875 0.04875 0.03375
0 0.79625 0.60125 0.05625 0.055
0 0.14625 0.65875 0.0425 0.05
0 0.3125 0.66125 0.04375 0.05
0 0.625 0.135 0.05125 0.095
0 0.34875 0.46 0.0425 0.0475
0 0.28 0.44 0.065 0.055
0 0.175 0.44375 0.095 0.065
0 0.79625 0.37625 0.0825 0.0725
0 0.72125 0.3825 0.0475 0.06125
0 0.57 0.36 0.0775 0.07625
0 0.20125 0.6625 0.05125 0.04875
0 0.77375 0.85375 0.20125 0.05125
0 0.23 0.35875 0.06625 0.075
0 0.41625 0.66 0.04625 0.04875
0 0.16875 0.3575 0.0425 0.07
0 0.8075 0.2675 0.0725 0.055
0 0.73 0.26625 0.055 0.05625
0 0.36375 0.66 0.05125 0.04875
0 0.4925 0.36375 0.06375 0.0725
0 0.58375 0.14875 0.02125 0.06375
0 0.4075 0.81875 0.02 0.0625
0 0.4375 0.81875 0.03125 0.06875
0 0.17125 0.12125 0.06125 0.11
0 0.62625 0.59625 0.05 0.04125
0 0.56875 0.5925 0.04375 0.05125
0 0.51875 0.59375 0.04375 0.045
0 0.46625 0.59375 0.04 0.055
0 0.42 0.5925 0.04 0.05875
0 0.2375 0.1225 0.03125 0.1075
0 0.3675 0.59125 0.04 0.05125
0 0.26125 0.5875 0.0525 0.05125
0 0.2025 0.59375 0.05375 0.04875
0 0.14625 0.5925 0.04125 0.05
0 0.62875 0.525 0.04375 0.0475
0 0.57875 0.525 0.0475 0.0475
0 0.69875 0.78375 0.0525 0.0625
0 0.31375 0.59125 0.04875 0.05375
0 0.415 0.46125 0.0525 0.03625
0 0.2775 0.115 0.0275 0.105
0 0.35875 0.05875 0.04625 0.065
0 0.5475 0.155 0.02875 0.05375
0 0.5125 0.09125 0.02375 0.05125
0 0.51625 0.14625 0.02375 0.0475
0 0.46875 0.13625 0.04 0.06375
0 0.41375 0.14 0.05375 0.0625
0 0.35875 0.13875 0.05 0.07375
0 0.30875 0.11375 0.03 0.1075
0 0.47625 0.80875 0.0275 0.075
0 0.53625 0.82125 0.025 0.06125
0 0.56625 0.82 0.0225 0.06
0 0.59625 0.82375 0.03125 0.06125
0 0.63 0.8225 0.02875 0.06
0 0.47 0.06375 0.04875 0.0675
0 0.41625 0.06 0.05375 0.0675
0 0.50625 0.82 0.02875 0.0625
0 0.48 0.45625 0.04875 0.045
0 0.27875 0.81625 0.03 0.0725
0 0.62875 0.4625 0.045 0.03875
0 0.53 0.7325 0.02375 0.04875
0 0.50625 0.7275 0.01375 0.04875
0 0.48375 0.73125 0.02875 0.05
0 0.4575 0.735 0.02375 0.0475
0 0.40375 0.73125 0.02625 0.05875
0 0.355 0.73 0.03 0.05375
0 0.32 0.73125 0.025 0.05875
0 0.29 0.72875 0.03 0.05875
0 0.62375 0.6625 0.045 0.04875
0 0.5725 0.66125 0.04625 0.05125
0 0.25125 0.73375 0.03 0.06625
0 0.52375 0.66 0.0425 0.05625
0 0.46125 0.52375 0.0525 0.04875
0 0.405 0.525 0.05125 0.05
0 0.34875 0.52375 0.05 0.04625
0 0.29875 0.5225 0.04875 0.04625
0 0.5575 0.445 0.07875 0.065
0 0.24375 0.5225 0.04875 0.04875
0 0.19 0.52 0.0525 0.0525
0 0.5575 0.7375 0.025 0.055
0 0.59375 0.72875 0.03 0.065
0 0.42875 0.735 0.0225 0.05
0 0.69875 0.6975 0.05375 0.05125
0 0.3775 0.81875 0.02875 0.0675
0 0.345 0.815 0.02875 0.0625
0 0.475 0.65625 0.05125 0.0525
0 0.2425 0.8125 0.03125 0.06875
0 0.71125 0.5 0.05125 0.0625
0 0.6275 0.72875 0.0275 0.0625
0 0.1875 0.835 0.05375 0.02625
0 0.1875 0.8 0.05625 0.0325
0 0.1425 0.51875 0.03375 0.05625
0 0.14125 0.82125 0.03 0.05625
0 0.2125 0.73 0.03375 0.05625
0 0.17875 0.73 0.02875 0.05625
0 0.145 0.73 0.0325 0.05875
0 0.81125 0.69875 0.0325 0.04875
0 0.7575 0.69375 0.055 0.05
0 0.78125 0.49 0.07625 0.0875