0 0.05375 0.7125 0.04875 0.1125
0 0.095 0.72625 0.02625 0.075
0 0.12 0.73 0.01625 0.06875
0 0.145 0.73625 0.03125 0.055
0 0.01375 0.72 0.0275 0.1025
0 0.18 0.2725 0.0425 0.0575
0 0.11 0.60625 0.0225 0.09375
0 0.63625 0.695 0.03125 0.0675
0 0.67625 0.695 0.0425 0.06625
0 0.71875 0.6975 0.03625 0.07625
0 0.75625 0.69125 0.0325 0.0825
0 0.78625 0.69375 0.025 0.0725
0 0.81125 0.69375 0.02375 0.07
0 0.83875 0.7025 0.02875 0.0475
0 0.8675 0.70125 0.02375 0.05
0 0.89125 0.7075 0.0175 0.03
0 0.9125 0.70375 0.01875 0.04375
0 0.105 0.48875 0.0325 0.10125
0 0.14 0.62125 0.0225 0.05875
0 0.1675 0.62125 0.0225 0.06125
0 0.98875 0.6825 0.02125 0.0725
0 0.965 0.6825 0.02 0.0775
0 0.93875 0.695 0.03125 0.05625
0 0.95 0.415 0.03 0.0625
0 0.7175 0.19125 0.0475 0.09
0 0.3975 0.49 0.025 0.08125
0 0.35625 0.48875 0.05 0.08875
0 0.31625 0.475 0.02375 0.0875
0 0.2875 0.4875 0.02375 0.1
0 0.26 0.48875 0.025 0.0925
0 0.61 0.7 0.0175 0.075
0 0.23125 0.48875 0.0225 0.09375
0 0.135 0.48875 0.0225 0.1
0 0.665 0.19375 0.0425 0.08625
0 0.9825 0.23125 0.035 0.0725
0 0.99 0.32 0.01875 0.0675
0 0.96375 0.32125 0.0325 0.0675
0 0.9825 0.41375 0.03375 0.0625
0 0.1875 0.49 0.05625 0.0975
0 0.75625 0.2 0.02875 0.08375
0 0.57875 0.7025 0.0425 0.07875
0 0.44875 0.275 0.0275 0.04125
0 0.66625 0.59 0.01875 0.08625
0 0.64375 0.5925 0.025 0.0825
0 0.61625 0.58875 0.02625 0.09
0 0.56875 0.58875 0.02375 0.04125
0 0.5025 0.6025 0.03 0.07125
0 0.47125 0.60375 0.03 0.07125
0 0.43875 0.605 0.03125 0.07
0 0.40625 0.61625 0.03 0.04875
0 0.37625 0.5975 0.0275 0.08875
0 0.35 0.5975 0.02125 0.09375
0 0.325 0.6 0.0275 0.09375
0 0.2975 0.605 0.0225 0.085
0 0.2725 0.61875 0.025 0.05375
0 0.245 0.62 0.02625 0.055
0 0.20375 0.62 0.04875 0.07
0 0.0825 0.60625 0.02875 0.09375
0 0.08125 0.365 0.06125 0.0825
0 0.41125 0.27125 0.0425 0.0575
0 0.35875 0.27375 0.02625 0.02625
0 0.31625 0.27 0.045 0.0575
0 0.27625 0.28875 0.02125 0.1125
0 0.615 0.19 0.0475 0.09875
0 0.57 0.1775 0.0375 0.0625
0 0.545 0.70375 0.0225 0.075
0 0.45 0.19 0.0425 0.08875
0 0.3575 0.1875 0.05125 0.09375
0 0.30375 0.1875 0.05125 0.09375
0 0.22 0.18875 0.055 0.10375
0 0.1675 0.18 0.04375 0.1
0 0.18 0.365 0.045 0.0825
0 0.13375 0.3525 0.045 0.10125
0 0.40625 0.18875 0.04 0.09125
0 0.0275 0.57 0.05375 0.1325
0 0.79625 0.2 0.045 0.09375
0 0.87375 0.29875 0.0775 0.05375
0 0.8425 0.20375 0.045 0.09
0 0.71125 0.485 0.0425 0.085
0 0.74875 0.485 0.02875 0.085
0 0.7725 0.485 0.01625 0.08
0 0.7925 0.4825 0.02 0.0775
0 0.27 0.725 0.02375 0.05875
0 0.24 0.74625 0.0325 0.01625
0 0.2375 0.725 0.02875 0.0175
0 0.8175 0.4825 0.025 0.0825
0 0.8425 0.4825 0.02125 0.085
0 0.865 0.4775 0.02125 0.09125
0 0.20875 0.75375 0.0225 0.01625
0 0.20625 0.7325 0.025 0.0225
0 0.1775 0.735 0.0275 0.05375
0 0.68625 0.59 0.01875 0.08125
0 0.70875 0.58875 0.02375 0.0825
0 0.7325 0.5875 0.02 0.08375
0 0.765 0.595 0.045 0.07375
0 0.8875 0.4775 0.01875 0.0925
0 0.90875 0.47875 0.02125 0.08875
0 0.935 0.505 0.0275 0.05625
0 0.965 0.505 0.03125 0.05625
0 0.99 0.505 0.01875 0.055
0 0.9725 0.5925 0.0375 0.06125
0 0.92 0.58875 0.03375 0.055
0 0.89375 0.58625 0.015 0.08375
0 0.865 0.5875 0.0375 0.08625
0 0.8225 0.59125 0.02 0.08125
0 0.80125 0.595 0.0225 0.075
0 0.63 0.48375 0.02625 0.09125
0 0.6025 0.485 0.025 0.09375
0 0.675 0.48125 0.0275 0.0925
0 0.55125 0.485 0.02375 0.08625
0 0.8825 0.3675 0.04 0.08125
0 0.91875 0.3875 0.02625 0.04
0 0.84125 0.36625 0.03875 0.04125
0 0.8425 0.4 0.035 0.0225
0 0.2225 0.2775 0.04 0.06625
0 0.7925 0.36625 0.06 0.0925
0 0.735 0.38125 0.04875 0.05375
0 0.1325 0.27 0.04875 0.05875
0 0.52125 0.70875 0.0225 0.06125
0 0.4975 0.7125 0.02 0.06125
0 0.4725 0.7125 0.025 0.0625
0 0.4425 0.7175 0.0325 0.045
0 0.5775 0.49875 0.02375 0.0625
0 0.335 0.7125 0.0225 0.05
0 0.40875 0.7175 0.0325 0.045
0 0.29875 0.72125 0.03 0.07125
0 0.52625 0.48375 0.02375 0.09375
0 0.49875 0.48625 0.02625 0.08625
0 0.47125 0.48625 0.02375 0.08625
0 0.22875 0.36125 0.0475 0.095
0 0.37375 0.71625 0.0325 0.04375
0 0.33 0.35875 0.07125 0.10625
0 0.27375 0.37375 0.0375 0.04625
0 0.4525 0.36375 0.05 0.09375
0 0.5025 0.37 0.04125 0.08
0 0.5475 0.3775 0.04375 0.06125
0 0.5975 0.37125 0.05375 0.065
0 0.64875 0.36 0.0425 0.10125
0 0.69 0.36375 0.0375 0.0925
0 0.3975 0.36 0.0575 0.105
0 0.07125 0.4875 0.03125 0.1025