0 0.33 0.46625 0.075 0.04875
0 0.75125 0.83625 0.0475 0.07625
0 0.8375 0.4825 0.04875 0.10375
0 0.78375 0.48625 0.05375 0.1025
0 0.735 0.48625 0.045 0.09625
0 0.685 0.49125 0.05375 0.08875
0 0.6325 0.5 0.04625 0.07625
0 0.58375 0.43875 0.055 0.0375
0 0.5825 0.5 0.0475 0.0775
0 0.53625 0.4975 0.04 0.07625
0 0.48125 0.46625 0.06875 0.04375
0 0.4125 0.46625 0.065 0.04625
0 0.48125 0.515 0.06875 0.0475
0 0.40625 0.51625 0.0775 0.04875
0 0.3275 0.51875 0.075 0.0525
0 0.02875 0.47375 0.0575 0.04375
0 0.105 0.47375 0.06375 0.04125
0 0.2525 0.5175 0.07625 0.0525
0 0.175 0.51875 0.07625 0.05
0 0.90375 0.54625 0.0825 0.0775
0 0.05875 0.52125 0.08125 0.04875
0 0.97375 0.54375 0.0525 0.07625
0 0.97125 0.4675 0.0575 0.07375
0 0.8425 0.34875 0.05375 0.0975
0 0.78625 0.35 0.05375 0.0925
0 0.7325 0.35 0.05 0.09375
0 0.6925 0.3525 0.03 0.09375
0 0.6525 0.34375 0.04625 0.10625
0 0.6025 0.35125 0.05125 0.0925
0 0.55375 0.35875 0.0425 0.0875
0 0.79875 0.835 0.04375 0.07625
0 0.42 0.3325 0.07125 0.0375
0 0.4175 0.37875 0.07375 0.04875
0 0.34 0.3775 0.0775 0.05125
0 0.18625 0.3275 0.085 0.05
0 0.28125 0.33125 0.075 0.03875
0 0.2625 0.3775 0.07625 0.05125
0 0.185 0.38 0.075 0.0525
0 0.11125 0.38 0.07125 0.05125
0 0.0375 0.38 0.07375 0.0475
0 0.9025 0.4675 0.075 0.0775
0 0.8375 0.59625 0.04625 0.095
0 0.78875 0.5975 0.0475 0.0975
0 0.73 0.59625 0.0675 0.10125
0 0.9025 0.6625 0.08125 0.06875
0 0.9 0.7375 0.08625 0.0775
0 0.83125 0.7175 0.0475 0.09375
0 0.7825 0.72125 0.0475 0.09375
0 0.735 0.72125 0.04625 0.09375
0 0.6875 0.72125 0.04625 0.09875
0 0.64125 0.71875 0.04375 0.105
0 0.5975 0.7225 0.04375 0.105
0 0.54625 0.72625 0.05375 0.0975
0 0.4475 0.74625 0.075 0.05625
0 0.37125 0.755 0.07625 0.05125
0 0.29375 0.755 0.07625 0.05
0 0.215 0.69625 0.07125 0.04625
0 0.20125 0.75625 0.0775 0.0525
0 0.125 0.755 0.07375 0.04875
0 0.05 0.7575 0.0725 0.05
0 0.8475 0.83625 0.0525 0.07625
0 0.9725 0.73875 0.055 0.07625
0 0.97375 0.6625 0.0525 0.07
0 0.11 0.63375 0.0725 0.0475
0 0.18375 0.63125 0.075 0.04875
0 0.66875 0.59875 0.05 0.09625
0 0.105 0.84 0.09375 0.06875
0 0.1925 0.82875 0.07625 0.05375
0 0.26875 0.8225 0.0725 0.05375
0 0.5425 0.835 0.05875 0.07625
0 0.5975 0.82875 0.04625 0.085
0 0.64625 0.83125 0.0525 0.0825
0 0.615 0.6 0.05375 0.09875
0 0.90625 0.39875 0.07125 0.055
0 0.56 0.60625 0.05375 0.08
0 0.425 0.625 0.07625 0.0475
0 0.195 0.58125 0.0625 0.04375
0 0.12875 0.58125 0.06875 0.045
0 0.0375 0.58625 0.0725 0.05
0 0.0375 0.635 0.07125 0.04875
0 0.3425 0.6325 0.07375 0.045
0 0.2675 0.58375 0.0825 0.04875
0 0.26375 0.6325 0.0825 0.045
0 0.49875 0.6225 0.0675 0.04875
0 0.97125 0.39625 0.05625 0.04875
0 0.4925 0.3775 0.07375 0.04875
0 0.0875 0.25 0.0825 0.055
0 0.63375 0.2325 0.05125 0.0825
0 0.68375 0.23 0.045 0.08125
0 0.66625 0.1675 0.085 0.04375
0 0.085 0.1975 0.0825 0.05
0 0.72 0.24125 0.02625 0.065
0 0.4875 0.16875 0.0525 0.0525
0 0.775 0.22875 0.055 0.08375
0 0.83 0.2225 0.05 0.0975
0 0.89375 0.185 0.07 0.04625
0 0.95375 0.1875 0.045 0.04875
0 0.585 0.23375 0.0425 0.07875
0 0.895 0.2325 0.065 0.04625
0 0.77375 0.14375 0.05125 0.03
0 0.78 0.1725 0.0475 0.02625
0 0.0225 0.2 0.0425 0.04875
0 0.02375 0.25125 0.045 0.0525
0 0.0725 0.3375 0.0725 0.03
0 0.395 0.575 0.07375 0.03875
0 0.475 0.575 0.06875 0.04
0 0.43125 0.69125 0.0775 0.05
0 0.305 0.69 0.07125 0.03875
0 0.915 0.82 0.07875 0.05875
0 0.9525 0.235 0.04625 0.045
0 0.53875 0.235 0.05 0.07625
0 0.7 0.835 0.05375 0.07875
0 0.24 0.23625 0.0475 0.08
0 0.35 0.23625 0.05125 0.07875
0 0.40125 0.2375 0.05 0.07875
0 0.23625 0.16875 0.05375 0.05125
0 0.29375 0.19 0.05625 0.04875
0 0.4875 0.23625 0.04875 0.07875
0 0.2925 0.2475 0.0575 0.0625
0 0.17375 0.24875 0.08125 0.05375