0 0.41 0.75125 0.03 0.09
0 0.57875 0.60875 0.03 0.09625
0 0.5475 0.60875 0.025 0.0975
0 0.4725 0.6375 0.0225 0.0975
0 0.44125 0.64 0.03 0.09625
0 0.41375 0.6275 0.02375 0.07625
0 0.31125 0.64125 0.02625 0.0875
0 0.35 0.6325 0.025 0.0825
0 0.2775 0.63875 0.0325 0.0925
0 0.215 0.6425 0.035 0.09375
0 0.615 0.60875 0.03125 0.09625
0 0.37875 0.75 0.02875 0.08875
0 0.38375 0.63125 0.02625 0.0875
0 0.21625 0.75 0.03125 0.08625
0 0.6175 0.755 0.03 0.09625
0 0.2225 0.86125 0.035 0.10125
0 0.585 0.75625 0.03 0.095
0 0.55125 0.75375 0.03 0.0975
0 0.475 0.75625 0.02875 0.08875
0 0.4425 0.7525 0.03125 0.09
0 0.685 0.75625 0.03625 0.09625
0 0.72125 0.7575 0.03125 0.0975
0 0.75625 0.76 0.03 0.1
0 0.79 0.76 0.03375 0.09875
0 0.82625 0.75875 0.03 0.10375
0 0.80875 0.88875 0.03125 0.1
0 0.77375 0.88125 0.03375 0.09
0 0.28 0.74875 0.0275 0.0875
0 0.25 0.74875 0.03 0.085
0 0.73875 0.87875 0.035 0.0875
0 0.705 0.8775 0.0325 0.09
0 0.67125 0.88 0.03 0.0925
0 0.63875 0.87625 0.03 0.09
0 0.605 0.87625 0.03 0.08875
0 0.57125 0.87625 0.03125 0.09
0 0.54125 0.87875 0.03 0.0975
0 0.4775 0.86375 0.02125 0.10625
0 0.445 0.855 0.03375 0.09
0 0.40875 0.855 0.03125 0.0875
0 0.375 0.8525 0.03125 0.085
0 0.34 0.85 0.03 0.08
0 0.30375 0.8475 0.03625 0.08375
0 0.26125 0.86375 0.035 0.10375
0 0.65 0.7575 0.03 0.095
0 0.65 0.6075 0.03125 0.09625
0 0.3125 0.75125 0.0325 0.085
0 0.72125 0.6075 0.03125 0.09625
0 0.725 0.3675 0.04 0.11
0 0.68625 0.3675 0.0375 0.11125
0 0.65125 0.37125 0.0325 0.10625
0 0.6125 0.37125 0.0325 0.1025
0 0.5775 0.37375 0.03125 0.10625
0 0.5475 0.3725 0.0275 0.10625
0 0.45625 0.32875 0.025 0.055
0 0.42625 0.33 0.02375 0.0525
0 0.3675 0.33125 0.03 0.0525
0 0.33125 0.33 0.025 0.05125
0 0.3 0.32875 0.0275 0.05125
0 0.26875 0.33 0.03 0.0525
0 0.23875 0.33 0.025 0.05375
0 0.76125 0.36875 0.03125 0.11375
0 0.20625 0.33 0.0325 0.055
0 0.235 0.42375 0.02625 0.0675
0 0.265 0.425 0.02625 0.0725
0 0.295 0.425 0.0275 0.06875
0 0.32625 0.42375 0.03 0.07125
0 0.35625 0.425 0.025 0.07
0 0.31375 0.52625 0.03 0.09
0 0.34625 0.5275 0.03 0.09625
0 0.3875 0.42375 0.02375 0.06875
0 0.41625 0.42375 0.0275 0.0675
0 0.4475 0.4225 0.0275 0.0725
0 0.47625 0.425 0.02625 0.0725
0 0.2125 0.52625 0.03125 0.09125
0 0.685 0.60625 0.03375 0.09625
0 0.2025 0.425 0.03125 0.07
0 0.28125 0.52625 0.03125 0.09375
0 0.7975 0.3675 0.0375 0.11125
0 0.8425 0.23875 0.0425 0.11
0 0.415 0.145 0.03 0.05875
0 0.45125 0.14625 0.03 0.06375
0 0.2025 0.245 0.02375 0.06
0 0.23625 0.24375 0.03125 0.06875
0 0.29875 0.24 0.03875 0.06125
0 0.33375 0.2425 0.02 0.05625
0 0.36 0.24 0.03 0.06
0 0.4 0.24 0.02375 0.055
0 0.4325 0.2425 0.02375 0.05875
0 0.46125 0.2425 0.02375 0.05625
0 0.54875 0.12125 0.02625 0.095
0 0.5825 0.1225 0.03 0.0975
0 0.6175 0.12 0.03 0.09375
0 0.8375 0.3675 0.0375 0.11125
0 0.65 0.12 0.02875 0.09625
0 0.7175 0.11625 0.0325 0.095
0 0.75125 0.115 0.03125 0.095
0 0.785 0.11375 0.03 0.095
0 0.8175 0.11625 0.03125 0.09375
0 0.855 0.11125 0.04 0.1
0 0.545 0.24875 0.03125 0.10875
0 0.58 0.2475 0.03375 0.10375
0 0.61875 0.24375 0.03125 0.1075
0 0.65375 0.24 0.035 0.11125
0 0.69125 0.24 0.035 0.10875
0 0.7275 0.24 0.03125 0.11
0 0.765 0.23875 0.035 0.11125
0 0.80375 0.23875 0.035 0.11
0 0.68125 0.11625 0.02625 0.0925
0 0.37875 0.52625 0.02875 0.1
0 0.2475 0.52625 0.0275 0.09375
0 0.35125 0.14875 0.0275 0.0625
0 0.44375 0.5275 0.0275 0.09625
0 0.4775 0.525 0.02875 0.1025
0 0.54125 0.4925 0.02625 0.09375
0 0.57375 0.495 0.0275 0.10125
0 0.60875 0.49375 0.0325 0.10375
0 0.64375 0.4925 0.03125 0.1025
0 0.41125 0.5275 0.03 0.10125
0 0.6775 0.4925 0.03125 0.09875
0 0.75 0.49125 0.03125 0.1025
0 0.78625 0.4925 0.0325 0.10125
0 0.82375 0.4925 0.035 0.10125
0 0.8275 0.61125 0.035 0.10125
0 0.79 0.61 0.03375 0.09625
0 0.75375 0.61 0.0325 0.095
0 0.71375 0.49375 0.0325 0.1025
0 0.19625 0.15625 0.02875 0.065
0 0.34625 0.75125 0.03 0.0875
0 0.2575 0.15125 0.0275 0.0625
0 0.28875 0.15125 0.02625 0.06125
0 0.3175 0.15 0.03 0.06375
0 0.3825 0.14625 0.02875 0.0625
0 0.2275 0.1525 0.03 0.0625