0 0.29125 0.50875 0.025 0.0375
0 0.32 0.51125 0.03 0.035
0 0.355 0.51375 0.0325 0.04
0 0.3875 0.5175 0.03125 0.03375
0 0.42125 0.52125 0.03375 0.04
0 0.4575 0.52375 0.0375 0.03625
0 0.49625 0.5275 0.0375 0.04375
0 0.30625 0.78625 0.03375 0.03
0 0.5425 0.53 0.03875 0.04625
0 0.72875 0.37 0.0575 0.04625
0 0.6775 0.37125 0.04625 0.0475
0 0.73 0.42 0.05375 0.04625
0 0.29125 0.47 0.025 0.035
0 0.67625 0.4175 0.05125 0.04375
0 0.26375 0.505 0.02625 0.0325
0 0.26125 0.46875 0.03125 0.03625
0 0.31 0.56875 0.02875 0.03125
0 0.32 0.4725 0.03125 0.04
0 0.245 0.73125 0.02875 0.02875
0 0.275 0.7425 0.025 0.03
0 0.31 0.75 0.03125 0.03
0 0.245 0.69875 0.02875 0.03
0 0.27625 0.705 0.02375 0.03125
0 0.305 0.7125 0.03125 0.025
0 0.24625 0.66375 0.03125 0.025
0 0.27875 0.67 0.025 0.025
0 0.3075 0.6725 0.0275 0.02625
0 0.24625 0.63125 0.02375 0.03
0 0.27875 0.635 0.0275 0.035
0 0.31125 0.63875 0.0275 0.03125
0 0.24625 0.59375 0.0225 0.0275
0 0.2775 0.59875 0.02875 0.0275
0 0.30875 0.60375 0.0275 0.02875
0 0.27875 0.56125 0.02875 0.035
0 0.24875 0.55875 0.02875 0.03125
0 0.45875 0.48375 0.035 0.03625
0 0.4975 0.48625 0.04 0.03875
0 0.46625 0.29875 0.04125 0.04125
0 0.4275 0.3 0.03375 0.045
0 0.39375 0.30125 0.035 0.04125
0 0.36 0.3025 0.03125 0.0425
0 0.3275 0.30375 0.03125 0.03875
0 0.295 0.30625 0.03125 0.0425
0 0.265 0.30625 0.0275 0.04125
0 0.235 0.3075 0.02875 0.04125
0 0.5 0.37625 0.03625 0.04375
0 0.46125 0.3775 0.03625 0.04
0 0.32375 0.37375 0.03 0.03625
0 0.425 0.37625 0.03375 0.03875
0 0.39 0.37625 0.03625 0.03875
0 0.27625 0.775 0.025 0.02875
0 0.355 0.375 0.03 0.035
0 0.50625 0.295 0.03875 0.04875
0 0.5475 0.29125 0.0425 0.05125
0 0.58875 0.2875 0.04 0.04375
0 0.635 0.2825 0.05 0.0525
0 0.2625 0.41 0.025 0.03375
0 0.29375 0.41375 0.03125 0.0375
0 0.325 0.415 0.0325 0.03625
0 0.3575 0.415 0.03125 0.035
0 0.39 0.41625 0.03375 0.03875
0 0.42625 0.41875 0.035 0.03625
0 0.46125 0.41875 0.035 0.03875
0 0.42125 0.48125 0.03625 0.04125
0 0.49875 0.4175 0.04 0.04125
0 0.585 0.41875 0.04625 0.045
0 0.62875 0.4175 0.04125 0.04375
0 0.54375 0.375 0.04 0.04125
0 0.2625 0.37375 0.03125 0.035
0 0.2925 0.37375 0.0275 0.0375
0 0.73625 0.27875 0.055 0.04875
0 0.685 0.28125 0.0475 0.045
0 0.5425 0.42 0.0375 0.04375
0 0.24625 0.76875 0.02125 0.0375
0 0.4875 0.62 0.0325 0.02875
0 0.7225 0.54 0.05125 0.05
0 0.65375 0.82625 0.03125 0.02625
0 0.67125 0.5375 0.04875 0.045
0 0.525 0.8 0.03375 0.03125
0 0.56625 0.81 0.03 0.03125
0 0.60875 0.82125 0.03 0.02375
0 0.5275 0.7575 0.02875 0.0275
0 0.56875 0.7675 0.02875 0.035
0 0.6125 0.7775 0.035 0.035
0 0.65125 0.78375 0.035 0.03125
0 0.7025 0.79625 0.04125 0.0325
0 0.65875 0.7425 0.0325 0.03375
0 0.70875 0.74875 0.0475 0.03625
0 0.58375 0.53375 0.0425 0.04
0 0.66 0.69375 0.0425 0.045
0 0.7075 0.7075 0.045 0.04375
0 0.525 0.7125 0.03625 0.0375
0 0.5675 0.7225 0.035 0.0425
0 0.615 0.60125 0.0425 0.0375
0 0.57125 0.59625 0.03875 0.04
0 0.5325 0.5875 0.03375 0.03625
0 0.615 0.64625 0.03625 0.0375
0 0.56875 0.63625 0.03375 0.03375
0 0.52875 0.6325 0.03625 0.035
0 0.70125 0.8875 0.04 0.03375
0 0.70875 0.60875 0.035 0.0325
0 0.70625 0.65875 0.0425 0.03625
0 0.65875 0.65 0.0375 0.03375
0 0.6075 0.6875 0.035 0.03875
0 0.56625 0.67625 0.03375 0.0375
0 0.5275 0.67125 0.03125 0.03625
0 0.6075 0.73125 0.04125 0.0375
0 0.665 0.605 0.0375 0.04125
0 0.6525 0.87375 0.03875 0.0325
0 0.69875 0.84 0.03375 0.03375
0 0.5625 0.85125 0.03125 0.0425
0 0.345 0.7925 0.0275 0.0275
0 0.375 0.80125 0.0325 0.0425
0 0.41125 0.81 0.03375 0.02625
0 0.445 0.81875 0.03375 0.04375
0 0.47875 0.82625 0.0325 0.03
0 0.345 0.75375 0.02625 0.0275
0 0.37625 0.7625 0.0275 0.02625
0 0.41375 0.77125 0.0275 0.0375
0 0.44875 0.77625 0.03 0.03
0 0.4875 0.78625 0.03125 0.03125
0 0.3425 0.7175 0.025 0.03125
0 0.37875 0.72625 0.02875 0.03375
0 0.605 0.865 0.03125 0.03125
0 0.44875 0.74 0.03 0.02875
0 0.4875 0.74375 0.0325 0.02875
0 0.4125 0.73 0.03 0.03625
0 0.44875 0.69625 0.02875 0.0325
0 0.5225 0.84375 0.0325 0.03
0 0.49 0.58 0.03375 0.03125
0 0.37875 0.57375 0.03 0.0275
0 0.415 0.69375 0.03125 0.03375
0 0.38125 0.6125 0.03125 0.03125
0 0.345 0.61125 0.0325 0.02875
0 0.4825 0.6625 0.03125 0.03375
0 0.3475 0.57 0.02625 0.0325
0 0.41625 0.6525 0.0375 0.03875
0 0.37875 0.655 0.0325 0.03125
0 0.3475 0.64875 0.0275 0.02625
0 0.37875 0.68875 0.0325 0.03125
0 0.34625 0.68375 0.0275 0.02625
0 0.485 0.705 0.03 0.035
0 0.4525 0.65875 0.02875 0.02875
0 0.62625 0.53625 0.04 0.04875