0 0.76125 0.325 0.0375 0.06875
0 0.40125 0.32375 0.03625 0.0675
0 0.485 0.3275 0.03625 0.06375
0 0.72125 0.325 0.03375 0.0675
0 0.53875 0.3225 0.06625 0.07375
0 0.59375 0.32625 0.03125 0.06625
0 0.63 0.32375 0.0325 0.07
0 0.68125 0.325 0.04125 0.0725
0 0.14375 0.41375 0.0375 0.07375
0 0.44375 0.325 0.04125 0.06625
0 0.1925 0.4125 0.03375 0.075
0 0.7125 0.05625 0.05125 0.03125
0 0.31125 0.32375 0.03625 0.06375
0 0.42125 0.08625 0.03125 0.06
0 0.46875 0.065 0.05 0.095
0 0.52625 0.055 0.05375 0.03875
0 0.525 0.095 0.0475 0.035
0 0.58 0.095 0.055 0.035
0 0.64625 0.0825 0.06875 0.05375
0 0.64875 0.0275 0.07125 0.04625
0 0.715 0.0175 0.05375 0.03125
0 0.23125 0.41375 0.035 0.07375
0 0.71125 0.0925 0.05375 0.03375
0 0.1875 0.20875 0.03375 0.07375
0 0.22625 0.20375 0.03125 0.08375
0 0.26375 0.21 0.03625 0.07125
0 0.3575 0.32125 0.0475 0.06875
0 0.305 0.20625 0.04 0.0725
0 0.38875 0.20875 0.03625 0.075
0 0.42875 0.21 0.0375 0.07125
0 0.46625 0.21375 0.0325 0.07125
0 0.5025 0.21125 0.0325 0.0725
0 0.53875 0.21375 0.0325 0.07125
0 0.575 0.21125 0.03375 0.075
0 0.615 0.21625 0.03625 0.065
0 0.65875 0.205 0.0425 0.08125
0 0.7025 0.22125 0.035 0.0525
0 0.74625 0.2075 0.04125 0.0775
0 0.79 0.21125 0.0425 0.07625
0 0.2125 0.30875 0.055 0.0975
0 0.26625 0.32625 0.04375 0.06625
0 0.34875 0.20875 0.04 0.0775
0 0.2675 0.41125 0.03125 0.0725
0 0.68125 0.6325 0.02625 0.04625
0 0.3575 0.41875 0.045 0.0675
0 0.48875 0.6225 0.03375 0.05625
0 0.525 0.62125 0.03375 0.05375
0 0.56375 0.625 0.035 0.05625
0 0.61625 0.625 0.03125 0.06125
0 0.64875 0.6325 0.02625 0.04625
0 0.38875 0.10125 0.0225 0.02
0 0.71375 0.63625 0.0275 0.0325
0 0.75125 0.63375 0.03375 0.03375
0 0.145 0.6975 0.04 0.04125
0 0.195 0.68875 0.03125 0.05
0 0.235 0.68125 0.04125 0.0225
0 0.23375 0.70625 0.03875 0.0175
0 0.28125 0.6725 0.0375 0.01625
0 0.2775 0.6925 0.02375 0.015
0 0.3125 0.70875 0.0375 0.02125
0 0.355 0.68375 0.0325 0.02125
0 0.3925 0.67375 0.025 0.0225
0 0.35625 0.7075 0.03 0.0175
0 0.3925 0.7075 0.035 0.02125
0 0.43125 0.69875 0.03375 0.04125
0 0.46875 0.7 0.03875 0.04125
0 0.51 0.6975 0.03875 0.04375
0 0.5575 0.7025 0.0375 0.045
0 0.59625 0.7025 0.035 0.04375
0 0.63625 0.7025 0.03875 0.04375
0 0.715 0.7025 0.10875 0.05875
0 0.14625 0.27 0.04125 0.1575
0 0.38375 0.61375 0.0425 0.06375
0 0.31 0.41875 0.045 0.07
0 0.33375 0.615 0.04 0.065
0 0.23625 0.61625 0.0375 0.0475
0 0.40375 0.41875 0.0425 0.065
0 0.44625 0.42 0.0325 0.06
0 0.4875 0.41875 0.02125 0.06125
0 0.5325 0.42 0.035 0.07
0 0.57125 0.42 0.035 0.0675
0 0.6125 0.42 0.0375 0.065
0 0.6525 0.42125 0.035 0.07
0 0.71 0.415 0.0675 0.08625
0 0.76375 0.4225 0.02875 0.06875
0 0.1375 0.51125 0.025 0.075
0 0.1725 0.5125 0.035 0.0775
0 0.21625 0.5125 0.04375 0.07
0 0.2675 0.5075 0.05125 0.08625
0 0.315 0.5225 0.035 0.06
0 0.3175 0.47625 0.0375 0.02625
0 0.3575 0.5175 0.035 0.06375
0 0.395 0.51625 0.0325 0.06875
0 0.43375 0.51625 0.03625 0.06875
0 0.4925 0.50875 0.05 0.0825
0 0.5425 0.51125 0.0425 0.085
0 0.5925 0.5125 0.04875 0.085
0 0.645 0.51375 0.05 0.08875
0 0.6975 0.51625 0.04625 0.09
0 0.7475 0.51375 0.05 0.09
0 0.13375 0.61875 0.0175 0.0625
0 0.1575 0.62375 0.0225 0.05625
0 0.18875 0.62375 0.03125 0.0575
0 0.28375 0.61625 0.03875 0.05875
0 0.38625 0.075 0.02125 0.02625
0 0.8475 0.22 0.055 0.05875
0 0.2225 0.79 0.0225 0.07875
0 0.85375 0.78625 0.04125 0.03125
0 0.8025 0.8175 0.04625 0.06
0 0.755 0.81375 0.0275 0.065
0 0.72375 0.81125 0.02375 0.0675
0 0.6725 0.80625 0.02125 0.0675
0 0.645 0.8075 0.0275 0.06125
0 0.61625 0.8075 0.0275 0.06375
0 0.585 0.80375 0.0225 0.06125
0 0.55625 0.80375 0.0225 0.0625
0 0.53125 0.80125 0.02 0.065
0 0.85125 0.825 0.04625 0.04
0 0.50875 0.79625 0.015 0.06125
0 0.45375 0.7925 0.02375 0.07125
0 0.42875 0.78125 0.0175 0.065
0 0.3875 0.77125 0.0225 0.06625
0 0.3575 0.785 0.03 0.085
0 0.31625 0.7925 0.0275 0.085
0 0.285 0.7925 0.02875 0.08375
0 0.25125 0.78875 0.02875 0.085
0 0.19375 0.7975 0.02375 0.06875
0 0.16875 0.79375 0.02125 0.07125
0 0.14 0.7925 0.02875 0.0725
0 0.48625 0.7975 0.03 0.0675
0 0.79875 0.72625 0.04875 0.0525
0 0.7 0.81 0.02 0.065
0 0.80375 0.645 0.05 0.05625
0 0.3875 0.04625 0.02375 0.02125
0 0.85125 0.73625 0.0475 0.02875
0 0.35625 0.08625 0.03125 0.0575
0 0.32125 0.1025 0.03125 0.01875
0 0.32 0.07875 0.02875 0.02
0 0.28875 0.08875 0.0225 0.04875
0 0.2925 0.03875 0.035 0.04125
0 0.24625 0.06625 0.05125 0.09375
0 0.2025 0.06375 0.03125 0.09625
0 0.1625 0.085 0.04375 0.06125
0 0.7525 0.07625 0.02375 0.065
0 0.7825 0.035 0.03 0.03
0 0.3575 0.02875 0.03125 0.05375
0 0.83625 0.09625 0.0525 0.0325
0 0.8375 0.05875 0.05375 0.03125
0 0.81625 0.3925 0.06625 0.05375
0 0.8225 0.47625 0.0775 0.0625
0 0.79 0.0825 0.03625 0.055
0 0.85375 0.645 0.0425 0.055