0 0.73375 0.62375 0.03625 0.01625
0 0.64375 0.53 0.0475 0.02
0 0.73375 0.59875 0.03625 0.02375
0 0.73125 0.57375 0.04625 0.02125
0 0.69375 0.54625 0.0325 0.0175
0 0.69125 0.525 0.03875 0.02375
0 0.6425 0.50625 0.05 0.02125
0 0.6875 0.6975 0.03625 0.0425
0 0.69 0.61125 0.04125 0.025
0 0.68875 0.63625 0.035 0.01625
0 0.685 0.66375 0.03875 0.02
0 0.68125 0.4975 0.01625 0.02
0 0.6575 0.4725 0.0175 0.01875
0 0.73625 0.64625 0.035 0.0175
0 0.67125 0.58 0.01875 0.01875
0 0.735 0.6725 0.035 0.02125
0 0.4075 0.7025 0.09 0.03625
0 0.77875 0.5675 0.0425 0.02125
0 0.3725 0.59375 0.07 0.0275
0 0.36125 0.55875 0.08625 0.03125
0 0.34625 0.5225 0.08125 0.03375
0 0.35125 0.48625 0.08875 0.03
0 0.32125 0.7975 0.05875 0.03375
0 0.32375 0.75375 0.05125 0.0425
0 0.32875 0.7125 0.05125 0.0325
0 0.32625 0.665 0.05625 0.0475
0 0.2975 0.60875 0.0575 0.0375
0 0.6225 0.48 0.05125 0.02
0 0.77875 0.67875 0.03125 0.015
0 0.77625 0.65875 0.0375 0.01375
0 0.7775 0.63875 0.03625 0.02125
0 0.775 0.615 0.035 0.0225
0 0.78 0.59375 0.0375 0.02
0 0.7325 0.695 0.035 0.01625
0 0.6275 0.7325 0.05375 0.02
0 0.6425 0.55375 0.05375 0.0275
0 0.62875 0.68125 0.05625 0.02375
0 0.3975 0.66125 0.08 0.02875
0 0.62875 0.7075 0.05375 0.025
0 0.48875 0.75125 0.0575 0.02125
0 0.53625 0.73625 0.01 0.0125
0 0.49125 0.71625 0.05875 0.03875
0 0.4925 0.68375 0.0675 0.03
0 0.4925 0.65375 0.075 0.025
0 0.495 0.62 0.085 0.0325
0 0.47625 0.58375 0.07375 0.03125
0 0.4525 0.55 0.0725 0.025
0 0.4525 0.52125 0.07875 0.03
0 0.445 0.48875 0.0775 0.02875
0 0.3975 0.80625 0.0725 0.01875
0 0.4075 0.7775 0.0925 0.03375
0 0.4075 0.74125 0.0925 0.0375
0 0.48625 0.775 0.055 0.01875
0 0.52375 0.4825 0.06 0.02875
0 0.395 0.62625 0.07625 0.03
0 0.52375 0.5425 0.05 0.02125
0 0.62875 0.6275 0.04875 0.02375
0 0.6325 0.59625 0.0575 0.03375
0 0.56 0.755 0.0575 0.02125
0 0.575 0.48125 0.035 0.025
0 0.58875 0.51125 0.045 0.01875
0 0.5625 0.7275 0.065 0.02375
0 0.5275 0.51625 0.06625 0.02125
0 0.565 0.7 0.0575 0.02875
0 0.57 0.64 0.05375 0.0225
0 0.57125 0.6075 0.0575 0.02875
0 0.5825 0.56125 0.045 0.02375
0 0.58875 0.53625 0.04375 0.02125
0 0.53375 0.57125 0.035 0.0175
0 0.5675 0.6675 0.0525 0.0275
0 0.62875 0.655 0.05 0.02375