0 0.28625 0.495 0.06 0.0825
0 0.3475 0.4925 0.06375 0.08875
0 0.35 0.5775 0.06125 0.08
0 0.2125 0.555 0.0575 0.0875
0 0.41125 0.57375 0.0575 0.08875
0 0.4775 0.58625 0.0625 0.05375
0 0.47875 0.53125 0.05875 0.055
0 0.47625 0.47375 0.055 0.0575
0 0.425 0.48625 0.04375 0.08
0 0.28625 0.5775 0.06375 0.07875
0 0.1525 0.555 0.055 0.08625
0 0.47875 0.70125 0.05875 0.08
0 0.41875 0.7025 0.0575 0.08125
0 0.54125 0.5875 0.05875 0.05125
0 0.535 0.7025 0.05625 0.07875
0 0.5925 0.71375 0.055 0.05
0 0.65125 0.71 0.0625 0.06
0 0.59125 0.66 0.05625 0.05375
0 0.7225 0.7125 0.06375 0.0525
0 0.785 0.71625 0.06 0.04625
0 0.845 0.71625 0.06 0.04625
0 0.72375 0.65875 0.06 0.04875
0 0.78375 0.665 0.0575 0.05875
0 0.84875 0.66375 0.0525 0.05875
0 0.17125 0.7475 0.04375 0.05
0 0.175 0.4575 0.05125 0.075
0 0.54125 0.53125 0.05875 0.05625
0 0.66625 0.58375 0.0575 0.055
0 0.60875 0.585 0.0575 0.05625
0 0.8025 0.84125 0.0325 0.05875
0 0.83625 0.84625 0.03875 0.05
0 0.83875 0.79 0.035 0.0625
0 0.765 0.84125 0.0425 0.06
0 0.72625 0.51 0.05875 0.0725
0 0.8475 0.59125 0.05375 0.04375
0 0.67 0.47375 0.05375 0.055
0 0.6125 0.4725 0.0575 0.0575
0 0.66875 0.52875 0.055 0.0525
0 0.61125 0.52875 0.0575 0.0525
0 0.78625 0.51 0.06 0.07125
0 0.8475 0.54375 0.05375 0.05
0 0.8475 0.49125 0.055 0.04875
0 0.15125 0.67875 0.03875 0.04875
0 0.155 0.63125 0.0375 0.04125
0 0.195 0.68 0.03625 0.0375
0 0.2325 0.68 0.03875 0.03625
0 0.2325 0.64125 0.03875 0.04
0 0.29375 0.7175 0.0625 0.0475
0 0.155 0.83 0.0475 0.09125
0 0.35375 0.7175 0.0575 0.04625
0 0.2925 0.665 0.06 0.05
0 0.35375 0.6675 0.06125 0.0525
0 0.78625 0.58125 0.06375 0.06625
0 0.72625 0.57875 0.0575 0.0625
0 0.5425 0.4725 0.06625 0.06
0 0.19375 0.6425 0.0375 0.04125
0 0.2125 0.74375 0.03625 0.05625
0 0.72625 0.34625 0.06625 0.05
0 0.35 0.14125 0.05875 0.06
0 0.28875 0.14125 0.0625 0.05875
0 0.19875 0.82875 0.04 0.08875
0 0.24125 0.82875 0.0425 0.09
0 0.285 0.84625 0.04125 0.0525
0 0.33375 0.84625 0.05375 0.0525
0 0.38875 0.845 0.0575 0.0575
0 0.28625 0.78875 0.04375 0.0625
0 0.33875 0.7875 0.0575 0.06
0 0.3925 0.785 0.05 0.06375
0 0.48625 0.85 0.04125 0.055
0 0.525 0.84875 0.035 0.055
0 0.5625 0.84375 0.04125 0.05125
0 0.6 0.85 0.03375 0.0475
0 0.63625 0.85 0.03625 0.0475
0 0.675 0.85 0.04 0.04625
0 0.7125 0.85 0.0325 0.0475
0 0.56375 0.79 0.03875 0.05375
0 0.45125 0.79375 0.03375 0.05
0 0.48875 0.795 0.04 0.05375
0 0.6025 0.7975 0.0325 0.05375
0 0.6375 0.7975 0.03875 0.055
0 0.67625 0.7975 0.03625 0.0575
0 0.7125 0.79625 0.0375 0.0575
0 0.79 0.3475 0.06125 0.0525
0 0.71125 0.1475 0.035 0.05125
0 0.7525 0.1425 0.04625 0.06125
0 0.4475 0.84375 0.035 0.04875
0 0.755 0.0875 0.045 0.0525
0 0.78625 0.4 0.06375 0.05125
0 0.7925 0.1425 0.0325 0.0575
0 0.6775 0.4025 0.03625 0.04625
0 0.49 0.40125 0.06 0.055
0 0.28375 0.4025 0.0625 0.055
0 0.2225 0.3525 0.04875 0.07
0 0.17375 0.35375 0.04375 0.06875
0 0.8 0.2025 0.065 0.06
0 0.73375 0.205 0.06625 0.06125
0 0.7975 0.26375 0.05875 0.06125
0 0.735 0.265 0.06625 0.05875
0 0.605 0.225 0.0775 0.045
0 0.535 0.22375 0.06 0.0425
0 0.67375 0.27125 0.05125 0.04375
0 0.72375 0.39875 0.05625 0.0525
0 0.185 0.27125 0.06625 0.05125
0 0.61125 0.27125 0.07375 0.0425
0 0.2625 0.26875 0.09125 0.045
0 0.32625 0.26625 0.03 0.05375
0 0.36875 0.24125 0.0525 0.02625
0 0.405 0.21625 0.045 0.02375
0 0.37 0.27375 0.05375 0.03875
0 0.42625 0.27375 0.055 0.03625
0 0.47625 0.2675 0.0425 0.0475
0 0.4675 0.22375 0.035 0.03625
0 0.5425 0.27125 0.06 0.045
0 0.425 0.24125 0.04625 0.02375