0 0.57625 0.8275 0.04375 0.045
0 0.765 0.22 0.03125 0.12
0 0.77125 0.47 0.02 0.07875
0 0.65875 0.46875 0.01375 0.07375
0 0.64 0.4675 0.01625 0.0775
0 0.61875 0.46875 0.01625 0.075
0 0.5975 0.46875 0.01625 0.0775
0 0.575 0.46875 0.015 0.07625
0 0.5525 0.46875 0.02125 0.0775
0 0.53125 0.46875 0.01625 0.0775
0 0.79625 0.47 0.01625 0.07875
0 0.51125 0.46875 0.01625 0.07625
0 0.4675 0.47125 0.01875 0.07875
0 0.44375 0.46875 0.02 0.0775
0 0.4225 0.46875 0.0175 0.075
0 0.38 0.47625 0.0225 0.08125
0 0.35625 0.475 0.02 0.08125
0 0.33125 0.475 0.0225 0.0825
0 0.30875 0.475 0.02 0.08
0 0.285 0.475 0.02 0.08125
0 0.49 0.46875 0.0175 0.07875
0 0.8175 0.47 0.01625 0.07875
0 0.86125 0.47 0.02 0.07125
0 0.1425 0.56625 0.03375 0.04375
0 0.6025 0.59875 0.0175 0.06625
0 0.57875 0.59875 0.01875 0.065
0 0.555 0.59875 0.0175 0.06375
0 0.53 0.59125 0.0225 0.05875
0 0.50625 0.59 0.01625 0.06
0 0.48625 0.59 0.0175 0.06
0 0.46625 0.59 0.015 0.0625
0 0.33375 0.6125 0.04625 0.03875
0 0.285 0.615 0.04375 0.0425
0 0.235 0.615 0.045 0.0425
0 0.185 0.61375 0.045 0.04375
0 0.14125 0.6125 0.0325 0.04
0 0.3825 0.6125 0.045 0.04125
0 0.43 0.61125 0.0425 0.04125
0 0.42875 0.56625 0.0425 0.03875
0 0.3825 0.56875 0.04375 0.04
0 0.33375 0.56875 0.0425 0.04125
0 0.28375 0.5675 0.04625 0.04375
0 0.235 0.5675 0.04625 0.04125
0 0.26 0.47375 0.0225 0.08375
0 0.235 0.47375 0.02125 0.0825
0 0.21 0.47625 0.0225 0.0825
0 0.18375 0.475 0.0225 0.0825
0 0.185 0.34875 0.0375 0.11875
0 0.145 0.34875 0.0325 0.11625
0 0.8425 0.2225 0.0375 0.11875
0 0.8025 0.22125 0.035 0.12
0 0.72625 0.22 0.03375 0.12
0 0.685 0.22 0.035 0.12125
0 0.645 0.22 0.03125 0.1225
0 0.60625 0.21875 0.035 0.12
0 0.565 0.21875 0.03375 0.12375
0 0.52875 0.22 0.03375 0.12125
0 0.48875 0.22 0.035 0.12125
0 0.44875 0.22 0.0375 0.1225
0 0.4075 0.21875 0.035 0.12375
0 0.36875 0.21875 0.03625 0.1225
0 0.3275 0.2175 0.03875 0.1225
0 0.2875 0.21625 0.035 0.125
0 0.24875 0.215 0.03375 0.12125
0 0.20875 0.2175 0.03625 0.1225
0 0.16875 0.21625 0.03625 0.12
0 0.225 0.3475 0.03625 0.11875
0 0.62625 0.6 0.02 0.06875
0 0.26625 0.35 0.035 0.12
0 0.3425 0.35125 0.0325 0.12
0 0.15875 0.47625 0.0225 0.08125
0 0.135 0.47625 0.02 0.0825
0 0.8525 0.35 0.03875 0.115
0 0.8125 0.35 0.03375 0.11375
0 0.7725 0.35 0.0325 0.11125
0 0.73875 0.34 0.0225 0.08875
0 0.69625 0.4825 0.03 0.155
0 0.735 0.4125 0.01875 0.0375
0 0.74 0.4575 0.01875 0.03875
0 0.7225 0.48875 0.0125 0.04625
0 0.68625 0.37 0.01625 0.05
0 0.655 0.3475 0.0225 0.115
0 0.61875 0.35 0.03625 0.115
0 0.58 0.35125 0.035 0.1125
0 0.54125 0.35125 0.035 0.11375
0 0.50125 0.35 0.0375 0.115
0 0.46125 0.35125 0.0375 0.1175
0 0.4225 0.35 0.03625 0.1175
0 0.38375 0.35125 0.0325 0.12
0 0.305 0.34875 0.03375 0.11625
0 0.65 0.59875 0.0175 0.065
0 0.1875 0.5675 0.045 0.045
0 0.6925 0.6 0.02125 0.06625
0 0.18 0.74 0.045 0.04125
0 0.22875 0.74 0.0475 0.045
0 0.27875 0.73875 0.045 0.0425
0 0.3275 0.7425 0.045 0.04125
0 0.37875 0.74125 0.04375 0.03875
0 0.42875 0.73875 0.045 0.04
0 0.47875 0.73875 0.04625 0.0425
0 0.52875 0.74 0.04125 0.03875
0 0.5775 0.73875 0.045 0.03875
0 0.18 0.785 0.04625 0.03625
0 0.23 0.785 0.04375 0.03875
0 0.28 0.785 0.045 0.0425
0 0.67375 0.82625 0.045 0.035
0 0.33 0.78625 0.045 0.04125
0 0.42875 0.785 0.04625 0.0425
0 0.67125 0.59875 0.015 0.06625
0 0.5275 0.7825 0.045 0.0425
0 0.5775 0.7825 0.04375 0.0375
0 0.1825 0.8275 0.0475 0.04
0 0.23125 0.8275 0.0425 0.0425
0 0.28125 0.83 0.04375 0.04
0 0.33 0.83 0.045 0.04
0 0.37875 0.83 0.04625 0.03875
0 0.42875 0.83 0.045 0.04
0 0.4775 0.82875 0.04625 0.0425
0 0.52875 0.82875 0.045 0.0425
0 0.38 0.78625 0.0425 0.04125
0 0.625 0.82625 0.0425 0.04
0 0.47875 0.78375 0.045 0.0375
0 0.7225 0.82625 0.04 0.0425
0 0.37875 0.69125 0.04375 0.04375
0 0.7725 0.825 0.04875 0.04
0 0.32875 0.69375 0.045 0.04625
0 0.27875 0.69375 0.04625 0.04375
0 0.23 0.69375 0.04375 0.04125
0 0.1775 0.69375 0.045 0.0425
0 0.86 0.59875 0.01875 0.06625
0 0.8125 0.5975 0.0225 0.06875
0 0.78625 0.59625 0.0225 0.06875
0 0.76375 0.59875 0.01875 0.06625
0 0.7175 0.59875 0.01625 0.06625
0 0.43125 0.69125 0.04625 0.04625
0 0.48 0.6925 0.04375 0.04375
0 0.7425 0.6 0.015 0.0625
0 0.58 0.6925 0.04125 0.04375
0 0.8225 0.82375 0.0425 0.03875
0 0.82 0.77875 0.04125 0.035
0 0.53 0.6925 0.045 0.04375
0 0.72375 0.78125 0.04625 0.04
0 0.67375 0.78125 0.04375 0.0375
0 0.6275 0.78375 0.0425 0.03875
0 0.7725 0.7825 0.0425 0.03875
0 0.775 0.73875 0.045 0.0425
0 0.725 0.7375 0.0475 0.0425
0 0.67625 0.7375 0.04375 0.0425
0 0.62625 0.7375 0.04125 0.04125
0 0.8225 0.73625 0.04125 0.04