0 0.66375 0.77 0.0475 0.07375
0 0.42375 0.7875 0.045 0.1025
0 0.71125 0.7775 0.0325 0.0925
0 0.7425 0.775 0.02625 0.09
0 0.6075 0.77 0.05 0.07125
0 0.555 0.77 0.0475 0.0725
0 0.49875 0.7975 0.0575 0.08375
0 0.23 0.7825 0.04375 0.1025
0 0.33 0.77 0.04125 0.0925
0 0.28 0.78875 0.04875 0.10375
0 0.18 0.78125 0.04875 0.1
0 0.7825 0.79375 0.035 0.09625
0 0.13875 0.77875 0.02625 0.11
0 0.1475 0.6775 0.03125 0.05875
0 0.375 0.78625 0.045 0.1
0 0.82125 0.795 0.0325 0.09375
0 0.2825 0.14125 0.0275 0.035
0 0.6475 0.12125 0.05625 0.09875
0 0.69875 0.13625 0.04125 0.0725
0 0.18125 0.67625 0.03125 0.0575
0 0.15 0.11875 0.04875 0.0725
0 0.2175 0.08 0.02625 0.0375
0 0.19125 0.12875 0.02875 0.05625
0 0.2225 0.12875 0.0225 0.055
0 0.25125 0.14375 0.0275 0.0325
0 0.315 0.13125 0.03 0.05625
0 0.3475 0.13125 0.03 0.0575
0 0.385 0.13625 0.0375 0.05375
0 0.425 0.13125 0.035 0.0675
0 0.475 0.1325 0.04125 0.06875
0 0.51625 0.12875 0.04125 0.0775
0 0.55875 0.1325 0.04 0.0725
0 0.6 0.13375 0.03875 0.0725
0 0.8525 0.795 0.02875 0.08625
0 0.2175 0.67875 0.0325 0.05125
0 0.7425 0.14125 0.0425 0.0625
0 0.285 0.67625 0.03 0.05875
0 0.28375 0.36875 0.035 0.05
0 0.34875 0.35375 0.04 0.08125
0 0.39 0.35375 0.04 0.08
0 0.4325 0.35625 0.0425 0.08
0 0.48375 0.3475 0.05125 0.1
0 0.53 0.36125 0.0375 0.0725
0 0.57125 0.365 0.04375 0.07
0 0.6125 0.3625 0.03875 0.075
0 0.655 0.3625 0.0425 0.0775
0 0.69875 0.35 0.045 0.10375
0 0.74375 0.36875 0.04 0.065
0 0.79875 0.35375 0.0575 0.0975
0 0.85375 0.36125 0.04125 0.07875
0 0.84 0.475 0.0425 0.0875
0 0.79625 0.4775 0.03875 0.08625
0 0.74125 0.4725 0.0675 0.1
0 0.6825 0.4775 0.02875 0.06875
0 0.22625 0.35125 0.04 0.08
0 0.64375 0.47875 0.04375 0.075
0 0.1825 0.34875 0.03625 0.08
0 0.205 0.2425 0.01625 0.05375
0 0.25 0.68 0.03125 0.055
0 0.78375 0.13625 0.04 0.075
0 0.82875 0.13625 0.04625 0.08125
0 0.85875 0.2525 0.03125 0.065
0 0.81625 0.23625 0.05125 0.095
0 0.7675 0.25625 0.03375 0.06125
0 0.7225 0.235 0.0525 0.1
0 0.6675 0.235 0.04625 0.0975
0 0.62 0.2525 0.03625 0.0625
0 0.57625 0.23125 0.04625 0.09875
0 0.525 0.2325 0.05125 0.0975
0 0.4775 0.2475 0.0375 0.06625
0 0.43 0.23125 0.0525 0.08625
0 0.3775 0.24 0.04375 0.07
0 0.3325 0.2325 0.0425 0.08625
0 0.25 0.2425 0.0225 0.05625
0 0.225 0.24125 0.0225 0.05625
0 0.1425 0.3475 0.035 0.08125
0 0.6 0.48125 0.04 0.065
0 0.85625 0.69375 0.02125 0.04875
0 0.51375 0.48 0.04125 0.07
0 0.68125 0.59125 0.02125 0.08
0 0.705 0.59375 0.02125 0.075
0 0.73 0.59375 0.025 0.0775
0 0.75625 0.59375 0.02375 0.07625
0 0.78125 0.59375 0.02375 0.07625
0 0.80875 0.595 0.02625 0.0775
0 0.83625 0.59375 0.02625 0.08125
0 0.86375 0.59375 0.0225 0.0775
0 0.82125 0.68625 0.035 0.06
0 0.75875 0.6825 0.04625 0.06125
0 0.71875 0.6725 0.0225 0.04625
0 0.68875 0.67 0.03625 0.05
0 0.64375 0.68125 0.04375 0.065
0 0.595 0.67875 0.045 0.06125
0 0.36375 0.68 0.0375 0.055
0 0.55875 0.47375 0.0425 0.08375
0 0.325 0.68 0.035 0.05375
0 0.65625 0.59 0.02375 0.08375
0 0.63125 0.5875 0.025 0.08125
0 0.51875 0.68 0.07875 0.05625
0 0.57875 0.58625 0.02625 0.0825
0 0.605 0.58625 0.0225 0.08125
0 0.37375 0.46625 0.03125 0.08375
0 0.46625 0.46625 0.05 0.09125
0 0.3375 0.46375 0.035 0.08875
0 0.17125 0.50125 0.03125 0.0125
0 0.23625 0.475 0.02625 0.0625
0 0.26875 0.47625 0.035 0.06625
0 0.3025 0.46875 0.02875 0.08
0 0.415 0.47 0.045 0.08
0 0.21125 0.59 0.03875 0.065
0 0.2525 0.59 0.03875 0.06625
0 0.29125 0.59125 0.0375 0.065
0 0.33125 0.59125 0.0375 0.06375
0 0.46875 0.6 0.02375 0.0525
0 0.49625 0.6 0.02375 0.05
0 0.52375 0.60125 0.02625 0.0525
0 0.15 0.58 0.0425 0.0625
0 0.5525 0.6025 0.02625 0.05375