0 0.65125 0.6075 0.0375 0.09375
0 0.52875 0.74375 0.08875 0.025
0 0.42875 0.7025 0.0725 0.03875
0 0.52625 0.67875 0.08125 0.0175
0 0.58875 0.70625 0.025 0.09375
0 0.6125 0.7075 0.0225 0.09375
0 0.635 0.70875 0.02 0.09625
0 0.6575 0.70875 0.025 0.095
0 0.68375 0.71125 0.02375 0.095
0 0.70625 0.71 0.0225 0.0975
0 0.73125 0.71125 0.0225 0.09375
0 0.75375 0.70875 0.02125 0.0975
0 0.175 0.82625 0.02625 0.0725
0 0.20125 0.825 0.025 0.07375
0 0.22875 0.82625 0.0275 0.07625
0 0.2575 0.82625 0.0275 0.07625
0 0.2875 0.82375 0.03125 0.08125
0 0.315 0.8225 0.0225 0.0825
0 0.34 0.825 0.0275 0.0875
0 0.37 0.825 0.03125 0.08875
0 0.4375 0.74125 0.09125 0.03
0 0.6125 0.59875 0.03125 0.10125
0 0.3725 0.715 0.03375 0.0825
0 0.525 0.82375 0.0275 0.09125
0 0.5275 0.60875 0.035 0.11625
0 0.6875 0.6 0.03125 0.09375
0 0.74 0.595 0.05625 0.08625
0 0.81 0.5875 0.06125 0.14375
0 0.17 0.71875 0.0325 0.07
0 0.19875 0.7175 0.02375 0.0725
0 0.23125 0.7175 0.04125 0.07375
0 0.28 0.70875 0.03375 0.095
0 0.31125 0.71625 0.0275 0.07875
0 0.3425 0.71875 0.0275 0.07875
0 0.8125 0.7725 0.07375 0.13875
0 0.76125 0.835 0.02875 0.0625
0 0.72875 0.825 0.03875 0.08125
0 0.68875 0.81875 0.02125 0.07625
0 0.6625 0.825 0.03 0.085
0 0.635 0.82625 0.0225 0.08625
0 0.61125 0.82625 0.02375 0.0875
0 0.5825 0.825 0.02875 0.09375
0 0.5525 0.8275 0.02875 0.09125
0 0.4825 0.8225 0.025 0.0875
0 0.58 0.60375 0.02875 0.1
0 0.36125 0.1525 0.05375 0.1375
0 0.33125 0.59875 0.0225 0.09875
0 0.45 0.2025 0.0525 0.04875
0 0.4975 0.16375 0.0425 0.125
0 0.53875 0.1625 0.03875 0.1225
0 0.58125 0.1625 0.04375 0.12125
0 0.6275 0.16375 0.04125 0.1175
0 0.675 0.185 0.05125 0.075
0 0.83375 0.9375 0.06 0.125
0 0.7325 0.15125 0.06 0.14375
0 0.8475 0.15375 0.055 0.135
0 0.15625 0.29875 0.03625 0.08125
0 0.18875 0.3025 0.0275 0.075
0 0.23125 0.3 0.0575 0.08375
0 0.29875 0.29625 0.06875 0.08625
0 0.36625 0.30125 0.0525 0.08875
0 0.79 0.155 0.05375 0.1375
0 0.425 0.3 0.06125 0.09
0 0.7825 0.95375 0.0375 0.09125
0 0.70625 0.95125 0.03625 0.0975
0 0.31 0.16625 0.0475 0.12125
0 0.2525 0.15625 0.065 0.1425
0 0.1525 0.1425 0.05125 0.14875
0 0.19 0.9525 0.04625 0.09375
0 0.2375 0.9525 0.045 0.09375
0 0.28375 0.95125 0.04625 0.09625
0 0.74375 0.95 0.035 0.09875
0 0.33 0.95125 0.04125 0.0975
0 0.42375 0.95125 0.0425 0.0975
0 0.47125 0.95 0.0475 0.09875
0 0.51875 0.95 0.04625 0.1
0 0.56625 0.9475 0.0475 0.105
0 0.6125 0.95 0.0425 0.09875
0 0.66 0.95125 0.04625 0.0975
0 0.3775 0.95 0.0475 0.09875
0 0.40375 0.18625 0.03125 0.07
0 0.48625 0.31 0.0525 0.07875
0 0.60875 0.30625 0.05 0.07625
0 0.55625 0.46875 0.045 0.11125
0 0.59625 0.47125 0.03125 0.115
0 0.62875 0.465 0.0325 0.12625
0 0.6875 0.46875 0.03375 0.12
0 0.7375 0.45875 0.05625 0.10375
0 0.15 0.61125 0.02625 0.095
0 0.51375 0.4625 0.03375 0.1125
0 0.21 0.60875 0.0375 0.1175
0 0.285 0.6 0.02 0.10375
0 0.3075 0.59625 0.02125 0.09625
0 0.35875 0.605 0.0325 0.09
0 0.40375 0.60625 0.03625 0.10375
0 0.43875 0.6075 0.025 0.0975
0 0.47 0.61 0.02625 0.1125
0 0.25875 0.57875 0.025 0.0675
0 0.54875 0.3025 0.0575 0.08125
0 0.485 0.46625 0.02 0.12
0 0.4325 0.46875 0.025 0.1125
0 0.66375 0.30625 0.05875 0.075
0 0.725 0.30375 0.0625 0.07
0 0.83125 0.37875 0.08125 0.15125
0 0.17625 0.45625 0.045 0.09375
0 0.13875 0.48125 0.0225 0.1125
0 0.21625 0.46 0.0225 0.105
0 0.46 0.47125 0.03125 0.11625
0 0.2375 0.45875 0.02125 0.10875
0 0.285 0.46 0.02625 0.11875
0 0.315 0.46375 0.02375 0.11125
0 0.3425 0.46375 0.03 0.11125
0 0.37 0.4625 0.02625 0.11125
0 0.39375 0.465 0.0175 0.11625
0 0.41 0.46625 0.015 0.11875
0 0.26 0.4625 0.0225 0.11375
0 0.6575 0.4675 0.02 0.12125
0 0.45875 0.82125 0.02125 0.085
0 0.435 0.8225 0.0225 0.085