0 0.5375 0.32625 0.02 0.0525
0 0.59 0.4975 0.03625 0.05125
0 0.56 0.49875 0.02 0.0475
0 0.72125 0.26875 0.01625 0.01875
0 0.73875 0.27 0.0125 0.02
0 0.75625 0.25875 0.0125 0.0425
0 0.7675 0.26 0.00625 0.03875
0 0.38875 0.31375 0.0225 0.05875
0 0.29625 0.315 0.05125 0.0475
0 0.62875 0.49625 0.03125 0.05
0 0.41125 0.3175 0.0175 0.04875
0 0.5175 0.325 0.01875 0.05375
0 0.43125 0.32125 0.01625 0.055
0 0.47125 0.3225 0.025 0.055
0 0.495 0.325 0.02125 0.0525
0 0.23875 0.3375 0.03375 0.0725
0 0.45 0.3225 0.0125 0.05
0 0.61 0.73375 0.0175 0.07125
0 0.6275 0.465 0.0325 0.01
0 0.49375 0.745 0.02 0.0775
0 0.5625 0.32625 0.02375 0.0525
0 0.52125 0.74 0.01625 0.0775
0 0.53875 0.73875 0.015 0.0725
0 0.56375 0.74 0.0175 0.07375
0 0.585 0.7375 0.02 0.075
0 0.62875 0.73 0.015 0.06875
0 0.6475 0.73125 0.01625 0.07
0 0.67375 0.72875 0.0325 0.03125
0 0.67375 0.76 0.03 0.025
0 0.71375 0.75625 0.0325 0.02875
0 0.7175 0.7225 0.03125 0.03125
0 0.74375 0.74 0.015 0.0275
0 0.665 0.505 0.02875 0.04
0 0.66625 0.475 0.0325 0.00875
0 0.59 0.465 0.0325 0.01
0 0.59 0.32875 0.02125 0.05
0 0.67375 0.4175 0.015 0.04625
0 0.635 0.33125 0.01625 0.04875
0 0.5825 0.41875 0.01875 0.0375
0 0.6 0.41875 0.01125 0.03875
0 0.6175 0.42125 0.01625 0.04
0 0.63625 0.415 0.0125 0.04625
0 0.655 0.4175 0.015 0.0475
0 0.70125 0.39875 0.0325 0.03
0 0.70625 0.43 0.03625 0.02625
0 0.73875 0.41875 0.02 0.05
0 0.27875 0.49125 0.03625 0.0625
0 0.31625 0.49 0.035 0.065
0 0.35375 0.4925 0.03375 0.065
0 0.3875 0.4925 0.02875 0.06125
0 0.42125 0.49125 0.03125 0.06
0 0.45625 0.4925 0.03375 0.05625
0 0.4725 0.745 0.01625 0.07375
0 0.56375 0.4175 0.01375 0.04125
0 0.61375 0.33125 0.02 0.0475
0 0.54375 0.41 0.01375 0.05625
0 0.51 0.415 0.01375 0.0425
0 0.66 0.32625 0.02375 0.065
0 0.685 0.3275 0.02125 0.065
0 0.71375 0.345 0.03 0.0275
0 0.74625 0.34 0.0175 0.05125
0 0.76625 0.33875 0.01875 0.05
0 0.27375 0.3975 0.02625 0.0625
0 0.3025 0.40125 0.025 0.05625
0 0.33 0.40125 0.02625 0.05625
0 0.3575 0.40375 0.02625 0.0525
0 0.38625 0.40375 0.0225 0.04875
0 0.41375 0.4075 0.01875 0.0475
0 0.4325 0.4075 0.01625 0.0475
0 0.4525 0.405 0.02 0.0525
0 0.47625 0.4075 0.01625 0.05
0 0.49375 0.41 0.0175 0.04625
0 0.52625 0.40875 0.01625 0.05625
0 0.45375 0.745 0.01625 0.0775
0 0.345 0.56125 0.045 0.02625
0 0.40375 0.75 0.02 0.07375
0 0.7625 0.51625 0.02 0.04
0 0.7425 0.50875 0.01625 0.05625
0 0.725 0.51375 0.015 0.0425
0 0.69875 0.5275 0.02875 0.0175
0 0.69875 0.50125 0.02625 0.02875
0 0.2375 0.205 0.035 0.1025
0 0.2875 0.20625 0.02125 0.05875
0 0.31625 0.20875 0.03125 0.06
0 0.345 0.205 0.02375 0.07
0 0.375 0.20875 0.02 0.06875
0 0.4 0.21625 0.0225 0.0625
0 0.4275 0.2175 0.0275 0.0625
0 0.455 0.22125 0.01625 0.05875
0 0.47625 0.225 0.01875 0.05375
0 0.4975 0.22875 0.0175 0.0575
0 0.29 0.56 0.05 0.0275
0 0.5175 0.2325 0.01625 0.05
0 0.28375 0.59375 0.04875 0.0325
0 0.4 0.56375 0.04 0.0275
0 0.5325 0.49875 0.02625 0.04875
0 0.7 0.5925 0.01875 0.0475
0 0.63875 0.5875 0.03125 0.025
0 0.6375 0.5625 0.03125 0.01875
0 0.6125 0.57625 0.01375 0.05
0 0.59375 0.575 0.01875 0.0475
0 0.5725 0.57625 0.01125 0.04375
0 0.5575 0.57625 0.0175 0.04375
0 0.53625 0.58375 0.01125 0.03625
0 0.5225 0.5825 0.0125 0.035
0 0.48875 0.57375 0.015 0.06125
0 0.47125 0.57375 0.01625 0.06125
0 0.45375 0.57875 0.015 0.05125
0 0.43375 0.5775 0.0175 0.05375
0 0.4 0.59375 0.03875 0.0275
0 0.345 0.59125 0.05 0.02875
0 0.42875 0.745 0.02125 0.0725
0 0.5325 0.23625 0.01125 0.05
0 0.57625 0.23625 0.0175 0.06125
0 0.6375 0.64375 0.0275 0.01375
0 0.635 0.6625 0.02875 0.0175
0 0.67125 0.6675 0.015 0.0425
0 0.685 0.66375 0.0125 0.04
0 0.70875 0.6725 0.02125 0.02125
0 0.7325 0.66 0.01625 0.0475
0 0.75125 0.65875 0.0125 0.04875
0 0.76625 0.65875 0.0125 0.045
0 0.24375 0.77 0.025 0.07625
0 0.26875 0.77 0.015 0.0775
0 0.2875 0.76875 0.01875 0.075
0 0.3125 0.76625 0.02 0.07375
0 0.3325 0.75625 0.01625 0.075
0 0.35 0.75625 0.015 0.07
0 0.3725 0.75875 0.0225 0.0675
0 0.60875 0.6425 0.02125 0.00875
0 0.55125 0.235 0.025 0.0525
0 0.61 0.62875 0.02375 0.01375
0 0.5 0.65375 0.06375 0.05375
0 0.595 0.24125 0.01375 0.04875
0 0.61625 0.2375 0.02 0.06625
0 0.63625 0.23875 0.0175 0.06
0 0.66375 0.24625 0.02375 0.05125
0 0.69125 0.25 0.02375 0.04375
0 0.725 0.24625 0.015 0.01875
0 0.73125 0.5875 0.02125 0.04125
0 0.75125 0.5875 0.015 0.04125
0 0.76875 0.5875 0.01875 0.04125
0 0.2375 0.66125 0.0325 0.08125
0 0.27875 0.6625 0.03375 0.0625
0 0.3125 0.6625 0.03 0.0625
0 0.34375 0.66 0.0275 0.0575
0 0.3775 0.65625 0.02875 0.05125
0 0.43125 0.65375 0.065 0.055
0 0.56125 0.65125 0.05375 0.0575
0 0.4975 0.495 0.0375 0.055