0 0.46625 0.6075 0.025 0.0575
0 0.5775 0.59875 0.0275 0.02625
0 0.5775 0.6275 0.03 0.02875
0 0.54875 0.595 0.03125 0.0325
0 0.5475 0.62625 0.03 0.0275
0 0.35875 0.57625 0.02625 0.01625
0 0.52125 0.585 0.01875 0.0225
0 0.5175 0.6175 0.02625 0.0425
0 0.49125 0.60875 0.025 0.055
0 0.44 0.6075 0.02375 0.05875
0 0.24625 0.60125 0.02625 0.0575
0 0.38625 0.60625 0.0225 0.05625
0 0.35875 0.60875 0.02875 0.04875
0 0.33125 0.60125 0.0225 0.06375
0 0.3025 0.59625 0.0325 0.0675
0 0.2725 0.6075 0.02625 0.04375
0 0.60875 0.6225 0.02875 0.04125
0 0.2175 0.60125 0.02625 0.05875
0 0.18875 0.60125 0.03 0.0575
0 0.16125 0.60125 0.025 0.05875
0 0.41375 0.6 0.02375 0.06625
0 0.6375 0.6225 0.025 0.04
0 0.22 0.725 0.02125 0.04375
0 0.71625 0.61625 0.0525 0.05625
0 0.335 0.84125 0.08 0.0925
0 0.26625 0.8425 0.05 0.085
0 0.21 0.82625 0.06 0.1
0 0.145 0.8225 0.04 0.1025
0 0.7425 0.72125 0.06125 0.085
0 0.67375 0.715 0.06875 0.0925
0 0.5475 0.715 0.0275 0.07875
0 0.5075 0.74 0.0425 0.025
0 0.495 0.7025 0.045 0.02
0 0.67375 0.625 0.03125 0.04
0 0.46375 0.74 0.04125 0.0275
0 0.36875 0.7225 0.04375 0.05625
0 0.32875 0.7175 0.0325 0.06125
0 0.285 0.72875 0.0475 0.0325
0 0.2425 0.72375 0.025 0.04125
0 0.135 0.5975 0.02 0.0625
0 0.1975 0.72 0.01875 0.04875
0 0.17125 0.71625 0.01875 0.05375
0 0.14625 0.71125 0.0225 0.06
0 0.765 0.62 0.0425 0.05125
0 0.41875 0.73625 0.0525 0.0325
0 0.52625 0.49 0.0475 0.01875
0 0.4425 0.4975 0.05125 0.03
0 0.7025 0.53 0.0525 0.0375
0 0.54625 0.27625 0.06625 0.0375
0 0.66 0.32 0.05375 0.03875
0 0.71875 0.31 0.06125 0.06
0 0.78 0.3125 0.06125 0.06375
0 0.15875 0.42125 0.05625 0.04625
0 0.2125 0.4225 0.05 0.05
0 0.26625 0.42875 0.0575 0.03625
0 0.2725 0.385 0.05125 0.0375
0 0.42375 0.43125 0.055 0.04125
0 0.605 0.32 0.05625 0.03625
0 0.4825 0.4325 0.06 0.045
0 0.60125 0.43625 0.05375 0.04375
0 0.65875 0.43875 0.06 0.0375
0 0.65875 0.39875 0.055 0.04125
0 0.71875 0.43 0.05625 0.06125
0 0.775 0.43375 0.0525 0.05375
0 0.145 0.5075 0.03875 0.04375
0 0.19 0.51 0.04875 0.04375
0 0.245 0.5125 0.05375 0.0375
0 0.295 0.52375 0.04625 0.02125
0 0.54375 0.43625 0.06125 0.0375
0 0.5425 0.3175 0.06625 0.04125
0 0.47625 0.315 0.06375 0.03625
0 0.40875 0.31125 0.06875 0.04375
0 0.65 0.52375 0.04875 0.0475
0 0.59875 0.5225 0.05125 0.04375
0 0.54625 0.52375 0.0525 0.04125
0 0.4925 0.5225 0.05375 0.03875
0 0.40125 0.83375 0.04875 0.10875
0 0.44125 0.525 0.05125 0.02625
0 0.39375 0.5 0.0375 0.02875
0 0.39 0.52625 0.04375 0.0225
0 0.29875 0.49625 0.035 0.02
0 0.34625 0.49125 0.035 0.025
0 0.34125 0.5175 0.04375 0.0275
0 0.79 0.18 0.06 0.0325
0 0.5825 0.1225 0.05 0.03375
0 0.68125 0.1275 0.0475 0.04375
0 0.7275 0.1275 0.0475 0.04125
0 0.78 0.13 0.0525 0.04125
0 0.15125 0.30375 0.0525 0.04
0 0.2 0.30625 0.0425 0.04125
0 0.245 0.31875 0.045 0.02
0 0.29625 0.31125 0.0525 0.04
0 0.34875 0.31 0.05125 0.04125
0 0.76125 0.5275 0.06125 0.04375
0 0.45 0.8325 0.04875 0.105
0 0.60125 0.7125 0.075 0.09
0 0.56125 0.8525 0.0525 0.1
0 0.5 0.835 0.0525 0.10875
0 0.78875 0.215 0.06375 0.03625
0 0.725 0.19875 0.06 0.05875
0 0.6625 0.19875 0.0575 0.0525
0 0.5975 0.2 0.05625 0.0575
0 0.535 0.19625 0.0625 0.055
0 0.525 0.1225 0.04625 0.04
0 0.47875 0.1225 0.04625 0.0425
0 0.315 0.11875 0.04875 0.0425
0 0.225 0.11625 0.0425 0.03875
0 0.17375 0.1175 0.04875 0.03625
0 0.4725 0.19125 0.05875 0.06375
0 0.40375 0.19 0.0725 0.06375
0 0.3625 0.11875 0.04625 0.0425
0 0.27375 0.19125 0.05625 0.06125
0 0.1525 0.1875 0.05375 0.065
0 0.21625 0.19375 0.0575 0.05375
0 0.62 0.845 0.0525 0.10625
0 0.735 0.85 0.06625 0.11875
0 0.675 0.84625 0.05125 0.11
0 0.33375 0.19125 0.0625 0.06