0 0.09875 0.795 0.06125 0.14375
0 0.21125 0.7225 0.115 0.03125
0 0.48375 0.38 0.03125 0.05875
0 0.5 0.295 0.025 0.11
0 0.42375 0.17 0.06625 0.08625
0 0.45125 0.2725 0.03125 0.07125
0 0.405 0.26125 0.0275 0.06875
0 0.37125 0.26 0.03875 0.09625
0 0.35375 0.37125 0.03875 0.08125
0 0.30625 0.36375 0.0375 0.085
0 0.105 0.5825 0.05125 0.1325
0 0.15625 0.58125 0.05 0.1325
0 0.24125 0.5625 0.1125 0.04
0 0.2575 0.605 0.1125 0.0275
0 0.2625 0.355 0.0475 0.09625
0 0.21 0.76125 0.11125 0.03875
0 0.0375 0.8075 0.05375 0.13375
0 0.42 0.37 0.03 0.0825
0 0.5225 0.32 0.01875 0.115
0 0.6525 0.79 0.035 0.075
0 0.5675 0.57375 0.02 0.07
0 0.5025 0.755 0.01375 0.05875
0 0.52625 0.75125 0.02625 0.05625
0 0.4925 0.70625 0.04375 0.02125
0 0.555 0.725 0.02 0.06375
0 0.5775 0.7175 0.0225 0.065
0 0.5975 0.70375 0.01875 0.06375
0 0.61875 0.70625 0.02375 0.04
0 0.64 0.6925 0.01875 0.0525
0 0.65875 0.6875 0.01625 0.0475
0 0.675 0.6775 0.01625 0.0425
0 0.6825 0.77 0.025 0.06875
0 0.70875 0.74875 0.025 0.08625
0 0.4725 0.63 0.03375 0.0425
0 0.5075 0.6575 0.0275 0.05
0 0.53875 0.655 0.0225 0.04375
0 0.5625 0.83875 0.09875 0.06
0 0.58875 0.61 0.01625 0.05875
0 0.38125 0.68 0.01375 0.09125
0 0.40125 0.6475 0.02375 0.04875
0 0.44125 0.65125 0.03 0.0575
0 0.47375 0.78625 0.04375 0.02875
0 0.29 0.70875 0.0375 0.09625
0 0.355 0.57125 0.025 0.0825
0 0.3275 0.57625 0.02625 0.09875
0 0.4875 0.555 0.03125 0.0725
0 0.43 0.5625 0.0425 0.0725
0 0.50875 0.46625 0.04375 0.075
0 0.4425 0.4675 0.05125 0.07625
0 0.36 0.4675 0.02875 0.08125
0 0.5475 0.3325 0.0125 0.11
0 0.31875 0.46875 0.0475 0.085
0 0.1375 0.27625 0.08625 0.30125
0 0.2075 0.27375 0.05 0.295
0 0.01625 0.35 0.0325 0.2475
0 0.03625 0.6 0.05125 0.145
0 0.3275 0.7025 0.035 0.1
0 0.36 0.685 0.02375 0.085
0 0.3725 0.83125 0.06875 0.0475
0 0.43125 0.79625 0.03375 0.055
0 0.265 0.47375 0.05625 0.09375
0 0.54375 0.57625 0.02375 0.0625