0 0.20375 0.6 0.0225 0.09125
0 0.17875 0.57125 0.01875 0.06
0 0.205 0.7425 0.04 0.075
0 0.1525 0.57125 0.0275 0.0675
0 0.2425 0.74 0.03375 0.07875
0 0.1525 0.68375 0.05125 0.09375
0 0.1325 0.57125 0.01125 0.0675
0 0.235 0.57625 0.0325 0.04
0 0.83 0.4275 0.02125 0.09625
0 0.79625 0.4525 0.04875 0.07125
0 0.8575 0.4475 0.03375 0.06125
0 0.85375 0.58625 0.0425 0.0825
0 0.7975 0.585 0.06875 0.0875
0 0.74 0.58625 0.03125 0.06875
0 0.7075 0.60125 0.0325 0.08125
0 0.17 0.84 0.06125 0.1125
0 0.26625 0.56875 0.02875 0.0275
0 0.2275 0.84 0.0575 0.11375
0 0.27875 0.7275 0.03 0.07375
0 0.64375 0.67875 0.02625 0.03875
0 0.73875 0.70125 0.025 0.03125
0 0.70625 0.73625 0.0625 0.05
0 0.6425 0.72875 0.06125 0.06
0 0.58125 0.73 0.05875 0.06
0 0.52125 0.73 0.06 0.06125
0 0.4575 0.7525 0.06 0.02875
0 0.40625 0.72125 0.05375 0.03
0 0.3875 0.75 0.0625 0.02875
0 0.32625 0.7325 0.06 0.0675
0 0.66125 0.6025 0.0575 0.0775
0 0.45125 0.68375 0.02875 0.04
0 0.47875 0.6825 0.02625 0.04
0 0.50375 0.68 0.025 0.035
0 0.53 0.68 0.02625 0.03625
0 0.55875 0.68125 0.03 0.0375
0 0.58875 0.67875 0.02875 0.04
0 0.6175 0.67875 0.025 0.04
0 0.40625 0.67625 0.0575 0.01875
0 0.6025 0.60125 0.06 0.075
0 0.34 0.30375 0.055 0.08375
0 0.465 0.5625 0.07 0.02
0 0.85125 0.31125 0.04625 0.08375
0 0.85 0.13125 0.05 0.09375
0 0.8075 0.12875 0.0375 0.09375
0 0.75625 0.0975 0.055 0.15125
0 0.70375 0.10875 0.04875 0.12875
0 0.6475 0.10625 0.04125 0.14625
0 0.60375 0.1075 0.04375 0.1425
0 0.8075 0.3125 0.04125 0.085
0 0.565 0.11125 0.03375 0.15
0 0.4675 0.105 0.05 0.1575
0 0.37875 0.10625 0.03875 0.15625
0 0.33875 0.11375 0.04 0.14
0 0.3 0.13625 0.0375 0.09125
0 0.25625 0.15125 0.0475 0.0625
0 0.20125 0.1275 0.0525 0.1
0 0.15125 0.1275 0.04875 0.1
0 0.52 0.10625 0.05375 0.16
0 0.76875 0.30125 0.035 0.1075
0 0.73375 0.3175 0.04 0.06875
0 0.6925 0.33 0.02625 0.04125
0 0.4725 0.61125 0.055 0.07625
0 0.405 0.60875 0.065 0.08
0 0.345 0.6025 0.03125 0.085
0 0.30875 0.62 0.03375 0.03875
0 0.27375 0.6225 0.03625 0.04375
0 0.235 0.6225 0.03875 0.0425
0 0.29875 0.575 0.035 0.0425
0 0.765 0.70125 0.02875 0.03375
0 0.4225 0.31125 0.0475 0.0675
0 0.4675 0.3175 0.04125 0.05375
0 0.51125 0.32 0.04375 0.06
0 0.5075 0.275 0.04125 0.03
0 0.55375 0.2975 0.04125 0.0325
0 0.555 0.3325 0.03625 0.035
0 0.60375 0.32875 0.05125 0.03125
0 0.65375 0.3225 0.04625 0.04375
0 0.65 0.28125 0.0525 0.03875
0 0.5375 0.6025 0.06875 0.07375
0 0.79625 0.70125 0.03 0.03375
0 0.42 0.10625 0.0425 0.155
0 0.7525 0.4575 0.04625 0.0425
0 0.465 0.815 0.05375 0.0275
0 0.54125 0.79375 0.08875 0.0225
0 0.54375 0.81875 0.0925 0.02625
0 0.5475 0.84375 0.0925 0.02625
0 0.6275 0.8525 0.0325 0.05
0 0.68625 0.84875 0.0325 0.045
0 0.70125 0.82125 0.01375 0.045
0 0.43 0.45875 0.045 0.05875
0 0.42625 0.3975 0.03625 0.045
0 0.375 0.45875 0.05375 0.05
0 0.29125 0.45875 0.04625 0.05875
0 0.24125 0.46125 0.0525 0.06375
0 0.18875 0.46875 0.05125 0.04875
0 0.14875 0.46625 0.03875 0.05125
0 0.77875 0.8525 0.03125 0.0625
0 0.46875 0.84 0.05625 0.02375
0 0.40625 0.87125 0.0575 0.0275
0 0.6575 0.84875 0.03 0.0425
0 0.34875 0.84125 0.05375 0.1025
0 0.72375 0.8075 0.02875 0.05375
0 0.4125 0.8075 0.0525 0.03625
0 0.6675 0.46125 0.05375 0.045
0 0.61625 0.45 0.04875 0.07625
0 0.57375 0.44625 0.04 0.07125
0 0.2925 0.30875 0.0375 0.095
0 0.22875 0.30875 0.08875 0.095
0 0.86 0.705 0.02625 0.0375
0 0.1525 0.29125 0.05125 0.145
0 0.52125 0.44375 0.0425 0.0625
0 0.4725 0.46125 0.03875 0.06375
0 0.8275 0.7025 0.02875 0.03625
0 0.28625 0.84375 0.0625 0.09375