0 0.49 0.7275 0.0325 0.09875
0 0.72 0.5475 0.0225 0.01625
0 0.63375 0.81875 0.0175 0.075
0 0.61875 0.81875 0.0075 0.09125
0 0.74125 0.7675 0.0125 0.08125
0 0.72625 0.775 0.0125 0.08125
0 0.7125 0.78 0.015 0.07875
0 0.6975 0.78375 0.0125 0.09625
0 0.6825 0.78875 0.01375 0.0975
0 0.66625 0.7975 0.015 0.09375
0 0.605 0.83625 0.01625 0.06125
0 0.65 0.82625 0.01 0.03375
0 0.195 0.8225 0.04 0.1225
0 0.23875 0.80875 0.04 0.1125
0 0.27875 0.79 0.0325 0.1325
0 0.55375 0.71375 0.025 0.0875
0 0.3525 0.7775 0.03375 0.10375
0 0.40875 0.765 0.0275 0.0875
0 0.37875 0.765 0.0175 0.09
0 0.4375 0.75125 0.02625 0.08375
0 0.14625 0.83125 0.04125 0.15875
0 0.58125 0.84 0.0225 0.07625
0 0.5 0.86125 0.0175 0.115
0 0.54 0.8525 0.02875 0.08625
0 0.74125 0.54625 0.015 0.06875
0 0.6675 0.67625 0.01375 0.09375
0 0.68125 0.6725 0.01125 0.09125
0 0.69625 0.68375 0.01 0.0525
0 0.7125 0.675 0.0175 0.06875
0 0.7275 0.6625 0.01 0.07625
0 0.7425 0.66125 0.01625 0.06625
0 0.645 0.7025 0.02875 0.05125
0 0.60375 0.7 0.025 0.09125
0 0.57875 0.71125 0.02375 0.07875
0 0.37 0.91875 0.0275 0.11625
0 0.345 0.95375 0.01625 0.07125
0 0.315 0.95 0.03125 0.09875
0 0.27875 0.98125 0.03125 0.03625
0 0.2125 0.95375 0.0275 0.07125
0 0.18375 0.9725 0.02375 0.04375
0 0.14875 0.97125 0.03875 0.0575
0 0.45 0.88125 0.0175 0.12125
0 0.42625 0.8925 0.02625 0.1175
0 0.52125 0.71125 0.03 0.10625
0 0.3175 0.795 0.03375 0.095
0 0.475 0.87125 0.02875 0.115
0 0.69875 0.4375 0.0125 0.065
0 0.725 0.5775 0.01625 0.01375
0 0.7225 0.56375 0.0225 0.0125
0 0.56375 0.11 0.02 0.13875
0 0.5825 0.11125 0.01375 0.14
0 0.6 0.11875 0.01625 0.12375
0 0.61875 0.13875 0.0175 0.09
0 0.63875 0.1525 0.02 0.065
0 0.66125 0.12875 0.01875 0.02625
0 0.7025 0.55 0.0125 0.08
0 0.6625 0.155 0.01875 0.02375
0 0.68125 0.165 0.01125 0.04625
0 0.7025 0.16125 0.02625 0.06875
0 0.7375 0.14 0.02625 0.11375
0 0.145 0.48375 0.04 0.12
0 0.1925 0.4775 0.0375 0.1075
0 0.23125 0.47375 0.03125 0.11125
0 0.26875 0.47375 0.03375 0.10625
0 0.39625 0.2825 0.0325 0.12625
0 0.66375 0.17875 0.02125 0.02
0 0.6875 0.5525 0.01125 0.0825
0 0.66875 0.5675 0.025 0.06
0 0.645 0.57125 0.02 0.06625
0 0.19 0.0675 0.0325 0.13125
0 0.2275 0.07 0.0375 0.13125
0 0.28375 0.0825 0.0425 0.125
0 0.32625 0.0775 0.0375 0.15
0 0.36375 0.0825 0.03125 0.14875
0 0.395 0.115 0.02625 0.085
0 0.4225 0.1225 0.02625 0.0825
0 0.45375 0.12 0.03 0.09375
0 0.48375 0.11625 0.02625 0.1125
0 0.50875 0.13875 0.02125 0.0675
0 0.5275 0.15125 0.0125 0.04625
0 0.54375 0.12375 0.01625 0.10875
0 0.55 0.58625 0.025 0.08125
0 0.52125 0.575 0.025 0.125
0 0.495 0.59125 0.0225 0.1
0 0.49375 0.2875 0.0175 0.12
0 0.5725 0.585 0.01875 0.075
0 0.595 0.57 0.025 0.09125
0 0.6225 0.57125 0.0225 0.0775
0 0.42375 0.28375 0.0225 0.125
0 0.4475 0.28625 0.01875 0.11875
0 0.47 0.2875 0.02375 0.11875
0 0.46625 0.58875 0.02875 0.12375
0 0.45 0.4475 0.0175 0.11375
0 0.43 0.4475 0.01875 0.1175
0 0.4075 0.44875 0.02375 0.11875
0 0.38125 0.4575 0.0225 0.10875
0 0.355 0.45375 0.02625 0.12
0 0.325 0.455 0.0275 0.12375
0 0.74375 0.30875 0.02125 0.06625
0 0.72 0.3075 0.01875 0.06125
0 0.6975 0.30875 0.0225 0.065
0 0.67625 0.31 0.01125 0.06375
0 0.66 0.315 0.01375 0.05
0 0.6425 0.29125 0.01375 0.10375
0 0.62625 0.2925 0.01875 0.1
0 0.6075 0.2925 0.0125 0.1075
0 0.59125 0.29 0.01875 0.1075
0 0.57125 0.29 0.01625 0.10625
0 0.5525 0.2875 0.01875 0.11375
0 0.53375 0.28625 0.01875 0.1175
0 0.5125 0.28875 0.01875 0.1175
0 0.4675 0.44875 0.015 0.105
0 0.1525 0.06375 0.0375 0.12375
0 0.49375 0.435 0.03 0.125
0 0.53875 0.43625 0.01625 0.115
0 0.43625 0.61 0.02875 0.09
0 0.405 0.59875 0.03375 0.13375
0 0.36875 0.6175 0.0325 0.1075
0 0.33375 0.6125 0.03375 0.1425
0 0.3 0.6375 0.03375 0.095
0 0.25875 0.6275 0.04375 0.1425
0 0.21875 0.64375 0.0325 0.1275
0 0.18375 0.65625 0.035 0.125
0 0.14375 0.65125 0.0375 0.1575
0 0.7375 0.43125 0.02 0.06625
0 0.71625 0.4325 0.0175 0.065
0 0.68375 0.43875 0.015 0.0675
0 0.66125 0.43125 0.02125 0.0825
0 0.64375 0.4375 0.01 0.08
0 0.63 0.4275 0.015 0.10625
0 0.61375 0.43625 0.0125 0.09625
0 0.595 0.43125 0.02125 0.1125
0 0.5725 0.43125 0.01875 0.115
0 0.55625 0.435 0.015 0.1125
0 0.51875 0.435 0.01875 0.11625
0 0.185 0.2925 0.03875 0.11125
0 0.3975 0.905 0.02375 0.12625
0 0.1475 0.2875 0.02875 0.1175