0 0.2525 0.7775 0.03 0.1175
0 0.2225 0.78625 0.025 0.08625
0 0.18875 0.07625 0.025 0.05125
0 0.19625 0.775 0.0225 0.0825
0 0.16625 0.7725 0.03 0.09
0 0.24125 0.48625 0.06 0.02
0 0.3225 0.8025 0.035 0.11625
0 0.7 0.35625 0.1 0.03
0 0.7 0.3875 0.10125 0.03
0 0.595 0.3575 0.10375 0.02625
0 0.59625 0.38625 0.10375 0.025
0 0.82625 0.46 0.0975 0.0625
0 0.7225 0.455 0.10375 0.0625
0 0.61375 0.43625 0.10875 0.02625
0 0.615 0.46625 0.10875 0.03
0 0.83875 0.52875 0.07125 0.0275
0 0.83875 0.55625 0.07 0.02625
0 0.74625 0.5175 0.10625 0.0275
0 0.74375 0.54875 0.10625 0.03125
0 0.6325 0.5125 0.1075 0.03
0 0.6325 0.54125 0.1075 0.02625
0 0.81125 0.38875 0.11375 0.03125
0 0.48 0.29 0.09375 0.02
0 0.38875 0.29625 0.0825 0.02
0 0.38875 0.3175 0.08375 0.01875
0 0.30875 0.3 0.07 0.01875
0 0.30875 0.32 0.06875 0.01875
0 0.2175 0.30375 0.04125 0.015
0 0.2175 0.32125 0.0425 0.015
0 0.16875 0.2375 0.03125 0.075
0 0.17375 0.32125 0.03 0.06625
0 0.17375 0.38125 0.025 0.03875
0 0.21875 0.36125 0.0375 0.01875
0 0.22125 0.3825 0.03875 0.01875
0 0.295 0.36125 0.0425 0.0225
0 0.295 0.38375 0.04375 0.02125
0 0.35375 0.36125 0.07 0.025
0 0.47875 0.315 0.0925 0.025
0 0.3525 0.38875 0.0675 0.0275
0 0.81125 0.355 0.11375 0.03125
0 0.29 0.22625 0.0675 0.02
0 0.22375 0.17375 0.0375 0.0175
0 0.22375 0.19375 0.0425 0.01625
0 0.27 0.16875 0.055 0.0175
0 0.2725 0.1875 0.05375 0.01875
0 0.3325 0.16125 0.06625 0.0175
0 0.3325 0.1825 0.065 0.02
0 0.39625 0.16 0.05625 0.05125
0 0.46625 0.165 0.07625 0.02875
0 0.55 0.15375 0.08375 0.025
0 0.63 0.13875 0.07 0.03
0 0.68125 0.08375 0.04375 0.0675
0 0.725 0.135 0.1125 0.03
0 0.83375 0.08875 0.0825 0.02625
0 0.83375 0.1225 0.08125 0.03
0 0.2925 0.25 0.06375 0.02625
0 0.79375 0.18375 0.10125 0.03125
0 0.695 0.195 0.09875 0.025
0 0.6975 0.2225 0.0975 0.02625
0 0.62875 0.21 0.03 0.07
0 0.80875 0.27375 0.10375 0.025
0 0.81 0.305 0.1025 0.02875
0 0.69125 0.28125 0.11 0.02625
0 0.69375 0.30875 0.115 0.02375
0 0.58125 0.29875 0.10625 0.0425
0 0.56 0.20875 0.10125 0.02375
0 0.5575 0.235 0.1 0.02125
0 0.46 0.21625 0.0925 0.02375
0 0.46 0.2425 0.0875 0.0225
0 0.36875 0.23625 0.08625 0.0425
0 0.22375 0.24375 0.06125 0.04375
0 0.79125 0.21625 0.08625 0.03125
0 0.42875 0.36625 0.07375 0.02375
0 0.4275 0.3875 0.075 0.0175
0 0.505 0.3625 0.07375 0.025
0 0.39125 0.5875 0.08125 0.02625
0 0.3125 0.555 0.06625 0.02625
0 0.31375 0.58125 0.0675 0.02375
0 0.2425 0.56 0.07125 0.04875
0 0.1525 0.66 0.04375 0.0925
0 0.23 0.6475 0.0275 0.0875
0 0.25875 0.6525 0.02625 0.09125
0 0.28625 0.6575 0.025 0.09375
0 0.32125 0.65625 0.04 0.11375
0 0.36625 0.66375 0.04375 0.1175
0 0.4125 0.66625 0.04125 0.11875
0 0.45625 0.6775 0.0425 0.12875
0 0.505 0.685 0.0425 0.11875
0 0.55125 0.69 0.04375 0.12875
0 0.39125 0.56125 0.0825 0.025
0 0.605 0.70375 0.0575 0.13125
0 0.72375 0.7225 0.06375 0.14875
0 0.7875 0.73 0.055 0.14875
0 0.8475 0.7375 0.05625 0.1525
0 0.8425 0.92 0.06375 0.16
0 0.775 0.91375 0.0625 0.155
0 0.71875 0.8925 0.04375 0.155
0 0.665 0.8875 0.0475 0.14625
0 0.61125 0.87625 0.055 0.14875
0 0.55875 0.86875 0.0425 0.11875
0 0.4925 0.845 0.05125 0.12875
0 0.45 0.84 0.0225 0.11
0 0.41875 0.83625 0.03125 0.105
0 0.385 0.8225 0.02625 0.1125
0 0.355 0.81375 0.02875 0.10625
0 0.66125 0.71125 0.05 0.145
0 0.4775 0.59875 0.08375 0.025
0 0.4775 0.57125 0.08375 0.025
0 0.5675 0.60875 0.08875 0.025
0 0.505 0.3875 0.075 0.02375
0 0.51875 0.43125 0.08125 0.0275
0 0.5175 0.46 0.08125 0.025
0 0.435 0.43125 0.07625 0.025
0 0.43375 0.45625 0.075 0.0225
0 0.365 0.4275 0.05625 0.02
0 0.365 0.4525 0.0575 0.025
0 0.3025 0.425 0.06125 0.025
0 0.3025 0.45 0.06125 0.02375
0 0.23625 0.42375 0.06 0.01875
0 0.2375 0.445 0.06125 0.0225
0 0.145 0.39125 0.02 0.07375
0 0.135 0.295 0.02 0.0875
0 0.15 0.53 0.02875 0.04625
0 0.13 0.49875 0.00875 0.07375
0 0.1475 0.4825 0.02125 0.04375
0 0.16875 0.48375 0.01875 0.04875
0 0.56875 0.58125 0.08875 0.0275
0 0.66625 0.62125 0.09875 0.02125
0 0.66875 0.59375 0.09875 0.02875
0 0.78 0.63125 0.11625 0.02875
0 0.78 0.60125 0.115 0.02375
0 0.53625 0.5325 0.07375 0.02125
0 0.28625 0.7975 0.03375 0.11625
0 0.5375 0.50875 0.07375 0.025
0 0.45625 0.50125 0.08 0.02125
0 0.37875 0.5225 0.07 0.02
0 0.37875 0.5 0.07375 0.0225
0 0.3075 0.51625 0.06625 0.0225
0 0.3075 0.49 0.0675 0.025
0 0.24125 0.51125 0.06125 0.025
0 0.45625 0.525 0.075 0.025
0 0.1375 0.77375 0.02125 0.07625
0 0.155 0.09625 0.0325 0.07875