0 0.645 0.60625 0.02 0.055
0 0.67 0.6075 0.025 0.05625
0 0.69125 0.60625 0.01875 0.0575
0 0.71375 0.6075 0.025 0.05875
0 0.73875 0.60625 0.02375 0.06125
0 0.2675 0.43625 0.02375 0.02375
0 0.2925 0.43625 0.0225 0.02375
0 0.26625 0.40125 0.02375 0.02875
0 0.29125 0.40125 0.0275 0.02875
0 0.525 0.525 0.03875 0.0275
0 0.56625 0.52125 0.03875 0.02875
0 0.705 0.52375 0.04625 0.0225
0 0.65875 0.52 0.0425 0.03375
0 0.74875 0.51625 0.04 0.03125
0 0.3275 0.44625 0.03875 0.03875
0 0.37125 0.44375 0.045 0.045
0 0.42 0.445 0.0475 0.035
0 0.4775 0.445 0.05375 0.03625
0 0.535 0.445 0.055 0.0375
0 0.63375 0.4475 0.0475 0.03
0 0.6775 0.42375 0.035 0.01125
0 0.69 0.45 0.05375 0.03
0 0.74625 0.445 0.0575 0.0375
0 0.61375 0.52 0.05 0.03375
0 0.6125 0.615 0.04125 0.0475
0 0.2575 0.66625 0.025 0.02875
0 0.4325 0.61875 0.035 0.0425
0 0.74125 0.79625 0.02875 0.0525
0 0.71 0.79375 0.03125 0.0525
0 0.68 0.81 0.025 0.02125
0 0.67625 0.76875 0.02 0.02375
0 0.6475 0.7925 0.035 0.05
0 0.57375 0.795 0.01875 0.06375
0 0.5525 0.79625 0.0225 0.06125
0 0.515 0.795 0.04125 0.06625
0 0.48125 0.79375 0.0225 0.05625
0 0.46 0.795 0.02 0.06125
0 0.44125 0.8025 0.0125 0.04625
0 0.4225 0.80375 0.01875 0.04625
0 0.395 0.7975 0.02625 0.05875
0 0.76875 0.79375 0.02 0.055
0 0.3625 0.80125 0.0325 0.0575
0 0.75125 0.89625 0.05125 0.0925
0 0.6875 0.8975 0.07375 0.0875
0 0.59625 0.91375 0.01875 0.0525
0 0.57125 0.90125 0.02625 0.08125
0 0.5475 0.90625 0.02 0.07125
0 0.5075 0.90625 0.0175 0.07125
0 0.48625 0.90625 0.01625 0.07625
0 0.46625 0.9075 0.02125 0.07875
0 0.44 0.93125 0.03125 0.03125
0 0.41 0.9125 0.02375 0.06125
0 0.3425 0.90125 0.03875 0.08625
0 0.28375 0.915 0.04125 0.075
0 0.285 0.3475 0.02625 0.06625
0 0.32375 0.81125 0.04 0.03625
0 0.5725 0.6075 0.035 0.05
0 0.2275 0.8175 0.015 0.05375
0 0.2575 0.81625 0.01625 0.05
0 0.39625 0.61875 0.0275 0.04625
0 0.36125 0.61875 0.04125 0.04625
0 0.4325 0.59 0.03875 0.005
0 0.43 0.58125 0.03375 0.0075
0 0.43125 0.56875 0.03375 0.0125
0 0.74125 0.6975 0.04125 0.06
0 0.7 0.7 0.03875 0.0525
0 0.6575 0.695 0.03375 0.05125
0 0.5 0.70125 0.03125 0.05
0 0.4675 0.7 0.02875 0.05125
0 0.43375 0.7 0.03375 0.05
0 0.40125 0.7025 0.0325 0.05625
0 0.365 0.705 0.03625 0.05375
0 0.2425 0.81625 0.01375 0.05
0 0.32375 0.705 0.03875 0.05375
0 0.26375 0.505 0.0225 0.025
0 0.2775 0.535 0.02 0.02625
0 0.2575 0.54 0.02 0.01625
0 0.2825 0.5825 0.01625 0.05125
0 0.26125 0.5825 0.02125 0.05375
0 0.27125 0.63 0.025 0.03
0 0.2475 0.63125 0.02 0.0275
0 0.28125 0.6625 0.0175 0.03125
0 0.27875 0.69875 0.015 0.0275
0 0.25875 0.69875 0.02 0.025
0 0.265 0.74 0.055 0.04
0 0.28875 0.81125 0.0125 0.0475
0 0.27375 0.81375 0.015 0.0425
0 0.2875 0.50125 0.02 0.03125
0 0.2625 0.3475 0.01625 0.06625
0 0.52625 0.9075 0.01875 0.07125
0 0.35625 0.35125 0.0375 0.04625
0 0.71875 0.24375 0.05375 0.0225
0 0.755 0.2775 0.01625 0.02625
0 0.77125 0.25875 0.01 0.0175
0 0.24 0.1275 0.03625 0.09875
0 0.28125 0.145 0.03375 0.075
0 0.315 0.145 0.03 0.0725
0 0.37375 0.1375 0.03125 0.08125
0 0.40875 0.1375 0.03125 0.085
0 0.715 0.27875 0.0525 0.0275
0 0.4475 0.1375 0.0325 0.08375
0 0.5425 0.1425 0.0175 0.065
0 0.565 0.1425 0.03125 0.06625
0 0.6 0.1425 0.03625 0.07375
0 0.635 0.1375 0.02875 0.09
0 0.66875 0.135 0.04 0.085
0 0.72875 0.14 0.03 0.07375
0 0.76 0.13625 0.02875 0.085
0 0.3175 0.35125 0.03 0.04
0 0.51625 0.14125 0.03125 0.0625
0 0.6575 0.28 0.0575 0.025
0 0.7 0.13875 0.02125 0.075
0 0.6025 0.2475 0.05875 0.0275
0 0.39 0.3425 0.03 0.04875
0 0.5975 0.28125 0.0475 0.02875
0 0.455 0.3575 0.025 0.03875
0 0.52875 0.35375 0.03 0.0375
0 0.56 0.355 0.0275 0.04
0 0.6 0.35625 0.05125 0.0375
0 0.64 0.35375 0.0275 0.03125
0 0.66625 0.3525 0.02375 0.03375
0 0.7075 0.35375 0.05125 0.03375
0 0.42875 0.35625 0.025 0.0425
0 0.245 0.275 0.0475 0.075
0 0.30875 0.2525 0.03875 0.07875
0 0.35 0.26125 0.035 0.0675
0 0.3825 0.26125 0.02625 0.06375
0 0.4225 0.2825 0.05 0.03375
0 0.4725 0.2825 0.05125 0.0325
0 0.55375 0.26625 0.02875 0.06125
0 0.75625 0.35 0.04625 0.04
0 0.52 0.26875 0.0325 0.05625