0 0.33125 0.0925 0.04125 0.0325
0 0.2875 0.11375 0.04 0.0575
0 0.3325 0.12625 0.04 0.0325
0 0.33625 0.065 0.04125 0.015
0 0.37625 0.12625 0.04125 0.03125
0 0.42375 0.125 0.04125 0.03125
0 0.245 0.11625 0.0425 0.05625
0 0.2 0.115 0.0425 0.05625
0 0.25375 0.1975 0.04125 0.0575
0 0.15125 0.115 0.04875 0.055
0 0.25875 0.255 0.0425 0.0525
0 0.2125 0.1975 0.0375 0.05625
0 0.215 0.255 0.03875 0.055
0 0.165 0.195 0.04875 0.05625
0 0.1675 0.25375 0.0475 0.055
0 0.79625 0.12125 0.05125 0.03125
0 0.15 0.05375 0.04625 0.06
0 0.7425 0.12125 0.0525 0.03125
0 0.63375 0.1225 0.0475 0.03125
0 0.5825 0.11125 0.04875 0.05875
0 0.52875 0.11125 0.0525 0.0575
0 0.47375 0.1125 0.04875 0.05875
0 0.3775 0.09125 0.0425 0.03125
0 0.4225 0.09 0.0425 0.03375
0 0.68875 0.12375 0.04875 0.0325
0 0.30125 0.255 0.04 0.0525
0 0.6025 0.61875 0.04875 0.03375
0 0.18375 0.79 0.04125 0.02875
0 0.5475 0.3975 0.04875 0.05125
0 0.59875 0.39875 0.04625 0.05125
0 0.6475 0.41125 0.04375 0.025
0 0.29875 0.19875 0.04125 0.05375
0 0.6475 0.38375 0.045 0.02375
0 0.64625 0.3575 0.04625 0.025
0 0.26875 0.7975 0.04 0.01375
0 0.74625 0.41 0.04625 0.025
0 0.6975 0.38375 0.0475 0.02125
0 0.49 0.39875 0.04875 0.0525
0 0.69625 0.35625 0.045 0.025
0 0.74625 0.3825 0.04625 0.0225
0 0.1725 0.525 0.045 0.04875
0 0.17125 0.47125 0.045 0.05125
0 0.22375 0.52 0.04875 0.0525
0 0.2775 0.5225 0.05 0.05125
0 0.33 0.52375 0.04875 0.0525
0 0.38125 0.52 0.045 0.05375
0 0.43125 0.5225 0.04375 0.05
0 0.4875 0.52125 0.0475 0.04625
0 0.7475 0.355 0.0475 0.025
0 0.3075 0.41 0.04375 0.02875
0 0.25875 0.41 0.04 0.02875
0 0.215 0.41 0.04125 0.0325
0 0.74 0.235 0.04875 0.025
0 0.74 0.265 0.0475 0.0275
0 0.68875 0.2375 0.0475 0.025
0 0.6875 0.265 0.0475 0.025
0 0.63875 0.23875 0.0475 0.0275
0 0.64 0.26625 0.04625 0.02625
0 0.58625 0.25375 0.0525 0.0575
0 0.53375 0.25 0.04875 0.06
0 0.42875 0.2325 0.04 0.03
0 0.3875 0.2325 0.03875 0.03125
0 0.4775 0.2525 0.05 0.05625
0 0.43 0.265 0.03875 0.03
0 0.3875 0.26625 0.0425 0.03125
0 0.34375 0.2325 0.04125 0.03375
0 0.34375 0.265 0.03875 0.03
0 0.72875 0.21 0.04625 0.0225
0 0.79125 0.2625 0.045 0.0275
0 0.79 0.2325 0.0475 0.02625
0 0.78375 0.2075 0.0525 0.0225
0 0.16375 0.4 0.04875 0.05125
0 0.155 0.34375 0.045 0.05125
0 0.54125 0.5225 0.04875 0.04625
0 0.22625 0.79625 0.03875 0.01375
0 0.59625 0.52375 0.0525 0.05
0 0.7125 0.5225 0.05 0.0475
0 0.15875 0.71375 0.04375 0.02875
0 0.16 0.68 0.0475 0.0275
0 0.2375 0.70875 0.04875 0.0325
0 0.28875 0.71125 0.04625 0.03125
0 0.33875 0.71125 0.04875 0.03125
0 0.39 0.71 0.04875 0.0275
0 0.44125 0.71125 0.04375 0.03375
0 0.49375 0.715 0.05 0.02
0 0.5 0.695 0.04875 0.015
0 0.73125 0.57625 0.045 0.0175
0 0.49125 0.66625 0.05 0.01375
0 0.59125 0.71 0.04625 0.02625
0 0.645 0.7125 0.04875 0.03375
0 0.695 0.71125 0.04625 0.03125
0 0.745 0.71125 0.04625 0.0325
0 0.74875 0.67125 0.0525 0.02875
0 0.69375 0.6675 0.04625 0.02625
0 0.5425 0.665 0.04375 0.015
0 0.5875 0.66375 0.04 0.015
0 0.14375 0.79 0.03625 0.03125
0 0.54625 0.71 0.03875 0.03
0 0.6825 0.57625 0.04625 0.02125
0 0.63375 0.575 0.0425 0.02
0 0.75875 0.6175 0.0475 0.03125
0 0.77 0.5225 0.05 0.05125
0 0.49 0.47 0.04875 0.04875
0 0.545 0.47125 0.05125 0.04875
0 0.59875 0.47 0.04875 0.05125
0 0.65375 0.47 0.05375 0.05
0 0.70875 0.47 0.05 0.04875
0 0.77 0.46875 0.0525 0.04875
0 0.86 0.50125 0.02875 0.09
0 0.8525 0.61625 0.0325 0.08125
0 0.1475 0.62 0.04 0.03125
0 0.14625 0.5875 0.04125 0.03
0 0.1925 0.61875 0.04625 0.02875
0 0.19 0.58625 0.0425 0.02875
0 0.2775 0.6175 0.05125 0.03125
0 0.3425 0.61625 0.05375 0.0325
0 0.395 0.61125 0.045 0.0275
0 0.4425 0.62 0.04125 0.0325
0 0.5 0.62 0.05 0.03
0 0.55 0.61875 0.0475 0.0275
0 0.65625 0.62 0.05 0.03
0 0.7075 0.6175 0.045 0.02625
0 0.65 0.5225 0.04875 0.0475
0 0.69625 0.41 0.04625 0.0275
0 0.3125 0.7925 0.0375 0.0125
0 0.14625 0.87375 0.04125 0.0275
0 0.3825 0.905 0.0425 0.02625
0 0.3375 0.9025 0.04 0.02625
0 0.29375 0.90375 0.0425 0.02625
0 0.2475 0.90375 0.0425 0.03
0 0.19125 0.87375 0.045 0.02375
0 0.19375 0.90375 0.045 0.02625
0 0.14875 0.90375 0.04 0.02875
0 0.7175 0.7775 0.03375 0.01375
0 0.73375 0.76 0.03 0.01375
0 0.76375 0.7675 0.02375 0.02875
0 0.7675 0.79625 0.0375 0.02
0 0.72 0.79625 0.04625 0.01875
0 0.67 0.7925 0.04 0.02375
0 0.5625 0.785 0.05 0.03
0 0.62375 0.79125 0.0425 0.0275
0 0.49375 0.78 0.045 0.0275
0 0.44 0.7775 0.04 0.02625
0 0.4275 0.90375 0.0375 0.0275
0 0.39375 0.795 0.0375 0.01375
0 0.25375 0.855 0.04375 0.02875
0 0.35 0.8375 0.0375 0.0225
0 0.38625 0.06375 0.0425 0.015
0 0.85875 0.74 0.0325 0.075
0 0.855 0.87375 0.04 0.0975
0 0.65625 0.84125 0.02875 0.02375
0 0.6975 0.86 0.0325 0.02
0 0.6575 0.87375 0.025 0.02
0 0.62125 0.86375 0.03375 0.0175
0 0.59 0.83875 0.02875 0.02
0 0.75875 0.85 0.035 0.0325
0 0.76375 0.9025 0.04875 0.02375
0 0.6975 0.89875 0.04625 0.02875
0 0.635 0.90625 0.05 0.0275
0 0.56875 0.90375 0.04375 0.025
0 0.52375 0.905 0.04125 0.0325
0 0.475 0.90125 0.045 0.02625
0 0.43375 0.8375 0.0375 0.01875
0 0.39125 0.83625 0.04 0.0175
0 0.3075 0.83875 0.0375 0.0225
0 0.355 0.7975 0.03625 0.0175
0 0.6925 0.75875 0.03375 0.0175