0 0.2925 0.4975 0.03 0.03125
0 0.2875 0.46375 0.02875 0.0325
0 0.255 0.47 0.0325 0.03125
0 0.315 0.45875 0.02625 0.0275
0 0.34625 0.48625 0.02625 0.03125
0 0.37 0.48125 0.02 0.02625
0 0.34125 0.45375 0.02375 0.02625
0 0.365 0.4525 0.02125 0.02625
0 0.39125 0.475 0.02125 0.0225
0 0.3875 0.4475 0.0225 0.02625
0 0.32 0.49 0.025 0.0325
0 0.26 0.505 0.0325 0.03375
0 0.45125 0.35125 0.0125 0.05
0 0.22625 0.51 0.03375 0.03125
0 0.02 0.35875 0.025 0.09
0 0.4625 0.35125 0.0075 0.05
0 0.415 0.47125 0.02375 0.02375
0 0.44 0.3525 0.01 0.0525
0 0.42875 0.35125 0.01 0.0525
0 0.4175 0.3525 0.01 0.05375
0 0.40375 0.3525 0.015 0.05375
0 0.47125 0.35 0.0075 0.04875
0 0.48 0.35 0.01 0.0475
0 0.02 0.55375 0.04 0.04
0 0.01375 0.50875 0.02625 0.045
0 0.0625 0.5425 0.0425 0.03875
0 0.05125 0.50125 0.0475 0.0425
0 0.10625 0.535 0.045 0.0375
0 0.1 0.49375 0.04625 0.0425
0 0.15 0.52625 0.04125 0.035
0 0.14375 0.4875 0.04 0.03875
0 0.19 0.5175 0.03625 0.03375
0 0.185 0.48125 0.03875 0.0375
0 0.22125 0.47625 0.0325 0.03375
0 0.4125 0.44375 0.02625 0.02625
0 0.11625 0.65125 0.04125 0.02875
0 0.43875 0.44 0.02375 0.02375
0 0.195 0.65875 0.03375 0.025
0 0.1925 0.62375 0.0375 0.0275
0 0.1875 0.58875 0.035 0.025
0 0.23 0.6825 0.02875 0.03125
0 0.23 0.64625 0.0325 0.025
0 0.2275 0.61375 0.03125 0.025
0 0.225 0.58125 0.035 0.0275
0 0.295 0.65625 0.02875 0.0225
0 0.26375 0.66625 0.03125 0.0225
0 0.295 0.625 0.0275 0.0225
0 0.2625 0.63625 0.0325 0.02
0 0.2925 0.59375 0.0275 0.02125
0 0.26125 0.6025 0.03125 0.02375
0 0.35375 0.63625 0.0225 0.0175
0 0.0475 0.35875 0.02375 0.09
0 0.1975 0.69125 0.035 0.02875
0 0.15125 0.6 0.03625 0.025
0 0.15625 0.635 0.035 0.03
0 0.16 0.6725 0.03625 0.0275
0 0.46125 0.46375 0.02 0.0225
0 0.4625 0.4375 0.0175 0.02375
0 0.50625 0.44375 0.00625 0.04375
0 0.49625 0.445 0.01125 0.04125
0 0.48125 0.43375 0.01625 0.0225
0 0.4825 0.46 0.0175 0.02125
0 0.07875 0.74125 0.0425 0.03
0 0.44 0.46875 0.02 0.0225
0 0.035 0.7575 0.045 0.02875
0 0.03 0.71875 0.04875 0.035
0 0.025 0.67875 0.04625 0.0325
0 0.07125 0.66375 0.045 0.03625
0 0.12125 0.725 0.04 0.03
0 0.11875 0.68875 0.0425 0.02625
0 0.11125 0.6125 0.0425 0.025
0 0.16 0.71 0.0375 0.03
0 0.075 0.7025 0.04125 0.03125
0 0.075 0.3575 0.02625 0.08625
0 0.305 0.34375 0.0125 0.02875
0 0.155 0.35375 0.07 0.0825
0 0.3525 0.5775 0.02625 0.02
0 0.3225 0.58625 0.03 0.0225
0 0.29 0.5625 0.03 0.02375
0 0.38 0.34375 0.00875 0.02875
0 0.395 0.615 0.0225 0.02
0 0.37375 0.6225 0.0175 0.01875
0 0.39375 0.5875 0.02 0.01875
0 0.375 0.59625 0.015 0.01875
0 0.375 0.5675 0.0175 0.02125
0 0.395 0.56125 0.0175 0.02
0 0.37375 0.54 0.02 0.0225
0 0.39375 0.5325 0.01875 0.02
0 0.1 0.3575 0.0225 0.0875
0 0.41625 0.605 0.02125 0.01875
0 0.41375 0.5525 0.02 0.02
0 0.415 0.52625 0.02 0.02
0 0.4375 0.59625 0.0175 0.0175
0 0.45625 0.59 0.0175 0.01625
0 0.435 0.57125 0.02 0.0175
0 0.455 0.56625 0.0175 0.01875
0 0.435 0.545 0.0175 0.02
0 0.455 0.54 0.0175 0.0175
0 0.435 0.52125 0.0175 0.02
0 0.47375 0.58375 0.015 0.01625
0 0.47375 0.55875 0.01625 0.02
0 0.47375 0.53375 0.01625 0.0175
0 0.415 0.58 0.02 0.02
0 0.45375 0.515 0.0175 0.01875
0 0.3275 0.61625 0.02625 0.02125
0 0.39 0.3425 0.0125 0.02875
0 0.515 0.23125 0.0175 0.07375
0 0.49875 0.2275 0.01375 0.08
0 0.48125 0.22625 0.0175 0.07625
0 0.46375 0.22375 0.01625 0.08
0 0.44375 0.22125 0.01625 0.08125
0 0.42375 0.2175 0.02 0.085
0 0.4 0.21375 0.02875 0.085
0 0.35625 0.2075 0.0275 0.08875
0 0.3275 0.20125 0.02875 0.1025
0 0.2975 0.19875 0.03 0.09875
0 0.2675 0.195 0.02875 0.10625
0 0.23625 0.1925 0.0325 0.10125
0 0.3275 0.64625 0.02875 0.02
0 0.2 0.18625 0.03875 0.1125
0 0.12625 0.18125 0.0375 0.1075
0 0.08375 0.17875 0.0425 0.1
0 0.0375 0.1775 0.0475 0.1
0 0.39125 0.37 0.01 0.0225
0 0.38 0.37 0.01 0.025
0 0.36875 0.37125 0.01 0.02375
0 0.35625 0.3725 0.0125 0.025
0 0.34375 0.37125 0.0125 0.02625
0 0.33125 0.3725 0.0125 0.02875
0 0.31875 0.3725 0.01 0.0275
0 0.30625 0.375 0.01375 0.0275
0 0.29125 0.37375 0.01125 0.02625
0 0.1625 0.1825 0.035 0.105
0 0.4925 0.50625 0.01375 0.01875
0 0.3525 0.60625 0.02375 0.0225
0 0.4925 0.5525 0.0125 0.0175
0 0.3675 0.315 0.01125 0.0275
0 0.2925 0.345 0.0125 0.0275
0 0.3175 0.34375 0.01125 0.025
0 0.355 0.315 0.0125 0.0275
0 0.34375 0.315 0.01 0.02875
0 0.33125 0.315 0.01125 0.02875
0 0.31625 0.31375 0.01 0.03
0 0.305 0.31375 0.0125 0.03
0 0.29 0.31375 0.015 0.03
0 0.21625 0.3625 0.05125 0.05875
0 0.26375 0.3625 0.04375 0.05625
0 0.3425 0.34375 0.01 0.02625
0 0.49125 0.5775 0.015 0.01875
0 0.36875 0.34375 0.01125 0.0275
0 0.355 0.34375 0.01375 0.0275
0 0.4925 0.52875 0.015 0.0175
0 0.33125 0.3425 0.01125 0.025