0 0.225 0.485 0.025 0.05
0 0.6525 0.4375 0.0275 0.025
0 0.4425 0.4025 0.02 0.06625
0 0.46375 0.39875 0.01625 0.07875
0 0.485 0.3975 0.0225 0.0775
0 0.50625 0.39875 0.01875 0.08
0 0.53 0.41 0.02625 0.0575
0 0.55125 0.4125 0.015 0.0625
0 0.5725 0.4125 0.02375 0.06
0 0.5975 0.43375 0.02 0.02375
0 0.19875 0.4725 0.02625 0.07125
0 0.17625 0.47125 0.01625 0.07375
0 0.61 0.38 0.02625 0.0275
0 0.59875 0.40875 0.025 0.025
0 0.6225 0.435 0.02875 0.02125
0 0.655 0.41 0.02625 0.025
0 0.42125 0.4 0.0175 0.07
0 0.62625 0.41 0.025 0.02625
0 0.40625 0.5675 0.02125 0.065
0 0.3925 0.41875 0.03625 0.0275
0 0.625 0.75 0.02125 0.06125
0 0.22875 0.74375 0.07 0.0725
0 0.2 0.56 0.02 0.07
0 0.2225 0.56 0.0225 0.07
0 0.2475 0.56 0.02625 0.02625
0 0.2475 0.58625 0.025 0.02375
0 0.27375 0.5875 0.02375 0.025
0 0.27625 0.56 0.02875 0.02375
0 0.30625 0.56875 0.0225 0.06875
0 0.3325 0.56875 0.025 0.06625
0 0.5975 0.75125 0.0225 0.06125
0 0.355 0.56875 0.01625 0.06625
0 0.255 0.48625 0.02875 0.05
0 0.43 0.565 0.0225 0.0725
0 0.4525 0.56625 0.01625 0.075
0 0.4725 0.5725 0.01875 0.07125
0 0.49375 0.5725 0.02 0.07625
0 0.51625 0.5725 0.0175 0.07875
0 0.53375 0.5725 0.0175 0.0775
0 0.55125 0.56875 0.01375 0.08125
0 0.56875 0.5725 0.0175 0.07125
0 0.585 0.5725 0.01625 0.065
0 0.38 0.56875 0.02875 0.0675
0 0.35625 0.41625 0.03 0.02875
0 0.38125 0.2925 0.1225 0.1025
0 0.61625 0.31125 0.095 0.0825
0 0.3925 0.39 0.03625 0.0225
0 0.3575 0.38875 0.0325 0.0275
0 0.32625 0.39625 0.02125 0.06125
0 0.27 0.38375 0.02875 0.025
0 0.3 0.3875 0.02875 0.025
0 0.2975 0.41125 0.02875 0.01625
0 0.2675 0.40875 0.02625 0.02125
0 0.24625 0.3975 0.01625 0.04125
0 0.225 0.385 0.01875 0.0225
0 0.22625 0.40875 0.0225 0.02375
0 0.50625 0.3025 0.12 0.09875
0 0.2025 0.395 0.0175 0.0475
0 0.14625 0.465 0.0275 0.04625
0 0.15 0.4075 0.03125 0.06625
0 0.80625 0.2275 0.015 0.06125
0 0.79125 0.2275 0.0125 0.06125
0 0.775 0.22375 0.01625 0.06
0 0.76 0.2225 0.01 0.06125
0 0.74 0.2225 0.0275 0.06
0 0.72 0.22875 0.01125 0.045
0 0.68625 0.2325 0.02125 0.05375
0 0.68125 0.3125 0.0225 0.09125
0 0.18375 0.39375 0.01625 0.04875
0 0.28375 0.475 0.025 0.025
0 0.35875 0.8475 0.0225 0.045
0 0.22875 0.44375 0.025 0.02125
0 0.68875 0.56875 0.0225 0.0475
0 0.72375 0.58625 0.035 0.055
0 0.775 0.6125 0.04125 0.06
0 0.7075 0.65375 0.01875 0.05875
0 0.73875 0.675 0.0275 0.075
0 0.7775 0.69625 0.04 0.08625
0 0.8025 0.53625 0.045 0.05875
0 0.69375 0.74625 0.02 0.0775
0 0.74375 0.78 0.015 0.08
0 0.7725 0.7975 0.025 0.07875
0 0.695 0.84 0.035 0.02
0 0.6875 0.865 0.03125 0.02375
0 0.7225 0.88625 0.03375 0.02625
0 0.7375 0.9225 0.04375 0.03375
0 0.71875 0.7625 0.01 0.075
0 0.62 0.8325 0.05625 0.03375
0 0.74875 0.525 0.0375 0.0575
0 0.795 0.455 0.0175 0.04625
0 0.6125 0.58125 0.02125 0.0625
0 0.48125 0.5125 0.03375 0.0225
0 0.485 0.48625 0.03125 0.02375
0 0.51 0.4875 0.0175 0.075
0 0.53375 0.49 0.02375 0.07375
0 0.56 0.49125 0.0225 0.07125
0 0.71625 0.51 0.0225 0.0475
0 0.5875 0.4925 0.02625 0.07125
0 0.635 0.50625 0.025 0.05375
0 0.6675 0.48 0.02625 0.0225
0 0.66625 0.51375 0.02625 0.04125
0 0.75875 0.38 0.0325 0.04875
0 0.75125 0.445 0.03125 0.05375
0 0.77625 0.455 0.01625 0.05
0 0.61125 0.5 0.01875 0.0625
0 0.28375 0.5025 0.02625 0.0275
0 0.61625 0.87 0.05625 0.03375
0 0.5725 0.87 0.0275 0.03125
0 0.4375 0.7425 0.02 0.06875
0 0.465 0.74375 0.02375 0.06625
0 0.49 0.74375 0.02 0.06375
0 0.5125 0.74625 0.02375 0.06125
0 0.54125 0.74875 0.01875 0.06125
0 0.5675 0.74875 0.0225 0.05875
0 0.41375 0.73875 0.02125 0.065
0 0.45 0.5075 0.02125 0.025
0 0.42875 0.48875 0.01875 0.0625
0 0.40625 0.48875 0.02 0.06
0 0.38125 0.4875 0.025 0.0625
0 0.35625 0.47875 0.02375 0.08125
0 0.3325 0.4775 0.02125 0.0825
0 0.30875 0.47875 0.0225 0.0825
0 0.45125 0.48 0.025 0.02625
0 0.575 0.8325 0.0325 0.03625
0 0.3875 0.73875 0.02 0.06625
0 0.33625 0.74125 0.03 0.06625
0 0.54125 0.87 0.03125 0.03625
0 0.53875 0.835 0.0275 0.02875
0 0.50875 0.83 0.025 0.03125
0 0.51 0.865 0.025 0.03625
0 0.48125 0.86 0.02375 0.055
0 0.45875 0.84875 0.02 0.0725
0 0.365 0.74 0.025 0.06625
0 0.4375 0.8475 0.0225 0.07125
0 0.385 0.8475 0.02125 0.0525
0 0.32375 0.85 0.0175 0.04375
0 0.3025 0.85 0.01875 0.045
0 0.27875 0.84875 0.02625 0.0475
0 0.28125 0.73875 0.0225 0.0625
0 0.3075 0.74125 0.025 0.06875
0 0.40625 0.84875 0.02 0.0625
0 0.63875 0.58125 0.02625 0.06375
0 0.7975 0.80125 0.01375 0.075
0 0.1875 0.64625 0.025 0.06875
0 0.2125 0.8475 0.0825 0.07
0 0.17625 0.7425 0.03375 0.07125
0 0.1475 0.85125 0.04375 0.0825
0 0.1425 0.7425 0.01875 0.0325
0 0.1425 0.7025 0.01875 0.02875
0 0.1425 0.65875 0.02 0.02875
0 0.145 0.615 0.02375 0.02
0 0.635 0.66 0.03 0.06375
0 0.1425 0.59375 0.02875 0.01875
0 0.14125 0.54375 0.02625 0.0325
0 0.1775 0.55625 0.02125 0.07125
0 0.83 0.935 0.04 0.06
0 0.80125 0.88 0.04125 0.0375
0 0.785 0.94625 0.02625 0.05625
0 0.27375 0.2925 0.09 0.07
0 0.16625 0.64375 0.01375 0.06875
0 0.14 0.57125 0.02875 0.02
0 0.61 0.66125 0.01875 0.06625
0 0.185 0.28875 0.08375 0.08375
0 0.56125 0.67125 0.01875 0.04
0 0.58625 0.6725 0.025 0.04
0 0.21 0.64625 0.01375 0.06875
0 0.2625 0.66875 0.02625 0.02375
0 0.23375 0.64125 0.02875 0.02625
0 0.265 0.64125 0.02875 0.02375
0 0.2925 0.6475 0.01875 0.06875
0 0.31375 0.64875 0.01875 0.06625
0 0.34125 0.65 0.0275 0.06375
0 0.23125 0.6725 0.0275 0.025
0 0.395 0.65375 0.02875 0.06625
0 0.41875 0.66125 0.015 0.04875
0 0.44125 0.6675 0.02875 0.03625
0 0.47125 0.6675 0.025 0.03625
0 0.49875 0.66 0.02125 0.06125
0 0.54 0.66 0.01875 0.05875
0 0.36625 0.65125 0.02125 0.065
0 0.52 0.6625 0.01625 0.06