0 0.29625 0.50875 0.0125 0.05625
0 0.28375 0.5075 0.01 0.06
0 0.26875 0.50875 0.01375 0.065
0 0.255 0.50875 0.0125 0.065
0 0.23 0.50125 0.01625 0.05875
0 0.61375 0.43625 0.0775 0.01875
0 0.61625 0.41625 0.07875 0.01625
0 0.53625 0.42125 0.06875 0.02125
0 0.535 0.39875 0.07 0.0225
0 0.45875 0.3975 0.0625 0.01875
0 0.38875 0.43125 0.0625 0.015
0 0.3075 0.42625 0.07 0.01375
0 0.7175 0.35125 0.07625 0.02125
0 0.625 0.3575 0.06625 0.01125
0 0.38125 0.85625 0.035 0.0875
0 0.41875 0.84125 0.03375 0.0725
0 0.45375 0.8425 0.03375 0.07
0 0.31375 0.5175 0.01125 0.07625
0 0.4575 0.42125 0.065 0.01875
0 0.30875 0.41 0.06875 0.0125
0 0.595 0.5 0.0625 0.0175
0 0.34125 0.515 0.015 0.075
0 0.715 0.6025 0.035 0.06875
0 0.68125 0.60375 0.03125 0.0675
0 0.63125 0.6175 0.04125 0.095
0 0.5875 0.61875 0.03875 0.0875
0 0.5375 0.59125 0.03375 0.03875
0 0.50375 0.59375 0.03 0.0425
0 0.7125 0.5 0.05875 0.01375
0 0.66375 0.50625 0.02 0.0575
0 0.645 0.5075 0.02 0.05375
0 0.5925 0.54375 0.065 0.02125
0 0.59125 0.5225 0.065 0.02
0 0.49375 0.8425 0.03125 0.0725
0 0.5175 0.51875 0.05875 0.01875
0 0.52125 0.50125 0.0625 0.01875
0 0.5225 0.47875 0.05875 0.0125
0 0.45375 0.54 0.02125 0.02
0 0.39125 0.5425 0.07125 0.02125
0 0.39625 0.52375 0.075 0.015
0 0.39625 0.50375 0.07625 0.02875
0 0.325 0.51625 0.01125 0.0775
0 0.525 0.84125 0.02375 0.07875
0 0.51 0.7375 0.035 0.09375
0 0.585 0.8425 0.03125 0.0775
0 0.4325 0.60875 0.03375 0.0725
0 0.47 0.60875 0.03125 0.0775
0 0.62125 0.34 0.06125 0.01625
0 0.62 0.32375 0.0625 0.01875
0 0.55375 0.31 0.08125 0.01875
0 0.55125 0.3325 0.07125 0.02
0 0.46375 0.36125 0.075 0.01625
0 0.46375 0.3425 0.0775 0.015
0 0.46625 0.3275 0.0775 0.01875
0 0.37875 0.3275 0.06875 0.01125
0 0.37625 0.3425 0.0775 0.01625
0 0.2925 0.36 0.07875 0.015
0 0.29 0.3425 0.075 0.01625
0 0.57 0.255 0.02875 0.02
0 0.5325 0.255 0.02 0.02375
0 0.51375 0.2375 0.01625 0.0625
0 0.49625 0.235 0.0175 0.06625
0 0.47375 0.23375 0.025 0.06875
0 0.4275 0.255 0.0675 0.015
0 0.36625 0.61375 0.03 0.08125
0 0.55125 0.83875 0.0275 0.0775
0 0.395 0.61625 0.02125 0.075
0 0.2475 0.85875 0.0275 0.05625
0 0.6125 0.8425 0.0225 0.0775
0 0.645 0.84375 0.03625 0.07
0 0.72 0.8375 0.02375 0.08125
0 0.69125 0.845 0.0325 0.0775
0 0.6875 0.7375 0.03875 0.09
0 0.65 0.7375 0.03375 0.09125
0 0.60625 0.72375 0.0375 0.0825
0 0.57625 0.72 0.0275 0.07125
0 0.54375 0.7375 0.03 0.0925
0 0.46875 0.7275 0.04 0.07875
0 0.43 0.72875 0.035 0.085
0 0.38375 0.72875 0.035 0.08
0 0.3475 0.73125 0.03375 0.0775
0 0.30375 0.74 0.03625 0.09
0 0.26625 0.7425 0.035 0.0825
0 0.2375 0.61375 0.03375 0.085
0 0.34375 0.8525 0.0325 0.08875
0 0.285 0.8575 0.03125 0.06625
0 0.31625 0.8525 0.0275 0.07125
0 0.27875 0.60375 0.02875 0.0675
0 0.315 0.60375 0.0375 0.075
0 0.7125 0.5125 0.05375 0.01125
0 0.35625 0.23625 0.06125 0.01375
0 0.73 0.23625 0.02125 0.08125
0 0.75375 0.24 0.02375 0.07875
0 0.67625 0.225 0.06875 0.01375
0 0.68125 0.24625 0.07 0.01875
0 0.6825 0.26625 0.0725 0.0175
0 0.60125 0.235 0.02 0.0725
0 0.625 0.23875 0.02625 0.065
0 0.27625 0.24875 0.065 0.02375
0 0.35625 0.2525 0.07 0.01125
0 0.35 0.27125 0.06625 0.02
0 0.4275 0.23875 0.0625 0.01625
0 0.715 0.53 0.0525 0.01625