0 0.57625 0.36375 0.04375 0.08
0 0.33125 0.81875 0.0575 0.05875
0 0.41875 0.86625 0.0525 0.085
0 0.48125 0.81375 0.0575 0.11
0 0.54 0.805 0.045 0.0775
0 0.545 0.72125 0.0725 0.06375
0 0.76375 0.56625 0.0625 0.0425
0 0.63375 0.65875 0.05 0.065
0 0.71 0.68 0.06125 0.075
0 0.68625 0.58125 0.0875 0.065
0 0.82625 0.55375 0.055 0.04125
0 0.61375 0.73125 0.05375 0.07
0 0.46125 0.35875 0.03375 0.0725
0 0.3525 0.90875 0.0375 0.09625
0 0.78875 0.4725 0.03 0.095
0 0.35375 0.66375 0.04625 0.08
0 0.39625 0.65625 0.035 0.095
0 0.43 0.64625 0.025 0.0775
0 0.48625 0.61375 0.0275 0.06375
0 0.52 0.6125 0.04 0.0825
0 0.5625 0.59125 0.0275 0.0725
0 0.59125 0.58625 0.02625 0.0875
0 0.71 0.23625 0.03125 0.0775
0 0.305 0.90625 0.05125 0.1125
0 0.65375 0.18875 0.0225 0.08875
0 0.62125 0.18625 0.03625 0.09375
0 0.57125 0.19 0.06 0.1
0 0.46125 0.19125 0.04375 0.0875
0 0.4225 0.19125 0.02125 0.09125
0 0.37625 0.195 0.06625 0.10125
0 0.30125 0.20875 0.065 0.11125
0 0.24 0.21 0.05 0.1125
0 0.1825 0.20625 0.05625 0.1175
0 0.75125 0.4775 0.03625 0.09
0 0.295 0.67125 0.03 0.075
0 0.25625 0.69 0.03875 0.07125
0 0.50875 0.1975 0.05 0.095
0 0.6175 0.445 0.02125 0.06
0 0.8225 0.4625 0.0325 0.08
0 0.64 0.44125 0.02125 0.06
0 0.41875 0.375 0.0375 0.09
0 0.38 0.37625 0.02625 0.0825
0 0.33875 0.39 0.0475 0.09625
0 0.21875 0.415 0.04375 0.105
0 0.78375 0.24125 0.0225 0.08125
0 0.7575 0.23875 0.02375 0.07375
0 0.63 0.35125 0.03625 0.09125
0 0.6675 0.34375 0.02625 0.085
0 0.27 0.39625 0.04625 0.11
0 0.77875 0.35625 0.02625 0.09
0 0.80875 0.36 0.02625 0.07875
0 0.225 0.53375 0.0475 0.06875
0 0.28625 0.5275 0.04625 0.06875
0 0.34375 0.51875 0.0525 0.06625
0 0.3825 0.5025 0.02375 0.06875
0 0.4225 0.4925 0.0425 0.05875
0 0.55125 0.48625 0.03625 0.075
0 0.7225 0.33125 0.06375 0.10375
0 0.5025 0.4975 0.04625 0.06125