0 0.745 0.80375 0.03875 0.08125
0 0.42125 0.27 0.0325 0.085
0 0.18875 0.7025 0.03 0.08625
0 0.4075 0.7775 0.025 0.07625
0 0.44125 0.77875 0.0325 0.085
0 0.47625 0.7825 0.03 0.085
0 0.575 0.795 0.025 0.08
0 0.54125 0.79375 0.0375 0.0825
0 0.60625 0.79875 0.02875 0.08875
0 0.64 0.805 0.035 0.07375
0 0.71375 0.80125 0.02125 0.08625
0 0.8475 0.615 0.05 0.08875
0 0.78625 0.80625 0.03125 0.08375
0 0.50625 0.7825 0.03 0.08625
0 0.8025 0.61 0.03375 0.09875
0 0.4025 0.56875 0.035 0.0925
0 0.72875 0.6025 0.01875 0.0925
0 0.57625 0.5825 0.02625 0.10375
0 0.58625 0.475 0.02875 0.075
0 0.51 0.575 0.03125 0.10625
0 0.365 0.56625 0.0375 0.09875
0 0.2525 0.60375 0.035 0.09625
0 0.22 0.60125 0.02875 0.09625
0 0.19 0.59875 0.025 0.09625
0 0.1575 0.59875 0.0375 0.095
0 0.8375 0.50125 0.0325 0.08875
0 0.8025 0.5 0.03625 0.08875
0 0.76625 0.49625 0.0325 0.08125
0 0.82375 0.81375 0.03875 0.0825
0 0.74125 0.49625 0.015 0.0825
0 0.7625 0.605 0.04625 0.09
0 0.8625 0.82 0.02375 0.0875
0 0.15875 0.6975 0.03 0.08125
0 0.5525 0.4725 0.0325 0.0825
0 0.525 0.27375 0.03375 0.08375
0 0.56125 0.275 0.03125 0.08625
0 0.5975 0.27375 0.04 0.0875
0 0.635 0.27375 0.0325 0.09
0 0.67625 0.27375 0.04375 0.09125
0 0.78875 0.27375 0.03 0.095
0 0.825 0.27625 0.03625 0.09
0 0.86 0.27625 0.03 0.08875
0 0.35375 0.37 0.0325 0.08125
0 0.3875 0.37125 0.0325 0.08
0 0.42125 0.37125 0.0325 0.08
0 0.4525 0.375 0.03 0.075
0 0.485 0.375 0.0325 0.07875
0 0.52125 0.375 0.03375 0.07875
0 0.5575 0.37625 0.035 0.08
0 0.5925 0.3775 0.0325 0.0775
0 0.62875 0.38 0.035 0.0825
0 0.5175 0.47 0.03375 0.07625
0 0.48625 0.4675 0.02875 0.08125
0 0.45375 0.46375 0.03 0.0725
0 0.4225 0.4625 0.02875 0.075
0 0.39 0.46125 0.03 0.075
0 0.35875 0.46 0.03 0.07875
0 0.705 0.89375 0.02375 0.08375
0 0.195 0.48875 0.0225 0.09125
0 0.13875 0.48625 0.02625 0.0875
0 0.84625 0.38625 0.035 0.08625
0 0.81125 0.385 0.03375 0.08625
0 0.7775 0.38375 0.03 0.09
0 0.2225 0.71 0.03375 0.08875
0 0.66875 0.38 0.035 0.085
0 0.16625 0.4875 0.0275 0.0875
0 0.37625 0.77625 0.035 0.08125
0 0.16875 0.34 0.03125 0.115
0 0.21875 0.815 0.0325 0.08875
0 0.4825 0.16125 0.03125 0.0925
0 0.4475 0.16125 0.03375 0.09
0 0.2575 0.8125 0.025 0.0775
0 0.375 0.16125 0.0375 0.09125
0 0.33875 0.16 0.03375 0.09125
0 0.20375 0.1975 0.04 0.105
0 0.16625 0.1975 0.02625 0.10625
0 0.1375 0.1975 0.025 0.1025
0 0.85875 0.045 0.0325 0.0875
0 0.8225 0.04625 0.035 0.08625
0 0.69125 0.04625 0.0425 0.0875
0 0.64625 0.04625 0.04 0.08875
0 0.52125 0.16 0.04375 0.08875
0 0.73625 0.875 0.025 0.04375
0 0.8075 0.90625 0.03 0.08125
0 0.84625 0.9125 0.04375 0.0725
0 0.5975 0.045 0.0375 0.09
0 0.5525 0.04625 0.04 0.08875
0 0.505 0.0475 0.03625 0.09125
0 0.46125 0.045 0.03375 0.09
0 0.4225 0.0475 0.0325 0.0875
0 0.38625 0.0475 0.03625 0.09
0 0.345 0.04625 0.04375 0.09
0 0.22375 0.065 0.02375 0.10125
0 0.19375 0.065 0.03 0.1075
0 0.15375 0.065 0.04125 0.1075
0 0.7725 0.90125 0.035 0.0775
0 0.56125 0.16375 0.035 0.09375
0 0.4125 0.16 0.03625 0.0925
0 0.64125 0.1625 0.0375 0.08875
0 0.18375 0.80875 0.0275 0.07625
0 0.1525 0.80625 0.02875 0.07625
0 0.8375 0.72125 0.04375 0.0825
0 0.7975 0.71625 0.0325 0.09375
0 0.75875 0.71 0.03875 0.0825
0 0.72375 0.7075 0.0275 0.08875
0 0.24875 0.71 0.02 0.0825
0 0.37 0.6775 0.03125 0.08375
0 0.60125 0.16125 0.03875 0.095
0 0.435 0.6825 0.02875 0.085
0 0.4675 0.68875 0.03125 0.0775
0 0.50375 0.695 0.0375 0.08875
0 0.53875 0.69375 0.03 0.09
0 0.40375 0.68 0.03125 0.08375
0 0.6125 0.7025 0.0325 0.0925
0 0.575 0.695 0.0375 0.0925
0 0.79875 0.16625 0.02875 0.08625
0 0.83375 0.16625 0.035 0.08125
0 0.865 0.1675 0.02 0.0825
0 0.13625 0.3375 0.0225 0.12125
0 0.68 0.15875 0.0375 0.0925
0 0.20625 0.34 0.03625 0.11625
0 0.24 0.335 0.025 0.1275
0 0.3525 0.26625 0.03375 0.08375
0 0.38625 0.2675 0.02875 0.0825
0 0.64875 0.705 0.03625 0.0925
0 0.49125 0.2725 0.0325 0.0825
0 0.45375 0.27125 0.03125 0.0825