0 0.46875 0.645 0.02 0.0175
0 0.50875 0.54625 0.02125 0.0475
0 0.55875 0.5475 0.02125 0.04875
0 0.53375 0.54625 0.0225 0.0475
0 0.4175 0.5025 0.02125 0.02375
0 0.48625 0.43 0.02125 0.025
0 0.4475 0.4775 0.02125 0.02375
0 0.53625 0.48375 0.0225 0.025
0 0.56125 0.48375 0.02375 0.02375
0 0.58625 0.48375 0.02375 0.02375
0 0.5825 0.4575 0.025 0.02375
0 0.44 0.505 0.02 0.02375
0 0.46125 0.50625 0.02 0.02375
0 0.485 0.50625 0.02375 0.02375
0 0.51 0.50625 0.02375 0.0225
0 0.51125 0.48125 0.0225 0.025
0 0.58375 0.54875 0.02375 0.04625
0 0.41 0.33625 0.0225 0.02375
0 0.56125 0.6825 0.02125 0.0225
0 0.4325 0.33625 0.02125 0.02875
0 0.43625 0.37625 0.02125 0.04875
0 0.4575 0.37625 0.01875 0.04875
0 0.42 0.24 0.03625 0.0675
0 0.58375 0.78375 0.02 0.015
0 0.5625 0.78 0.0225 0.01875
0 0.5375 0.7725 0.02125 0.02125
0 0.515 0.76875 0.02125 0.02125
0 0.49375 0.7675 0.02125 0.02125
0 0.4725 0.76375 0.01875 0.025
0 0.45125 0.76 0.02 0.0175
0 0.43 0.75625 0.02125 0.02125
0 0.83375 0.86625 0.0625 0.06875
0 0.75875 0.8575 0.0825 0.07
0 0.6825 0.84125 0.06625 0.06875
0 0.84 0.78625 0.065 0.06125
0 0.76 0.77625 0.08125 0.06375
0 0.685 0.76375 0.06375 0.06375
0 0.86 0.69875 0.02875 0.05875
0 0.7875 0.67 0.075 0.05625
0 0.6925 0.68 0.08 0.065
0 0.855 0.625 0.04 0.01625
0 0.4875 0.4825 0.0225 0.0225
0 0.855 0.6075 0.0375 0.01875
0 0.4125 0.375 0.02375 0.04875
0 0.4575 0.24125 0.0325 0.065
0 0.51625 0.27875 0.02375 0.025
0 0.58375 0.2675 0.02375 0.01625
0 0.45625 0.33625 0.0225 0.02625
0 0.48 0.33625 0.0225 0.02375
0 0.48125 0.31 0.02125 0.025
0 0.45875 0.31 0.02 0.025
0 0.43625 0.31 0.0225 0.02375
0 0.4125 0.31125 0.0225 0.0225
0 0.56 0.66 0.0225 0.02125
0 0.53625 0.68 0.02 0.0225
0 0.51375 0.67375 0.02 0.02375
0 0.4925 0.67 0.0225 0.01625
0 0.46875 0.66625 0.02125 0.0225
0 0.53375 0.50875 0.02 0.02125
0 0.4475 0.66375 0.01875 0.01875
0 0.5075 0.3775 0.02375 0.04875
0 0.505 0.33625 0.025 0.0225
0 0.50625 0.30875 0.02375 0.02375
0 0.53 0.30875 0.025 0.0275
0 0.5325 0.33625 0.025 0.0275
0 0.5325 0.3775 0.025 0.04875
0 0.5575 0.37375 0.025 0.0525
0 0.585 0.38375 0.025 0.0325
0 0.585 0.35 0.02375 0.02625
0 0.58375 0.3225 0.02125 0.02625
0 0.58375 0.29375 0.02625 0.025
0 0.48125 0.375 0.025 0.05125
0 0.4875 0.4575 0.0225 0.02375
0 0.55875 0.50875 0.02375 0.02125
0 0.43 0.7775 0.02 0.02
0 0.4275 0.6625 0.01875 0.02
0 0.42375 0.70375 0.01875 0.04625
0 0.445 0.705 0.01875 0.04625
0 0.46875 0.70625 0.02125 0.04625
0 0.49 0.71125 0.02125 0.04875
0 0.51125 0.715 0.01875 0.0475
0 0.4275 0.17 0.04125 0.07125
0 0.46625 0.17125 0.03625 0.07375
0 0.505 0.1675 0.03625 0.0775
0 0.70375 0.19625 0.06875 0.0625
0 0.44625 0.63875 0.0225 0.02375
0 0.77875 0.195 0.07 0.06625
0 0.72 0.30125 0.09 0.06875
0 0.81875 0.29625 0.10625 0.07375
0 0.7025 0.40375 0.08875 0.0675
0 0.795 0.4 0.09 0.07
0 0.51375 0.63 0.02375 0.02
0 0.5125 0.65 0.02125 0.0225
0 0.49 0.64875 0.0175 0.01875
0 0.47 0.625 0.0225 0.01875
0 0.85875 0.40125 0.03125 0.06
0 0.6975 0.49875 0.08875 0.0625
0 0.845 0.18625 0.05875 0.075
0 0.4475 0.61875 0.02 0.015
0 0.42375 0.61625 0.02125 0.0125
0 0.42375 0.63625 0.0175 0.02
0 0.56125 0.8275 0.025 0.01625
0 0.5375 0.8225 0.02125 0.01625
0 0.51625 0.82 0.01875 0.01625
0 0.49375 0.81625 0.02 0.0225
0 0.47125 0.81125 0.0175 0.015
0 0.45 0.80875 0.01875 0.0175
0 0.42875 0.8025 0.0175 0.0225
0 0.42875 0.8375 0.01875 0.045
0 0.44875 0.84125 0.02125 0.045
0 0.47125 0.84625 0.02125 0.045
0 0.4925 0.85125 0.01875 0.04375
0 0.515 0.85375 0.0225 0.045
0 0.53875 0.85875 0.01875 0.0475
0 0.5625 0.8625 0.025 0.0475
0 0.58625 0.8675 0.02125 0.05
0 0.5875 0.83125 0.02375 0.02125
0 0.585 0.805 0.02125 0.025
0 0.56125 0.80625 0.02 0.025
0 0.53875 0.79875 0.02 0.0225
0 0.51625 0.7975 0.02 0.02625
0 0.4925 0.79125 0.0175 0.0175
0 0.47375 0.79125 0.0175 0.0225
0 0.4525 0.7825 0.01875 0.02375
0 0.78875 0.50125 0.0925 0.06625
0 0.85625 0.50375 0.03625 0.06
0 0.4925 0.625 0.0175 0.02125
0 0.57125 0.5975 0.0475 0.03625
0 0.53625 0.65375 0.0175 0.0225
0 0.535 0.72 0.0225 0.04375
0 0.56 0.72125 0.0225 0.05125
0 0.585 0.7275 0.025 0.04625
0 0.585 0.69 0.0225 0.0225
0 0.58625 0.66375 0.0225 0.0225
0 0.58375 0.63875 0.02125 0.02125
0 0.56 0.63625 0.0225 0.02375
0 0.53625 0.63125 0.02125 0.02
0 0.5375 0.60375 0.01375 0.02
0 0.5175 0.59875 0.0175 0.01875
0 0.4975 0.595 0.02 0.02
0 0.695 0.5925 0.08125 0.06125
0 0.78 0.60125 0.08625 0.06625
0 0.45625 0.58625 0.01875 0.01375
0 0.435 0.585 0.02125 0.01375
0 0.4875 0.545 0.0225 0.04125
0 0.46375 0.54375 0.02125 0.045
0 0.44125 0.54125 0.02125 0.0475
0 0.41875 0.54 0.02125 0.05
0 0.585 0.51 0.02625 0.0225
0 0.475 0.595 0.0175 0.02125