0 0.5225 0.2175 0.01875 0.0625
0 0.56875 0.19125 0.06875 0.0175
0 0.19875 0.0875 0.0725 0.01625
0 0.32 0.64625 0.07125 0.01375
0 0.32 0.62875 0.0725 0.0175
0 0.32125 0.60875 0.075 0.01875
0 0.245 0.645 0.07625 0.01625
0 0.245 0.62625 0.07375 0.01625
0 0.245 0.605 0.06625 0.02
0 0.17 0.65 0.06125 0.0125
0 0.17125 0.63375 0.06 0.01625
0 0.17375 0.615 0.06 0.0125
0 0.86 0.5775 0.03 0.01375
0 0.85875 0.56 0.0325 0.01375
0 0.81 0.5775 0.065 0.0175
0 0.80625 0.56 0.055 0.015
0 0.67125 0.57375 0.06625 0.015
0 0.7425 0.575 0.06125 0.0125
0 0.39375 0.60375 0.06375 0.0175
0 0.74125 0.56 0.06375 0.01375
0 0.4675 0.615 0.065 0.01125
0 0.465 0.64625 0.0625 0.015
0 0.74375 0.6525 0.06375 0.01375
0 0.745 0.63875 0.0625 0.01125
0 0.745 0.62375 0.0625 0.01375
0 0.745 0.6075 0.065 0.01375
0 0.67375 0.64875 0.06625 0.01625
0 0.675 0.63125 0.06875 0.01375
0 0.6025 0.64625 0.0675 0.01375
0 0.60125 0.62875 0.07 0.015
0 0.60125 0.61 0.06875 0.01875
0 0.53125 0.6475 0.06625 0.015
0 0.53375 0.6325 0.06375 0.01375
0 0.5325 0.615 0.06375 0.01625
0 0.53375 0.6 0.06625 0.01125
0 0.39375 0.6475 0.0725 0.01625
0 0.39625 0.62625 0.0675 0.015
0 0.465 0.63 0.0675 0.01375
0 0.81 0.63125 0.06 0.02375
0 0.7425 0.545 0.06375 0.0125
0 0.6025 0.57125 0.065 0.015
0 0.72125 0.495 0.06875 0.01375
0 0.72125 0.47875 0.07 0.01375
0 0.72125 0.45875 0.0675 0.0175
0 0.66875 0.47125 0.02375 0.06
0 0.65 0.47 0.00875 0.06125
0 0.63875 0.47125 0.0125 0.0625
0 0.61625 0.47 0.02 0.06625
0 0.59875 0.47 0.01 0.05625
0 0.58625 0.47 0.01 0.065
0 0.54375 0.48375 0.06875 0.03125
0 0.54375 0.44875 0.0675 0.0325
0 0.47625 0.49375 0.0575 0.01
0 0.475 0.47875 0.0575 0.01375
0 0.4125 0.4925 0.065 0.0125
0 0.4125 0.47625 0.06375 0.015
0 0.79125 0.465 0.06625 0.0175
0 0.67 0.55375 0.06875 0.02
0 0.79125 0.4825 0.06625 0.0125
0 0.85125 0.46875 0.0475 0.015
0 0.6025 0.55375 0.065 0.015
0 0.53875 0.57 0.0575 0.01375
0 0.5375 0.555 0.0575 0.0125
0 0.54 0.53875 0.05875 0.01375
0 0.47125 0.5675 0.0725 0.01875
0 0.4725 0.54625 0.06875 0.01875
0 0.39875 0.56625 0.06875 0.01875
0 0.39875 0.54625 0.07 0.0225
0 0.32375 0.56625 0.075 0.01625
0 0.32 0.5475 0.075 0.01875
0 0.2475 0.56875 0.07125 0.01375
0 0.245 0.55125 0.07125 0.01625
0 0.16625 0.55875 0.08125 0.0325
0 0.85 0.5 0.04875 0.01375
0 0.84875 0.48375 0.05 0.01375
0 0.79125 0.49875 0.0625 0.01625
0 0.80875 0.6525 0.0625 0.01375
0 0.16 0.67875 0.06875 0.01
0 0.1575 0.69625 0.065 0.01875
0 0.5 0.7575 0.06125 0.01
0 0.435 0.7575 0.06 0.015
0 0.50625 0.82 0.0675 0.01375
0 0.50375 0.80125 0.06625 0.0175
0 0.50625 0.78375 0.06375 0.01125
0 0.43625 0.81875 0.065 0.015
0 0.43625 0.80125 0.06875 0.0125
0 0.43625 0.785 0.0675 0.0125
0 0.365 0.82 0.07 0.015
0 0.365 0.805 0.06875 0.0125
0 0.29 0.82375 0.07125 0.015
0 0.29125 0.80875 0.07375 0.01375
0 0.215 0.825 0.07375 0.01625
0 0.215 0.8075 0.07625 0.01625
0 0.21625 0.78625 0.07625 0.015
0 0.54625 0.785 0.01 0.015
0 0.15125 0.8275 0.05125 0.01375
0 0.54625 0.8 0.01125 0.0125
0 0.58875 0.77625 0.06875 0.01625
0 0.60875 0.39 0.0175 0.065
0 0.19875 0.1225 0.06875 0.01375
0 0.1975 0.10625 0.07 0.01625
0 0.8 0.82 0.06125 0.01375
0 0.80375 0.8025 0.06625 0.01625
0 0.8 0.785 0.0625 0.01375
0 0.79625 0.7675 0.06625 0.0125
0 0.73125 0.80875 0.0575 0.01875
0 0.72625 0.7875 0.05625 0.01
0 0.72625 0.7725 0.06 0.015
0 0.66125 0.81625 0.07 0.0175
0 0.6625 0.8 0.06875 0.01375
0 0.65875 0.77375 0.065 0.01875
0 0.58875 0.81625 0.06875 0.01375
0 0.58875 0.8 0.0725 0.01625
0 0.545 0.8175 0.01125 0.01375
0 0.14875 0.8125 0.0475 0.0125
0 0.14875 0.7975 0.0475 0.01625
0 0.15125 0.77125 0.0525 0.01375
0 0.4425 0.705 0.07 0.01625
0 0.44375 0.6875 0.0675 0.0175
0 0.36875 0.72375 0.0725 0.0175
0 0.37 0.705 0.07375 0.01625
0 0.37 0.6875 0.07125 0.01875
0 0.2975 0.7275 0.06625 0.01625
0 0.2975 0.71375 0.0675 0.0125
0 0.2975 0.6975 0.07 0.01375
0 0.29875 0.68 0.06875 0.01625
0 0.2275 0.72875 0.06625 0.01375
0 0.22625 0.71375 0.06875 0.0125
0 0.22625 0.6975 0.06625 0.015
0 0.23125 0.68 0.065 0.01625
0 0.1575 0.72875 0.06375 0.015
0 0.1575 0.71375 0.06375 0.0125
0 0.4425 0.725 0.06875 0.0175
0 0.515 0.69 0.06875 0.01875
0 0.51375 0.70875 0.0675 0.015
0 0.515 0.72625 0.06875 0.0175
0 0.8525 0.72875 0.04375 0.0125
0 0.85375 0.71375 0.0425 0.01375
0 0.85375 0.69625 0.0425 0.0175
0 0.795 0.7275 0.065 0.01625
0 0.795 0.71125 0.06875 0.01625
0 0.795 0.695 0.06625 0.015
0 0.72375 0.72625 0.06875 0.0175
0 0.4775 0.46375 0.05875 0.0125
0 0.72375 0.70875 0.06875 0.015
0 0.65125 0.72625 0.06375 0.0175
0 0.65375 0.70625 0.06875 0.01375
0 0.6525 0.6875 0.06375 0.02
0 0.585 0.72625 0.0625 0.01
0 0.585 0.7125 0.065 0.01375
0 0.58625 0.6975 0.065 0.01125
0 0.58625 0.6825 0.06625 0.015
0 0.72375 0.69 0.06875 0.01875
0 0.41125 0.46125 0.0675 0.0125
0 0.675 0.6125 0.0675 0.01875
0 0.4125 0.44625 0.0625 0.015
0 0.25875 0.3775 0.01875 0.06375
0 0.24 0.37375 0.015 0.06875
0 0.22125 0.3725 0.01625 0.0675
0 0.20375 0.37375 0.015 0.06875
0 0.18375 0.37625 0.01875 0.06625
0 0.16375 0.37375 0.01875 0.06375
0 0.1425 0.3725 0.02125 0.06625
0 0.79375 0.335 0.0575 0.01
0 0.79375 0.32125 0.0625 0.0125
0 0.795 0.30625 0.05875 0.01375
0 0.7525 0.3075 0.015 0.0625
0 0.73875 0.3075 0.01375 0.06375
0 0.7225 0.3075 0.01375 0.065
0 0.7025 0.305 0.02 0.06375
0 0.68125 0.30375 0.01625 0.06375
0 0.28 0.3775 0.01875 0.06375
0 0.66375 0.305 0.0175 0.06375
0 0.29875 0.38 0.01375 0.06625
0 0.335 0.38 0.015 0.06625
0 0.50375 0.21625 0.01375 0.06125
0 0.58875 0.38875 0.01625 0.0675
0 0.57125 0.3875 0.01625 0.065
0 0.5525 0.3875 0.01875 0.06375
0 0.53625 0.3875 0.01625 0.0625
0 0.5175 0.3875 0.01625 0.0625
0 0.5 0.3875 0.0175 0.06
0 0.4825 0.385 0.01625 0.0625
0 0.46375 0.38625 0.0175 0.06125
0 0.44625 0.385 0.01625 0.065
0 0.4275 0.38375 0.01625 0.06375
0 0.40875 0.3825 0.01625 0.0625
0 0.39 0.3825 0.0175 0.0625
0 0.37125 0.38125 0.015 0.065
0 0.35375 0.38 0.0175 0.06625
0 0.3175 0.38125 0.01875 0.06625
0 0.645 0.3025 0.015 0.06625
0 0.625 0.30375 0.01875 0.065
0 0.6075 0.30375 0.015 0.06625
0 0.21125 0.28375 0.01875 0.08
0 0.19125 0.29125 0.0175 0.06375
0 0.17125 0.29 0.01875 0.06625
0 0.15 0.28875 0.02 0.06875
0 0.13125 0.2925 0.0125 0.0575
0 0.85 0.24875 0.04875 0.0175
0 0.85125 0.23125 0.0475 0.01375
0 0.85125 0.21375 0.04625 0.01625
0 0.47625 0.44875 0.05625 0.015
0 0.64125 0.23125 0.07 0.015
0 0.64125 0.21375 0.07125 0.01625
0 0.6425 0.19375 0.0725 0.02
0 0.5675 0.24125 0.07 0.01375
0 0.56875 0.225 0.0675 0.01625
0 0.56875 0.20875 0.07125 0.01375
0 0.2325 0.28625 0.0175 0.08125
0 0.2525 0.2925 0.0175 0.0675
0 0.27125 0.29375 0.01875 0.06625
0 0.2925 0.295 0.0175 0.06375
0 0.58875 0.30375 0.0175 0.0625
0 0.57 0.30375 0.015 0.06625
0 0.55125 0.3075 0.0175 0.05875
0 0.53375 0.30375 0.015 0.06375
0 0.5175 0.30375 0.01625 0.0625
0 0.49875 0.30125 0.0175 0.065
0 0.48 0.30125 0.01625 0.06375
0 0.48625 0.21625 0.0175 0.06125
0 0.4625 0.30125 0.01625 0.065
0 0.42375 0.3 0.0175 0.065
0 0.405 0.29875 0.0175 0.065
0 0.385 0.2975 0.01875 0.06625
0 0.365 0.29625 0.01625 0.06875
0 0.3475 0.295 0.0175 0.07
0 0.33 0.295 0.01625 0.065
0 0.3125 0.29375 0.01625 0.06375
0 0.44375 0.3 0.02 0.06375
0 0.4675 0.21625 0.0175 0.06375
0 0.64125 0.24625 0.07 0.015
0 0.43 0.21375 0.0175 0.0625
0 0.68125 0.38875 0.01875 0.065
0 0.6625 0.38875 0.01625 0.06375
0 0.64375 0.39125 0.01875 0.06125
0 0.62625 0.38875 0.0175 0.06625
0 0.19875 0.13875 0.0675 0.01375
0 0.27375 0.08875 0.07125 0.015
0 0.27125 0.10625 0.07375 0.015
0 0.2725 0.1225 0.07375 0.01625
0 0.2725 0.13875 0.07 0.01625
0 0.34875 0.08875 0.07 0.0175
0 0.3475 0.1075 0.0725 0.01625
0 0.3475 0.125 0.0725 0.01875
0 0.3475 0.14375 0.0725 0.0125
0 0.425 0.09375 0.0725 0.02
0 0.42375 0.1125 0.075 0.01375
0 0.7 0.38875 0.0175 0.06375
0 0.42375 0.12875 0.0725 0.01625
0 0.74625 0.38125 0.0675 0.0175
0 0.74625 0.41625 0.0675 0.0175
0 0.44875 0.21375 0.0175 0.06125
0 0.34 0.4525 0.075 0.01625
0 0.34125 0.4725 0.0725 0.0175
0 0.34 0.435 0.0725 0.015
0 0.2675 0.49 0.07 0.0175
0 0.26625 0.47 0.07 0.01625
0 0.2625 0.45125 0.075 0.0175
0 0.2625 0.43375 0.0775 0.0175
0 0.19125 0.48875 0.07625 0.015
0 0.19125 0.47 0.075 0.02
0 0.86125 0.40125 0.0275 0.04875
0 0.81375 0.42 0.06 0.00875
0 0.815 0.4075 0.05875 0.01125
0 0.81375 0.3925 0.06125 0.0125
0 0.81375 0.3775 0.06125 0.01125
0 0.74625 0.3975 0.06875 0.0125
0 0.425 0.1475 0.0725 0.01625
0 0.18875 0.45 0.06625 0.01625
0 0.5 0.11625 0.07375 0.0125
0 0.1975 0.18 0.06625 0.01875
0 0.1975 0.1975 0.06625 0.015
0 0.1975 0.21375 0.06625 0.01375
0 0.1975 0.22875 0.065 0.01125
0 0.26875 0.1775 0.07375 0.01875
0 0.27 0.19625 0.07375 0.01375
0 0.27 0.21375 0.07375 0.01375
0 0.27125 0.22875 0.0725 0.015
0 0.345 0.18125 0.0725 0.0225
0 0.345 0.2 0.075 0.01125
0 0.34625 0.215 0.07125 0.01375
0 0.345 0.2325 0.07375 0.01375
0 0.3925 0.21 0.0175 0.065
0 0.5 0.0975 0.0725 0.01875
0 0.41125 0.21 0.01625 0.06375
0 0.7875 0.2475 0.065 0.0175
0 0.78875 0.23 0.0675 0.015
0 0.3425 0.48875 0.07125 0.01375
0 0.805 0.16125 0.07125 0.0125
0 0.5 0.15 0.0675 0.0175
0 0.79125 0.2125 0.06875 0.015
0 0.5 0.1325 0.07 0.015
0 0.5775 0.12 0.0775 0.02125
0 0.57625 0.13875 0.075 0.0125
0 0.655 0.12375 0.075 0.01875
0 0.655 0.14125 0.075 0.01125
0 0.65375 0.155 0.07125 0.015
0 0.5775 0.15375 0.075 0.015
0 0.72875 0.14375 0.07125 0.01625
0 0.80625 0.1475 0.0775 0.015
0 0.73 0.16 0.06875 0.01375
0 0.71625 0.21125 0.07 0.01875
0 0.715 0.23 0.0725 0.01125
0 0.7125 0.245 0.07 0.015
0 0.73 0.125 0.07 0.01875
0 0.80625 0.1275 0.07625 0.02