0 0.855 0.635 0.03875 0.05625
0 0.855 0.70375 0.04 0.05375
0 0.81125 0.82 0.0675 0.06875
0 0.80625 0.89125 0.065 0.05125
0 0.73125 0.8875 0.06875 0.06875
0 0.66 0.83375 0.0625 0.06375
0 0.65125 0.89875 0.065 0.05625
0 0.7825 0.31 0.035 0.06375
0 0.72125 0.63875 0.06375 0.0525
0 0.3375 0.46125 0.05625 0.04375
0 0.8375 0.08875 0.07375 0.0575
0 0.7575 0.08375 0.08125 0.05875
0 0.6875 0.09625 0.04375 0.0325
0 0.645 0.0825 0.02875 0.0525
0 0.61125 0.08375 0.0275 0.045
0 0.56875 0.0775 0.0425 0.055
0 0.4975 0.02 0.085 0.03875
0 0.4975 0.0775 0.08875 0.06
0 0.41625 0.0725 0.0625 0.06
0 0.405 0.02 0.055 0.0325
0 0.325 0.10125 0.07875 0.05625
0 0.24 0.09875 0.07125 0.0525
0 0.33125 0.0475 0.075 0.05
0 0.24625 0.04625 0.075 0.05
0 0.16625 0.045 0.07875 0.05
0 0.1625 0.10125 0.07375 0.0425
0 0.79125 0.6425 0.0675 0.055
0 0.85 0.4 0.05 0.06625
0 0.7975 0.40125 0.045 0.06375
0 0.75 0.39875 0.045 0.0625
0 0.7025 0.39875 0.04375 0.065
0 0.65375 0.3975 0.045 0.06375
0 0.60375 0.3975 0.04875 0.0625
0 0.555 0.39375 0.0425 0.06875
0 0.5075 0.39375 0.04375 0.06125
0 0.8625 0.19 0.025 0.075
0 0.46 0.3925 0.05 0.06125
0 0.8225 0.19 0.03875 0.075
0 0.72875 0.18625 0.03875 0.07375
0 0.73625 0.2925 0.0475 0.09625
0 0.68625 0.29125 0.045 0.095
0 0.63875 0.29625 0.0425 0.08
0 0.5925 0.29 0.04375 0.0925
0 0.54625 0.28875 0.03625 0.09125
0 0.5025 0.3 0.04125 0.06875
0 0.4575 0.285 0.04 0.1025
0 0.4075 0.2825 0.045 0.09625
0 0.29625 0.33125 0.14 0.05
0 0.2975 0.385 0.1325 0.0525
0 0.185 0.3825 0.07625 0.05375
0 0.18125 0.32875 0.07125 0.045
0 0.3275 0.19 0.05625 0.05625
0 0.33125 0.25 0.06875 0.05625
0 0.25875 0.19625 0.0675 0.05125
0 0.25875 0.25125 0.06875 0.0475
0 0.175 0.2475 0.07625 0.04625
0 0.17875 0.1925 0.07125 0.05125
0 0.405 0.165 0.035 0.0825
0 0.45125 0.17125 0.04 0.08625
0 0.49625 0.1725 0.03875 0.08
0 0.54125 0.17375 0.04125 0.0825
0 0.58875 0.175 0.0375 0.07875
0 0.6325 0.18375 0.03875 0.06875
0 0.68125 0.185 0.045 0.07
0 0.775 0.1875 0.0425 0.075
0 0.265 0.465 0.06875 0.045
0 0.405 0.395 0.04875 0.0575
0 0.17375 0.51375 0.0975 0.0475
0 0.3425 0.585 0.06375 0.04875
0 0.19375 0.5875 0.0725 0.04625
0 0.19375 0.635 0.0725 0.045
0 0.13875 0.63375 0.02625 0.0375
0 0.83125 0.55625 0.04 0.06125
0 0.83875 0.4875 0.04125 0.06125
0 0.785 0.555 0.04375 0.05375
0 0.78625 0.49625 0.0475 0.05625
0 0.74 0.4925 0.04 0.05375
0 0.7375 0.555 0.0375 0.05875
0 0.69125 0.55125 0.0425 0.05875
0 0.645 0.555 0.04 0.0575
0 0.69625 0.485 0.04 0.06
0 0.6475 0.4875 0.04125 0.05875
0 0.5975 0.555 0.045 0.0575
0 0.54625 0.55875 0.045 0.0575
0 0.49875 0.55625 0.04375 0.0575
0 0.5975 0.49375 0.045 0.0575
0 0.55 0.49 0.04375 0.0575
0 0.49875 0.4925 0.045 0.0575
0 0.45 0.48875 0.045 0.0575
0 0.45125 0.55375 0.045 0.05625
0 0.40375 0.55 0.03875 0.05875
0 0.40375 0.48375 0.03875 0.065
0 0.335 0.51 0.06125 0.05
0 0.34125 0.6325 0.0625 0.045
0 0.17125 0.46375 0.0875 0.0475
0 0.14125 0.7425 0.03125 0.08125
0 0.195 0.72875 0.06875 0.0375
0 0.265 0.515 0.06625 0.0425
0 0.1425 0.90375 0.035 0.07625
0 0.2025 0.895 0.0675 0.08625
0 0.2775 0.89875 0.0625 0.075
0 0.35375 0.895 0.06375 0.085
0 0.425 0.82375 0.04875 0.065
0 0.4275 0.895 0.05375 0.05375
0 0.49625 0.905 0.06875 0.05375
0 0.5 0.835 0.08375 0.0775
0 0.58625 0.83375 0.065 0.06625
0 0.5775 0.9025 0.06125 0.05625
0 0.715 0.69875 0.06 0.05375
0 0.81875 0.315 0.02875 0.055
0 0.64375 0.7025 0.06875 0.05375
0 0.64875 0.6375 0.065 0.06
0 0.575 0.64375 0.06 0.0575
0 0.57125 0.7025 0.05625 0.0525
0 0.49875 0.70625 0.07125 0.05625
0 0.5025 0.64125 0.07375 0.05875
0 0.42625 0.64375 0.0675 0.0625
0 0.4225 0.7125 0.07375 0.05
0 0.34 0.72375 0.07 0.04625
0 0.34125 0.7725 0.0625 0.04
0 0.26875 0.77375 0.06625 0.0425
0 0.265 0.725 0.065 0.0375
0 0.19125 0.7725 0.06375 0.0425
0 0.85625 0.31375 0.0375 0.0575
0 0.7925 0.70375 0.065 0.05125