0 0.81 0.6375 0.0175 0.05625
0 0.78625 0.6375 0.0225 0.06
0 0.65375 0.76875 0.02 0.0475
0 0.62375 0.65125 0.03375 0.04875
0 0.6275 0.77125 0.02625 0.05125
0 0.415 0.4725 0.01625 0.07
0 0.38875 0.4775 0.03125 0.0575
0 0.65875 0.65125 0.02625 0.04875
0 0.71375 0.64375 0.02625 0.06125
0 0.8325 0.635 0.01875 0.055
0 0.5775 0.7625 0.02125 0.0725
0 0.14625 0.78125 0.0225 0.0775
0 0.18875 0.78 0.0225 0.0775
0 0.21125 0.77875 0.02 0.07875
0 0.2325 0.77625 0.01375 0.08125
0 0.25375 0.775 0.02125 0.08125
0 0.27625 0.7725 0.02 0.085
0 0.3 0.77375 0.0175 0.0825
0 0.6025 0.77125 0.02 0.04875
0 0.32 0.77125 0.01875 0.0825
0 0.3625 0.76875 0.0175 0.08375
0 0.385 0.77 0.02125 0.08125
0 0.40875 0.76625 0.0175 0.0825
0 0.43 0.76625 0.02125 0.08125
0 0.4725 0.76625 0.0175 0.08625
0 0.49375 0.76375 0.0175 0.08375
0 0.53875 0.76125 0.02375 0.07875
0 0.3425 0.77125 0.01625 0.08
0 0.76375 0.64 0.02 0.055
0 0.5225 0.47 0.01625 0.06125
0 0.64125 0.56625 0.01875 0.06125
0 0.48625 0.47 0.015 0.0675
0 0.25875 0.585 0.02125 0.05625
0 0.23625 0.58625 0.02 0.0575
0 0.50375 0.46875 0.01375 0.0675
0 0.59125 0.645 0.02875 0.06
0 0.82875 0.75 0.01625 0.0775
0 0.84625 0.75 0.015 0.0725
0 0.54375 0.47 0.0175 0.06
0 0.565 0.46875 0.0175 0.06375
0 0.58625 0.47125 0.01625 0.06125
0 0.605 0.46625 0.015 0.06375
0 0.62625 0.4675 0.01875 0.06125
0 0.6525 0.46625 0.02375 0.06125
0 0.67875 0.4575 0.02125 0.07
0 0.7075 0.45875 0.02625 0.07125
0 0.7425 0.45375 0.04 0.075
0 0.78875 0.45375 0.04625 0.0725
0 0.835 0.45125 0.04 0.07625
0 0.15625 0.58 0.0325 0.07
0 0.18625 0.58375 0.02375 0.0625
0 0.2125 0.58375 0.02125 0.0625
0 0.46875 0.46625 0.015 0.0725
0 0.45125 0.46875 0.015 0.06625
0 0.43375 0.46875 0.015 0.07125
0 0.8075 0.75125 0.01875 0.075
0 0.61875 0.56625 0.01875 0.06125
0 0.5925 0.565 0.01625 0.06
0 0.565 0.56625 0.0175 0.0575
0 0.54375 0.56875 0.01875 0.06375
0 0.515 0.56875 0.0225 0.065
0 0.48875 0.57 0.01875 0.0575
0 0.4675 0.57375 0.01875 0.06
0 0.44625 0.5675 0.015 0.05625
0 0.4275 0.56875 0.01625 0.05375
0 0.40375 0.57375 0.01625 0.06
0 0.6725 0.565 0.0375 0.05375
0 0.38375 0.5675 0.0175 0.0625
0 0.3425 0.57875 0.02 0.0625
0 0.32125 0.58 0.015 0.0625
0 0.3025 0.5825 0.02 0.06
0 0.28 0.57875 0.0175 0.06625
0 0.67875 0.77 0.02125 0.04875
0 0.7025 0.7675 0.0225 0.04875
0 0.72875 0.76625 0.02375 0.0525
0 0.75125 0.75375 0.01375 0.0775
0 0.7675 0.7525 0.01625 0.075
0 0.7875 0.75125 0.0175 0.0775
0 0.3625 0.58625 0.01375 0.04875
0 0.56125 0.66125 0.0225 0.01875
0 0.68875 0.64375 0.01875 0.05875
0 0.3525 0.655 0.01375 0.05625
0 0.47375 0.37125 0.035 0.055
0 0.54625 0.355 0.035 0.08
0 0.58375 0.35625 0.03 0.07625
0 0.66 0.355 0.0425 0.07625
0 0.70375 0.3525 0.04 0.07875
0 0.74875 0.34875 0.045 0.07375
0 0.8475 0.345 0.04625 0.0725
0 0.70375 0.5625 0.0175 0.05875
0 0.73 0.56 0.0225 0.06375
0 0.75125 0.55875 0.01875 0.05875
0 0.77125 0.56 0.0175 0.05875
0 0.7925 0.55875 0.015 0.05875
0 0.81375 0.56 0.02125 0.06125
0 0.8375 0.555 0.02125 0.06
0 0.14375 0.6675 0.01625 0.06
0 0.17 0.66875 0.03 0.055
0 0.1975 0.66625 0.02125 0.0575
0 0.43875 0.36375 0.025 0.07625
0 0.22125 0.6625 0.02125 0.05625
0 0.35 0.3725 0.03625 0.0625
0 0.255 0.36375 0.07125 0.0825
0 0.165 0.2175 0.045 0.1175
0 0.21125 0.23125 0.03875 0.0875
0 0.255 0.22 0.04 0.11
0 0.29875 0.21875 0.04125 0.11
0 0.345 0.21875 0.0425 0.10625
0 0.3925 0.20125 0.045 0.13875
0 0.44625 0.19625 0.05125 0.13875
0 0.49875 0.2 0.04625 0.1375
0 0.55125 0.1975 0.04625 0.13375
0 0.60125 0.1975 0.045 0.135
0 0.65375 0.19 0.04875 0.15125
0 0.70375 0.19375 0.04375 0.13625
0 0.7525 0.18375 0.04875 0.15
0 0.8 0.18375 0.03875 0.15125
0 0.845 0.18625 0.04625 0.14625
0 0.155 0.375 0.03625 0.065
0 0.19375 0.37375 0.03375 0.07
0 0.31 0.37125 0.03 0.07125
0 0.24375 0.65875 0.015 0.05375
0 0.79625 0.34375 0.04 0.08625
0 0.28375 0.66375 0.02 0.05125
0 0.34 0.65625 0.0125 0.05875
0 0.3525 0.47625 0.0325 0.0625
0 0.36875 0.6525 0.01125 0.055
0 0.3925 0.66625 0.0325 0.03875
0 0.43125 0.665 0.03625 0.03375
0 0.53 0.64875 0.03625 0.0575
0 0.23375 0.48875 0.0175 0.04875
0 0.255 0.47875 0.02125 0.06875
0 0.14625 0.48875 0.015 0.06125
0 0.31625 0.4775 0.0325 0.06375
0 0.2125 0.4875 0.01875 0.055
0 0.19125 0.48875 0.01875 0.055
0 0.2625 0.66125 0.015 0.06125
0 0.16875 0.49375 0.0225 0.0425
0 0.32125 0.6625 0.015 0.06
0 0.30375 0.66125 0.01875 0.06
0 0.2825 0.48375 0.0275 0.05375