0 0.63875 0.865 0.045 0.08125
0 0.40875 0.2775 0.0475 0.1175
0 0.31 0.1025 0.05375 0.14
0 0.74 0.66 0.045 0.03125
0 0.79375 0.72125 0.045 0.08125
0 0.7425 0.71875 0.04375 0.08375
0 0.69125 0.745 0.0425 0.025
0 0.69125 0.71375 0.04375 0.02875
0 0.69125 0.68375 0.04375 0.02625
0 0.6225 0.7175 0.0825 0.08875
0 0.55 0.71375 0.04625 0.0875
0 0.5 0.7125 0.04625 0.085
0 0.45375 0.74125 0.0425 0.02625
0 0.40625 0.74125 0.03875 0.03125
0 0.45375 0.71125 0.0425 0.02875
0 0.40875 0.7125 0.04125 0.0275
0 0.45125 0.6825 0.0425 0.025
0 0.40625 0.68125 0.04 0.0275
0 0.45625 0.64875 0.04375 0.02875
0 0.395 0.65 0.04875 0.0275
0 0.21375 0.7425 0.04125 0.0275
0 0.2125 0.7125 0.045 0.02625
0 0.25875 0.74125 0.04125 0.0275
0 0.2575 0.71125 0.04125 0.0275
0 0.2075 0.68375 0.045 0.02625
0 0.35625 0.715 0.04625 0.0825
0 0.30625 0.7125 0.05 0.0875
0 0.25625 0.67875 0.04625 0.0275
0 0.8 0.6625 0.04875 0.02875
0 0.205 0.6525 0.04375 0.0325
0 0.84625 0.72125 0.04625 0.07875
0 0.7775 0.86625 0.045 0.085
0 0.5875 0.865 0.04625 0.08125
0 0.49625 0.83125 0.04125 0.03
0 0.54 0.835 0.04 0.02625
0 0.49625 0.86125 0.03875 0.025
0 0.54 0.8625 0.04125 0.02375
0 0.4975 0.89 0.03875 0.025
0 0.54 0.8925 0.0375 0.02625
0 0.43375 0.7975 0.08375 0.025
0 0.43625 0.85125 0.075 0.07125
0 0.315 0.8025 0.045 0.0275
0 0.36625 0.8075 0.04875 0.02625
0 0.36875 0.86125 0.04875 0.07625
0 0.3175 0.86125 0.04625 0.08125
0 0.215 0.83625 0.0475 0.0275
0 0.26625 0.83625 0.0475 0.02375
0 0.26875 0.895 0.04375 0.02875
0 0.215 0.865 0.0475 0.025
0 0.22375 0.895 0.0425 0.02625
0 0.68375 0.89125 0.03875 0.025
0 0.68625 0.86375 0.04125 0.02375
0 0.685 0.83625 0.04125 0.02625
0 0.72625 0.8925 0.04125 0.02375
0 0.73 0.86375 0.04125 0.02625
0 0.73 0.83625 0.04 0.02375
0 0.71875 0.79875 0.0475 0.035
0 0.8275 0.8675 0.04625 0.08375
0 0.25375 0.10125 0.055 0.1375
0 0.21 0.56 0.04 0.11875
0 0.30125 0.56125 0.03375 0.1175
0 0.3025 0.2725 0.06 0.1225
0 0.35875 0.27625 0.04625 0.11875
0 0.61375 0.7975 0.04875 0.0375
0 0.45875 0.27875 0.04625 0.11875
0 0.5075 0.285 0.04 0.10625
0 0.555 0.2775 0.04625 0.12
0 0.60375 0.2775 0.045 0.12
0 0.65 0.2775 0.04125 0.1175
0 0.6975 0.27625 0.04375 0.12
0 0.7475 0.275 0.045 0.12
0 0.7925 0.275 0.0325 0.11875
0 0.8425 0.1 0.05125 0.1375
0 0.78875 0.1075 0.0425 0.13125
0 0.74375 0.1 0.0425 0.14125
0 0.695 0.10125 0.05 0.1375
0 0.6525 0.1125 0.02375 0.1175
0 0.625 0.11375 0.02875 0.1175
0 0.595 0.1125 0.02875 0.11875
0 0.565 0.1125 0.03 0.12
0 0.535 0.1125 0.0275 0.1175
0 0.50625 0.1125 0.02625 0.11625
0 0.47375 0.11625 0.03125 0.11
0 0.44125 0.11625 0.03 0.11125
0 0.40875 0.11625 0.03 0.1125
0 0.365 0.10625 0.05125 0.1375
0 0.2475 0.2725 0.04375 0.12125
0 0.255 0.56 0.045 0.11375
0 0.1975 0.27125 0.0425 0.1225
0 0.2475 0.4225 0.04375 0.12625
0 0.34375 0.56125 0.04375 0.1175
0 0.38875 0.55875 0.04 0.12125
0 0.43125 0.56 0.0425 0.1175
0 0.4775 0.55875 0.035 0.12
0 0.52 0.56 0.04125 0.115
0 0.5725 0.5575 0.055 0.11125
0 0.62625 0.56 0.04 0.12
0 0.675 0.56 0.04125 0.1175
0 0.7225 0.5625 0.03875 0.11875
0 0.7675 0.5625 0.045 0.12125
0 0.85875 0.565 0.0325 0.11875
0 0.8125 0.5625 0.0425 0.12375
0 0.85625 0.4275 0.0175 0.11875
0 0.81875 0.42625 0.0425 0.12875
0 0.7725 0.4275 0.04375 0.125
0 0.72875 0.4275 0.0375 0.12375
0 0.685 0.42625 0.04 0.12
0 0.63125 0.4275 0.055 0.125
0 0.575 0.42375 0.04625 0.12375
0 0.53375 0.425 0.03625 0.125
0 0.49 0.425 0.0425 0.12375
0 0.445 0.4275 0.0425 0.1225
0 0.395 0.42625 0.05375 0.115
0 0.34 0.42375 0.045 0.12625
0 0.29625 0.42375 0.0375 0.12375
0 0.2025 0.42625 0.0425 0.125
0 0.2 0.10125 0.0475 0.1425
0 0.26875 0.865 0.04125 0.025