0 0.59375 0.4275 0.02 0.0375
0 0.57875 0.5225 0.02875 0.03125
0 0.6175 0.52625 0.0175 0.0575
0 0.65375 0.53125 0.02125 0.05125
0 0.69375 0.5175 0.0275 0.02375
0 0.725 0.51875 0.0225 0.02125
0 0.2325 0.57875 0.01375 0.035
0 0.3125 0.60625 0.025 0.0525
0 0.67625 0.43375 0.02875 0.03125
0 0.285 0.605 0.025 0.05875
0 0.25125 0.5825 0.01625 0.0375
0 0.75375 0.51875 0.02875 0.0225
0 0.69 0.545 0.025 0.025
0 0.72125 0.54875 0.0225 0.025
0 0.75125 0.54625 0.02875 0.0275
0 0.245 0.55125 0.01625 0.01625
0 0.7025 0.43375 0.025 0.03125
0 0.445 0.52375 0.01625 0.0225
0 0.735 0.4075 0.02625 0.01625
0 0.34125 0.6075 0.0225 0.0575
0 0.57375 0.55 0.025 0.01625
0 0.54875 0.55 0.01875 0.01625
0 0.54875 0.5225 0.0225 0.03
0 0.52625 0.53 0.0175 0.055
0 0.50875 0.52625 0.01375 0.05875
0 0.47625 0.495 0.02 0.02125
0 0.735 0.43625 0.03 0.02625
0 0.4825 0.53375 0.03 0.04375
0 0.415 0.5225 0.02625 0.065
0 0.34375 0.52 0.02625 0.06875
0 0.30875 0.51875 0.02875 0.07125
0 0.2775 0.51875 0.0175 0.07
0 0.23625 0.45375 0.02 0.00875
0 0.24125 0.4875 0.01875 0.04875
0 0.7675 0.43375 0.02625 0.0275
0 0.44625 0.5475 0.0175 0.02
0 0.36875 0.60375 0.01625 0.05875
0 0.28375 0.77 0.0225 0.0625
0 0.4175 0.61375 0.02 0.04625
0 0.5225 0.7625 0.0175 0.01875
0 0.5475 0.77375 0.0175 0.01625
0 0.54375 0.79375 0.025 0.0175
0 0.52 0.795 0.01875 0.01375
0 0.49625 0.79375 0.01875 0.01375
0 0.495 0.775 0.02125 0.01625
0 0.4675 0.7775 0.03125 0.05
0 0.56875 0.78125 0.01625 0.04375
0 0.42875 0.7675 0.0275 0.05
0 0.4025 0.785 0.02 0.0325
0 0.38375 0.78125 0.01375 0.03875
0 0.36 0.79 0.01875 0.0225
0 0.33625 0.7725 0.02 0.05625
0 0.31125 0.78375 0.0175 0.0325
0 0.3125 0.75125 0.015 0.02625
0 0.57125 0.42625 0.01875 0.0425
0 0.4025 0.75 0.0175 0.0175
0 0.68125 0.68 0.025 0.015
0 0.59125 0.7725 0.0175 0.06125
0 0.635 0.77375 0.02 0.06625
0 0.50375 0.35 0.01375 0.0575
0 0.48625 0.35625 0.01375 0.05
0 0.46875 0.35625 0.01625 0.04875
0 0.4525 0.3575 0.01375 0.04875
0 0.43625 0.3525 0.015 0.05875
0 0.42375 0.3525 0.01 0.06
0 0.405 0.32125 0.025 0.00625
0 0.61375 0.77 0.01875 0.055
0 0.405 0.355 0.025 0.055
0 0.2875 0.34375 0.065 0.07
0 0.23875 0.3825 0.0175 0.065
0 0.2375 0.28625 0.0225 0.05625
0 0.71625 0.79375 0.02375 0.02
0 0.71875 0.7725 0.02375 0.01625
0 0.66375 0.79375 0.025 0.0225
0 0.66375 0.77375 0.02625 0.01625
0 0.35625 0.3475 0.065 0.06875
0 0.39125 0.605 0.01875 0.0625
0 0.715 0.68375 0.0275 0.02
0 0.68625 0.71125 0.02625 0.02125
0 0.49125 0.6325 0.03 0.03
0 0.46375 0.62375 0.01625 0.06125
0 0.445 0.62125 0.01625 0.05
0 0.47375 0.69625 0.025 0.0475
0 0.44375 0.69875 0.02125 0.045
0 0.4175 0.70875 0.02125 0.01625
0 0.41875 0.685 0.02 0.02
0 0.565 0.6175 0.02625 0.01875
0 0.39125 0.7125 0.02375 0.0225
0 0.37 0.69625 0.0125 0.0475
0 0.35375 0.695 0.01625 0.0425
0 0.33375 0.70125 0.01875 0.0375
0 0.2975 0.69375 0.04875 0.05
0 0.2525 0.66375 0.02375 0.05875
0 0.22625 0.66875 0.015 0.0625
0 0.41375 0.58125 0.02125 0.015
0 0.39125 0.68875 0.02 0.02
0 0.71625 0.70875 0.025 0.02125
0 0.565 0.6425 0.02375 0.0175
0 0.6225 0.61875 0.01875 0.04875
0 0.58 0.715 0.01875 0.0175
0 0.58125 0.69375 0.02 0.02125
0 0.55625 0.6925 0.01875 0.01875
0 0.55625 0.7125 0.0225 0.01625
0 0.53125 0.69125 0.02125 0.0175
0 0.53 0.71125 0.025 0.0175
0 0.51125 0.69625 0.01 0.0475
0 0.5925 0.63125 0.02125 0.03125
0 0.49625 0.69625 0.015 0.04625
0 0.71875 0.64 0.02875 0.025
0 0.68625 0.6375 0.02125 0.0225
0 0.6575 0.64 0.0275 0.02375
0 0.7475 0.61 0.025 0.02625
0 0.71625 0.6075 0.025 0.0225
0 0.68875 0.61 0.02375 0.02625
0 0.6575 0.61 0.02625 0.02625
0 0.74625 0.63875 0.025 0.025
0 0.5475 0.42375 0.02125 0.0375
0 0.63 0.425 0.0375 0.04
0 0.50125 0.425 0.0175 0.04
0 0.74875 0.3525 0.0275 0.05625
0 0.725 0.36875 0.0225 0.02625
0 0.72375 0.33625 0.025 0.0275
0 0.695 0.34625 0.02375 0.07125
0 0.66875 0.3475 0.02 0.07125
0 0.64375 0.3475 0.0225 0.0675
0 0.6175 0.345 0.02375 0.07
0 0.58375 0.37125 0.03125 0.02125
0 0.555 0.3725 0.02625 0.02
0 0.74625 0.75875 0.025 0.02625
0 0.77375 0.3375 0.01375 0.0275
0 0.74375 0.7925 0.02375 0.0275
0 0.34125 0.83 0.03625 0.0125
0 0.2875 0.86875 0.03875 0.0175
0 0.33 0.86625 0.03375 0.02
0 0.38 0.8575 0.0425 0.025
0 0.42875 0.8375 0.0375 0.02
0 0.61625 0.83875 0.0325 0.02625
0 0.67375 0.865 0.0375 0.03375
0 0.725 0.86375 0.03625 0.03625
0 0.7575 0.85125 0.015 0.0525
0 0.775 0.85375 0.0125 0.05375
0 0.29625 0.8325 0.0375 0.01375
0 0.525 0.42375 0.01875 0.03625
0 0.76125 0.30625 0.0325 0.03125
0 0.305 0.4225 0.0175 0.0475
0 0.3875 0.43375 0.0225 0.0275
0 0.77375 0.36875 0.015 0.03125
0 0.58625 0.34625 0.0275 0.02125
0 0.55625 0.34625 0.02875 0.02375
0 0.525 0.34875 0.025 0.025
0 0.4125 0.42125 0.01875 0.0425
0 0.45375 0.41 0.01625 0.02375
0 0.4475 0.4375 0.02125 0.0225
0 0.52625 0.3725 0.02625 0.0175
0 0.47 0.4225 0.0125 0.04375
0 0.48625 0.42125 0.01375 0.045
0 0.3275 0.4325 0.02375 0.025
0 0.35875 0.43125 0.0275 0.025