0 0.5475 0.605 0.0275 0.09625
0 0.575 0.60375 0.02125 0.09875
0 0.60125 0.6025 0.025 0.095
0 0.345 0.735 0.035 0.095
0 0.62875 0.60375 0.025 0.09625
0 0.18875 0.4825 0.05625 0.05875
0 0.7975 0.3875 0.045 0.1
0 0.74 0.385 0.0625 0.105
0 0.68 0.38625 0.05 0.105
0 0.6175 0.39 0.0475 0.10375
0 0.465 0.39625 0.05 0.1075
0 0.40125 0.38625 0.06125 0.0975
0 0.25 0.485 0.0425 0.05375
0 0.34375 0.38375 0.0475 0.105
0 0.23375 0.38875 0.0575 0.1
0 0.175 0.3875 0.0525 0.10125
0 0.8 0.2725 0.05625 0.1
0 0.7425 0.275 0.05125 0.1
0 0.6825 0.2775 0.055 0.1025
0 0.62875 0.27875 0.04375 0.1025
0 0.5775 0.27625 0.05125 0.10875
0 0.29125 0.3875 0.0525 0.10125
0 0.30625 0.48 0.05125 0.07125
0 0.3675 0.47875 0.0575 0.07
0 0.43375 0.5 0.0425 0.03875
0 0.4775 0.60625 0.05375 0.0975
0 0.43625 0.60125 0.02375 0.1075
0 0.4075 0.6025 0.025 0.11
0 0.38 0.605 0.025 0.10125
0 0.34875 0.6075 0.03125 0.1025
0 0.32 0.60625 0.02625 0.105
0 0.28875 0.60625 0.02875 0.09625
0 0.2575 0.60875 0.03125 0.09625
0 0.21625 0.60875 0.0325 0.10125
0 0.18125 0.60875 0.03375 0.1
0 0.14625 0.61 0.02875 0.09625
0 0.79 0.47625 0.04625 0.065
0 0.74 0.475 0.05 0.06875
0 0.69 0.4775 0.045 0.0725
0 0.64125 0.47875 0.0425 0.0675
0 0.5625 0.4675 0.035 0.07
0 0.495 0.48375 0.065 0.06375
0 0.51875 0.605 0.025 0.09875
0 0.655 0.60375 0.02625 0.095
0 0.52375 0.28 0.045 0.115
0 0.71375 0.6 0.03 0.10125
0 0.78875 0.725 0.02875 0.1
0 0.7575 0.725 0.02875 0.1
0 0.725 0.7275 0.02375 0.09875
0 0.69375 0.72875 0.0325 0.09625
0 0.66625 0.73 0.02125 0.095
0 0.64 0.72875 0.02375 0.095
0 0.615 0.72875 0.025 0.09375
0 0.5875 0.73125 0.02625 0.09375
0 0.55875 0.73 0.0275 0.09625
0 0.5175 0.73 0.05 0.09875
0 0.475 0.73 0.02875 0.10125
0 0.435 0.72875 0.03625 0.1075
0 0.40125 0.72875 0.0225 0.11
0 0.14 0.7425 0.03 0.09375
0 0.175 0.74625 0.03375 0.08375
0 0.21125 0.74625 0.03 0.085
0 0.245 0.73375 0.0325 0.1075
0 0.27625 0.72625 0.02875 0.0925
0 0.30875 0.72875 0.03 0.08625
0 0.14125 0.88125 0.0325 0.0575
0 0.68375 0.60375 0.025 0.09625
0 0.1775 0.87875 0.0325 0.0675
0 0.245 0.85625 0.03625 0.1
0 0.74375 0.6 0.025 0.10375
0 0.77125 0.59875 0.02625 0.09875
0 0.795 0.595 0.01875 0.0925
0 0.375 0.73 0.01875 0.10625
0 0.7775 0.84625 0.0425 0.09375
0 0.7325 0.8475 0.04625 0.0975
0 0.68625 0.855 0.03625 0.08125
0 0.6425 0.85125 0.04 0.09375
0 0.60625 0.84875 0.025 0.095
0 0.56625 0.87625 0.0425 0.045
0 0.57 0.8275 0.045 0.04875
0 0.52375 0.85125 0.0275 0.1
0 0.4925 0.865 0.03125 0.07
0 0.4625 0.85375 0.02625 0.09625
0 0.43125 0.8525 0.03125 0.095
0 0.3975 0.855 0.03125 0.09875
0 0.36 0.87375 0.03125 0.06625
0 0.325 0.87 0.03125 0.06875
0 0.28625 0.85625 0.04 0.09875
0 0.21125 0.85875 0.02625 0.09625
0 0.46375 0.28 0.04625 0.11
0 0.745 0.10625 0.06375 0.05875
0 0.74 0.185 0.05375 0.05875
0 0.14625 0.14125 0.04125 0.1
0 0.2375 0.155 0.04875 0.08625
0 0.285 0.10625 0.0475 0.05875
0 0.34 0.11375 0.05125 0.06
0 0.3975 0.10875 0.05625 0.07125
0 0.45875 0.1125 0.05375 0.07875
0 0.79375 0.185 0.04625 0.05875
0 0.575 0.10375 0.04125 0.06625
0 0.63 0.11 0.05375 0.0625
0 0.68375 0.11125 0.04875 0.05875
0 0.8025 0.11 0.0475 0.05125
0 0.52 0.115 0.055 0.07375
0 0.22 0.27125 0.06375 0.0875
0 0.28875 0.265 0.05375 0.1
0 0.3475 0.27375 0.04375 0.09125
0 0.4 0.28125 0.05125 0.1025
0 0.29375 0.18 0.06125 0.05875
0 0.355 0.1875 0.05125 0.06625
0 0.41 0.19 0.055 0.0675
0 0.52125 0.185 0.0525 0.0675
0 0.625 0.185 0.0525 0.06125
0 0.68125 0.18625 0.05625 0.06
0 0.15375 0.27375 0.05625 0.10375