0 0.2875 0.6075 0.0175 0.08
0 0.615 0.24 0.02 0.1375
0 0.64125 0.2475 0.02875 0.12
0 0.66875 0.24625 0.02375 0.125
0 0.69625 0.24375 0.02875 0.14625
0 0.72875 0.24375 0.03125 0.14125
0 0.7625 0.24 0.03125 0.14
0 0.7925 0.25125 0.02625 0.11
0 0.825 0.25375 0.035 0.1125
0 0.86 0.2475 0.03 0.13875
0 0.575 0.6975 0.02375 0.10125
0 0.545 0.68625 0.02125 0.10125
0 0.52 0.68 0.025 0.10125
0 0.49125 0.67375 0.025 0.09875
0 0.59375 0.23875 0.0175 0.14
0 0.46625 0.6625 0.02125 0.095
0 0.40125 0.6425 0.02375 0.09375
0 0.37125 0.63 0.03125 0.085
0 0.33625 0.625 0.025 0.09
0 0.3075 0.6175 0.0175 0.0875
0 0.345 0.765 0.0225 0.08625
0 0.265 0.605 0.0175 0.08375
0 0.245 0.605 0.01875 0.065
0 0.225 0.59375 0.0125 0.08125
0 0.205 0.58625 0.01875 0.08375
0 0.185 0.58125 0.01625 0.08375
0 0.16625 0.57625 0.015 0.07375
0 0.14625 0.57 0.0175 0.0825
0 0.13125 0.5675 0.01125 0.08625
0 0.435 0.655 0.02875 0.09
0 0.57125 0.24 0.0225 0.13125
0 0.55 0.24125 0.01625 0.13375
0 0.5275 0.24 0.01875 0.1325
0 0.60625 0.70375 0.0275 0.09625
0 0.41875 0.38875 0.01875 0.09
0 0.3925 0.37875 0.02375 0.0875
0 0.3625 0.3775 0.02375 0.09125
0 0.33625 0.37375 0.01875 0.09875
0 0.31125 0.3825 0.01375 0.0725
0 0.29125 0.37375 0.01375 0.08125
0 0.26875 0.3825 0.01375 0.05625
0 0.25 0.3825 0.01625 0.05
0 0.23375 0.38125 0.0125 0.055
0 0.21625 0.3775 0.0175 0.06125
0 0.19875 0.3575 0.01375 0.085
0 0.17875 0.355 0.01125 0.09
0 0.18125 0.23375 0.01125 0.1
0 0.195 0.23375 0.0125 0.10125
0 0.21125 0.23625 0.01375 0.10375
0 0.2275 0.235 0.01375 0.10875
0 0.24375 0.235 0.01375 0.1075
0 0.2625 0.2375 0.0175 0.11125
0 0.27875 0.2375 0.01375 0.11125
0 0.2975 0.23625 0.01625 0.1125
0 0.32 0.23875 0.02 0.1075
0 0.34375 0.24 0.01875 0.10625
0 0.3675 0.245 0.02 0.09875
0 0.3975 0.2425 0.03125 0.10375
0 0.43625 0.24875 0.02875 0.09
0 0.46375 0.25125 0.02 0.095
0 0.4875 0.24 0.02 0.1275
0 0.50875 0.2425 0.0175 0.13
0 0.14125 0.46625 0.01875 0.0825
0 0.6375 0.7175 0.03 0.10375
0 0.165 0.46875 0.02375 0.09875
0 0.21 0.48 0.025 0.09375
0 0.2525 0.72625 0.02 0.08625
0 0.23375 0.71375 0.01625 0.1
0 0.2125 0.71 0.01375 0.08125
0 0.19625 0.7025 0.0125 0.0775
0 0.175 0.69875 0.0175 0.0725
0 0.155 0.69 0.015 0.085
0 0.135 0.68375 0.01875 0.08125
0 0.16125 0.35375 0.015 0.0875
0 0.1475 0.35125 0.01 0.0825
0 0.165 0.235 0.01625 0.10625
0 0.14375 0.24625 0.01375 0.08125
0 0.6225 0.5675 0.0275 0.1
0 0.58625 0.56375 0.03625 0.0975
0 0.27625 0.73625 0.02125 0.08375
0 0.5525 0.55875 0.025 0.09
0 0.48875 0.54 0.02375 0.10375
0 0.45875 0.5375 0.0275 0.0975
0 0.4275 0.52875 0.025 0.09125
0 0.39875 0.52625 0.02125 0.09125
0 0.365 0.50875 0.03125 0.11
0 0.33 0.4975 0.02375 0.10375
0 0.30375 0.4975 0.01875 0.10125
0 0.28125 0.495 0.0175 0.0925
0 0.48125 0.8175 0.03125 0.09125
0 0.45 0.80375 0.03 0.09875
0 0.4225 0.8025 0.01875 0.08625
0 0.39625 0.78625 0.0225 0.09
0 0.37125 0.7775 0.02 0.0825
0 0.525 0.545 0.02875 0.09375
0 0.2975 0.745 0.01625 0.07875
0 0.4475 0.3875 0.02875 0.1
0 0.48375 0.3925 0.02625 0.1025
0 0.23125 0.4875 0.01625 0.09625
0 0.25625 0.4925 0.02 0.0975
0 0.70875 0.7375 0.0375 0.1025
0 0.76625 0.7375 0.03625 0.1
0 0.82125 0.76125 0.0625 0.11125
0 0.76875 0.92375 0.0575 0.115
0 0.71375 0.90375 0.0475 0.11
0 0.83 0.9325 0.05375 0.12375
0 0.67375 0.895 0.02625 0.09375
0 0.3225 0.75125 0.01875 0.09125
0 0.64 0.88625 0.035 0.09625
0 0.60875 0.87 0.025 0.10125
0 0.57625 0.8625 0.025 0.09875
0 0.5425 0.84875 0.0225 0.10125
0 0.5125 0.8375 0.025 0.095
0 0.70625 0.42 0.045 0.11875
0 0.75875 0.41125 0.0425 0.15625
0 0.80875 0.4125 0.03125 0.14125
0 0.8475 0.43 0.0375 0.13875
0 0.8275 0.605 0.03375 0.13
0 0.77875 0.5975 0.035 0.12375
0 0.73 0.595 0.03625 0.11
0 0.69 0.58375 0.03875 0.105
0 0.65625 0.57875 0.02375 0.1125
0 0.66375 0.41875 0.0325 0.10625
0 0.62375 0.41 0.0375 0.11375
0 0.58125 0.4025 0.03375 0.1025
0 0.5475 0.39875 0.02625 0.1
0 0.51625 0.395 0.02875 0.10375
0 0.1875 0.47875 0.015 0.10125
0 0.6725 0.72125 0.03125 0.10625