0 0.76125 0.84 0.0575 0.0775
0 0.305 0.825 0.03375 0.07
0 0.36625 0.81 0.03375 0.0475
0 0.42125 0.825 0.0325 0.07125
0 0.4525 0.825 0.0275 0.06875
0 0.4925 0.82125 0.025 0.0625
0 0.51625 0.82 0.02375 0.0625
0 0.275 0.82125 0.0225 0.065
0 0.5375 0.815 0.0175 0.05
0 0.5925 0.8325 0.02625 0.07375
0 0.62125 0.84 0.02875 0.07625
0 0.54375 0.545 0.0375 0.0675
0 0.61125 0.53875 0.04125 0.075
0 0.6525 0.54625 0.03375 0.0725
0 0.57625 0.535 0.02625 0.05875
0 0.55625 0.80875 0.01625 0.05125
0 0.82875 0.535 0.07625 0.0575
0 0.23375 0.8325 0.05625 0.07125
0 0.8 0.75875 0.0575 0.05125
0 0.43125 0.355 0.025 0.07375
0 0.4 0.35625 0.03625 0.0725
0 0.3625 0.35625 0.03625 0.06625
0 0.3225 0.355 0.04375 0.0675
0 0.27625 0.355 0.03625 0.06625
0 0.24 0.35625 0.0325 0.06
0 0.1725 0.83875 0.05125 0.07875
0 0.1975 0.34125 0.04875 0.09
0 0.6075 0.76 0.03875 0.035
0 0.64625 0.76 0.035 0.0325
0 0.68375 0.76 0.03375 0.03125
0 0.73625 0.75625 0.06875 0.055
0 0.14875 0.35 0.04625 0.07125
0 0.82125 0.26625 0.06875 0.0575
0 0.56875 0.76 0.03625 0.035
0 0.69625 0.83875 0.06875 0.0675
0 0.1475 0.63625 0.03125 0.08375
0 0.205 0.6525 0.025 0.05125
0 0.3 0.735 0.03375 0.0825
0 0.38 0.725 0.03125 0.0625
0 0.41 0.72625 0.02875 0.06625
0 0.44 0.735 0.02875 0.07875
0 0.46875 0.735 0.02625 0.07875
0 0.495 0.735 0.02625 0.0775
0 0.26875 0.7325 0.02625 0.07875
0 0.53 0.70875 0.03375 0.03
0 0.6 0.7175 0.03375 0.03125
0 0.64 0.70625 0.03625 0.02375
0 0.64125 0.7325 0.03625 0.025
0 0.3475 0.71375 0.02875 0.04125
0 0.53 0.76375 0.0375 0.0325
0 0.82 0.84 0.05875 0.07375
0 0.56625 0.71875 0.03375 0.03
0 0.1775 0.64 0.025 0.0775
0 0.24 0.72875 0.0275 0.0775
0 0.53875 0.61 0.04 0.03375
0 0.245 0.6425 0.0525 0.0675
0 0.2975 0.64125 0.05125 0.0675
0 0.3425 0.645 0.03625 0.06625
0 0.38 0.645 0.0375 0.06625
0 0.41625 0.65375 0.0325 0.05125
0 0.45125 0.65375 0.0325 0.0525
0 0.15625 0.73375 0.03625 0.08375
0 0.495 0.65 0.0375 0.0525
0 0.575 0.65375 0.0425 0.0475
0 0.64875 0.83875 0.025 0.07125
0 0.64875 0.6575 0.03625 0.04625
0 0.6875 0.65875 0.03625 0.04375
0 0.7425 0.675 0.07125 0.05625
0 0.81625 0.6775 0.07375 0.05625
0 0.53375 0.65125 0.03875 0.04875
0 0.61375 0.645 0.0325 0.05
0 0.2075 0.45 0.035 0.0675
0 0.7425 0.40375 0.0275 0.03125
0 0.495 0.53875 0.05625 0.07875
0 0.79125 0.3625 0.04875 0.0625
0 0.735 0.58375 0.03375 0.04
0 0.71125 0.5425 0.0275 0.04
0 0.68375 0.51875 0.0275 0.0375
0 0.7575 0.50875 0.03125 0.03375
0 0.7425 0.46375 0.0375 0.03625
0 0.15625 0.25 0.04625 0.06875
0 0.20125 0.24875 0.045 0.07
0 0.81125 0.0825 0.06125 0.1
0 0.7575 0.08875 0.0425 0.09375
0 0.715 0.08 0.03625 0.10375
0 0.6775 0.07875 0.0375 0.105
0 0.63625 0.07875 0.04375 0.10375
0 0.5925 0.0825 0.0425 0.095
0 0.44625 0.5375 0.03875 0.07875
0 0.40125 0.53875 0.0525 0.08
0 0.35625 0.53875 0.03625 0.08
0 0.30625 0.53875 0.06125 0.08
0 0.24625 0.45 0.04 0.06875
0 0.28875 0.4525 0.0425 0.065
0 0.3275 0.445 0.03375 0.08375
0 0.28875 0.40875 0.03875 0.0225
0 0.36375 0.44375 0.0325 0.0825
0 0.39625 0.44375 0.03625 0.08
0 0.4325 0.445 0.0375 0.08
0 0.55 0.08125 0.03875 0.08875
0 0.48125 0.44375 0.05875 0.0825
0 0.57625 0.45 0.04375 0.0725
0 0.62125 0.4525 0.04 0.07375
0 0.785 0.44875 0.04625 0.0625
0 0.8425 0.44875 0.065 0.0625
0 0.16625 0.5375 0.04 0.08
0 0.21125 0.5375 0.0475 0.08125
0 0.255 0.5375 0.03875 0.0825
0 0.53125 0.45125 0.0375 0.06875
0 0.5125 0.11125 0.0375 0.03
0 0.46375 0.07625 0.05125 0.03875
0 0.68125 0.48125 0.05125 0.0375
0 0.53 0.255 0.04125 0.07
0 0.58 0.2325 0.055 0.11625
0 0.63875 0.2325 0.05875 0.115
0 0.6975 0.23875 0.05625 0.11
0 0.75625 0.2375 0.06 0.1075
0 0.23625 0.1025 0.0725 0.0375
0 0.1725 0.0725 0.0525 0.0275
0 0.49 0.2525 0.03875 0.0725
0 0.1725 0.1025 0.0525 0.03
0 0.16375 0.44 0.0525 0.0875
0 0.49625 0.35375 0.0325 0.07375
0 0.55 0.3475 0.06875 0.08625
0 0.60125 0.35375 0.035 0.075
0 0.63875 0.35375 0.03625 0.07625
0 0.69875 0.3675 0.03375 0.07125
0 0.7475 0.35875 0.03375 0.04
0 0.4625 0.35 0.03375 0.075
0 0.675 0.44375 0.04625 0.03625
0 0.44 0.2375 0.05625 0.1025
0 0.345 0.25375 0.0475 0.06625
0 0.46375 0.1125 0.045 0.0275
0 0.4225 0.04 0.0425 0.0325
0 0.41875 0.09125 0.0375 0.0675
0 0.3675 0.0675 0.03875 0.01875
0 0.375 0.09 0.03625 0.01875
0 0.33 0.0675 0.03125 0.01875
0 0.33625 0.08625 0.03375 0.0175
0 0.39 0.25 0.0375 0.07375
0 0.3825 0.11125 0.035 0.02125
0 0.2975 0.11 0.035 0.0225
0 0.29625 0.08625 0.03875 0.02375
0 0.23125 0.04 0.07125 0.035
0 0.23625 0.07125 0.0625 0.025
0 0.255 0.24 0.0525 0.0925
0 0.3 0.25375 0.03375 0.06
0 0.3025 0.21125 0.035 0.02375
0 0.345 0.11 0.04 0.0225
0 0.845 0.36375 0.05875 0.06125