0 0.4075 0.59625 0.0275 0.07
0 0.43375 0.59875 0.02375 0.06875
0 0.3475 0.375 0.01625 0.0475
0 0.35375 0.60125 0.02 0.06875
0 0.33125 0.6025 0.02625 0.07125
0 0.3275 0.37125 0.025 0.04
0 0.28875 0.53625 0.04375 0.1175
0 0.28875 0.38875 0.05125 0.0925
0 0.77 0.24125 0.02 0.06875
0 0.36625 0.37 0.0125 0.06125
0 0.46 0.59875 0.03125 0.06875
0 0.38625 0.3725 0.025 0.06375
0 0.4075 0.3725 0.015 0.0575
0 0.43625 0.3725 0.0325 0.065
0 0.74625 0.2425 0.02125 0.065
0 0.72 0.24 0.02875 0.06875
0 0.69125 0.235 0.02625 0.085
0 0.66 0.23125 0.03375 0.0775
0 0.6275 0.23125 0.02125 0.0825
0 0.7225 0.4675 0.035 0.07875
0 0.7475 0.46625 0.01375 0.075
0 0.76875 0.47125 0.025 0.08
0 0.37875 0.59875 0.02875 0.06375
0 0.5275 0.6075 0.0525 0.05125
0 0.7325 0.6075 0.0475 0.05375
0 0.60375 0.595 0.04125 0.0625
0 0.32625 0.71625 0.02875 0.07375
0 0.355 0.71625 0.02625 0.07
0 0.38 0.71375 0.025 0.065
0 0.405 0.71 0.02625 0.075
0 0.4325 0.71 0.02625 0.0675
0 0.455 0.715 0.0225 0.075
0 0.48625 0.715 0.03375 0.07125
0 0.54625 0.71375 0.0225 0.07
0 0.5725 0.7175 0.02875 0.0575
0 0.6 0.7125 0.02875 0.07375
0 0.26125 0.11625 0.06625 0.02125
0 0.57 0.5975 0.025 0.06875
0 0.25 0.1425 0.05625 0.0325
0 0.27875 0.30625 0.05875 0.055
0 0.3325 0.21625 0.0375 0.03625
0 0.36875 0.21625 0.03625 0.03375
0 0.41375 0.22625 0.03875 0.0275
0 0.33125 0.255 0.035 0.04125
0 0.3675 0.2525 0.03 0.0375
0 0.77125 0.59625 0.01875 0.06875
0 0.465 0.375 0.0175 0.055
0 0.7325 0.55625 0.0575 0.0425
0 0.69625 0.60125 0.01875 0.05375
0 0.68 0.605 0.01375 0.05
0 0.25375 0.1925 0.05375 0.03625
0 0.49 0.3825 0.03125 0.03
0 0.76625 0.37625 0.02875 0.04875
0 0.56125 0.38625 0.0325 0.03125
0 0.40125 0.83 0.0275 0.07875
0 0.37375 0.83625 0.025 0.08125
0 0.34875 0.84875 0.02 0.07875
0 0.325 0.84125 0.0225 0.08875
0 0.305 0.81875 0.025 0.09625
0 0.27875 0.825 0.02625 0.09625
0 0.22625 0.69375 0.00875 0.02875
0 0.24375 0.69 0.02375 0.01875
0 0.29125 0.66625 0.035 0.025
0 0.29625 0.64125 0.05 0.0225
0 0.29 0.6075 0.04125 0.03375
0 0.52375 0.385 0.0325 0.03375
0 0.27375 0.73875 0.0225 0.03
0 0.255 0.81 0.02375 0.08125
0 0.755 0.7125 0.0375 0.05625
0 0.7275 0.715 0.015 0.065
0 0.705 0.71375 0.03 0.0625
0 0.4025 0.25625 0.0375 0.03875
0 0.44625 0.2425 0.0225 0.06125
0 0.47 0.24125 0.0225 0.055
0 0.49875 0.245 0.03375 0.06
0 0.52625 0.245 0.02125 0.0525
0 0.6 0.23125 0.02625 0.08625
0 0.68625 0.7175 0.01 0.06
0 0.67 0.71875 0.01875 0.0575
0 0.65125 0.7175 0.02 0.06625
0 0.6275 0.71375 0.02125 0.065
0 0.43875 0.84375 0.04125 0.03125
0 0.50125 0.79125 0.05125 0.02875
0 0.2975 0.735 0.0225 0.0325
0 0.54625 0.475 0.02125 0.065
0 0.73375 0.38125 0.03125 0.04125
0 0.655 0.475 0.035 0.05875
0 0.69375 0.365 0.02625 0.07875
0 0.6625 0.38 0.03125 0.05
0 0.63 0.37875 0.035 0.05
0 0.595 0.38 0.03 0.0525
0 0.49125 0.47375 0.0225 0.065
0 0.69125 0.46875 0.02625 0.0825
0 0.625 0.4775 0.02 0.05875
0 0.6 0.47875 0.02625 0.06125
0 0.57125 0.4775 0.02375 0.06625
0 0.4075 0.47375 0.0425 0.06625
0 0.4675 0.4725 0.02875 0.065
0 0.76375 0.83 0.03125 0.08375
0 0.735 0.83375 0.02375 0.08125
0 0.70625 0.83 0.02 0.07625
0 0.68125 0.83875 0.025 0.065
0 0.64875 0.85125 0.04875 0.04125
0 0.59875 0.84875 0.04125 0.03375
0 0.56 0.845 0.03375 0.0475
0 0.53125 0.81875 0.01875 0.03125
0 0.49 0.85625 0.0475 0.02
0 0.49125 0.8225 0.0525 0.02625
0 0.52125 0.475 0.02625 0.07