0 0.4 0.58375 0.04 0.0175
0 0.35625 0.58125 0.04125 0.0175
0 0.445 0.58375 0.0425 0.0175
0 0.48875 0.5625 0.03875 0.02
0 0.48875 0.5825 0.0375 0.01625
0 0.53125 0.565 0.04 0.0125
0 0.53125 0.5825 0.03875 0.01625
0 0.5775 0.58125 0.0425 0.02375
0 0.62 0.5775 0.04125 0.0275
0 0.5475 0.48875 0.045 0.065
0 0.3325 0.78375 0.02875 0.04125
0 0.50375 0.87625 0.02 0.02125
0 0.5575 0.86875 0.0275 0.0425
0 0.59 0.8725 0.03375 0.03375
0 0.62 0.87375 0.02125 0.0325
0 0.67 0.58 0.04625 0.03
0 0.64125 0.86 0.01625 0.0625
0 0.6625 0.8425 0.01625 0.01625
0 0.68125 0.8325 0.015 0.0125
0 0.65875 0.87 0.01375 0.035
0 0.67375 0.87125 0.0125 0.03875
0 0.69375 0.86 0.01875 0.03875
0 0.7175 0.8575 0.015 0.04375
0 0.73625 0.86625 0.01625 0.05
0 0.76 0.85625 0.02125 0.05375
0 0.655 0.4825 0.05625 0.01375
0 0.62375 0.72375 0.0525 0.02875
0 0.6675 0.71125 0.025 0.0275
0 0.665 0.7325 0.02625 0.0125
0 0.6975 0.71125 0.0275 0.02625
0 0.72875 0.71375 0.025 0.02875
0 0.75625 0.72375 0.0175 0.04375
0 0.655 0.4975 0.055 0.015
0 0.655 0.51375 0.0525 0.01125
0 0.71125 0.51 0.05625 0.0175
0 0.755 0.4925 0.02 0.055
0 0.4825 0.8775 0.01875 0.0125
0 0.29375 0.79 0.04 0.0275
0 0.5275 0.8575 0.02375 0.06
0 0.61625 0.4925 0.01375 0.0525
0 0.365 0.78375 0.03125 0.04125
0 0.4175 0.785 0.03125 0.04625
0 0.23625 0.865 0.01875 0.03125
0 0.26 0.865 0.02125 0.035
0 0.285 0.8675 0.0225 0.03625
0 0.31 0.86375 0.02 0.0375
0 0.335 0.8625 0.02375 0.0375
0 0.36125 0.8625 0.02 0.04
0 0.385 0.8625 0.025 0.0425
0 0.41375 0.86125 0.02625 0.0525
0 0.44875 0.86125 0.03875 0.05125
0 0.48 0.85875 0.0125 0.02
0 0.4025 0.56375 0.04125 0.0175
0 0.35625 0.56375 0.04125 0.015
0 0.3125 0.575 0.0375 0.0275
0 0.265 0.6275 0.04875 0.01375
0 0.27 0.61375 0.0425 0.0075
0 0.27 0.59875 0.045 0.01625
0 0.2675 0.5825 0.04625 0.01
0 0.27125 0.57 0.0425 0.01125
0 0.28125 0.55375 0.04625 0.015
0 0.27625 0.53625 0.04375 0.01125
0 0.27875 0.52 0.0475 0.015
0 0.58125 0.49125 0.01875 0.0575
0 0.6 0.49125 0.01375 0.06125
0 0.49875 0.85375 0.0175 0.0225
0 0.71875 0.58625 0.0425 0.01625
0 0.25125 0.7925 0.03875 0.02375
0 0.76125 0.56375 0.03875 0.02
0 0.355 0.39375 0.0325 0.05625
0 0.315 0.38625 0.045 0.0375
0 0.23 0.445 0.0175 0.02125
0 0.285 0.43625 0.0525 0.05625
0 0.23125 0.42125 0.0225 0.0225
0 0.2725 0.35375 0.01625 0.04625
0 0.2575 0.35375 0.01125 0.04625
0 0.7675 0.29375 0.02625 0.05875
0 0.73375 0.29 0.03 0.065
0 0.69375 0.2825 0.0475 0.0825
0 0.63625 0.28375 0.06 0.08125
0 0.59375 0.285 0.01625 0.08125
0 0.5725 0.28375 0.0225 0.07875
0 0.54125 0.2825 0.03625 0.07875
0 0.49875 0.28 0.04 0.08625
0 0.455 0.2575 0.04375 0.1275
0 0.4075 0.25625 0.04125 0.13
0 0.35875 0.2475 0.045 0.13875
0 0.30875 0.245 0.04375 0.1425
0 0.25875 0.2725 0.04875 0.04875
0 0.415 0.09875 0.03875 0.02
0 0.37875 0.09875 0.02875 0.0175
0 0.3475 0.09875 0.0275 0.01625
0 0.3825 0.075 0.03375 0.025
0 0.34875 0.07375 0.02875 0.03
0 0.3 0.09125 0.0575 0.0275
0 0.30625 0.06375 0.05 0.0225
0 0.3875 0.39625 0.02875 0.0525
0 0.24 0.08 0.01875 0.045
0 0.42 0.39625 0.03 0.0525
0 0.4825 0.39375 0.0275 0.05875
0 0.47375 0.48625 0.015 0.06375
0 0.45375 0.48375 0.02 0.065
0 0.4325 0.485 0.01875 0.065
0 0.4125 0.485 0.01625 0.065
0 0.395 0.49 0.01375 0.05125
0 0.38125 0.49 0.01125 0.0525
0 0.365 0.4875 0.015 0.05625
0 0.3475 0.485 0.01375 0.06
0 0.32375 0.50125 0.02125 0.0275
0 0.32125 0.475 0.02875 0.01875
0 0.28125 0.49875 0.05375 0.02125
0 0.28 0.47875 0.0475 0.015
0 0.23375 0.5175 0.02 0.02625
0 0.765 0.395 0.0275 0.0625
0 0.735 0.39875 0.02625 0.05125
0 0.71125 0.3975 0.01625 0.06
0 0.6925 0.4075 0.0125 0.0375
0 0.68 0.4075 0.0125 0.03375
0 0.665 0.40375 0.01375 0.04375
0 0.64875 0.40125 0.01375 0.0425
0 0.6275 0.39375 0.02 0.06125
0 0.6075 0.3925 0.0175 0.0625
0 0.58625 0.3925 0.01875 0.0625
0 0.56625 0.3875 0.015 0.07375
0 0.5475 0.38625 0.0175 0.075
0 0.5275 0.3925 0.015 0.0575
0 0.5075 0.39375 0.01875 0.05875
0 0.45125 0.3875 0.02875 0.06875
0 0.23125 0.59625 0.02375 0.02875
0 0.72625 0.735 0.02625 0.00875
0 0.77 0.79375 0.02125 0.03125
0 0.7575 0.6475 0.025 0.045
0 0.67875 0.625 0.03375 0.02625
0 0.71375 0.78875 0.025 0.03375
0 0.66875 0.79375 0.01625 0.02
0 0.62 0.7875 0.025 0.03
0 0.64625 0.785 0.0225 0.02875
0 0.59 0.795 0.025 0.03
0 0.53875 0.7825 0.03125 0.04625
0 0.49125 0.7825 0.03 0.04375
0 0.46 0.78875 0.02375 0.03
0 0.49375 0.485 0.02 0.0625
0 0.6375 0.62875 0.03125 0.02375
0 0.60375 0.6275 0.03125 0.025
0 0.565 0.62 0.025 0.025
0 0.53375 0.62375 0.0275 0.0275
0 0.5025 0.62125 0.03375 0.0225
0 0.46625 0.62125 0.03 0.0275
0 0.4325 0.62 0.03125 0.025
0 0.39875 0.6225 0.0325 0.02125
0 0.35875 0.65375 0.04125 0.015
0 0.36 0.63375 0.04125 0.015
0 0.31625 0.6525 0.04 0.01375
0 0.31625 0.635 0.0425 0.01875
0 0.2625 0.67 0.04375 0.01375
0 0.26375 0.65375 0.045 0.01625
0 0.22625 0.6575 0.01375 0.055
0 0.7625 0.58625 0.03625 0.0175
0 0.72 0.66 0.04375 0.015
0 0.6775 0.655 0.03125 0.025
0 0.64125 0.655 0.0325 0.025
0 0.5675 0.65 0.03 0.02625
0 0.74375 0.79125 0.02625 0.03625
0 0.5225 0.725 0.0275 0.025
0 0.49625 0.7275 0.02125 0.02125
0 0.46875 0.72125 0.0225 0.0275
0 0.44125 0.72125 0.02375 0.02625
0 0.415 0.72 0.0225 0.0275
0 0.38625 0.72125 0.0225 0.02375
0 0.36125 0.72125 0.02125 0.0225
0 0.33375 0.72125 0.025 0.02125
0 0.3075 0.72125 0.02625 0.02125
0 0.58125 0.715 0.02375 0.0425
0 0.55375 0.715 0.02375 0.04125
0 0.5275 0.70125 0.02375 0.02125
0 0.71625 0.56875 0.04125 0.01375
0 0.4975 0.695 0.025 0.025
0 0.44375 0.6925 0.02375 0.02125
0 0.415 0.6925 0.02375 0.02125
0 0.38875 0.695 0.025 0.0225
0 0.36 0.69625 0.0225 0.0225
0 0.335 0.6975 0.0225 0.0225
0 0.30875 0.69375 0.02625 0.03
0 0.27125 0.7175 0.04 0.0325
0 0.235 0.7175 0.02875 0.03625
0 0.5325 0.6525 0.03375 0.025
0 0.4975 0.65 0.03 0.02875
0 0.465 0.65 0.03 0.02625
0 0.43 0.65125 0.03375 0.02625
0 0.3975 0.6475 0.03 0.02625
0 0.47 0.69375 0.025 0.02375
0 0.23125 0.56375 0.02125 0.0275
0 0.7725 0.72125 0.01375 0.0475
0 0.695 0.7325 0.025 0.01375