0 0.6375 0.58375 0.0175 0.0375
0 0.61625 0.3425 0.03125 0.11625
0 0.6625 0.76125 0.01125 0.0075
0 0.685 0.5925 0.01625 0.03125
0 0.65375 0.585 0.01375 0.0325
0 0.6525 0.3425 0.0375 0.12
0 0.66875 0.5875 0.015 0.0375
0 0.6875 0.34 0.03125 0.125
0 0.79625 0.3325 0.03875 0.1375
0 0.7575 0.33625 0.03625 0.13
0 0.705 0.59625 0.01875 0.04
0 0.49375 0.455 0.0425 0.09
0 0.55 0.47375 0.02 0.0975
0 0.5275 0.47 0.0225 0.1
0 0.8925 0.5125 0.03 0.15
0 0.8525 0.51 0.04875 0.14625
0 0.81 0.5075 0.03625 0.15125
0 0.77375 0.50125 0.035 0.1375
0 0.7425 0.5 0.02375 0.14
0 0.7175 0.49375 0.025 0.12
0 0.69 0.49125 0.0275 0.12625
0 0.65875 0.48 0.0275 0.11375
0 0.60875 0.4775 0.03875 0.1125
0 0.75125 0.665 0.02 0.04625
0 0.775 0.67 0.0225 0.04
0 0.795 0.675 0.0175 0.05125
0 0.82 0.68125 0.025 0.04125
0 0.86625 0.68625 0.02625 0.0525
0 0.89 0.68875 0.02125 0.04625
0 0.5775 0.48 0.02625 0.10375
0 0.89375 0.3275 0.05125 0.1525
0 0.47125 0.36 0.0525 0.09625
0 0.84125 0.3275 0.0425 0.145
0 0.72 0.34125 0.035 0.1275
0 0.7225 0.60375 0.01625 0.03125
0 0.7225 0.8475 0.04 0.04625
0 0.7625 0.6075 0.0175 0.04
0 0.535 0.605 0.01375 0.02875
0 0.57625 0.5775 0.015 0.0325
0 0.55875 0.57375 0.015 0.035
0 0.54375 0.575 0.0125 0.03125
0 0.77125 0.85875 0.04625 0.03125
0 0.53125 0.57125 0.01125 0.0375
0 0.475 0.54875 0.04875 0.0775
0 0.48625 0.725 0.03125 0.04125
0 0.515 0.73125 0.02 0.03625
0 0.7425 0.6075 0.02 0.0425
0 0.54 0.74875 0.0275 0.03375
0 0.6075 0.78 0.03125 0.0475
0 0.57125 0.76375 0.02875 0.04
0 0.60875 0.735 0.03375 0.03375
0 0.5725 0.7225 0.02875 0.04125
0 0.5425 0.7125 0.02625 0.035
0 0.61125 0.695 0.035 0.0425
0 0.57625 0.68 0.02875 0.0425
0 0.54375 0.67 0.03 0.04625
0 0.4975 0.64125 0.0475 0.08875
0 0.67875 0.82 0.03875 0.0475
0 0.6425 0.8025 0.035 0.04125
0 0.67875 0.77125 0.035 0.0425
0 0.6425 0.75375 0.03625 0.04625
0 0.65875 0.7125 0.0425 0.04375
0 0.54625 0.6075 0.00875 0.0225
0 0.55875 0.6125 0.01375 0.0325
0 0.51625 0.7 0.02125 0.02
0 0.53 0.34625 0.0375 0.105
0 0.60625 0.62 0.01375 0.04125
0 0.57625 0.615 0.0175 0.03375
0 0.635 0.63 0.015 0.0425
0 0.65 0.635 0.015 0.0325
0 0.66625 0.64 0.015 0.04375
0 0.685 0.64625 0.02125 0.03375
0 0.70375 0.65 0.01625 0.04375
0 0.725 0.65375 0.02375 0.0375
0 0.72125 0.74375 0.04375 0.05625
0 0.7725 0.765 0.04625 0.05875
0 0.8275 0.78625 0.055 0.0625
0 0.88125 0.8075 0.0425 0.06
0 0.62 0.6275 0.01375 0.035
0 0.77 0.8175 0.05125 0.04625
0 0.72 0.79625 0.04125 0.0475
0 0.56125 0.35125 0.025 0.09625
0 0.53875 0.1975 0.025 0.13375
0 0.56875 0.1925 0.0325 0.125
0 0.60375 0.19 0.03375 0.12875
0 0.51 0.205 0.03125 0.11875
0 0.67625 0.18125 0.0375 0.11125
0 0.71875 0.17625 0.04125 0.0975
0 0.7625 0.175 0.045 0.09875
0 0.80625 0.16875 0.035 0.08
0 0.82625 0.84125 0.055 0.0475
0 0.63875 0.185 0.03125 0.1175