0 0.5325 0.3975 0.0525 0.02875
0 0.41875 0.39625 0.0475 0.0325
0 0.47125 0.3975 0.05 0.03
0 0.52375 0.3525 0.045 0.03875
0 0.62375 0.3525 0.0475 0.04
0 0.5725 0.35 0.04375 0.04375
0 0.46 0.35125 0.0475 0.04375
0 0.4125 0.3525 0.045 0.045
0 0.3625 0.3975 0.05875 0.0275
0 0.5875 0.39625 0.045 0.025
0 0.675 0.5975 0.03375 0.02375
0 0.69125 0.39875 0.035 0.02625
0 0.69125 0.36 0.04375 0.04875
0 0.6975 0.465 0.03 0.04125
0 0.68375 0.50375 0.04 0.0275
0 0.6775 0.565 0.0375 0.03625
0 0.67875 0.6575 0.04 0.0325
0 0.67625 0.68875 0.04 0.02375
0 0.35625 0.3525 0.05625 0.0475
0 0.6675 0.75 0.03375 0.035
0 0.6375 0.395 0.045 0.0275
0 0.61625 0.85625 0.04375 0.02
0 0.8175 0.695 0.0325 0.045
0 0.57 0.83125 0.045 0.025
0 0.6675 0.7775 0.03875 0.01375
0 0.73625 0.65 0.03625 0.04375
0 0.78125 0.65 0.03 0.05125
0 0.82125 0.64875 0.0325 0.0425
0 0.85875 0.64125 0.0225 0.04
0 0.855 0.69375 0.02875 0.0475
0 0.77625 0.69625 0.03125 0.035
0 0.73625 0.69125 0.04 0.03
0 0.725 0.7275 0.03625 0.03
0 0.6175 0.83125 0.04375 0.025
0 0.77125 0.73125 0.035 0.02875
0 0.85125 0.745 0.0375 0.04
0 0.84875 0.7875 0.0375 0.03625
0 0.7675 0.7675 0.03375 0.0325
0 0.725 0.76375 0.035 0.03375
0 0.80125 0.80875 0.03 0.03625
0 0.76375 0.805 0.03125 0.035
0 0.71875 0.80375 0.03625 0.03625
0 0.66125 0.83125 0.0325 0.02625
0 0.655 0.85625 0.02875 0.0175
0 0.81125 0.73125 0.0325 0.01875
0 0.35625 0.4675 0.0575 0.0425
0 0.52125 0.78125 0.04875 0.02
0 0.465 0.465 0.05375 0.04375
0 0.4675 0.65875 0.0475 0.03375
0 0.4175 0.66 0.0475 0.03625
0 0.62 0.6575 0.045 0.03
0 0.625 0.69 0.045 0.0225
0 0.5725 0.65625 0.045 0.0325
0 0.57375 0.69125 0.045 0.02125
0 0.5225 0.6575 0.0525 0.0375
0 0.5225 0.6925 0.0525 0.02375
0 0.37 0.7825 0.05375 0.02125
0 0.46625 0.69125 0.04625 0.02
0 0.4225 0.7825 0.04375 0.02
0 0.57 0.77875 0.0425 0.0175
0 0.61875 0.78 0.04625 0.015
0 0.6175 0.74875 0.04375 0.02875
0 0.5725 0.74875 0.04125 0.02875
0 0.52375 0.75 0.045 0.03125
0 0.46625 0.75 0.04875 0.03125
0 0.41875 0.75 0.04625 0.03
0 0.36375 0.7475 0.05375 0.03125
0 0.745 0.60125 0.04 0.045
0 0.46875 0.78125 0.04375 0.01875
0 0.4175 0.6925 0.03875 0.01875
0 0.3675 0.69625 0.05 0.0225
0 0.36375 0.6625 0.05375 0.0325
0 0.53 0.46625 0.05375 0.035
0 0.5825 0.46375 0.04875 0.03875
0 0.63625 0.46375 0.0525 0.0425
0 0.6325 0.5025 0.04875 0.02375
0 0.5825 0.5025 0.04375 0.025
0 0.53 0.50375 0.05375 0.025
0 0.4675 0.5025 0.05 0.02375
0 0.415 0.50375 0.045 0.0275
0 0.36 0.50375 0.0625 0.025
0 0.63 0.56375 0.04375 0.035
0 0.6275 0.6 0.0475 0.0275
0 0.5775 0.60125 0.0475 0.0275
0 0.58 0.5625 0.0425 0.03875
0 0.52875 0.56375 0.05375 0.035
0 0.525 0.60125 0.0525 0.02875
0 0.46625 0.60125 0.04625 0.0225
0 0.415 0.60125 0.04625 0.02375
0 0.36 0.6025 0.05875 0.02375
0 0.3625 0.5675 0.05375 0.0375
0 0.4175 0.56625 0.0475 0.0325
0 0.46875 0.56625 0.04875 0.03625
0 0.41125 0.465 0.04375 0.04
0 0.78625 0.6 0.03125 0.05
0 0.8075 0.765 0.0325 0.03375
0 0.86125 0.60125 0.01625 0.03125
0 0.23625 0.90375 0.0325 0.0325
0 0.1975 0.90875 0.035 0.035
0 0.15 0.9 0.035 0.025
0 0.3125 0.8675 0.03625 0.0375
0 0.27 0.86375 0.0325 0.035
0 0.2325 0.8675 0.0375 0.0325
0 0.19 0.8675 0.035 0.0325
0 0.14625 0.86625 0.03125 0.0325
0 0.145 0.82875 0.0275 0.03625
0 0.185 0.8275 0.03875 0.0375
0 0.22625 0.83125 0.0325 0.03625
0 0.26625 0.825 0.0375 0.03125
0 0.30875 0.82625 0.04125 0.03375
0 0.14 0.78875 0.02125 0.04
0 0.17625 0.7875 0.03875 0.03625
0 0.22 0.7875 0.03625 0.045
0 0.26125 0.785 0.03875 0.03625
0 0.305 0.78375 0.0425 0.0375
0 0.3625 0.83625 0.0525 0.02875
0 0.41625 0.835 0.04 0.02875
0 0.46375 0.83625 0.04875 0.02875
0 0.27375 0.8975 0.0325 0.025
0 0.37 0.8675 0.05 0.02125
0 0.3225 0.905 0.03625 0.03
0 0.68125 0.31 0.075 0.0425
0 0.3425 0.195 0.04625 0.045
0 0.3525 0.2425 0.0475 0.035
0 0.35625 0.2825 0.04625 0.0325
0 0.31375 0.285 0.03 0.04
0 0.4025 0.1975 0.0525 0.04375
0 0.40625 0.24375 0.045 0.04
0 0.41 0.28 0.04875 0.03
0 0.46125 0.2825 0.04625 0.02375
0 0.46 0.24375 0.045 0.0425
0 0.4575 0.19625 0.0475 0.045
0 0.50875 0.2 0.0475 0.045
0 0.5125 0.24375 0.04625 0.04
0 0.5125 0.27875 0.0475 0.0225
0 0.56375 0.28125 0.04125 0.02
0 0.615 0.27875 0.04125 0.01875
0 0.61375 0.245 0.04625 0.03875
0 0.615 0.1975 0.04625 0.04375
0 0.56125 0.2 0.04875 0.04375
0 0.66625 0.19625 0.04125 0.04375
0 0.66125 0.24 0.03625 0.0375
0 0.675 0.27625 0.04125 0.015
0 0.8025 0.3025 0.06625 0.04625
0 0.42125 0.865 0.04 0.02125
0 0.56125 0.24375 0.0475 0.04
0 0.5225 0.865 0.04125 0.02125
0 0.20875 0.71125 0.0425 0.04375
0 0.25 0.69375 0.03125 0.05625
0 0.3 0.70625 0.03875 0.04125
0 0.71125 0.88875 0.03 0.03125
0 0.75375 0.8875 0.03125 0.0275
0 0.795 0.885 0.02875 0.0275
0 0.82875 0.6025 0.035 0.0425
0 0.84 0.86625 0.0275 0.03375
0 0.8425 0.8275 0.03125 0.035
0 0.8 0.84625 0.03625 0.03125
0 0.75875 0.84875 0.0325 0.04375
0 0.76 0.43625 0.035 0.08625
0 0.80875 0.435 0.0325 0.07625
0 0.84375 0.435 0.03 0.07
0 0.83625 0.50375 0.03125 0.045
0 0.7975 0.5025 0.0325 0.0475
0 0.75125 0.505 0.0375 0.045
0 0.74125 0.5525 0.04 0.04125
0 0.7925 0.55 0.03125 0.045
0 0.83 0.555 0.0325 0.04625
0 0.4675 0.865 0.045 0.02125
0 0.1675 0.71 0.03625 0.04125
0 0.1625 0.665 0.04125 0.04625
0 0.72 0.84875 0.03625 0.045
0 0.15625 0.61625 0.04125 0.0475
0 0.52375 0.83375 0.0475 0.02875
0 0.20375 0.665 0.03375 0.03875
0 0.13875 0.75 0.0175 0.03125
0 0.17375 0.74875 0.04125 0.0275
0 0.21375 0.75 0.035 0.025
0 0.255 0.74 0.03375 0.0325
0 0.3 0.7475 0.03875 0.03125
0 0.18875 0.4375 0.0375 0.09125
0 0.22875 0.41875 0.03125 0.085
0 0.28125 0.435 0.0425 0.085
0 0.285 0.51125 0.04875 0.06
0 0.1475 0.4375 0.03 0.08
0 0.19 0.51 0.0375 0.04125
0 0.235 0.5025 0.03875 0.0675
0 0.15125 0.5625 0.0375 0.05375
0 0.195 0.5625 0.04125 0.05875
0 0.23875 0.56625 0.03625 0.04875
0 0.285 0.565 0.04 0.0375
0 0.2875 0.615 0.0425 0.03625
0 0.2875 0.66375 0.04125 0.035
0 0.15 0.5075 0.03375 0.04625
0 0.24375 0.6275 0.04 0.065
0 0.20125 0.61875 0.03625 0.0475