0 0.49 0.77875 0.025 0.06
0 0.715 0.64625 0.02375 0.07625
0 0.74375 0.755 0.0275 0.08125
0 0.71625 0.7575 0.0275 0.0775
0 0.52125 0.68 0.03125 0.065
0 0.43375 0.69 0.035 0.07125
0 0.465 0.69125 0.02375 0.07
0 0.37 0.6925 0.03 0.0675
0 0.7425 0.64125 0.0275 0.08625
0 0.52 0.7775 0.03125 0.0625
0 0.48875 0.685 0.025 0.06
0 0.145 0.67125 0.0325 0.0725
0 0.40625 0.60875 0.0275 0.06625
0 0.2025 0.66125 0.02625 0.075
0 0.2325 0.66375 0.03125 0.0725
0 0.2675 0.6625 0.03375 0.0775
0 0.2975 0.66375 0.02375 0.08
0 0.35625 0.60875 0.02125 0.0775
0 0.37875 0.6125 0.0225 0.07
0 0.43 0.6075 0.01875 0.06625
0 0.5075 0.60125 0.0325 0.07375
0 0.535 0.605 0.02125 0.0675
0 0.71375 0.2725 0.0175 0.065
0 0.7375 0.27 0.0275 0.07125
0 0.46125 0.785 0.03 0.07
0 0.76 0.27 0.01875 0.0825
0 0.175 0.66625 0.02375 0.08125
0 0.43 0.7875 0.03125 0.06875
0 0.46875 0.2575 0.0275 0.0625
0 0.3675 0.79125 0.03125 0.075
0 0.7825 0.27375 0.0175 0.07125
0 0.18625 0.24375 0.02875 0.06125
0 0.21375 0.2425 0.0225 0.0575
0 0.235 0.24375 0.0225 0.055
0 0.26125 0.245 0.02125 0.06125
0 0.28125 0.2475 0.01875 0.055
0 0.34125 0.255 0.02125 0.07
0 0.365 0.25625 0.02375 0.0675
0 0.39 0.25125 0.02375 0.0675
0 0.41625 0.255 0.025 0.06625
0 0.4425 0.255 0.025 0.06875
0 0.4975 0.25875 0.02125 0.06625
0 0.5275 0.2575 0.03625 0.065
0 0.7925 0.7475 0.07625 0.1775
0 0.705 0.91875 0.07875 0.13125
0 0.14875 0.76 0.02875 0.0675
0 0.17875 0.755 0.03 0.07
0 0.2075 0.75375 0.03 0.0725
0 0.2425 0.75125 0.035 0.0725
0 0.27125 0.74375 0.02 0.065
0 0.30125 0.74 0.03625 0.07375
0 0.1375 0.8325 0.02375 0.055
0 0.16625 0.8325 0.03 0.055
0 0.20125 0.82875 0.04 0.06
0 0.235 0.82125 0.025 0.0525
0 0.2675 0.81875 0.03125 0.0575
0 0.29875 0.82 0.03 0.06375
0 0.39875 0.7925 0.03125 0.07125
0 0.805 0.2725 0.02625 0.07875
0 0.5 0.43125 0.025 0.07
0 0.8525 0.27875 0.02875 0.05625
0 0.52375 0.515 0.025 0.06875
0 0.395 0.43125 0.02375 0.08
0 0.42 0.4325 0.025 0.075
0 0.45 0.43 0.02875 0.07625
0 0.47625 0.43125 0.0225 0.07125
0 0.1575 0.24625 0.0275 0.0575
0 0.52375 0.43 0.02125 0.0725
0 0.135 0.32375 0.01875 0.0625
0 0.16125 0.325 0.0275 0.05375
0 0.18875 0.325 0.02625 0.0525
0 0.2125 0.325 0.0225 0.05375
0 0.2375 0.325 0.0275 0.0575
0 0.2675 0.3225 0.02875 0.0575
0 0.2925 0.325 0.02125 0.0525
0 0.14 0.40375 0.0275 0.06125
0 0.17 0.40625 0.0275 0.06125
0 0.19375 0.40375 0.02 0.05875
0 0.21625 0.405 0.0225 0.0575
0 0.24125 0.4025 0.0225 0.05875
0 0.27 0.405 0.03375 0.055
0 0.29625 0.4025 0.01375 0.0525
0 0.38625 0.35 0.02625 0.08875
0 0.4125 0.35 0.02375 0.0875
0 0.43875 0.35 0.0275 0.09
0 0.46125 0.35375 0.01875 0.08125
0 0.48375 0.3475 0.02375 0.07625
0 0.51375 0.34875 0.03 0.07375
0 0.49625 0.52125 0.0225 0.07125
0 0.47125 0.52 0.02375 0.07125
0 0.4475 0.52125 0.02375 0.0675
0 0.4225 0.52 0.0225 0.065
0 0.7075 0.365 0.02625 0.07
0 0.7325 0.37 0.02625 0.06125
0 0.7575 0.36375 0.02375 0.0575
0 0.78 0.365 0.01875 0.05625
0 0.8 0.36 0.01875 0.06
0 0.82 0.36 0.01625 0.05875
0 0.84375 0.36 0.0275 0.06125
0 0.74875 0.45375 0.02625 0.06875
0 0.77125 0.45375 0.02 0.06375
0 0.7975 0.45 0.02875 0.06375
0 0.82 0.45 0.01625 0.05875
0 0.84125 0.44375 0.025 0.05375
0 0.71 0.54625 0.03 0.0775
0 0.82875 0.2825 0.0175 0.0575
0 0.73625 0.55 0.02375 0.06625
0 0.1425 0.5775 0.03125 0.0725
0 0.17625 0.5775 0.03375 0.075
0 0.21 0.57875 0.03 0.075
0 0.23875 0.575 0.0225 0.07125
0 0.27125 0.57375 0.03375 0.075
0 0.30125 0.57125 0.025 0.075
0 0.1475 0.49375 0.035 0.07625
0 0.18375 0.49375 0.03375 0.075
0 0.22 0.48625 0.03625 0.0675
0 0.2575 0.48625 0.0375 0.07
0 0.2925 0.48375 0.02875 0.06875
0 0.37125 0.52125 0.02375 0.06875
0 0.39625 0.52375 0.02625 0.06625
0 0.765 0.54625 0.0325 0.0625
0 0.135 0.2425 0.0175 0.06
0 0.40125 0.69375 0.02875 0.0675