0 0.02375 0.69375 0.0475 0.12875
0 0.9575 0.48375 0.0575 0.09875
0 0.57625 0.665 0.08875 0.1475
0 0.895 0.48125 0.0625 0.0975
0 0.1175 0.6925 0.10375 0.125
0 0.82375 0.48375 0.04875 0.08875
0 0.02375 0.1725 0.04625 0.0925
0 0.7025 0.485 0.05625 0.08375
0 0.3225 0.33125 0.0625 0.105
0 0.24875 0.33625 0.0625 0.10875
0 0.1825 0.33875 0.0675 0.11875
0 0.12375 0.33375 0.0475 0.09125
0 0.05 0.3375 0.0725 0.11625
0 0.9325 0.16 0.0625 0.0675
0 0.87625 0.16 0.03125 0.065
0 0.825 0.175 0.06625 0.09375
0 0.39125 0.3225 0.0575 0.0875
0 0.72875 0.1675 0.06375 0.08
0 0.5825 0.1675 0.06125 0.0825
0 0.3625 0.68 0.11375 0.125
0 0.47625 0.665 0.10625 0.13625
0 0.5125 0.1725 0.0675 0.09375
0 0.44375 0.1625 0.06375 0.07375
0 0.22125 0.17875 0.07125 0.10375
0 0.29875 0.17125 0.07 0.09125
0 0.3725 0.16875 0.0675 0.085
0 0.65875 0.1675 0.05875 0.0775
0 0.765 0.48 0.06125 0.09125
0 0.45125 0.3225 0.05875 0.09
0 0.57625 0.32875 0.0575 0.115
0 0.64125 0.49375 0.05625 0.1
0 0.57625 0.4625 0.05625 0.09375
0 0.5175 0.48375 0.0525 0.09
0 0.4575 0.46 0.0575 0.09875
0 0.3975 0.46 0.045 0.10125
0 0.34125 0.465 0.05625 0.095
0 0.285 0.46625 0.0525 0.0925
0 0.22875 0.46375 0.0525 0.0925
0 0.51625 0.33125 0.06 0.11125
0 0.1725 0.44875 0.04875 0.095
0 0.9675 0.305 0.06375 0.10375
0 0.89375 0.3125 0.06 0.1
0 0.835 0.3125 0.04125 0.09875
0 0.78 0.3275 0.06 0.125
0 0.6825 0.66125 0.1175 0.16
0 0.0825 0.175 0.07 0.09625
0 0.15125 0.17625 0.0625 0.09875
0 0.24 0.6875 0.125 0.125
0 0.1125 0.46125 0.0625 0.08625
0 0.8425 0.65875 0.19125 0.17125
0 0.705 0.32 0.055 0.1175
0 0.64 0.31125 0.055 0.10875