0 0.30375 0.24 0.0275 0.05
0 0.47875 0.28375 0.02125 0.05375
0 0.275 0.235 0.02625 0.0475
0 0.33625 0.2525 0.025 0.0425
0 0.3675 0.2525 0.02125 0.0475
0 0.3575 0.29875 0.0325 0.04625
0 0.395 0.3025 0.025 0.04875
0 0.42375 0.29375 0.02375 0.0875
0 0.4475 0.295 0.0175 0.08875
0 0.50375 0.28125 0.02625 0.05625
0 0.67375 0.3 0.02125 0.085
0 0.5625 0.28125 0.02125 0.06
0 0.59375 0.28375 0.025 0.065
0 0.62375 0.2975 0.0225 0.08625
0 0.65125 0.30125 0.02 0.085
0 0.48 0.18625 0.03 0.07
0 0.54125 0.1875 0.02 0.0775
0 0.57125 0.19 0.0225 0.08125
0 0.5975 0.19 0.01875 0.08125
0 0.35875 0.17 0.035 0.06625
0 0.53875 0.28375 0.02 0.0575
0 0.33 0.16875 0.0175 0.06125
0 0.51125 0.18875 0.02875 0.06875
0 0.2675 0.1725 0.02625 0.06125
0 0.63125 0.19875 0.02125 0.07125
0 0.76625 0.77875 0.0175 0.075
0 0.74625 0.78 0.0225 0.0725
0 0.7275 0.7775 0.015 0.07625
0 0.6775 0.7975 0.02 0.06875
0 0.66125 0.8 0.01125 0.07125
0 0.64625 0.8 0.01875 0.0725
0 0.61 0.7975 0.03 0.0575
0 0.58875 0.7975 0.01 0.05875
0 0.56875 0.7975 0.02875 0.0625
0 0.5425 0.79375 0.02125 0.06125
0 0.51625 0.79125 0.0125 0.06125
0 0.4975 0.79 0.0225 0.06375
0 0.4575 0.78875 0.01875 0.06375
0 0.43875 0.7925 0.015 0.08
0 0.405 0.775 0.0225 0.07625
0 0.38375 0.78125 0.01625 0.07375
0 0.28875 0.8025 0.03 0.0825
0 0.25375 0.8075 0.02625 0.08625
0 0.6775 0.70875 0.02 0.085
0 0.6525 0.70625 0.02 0.08
0 0.29875 0.1725 0.02875 0.0625
0 0.66 0.19875 0.025 0.075
0 0.29375 0.7025 0.0275 0.08875
0 0.74125 0.19 0.03 0.105
0 0.72875 0.4 0.025 0.0375
0 0.76 0.41625 0.02375 0.08125
0 0.71125 0.36375 0.08125 0.0175
0 0.6325 0.3625 0.07625 0.02125
0 0.56125 0.33 0.06 0.025
0 0.49625 0.3275 0.065 0.0275
0 0.55875 0.3575 0.0675 0.02625
0 0.48875 0.35875 0.06625 0.0275
0 0.2625 0.43625 0.065 0.035
0 0.42 0.355 0.06875 0.0275
0 0.30125 0.3475 0.02625 0.035
0 0.69 0.1925 0.02375 0.08125
0 0.45875 0.5075 0.05875 0.01625
0 0.52875 0.50625 0.0575 0.01875
0 0.33 0.43 0.0625 0.015
0 0.585 0.53125 0.05875 0.0175
0 0.64875 0.5325 0.0625 0.02125
0 0.70875 0.53375 0.0575 0.02
0 0.35 0.35125 0.07 0.02625
0 0.36875 0.3975 0.0575 0.0125
0 0.46 0.5325 0.0625 0.015
0 0.395 0.53375 0.06375 0.01375
0 0.33 0.4475 0.06375 0.01625
0 0.3975 0.41875 0.065 0.02375
0 0.39625 0.445 0.0625 0.02125
0 0.46 0.445 0.0625 0.0225
0 0.525 0.445 0.0625 0.02625
0 0.5875 0.44375 0.06 0.02625
0 0.6325 0.4275 0.01875 0.02
0 0.6525 0.4275 0.0175 0.02
0 0.6325 0.44875 0.0175 0.01875
0 0.65125 0.44875 0.015 0.01875
0 0.6975 0.4275 0.06875 0.0175
0 0.695 0.44875 0.07 0.02125
0 0.26375 0.515 0.06375 0.015
0 0.2625 0.5325 0.0625 0.01625
0 0.33 0.50125 0.06375 0.015
0 0.33 0.5175 0.06375 0.01375
0 0.32875 0.5325 0.0625 0.0175
0 0.39375 0.5 0.0625 0.01375
0 0.395 0.51625 0.0625 0.015
0 0.75 0.5175 0.02 0.0925
0 0.77125 0.52125 0.01625 0.1025
0 0.52375 0.53125 0.06 0.01875
0 0.3325 0.59375 0.065 0.0625
0 0.72 0.615 0.01 0.01375
0 0.69625 0.6 0.01125 0.0125
0 0.70875 0.60125 0.0125 0.01125
0 0.72125 0.60125 0.01 0.0125
0 0.74 0.6425 0.0275 0.11
0 0.7625 0.645 0.01375 0.09125
0 0.775 0.64375 0.01 0.09125
0 0.265 0.7025 0.02375 0.08875
0 0.32375 0.70625 0.02875 0.08625
0 0.35125 0.69625 0.025 0.07625
0 0.3725 0.69875 0.01375 0.07125
0 0.395 0.69 0.03 0.0825
0 0.42625 0.6975 0.0225 0.065
0 0.4525 0.70625 0.0225 0.065
0 0.495 0.71 0.03625 0.0675
0 0.53125 0.72 0.025 0.0775
0 0.56 0.71625 0.02125 0.075
0 0.61625 0.7 0.015 0.07375
0 0.27375 0.345 0.02375 0.04125
0 0.23875 0.35 0.0325 0.0325
0 0.7675 0.30375 0.02375 0.095
0 0.7275 0.30875 0.03 0.09125
0 0.77125 0.19625 0.01875 0.1025
0 0.70875 0.615 0.0125 0.0125
0 0.26625 0.59375 0.06625 0.06
0 0.69625 0.61625 0.01 0.0125
0 0.68 0.59625 0.01 0.015
0 0.4 0.59 0.06625 0.06
0 0.455 0.59125 0.045 0.06
0 0.51 0.5775 0.0625 0.03125
0 0.51 0.61 0.06125 0.02875
0 0.57375 0.61 0.065 0.0275
0 0.575 0.5775 0.06375 0.03125
0 0.64 0.59625 0.06625 0.01625
0 0.685 0.615 0.01125 0.015
0 0.3325 0.41375 0.06375 0.01375
0 0.71125 0.575 0.01125 0.01125
0 0.71 0.5875 0.01375 0.01125
0 0.69375 0.5875 0.01625 0.01125
0 0.69375 0.575 0.01875 0.0125
0 0.67375 0.5775 0.01375 0.01625
0 0.64 0.615 0.065 0.01875