0 0.2075 0.7025 0.03375 0.10875
0 0.25875 0.33625 0.02 0.0625
0 0.3375 0.67125 0.055 0.05375
0 0.39125 0.67125 0.05 0.055
0 0.44625 0.67 0.055 0.055
0 0.50125 0.67 0.05125 0.0525
0 0.55625 0.6675 0.05375 0.0625
0 0.34125 0.73125 0.055 0.05125
0 0.395 0.7275 0.04875 0.05625
0 0.44875 0.7275 0.055 0.055
0 0.3125 0.2425 0.02 0.055
0 0.3325 0.24375 0.02 0.05875
0 0.355 0.23875 0.02 0.07
0 0.375 0.24375 0.015 0.05
0 0.4 0.2425 0.02125 0.05625
0 0.42375 0.235 0.0225 0.06875
0 0.44625 0.23625 0.02 0.06875
0 0.2975 0.7 0.025 0.10875
0 0.46875 0.235 0.025 0.0675
0 0.27375 0.69375 0.01875 0.10625
0 0.76625 0.32875 0.0225 0.0575
0 0.6175 0.58375 0.02625 0.06625
0 0.645 0.5825 0.02625 0.065
0 0.6725 0.58375 0.0275 0.0675
0 0.70125 0.58375 0.02875 0.06625
0 0.73 0.5825 0.0275 0.065
0 0.7825 0.51875 0.06 0.06625
0 0.845 0.51625 0.05875 0.07
0 0.78125 0.585 0.055 0.0625
0 0.84125 0.585 0.06 0.06375
0 0.7875 0.6675 0.0575 0.05375
0 0.84125 0.66625 0.04625 0.05625
0 0.78625 0.7275 0.05125 0.06
0 0.84 0.72625 0.0475 0.06
0 0.14125 0.70625 0.03125 0.1075
0 0.17375 0.70375 0.0325 0.11125
0 0.24125 0.70125 0.03125 0.10875
0 0.59125 0.585 0.02625 0.0675
0 0.495 0.235 0.02 0.0675
0 0.5425 0.2275 0.0225 0.075
0 0.65 0.32875 0.02375 0.0675
0 0.3075 0.3375 0.025 0.0675
0 0.3325 0.3375 0.02375 0.0675
0 0.35625 0.3375 0.025 0.06625
0 0.38 0.33625 0.02125 0.0675
0 0.40375 0.33625 0.025 0.06625
0 0.4275 0.335 0.02 0.0675
0 0.45125 0.335 0.025 0.0675
0 0.475 0.335 0.02375 0.06625
0 0.5 0.33375 0.02625 0.06625
0 0.525 0.33375 0.0225 0.06875
0 0.5475 0.3325 0.02125 0.06625
0 0.57125 0.33125 0.02625 0.06875
0 0.59625 0.33125 0.0225 0.06875
0 0.6225 0.32875 0.0275 0.0675
0 0.675 0.3275 0.02625 0.06625
0 0.5175 0.23375 0.025 0.065
0 0.70125 0.32625 0.02625 0.06875
0 0.56 0.7275 0.055 0.05875
0 0.56875 0.2275 0.0275 0.07625
0 0.5975 0.22625 0.025 0.075
0 0.6225 0.22625 0.025 0.07625
0 0.65125 0.22 0.03 0.08125
0 0.68 0.21875 0.0275 0.08375
0 0.7075 0.2175 0.025 0.0825
0 0.73125 0.2175 0.0175 0.07875
0 0.75125 0.2175 0.0225 0.07875
0 0.79 0.22125 0.03 0.065
0 0.82 0.22 0.02875 0.06625
0 0.85375 0.22625 0.02875 0.0525
0 0.1525 0.335 0.05125 0.07625
0 0.20625 0.33375 0.055 0.07875
0 0.2825 0.33875 0.0225 0.06625
0 0.50375 0.7275 0.05375 0.05625
0 0.72875 0.32375 0.02625 0.065
0 0.56375 0.585 0.0275 0.06625
0 0.6125 0.66625 0.05625 0.06375
0 0.51125 0.585 0.025 0.06375
0 0.3925 0.43 0.01875 0.055
0 0.32125 0.48875 0.12 0.0525
0 0.315 0.43375 0.13125 0.05625
0 0.2225 0.4375 0.03875 0.075
0 0.18 0.43875 0.04625 0.07625
0 0.14 0.44 0.02875 0.07125
0 0.8625 0.32625 0.02375 0.0575
0 0.8375 0.32625 0.0225 0.06
0 0.145 0.19375 0.03375 0.09625
0 0.85125 0.87625 0.04625 0.07
0 0.7975 0.875 0.055 0.06625
0 0.74 0.8775 0.05625 0.065
0 0.67375 0.87375 0.05375 0.04875
0 0.615 0.8725 0.05625 0.05125
0 0.55875 0.8725 0.05625 0.05
0 0.41375 0.43125 0.02 0.055
0 0.675 0.82 0.05875 0.05625
0 0.39375 0.48875 0.02375 0.0525
0 0.44875 0.43125 0.04375 0.055
0 0.58375 0.48375 0.045 0.0575
0 0.58375 0.4275 0.04375 0.0525
0 0.62875 0.4275 0.04375 0.05625
0 0.62875 0.4825 0.04125 0.0525
0 0.665 0.47625 0.025 0.0575
0 0.68875 0.475 0.0225 0.06
0 0.675 0.42 0.0425 0.045
0 0.725 0.47625 0.0425 0.06375
0 0.7725 0.42875 0.025 0.06375
0 0.8 0.4325 0.0275 0.06375
0 0.53875 0.48375 0.04375 0.055
0 0.54 0.42875 0.045 0.05375
0 0.5375 0.585 0.025 0.065
0 0.49625 0.485 0.03875 0.05375
0 0.45 0.4875 0.04125 0.055
0 0.41625 0.4875 0.02125 0.05625
0 0.61625 0.82 0.05625 0.0525
0 0.495 0.43 0.0425 0.055
0 0.5 0.81625 0.05375 0.05125
0 0.81375 0.32875 0.02375 0.055
0 0.79 0.33 0.0225 0.05625
0 0.83125 0.43125 0.03125 0.06375
0 0.86 0.4275 0.02125 0.0675
0 0.14375 0.55875 0.0275 0.12625
0 0.17375 0.58125 0.02875 0.0825
0 0.2075 0.58125 0.035 0.08125
0 0.28875 0.2425 0.025 0.0575
0 0.24125 0.58 0.03125 0.085
0 0.34875 0.58625 0.02375 0.06375
0 0.375 0.58625 0.02375 0.065
0 0.4025 0.585 0.0275 0.065
0 0.43 0.58375 0.025 0.06625
0 0.45875 0.58125 0.02125 0.0625
0 0.48375 0.585 0.02625 0.065
0 0.56 0.81875 0.05375 0.055
0 0.32 0.5875 0.02875 0.0625
0 0.265 0.2425 0.02 0.05875
0 0.29375 0.5875 0.0225 0.0625
0 0.20625 0.18875 0.03125 0.10625
0 0.4425 0.81375 0.05875 0.0525
0 0.24375 0.24375 0.0225 0.055
0 0.495 0.87 0.05875 0.05
0 0.43875 0.86625 0.05125 0.05
0 0.38375 0.86625 0.055 0.05
0 0.38375 0.8125 0.0525 0.055
0 0.275 0.855 0.05125 0.0625
0 0.195 0.86875 0.0675 0.05
0 0.33125 0.85875 0.04625 0.06625
0 0.6725 0.72625 0.055 0.06
0 0.175 0.1975 0.02625 0.0875
0 0.72625 0.6675 0.05625 0.0525
0 0.67125 0.66875 0.05375 0.05125
0 0.61375 0.72875 0.05125 0.0575
0 0.73 0.72625 0.0525 0.05875