0 0.37 0.39875 0.0125 0.05
0 0.29 0.64125 0.01875 0.05625
0 0.31125 0.63875 0.02125 0.05875
0 0.335 0.64125 0.01875 0.05625
0 0.36 0.64 0.0275 0.06625
0 0.3875 0.64125 0.02375 0.05875
0 0.33125 0.39875 0.01375 0.05875
0 0.25375 0.48375 0.01125 0.07
0 0.23125 0.49 0.0275 0.06
0 0.8575 0.375 0.0225 0.0975
0 0.825 0.3825 0.02 0.0825
0 0.2775 0.79375 0.01625 0.0575
0 0.25875 0.79 0.01625 0.0575
0 0.2375 0.7875 0.02 0.06125
0 0.6575 0.7325 0.02875 0.07125
0 0.26375 0.645 0.025 0.065
0 0.23375 0.64375 0.02625 0.05625
0 0.13375 0.7625 0.01375 0.07
0 0.62125 0.73 0.02625 0.08375
0 0.355 0.48625 0.01625 0.05375
0 0.84625 0.6875 0.02375 0.07375
0 0.31625 0.48125 0.0225 0.07625
0 0.2925 0.48125 0.0175 0.06625
0 0.27125 0.4875 0.01375 0.0575
0 0.38875 0.5675 0.02625 0.04875
0 0.475 0.54625 0.03 0.07125
0 0.51 0.54375 0.0325 0.07625
0 0.5425 0.54125 0.025 0.08
0 0.5775 0.5425 0.02875 0.0725
0 0.61875 0.54125 0.025 0.07625
0 0.65625 0.54 0.03 0.08
0 0.74 0.58875 0.02875 0.08
0 0.7725 0.58625 0.02875 0.07625
0 0.80125 0.59 0.02125 0.075
0 0.8325 0.58875 0.02375 0.07875
0 0.86125 0.5875 0.025 0.0775
0 0.15125 0.76125 0.0175 0.0725
0 0.38125 0.4825 0.02625 0.0575
0 0.59375 0.73 0.0275 0.07625
0 0.53 0.72875 0.0275 0.0775
0 0.7425 0.78125 0.0375 0.07875
0 0.7975 0.38375 0.0275 0.085
0 0.7625 0.37875 0.02875 0.085
0 0.625 0.37875 0.02625 0.05375
0 0.5975 0.375 0.01625 0.06
0 0.5725 0.37875 0.0225 0.05875
0 0.54875 0.375 0.02 0.06
0 0.3525 0.39625 0.015 0.05625
0 0.74 0.89 0.03375 0.08375
0 0.1375 0.84875 0.015 0.08
0 0.25875 0.885 0.0225 0.06375
0 0.2825 0.885 0.015 0.06
0 0.30625 0.875 0.0175 0.05
0 0.32875 0.88125 0.01625 0.06375
0 0.355 0.88125 0.0225 0.0825
0 0.78 0.7825 0.0325 0.07875
0 0.82 0.785 0.03625 0.0825
0 0.85625 0.78625 0.035 0.09
0 0.1625 0.85375 0.02125 0.0725
0 0.77375 0.88875 0.02625 0.08125
0 0.6675 0.91875 0.02625 0.07
0 0.63 0.9125 0.02875 0.06875
0 0.49875 0.73125 0.03375 0.07625
0 0.465 0.7275 0.02625 0.07375
0 0.39625 0.71875 0.0225 0.0575
0 0.3725 0.71875 0.02125 0.06625
0 0.3475 0.71875 0.01625 0.0575
0 0.32625 0.71875 0.015 0.0625
0 0.30375 0.715 0.01625 0.06125
0 0.28125 0.71375 0.01875 0.065
0 0.255 0.715 0.025 0.05875
0 0.86125 0.90125 0.0225 0.06375
0 0.80875 0.48375 0.02625 0.09
0 0.83125 0.9 0.025 0.06
0 0.80125 0.8975 0.01875 0.06375
0 0.3775 0.8825 0.01875 0.0775
0 0.4025 0.88375 0.0225 0.06875
0 0.49 0.9 0.03125 0.07125
0 0.525 0.9025 0.02375 0.065
0 0.5575 0.90875 0.025 0.06625
0 0.5925 0.91 0.025 0.06625
0 0.5625 0.73125 0.02625 0.08625
0 0.4575 0.46375 0.015 0.04875
0 0.33625 0.48875 0.01 0.04875
0 0.50375 0.46 0.015 0.06125
0 0.86375 0.2775 0.0225 0.08375
0 0.835 0.2825 0.02125 0.07375
0 0.83875 0.475 0.02375 0.08
0 0.14375 0.6 0.025 0.06875
0 0.14875 0.33 0.0225 0.065
0 0.22875 0.5675 0.01875 0.05375
0 0.25375 0.57 0.02125 0.0525
0 0.2375 0.39625 0.0175 0.07
0 0.275 0.56875 0.0175 0.05
0 0.31625 0.56875 0.01625 0.05
0 0.48 0.46 0.02125 0.0575
0 0.36375 0.56375 0.0175 0.055
0 0.4725 0.63125 0.02875 0.0675
0 0.5025 0.63375 0.02375 0.06875
0 0.53125 0.63375 0.03 0.0775
0 0.56375 0.635 0.02875 0.07875
0 0.29625 0.57 0.01625 0.05625
0 0.47375 0.8175 0.02875 0.075
0 0.6625 0.83125 0.03 0.075
0 0.6275 0.83 0.02875 0.085
0 0.39 0.39375 0.01875 0.06625
0 0.455 0.38125 0.01625 0.05375
0 0.47375 0.38 0.01625 0.055
0 0.50125 0.38 0.015 0.05625
0 0.525 0.38 0.02 0.0625
0 0.77625 0.4825 0.0225 0.08875
0 0.7475 0.4825 0.02875 0.08625
0 0.71375 0.49375 0.0225 0.11125
0 0.65625 0.4525 0.0225 0.06625
0 0.62625 0.4575 0.02 0.04875
0 0.60375 0.45375 0.01625 0.05625
0 0.57875 0.455 0.0225 0.06125
0 0.5525 0.4575 0.01625 0.06125
0 0.50375 0.82125 0.02375 0.07875
0 0.53375 0.8225 0.02625 0.08125
0 0.5625 0.82375 0.02875 0.0825
0 0.595 0.82375 0.02625 0.08625
0 0.595 0.63625 0.02125 0.0725
0 0.62875 0.64125 0.03375 0.0675
0 0.34125 0.56625 0.0175 0.05125
0 0.725 0.69 0.0275 0.07875
0 0.31625 0.32375 0.015 0.0425
0 0.66125 0.64625 0.025 0.07125
0 0.275 0.32875 0.01 0.03375
0 0.2625 0.32875 0.01125 0.03875
0 0.24375 0.33125 0.0175 0.0475
0 0.22125 0.33 0.01625 0.0425
0 0.33625 0.3225 0.0125 0.04375
0 0.2625 0.3975 0.02 0.07
0 0.3125 0.40125 0.01375 0.06
0 0.39375 0.79625 0.02625 0.0525
0 0.34875 0.79125 0.025 0.05375
0 0.3225 0.79125 0.02 0.0525
0 0.3 0.79375 0.02 0.055
0 0.5275 0.4575 0.0225 0.05625
0 0.29125 0.4025 0.015 0.06125
0 0.35375 0.32125 0.0075 0.0475
0 0.295 0.325 0.01375 0.04375
0 0.38875 0.3225 0.01625 0.04625
0 0.75625 0.685 0.02625 0.07625
0 0.785 0.69 0.0275 0.07875
0 0.8075 0.28125 0.02375 0.0775
0 0.78 0.2825 0.02375 0.0825
0 0.7475 0.28375 0.03375 0.08375
0 0.7125 0.2875 0.02375 0.08
0 0.3675 0.3225 0.01125 0.0525
0 0.655 0.28625 0.025 0.05375
0 0.63125 0.29 0.01875 0.05875
0 0.60625 0.2925 0.02375 0.05875
0 0.81875 0.68875 0.02625 0.08
0 0.5525 0.29625 0.01875 0.06125
0 0.57625 0.29875 0.02625 0.06
0 0.47875 0.3 0.02 0.0625
0 0.50375 0.29875 0.0175 0.06
0 0.45375 0.3 0.02 0.06625
0 0.52625 0.29625 0.025 0.0625