0 0.69 0.225 0.04875 0.07
0 0.15 0.34625 0.025 0.11
0 0.18125 0.35 0.0275 0.10375
0 0.21 0.35625 0.02375 0.11
0 0.2375 0.3675 0.01875 0.07625
0 0.25875 0.37 0.01375 0.07625
0 0.28125 0.37 0.02125 0.07625
0 0.30625 0.37125 0.0175 0.075
0 0.3275 0.33375 0.01625 0.045
0 0.35375 0.33125 0.02 0.05
0 0.3775 0.33375 0.01875 0.05625
0 0.40375 0.33375 0.01625 0.05
0 0.43 0.33375 0.02375 0.06
0 0.4575 0.33375 0.01625 0.06125
0 0.48875 0.34125 0.0325 0.0475
0 0.5225 0.34 0.02125 0.05375
0 0.8675 0.2175 0.01375 0.065
0 0.84375 0.215 0.03375 0.06125
0 0.80875 0.21875 0.015 0.06125
0 0.73625 0.90875 0.055 0.17375
0 0.64125 0.23125 0.035 0.06625
0 0.59375 0.23 0.03 0.07125
0 0.56375 0.23 0.0175 0.07875
0 0.5325 0.23375 0.02375 0.0725
0 0.1375 0.78375 0.025 0.015
0 0.475 0.245 0.03 0.06375
0 0.445 0.2425 0.02125 0.06875
0 0.42125 0.245 0.0175 0.06375
0 0.76625 0.205 0.06 0.095
0 0.39875 0.23875 0.01875 0.0775
0 0.23375 0.78375 0.0175 0.015
0 0.13875 0.7575 0.0275 0.02875
0 0.17625 0.8375 0.04125 0.10125
0 0.135 0.84375 0.02 0.105
0 0.175 0.7575 0.0425 0.0225
0 0.64 0.84375 0.02625 0.08625
0 0.8575 0.9325 0.035 0.13375
0 0.80625 0.92375 0.05875 0.1525
0 0.20875 0.785 0.01625 0.01625
0 0.505 0.23875 0.02 0.075
0 0.24375 0.13125 0.04125 0.11125
0 0.255 0.7775 0.0175 0.015
0 0.485 0.11375 0.05375 0.11375
0 0.43125 0.1325 0.0375 0.08125
0 0.385 0.1425 0.04 0.09375
0 0.34625 0.14 0.02375 0.1075
0 0.62875 0.59125 0.04625 0.08125
0 0.5775 0.5825 0.035 0.08375
0 0.52375 0.56 0.045 0.08125
0 0.46625 0.55375 0.04625 0.07125
0 0.40375 0.53875 0.04 0.0625
0 0.35375 0.5625 0.0325 0.06
0 0.3075 0.55875 0.04625 0.04375
0 0.26625 0.59125 0.0275 0.0625
0 0.23 0.5975 0.0325 0.05875
0 0.375 0.82375 0.025 0.07625
0 0.41 0.8425 0.03375 0.07625
0 0.4475 0.86125 0.02625 0.07
0 0.6275 0.96125 0.03625 0.0775
0 0.57625 0.935 0.0525 0.13
0 0.515 0.90625 0.0475 0.08875
0 0.475 0.87125 0.02125 0.075
0 0.19375 0.6 0.03625 0.06125
0 0.14125 0.11375 0.0325 0.10875
0 0.18875 0.125 0.0425 0.085
0 0.565 0.11 0.02875 0.0725
0 0.59875 0.10125 0.0325 0.08125
0 0.635 0.0925 0.03125 0.09375
0 0.67 0.08625 0.02375 0.0875
0 0.2375 0.7625 0.02125 0.01375
0 0.3775 0.24625 0.0175 0.06875
0 0.34875 0.2475 0.03625 0.07
0 0.31625 0.25875 0.01875 0.05125
0 0.2875 0.25375 0.02375 0.05875
0 0.2525 0.245 0.02875 0.05625
0 0.27375 0.75875 0.01875 0.015
0 0.73375 0.71125 0.03 0.1575
0 0.69 0.61125 0.05 0.07875
0 0.2125 0.24125 0.03625 0.0625
0 0.17 0.23625 0.03625 0.06
0 0.555 0.3475 0.04125 0.03625
0 0.13625 0.23 0.02125 0.0675
0 0.77 0.06125 0.06 0.10625
0 0.3 0.76 0.02375 0.015
0 0.275 0.77625 0.015 0.01375
0 0.30125 0.77625 0.0175 0.01125
0 0.20875 0.84125 0.01375 0.08875
0 0.22875 0.835 0.02 0.08125
0 0.2525 0.83 0.02 0.085
0 0.27375 0.8275 0.01625 0.08125
0 0.29875 0.82375 0.02125 0.07875
0 0.34375 0.80625 0.02625 0.08375
0 0.71 0.07875 0.04625 0.10125
0 0.8425 0.05375 0.065 0.10375
0 0.6825 0.88125 0.04875 0.17125
0 0.58875 0.47375 0.06125 0.0925
0 0.53875 0.77125 0.0425 0.0775
0 0.17125 0.46625 0.0175 0.1
0 0.14875 0.465 0.01875 0.1
0 0.6 0.325 0.04125 0.0775
0 0.645 0.32875 0.0325 0.0825
0 0.68875 0.3225 0.0375 0.09375
0 0.7875 0.3475 0.09 0.0925
0 0.86 0.34875 0.02875 0.1025
0 0.13 0.46625 0.00875 0.10125
0 0.19625 0.46875 0.02625 0.105
0 0.31625 0.65625 0.02125 0.065
0 0.59625 0.80125 0.05 0.0675
0 0.2625 0.67625 0.02125 0.0575
0 0.2325 0.6825 0.03 0.07125
0 0.19375 0.6875 0.03 0.065
0 0.16125 0.69 0.02875 0.07375
0 0.13125 0.69875 0.0125 0.06625
0 0.82875 0.735 0.0625 0.18625
0 0.775 0.725 0.03625 0.1775
0 0.28875 0.67125 0.0275 0.06625
0 0.22875 0.47 0.0225 0.0975
0 0.2925 0.13875 0.04375 0.0975
0 0.285 0.4825 0.03125 0.06125
0 0.3925 0.62875 0.03125 0.0525
0 0.34625 0.64875 0.02875 0.06625
0 0.25375 0.4675 0.02 0.10375
0 0.385 0.69875 0.02875 0.06625
0 0.43 0.71875 0.04625 0.04625
0 0.5225 0.66 0.05875 0.07875
0 0.61625 0.7025 0.07375 0.105
0 0.6975 0.71625 0.03875 0.11625
0 0.34875 0.4575 0.0225 0.085
0 0.465 0.65125 0.0475 0.075
0 0.4475 0.44375 0.0425 0.07
0 0.4875 0.4575 0.0275 0.075
0 0.53125 0.4625 0.045 0.07375
0 0.66125 0.48125 0.0725 0.07875
0 0.31875 0.5 0.03 0.0275
0 0.73 0.4975 0.06125 0.145
0 0.785 0.5075 0.04125 0.18
0 0.15375 0.60375 0.03 0.06125
0 0.40125 0.43875 0.0425 0.1175
0 0.8425 0.52125 0.065 0.1675