0 0.45125 0.6175 0.0575 0.01375
0 0.45 0.635 0.06625 0.0125
0 0.51875 0.61 0.0625 0.00875
0 0.51875 0.6225 0.06125 0.01
0 0.51875 0.63625 0.065 0.0125
0 0.58375 0.60875 0.0625 0.01
0 0.58375 0.62125 0.0625 0.01
0 0.585 0.63375 0.0625 0.01125
0 0.64875 0.63 0.06375 0.01125
0 0.38625 0.6125 0.06 0.01625
0 0.70125 0.62 0.03375 0.03625
0 0.7025 0.5725 0.02625 0.02625
0 0.6675 0.6675 0.0525 0.0125
0 0.66625 0.685 0.055 0.01375
0 0.66875 0.7025 0.05875 0.015
0 0.6075 0.66125 0.05375 0.01125
0 0.60625 0.67875 0.04875 0.0125
0 0.61 0.705 0.05625 0.0175
0 0.64875 0.61625 0.06125 0.0125
0 0.345 0.6375 0.065 0.01375
0 0.3175 0.57625 0.06 0.01375
0 0.77375 0.52125 0.01125 0.075
0 0.3525 0.76625 0.0125 0.05625
0 0.68375 0.4775 0.06 0.01375
0 0.68125 0.4925 0.05875 0.01375
0 0.6825 0.51 0.06 0.015
0 0.24 0.585 0.02875 0.04
0 0.31875 0.56 0.06375 0.01125
0 0.55 0.6675 0.0575 0.01625
0 0.38375 0.5475 0.05875 0.0125
0 0.38375 0.5625 0.0575 0.01
0 0.38125 0.57875 0.06375 0.015
0 0.44625 0.565 0.065 0.015
0 0.4475 0.58125 0.06375 0.01375
0 0.515 0.565 0.05875 0.01625
0 0.5825 0.545 0.06 0.01
0 0.5825 0.5575 0.06125 0.0125
0 0.5825 0.57625 0.06375 0.0175
0 0.65375 0.55 0.06625 0.01125
0 0.6525 0.565 0.065 0.01
0 0.655 0.57875 0.065 0.01375
0 0.32125 0.6125 0.06125 0.00875
0 0.55 0.68625 0.055 0.01375
0 0.605 0.25625 0.0325 0.08125
0 0.49125 0.70375 0.05625 0.01875
0 0.37625 0.2575 0.01375 0.085
0 0.35875 0.25375 0.01375 0.08375
0 0.3425 0.25625 0.015 0.08125
0 0.32375 0.25625 0.01875 0.08
0 0.245 0.26875 0.05 0.06
0 0.5 0.04875 0.06875 0.05625
0 0.425 0.06375 0.07 0.01875
0 0.42625 0.045 0.07 0.0125
0 0.35625 0.06 0.06375 0.0225
0 0.35625 0.03625 0.065 0.02
0 0.28875 0.05875 0.0625 0.02125
0 0.2875 0.0375 0.06375 0.01875
0 0.255 0.7125 0.05625 0.0125
0 0.25625 0.7275 0.05375 0.0125
0 0.2625 0.76625 0.06 0.0125
0 0.2525 0.8 0.065 0.01625
0 0.3025 0.7725 0.015 0.05
0 0.3175 0.77625 0.01375 0.0475
0 0.3325 0.77125 0.01375 0.055
0 0.395 0.255 0.01625 0.08375
0 0.4125 0.2575 0.01625 0.0825
0 0.42875 0.25625 0.01375 0.08375
0 0.44375 0.25625 0.01375 0.085
0 0.4925 0.68375 0.055 0.0125
0 0.49125 0.66375 0.05 0.01125
0 0.4325 0.66875 0.0525 0.0125
0 0.43375 0.68625 0.05375 0.0125
0 0.43375 0.7075 0.0525 0.0175
0 0.37625 0.67875 0.05 0.01375
0 0.375 0.6975 0.04875 0.0125
0 0.375 0.7125 0.04875 0.0125
0 0.315 0.67375 0.05875 0.0125
0 0.55 0.70375 0.0575 0.015
0 0.31375 0.69 0.05625 0.0125
0 0.25375 0.6975 0.0575 0.01125
0 0.64 0.255 0.03125 0.08125
0 0.36625 0.77 0.01375 0.0575
0 0.5625 0.255 0.0225 0.0825
0 0.53375 0.2575 0.03 0.07875
0 0.50875 0.255 0.0125 0.085
0 0.49125 0.25375 0.015 0.08375
0 0.47625 0.25625 0.01375 0.08375
0 0.46 0.25625 0.01375 0.0825
0 0.31375 0.7125 0.0575 0.0175
0 0.38 0.77 0.01375 0.055
0 0.59625 0.765 0.0125 0.04875
0 0.41375 0.7725 0.01125 0.05625
0 0.2425 0.42375 0.04375 0.0175
0 0.2425 0.44375 0.045 0.01875
0 0.30625 0.40875 0.05625 0.0125
0 0.305 0.4275 0.05875 0.0175
0 0.36875 0.40625 0.0575 0.01375
0 0.36875 0.42375 0.055 0.01625
0 0.43375 0.40875 0.05625 0.0125
0 0.43125 0.425 0.055 0.01625
0 0.49125 0.40875 0.05875 0.01375
0 0.49375 0.42625 0.06 0.01375
0 0.4925 0.44375 0.05875 0.015
0 0.43125 0.44375 0.0575 0.01625
0 0.37 0.44375 0.05625 0.01625
0 0.5525 0.4075 0.05625 0.01375
0 0.555 0.425 0.0575 0.015
0 0.55375 0.44375 0.06125 0.01625
0 0.4 0.77 0.01 0.05
0 0.6175 0.4225 0.06 0.015
0 0.6175 0.4425 0.0575 0.0175
0 0.2425 0.405 0.04375 0.015
0 0.68125 0.4075 0.055 0.01375
0 0.68125 0.37 0.06 0.01625
0 0.61625 0.37125 0.06125 0.015
0 0.6775 0.255 0.03 0.0825
0 0.715 0.2525 0.04125 0.085
0 0.245 0.36375 0.01875 0.02
0 0.30875 0.3225 0.05875 0.01375
0 0.305 0.34 0.05375 0.01625
0 0.305 0.3575 0.06 0.01375
0 0.3 0.375 0.065 0.0175
0 0.37125 0.325 0.05375 0.015
0 0.3675 0.34125 0.05125 0.01125
0 0.3675 0.35625 0.0575 0.0125
0 0.36375 0.37375 0.06 0.01625
0 0.43 0.32625 0.0575 0.0125
0 0.43125 0.33875 0.0625 0.0125
0 0.42875 0.35625 0.06 0.01375
0 0.42875 0.37375 0.06 0.0175
0 0.49 0.34 0.05375 0.00875
0 0.49125 0.355 0.0575 0.01375
0 0.4925 0.37125 0.055 0.01625
0 0.5525 0.355 0.05875 0.05125
0 0.67625 0.35375 0.05 0.01375
0 0.6825 0.425 0.0575 0.01375
0 0.61625 0.4075 0.05875 0.0125
0 0.74375 0.4675 0.04625 0.045
0 0.69125 0.76375 0.01375 0.055
0 0.675 0.76625 0.01375 0.05625
0 0.66 0.76375 0.0125 0.055
0 0.6825 0.4425 0.06 0.015
0 0.6425 0.76375 0.01375 0.0525
0 0.6275 0.765 0.0125 0.05375
0 0.61 0.7625 0.0125 0.05125
0 0.58 0.765 0.01375 0.05125
0 0.565 0.76375 0.0125 0.055
0 0.54625 0.76375 0.0125 0.0525
0 0.53 0.76625 0.01375 0.05125
0 0.515 0.76875 0.0125 0.05625
0 0.5 0.7625 0.0125 0.06
0 0.48375 0.76875 0.0125 0.0575
0 0.4675 0.77 0.01375 0.06
0 0.44625 0.77125 0.01375 0.06
0 0.43125 0.7725 0.01 0.05875
0 0.70625 0.76625 0.01375 0.05875
0 0.75375 0.76875 0.04875 0.01875
0 0.495 0.48 0.05875 0.015
0 0.61875 0.5125 0.06125 0.01625
0 0.74 0.5575 0.0425 0.04125
0 0.24625 0.49875 0.055 0.0525
0 0.3075 0.48125 0.0625 0.01375
0 0.30625 0.4975 0.0625 0.015
0 0.3075 0.51625 0.06125 0.0175
0 0.3725 0.48 0.05875 0.0125
0 0.755 0.79 0.05 0.01375
0 0.37125 0.515 0.06 0.01625
0 0.43375 0.48125 0.06 0.0125
0 0.43375 0.49625 0.06125 0.01125
0 0.37125 0.4975 0.05875 0.0125
0 0.49625 0.49625 0.0575 0.01375
0 0.43375 0.515 0.05875 0.01625
0 0.62 0.4775 0.06 0.0125
0 0.5575 0.5125 0.05875 0.0175
0 0.55625 0.495 0.0575 0.015
0 0.6175 0.49375 0.05875 0.015
0 0.49625 0.51375 0.05875 0.0175
0 0.55625 0.4775 0.05875 0.0125