0 0.57375 0.11875 0.05 0.02375
0 0.21375 0.83 0.03 0.055
0 0.18625 0.83 0.02 0.06
0 0.16125 0.83 0.0225 0.0575
0 0.13625 0.83125 0.0225 0.0575
0 0.14625 0.70375 0.02875 0.06
0 0.18625 0.70375 0.02625 0.06
0 0.215 0.70375 0.0275 0.06125
0 0.245 0.695 0.02875 0.075
0 0.28 0.695 0.02875 0.07125
0 0.3075 0.3075 0.03375 0.09
0 0.36 0.3125 0.0425 0.07875
0 0.4225 0.31375 0.0375 0.0775
0 0.5 0.315 0.04 0.0775
0 0.53875 0.31125 0.03125 0.07125
0 0.5725 0.315 0.03375 0.07625
0 0.6225 0.315 0.04 0.07875
0 0.665 0.31625 0.03375 0.0775
0 0.70375 0.31625 0.03875 0.08
0 0.74375 0.31125 0.03625 0.08875
0 0.7825 0.31125 0.0375 0.08625
0 0.86375 0.4725 0.0225 0.07625
0 0.82625 0.4675 0.03625 0.085
0 0.78 0.47125 0.0375 0.07625
0 0.74125 0.46875 0.0325 0.0825
0 0.65375 0.4725 0.04125 0.07125
0 0.61 0.4725 0.04125 0.0725
0 0.56125 0.4725 0.04125 0.07
0 0.2475 0.82 0.025 0.06625
0 0.5075 0.4725 0.04375 0.07125
0 0.2775 0.8175 0.03125 0.06625
0 0.35 0.8225 0.03 0.0625
0 0.82 0.1925 0.0225 0.08625
0 0.78875 0.19 0.0325 0.09
0 0.745 0.19 0.04375 0.0875
0 0.70625 0.18875 0.025 0.09
0 0.67375 0.18875 0.035 0.08875
0 0.5775 0.19625 0.0425 0.07375
0 0.52875 0.19625 0.03875 0.075
0 0.46125 0.195 0.04375 0.075
0 0.39875 0.18375 0.0425 0.0525
0 0.345 0.1925 0.0425 0.075
0 0.295 0.18625 0.0375 0.085
0 0.25625 0.18625 0.03125 0.08625
0 0.2175 0.185 0.04 0.09
0 0.145 0.1925 0.025 0.07375
0 0.13375 0.31125 0.01625 0.07625
0 0.15875 0.315 0.02375 0.06875
0 0.23125 0.30875 0.035 0.08875
0 0.26875 0.31 0.035 0.08375
0 0.66875 0.81625 0.035 0.065
0 0.6325 0.82 0.0325 0.06
0 0.59375 0.81875 0.03375 0.065
0 0.55875 0.82125 0.0325 0.06125
0 0.5225 0.82125 0.02625 0.06125
0 0.49375 0.8175 0.02625 0.06625
0 0.46 0.81875 0.0325 0.06
0 0.42375 0.82125 0.03625 0.065
0 0.385 0.82 0.03125 0.06125
0 0.31375 0.8175 0.03125 0.06875
0 0.85625 0.19 0.03625 0.08625
0 0.46375 0.47125 0.04125 0.0725
0 0.37875 0.4725 0.035 0.07125
0 0.75125 0.69375 0.03125 0.07375
0 0.7 0.69375 0.03 0.07625
0 0.14125 0.11125 0.01 0.02
0 0.13875 0.08 0.01375 0.0375
0 0.19875 0.11125 0.01875 0.0175
0 0.19375 0.08125 0.01625 0.03625
0 0.21875 0.085 0.0325 0.025
0 0.225 0.1125 0.02625 0.02375
0 0.25125 0.08375 0.0225 0.03
0 0.25375 0.11375 0.0275 0.025
0 0.29 0.08375 0.015 0.03625
0 0.295 0.115 0.015 0.02375
0 0.31625 0.08625 0.03 0.03
0 0.3175 0.115 0.025 0.02125
0 0.3425 0.0825 0.02375 0.03375
0 0.37 0.08125 0.025 0.0375
0 0.345 0.11375 0.025 0.0225
0 0.6575 0.6975 0.03625 0.06375
0 0.62 0.6975 0.03 0.0625
0 0.5825 0.69625 0.03625 0.0625
0 0.54125 0.69625 0.03125 0.06375
0 0.50625 0.69625 0.0325 0.06375
0 0.3125 0.695 0.0275 0.07
0 0.355 0.6975 0.03625 0.0625
0 0.3925 0.69875 0.03625 0.065
0 0.43375 0.69625 0.03375 0.065
0 0.47 0.69625 0.03125 0.0625
0 0.79375 0.695 0.03875 0.0775
0 0.42 0.47125 0.0425 0.07125
0 0.83625 0.6975 0.02625 0.0675
0 0.85875 0.585 0.03125 0.06625
0 0.3375 0.4725 0.045 0.0725
0 0.29625 0.46625 0.0325 0.0825
0 0.25625 0.46875 0.03125 0.0775
0 0.2225 0.465 0.02875 0.08125
0 0.1625 0.46 0.01625 0.06625
0 0.19875 0.46875 0.0175 0.06625
0 0.18 0.475 0.01625 0.06875
0 0.14125 0.47625 0.02 0.06375
0 0.145 0.58875 0.02875 0.065
0 0.1775 0.585 0.03 0.0625
0 0.205 0.5875 0.0225 0.0625
0 0.23625 0.57875 0.03125 0.07875
0 0.27 0.58 0.035 0.0775
0 0.30625 0.58125 0.03125 0.0775
0 0.34625 0.58375 0.035 0.0725
0 0.385 0.5825 0.04 0.06875
0 0.4225 0.5825 0.02625 0.07125
0 0.465 0.58375 0.03625 0.0675
0 0.50375 0.58375 0.035 0.06625
0 0.555 0.58125 0.04 0.0725
0 0.595 0.58375 0.03375 0.07125
0 0.6325 0.58375 0.03375 0.0725
0 0.675 0.5825 0.0375 0.06875
0 0.70625 0.57625 0.02125 0.06
0 0.73 0.58125 0.0225 0.0775
0 0.76 0.58125 0.03625 0.075
0 0.80375 0.58125 0.04 0.0775
0 0.86625 0.6975 0.0175 0.065
0 0.53375 0.08625 0.0325 0.04
0 0.82375 0.31125 0.0425 0.0875
0 0.85625 0.80625 0.02625 0.08625
0 0.77875 0.12125 0.02875 0.025
0 0.74625 0.12125 0.02875 0.02625
0 0.75 0.09125 0.02625 0.0325
0 0.7075 0.81375 0.02125 0.07875
0 0.73875 0.8125 0.03125 0.07625
0 0.77375 0.79625 0.03375 0.065
0 0.83 0.79875 0.01875 0.07875
0 0.72 0.09 0.02625 0.0325
0 0.78 0.0925 0.02875 0.0275
0 0.5625 0.0875 0.0225 0.035
0 0.61125 0.08875 0.02 0.03125
0 0.61 0.11875 0.02125 0.02375
0 0.63125 0.12 0.02 0.02125
0 0.635 0.09 0.025 0.03125
0 0.66 0.09 0.02375 0.03125
0 0.6575 0.11875 0.025 0.02125
0 0.72125 0.065 0.0325 0.01375
0 0.6875 0.09125 0.0275 0.03375
0 0.5875 0.08875 0.02375 0.03125
0 0.68625 0.12 0.02875 0.0225
0 0.8125 0.06125 0.03375 0.03375
0 0.80875 0.1225 0.0275 0.02
0 0.51875 0.12 0.05625 0.0225
0 0.5025 0.09 0.03 0.035
0 0.46875 0.0825 0.0325 0.04125
0 0.4725 0.1175 0.0275 0.02
0 0.43875 0.1175 0.03375 0.02
0 0.435 0.08875 0.03125 0.03125
0 0.40125 0.1125 0.03375 0.03
0 0.40375 0.08 0.0275 0.03375
0 0.81 0.09625 0.02875 0.02875
0 0.37125 0.115 0.0225 0.02375
0 0.86375 0.1025 0.02125 0.02375
0 0.865 0.125 0.02 0.01625
0 0.86875 0.0675 0.0125 0.03125
0 0.84625 0.06 0.03 0.0325
0 0.84 0.095 0.02375 0.03
0 0.83875 0.12375 0.02625 0.01875
0 0.71625 0.12125 0.02625 0.0225