0 0.1375 0.91875 0.0225 0.0675
0 0.1675 0.91125 0.03125 0.06
0 0.6525 0.55 0.0225 0.08875
0 0.54 0.69375 0.03 0.04625
0 0.67 0.65625 0.02 0.04125
0 0.7475 0.58375 0.0175 0.075
0 0.765 0.57875 0.01125 0.075
0 0.78 0.57875 0.01 0.0725
0 0.79375 0.57375 0.0125 0.07
0 0.81 0.57 0.01375 0.06625
0 0.825 0.56625 0.01125 0.06875
0 0.83875 0.5575 0.01375 0.0775
0 0.86 0.55125 0.0225 0.08
0 0.14 0.78625 0.0275 0.07625
0 0.17375 0.77625 0.0275 0.07
0 0.20875 0.765 0.0275 0.0775
0 0.24125 0.75625 0.02875 0.07
0 0.275 0.75 0.03125 0.08
0 0.31625 0.77 0.04 0.0325
0 0.35875 0.76125 0.03 0.03125
0 0.39375 0.7475 0.03625 0.02375
0 0.435 0.73375 0.02875 0.03
0 0.47 0.72375 0.03 0.0325
0 0.50625 0.71375 0.0275 0.03
0 0.62625 0.5575 0.01875 0.0875
0 0.57625 0.68 0.02875 0.04375
0 0.60875 0.675 0.02125 0.04375
0 0.64 0.66625 0.02875 0.045
0 0.7025 0.64875 0.0275 0.035
0 0.19875 0.89375 0.0225 0.075
0 0.57625 0.5675 0.025 0.0875
0 0.25875 0.87875 0.02 0.0625
0 0.855 0.6675 0.01 0.0625
0 0.6025 0.56125 0.02 0.08625
0 0.84 0.67125 0.01125 0.065
0 0.8225 0.6725 0.01375 0.07375
0 0.8025 0.675 0.01625 0.0775
0 0.78625 0.685 0.01625 0.08375
0 0.765 0.6925 0.01875 0.07875
0 0.74375 0.6975 0.01875 0.07875
0 0.72125 0.7075 0.0175 0.07125
0 0.68875 0.7225 0.035 0.05875
0 0.6425 0.73875 0.0375 0.06375
0 0.5975 0.7575 0.04125 0.06875
0 0.5475 0.775 0.04625 0.065
0 0.4975 0.7925 0.04 0.06375
0 0.4525 0.81125 0.0325 0.06
0 0.4125 0.8275 0.03625 0.06125
0 0.37 0.83875 0.03375 0.06625
0 0.19125 0.0525 0.0425 0.10125
0 0.27875 0.06625 0.04125 0.12125
0 0.325 0.07 0.0375 0.1275
0 0.36125 0.07125 0.03125 0.125
0 0.395 0.07625 0.0325 0.11875
0 0.435 0.07875 0.0325 0.11625
0 0.4675 0.085 0.02875 0.1125
0 0.5025 0.0875 0.03 0.11125
0 0.53625 0.08875 0.03125 0.115
0 0.7275 0.58625 0.01625 0.0875
0 0.32375 0.855 0.04 0.0675
0 0.285 0.8725 0.01875 0.065
0 0.22875 0.885 0.03 0.06125
0 0.705 0.54125 0.0225 0.075
0 0.5675 0.09 0.02 0.11
0 0.595 0.0975 0.03 0.1125
0 0.59375 0.46 0.025 0.08125
0 0.565 0.4625 0.0225 0.0875
0 0.50375 0.475 0.03125 0.09125
0 0.46875 0.4825 0.03125 0.0875
0 0.43625 0.4825 0.02625 0.09
0 0.4 0.48875 0.03125 0.09
0 0.35625 0.495 0.0425 0.09375
0 0.30875 0.5 0.03875 0.095
0 0.265 0.53875 0.0325 0.075
0 0.6275 0.4575 0.03 0.08125
0 0.23125 0.545 0.02875 0.07625
0 0.1575 0.56625 0.0375 0.07625
0 0.8675 0.35375 0.015 0.07375
0 0.8475 0.35625 0.02125 0.08
0 0.8275 0.35625 0.0125 0.075
0 0.8125 0.35875 0.01375 0.08
0 0.7925 0.35875 0.0175 0.075
0 0.7575 0.37 0.0225 0.09375
0 0.71875 0.34875 0.0225 0.085
0 0.69375 0.34625 0.02 0.08375
0 0.1975 0.55125 0.03125 0.08
0 0.65625 0.4525 0.0225 0.0825
0 0.6825 0.44875 0.02375 0.07625
0 0.70875 0.44625 0.01625 0.075
0 0.6775 0.545 0.015 0.0875
0 0.54625 0.57375 0.02625 0.08625
0 0.51375 0.5825 0.03 0.09
0 0.48375 0.58875 0.02375 0.0925
0 0.44875 0.5975 0.03625 0.09
0 0.41625 0.6025 0.02625 0.10125
0 0.38625 0.61 0.0275 0.09625
0 0.35 0.62375 0.0275 0.0775
0 0.31125 0.6275 0.0375 0.09375
0 0.2675 0.6525 0.0325 0.0625
0 0.235 0.6575 0.025 0.06625
0 0.205 0.6625 0.03125 0.07
0 0.13625 0.67875 0.02 0.075
0 0.1675 0.6725 0.03125 0.0675
0 0.81875 0.4825 0.015 0.03125
0 0.80125 0.48375 0.0125 0.03875
0 0.78125 0.48375 0.01625 0.04125
0 0.76 0.4875 0.0175 0.0425
0 0.7375 0.49 0.01875 0.03625
0 0.7625 0.4375 0.01875 0.0325
0 0.7375 0.44125 0.015 0.03125
0 0.67125 0.35125 0.02375 0.09125
0 0.64125 0.34625 0.02 0.0975
0 0.61375 0.34875 0.03 0.1075
0 0.5525 0.3575 0.03125 0.1025
0 0.64375 0.22625 0.02875 0.105
0 0.61375 0.22875 0.025 0.10125
0 0.585 0.22625 0.025 0.105
0 0.5575 0.23 0.025 0.10625
0 0.52875 0.22625 0.025 0.11
0 0.495 0.2325 0.02625 0.10125
0 0.4575 0.22625 0.03 0.11875
0 0.41875 0.22125 0.0375 0.125
0 0.37875 0.22875 0.0325 0.115
0 0.34125 0.22375 0.04125 0.12375
0 0.295 0.22125 0.04125 0.135
0 0.25 0.2 0.04 0.0875
0 0.21 0.2 0.0375 0.0875
0 0.16875 0.1975 0.0375 0.0825
0 0.84875 0.1225 0.03125 0.0725
0 0.8125 0.12375 0.0325 0.07375
0 0.76625 0.11625 0.045 0.0825
0 0.69875 0.1125 0.02375 0.09
0 0.67875 0.10625 0.01 0.1025
0 0.65625 0.09375 0.03 0.11625
0 0.62375 0.10125 0.02 0.1
0 0.67625 0.225 0.02625 0.105
0 0.86875 0.66375 0.0125 0.07
0 0.705 0.22875 0.0225 0.10875
0 0.7575 0.22625 0.03125 0.1025
0 0.5825 0.35625 0.0225 0.09625
0 0.52125 0.35875 0.02875 0.1025
0 0.49 0.36125 0.03 0.10125
0 0.455 0.3625 0.03 0.09625
0 0.41875 0.3675 0.02875 0.09875
0 0.38125 0.3675 0.0325 0.105
0 0.345 0.375 0.03125 0.1125
0 0.30375 0.37125 0.03875 0.1225
0 0.26125 0.43375 0.04 0.08
0 0.2225 0.43375 0.02875 0.085
0 0.1825 0.4375 0.03125 0.07875
0 0.145 0.44 0.03375 0.0825
0 0.25375 0.31125 0.03125 0.08
0 0.21125 0.31375 0.03375 0.09125
0 0.175 0.31625 0.03875 0.08875
0 0.14 0.31625 0.025 0.09375
0 0.86875 0.265 0.0125 0.03
0 0.85 0.23625 0.01125 0.0725
0 0.8275 0.25625 0.01875 0.04
0 0.83 0.20375 0.02375 0.0425
0 0.80125 0.23875 0.01875 0.08125
0 0.7275 0.23 0.0225 0.105