0 0.25375 0.74 0.02375 0.02125
0 0.69 0.5825 0.0225 0.03625
0 0.715 0.56625 0.02375 0.06125
0 0.71625 0.52375 0.02625 0.0175
0 0.7225 0.51 0.02 0.01
0 0.7375 0.56125 0.0125 0.05875
0 0.76 0.5625 0.03 0.0575
0 0.65875 0.665 0.03125 0.06875
0 0.685 0.665 0.02125 0.035
0 0.7325 0.64375 0.045 0.03625
0 0.72875 0.6775 0.04875 0.02875
0 0.5725 0.69875 0.04 0.03375
0 0.5275 0.7025 0.045 0.03125
0 0.48625 0.7075 0.03625 0.0325
0 0.445 0.71125 0.0425 0.035
0 0.40375 0.715 0.03875 0.035
0 0.76875 0.67375 0.025 0.02875
0 0.32 0.73625 0.02625 0.02125
0 0.2775 0.7275 0.02125 0.045
0 0.2275 0.745 0.0175 0.02625
0 0.3625 0.7225 0.04 0.035
0 0.31875 0.6275 0.05625 0.02875
0 0.31125 0.53625 0.06125 0.03
0 0.73375 0.42875 0.0425 0.03375
0 0.2625 0.56 0.035 0.05625
0 0.35625 0.52 0.02375 0.0425
0 0.355 0.56125 0.02375 0.0325
0 0.3975 0.52125 0.0475 0.03625
0 0.4425 0.515 0.04125 0.0325
0 0.40125 0.56625 0.0425 0.035
0 0.44625 0.56 0.045 0.0375
0 0.49375 0.5525 0.04125 0.0425
0 0.5375 0.5175 0.04375 0.04
0 0.5375 0.555 0.04375 0.0325
0 0.5875 0.53125 0.04875 0.07125
0 0.63375 0.52125 0.0375 0.07875
0 0.2375 0.6525 0.025 0.04
0 0.265 0.64125 0.025 0.04875
0 0.365 0.6225 0.02875 0.03125
0 0.36375 0.65875 0.0325 0.03375
0 0.76125 0.465 0.04 0.0325
0 0.3125 0.505 0.06 0.02875
0 0.72375 0.4675 0.03125 0.03375
0 0.68375 0.43 0.045 0.0425
0 0.30875 0.56625 0.0575 0.0275
0 0.31625 0.59625 0.0575 0.03
0 0.6175 0.69375 0.0425 0.03625
0 0.31375 0.6575 0.06 0.0225
0 0.315 0.68375 0.055 0.025
0 0.315 0.7125 0.05375 0.02625
0 0.24625 0.465 0.0475 0.04125
0 0.3625 0.44625 0.0475 0.035
0 0.42125 0.40625 0.04 0.02375
0 0.42625 0.44375 0.0475 0.03875
0 0.48625 0.44125 0.0475 0.04
0 0.53375 0.44625 0.04375 0.03125
0 0.5325 0.41125 0.04625 0.035
0 0.58375 0.41125 0.0425 0.03
0 0.585 0.44375 0.0475 0.03
0 0.6325 0.44 0.04375 0.03625
0 0.63125 0.40875 0.0425 0.025
0 0.685 0.4675 0.045 0.0325
0 0.2475 0.79 0.01875 0.0175
0 0.72875 0.33625 0.025 0.03375
0 0.27 0.78875 0.02625 0.0175
0 0.5375 0.24375 0.05875 0.04375
0 0.47375 0.24125 0.05 0.0475
0 0.42125 0.23875 0.055 0.05
0 0.365 0.2375 0.055 0.05
0 0.3725 0.1825 0.06 0.0525
0 0.31125 0.23 0.04625 0.05375
0 0.26125 0.23125 0.05 0.0525
0 0.59125 0.24625 0.0425 0.045
0 0.26 0.175 0.04875 0.0575
0 0.29625 0.90375 0.06125 0.0375
0 0.41875 0.85875 0.04875 0.02125
0 0.41625 0.88 0.05 0.01875
0 0.41875 0.9 0.04625 0.0175
0 0.465 0.8725 0.04375 0.06
0 0.525 0.84875 0.075 0.02875
0 0.73 0.37375 0.02875 0.03625
0 0.2575 0.12375 0.0525 0.03625
0 0.6375 0.2475 0.04125 0.04625
0 0.52125 0.195 0.05375 0.04
0 0.57375 0.19875 0.045 0.04
0 0.69 0.335 0.04875 0.03375
0 0.63625 0.3525 0.055 0.04125
0 0.57875 0.35375 0.05625 0.0425
0 0.52125 0.35125 0.05625 0.04625
0 0.46 0.35 0.05625 0.045
0 0.40125 0.34875 0.05625 0.04625
0 0.345 0.34875 0.05125 0.05
0 0.2625 0.34625 0.07125 0.05125
0 0.76875 0.2825 0.02 0.02375
0 0.74875 0.28 0.01375 0.0275
0 0.76625 0.24875 0.0125 0.03125
0 0.75125 0.2475 0.01625 0.035
0 0.7225 0.27625 0.0375 0.03125
0 0.68375 0.275 0.03625 0.0325
0 0.7225 0.235 0.03375 0.0425
0 0.6825 0.23125 0.03625 0.04375
0 0.63375 0.19875 0.0575 0.04625
0 0.75375 0.3325 0.01875 0.04125
0 0.24625 0.825 0.02625 0.04
0 0.7725 0.33375 0.01625 0.0375
0 0.30625 0.41 0.065 0.03625
0 0.65125 0.835 0.02875 0.065
0 0.69125 0.37375 0.04875 0.0375
0 0.71125 0.83375 0.0275 0.04875
0 0.73875 0.82625 0.025 0.04875
0 0.66125 0.75625 0.03375 0.03875
0 0.6275 0.76375 0.0325 0.0575
0 0.58875 0.76875 0.03375 0.035
0 0.615 0.85 0.0325 0.055
0 0.55125 0.775 0.04125 0.05125
0 0.48875 0.79375 0.0225 0.0375
0 0.46125 0.79375 0.03125 0.04
0 0.425 0.79875 0.03625 0.04125
0 0.38875 0.795 0.03375 0.0575
0 0.35375 0.79875 0.035 0.05625
0 0.325 0.81125 0.02375 0.04625
0 0.2975 0.81375 0.025 0.0425
0 0.515 0.78875 0.03 0.03375
0 0.58 0.85375 0.03375 0.055
0 0.52625 0.87875 0.07125 0.0225
0 0.69625 0.7525 0.03375 0.03875
0 0.3125 0.47375 0.05875 0.03125
0 0.4025 0.6575 0.0375 0.03375
0 0.445 0.615 0.04125 0.03125
0 0.485 0.61375 0.04 0.03
0 0.52875 0.61 0.0425 0.03
0 0.57125 0.605 0.045 0.03
0 0.62 0.605 0.0425 0.0325
0 0.4475 0.65 0.03625 0.035
0 0.4875 0.64875 0.03875 0.0375
0 0.53 0.64125 0.04125 0.03125
0 0.5725 0.64125 0.04125 0.03125
0 0.6175 0.63875 0.04375 0.03
0 0.6625 0.58375 0.0275 0.0325
0 0.4025 0.6225 0.035 0.0325
0 0.24375 0.905 0.0425 0.04625
0 0.74625 0.74 0.02125 0.05375
0 0.72375 0.75125 0.0175 0.03125
0 0.75875 0.3725 0.0275 0.03875
0 0.68125 0.8375 0.03125 0.0475