0 0.54375 0.295 0.02625 0.0625
0 0.5775 0.2975 0.02875 0.07
0 0.92125 0.13875 0.03125 0.11
0 0.51375 0.29625 0.02375 0.065
0 0.63625 0.29625 0.0275 0.0675
0 0.6075 0.29625 0.02625 0.06375
0 0.48375 0.29375 0.03 0.06375
0 0.95375 0.1425 0.02625 0.1225
0 0.42125 0.29375 0.02875 0.0725
0 0.39125 0.29625 0.0275 0.07
0 0.26875 0.27875 0.06625 0.095
0 0.17625 0.28375 0.105 0.0475
0 0.06 0.28375 0.11625 0.0575
0 0.66875 0.295 0.03 0.0625
0 0.45375 0.29375 0.0275 0.06875
0 0.70125 0.2975 0.02625 0.06875
0 0.10375 0.84875 0.03625 0.02375
0 0.76 0.28625 0.025 0.0775
0 0.885 0.1375 0.0325 0.11375
0 0.07875 0.34125 0.02625 0.0225
0 0.12 0.37125 0.03625 0.03
0 0.0825 0.3725 0.035 0.03
0 0.12 0.40625 0.035 0.02875
0 0.08375 0.40625 0.03375 0.0225
0 0.04625 0.38875 0.025 0.06125
0 0.01375 0.39 0.0275 0.0525
0 0.9675 0.3075 0.02375 0.11125
0 0.93875 0.30875 0.01875 0.11375
0 0.91 0.30375 0.03 0.10875
0 0.865 0.31 0.025 0.1175
0 0.83375 0.30875 0.02375 0.115
0 0.8125 0.30875 0.01375 0.12125
0 0.79125 0.28625 0.015 0.08375
0 0.73 0.29375 0.025 0.05875
0 0.84125 0.1425 0.02625 0.1125
0 0.74 0.90375 0.015 0.1025
0 0.74875 0.1425 0.07 0.115
0 0.5175 0.90375 0.02 0.095
0 0.5425 0.90375 0.01875 0.0925
0 0.56375 0.90375 0.0175 0.09125
0 0.58875 0.90625 0.01875 0.0975
0 0.6125 0.905 0.02 0.0975
0 0.6375 0.90125 0.01875 0.0975
0 0.4925 0.8975 0.02125 0.10625
0 0.66375 0.9025 0.02375 0.1
0 0.7175 0.90375 0.02375 0.10375
0 0.17625 0.40125 0.035 0.03625
0 0.76875 0.89875 0.02 0.1
0 0.82625 0.91625 0.0775 0.07375
0 0.8875 0.91375 0.03125 0.06625
0 0.94125 0.90625 0.05125 0.0725
0 0.69125 0.90375 0.0225 0.1
0 0.4675 0.90375 0.0225 0.105
0 0.4375 0.89875 0.025 0.10125
0 0.41 0.90125 0.015 0.10125
0 0.6975 0.145 0.0225 0.1075
0 0.6675 0.145 0.025 0.115
0 0.63125 0.145 0.0425 0.105
0 0.57125 0.145 0.055 0.115
0 0.5225 0.14125 0.03 0.11
0 0.4825 0.145 0.0375 0.11625
0 0.44125 0.14625 0.04 0.1175
0 0.4 0.14125 0.03625 0.105
0 0.3525 0.14875 0.0425 0.10375
0 0.31875 0.15 0.0225 0.08875
0 0.26875 0.145 0.05625 0.11875
0 0.175 0.13375 0.11375 0.12875
0 0.0575 0.1375 0.115 0.13
0 0.35625 0.91375 0.02375 0.0725
0 0.38625 0.92 0.02875 0.07875
0 0.80375 0.1425 0.03125 0.1175
0 0.26875 0.4175 0.0425 0.0675
0 0.31125 0.4225 0.03625 0.07375
0 0.3525 0.42125 0.03125 0.07
0 0.835 0.62 0.025 0.03625
0 0.79625 0.62375 0.03625 0.0375
0 0.74 0.6625 0.02875 0.05375
0 0.7025 0.65875 0.0325 0.055
0 0.6675 0.66375 0.0325 0.05125
0 0.62375 0.66125 0.045 0.06375
0 0.02875 0.9375 0.05625 0.0225
0 0.0975 0.93125 0.0825 0.0275
0 0.195 0.93375 0.105 0.0225
0 0.1975 0.90125 0.1 0.02875
0 0.26875 0.9075 0.025 0.075
0 0.29625 0.915 0.02375 0.0675
0 0.32625 0.91625 0.025 0.075
0 0.57875 0.67125 0.03375 0.04
0 0.5425 0.67125 0.03375 0.04
0 0.5025 0.6725 0.0375 0.0375
0 0.42875 0.6775 0.03 0.02875
0 0.38 0.6675 0.0375 0.055
0 0.32875 0.67375 0.04 0.03625
0 0.27875 0.65875 0.05 0.0575
0 0.185 0.725 0.0775 0.03625
0 0.19 0.76375 0.08125 0.0275
0 0.0975 0.7325 0.065 0.02125
0 0.095 0.70625 0.07125 0.02375
0 0.10125 0.76125 0.065 0.03
0 0.1975 0.64875 0.0775 0.04625
0 0.12 0.65375 0.0625 0.0475
0 0.05 0.65625 0.0625 0.04625
0 0.98625 0.52125 0.025 0.03
0 0.86875 0.625 0.0275 0.0375
0 0.89375 0.63125 0.015 0.02625
0 0.915 0.63 0.01875 0.025
0 0.9425 0.63 0.03125 0.03375
0 0.07375 0.80375 0.03 0.01375
0 0.06625 0.82625 0.03125 0.01625
0 0.06375 0.8475 0.0325 0.015
0 0.03 0.81375 0.03625 0.01625
0 0.0225 0.8325 0.04375 0.015
0 0.02 0.85 0.04 0.01125
0 0.95375 0.7975 0.04875 0.07625
0 0.90375 0.79375 0.04125 0.07375
0 0.855 0.79375 0.0425 0.0725
0 0.8025 0.79625 0.045 0.075
0 0.72 0.77375 0.02625 0.065
0 0.69 0.7775 0.025 0.06375
0 0.6575 0.7825 0.02875 0.05125
0 0.6275 0.7825 0.02625 0.0575
0 0.9475 0.52 0.03625 0.045
0 0.21625 0.8475 0.0175 0.01875
0 0.51625 0.785 0.035 0.06
0 0.475 0.78125 0.0425 0.0625
0 0.435 0.7775 0.025 0.06
0 0.2375 0.82 0.0125 0.07375
0 0.36375 0.7825 0.03125 0.07
0 0.32875 0.78375 0.02875 0.06375
0 0.295 0.78125 0.02375 0.06625
0 0.2625 0.7825 0.02875 0.06625
0 0.985 0.71375 0.02875 0.05625
0 0.94125 0.715 0.0425 0.055
0 0.8975 0.725 0.03875 0.03625
0 0.8475 0.72 0.04625 0.04625
0 0.79625 0.72 0.03 0.04625
0 0.97375 0.625 0.0175 0.0425
0 0.55625 0.78375 0.0375 0.0625
0 0.14375 0.82875 0.02625 0.06
0 0.92125 0.53 0.01125 0.02375
0 0.87375 0.5225 0.0325 0.03125
0 0.0575 0.48 0.04375 0.07
0 0.015 0.4825 0.02625 0.06375
0 0.995 0.42125 0.01 0.02875
0 0.9825 0.42 0.0075 0.02625
0 0.9725 0.41875 0.0075 0.0225
0 0.95875 0.41875 0.00875 0.02875
0 0.945 0.4175 0.00875 0.02625
0 0.93125 0.4175 0.01 0.02875
0 0.9175 0.42 0.0075 0.0275
0 0.9025 0.41875 0.0075 0.03
0 0.89 0.42 0.01125 0.02875
0 0.86375 0.41875 0.01 0.03
0 0.85 0.41875 0.01 0.02875
0 0.8375 0.41875 0.00875 0.0275
0 0.82375 0.42125 0.01125 0.02875
0 0.8125 0.42125 0.00875 0.02875
0 0.8 0.4225 0.01 0.03375
0 0.7675 0.4125 0.03375 0.0975
0 0.7275 0.42375 0.03375 0.0675
0 0.68625 0.4175 0.03875 0.095
0 0.64625 0.435 0.02625 0.0525
0 0.62 0.42875 0.0225 0.07375
0 0.59 0.43375 0.03 0.06875
0 0.5575 0.42875 0.03 0.06375
0 0.525 0.43 0.02375 0.06375
0 0.495 0.43 0.02875 0.06875
0 0.4625 0.43 0.0275 0.05625
0 0.43 0.42875 0.0325 0.065
0 0.39125 0.425 0.035 0.065
0 0.1175 0.4825 0.05 0.07125
0 0.1925 0.48 0.08 0.06375
0 0.0725 0.56875 0.06375 0.0575
0 0.1475 0.5775 0.04 0.04375
0 0.84125 0.5225 0.0275 0.02875
0 0.8075 0.53 0.0275 0.02375
0 0.765 0.5475 0.04125 0.06125
0 0.6825 0.54375 0.05 0.0625
0 0.64625 0.56125 0.01375 0.035
0 0.62875 0.55875 0.01625 0.04
0 0.6075 0.56 0.01625 0.04125
0 0.58875 0.55875 0.0125 0.0375
0 0.56875 0.56 0.015 0.04625
0 0.54875 0.5575 0.01625 0.0425
0 0.50875 0.53875 0.0475 0.06375
0 0.45875 0.53875 0.04125 0.07
0 0.37125 0.49625 0.01875 0.0175
0 0.36 0.51875 0.01875 0.0175
0 0.90375 0.53 0.01375 0.02375
0 0.33625 0.49625 0.0175 0.0125
0 0.31 0.515 0.01625 0.01625
0 0.29375 0.515 0.01125 0.015
0 0.27375 0.5125 0.01125 0.015
0 0.42875 0.555 0.01375 0.0425
0 0.40625 0.5575 0.01875 0.0425
0 0.38875 0.55375 0.0125 0.03875
0 0.36875 0.5575 0.015 0.035
0 0.35 0.5525 0.015 0.03625
0 0.3325 0.55375 0.01625 0.04
0 0.30875 0.5575 0.01375 0.04
0 0.29 0.55875 0.01375 0.03875
0 0.27375 0.55125 0.01125 0.04
0 0.25875 0.5525 0.0125 0.04125
0 0.205 0.585 0.0475 0.04
0 0.33375 0.51375 0.01875 0.015
0 0.595 0.7825 0.03125 0.05875
0 0.4025 0.78 0.03 0.065