0 0.81125 0.545 0.0375 0.02125
0 0.49 0.5875 0.0275 0.0425
0 0.5225 0.58875 0.0275 0.0425
0 0.5525 0.5875 0.0275 0.04625
0 0.56375 0.4075 0.02 0.0175
0 0.5275 0.42875 0.03375 0.02
0 0.58125 0.5875 0.02875 0.055
0 0.6125 0.58625 0.03 0.055
0 0.64375 0.58625 0.03 0.055
0 0.675 0.585 0.0275 0.04875
0 0.54 0.40625 0.02 0.02
0 0.515 0.40625 0.02 0.01875
0 0.485 0.40625 0.02 0.02125
0 0.47375 0.4275 0.03875 0.0175
0 0.42125 0.425 0.03625 0.02125
0 0.585 0.4025 0.0125 0.02125
0 0.72125 0.535 0.0475 0.06625
0 0.37625 0.42625 0.0375 0.01875
0 0.3675 0.405 0.0175 0.01875
0 0.34625 0.41 0.0225 0.05875
0 0.7725 0.565 0.0325 0.0175
0 0.5075 0.51625 0.01625 0.015
0 0.39125 0.49125 0.015 0.0175
0 0.54125 0.5175 0.015 0.015
0 0.845 0.26125 0.015 0.015
0 0.8025 0.25 0.01375 0.0125
0 0.785 0.24875 0.01375 0.0125
0 0.79125 0.35375 0.0375 0.04625
0 0.72625 0.35125 0.0325 0.045
0 0.75875 0.34875 0.02625 0.05625
0 0.67625 0.4225 0.0375 0.0375
0 0.62125 0.42625 0.03875 0.02
0 0.57625 0.43 0.03625 0.02
0 0.865 0.35625 0.02 0.0475
0 0.525 0.5175 0.015 0.01375
0 0.8625 0.44125 0.0225 0.05
0 0.79625 0.445 0.01625 0.03125
0 0.775 0.44125 0.025 0.04625
0 0.72125 0.44 0.0325 0.04625
0 0.67875 0.5075 0.03125 0.03125
0 0.64125 0.50875 0.02875 0.03125
0 0.60375 0.4725 0.03125 0.0275
0 0.60625 0.50875 0.03 0.025
0 0.46 0.56875 0.0275 0.04875
0 0.57 0.50625 0.03125 0.03125
0 0.54 0.485 0.015 0.01625
0 0.8325 0.43125 0.0275 0.05875
0 0.42875 0.5725 0.035 0.045
0 0.2025 0.57875 0.02625 0.04875
0 0.34125 0.5825 0.0375 0.05625
0 0.76625 0.24625 0.015 0.015
0 0.76875 0.26125 0.00875 0.00875
0 0.2 0.4975 0.04375 0.04125
0 0.25875 0.485 0.0375 0.06
0 0.28125 0.505 0.01 0.0225
0 0.4425 0.32375 0.01625 0.0525
0 0.46125 0.32375 0.02125 0.05
0 0.4825 0.3275 0.01625 0.045
0 0.8625 0.24 0.01375 0.01625
0 0.5 0.3225 0.01625 0.055
0 0.4875 0.24875 0.0325 0.09125
0 0.52375 0.29625 0.035 0.1075
0 0.55625 0.2925 0.03 0.11375
0 0.59 0.295 0.02875 0.11375
0 0.62125 0.29625 0.02375 0.11125
0 0.65125 0.29625 0.02625 0.10875
0 0.68625 0.29625 0.03125 0.11125
0 0.7175 0.25125 0.0125 0.00875
0 0.735 0.2675 0.00875 0.01
0 0.2925 0.5075 0.00875 0.02625
0 0.73625 0.2525 0.0125 0.01375
0 0.3225 0.50875 0.02875 0.02375
0 0.35875 0.50625 0.0275 0.0275
0 0.415 0.5075 0.01375 0.0175
0 0.39125 0.5125 0.01625 0.0175
0 0.42375 0.325 0.0175 0.0525
0 0.38125 0.5825 0.03875 0.0525
0 0.3975 0.315 0.02875 0.06875
0 0.41 0.4875 0.015 0.01875
0 0.305 0.57 0.0325 0.02875
0 0.1375 0.5875 0.025 0.03625
0 0.17375 0.57875 0.02625 0.05625
0 0.24 0.58375 0.0425 0.03875
0 0.79875 0.265 0.015 0.015
0 0.1375 0.4975 0.02125 0.04625
0 0.325 0.40875 0.01875 0.06
0 0.3075 0.41 0.015 0.05125
0 0.2825 0.40625 0.02375 0.055
0 0.13375 0.4 0.01625 0.01875
0 0.15125 0.39875 0.0125 0.02
0 0.19 0.39 0.03875 0.035
0 0.24 0.39375 0.0475 0.04125
0 0.14375 0.27625 0.035 0.01875
0 0.14375 0.3025 0.0375 0.0275
0 0.1475 0.3275 0.03625 0.0225
0 0.205 0.25125 0.0525 0.07125
0 0.28875 0.31875 0.0325 0.05625
0 0.52375 0.485 0.01625 0.01625
0 0.50875 0.485 0.015 0.015
0 0.47875 0.505 0.03 0.035
0 0.165 0.48875 0.02875 0.06
0 0.44125 0.505 0.03 0.03125
0 0.31875 0.3225 0.02125 0.04875
0 0.3375 0.32375 0.01125 0.045
0 0.365 0.315 0.03625 0.07125
0 0.84375 0.2425 0.01625 0.0175
0 0.84125 0.35875 0.01875 0.03375
0 0.80125 0.1275 0.01625 0.1375
0 0.70125 0.78875 0.0225 0.025
0 0.7825 0.82375 0.03125 0.00875
0 0.78125 0.7975 0.04 0.04625
0 0.85 0.74 0.0175 0.02125
0 0.825 0.71375 0.01625 0.02375
0 0.85 0.71625 0.01625 0.025
0 0.82875 0.73875 0.0175 0.02625
0 0.71125 0.835 0.03125 0.06125
0 0.8025 0.7375 0.02875 0.03625
0 0.73625 0.73375 0.02625 0.04
0 0.6625 0.7425 0.035 0.06
0 0.58625 0.74125 0.03375 0.0625
0 0.54 0.74125 0.0325 0.055
0 0.4975 0.74625 0.03875 0.0475
0 0.4575 0.74625 0.0375 0.045
0 0.4225 0.74875 0.0325 0.04625
0 0.7675 0.73375 0.0325 0.045
0 0.74125 0.85 0.0125 0.025
0 0.82375 0.81625 0.03625 0.02875
0 0.7825 0.8525 0.03 0.01
0 0.16875 0.77125 0.05875 0.0375
0 0.82375 0.1525 0.01375 0.095
0 0.23125 0.83625 0.01 0.0575
0 0.21125 0.845 0.0275 0.055
0 0.25625 0.84375 0.035 0.0575
0 0.32875 0.82875 0.0975 0.08625
0 0.43 0.835 0.08 0.08375
0 0.5025 0.82625 0.0575 0.0775
0 0.56625 0.855 0.04375 0.0425
0 0.565 0.8125 0.05375 0.04625
0 0.65 0.84875 0.02625 0.04375
0 0.625 0.87 0.015 0.0075
0 0.60625 0.87 0.01375 0.0075
0 0.625 0.86125 0.015 0.01
0 0.605 0.86 0.015 0.00875
0 0.61125 0.83625 0.03 0.03375
0 0.78125 0.86 0.03 0.01
0 0.39375 0.7375 0.015 0.055
0 0.3775 0.74 0.01875 0.05625
0 0.62625 0.7425 0.03375 0.05875
0 0.32 0.75875 0.01375 0.0225
0 0.62 0.66875 0.05125 0.04125
0 0.34375 0.13125 0.04875 0.07625
0 0.40125 0.12375 0.055 0.08
0 0.35 0.745 0.03375 0.04875
0 0.77125 0.12625 0.04125 0.13125
0 0.72875 0.1275 0.04 0.13125
0 0.46125 0.11375 0.055 0.1125
0 0.6725 0.66125 0.03625 0.055
0 0.71125 0.6375 0.02625 0.05875
0 0.75375 0.64875 0.04 0.03625
0 0.8075 0.6475 0.02875 0.045
0 0.8375 0.65 0.02125 0.04125
0 0.8475 0.5625 0.03 0.01625
0 0.81 0.565 0.03125 0.0125
0 0.525 0.12375 0.0675 0.09125
0 0.5925 0.13 0.06 0.09
0 0.66 0.10875 0.0625 0.12
0 0.56625 0.65 0.0475 0.03875
0 0.6125 0.63875 0.0375 0.01875
0 0.8175 0.36 0.01375 0.0375
0 0.28875 0.13375 0.04625 0.0675
0 0.30625 0.76 0.01375 0.01625
0 0.28875 0.76125 0.01375 0.01625
0 0.245 0.76125 0.06625 0.0475
0 0.1675 0.655 0.03125 0.04625
0 0.22875 0.6775 0.07375 0.06375
0 0.3125 0.635 0.03375 0.00875
0 0.295 0.685 0.03875 0.01
0 0.295 0.675 0.04625 0.00875
0 0.295 0.66 0.045 0.01875
0 0.5675 0.6825 0.04875 0.02125
0 0.4025 0.6625 0.04875 0.01375
0 0.44625 0.68125 0.04 0.01625
0 0.45125 0.66375 0.045 0.01625
0 0.42375 0.64 0.045 0.0275
0 0.51 0.67125 0.04875 0.045
0 0.1575 0.105 0.06125 0.115
0 0.22 0.13 0.045 0.07375
0 0.40125 0.68 0.045 0.015