0 0.25875 0.76875 0.0275 0.08125
0 0.2975 0.76625 0.0275 0.0775
0 0.335 0.7675 0.0375 0.0775
0 0.3725 0.7675 0.0325 0.075
0 0.41375 0.76625 0.03 0.0725
0 0.66625 0.7675 0.03625 0.05
0 0.5125 0.76375 0.03 0.06
0 0.575 0.77625 0.0375 0.0525
0 0.6175 0.77 0.03875 0.05875
0 0.2175 0.7725 0.0225 0.085
0 0.715 0.76875 0.04 0.0475
0 0.46875 0.76875 0.03 0.0575
0 0.1825 0.76875 0.02375 0.07375
0 0.755 0.4125 0.045 0.02875
0 0.1375 0.6625 0.02375 0.08875
0 0.17125 0.6625 0.03625 0.08875
0 0.21 0.6625 0.02375 0.09
0 0.2475 0.6625 0.03 0.09875
0 0.76875 0.7675 0.04625 0.0525
0 0.29125 0.6625 0.025 0.08875
0 0.3375 0.6575 0.0325 0.0975
0 0.38125 0.65875 0.03375 0.10375
0 0.42375 0.6575 0.02625 0.09625
0 0.465 0.65875 0.03 0.09125
0 0.50875 0.65875 0.03 0.09125
0 0.5375 0.65125 0.02 0.08375
0 0.5675 0.6525 0.02125 0.08625
0 0.155 0.77 0.025 0.0675
0 0.82125 0.76375 0.04625 0.04875
0 0.73875 0.8725 0.03625 0.08625
0 0.8625 0.87 0.025 0.08
0 0.1575 0.29875 0.0625 0.13875
0 0.24375 0.30625 0.0875 0.115
0 0.33375 0.30375 0.07875 0.11625
0 0.42 0.305 0.08125 0.11375
0 0.52 0.3025 0.11 0.11125
0 0.645 0.3 0.1375 0.11
0 0.7475 0.3 0.03625 0.10625
0 0.8 0.2975 0.0375 0.105
0 0.85 0.2975 0.0375 0.10875
0 0.1625 0.8725 0.06375 0.11125
0 0.2175 0.88625 0.03 0.0875
0 0.2525 0.88375 0.035 0.09125
0 0.29 0.88375 0.03375 0.08625
0 0.325 0.88125 0.03375 0.08625
0 0.36875 0.88 0.03 0.09125
0 0.4025 0.88 0.0275 0.0875
0 0.4325 0.87875 0.0325 0.08875
0 0.46875 0.87875 0.02875 0.08875
0 0.5025 0.87875 0.03625 0.08875
0 0.5425 0.8775 0.03375 0.095
0 0.5775 0.875 0.03125 0.0925
0 0.615 0.8725 0.03875 0.0875
0 0.65375 0.8725 0.035 0.08875
0 0.6925 0.87125 0.035 0.0875
0 0.75125 0.44625 0.04125 0.02875
0 0.785 0.87375 0.0375 0.09125
0 0.82875 0.87125 0.035 0.08125
0 0.86125 0.7675 0.02625 0.045
0 0.64625 0.6475 0.03125 0.09125
0 0.6 0.6525 0.02875 0.08375
0 0.72 0.65 0.035 0.085
0 0.42875 0.53625 0.03 0.1125
0 0.38 0.54 0.035 0.09125
0 0.335 0.5425 0.03125 0.09375
0 0.29625 0.545 0.02875 0.09625
0 0.25875 0.53875 0.02375 0.0925
0 0.225 0.5425 0.025 0.09375
0 0.19375 0.5425 0.0275 0.09625
0 0.1575 0.545 0.03 0.09375
0 0.165 0.455 0.03625 0.03125
0 0.16375 0.42125 0.04 0.03375
0 0.4775 0.5325 0.03125 0.1125
0 0.20375 0.42375 0.02375 0.095
0 0.26875 0.42375 0.0225 0.0925
0 0.3075 0.42125 0.03875 0.0825
0 0.34875 0.4225 0.0275 0.08625
0 0.38625 0.4225 0.0325 0.08625
0 0.4425 0.4275 0.035 0.0825
0 0.48 0.425 0.03 0.07875
0 0.5175 0.42625 0.03125 0.0775
0 0.57 0.43875 0.045 0.04375
0 0.85 0.4125 0.0325 0.09375
0 0.81 0.4175 0.035 0.09375
0 0.23375 0.41875 0.025 0.0975
0 0.6825 0.6475 0.0275 0.085
0 0.70625 0.535 0.04125 0.03
0 0.75875 0.5625 0.03875 0.02625
0 0.6925 0.41625 0.0425 0.02625
0 0.64875 0.535 0.03625 0.025
0 0.64625 0.5075 0.035 0.02625
0 0.6 0.56875 0.04 0.0325
0 0.59875 0.535 0.04 0.03
0 0.55875 0.535 0.03125 0.08875
0 0.51875 0.535 0.02375 0.08875
0 0.64875 0.56375 0.03875 0.03375
0 0.7075 0.50625 0.03625 0.02625
0 0.7025 0.56625 0.0375 0.03
0 0.76 0.53 0.04 0.02875
0 0.62 0.43625 0.04125 0.04625
0 0.82125 0.5025 0.0425 0.025
0 0.8275 0.53125 0.0425 0.02625
0 0.82375 0.5625 0.0475 0.03125
0 0.84125 0.64625 0.03875 0.09375
0 0.795 0.65 0.035 0.09875
0 0.695 0.445 0.04 0.02625