0 0.62875 0.55125 0.02 0.0775
0 0.04375 0.2575 0.02375 0.07875
0 0.20125 0.56625 0.02875 0.09
0 0.2325 0.5625 0.02875 0.0825
0 0.26125 0.56125 0.02875 0.085
0 0.2925 0.56 0.03125 0.0825
0 0.32125 0.55875 0.025 0.085
0 0.34875 0.55625 0.02875 0.08
0 0.38 0.55625 0.03 0.0825
0 0.41 0.5525 0.02625 0.08125
0 0.43625 0.55375 0.02375 0.07875
0 0.46375 0.55125 0.0275 0.07625
0 0.4925 0.5375 0.025 0.07125
0 0.55 0.54625 0.02875 0.0775
0 0.57875 0.56625 0.02375 0.04625
0 0.60625 0.55125 0.0225 0.07875
0 0.65 0.55 0.01875 0.07875
0 0.6725 0.55125 0.0225 0.07875
0 0.695 0.5475 0.01875 0.07625
0 0.71625 0.5475 0.0225 0.0775
0 0.73875 0.54625 0.02125 0.07875
0 0.76125 0.54625 0.02 0.0775
0 0.79375 0.545 0.025 0.07625
0 0.8175 0.5425 0.0175 0.0775
0 0.89375 0.49625 0.02375 0.08625
0 0.87125 0.50125 0.02125 0.0775
0 0.8125 0.44125 0.0225 0.08
0 0.7875 0.44375 0.02375 0.0775
0 0.88 0.39 0.0225 0.085
0 0.76125 0.44375 0.0225 0.08
0 0.7375 0.445 0.0225 0.0825
0 0.17 0.565 0.03 0.08625
0 0.71375 0.44625 0.02125 0.08125
0 0.14 0.56875 0.02875 0.08
0 0.08375 0.57 0.03 0.08125
0 0.01625 0.25625 0.0275 0.07625
0 0.895 0.76375 0.01625 0.035
0 0.86125 0.63125 0.01875 0.02875
0 0.8875 0.62 0.01625 0.02875
0 0.78375 0.66875 0.0275 0.0775
0 0.735 0.67 0.0225 0.0775
0 0.7125 0.67 0.02375 0.07875
0 0.68625 0.67125 0.0225 0.08
0 0.6625 0.6725 0.02125 0.08
0 0.63875 0.67375 0.025 0.07625
0 0.61375 0.675 0.02 0.0775
0 0.59125 0.675 0.02375 0.075
0 0.56625 0.67625 0.0225 0.07875
0 0.53875 0.68 0.02125 0.0775
0 0.50875 0.675 0.02625 0.0875
0 0.4775 0.67875 0.02875 0.0875
0 0.3825 0.68375 0.02875 0.08875
0 0.35375 0.68375 0.02875 0.09125
0 0.32125 0.685 0.03125 0.08875
0 0.29 0.68625 0.03 0.095
0 0.26 0.69 0.03 0.0875
0 0.22875 0.69 0.03 0.08875
0 0.195 0.69125 0.0325 0.08875
0 0.16375 0.6925 0.0275 0.08875
0 0.13375 0.69375 0.0275 0.09
0 0.105 0.71 0.0225 0.06125
0 0.0775 0.71125 0.02375 0.0625
0 0.0525 0.71125 0.025 0.06125
0 0.0225 0.71375 0.025 0.06125
0 0.11125 0.57125 0.0225 0.0825
0 0.69125 0.445 0.02 0.08
0 0.75875 0.66875 0.02 0.07875
0 0.6475 0.44625 0.02375 0.07625
0 0.63 0.345 0.02 0.07625
0 0.6525 0.345 0.025 0.075
0 0.67625 0.34625 0.02125 0.07625
0 0.69875 0.34375 0.02 0.0775
0 0.72 0.3425 0.01875 0.07625
0 0.7425 0.34 0.0225 0.0775
0 0.765 0.34125 0.02125 0.0775
0 0.79375 0.34 0.02625 0.075
0 0.81875 0.34125 0.0225 0.075
0 0.82375 0.2425 0.02375 0.07125
0 0.79875 0.2425 0.025 0.07125
0 0.76 0.2425 0.02125 0.07
0 0.73625 0.245 0.025 0.07125
0 0.7075 0.24375 0.025 0.07125
0 0.6825 0.24625 0.0225 0.07375
0 0.65875 0.24625 0.0225 0.07125
0 0.6075 0.2475 0.02375 0.07625
0 0.5825 0.2475 0.0225 0.07375
0 0.43 0.255 0.02125 0.0625
0 0.405 0.2525 0.02375 0.06375
0 0.3775 0.25 0.02625 0.06625
0 0.3 0.2525 0.025 0.0675
0 0.27 0.2525 0.03125 0.07
0 0.23375 0.25125 0.0275 0.07125
0 0.18 0.25375 0.02875 0.07
0 0.125 0.255 0.0225 0.07625
0 0.1 0.2575 0.02375 0.07875
0 0.67 0.4475 0.02 0.0775
0 0.07125 0.2575 0.0275 0.07625
0 0.60625 0.3475 0.025 0.08
0 0.5675 0.34875 0.02625 0.08125
0 0.1525 0.255 0.02625 0.0775
0 0.51125 0.3475 0.02875 0.0825
0 0.54 0.3475 0.025 0.0825
0 0.625 0.44625 0.01875 0.0775
0 0.5575 0.44875 0.02875 0.08125
0 0.52875 0.4475 0.02625 0.08
0 0.34875 0.45 0.025 0.08
0 0.32 0.4525 0.02875 0.0825
0 0.28875 0.45375 0.03 0.0825
0 0.2625 0.45 0.02375 0.07875
0 0.2275 0.455 0.02875 0.08875
0 0.19625 0.4575 0.0325 0.0875
0 0.16625 0.45625 0.02625 0.09
0 0.14 0.45625 0.02125 0.09375
0 0.035 0.45875 0.04625 0.095
0 0.04125 0.36625 0.02375 0.0575
0 0.01625 0.3675 0.02625 0.05875
0 0.585 0.4475 0.02375 0.0825
0 0.07 0.36875 0.025 0.0575
0 0.455 0.34875 0.02875 0.085
0 0.4275 0.3475 0.025 0.08375
0 0.4825 0.34875 0.02625 0.085
0 0.36875 0.34625 0.02375 0.07875
0 0.32625 0.34875 0.03125 0.08375
0 0.295 0.34875 0.025 0.08375
0 0.39875 0.3475 0.03125 0.085
0 0.2325 0.35 0.02875 0.0825
0 0.2075 0.35 0.02 0.08375
0 0.16875 0.36375 0.02875 0.05875
0 0.12875 0.36625 0.0225 0.0575
0 0.10125 0.3675 0.02375 0.05875
0 0.26625 0.35 0.03 0.08125