0 0.63 0.4025 0.045 0.0875
0 0.68125 0.39625 0.0575 0.09875
0 0.74 0.39875 0.05875 0.1
0 0.7875 0.41 0.03625 0.0775
0 0.1425 0.54625 0.035 0.06625
0 0.1575 0.41125 0.05125 0.08625
0 0.19 0.47875 0.04 0.0475
0 0.19 0.5475 0.035 0.05625
0 0.58 0.41625 0.0475 0.06875
0 0.83125 0.40375 0.05 0.08375
0 0.53375 0.41375 0.0425 0.0725
0 0.37625 0.41625 0.0425 0.0675
0 0.4275 0.41 0.05625 0.08125
0 0.3725 0.36625 0.03875 0.0275
0 0.265 0.54125 0.02625 0.0725
0 0.28125 0.40875 0.04625 0.09375
0 0.22875 0.54875 0.0425 0.05875
0 0.23125 0.4575 0.045 0.0575
0 0.22875 0.3875 0.0475 0.055
0 0.23125 0.32125 0.06 0.0775
0 0.17375 0.30625 0.03875 0.1
0 0.14125 0.2875 0.02125 0.0975
0 0.4825 0.40625 0.055 0.0875
0 0.295 0.52625 0.03125 0.09375
0 0.5275 0.51625 0.05 0.09
0 0.37375 0.525 0.03375 0.1
0 0.2575 0.665 0.03 0.0625
0 0.28875 0.66 0.03 0.055
0 0.3275 0.64125 0.02875 0.09375
0 0.35875 0.64 0.0325 0.09375
0 0.42125 0.635 0.03125 0.0875
0 0.45 0.635 0.0225 0.08875
0 0.475 0.635 0.0275 0.09
0 0.50375 0.635 0.02625 0.09
0 0.5275 0.635 0.0225 0.0875
0 0.55375 0.6375 0.03125 0.08125
0 0.5825 0.63875 0.0275 0.08125
0 0.22875 0.665 0.03375 0.0625
0 0.19875 0.6625 0.02375 0.05625
0 0.1625 0.6475 0.045 0.08
0 0.82875 0.515 0.04875 0.10125
0 0.775 0.5125 0.055 0.0975
0 0.72375 0.525 0.0475 0.09125
0 0.6725 0.52375 0.05125 0.09625
0 0.625 0.5225 0.0425 0.1
0 0.57875 0.52125 0.04875 0.09875
0 0.845 0.15375 0.04625 0.1
0 0.4725 0.5225 0.0575 0.10125
0 0.4175 0.52375 0.05125 0.0975
0 0.33375 0.52375 0.04375 0.1025
0 0.8025 0.155 0.03625 0.09625
0 0.32875 0.41125 0.04625 0.085
0 0.7075 0.17 0.0325 0.06625
0 0.64375 0.14375 0.02375 0.0375
0 0.61375 0.14125 0.0325 0.04125
0 0.575 0.08875 0.03875 0.0725
0 0.53875 0.09375 0.0325 0.06125
0 0.57875 0.165 0.0325 0.07625
0 0.5425 0.165 0.04 0.07625
0 0.48 0.16 0.0775 0.08875
0 0.75875 0.15625 0.05 0.09
0 0.28875 0.16875 0.1 0.0775
0 0.18875 0.14625 0.07125 0.12375
0 0.255 0.83125 0.025 0.075
0 0.29 0.83875 0.045 0.09
0 0.35375 0.8375 0.03375 0.09
0 0.3875 0.83625 0.03625 0.09
0 0.41875 0.83 0.02375 0.07625
0 0.455 0.84 0.03875 0.0925
0 0.48875 0.8225 0.02375 0.07375
0 0.52 0.83875 0.035 0.08875
0 0.55625 0.83375 0.0325 0.08375
0 0.6025 0.815 0.02875 0.065
0 0.6325 0.8125 0.02875 0.06875
0 0.65875 0.8075 0.0225 0.05625
0 0.6975 0.82375 0.04 0.09
0 0.73625 0.8225 0.03625 0.09
0 0.76625 0.81875 0.02375 0.08
0 0.81875 0.81625 0.04 0.09125
0 0.8625 0.8175 0.025 0.09375
0 0.61375 0.18375 0.02875 0.03875
0 0.21 0.84 0.0625 0.08125
0 0.39875 0.16125 0.08375 0.08875
0 0.31375 0.7475 0.05125 0.05625
0 0.6725 0.62625 0.025 0.07875
0 0.64125 0.63 0.0325 0.09
0 0.6125 0.63125 0.025 0.0925
0 0.645 0.18375 0.035 0.03875
0 0.77125 0.63 0.03125 0.09375
0 0.8125 0.63875 0.04875 0.06
0 0.8525 0.63875 0.025 0.0625
0 0.16625 0.74375 0.0475 0.065
0 0.36 0.7375 0.04125 0.0775
0 0.40625 0.73875 0.0475 0.06625
0 0.7025 0.63375 0.03375 0.08375
0 0.465 0.73875 0.04875 0.06875
0 0.64 0.7325 0.04375 0.065
0 0.68125 0.73625 0.03625 0.05125
0 0.7125 0.735 0.02375 0.0475
0 0.73625 0.73625 0.0225 0.045
0 0.77125 0.73625 0.04 0.045
0 0.81125 0.72875 0.0375 0.05875
0 0.69 0.105 0.05125 0.06
0 0.67875 0.17125 0.02375 0.06625
0 0.51625 0.73625 0.05375 0.065
0 0.735 0.62875 0.035 0.095