0 0.85 0.51125 0.0775 0.0575
0 0.62875 0.68625 0.06 0.04125
0 0.55125 0.715 0.0875 0.02125
0 0.55 0.68125 0.0925 0.04625
0 0.4675 0.705 0.06375 0.04625
0 0.32125 0.71875 0.07 0.0275
0 0.68875 0.68375 0.05375 0.04625
0 0.24875 0.71875 0.06875 0.0275
0 0.3175 0.6825 0.075 0.045
0 0.39875 0.70625 0.07375 0.04375
0 0.7475 0.67875 0.05875 0.045
0 0.80375 0.67875 0.05 0.045
0 0.85875 0.67375 0.05875 0.0525
0 0.225 0.79625 0.065 0.0325
0 0.15625 0.79625 0.07125 0.03375
0 0.22125 0.75625 0.07 0.04375
0 0.14875 0.75625 0.075 0.04375
0 0.07875 0.755 0.06375 0.045
0 0.0875 0.79375 0.06125 0.03125
0 0.02625 0.795 0.0525 0.03625
0 0.2425 0.68375 0.07375 0.0425
0 0.02375 0.7525 0.04625 0.04
0 0.98 0.68125 0.04 0.045
0 0.90625 0.715 0.065 0.02875
0 0.8375 0.71625 0.06125 0.02625
0 0.7825 0.71625 0.0475 0.02875
0 0.73125 0.71875 0.04875 0.02
0 0.67875 0.71875 0.05 0.0225
0 0.9225 0.67375 0.06625 0.05125
0 0.97125 0.71625 0.05625 0.02125
0 0.18625 0.72 0.05 0.02125
0 0.055 0.655 0.04875 0.0475
0 0.17375 0.6825 0.0625 0.05
0 0.8575 0.5675 0.05 0.05
0 0.8 0.56625 0.06125 0.03625
0 0.7375 0.565 0.06125 0.04
0 0.67875 0.56625 0.05625 0.04375
0 0.62 0.56875 0.05875 0.03875
0 0.54875 0.6075 0.08125 0.02875
0 0.55 0.57 0.07625 0.04625
0 0.4675 0.57 0.075 0.05
0 0.46875 0.61 0.0725 0.02875
0 0.395 0.61 0.07125 0.02875
0 0.38 0.56875 0.075 0.04625
0 0.245 0.5675 0.06125 0.0525
0 0.18 0.56875 0.065 0.04875
0 0.31 0.56875 0.06375 0.05
0 0.125 0.72 0.06625 0.02375
0 0.3225 0.60875 0.06625 0.0325
0 0.195 0.61125 0.055 0.03375
0 0.13125 0.61 0.06625 0.03
0 0.1075 0.57125 0.06625 0.045
0 0.04625 0.5825 0.05 0.07875
0 0.6725 0.60625 0.0525 0.0325
0 0.7325 0.605 0.0525 0.03375
0 0.7875 0.6075 0.04625 0.03
0 0.8425 0.60875 0.0575 0.03
0 0.90125 0.61 0.05375 0.02875
0 0.9175 0.51125 0.05625 0.05875
0 0.28625 0.7875 0.0475 0.05125
0 0.95625 0.6075 0.05 0.0275
0 0.05625 0.70875 0.04375 0.0425
0 0.11 0.6825 0.06125 0.05
0 0.25625 0.60875 0.065 0.03125
0 0.33625 0.785 0.0475 0.055
0 0.76 0.75375 0.05125 0.02
0 0.44875 0.78875 0.0675 0.04875
0 0.89875 0.27 0.0575 0.05625
0 0.965 0.27125 0.0575 0.05625
0 0.97375 0.78875 0.05 0.035
0 0.9725 0.45375 0.0425 0.045
0 0.98 0.395 0.03875 0.0725
0 0.92375 0.40625 0.0525 0.0625
0 0.91 0.4575 0.05125 0.0375
0 0.8525 0.4575 0.05125 0.03875
0 0.7925 0.4575 0.055 0.03875
0 0.7275 0.45625 0.06 0.0375
0 0.66875 0.45875 0.055 0.035
0 0.61 0.45875 0.06 0.03625
0 0.5475 0.45625 0.05625 0.03875
0 0.86625 0.405 0.055 0.0625
0 0.8275 0.27125 0.06625 0.05625
0 0.805 0.40625 0.06375 0.06125
0 0.675 0.41625 0.06125 0.045
0 0.6125 0.41625 0.06375 0.0475
0 0.54375 0.41375 0.0625 0.04375
0 0.45875 0.4525 0.10375 0.045
0 0.46 0.40875 0.1025 0.04125
0 0.355 0.44375 0.0975 0.05125
0 0.25625 0.4475 0.0925 0.0525
0 0.15125 0.45875 0.0825 0.0375
0 0.06625 0.4575 0.08125 0.0375
0 0.1375 0.41125 0.0925 0.05375
0 0.0475 0.4125 0.0825 0.04875
0 0.18125 0.32375 0.09625 0.03625
0 0.085 0.32625 0.0875 0.04
0 0.9725 0.56625 0.0525 0.0525
0 0.74 0.40125 0.065 0.05875
0 0.38625 0.78125 0.0475 0.0525
0 0.75625 0.2725 0.07125 0.05125
0 0.61875 0.2775 0.07 0.05375
0 0.51875 0.785 0.07125 0.04625
0 0.58875 0.78375 0.06375 0.05
0 0.655 0.7475 0.05375 0.03125
0 0.66 0.77125 0.05 0.01625
0 0.65375 0.795 0.04375 0.0275
0 0.7075 0.78375 0.0425 0.0375
0 0.70875 0.75375 0.045 0.02125
0 0.7525 0.73625 0.055 0.0125
0 0.76 0.78625 0.05375 0.0375
0 0.8175 0.79625 0.05125 0.0425
0 0.8175 0.7525 0.05625 0.04
0 0.8725 0.75125 0.05 0.04
0 0.87 0.78875 0.04375 0.0325
0 0.9225 0.78625 0.05 0.04375
0 0.68625 0.275 0.06625 0.0475
0 0.92125 0.7475 0.045 0.03125
0 0.04 0.21375 0.08 0.0675
0 0.1325 0.2125 0.0925 0.0725
0 0.23625 0.21 0.09625 0.07375
0 0.05 0.2775 0.09125 0.04625
0 0.145 0.275 0.09 0.0425
0 0.24375 0.2725 0.10625 0.04625
0 0.5425 0.2175 0.07375 0.06375
0 0.61875 0.21625 0.07125 0.065
0 0.6875 0.21375 0.06625 0.0625
0 0.76375 0.21125 0.0775 0.06125
0 0.83875 0.20125 0.06875 0.06625
0 0.91 0.20125 0.06375 0.07625
0 0.9725 0.20125 0.045 0.0775
0 0.54375 0.27625 0.0725 0.05125
0 0.9725 0.74875 0.05 0.04
0 0.61625 0.6075 0.0525 0.0325
0 0.9175 0.56625 0.0575 0.05125
0 0.97125 0.50375 0.05 0.05375