0 0.4625 0.3375 0.01875 0.05375
0 0.48375 0.3375 0.02 0.0525
0 0.50625 0.34 0.0225 0.05
0 0.54625 0.34125 0.01875 0.05625
0 0.5875 0.33625 0.01375 0.05375
0 0.5675 0.34 0.02125 0.05875
0 0.6075 0.33625 0.025 0.05375
0 0.44125 0.33875 0.02125 0.05125
0 0.255 0.5225 0.03375 0.03875
0 0.3975 0.34375 0.0225 0.05125
0 0.3725 0.345 0.01875 0.04875
0 0.3475 0.34375 0.0225 0.04125
0 0.63375 0.33 0.02125 0.0575
0 0.3225 0.345 0.02375 0.0475
0 0.2975 0.345 0.0225 0.04875
0 0.27125 0.3425 0.02125 0.05
0 0.245 0.34375 0.02875 0.05125
0 0.42 0.345 0.02 0.05
0 0.65625 0.3275 0.02125 0.0575
0 0.395 0.5725 0.03125 0.0475
0 0.70875 0.33125 0.025 0.05375
0 0.2725 0.595 0.02125 0.03875
0 0.29875 0.5725 0.0275 0.0475
0 0.33 0.575 0.0325 0.045
0 0.36125 0.57375 0.0325 0.04375
0 0.74625 0.41625 0.02125 0.05
0 0.43 0.57125 0.03625 0.045
0 0.46375 0.56875 0.03125 0.04875
0 0.49875 0.56875 0.03375 0.0425
0 0.53125 0.56625 0.03125 0.045
0 0.5625 0.56375 0.0225 0.03625
0 0.59625 0.57125 0.035 0.03875
0 0.63 0.57 0.03 0.03625
0 0.665 0.565 0.0325 0.04625
0 0.24875 0.26125 0.03 0.0475
0 0.70375 0.56875 0.0375 0.03875
0 0.7325 0.30625 0.02 0.0275
0 0.7325 0.3375 0.02 0.02875
0 0.6825 0.3375 0.0225 0.045
0 0.72875 0.41625 0.01625 0.05
0 0.3525 0.425 0.01375 0.05
0 0.68875 0.41625 0.02125 0.05
0 0.685 0.495 0.025 0.035
0 0.6575 0.485 0.03125 0.05125
0 0.6325 0.4875 0.0125 0.04
0 0.6125 0.4975 0.025 0.04
0 0.58875 0.485 0.02 0.03375
0 0.56 0.495 0.02375 0.0375
0 0.53625 0.49625 0.02 0.03875
0 0.5075 0.5 0.02875 0.04375
0 0.48125 0.505 0.0225 0.03875
0 0.45625 0.505 0.0275 0.0375
0 0.43125 0.49875 0.02 0.04125
0 0.40875 0.50125 0.02375 0.0375
0 0.385 0.50125 0.0225 0.04
0 0.24625 0.59625 0.0275 0.03625
0 0.3625 0.49625 0.02125 0.05625
0 0.33875 0.49625 0.02375 0.0575
0 0.31375 0.495 0.02125 0.05
0 0.72125 0.47875 0.0375 0.0325
0 0.70875 0.41625 0.0175 0.05125
0 0.72875 0.5025 0.0475 0.01125
0 0.29125 0.40625 0.045 0.01375
0 0.665 0.415 0.02375 0.04875
0 0.6425 0.4275 0.02125 0.02625
0 0.62 0.42625 0.02375 0.02625
0 0.59125 0.42 0.03125 0.04
0 0.5625 0.42 0.025 0.03875
0 0.5325 0.41875 0.03375 0.03875
0 0.50125 0.42125 0.02875 0.04625
0 0.4725 0.4225 0.0275 0.045
0 0.4475 0.42375 0.02375 0.04625
0 0.42125 0.42375 0.0225 0.0475
0 0.405 0.425 0.015 0.04875
0 0.3875 0.4275 0.01625 0.0425
0 0.3675 0.42625 0.0125 0.04875
0 0.32875 0.42375 0.03125 0.0475
0 0.28875 0.4425 0.05 0.00875
0 0.28625 0.43125 0.045 0.01
0 0.285 0.42 0.0475 0.0125
0 0.73875 0.56375 0.0275 0.05125
0 0.7225 0.63125 0.025 0.01875
0 0.65625 0.71 0.04 0.04
0 0.65125 0.635 0.03375 0.035
0 0.56125 0.77 0.015 0.04
0 0.545 0.7725 0.015 0.03875
0 0.5175 0.77 0.02 0.03625
0 0.495 0.77125 0.02375 0.035
0 0.47125 0.7725 0.0225 0.0375
0 0.4425 0.7675 0.02625 0.025
0 0.44125 0.79125 0.025 0.0125
0 0.41625 0.775 0.02 0.0375
0 0.3275 0.26 0.02 0.0475
0 0.37625 0.25375 0.025 0.05375
0 0.4175 0.265 0.04625 0.03375
0 0.46125 0.26625 0.03625 0.0325
0 0.41875 0.23 0.04625 0.025
0 0.4625 0.23 0.0425 0.03
0 0.49875 0.25375 0.02875 0.05625
0 0.52875 0.25875 0.025 0.045
0 0.565 0.25625 0.02 0.045
0 0.59625 0.78375 0.04875 0.01625
0 0.595 0.25125 0.0375 0.0575
0 0.595 0.76625 0.0475 0.01875
0 0.65 0.7675 0.00875 0.03375
0 0.6125 0.70125 0.0275 0.03375
0 0.5775 0.6975 0.0225 0.03
0 0.5525 0.69625 0.015 0.02125
0 0.53125 0.71 0.01875 0.04
0 0.5125 0.715 0.015 0.03875
0 0.47375 0.7125 0.02125 0.0375
0 0.43875 0.705 0.02 0.035
0 0.415 0.70875 0.0275 0.01375
0 0.39875 0.7225 0.02375 0.0125
0 0.39 0.69625 0.01875 0.02375
0 0.365 0.7 0.01875 0.025
0 0.33 0.71625 0.025 0.04125
0 0.2975 0.715 0.025 0.045
0 0.74875 0.78 0.04875 0.045
0 0.71125 0.7725 0.02 0.0375
0 0.68625 0.7725 0.0225 0.03875
0 0.66625 0.77125 0.0175 0.03875
0 0.63375 0.7725 0.02 0.035
0 0.68875 0.635 0.03 0.0375
0 0.62875 0.25625 0.02125 0.04375
0 0.68625 0.26125 0.04125 0.0275
0 0.23625 0.65875 0.02 0.0375
0 0.25625 0.6625 0.01625 0.0375
0 0.65875 0.1575 0.025 0.06125
0 0.27625 0.2625 0.02125 0.05
0 0.74625 0.15 0.035 0.065
0 0.715 0.15 0.0275 0.0625
0 0.27375 0.6625 0.01875 0.04
0 0.30125 0.63375 0.02125 0.03375
0 0.32875 0.6525 0.03 0.03375
0 0.365 0.63875 0.0275 0.04625
0 0.39375 0.6425 0.02875 0.04625
0 0.4225 0.63875 0.0175 0.045
0 0.48 0.64125 0.03875 0.04375
0 0.52125 0.63375 0.0325 0.04
0 0.55625 0.64 0.0375 0.0525
0 0.59 0.64 0.0275 0.05125
0 0.62125 0.63875 0.02375 0.045
0 0.725 0.7075 0.025 0.04625
0 0.65125 0.25625 0.02125 0.04375
0 0.695 0.70125 0.025 0.035
0 0.25125 0.76875 0.025 0.02125
0 0.73375 0.25625 0.0525 0.03625
0 0.27875 0.1525 0.0525 0.0875
0 0.35125 0.17 0.055 0.0625
0 0.40875 0.165 0.05875 0.07
0 0.46125 0.15625 0.0375 0.07375
0 0.49875 0.165 0.03625 0.0575
0 0.59 0.1075 0.03125 0.025
0 0.625 0.10625 0.03125 0.0275
0 0.5325 0.15875 0.03 0.06375
0 0.56125 0.15375 0.025 0.075
0 0.59 0.1575 0.03 0.0675
0 0.62625 0.15625 0.03625 0.07125
0 0.39625 0.7775 0.02125 0.03375
0 0.37625 0.77125 0.01625 0.03625
0 0.34625 0.77625 0.0275 0.03
0 0.3125 0.78 0.03125 0.03625
0 0.25875 0.74 0.0275 0.02125
0 0.28125 0.7725 0.025 0.0225
0 0.68625 0.155 0.02625 0.06875
0 0.30375 0.26 0.025 0.04625