0 0.2275 0.8125 0.01625 0.0775
0 0.365 0.68125 0.0275 0.0675
0 0.34375 0.8 0.02875 0.09125
0 0.30125 0.80625 0.04125 0.08625
0 0.26625 0.80875 0.02125 0.075
0 0.26125 0.70125 0.01625 0.06875
0 0.245 0.81 0.01625 0.0825
0 0.5625 0.4625 0.0125 0.06875
0 0.41875 0.805 0.035 0.08375
0 0.2425 0.7025 0.015 0.0675
0 0.49125 0.7975 0.0375 0.09125
0 0.53125 0.79875 0.03375 0.0825
0 0.29875 0.67625 0.0325 0.0875
0 0.26875 0.6 0.015 0.05875
0 0.2525 0.6 0.015 0.05875
0 0.23375 0.6 0.0125 0.06
0 0.56625 0.7975 0.03125 0.085
0 0.60375 0.79625 0.02875 0.08375
0 0.74625 0.57 0.02375 0.06125
0 0.63875 0.79875 0.035 0.085
0 0.67875 0.79875 0.035 0.0875
0 0.7175 0.79875 0.035 0.085
0 0.38125 0.80625 0.0375 0.08625
0 0.7475 0.66875 0.0325 0.08375
0 0.49625 0.6675 0.03 0.08
0 0.6725 0.6675 0.03 0.08375
0 0.25375 0.5025 0.01875 0.045
0 0.23375 0.50125 0.01375 0.045
0 0.54 0.4725 0.025 0.04875
0 0.51125 0.4725 0.025 0.0475
0 0.47375 0.47 0.0425 0.0525
0 0.435 0.4775 0.02625 0.04375
0 0.40625 0.4775 0.02625 0.04
0 0.375 0.47625 0.03 0.04
0 0.34375 0.4775 0.02625 0.03875
0 0.32125 0.48625 0.0125 0.02625
0 0.3 0.495 0.0175 0.0125
0 0.28125 0.495 0.0175 0.0125
0 0.30375 0.48 0.0175 0.0125
0 0.31 0.46375 0.01875 0.01625
0 0.7125 0.67 0.03 0.07625
0 0.2875 0.465 0.02 0.01625
0 0.73125 0.35625 0.0125 0.085
0 0.71375 0.35625 0.015 0.085
0 0.6975 0.3575 0.0125 0.0825
0 0.68125 0.35625 0.015 0.0875
0 0.66375 0.36 0.01625 0.0825
0 0.64 0.36 0.01875 0.08375
0 0.6175 0.3625 0.01875 0.08375
0 0.39375 0.67875 0.02375 0.06625
0 0.42875 0.6775 0.035 0.07
0 0.4625 0.67125 0.03125 0.0775
0 0.52875 0.6675 0.03 0.08125
0 0.565 0.66875 0.03 0.08625
0 0.60125 0.6675 0.03375 0.09
0 0.6375 0.6675 0.03125 0.085
0 0.75 0.3575 0.0175 0.08375
0 0.2825 0.48 0.02 0.01125
0 0.54125 0.2425 0.02 0.0825
0 0.58125 0.365 0.015 0.08125
0 0.51375 0.56125 0.06 0.01625
0 0.5125 0.58 0.0625 0.015
0 0.5125 0.5975 0.06125 0.01375
0 0.56625 0.56625 0.03125 0.07625
0 0.60125 0.56625 0.03125 0.07625
0 0.63375 0.56625 0.02875 0.07375
0 0.445 0.6 0.06 0.01625
0 0.6675 0.565 0.0325 0.07125
0 0.59875 0.36 0.015 0.085
0 0.22375 0.2325 0.0075 0.04625
0 0.23875 0.2325 0.0175 0.04
0 0.2575 0.255 0.01 0.07625
0 0.26875 0.2525 0.00625 0.08125
0 0.2825 0.25375 0.01125 0.075
0 0.72 0.57125 0.025 0.0525
0 0.29375 0.25375 0.00875 0.075
0 0.445 0.5825 0.05875 0.015
0 0.37875 0.585 0.065 0.01875
0 0.57625 0.4625 0.01 0.06625
0 0.58875 0.4625 0.01 0.0675
0 0.60375 0.45625 0.0125 0.06875
0 0.6175 0.4575 0.01375 0.0625
0 0.63125 0.455 0.01 0.065
0 0.6775 0.45875 0.05875 0.01375
0 0.38 0.605 0.06375 0.0125
0 0.67875 0.4725 0.055 0.01125
0 0.73375 0.4525 0.0475 0.01125
0 0.735 0.46625 0.05375 0.01375
0 0.73625 0.4825 0.05625 0.0125
0 0.30125 0.56625 0.0325 0.08375
0 0.33125 0.5675 0.025 0.0825
0 0.3825 0.56375 0.06 0.0175
0 0.67875 0.485 0.05625 0.01
0 0.30875 0.24875 0.015 0.08375
0 0.3325 0.67375 0.03125 0.0875
0 0.3475 0.25 0.01875 0.08375
0 0.45375 0.3675 0.00625 0.0775
0 0.445 0.37 0.0075 0.075
0 0.42875 0.3675 0.01875 0.08
0 0.4125 0.3675 0.01125 0.08
0 0.39875 0.36875 0.0125 0.07625
0 0.3875 0.37 0.00625 0.0725
0 0.35625 0.3675 0.0125 0.0825
0 0.34125 0.36625 0.0125 0.0875
0 0.3275 0.36875 0.015 0.08375
0 0.255 0.405 0.01375 0.04875
0 0.23375 0.4025 0.02375 0.05375
0 0.29125 0.40375 0.05375 0.01125
0 0.29125 0.39 0.0525 0.01375
0 0.29125 0.375 0.05125 0.01375
0 0.2425 0.325 0.0175 0.05625
0 0.225 0.325 0.01 0.06
0 0.72875 0.23125 0.0475 0.1
0 0.60625 0.24125 0.045 0.08625
0 0.5075 0.245 0.02875 0.08625
0 0.5675 0.24125 0.0225 0.0825
0 0.32625 0.2475 0.01625 0.0875
0 0.4625 0.36875 0.00625 0.075
0 0.47375 0.365 0.00875 0.08
0 0.36875 0.36625 0.0075 0.08375
0 0.50875 0.3625 0.01375 0.085
0 0.36625 0.2475 0.015 0.0875
0 0.38375 0.245 0.015 0.08875
0 0.4925 0.37 0.01375 0.07625
0 0.455 0.2475 0.02125 0.08125
0 0.4825 0.2475 0.02 0.085
0 0.4025 0.24375 0.01875 0.08875
0 0.54375 0.3625 0.02125 0.08125
0 0.525 0.36375 0.0125 0.085