0 0.16875 0.15375 0.035 0.08125
0 0.21125 0.1525 0.0425 0.08125
0 0.26875 0.14875 0.055 0.10125
0 0.35 0.145 0.05375 0.095
0 0.4775 0.285 0.04 0.1125
0 0.51875 0.285 0.03875 0.1125
0 0.40625 0.14625 0.05375 0.095
0 0.4575 0.1375 0.04375 0.11125
0 0.595 0.74125 0.045 0.0375
0 0.54125 0.15875 0.03625 0.06125
0 0.585 0.145 0.04875 0.0875
0 0.63625 0.13375 0.04625 0.1075
0 0.69625 0.1325 0.06625 0.11125
0 0.435 0.285 0.03875 0.1125
0 0.76625 0.14125 0.06375 0.105
0 0.8575 0.2825 0.035 0.115
0 0.8175 0.28375 0.0425 0.1125
0 0.77375 0.28375 0.04 0.115
0 0.73125 0.28375 0.04125 0.115
0 0.64625 0.28625 0.04 0.11375
0 0.6025 0.28625 0.0425 0.11375
0 0.56 0.28625 0.0375 0.1125
0 0.83 0.15 0.055 0.0875
0 0.50125 0.15 0.04 0.07875
0 0.595 0.70125 0.04125 0.03875
0 0.20625 0.27625 0.04125 0.10875
0 0.4575 0.8225 0.045 0.03625
0 0.45875 0.78375 0.04375 0.0375
0 0.45625 0.7425 0.04125 0.03875
0 0.41125 0.8225 0.0425 0.03625
0 0.41125 0.78375 0.04625 0.03375
0 0.41 0.7475 0.04625 0.035
0 0.4075 0.70625 0.0475 0.0425
0 0.3125 0.82 0.135 0.0425
0 0.195 0.8225 0.095 0.04
0 0.1925 0.78375 0.09375 0.035
0 0.19 0.745 0.095 0.0375
0 0.18875 0.7075 0.0925 0.0325
0 0.20625 0.62875 0.04875 0.0375
0 0.15625 0.63 0.0475 0.0375
0 0.15375 0.5875 0.045 0.0425
0 0.2025 0.5875 0.04625 0.04
0 0.255 0.6275 0.0425 0.04
0 0.2525 0.58625 0.0425 0.04
0 0.30125 0.6275 0.04625 0.04
0 0.35875 0.62625 0.04875 0.03625
0 0.355 0.585 0.05 0.0425
0 0.4075 0.625 0.045 0.03875
0 0.455 0.62625 0.0425 0.04
0 0.5 0.62625 0.0425 0.04
0 0.5 0.585 0.04625 0.04
0 0.5475 0.625 0.04625 0.04
0 0.54875 0.5825 0.04625 0.04
0 0.8475 0.81625 0.04 0.0375
0 0.595 0.62375 0.04375 0.03875
0 0.54875 0.81875 0.0425 0.0375
0 0.59375 0.78125 0.04375 0.0375
0 0.8475 0.77875 0.04125 0.03125
0 0.85 0.7425 0.04125 0.03125
0 0.855 0.705 0.03875 0.04
0 0.8025 0.82 0.0425 0.035
0 0.805 0.78125 0.04125 0.03625
0 0.80625 0.745 0.04125 0.0325
0 0.8125 0.70375 0.045 0.04375
0 0.7575 0.82 0.04125 0.035
0 0.75875 0.7825 0.04125 0.03625
0 0.76125 0.7425 0.0425 0.03875
0 0.69875 0.82 0.06875 0.03625
0 0.69875 0.78125 0.06875 0.0375
0 0.7 0.74125 0.06875 0.035
0 0.7025 0.70375 0.0725 0.0375
0 0.64 0.81625 0.04375 0.0375
0 0.64 0.77875 0.04375 0.03625
0 0.64125 0.73875 0.0425 0.0375
0 0.64 0.70125 0.0425 0.03625
0 0.595 0.81875 0.0425 0.035
0 0.54875 0.78125 0.04 0.035
0 0.54875 0.7425 0.04125 0.03875
0 0.5475 0.70125 0.045 0.03875
0 0.50375 0.82125 0.04375 0.0375
0 0.50375 0.7825 0.0425 0.0375
0 0.5025 0.7425 0.0475 0.035
0 0.50125 0.7025 0.045 0.03875
0 0.39375 0.285 0.03875 0.11375
0 0.3075 0.28375 0.04125 0.1175
0 0.595 0.58125 0.04375 0.03875
0 0.35125 0.285 0.04125 0.115
0 0.64375 0.58125 0.045 0.04125
0 0.2825 0.455 0.0375 0.11
0 0.32125 0.45625 0.03625 0.10875
0 0.36125 0.45625 0.035 0.10875
0 0.4 0.455 0.03625 0.10625
0 0.43875 0.45375 0.03625 0.1075
0 0.48 0.41625 0.0175 0.03875
0 0.5 0.4175 0.02 0.0375
0 0.5225 0.4175 0.0175 0.0375
0 0.5425 0.41625 0.02 0.0375
0 0.56375 0.41625 0.02 0.03875
0 0.60625 0.415 0.01875 0.0375
0 0.54375 0.48875 0.0175 0.03375
0 0.6275 0.41375 0.01875 0.03875
0 0.6475 0.41375 0.01875 0.03875
0 0.48 0.455 0.02125 0.03375
0 0.50125 0.45375 0.0175 0.03375
0 0.5225 0.45375 0.01875 0.0325
0 0.54375 0.4525 0.01875 0.0325
0 0.56375 0.4525 0.01875 0.03375
0 0.585 0.4525 0.01875 0.03375
0 0.60625 0.4525 0.01875 0.03375
0 0.62875 0.45 0.01875 0.03375
0 0.5225 0.48875 0.0175 0.03375
0 0.48125 0.49125 0.02125 0.035
0 0.65 0.4525 0.02 0.035
0 0.6425 0.6225 0.04375 0.03875
0 0.5025 0.49 0.01875 0.035
0 0.24125 0.45625 0.03875 0.10875
0 0.2025 0.455 0.03375 0.10875
0 0.585 0.415 0.01875 0.0375
0 0.14 0.28375 0.03 0.1175
0 0.72 0.58125 0.0425 0.04
0 0.765 0.62125 0.0425 0.04
0 0.765 0.58 0.0425 0.04
0 0.16375 0.455 0.03875 0.1125
0 0.80875 0.62125 0.0425 0.03875
0 0.80875 0.58125 0.04125 0.03875
0 0.85375 0.62125 0.0425 0.0375
0 0.85375 0.57875 0.0425 0.0375
0 0.8325 0.47625 0.02375 0.05625
0 0.80625 0.4775 0.02375 0.05625
0 0.78125 0.4775 0.02 0.0575
0 0.7575 0.4775 0.025 0.0575
0 0.73125 0.48 0.0225 0.05625
0 0.8575 0.47625 0.02375 0.05625
0 0.85875 0.415 0.0225 0.0625
0 0.56375 0.48875 0.01875 0.03375
0 0.58375 0.48875 0.01875 0.03625
0 0.6075 0.48875 0.02125 0.0375
0 0.7075 0.47875 0.0225 0.0575
0 0.64875 0.48875 0.02 0.03375
0 0.71125 0.41875 0.02375 0.06125
0 0.62875 0.4875 0.0175 0.0375
0 0.76125 0.4175 0.0225 0.06125
0 0.83375 0.41625 0.0225 0.0625
0 0.80875 0.41625 0.0225 0.0625
0 0.73625 0.4175 0.02375 0.06125
0 0.71875 0.62125 0.045 0.0375
0 0.785 0.41625 0.0225 0.06