0 0.38375 0.92125 0.05 0.03125
0 0.21625 0.88125 0.05 0.0275
0 0.3275 0.9175 0.05125 0.03
0 0.32 0.885 0.04125 0.03125
0 0.27125 0.8825 0.05125 0.02875
0 0.7125 0.40375 0.05375 0.03375
0 0.2175 0.9125 0.05 0.0325
0 0.77125 0.4025 0.055 0.03625
0 0.77125 0.36375 0.05375 0.035
0 0.71 0.365 0.0575 0.03375
0 0.38375 0.8875 0.0525 0.02875
0 0.83 0.3225 0.05625 0.1175
0 0.2725 0.9175 0.05125 0.03375
0 0.44375 0.92125 0.05625 0.02875
0 0.25 0.3775 0.05625 0.015
0 0.5075 0.91 0.04625 0.0475
0 0.6175 0.91875 0.0475 0.02875
0 0.56375 0.91625 0.05125 0.0325
0 0.70125 0.9 0.09375 0.0575
0 0.82625 0.855 0.08875 0.155
0 0.74875 0.825 0.05375 0.03125
0 0.5825 0.40125 0.05125 0.0375
0 0.64125 0.4025 0.0575 0.03625
0 0.18875 0.37625 0.0525 0.0175
0 0.31125 0.36625 0.05 0.0325
0 0.37375 0.3675 0.0525 0.03875
0 0.43125 0.33875 0.0525 0.035
0 0.49125 0.34 0.05125 0.02875
0 0.7675 0.28125 0.04625 0.02875
0 0.4525 0.8875 0.055 0.02875
0 0.72 0.2825 0.04125 0.02375
0 0.61 0.13875 0.045 0.06
0 0.5125 0.27125 0.04625 0.06
0 0.20125 0.115 0.0375 0.035
0 0.24625 0.1125 0.03625 0.0375
0 0.16125 0.1525 0.02875 0.035
0 0.2 0.15125 0.03375 0.0325
0 0.24375 0.1525 0.04125 0.035
0 0.295 0.1525 0.0425 0.03625
0 0.36875 0.1525 0.0325 0.03875
0 0.43875 0.14375 0.09375 0.05
0 0.53625 0.14375 0.09375 0.05
0 0.43 0.3725 0.0525 0.02875
0 0.66125 0.135 0.04625 0.065
0 0.71375 0.15625 0.045 0.02375
0 0.7725 0.155 0.05125 0.03125
0 0.71125 0.135 0.04 0.01125
0 0.63625 0.27125 0.11 0.055
0 0.76625 0.13125 0.05 0.00875
0 0.7675 0.1175 0.0575 0.01
0 0.75125 0.09 0.0525 0.01125
0 0.71125 0.1175 0.04125 0.01
0 0.705 0.1 0.0325 0.01125
0 0.69 0.0875 0.05 0.01125
0 0.8325 0.11125 0.04375 0.10875
0 0.33375 0.27625 0.055 0.04625
0 0.27875 0.29 0.05 0.01875
0 0.33125 0.24625 0.05625 0.01
0 0.33375 0.23375 0.055 0.01125
0 0.395 0.2425 0.04 0.01625
0 0.395 0.2775 0.0425 0.045
0 0.44125 0.27875 0.04125 0.04125
0 0.44125 0.245 0.03875 0.01625
0 0.76125 0.10375 0.05125 0.01125
0 0.4325 0.4075 0.05125 0.02625
0 0.26125 0.62875 0.05375 0.0275
0 0.48875 0.3725 0.05625 0.02875
0 0.7025 0.72625 0.05375 0.03125
0 0.71625 0.6925 0.05375 0.01875
0 0.65125 0.69 0.055 0.02875
0 0.64625 0.72625 0.0525 0.03
0 0.53875 0.71375 0.04375 0.0425
0 0.58625 0.7 0.03875 0.04625
0 0.485 0.68875 0.0475 0.0325
0 0.49 0.72625 0.04625 0.03125
0 0.4425 0.72625 0.045 0.02875
0 0.385 0.73 0.05875 0.03625
0 0.16125 0.1125 0.0375 0.03875
0 0.325 0.73 0.055 0.03125
0 0.2625 0.70375 0.0575 0.0275
0 0.265 0.735 0.06 0.02625
0 0.20375 0.69 0.0575 0.03125
0 0.2075 0.72375 0.04875 0.03125
0 0.2125 0.82625 0.055 0.0375
0 0.27375 0.8275 0.05125 0.035
0 0.3325 0.825 0.05375 0.02875
0 0.3925 0.825 0.0525 0.03
0 0.45375 0.83125 0.05 0.02875
0 0.44875 0.80125 0.0575 0.025
0 0.45125 0.77625 0.05875 0.0175
0 0.515 0.78375 0.04875 0.025
0 0.515 0.82375 0.0525 0.03875
0 0.57375 0.8225 0.05 0.03625
0 0.62875 0.8225 0.05 0.045
0 0.685 0.79375 0.05375 0.03125
0 0.6825 0.83125 0.0525 0.035
0 0.7625 0.73 0.0525 0.0375
0 0.535 0.63125 0.05375 0.0375
0 0.4775 0.63 0.05625 0.0325
0 0.82875 0.67125 0.0725 0.1575
0 0.19 0.40375 0.05625 0.0325
0 0.2525 0.40375 0.05875 0.03375
0 0.37375 0.405 0.05375 0.03125
0 0.2 0.48125 0.05875 0.02875
0 0.2025 0.51875 0.06125 0.03375
0 0.265 0.48375 0.05375 0.0325
0 0.265 0.5175 0.05625 0.03125
0 0.3225 0.48375 0.055 0.03
0 0.32375 0.51875 0.0525 0.03125
0 0.38 0.47125 0.05375 0.035
0 0.37875 0.515 0.0525 0.04
0 0.44125 0.46875 0.0575 0.04125
0 0.44125 0.515 0.0575 0.04375
0 0.59375 0.47875 0.04875 0.03375
0 0.4875 0.40875 0.05 0.03
0 0.645 0.47875 0.04625 0.03
0 0.65 0.51875 0.05375 0.03
0 0.7025 0.51125 0.04125 0.03375
0 0.75875 0.51625 0.045 0.03875
0 0.82875 0.50125 0.075 0.145
0 0.2025 0.62875 0.0525 0.02875
0 0.31875 0.6225 0.04375 0.0325
0 0.37 0.6275 0.055 0.035
0 0.47875 0.59375 0.05125 0.03375
0 0.53375 0.59375 0.0525 0.0325
0 0.59125 0.595 0.0525 0.0425
0 0.5925 0.63375 0.0525 0.03
0 0.68875 0.625 0.0425 0.0425
0 0.75375 0.59625 0.05625 0.02875
0 0.755 0.63 0.055 0.03125
0 0.59375 0.51875 0.05 0.03
0 0.32375 0.69375 0.0575 0.0325
0 0.31375 0.40375 0.05375 0.0325