0 0.25625 0.62875 0.04 0.07125
0 0.86125 0.74875 0.0575 0.115
0 0.92125 0.75 0.06125 0.1125
0 0.9775 0.74875 0.04375 0.10875
0 0.1225 0.63875 0.04875 0.105
0 0.07875 0.65 0.035 0.075
0 0.02875 0.63375 0.05375 0.11125
0 0.21625 0.63125 0.03625 0.07
0 0.80125 0.74875 0.0575 0.1125
0 0.30125 0.62875 0.03875 0.07125
0 0.3725 0.62875 0.0275 0.07125
0 0.40375 0.625 0.0325 0.08125
0 0.50625 0.63125 0.0375 0.07
0 0.545 0.635 0.0375 0.07125
0 0.58375 0.62375 0.025 0.07
0 0.61625 0.625 0.035 0.06875
0 0.655 0.63375 0.03875 0.075
0 0.34125 0.6225 0.02875 0.0675
0 0.73875 0.74625 0.06375 0.11125
0 0.675 0.73625 0.055 0.08875
0 0.61875 0.745 0.0525 0.11
0 0.7225 0.40125 0.0375 0.0925
0 0.7625 0.40125 0.03625 0.0925
0 0.8 0.40375 0.03625 0.08875
0 0.8425 0.40375 0.04 0.08875
0 0.8775 0.405 0.02375 0.08875
0 0.9125 0.40375 0.04 0.0925
0 0.94625 0.405 0.025 0.08875
0 0.98 0.405 0.04 0.09
0 0.115 0.24 0.0425 0.10875
0 0.0725 0.24375 0.035 0.09875
0 0.03125 0.24125 0.0425 0.1075
0 0.16375 0.245 0.04375 0.0975
0 0.34875 0.7425 0.0525 0.1125
0 0.40375 0.745 0.05125 0.115
0 0.4575 0.7425 0.05125 0.11125
0 0.51125 0.74625 0.0525 0.115
0 0.565 0.74625 0.0525 0.1125
0 0.6925 0.63125 0.03375 0.08
0 0.7725 0.63 0.04125 0.07
0 0.815 0.63125 0.03875 0.07
0 0.85625 0.63125 0.04 0.07
0 0.32 0.295 0.045 0.02875
0 0.36625 0.2975 0.0425 0.0275
0 0.41875 0.2775 0.05875 0.06875
0 0.5 0.28375 0.035 0.0575
0 0.53625 0.27 0.03125 0.0825
0 0.57 0.27 0.03125 0.085
0 0.60125 0.27125 0.02875 0.0825
0 0.62625 0.27875 0.015 0.06625
0 0.6425 0.27875 0.0125 0.06375
0 0.67375 0.28125 0.0125 0.06
0 0.65875 0.28 0.01375 0.0625
0 0.695 0.28 0.015 0.065
0 0.7125 0.28125 0.015 0.0625
0 0.73625 0.28375 0.025 0.05625
0 0.76625 0.2875 0.02875 0.05
0 0.79375 0.2425 0.045 0.0225
0 0.80375 0.295 0.04 0.035
0 0.24625 0.25875 0.02875 0.09875
0 0.6875 0.4025 0.03125 0.09
0 0.21625 0.2575 0.0275 0.09875
0 0.9525 0.26875 0.03375 0.09125
0 0.91625 0.63875 0.03875 0.07375
0 0.955 0.635 0.02875 0.08125
0 0.98375 0.6325 0.02625 0.0825
0 0.53625 0.51 0.035 0.08625
0 0.49875 0.51 0.03625 0.08625
0 0.4575 0.5125 0.04 0.0775
0 0.4175 0.50875 0.035 0.085
0 0.38125 0.5075 0.03625 0.08625
0 0.3425 0.5075 0.03625 0.085
0 0.3 0.50625 0.03625 0.0875
0 0.2625 0.50375 0.03625 0.09
0 0.2225 0.50625 0.0375 0.085
0 0.16375 0.5025 0.055 0.11625
0 0.07375 0.52125 0.035 0.07625
0 0.84 0.27 0.03125 0.085
0 0.87875 0.2675 0.04 0.0925
0 0.91625 0.26875 0.0325 0.09
0 0.985 0.26875 0.02875 0.09
0 0.6525 0.4025 0.03375 0.09125
0 0.06 0.3825 0.035 0.095
0 0.5625 0.40125 0.02875 0.0925
0 0.62 0.40125 0.02875 0.09125
0 0.1675 0.765 0.05 0.10875
0 0.11875 0.76375 0.04375 0.11
0 0.06875 0.7625 0.05 0.105
0 0.02125 0.7625 0.04125 0.10625
0 0.22625 0.74125 0.0625 0.11
0 0.29125 0.74375 0.06125 0.11
0 0.0275 0.5025 0.05125 0.1125
0 0.58125 0.5125 0.04375 0.085
0 0.40625 0.40375 0.03 0.08125
0 0.62375 0.51125 0.0375 0.0875
0 0.70375 0.5125 0.03875 0.08625
0 0.74375 0.5125 0.0375 0.0875
0 0.78375 0.5125 0.03875 0.08625
0 0.8275 0.5125 0.0425 0.08875
0 0.87375 0.5175 0.04125 0.07875
0 0.915 0.5125 0.03875 0.0875
0 0.96625 0.515 0.04125 0.09
0 0.47 0.405 0.03125 0.08125
0 0.37625 0.4025 0.0275 0.08375
0 0.66375 0.5125 0.03625 0.08625
0 0.3475 0.4025 0.025 0.0825
0 0.4375 0.40375 0.03 0.0825
0 0.29 0.4 0.03 0.08625
0 0.59125 0.40125 0.02625 0.09
0 0.53125 0.4 0.02875 0.09375
0 0.50125 0.4 0.03 0.09125
0 0.02 0.38 0.0375 0.095
0 0.1075 0.39 0.02875 0.07875
0 0.32 0.4 0.02625 0.0875
0 0.25625 0.4 0.0325 0.08625
0 0.21875 0.4 0.03375 0.08375
0 0.175 0.39 0.03375 0.08125
0 0.13875 0.39 0.0325 0.07875