0 0.37375 0.72625 0.01625 0.0475
0 0.35625 0.7225 0.01375 0.04375
0 0.3325 0.72625 0.015 0.04375
0 0.7425 0.73125 0.0225 0.03125
0 0.3075 0.73625 0.0225 0.01625
0 0.33625 0.66 0.01875 0.0375
0 0.39125 0.65625 0.02125 0.03875
0 0.41625 0.66 0.0175 0.0325
0 0.4375 0.66 0.01875 0.035
0 0.4625 0.66625 0.025 0.02125
0 0.48875 0.665 0.02 0.02625
0 0.51125 0.66375 0.0225 0.03125
0 0.30875 0.71875 0.0175 0.0125
0 0.535 0.6625 0.02 0.03125
0 0.5825 0.665 0.02 0.03
0 0.70125 0.43125 0.01 0.0525
0 0.2375 0.71 0.02 0.01
0 0.25875 0.71125 0.01875 0.0175
0 0.28375 0.71 0.01875 0.01375
0 0.24875 0.73875 0.0225 0.01875
0 0.27375 0.7375 0.02 0.01875
0 0.55875 0.66375 0.02125 0.0275
0 0.22875 0.73625 0.01375 0.01375
0 0.435 0.71 0.02125 0.0125
0 0.435 0.725 0.02375 0.00875
0 0.37 0.1125 0.03125 0.025
0 0.3675 0.0875 0.02875 0.02125
0 0.36625 0.065 0.03 0.02125
0 0.3675 0.0375 0.02875 0.02625
0 0.4625 0.7275 0.025 0.01625
0 0.4625 0.70625 0.025 0.0175
0 0.49375 0.73375 0.03 0.02375
0 0.525 0.715 0.02625 0.01375
0 0.525 0.7375 0.03125 0.02
0 0.5575 0.73375 0.03 0.025
0 0.56125 0.7075 0.03 0.0225
0 0.58875 0.73625 0.02625 0.02
0 0.61875 0.73625 0.0275 0.01625
0 0.6175 0.7175 0.02875 0.0175
0 0.31625 0.65375 0.01625 0.035
0 0.645 0.73375 0.02 0.02375
0 0.6675 0.7325 0.01875 0.02375
0 0.6925 0.73125 0.02125 0.0275
0 0.71875 0.73125 0.0225 0.03
0 0.39875 0.05875 0.02875 0.025
0 0.40125 0.7325 0.03375 0.03125
0 0.43 0.06 0.0275 0.025
0 0.4 0.08625 0.0275 0.025
0 0.43375 0.7375 0.02375 0.0125
0 0.36125 0.23625 0.035 0.02125
0 0.32375 0.235 0.0375 0.0225
0 0.2775 0.2225 0.04625 0.04625
0 0.7675 0.73125 0.02375 0.03125
0 0.2775 0.17 0.04625 0.04875
0 0.23625 0.22 0.0325 0.045
0 0.76875 0.10875 0.02125 0.0425
0 0.74625 0.11 0.0225 0.04125
0 0.53 0.11875 0.03375 0.02
0 0.53 0.09375 0.03375 0.02625
0 0.49625 0.11625 0.03 0.02375
0 0.495 0.09 0.03 0.02375
0 0.49375 0.06375 0.03125 0.02625
0 0.465 0.115 0.0275 0.02625
0 0.43375 0.1125 0.02875 0.02375
0 0.4025 0.1125 0.02875 0.02375
0 0.4625 0.08625 0.02875 0.02375
0 0.43 0.0875 0.02875 0.02375
0 0.46 0.0575 0.0275 0.025
0 0.27625 0.67125 0.0225 0.03375
0 0.38125 0.605 0.02875 0.03125
0 0.25625 0.67125 0.015 0.03
0 0.235 0.6 0.02875 0.01625
0 0.77375 0.555 0.0125 0.04375
0 0.73125 0.555 0.02125 0.03875
0 0.705 0.54625 0.0175 0.02625
0 0.68125 0.54375 0.01625 0.0275
0 0.66 0.54625 0.01875 0.02625
0 0.6325 0.54875 0.025 0.01875
0 0.60375 0.55 0.02875 0.02
0 0.74125 0.4425 0.02625 0.01625
0 0.76625 0.44375 0.02 0.0125
0 0.76625 0.48875 0.0175 0.01875
0 0.76 0.51 0.01875 0.0125
0 0.735 0.4975 0.0225 0.03125
0 0.70375 0.50375 0.03625 0.02375
0 0.665 0.50125 0.03625 0.02125
0 0.23375 0.62 0.0275 0.01875
0 0.62875 0.49875 0.03125 0.01625
0 0.26375 0.5975 0.02375 0.015
0 0.68375 0.43375 0.0225 0.05375
0 0.4125 0.605 0.025 0.03
0 0.43875 0.59625 0.02125 0.0425
0 0.47125 0.59875 0.02875 0.04375
0 0.50625 0.60875 0.03 0.01875
0 0.29125 0.62 0.02125 0.01875
0 0.26375 0.61875 0.025 0.01625
0 0.54125 0.6075 0.03125 0.01875
0 0.5775 0.61125 0.035 0.0175
0 0.60875 0.60125 0.025 0.035
0 0.6325 0.605 0.02125 0.03
0 0.6625 0.6075 0.03375 0.02375
0 0.69625 0.605 0.0275 0.02375
0 0.72375 0.62125 0.015 0.02875
0 0.73875 0.62125 0.0125 0.02875
0 0.75375 0.61125 0.015 0.0325
0 0.2875 0.6 0.0175 0.0125
0 0.59625 0.50375 0.03 0.02
0 0.5625 0.5025 0.03 0.0225
0 0.53 0.5025 0.03125 0.0225
0 0.495 0.54375 0.0175 0.0325
0 0.515 0.545 0.0175 0.0275
0 0.53875 0.5475 0.025 0.0275
0 0.5725 0.55125 0.03 0.02
0 0.3525 0.605 0.0225 0.0225
0 0.77 0.67875 0.02 0.035
0 0.31875 0.115 0.06125 0.025
0 0.3175 0.0875 0.06375 0.025
0 0.31375 0.05875 0.06375 0.0275
0 0.73625 0.67625 0.045 0.03375
0 0.7 0.65875 0.02125 0.04125
0 0.6725 0.66125 0.0225 0.02875
0 0.63125 0.665 0.025 0.03
0 0.60625 0.6625 0.01875 0.02875
0 0.23625 0.67125 0.01875 0.0325
0 0.47 0.54625 0.025 0.01625
0 0.4425 0.54375 0.025 0.02
0 0.41125 0.54875 0.0275 0.02
0 0.375 0.55125 0.0275 0.01875
0 0.4925 0.505 0.03125 0.01875
0 0.4575 0.5 0.0325 0.0225
0 0.395 0.5 0.03 0.03
0 0.35875 0.5 0.04 0.02375
0 0.305 0.5225 0.035 0.02
0 0.3225 0.5 0.0275 0.0225
0 0.305 0.54 0.0275 0.01
0 0.29625 0.665 0.01375 0.025
0 0.30875 0.555 0.02875 0.01
0 0.3125 0.585 0.03125 0.00875
0 0.32125 0.605 0.035 0.015
0 0.23125 0.565 0.025 0.02
0 0.23625 0.53625 0.01875 0.015
0 0.2675 0.5675 0.035 0.015
0 0.2725 0.55 0.0275 0.015
0 0.34625 0.5525 0.02625 0.02375
0 0.3075 0.57125 0.03625 0.01125
0 0.65375 0.4375 0.02625 0.0625
0 0.745 0.35625 0.02375 0.06
0 0.60125 0.4425 0.0125 0.03875
0 0.395 0.355 0.03 0.01875
0 0.3175 0.37625 0.02875 0.0175
0 0.31875 0.35625 0.02375 0.015
0 0.3225 0.335 0.02875 0.01875
0 0.35125 0.37625 0.0375 0.02125
0 0.35375 0.35625 0.03625 0.015
0 0.39125 0.37625 0.0375 0.0175
0 0.42625 0.3625 0.03 0.04875
0 0.46125 0.3625 0.03375 0.04625
0 0.48875 0.36375 0.0175 0.04
0 0.5075 0.365 0.015 0.0425
0 0.5275 0.36125 0.02 0.04875
0 0.625 0.4375 0.02375 0.05875
0 0.58875 0.36 0.0125 0.04875
0 0.57125 0.36125 0.02125 0.05
0 0.28375 0.35375 0.0375 0.01875
0 0.28125 0.37375 0.03625 0.015
0 0.27875 0.39 0.03375 0.0175
0 0.2775 0.40875 0.03625 0.015
0 0.48125 0.42 0.035 0.0175
0 0.445 0.46 0.03375 0.0175
0 0.445 0.44 0.03375 0.0175
0 0.44625 0.42 0.0325 0.01875
0 0.23 0.5025 0.0225 0.02
0 0.265 0.5125 0.03375 0.0175
0 0.26875 0.49375 0.03375 0.0125
0 0.6175 0.3575 0.02625 0.06
0 0.27 0.48 0.035 0.01375
0 0.39 0.43875 0.0225 0.06125
0 0.3675 0.44125 0.0175 0.035
0 0.34875 0.44 0.01625 0.0375
0 0.32375 0.44125 0.015 0.03875
0 0.2725 0.46125 0.03375 0.0175
0 0.275 0.4425 0.035 0.01375
0 0.2775 0.425 0.035 0.015
0 0.415 0.4375 0.0225 0.05875
0 0.6675 0.36625 0.01875 0.04
0 0.7125 0.35875 0.0225 0.04625
0 0.76875 0.36625 0.02125 0.04125
0 0.71375 0.22625 0.015 0.0425
0 0.695 0.23 0.02125 0.04
0 0.675 0.22875 0.0125 0.0425
0 0.66 0.23 0.01375 0.04
0 0.645 0.22875 0.01375 0.0425
0 0.63 0.23 0.01375 0.04
0 0.615 0.22875 0.01125 0.03875
0 0.7325 0.22875 0.01625 0.04375
0 0.58 0.19875 0.00875 0.01625
0 0.60125 0.23 0.0125 0.04125
0 0.5875 0.23 0.01125 0.04125
0 0.4025 0.21 0.0375 0.0225
0 0.4025 0.235 0.03625 0.02125
0 0.44 0.2375 0.03375 0.02125
0 0.4775 0.21125 0.03625 0.02375
0 0.47625 0.2375 0.03125 0.02375
0 0.5675 0.19875 0.01 0.01375
0 0.48375 0.44 0.03625 0.01625
0 0.76125 0.27125 0.03625 0.025
0 0.2425 0.28625 0.01 0.03
0 0.7175 0.295 0.0275 0.0225
0 0.685 0.295 0.0275 0.02625
0 0.6525 0.29625 0.02875 0.02375
0 0.61375 0.2975 0.035 0.0225
0 0.57625 0.2975 0.035 0.02375
0 0.535 0.29875 0.03625 0.0225
0 0.4975 0.3 0.03625 0.0175
0 0.22875 0.285 0.01375 0.025
0 0.46125 0.2975 0.02875 0.02375
0 0.3875 0.2975 0.02875 0.02125
0 0.35875 0.2975 0.0275 0.02125
0 0.32125 0.2925 0.0125 0.0275
0 0.305 0.29 0.0125 0.02
0 0.2925 0.28875 0.00625 0.02
0 0.275 0.28125 0.01375 0.02375
0 0.25875 0.28375 0.01375 0.02875
0 0.42875 0.2975 0.02875 0.02625
0 0.52 0.44 0.035 0.0175
0 0.2475 0.435 0.01125 0.06125
0 0.51875 0.2275 0.01125 0.04625
0 0.53125 0.22875 0.00875 0.04125
0 0.4825 0.45875 0.03375 0.01625
0 0.52 0.45875 0.035 0.0175
0 0.5675 0.4475 0.015 0.04125
0 0.5425 0.23 0.01125 0.04375
0 0.55125 0.44625 0.015 0.03875
0 0.5725 0.23 0.0125 0.04125
0 0.58625 0.44625 0.015 0.04375
0 0.505 0.2275 0.01125 0.0425
0 0.5575 0.22875 0.0125 0.04375