0 0.5725 0.845 0.04625 0.015
0 0.63125 0.7925 0.04625 0.0125
0 0.6275 0.8125 0.0525 0.01
0 0.62625 0.825 0.04375 0.00875
0 0.62375 0.8325 0.04 0.01
0 0.62625 0.84625 0.04125 0.01125
0 0.2775 0.36 0.02625 0.08625
0 0.86 0.85125 0.03 0.0125
0 0.78625 0.21125 0.04875 0.07125
0 0.73375 0.205 0.0475 0.08625
0 0.69125 0.2025 0.03125 0.09125
0 0.6625 0.22 0.02 0.06125
0 0.64 0.21875 0.02125 0.0675
0 0.615 0.21 0.0225 0.09125
0 0.58625 0.21 0.02625 0.09
0 0.55375 0.21 0.0275 0.095
0 0.52125 0.21875 0.02625 0.07875
0 0.49375 0.21625 0.02375 0.08125
0 0.4725 0.22375 0.015 0.075
0 0.83375 0.21625 0.04375 0.0525
0 0.24 0.375 0.03375 0.06125
0 0.685 0.85 0.0525 0.01375
0 0.6825 0.83375 0.04625 0.01375
0 0.86 0.8325 0.03 0.015
0 0.8125 0.85125 0.04875 0.01375
0 0.81625 0.8375 0.05375 0.0125
0 0.8125 0.82375 0.05125 0.015
0 0.76125 0.715 0.04625 0.04625
0 0.7125 0.70375 0.0375 0.07
0 0.67125 0.76625 0.00625 0.00875
0 0.61125 0.69625 0.02125 0.08375
0 0.64125 0.705 0.03875 0.07125
0 0.59375 0.7175 0.0125 0.04375
0 0.5675 0.71125 0.03 0.05125
0 0.8075 0.88125 0.05125 0.02125
0 0.53625 0.7075 0.02375 0.04625
0 0.4575 0.225 0.01125 0.08
0 0.45125 0.6975 0.02375 0.085
0 0.85625 0.8825 0.03625 0.025
0 0.685 0.8725 0.0525 0.01
0 0.685 0.88375 0.0425 0.01125
0 0.755 0.81625 0.0475 0.00875
0 0.7575 0.83125 0.045 0.00625
0 0.76 0.84 0.055 0.0075
0 0.76125 0.84875 0.0525 0.00875
0 0.755 0.8775 0.045 0.01375
0 0.6825 0.82125 0.04875 0.00625
0 0.50625 0.7025 0.0275 0.085
0 0.4775 0.70625 0.02375 0.0675
0 0.405 0.22375 0.025 0.0875
0 0.3775 0.22625 0.03 0.085
0 0.6925 0.48 0.02625 0.0825
0 0.7225 0.47625 0.03 0.07875
0 0.75875 0.47375 0.025 0.07375
0 0.7875 0.47625 0.02375 0.08
0 0.8125 0.475 0.025 0.08
0 0.85 0.47625 0.02625 0.0775
0 0.86875 0.47375 0.01125 0.0775
0 0.66125 0.47875 0.02875 0.085
0 0.27125 0.605 0.03125 0.07
0 0.31875 0.5875 0.02 0.08625
0 0.34625 0.5875 0.025 0.09375
0 0.37125 0.58375 0.02375 0.09
0 0.695 0.3475 0.02625 0.0775
0 0.6625 0.3525 0.0325 0.085
0 0.62875 0.3525 0.02625 0.08375
0 0.59625 0.3525 0.02625 0.08875
0 0.2975 0.59 0.02375 0.09
0 0.57125 0.35375 0.02125 0.08
0 0.63125 0.48125 0.02625 0.08
0 0.57875 0.47625 0.02125 0.0925
0 0.8425 0.3275 0.06375 0.115
0 0.79625 0.35 0.0275 0.07875
0 0.76375 0.34875 0.02625 0.0825
0 0.73125 0.34875 0.03 0.08875
0 0.255 0.4875 0.0275 0.0725
0 0.28375 0.49 0.0275 0.06625
0 0.31125 0.48625 0.025 0.0725
0 0.60375 0.48375 0.025 0.075
0 0.34125 0.485 0.02125 0.07875
0 0.4025 0.48125 0.035 0.07625
0 0.43625 0.4825 0.02375 0.07875
0 0.46375 0.4825 0.025 0.075
0 0.49 0.4825 0.02625 0.08875
0 0.515 0.485 0.02125 0.075
0 0.54 0.48 0.0175 0.08625
0 0.56 0.4775 0.01375 0.085
0 0.36875 0.48375 0.03 0.0675
0 0.435 0.22375 0.03125 0.0875
0 0.545 0.355 0.0275 0.08875
0 0.46625 0.36875 0.0525 0.055
0 0.7775 0.595 0.03875 0.0825
0 0.81875 0.6 0.03625 0.07
0 0.8575 0.59875 0.035 0.06625
0 0.28 0.69625 0.02375 0.0775
0 0.30375 0.69125 0.01875 0.07625
0 0.3225 0.69375 0.01875 0.07375
0 0.3425 0.695 0.01875 0.08
0 0.74125 0.59375 0.02625 0.08875
0 0.3625 0.695 0.01875 0.08125
0 0.40625 0.69625 0.01875 0.0775
0 0.42625 0.69625 0.02 0.08
0 0.23625 0.22125 0.02375 0.09375
0 0.26375 0.22875 0.02375 0.08
0 0.29125 0.23 0.03125 0.0825
0 0.32375 0.2275 0.0275 0.0875
0 0.35125 0.23 0.02625 0.08125
0 0.385 0.69375 0.02 0.07875
0 0.51125 0.36875 0.03875 0.05625
0 0.69625 0.5925 0.03875 0.08
0 0.62125 0.61 0.0175 0.05375
0 0.39625 0.35625 0.0275 0.08875
0 0.37125 0.35875 0.02375 0.09
0 0.34375 0.35875 0.0225 0.085
0 0.3175 0.36 0.0275 0.085
0 0.2975 0.3625 0.0125 0.08125
0 0.20875 0.225 0.03 0.09
0 0.3925 0.5925 0.01875 0.08125
0 0.65625 0.5925 0.03875 0.08
0 0.41375 0.595 0.01625 0.07375
0 0.46375 0.5925 0.02125 0.08625
0 0.48625 0.59375 0.01875 0.0825
0 0.505 0.59 0.02 0.08875
0 0.5275 0.5925 0.02125 0.08375
0 0.5525 0.5925 0.0225 0.08875
0 0.5775 0.58875 0.02125 0.0975
0 0.6 0.605 0.02 0.05125
0 0.435 0.60375 0.0225 0.05875
0 0.57125 0.86875 0.0475 0.01
0 0.16875 0.67 0.0675 0.0325
0 0.525 0.87125 0.03875 0.0075
0 0.27 0.775 0.04 0.01125
0 0.2725 0.7575 0.03875 0.0075
0 0.27125 0.76625 0.03875 0.0075
0 0.145 0.835 0.0325 0.03125
0 0.18125 0.77625 0.02375 0.04125
0 0.225 0.51375 0.025 0.01625
0 0.2225 0.535 0.02625 0.02
0 0.19375 0.51875 0.02625 0.01625
0 0.26125 0.7875 0.04125 0.00875
0 0.19375 0.5375 0.02875 0.01375
0 0.1575 0.53625 0.0375 0.015
0 0.2025 0.39375 0.035 0.06875
0 0.15625 0.34375 0.055 0.06125
0 0.155 0.40375 0.05625 0.04625
0 0.17625 0.25375 0.03625 0.05375
0 0.14125 0.27 0.03 0.06375
0 0.855 0.7075 0.04 0.0675
0 0.1675 0.47875 0.04125 0.015
0 0.15375 0.49625 0.04875 0.015
0 0.255 0.8 0.0425 0.01
0 0.57375 0.88125 0.04125 0.0125
0 0.2225 0.855 0.08125 0.0125
0 0.2475 0.8125 0.04375 0.01125
0 0.5225 0.8325 0.04375 0.00875
0 0.52375 0.8825 0.04 0.01125
0 0.525 0.84625 0.04625 0.0075
0 0.47 0.845 0.04625 0.01125
0 0.475 0.86875 0.0425 0.01
0 0.3725 0.83 0.0275 0.09875
0 0.32125 0.8125 0.0525 0.11125
0 0.22875 0.7125 0.0675 0.03625
0 0.41125 0.82375 0.0275 0.1025
0 0.24 0.66625 0.0475 0.02375
0 0.16125 0.705 0.06875 0.02625
0 0.1825 0.61 0.05125 0.01875
0 0.18375 0.59375 0.04625 0.01
0 0.19875 0.58125 0.05125 0.01125
0 0.23875 0.82625 0.045 0.0125
0 0.23375 0.87 0.0475 0.01625
0 0.19125 0.8675 0.03375 0.015
0 0.23125 0.68625 0.05375 0.015