0 0.57125 0.58625 0.035 0.035
0 0.15875 0.89125 0.055 0.04
0 0.22125 0.88 0.0575 0.0375
0 0.27375 0.76625 0.045 0.03
0 0.2775 0.8125 0.05125 0.03125
0 0.28125 0.8625 0.04625 0.0325
0 0.295 0.70625 0.045 0.03625
0 0.34875 0.69125 0.05 0.04
0 0.32875 0.7475 0.04375 0.03125
0 0.21875 0.83 0.055 0.0375
0 0.33125 0.79625 0.04125 0.03
0 0.38 0.7375 0.045 0.03375
0 0.38375 0.7825 0.0425 0.0325
0 0.3875 0.83 0.04375 0.03375
0 0.43125 0.72375 0.04125 0.03375
0 0.43125 0.77 0.0425 0.03625
0 0.43625 0.81625 0.04625 0.03375
0 0.4775 0.71 0.0375 0.0375
0 0.4825 0.755 0.0325 0.035
0 0.33375 0.84375 0.04375 0.035
0 0.48375 0.8 0.04125 0.04125
0 0.155 0.84125 0.05625 0.0425
0 0.24 0.72625 0.05875 0.03625
0 0.485 0.60375 0.04125 0.03375
0 0.48125 0.55625 0.03875 0.04125
0 0.53125 0.54625 0.0425 0.03375
0 0.53 0.59 0.03625 0.03875
0 0.575 0.54125 0.0325 0.03875
0 0.6125 0.53125 0.025 0.03375
0 0.61125 0.57875 0.0325 0.04125
0 0.64875 0.52625 0.03625 0.035
0 0.215 0.7775 0.05875 0.03125
0 0.6475 0.57125 0.0325 0.04
0 0.72625 0.56375 0.0325 0.035
0 0.72625 0.5175 0.02625 0.03625
0 0.76 0.5125 0.02875 0.0325
0 0.79875 0.50875 0.02625 0.03
0 0.83125 0.5 0.03 0.03
0 0.76125 0.55375 0.02875 0.0375
0 0.79875 0.545 0.0275 0.03625
0 0.8325 0.5425 0.03 0.03875
0 0.68375 0.56375 0.02625 0.03625
0 0.525 0.74125 0.03375 0.035
0 0.5275 0.785 0.03 0.03375
0 0.57 0.68625 0.03375 0.035
0 0.78375 0.60375 0.03 0.03625
0 0.81625 0.5925 0.03375 0.035
0 0.78375 0.6425 0.02125 0.0325
0 0.81375 0.63 0.02125 0.03125
0 0.78625 0.67625 0.0175 0.03125
0 0.81625 0.66625 0.025 0.0325
0 0.345 0.285 0.01375 0.04375
0 0.36875 0.285 0.02375 0.04375
0 0.76 0.685 0.02375 0.02625
0 0.39375 0.28625 0.015 0.04625
0 0.43625 0.285 0.0175 0.03875
0 0.45875 0.28625 0.01875 0.03875
0 0.4825 0.285 0.0175 0.04125
0 0.32375 0.33125 0.01875 0.04
0 0.3475 0.33 0.0175 0.0425
0 0.37125 0.32875 0.01875 0.0375
0 0.395 0.33125 0.01875 0.035
0 0.4175 0.33 0.015 0.04
0 0.41375 0.285 0.01625 0.04125
0 0.7525 0.60875 0.02375 0.02375
0 0.72125 0.61875 0.03375 0.0275
0 0.75625 0.645 0.01875 0.03125
0 0.565 0.72875 0.03375 0.03125
0 0.56625 0.7725 0.03125 0.03375
0 0.61 0.76375 0.02875 0.03875
0 0.64375 0.755 0.02875 0.03
0 0.68 0.745 0.025 0.03125
0 0.71625 0.73125 0.02125 0.02875
0 0.74625 0.72875 0.02125 0.03625
0 0.78125 0.71375 0.02625 0.03
0 0.81375 0.70375 0.0225 0.03125
0 0.6075 0.67875 0.03375 0.035
0 0.60375 0.71875 0.03375 0.035
0 0.64125 0.715 0.03375 0.035
0 0.6475 0.67625 0.03375 0.035
0 0.64625 0.6325 0.03375 0.035
0 0.6825 0.62625 0.03375 0.035
0 0.68875 0.66375 0.03375 0.0325
0 0.69 0.7 0.03375 0.0325
0 0.72375 0.695 0.03125 0.03
0 0.725 0.65625 0.03625 0.03
0 0.4425 0.37125 0.0175 0.03875
0 0.44 0.3275 0.0175 0.04125
0 0.43375 0.61 0.04375 0.03875
0 0.38625 0.61875 0.0425 0.03875
0 0.37125 0.47 0.02125 0.09125
0 0.39625 0.4675 0.02125 0.08125
0 0.4225 0.4675 0.02 0.0925
0 0.4475 0.46375 0.02 0.09
0 0.47125 0.45875 0.02 0.085
0 0.495 0.46 0.02125 0.08375
0 0.545 0.47625 0.03875 0.0475
0 0.59125 0.475 0.0375 0.04625
0 0.345 0.47375 0.02375 0.095
0 0.6325 0.47125 0.03125 0.04375
0 0.66625 0.46625 0.02875 0.04
0 0.7025 0.41625 0.03125 0.03625
0 0.69 0.03625 0.02 0.0675
0 0.71125 0.04 0.01125 0.07
0 0.7275 0.04 0.01125 0.07875
0 0.7475 0.04375 0.015 0.0775
0 0.77 0.0425 0.01875 0.085
0 0.81375 0.05375 0.03 0.07625
0 0.63125 0.4225 0.0375 0.0425
0 0.78875 0.05 0.01375 0.085
0 0.31625 0.475 0.02 0.09625
0 0.2575 0.48375 0.025 0.1025
0 0.485 0.37 0.01875 0.04
0 0.505 0.33125 0.015 0.1125
0 0.525 0.33 0.01875 0.11125
0 0.55375 0.325 0.02875 0.11125
0 0.60375 0.32875 0.02875 0.1125
0 0.64 0.32375 0.03375 0.10375
0 0.6675 0.34375 0.01875 0.07125
0 0.685 0.34 0.0125 0.0675
0 0.28875 0.47875 0.02375 0.09625
0 0.70125 0.34375 0.00875 0.07125
0 0.78 0.33625 0.015 0.06875
0 0.7975 0.335 0.01375 0.07125
0 0.81625 0.3375 0.0175 0.075
0 0.83625 0.335 0.01625 0.0725
0 0.13875 0.49125 0.02125 0.09875
0 0.16875 0.48875 0.025 0.09875
0 0.2025 0.48875 0.02875 0.10375
0 0.23125 0.485 0.02375 0.09625
0 0.71875 0.345 0.02125 0.0725
0 0.15625 0.14375 0.0525 0.1575
0 0.21 0.14375 0.04875 0.15375
0 0.2625 0.1425 0.0475 0.15625
0 0.25375 0.38 0.01625 0.04375
0 0.27625 0.3775 0.02 0.03875
0 0.3025 0.37625 0.0175 0.03875
0 0.32125 0.28625 0.02125 0.04375
0 0.74375 0.41625 0.03375 0.03625
0 0.7025 0.46125 0.0275 0.03625
0 0.7425 0.4575 0.03375 0.03625
0 0.8025 0.43375 0.015 0.04875
0 0.22875 0.38 0.0175 0.04375
0 0.82375 0.435 0.02 0.05125
0 0.21375 0.59375 0.06125 0.04625
0 0.15375 0.65875 0.05 0.04125
0 0.2175 0.6525 0.05875 0.0425
0 0.27625 0.6375 0.05125 0.04
0 0.3325 0.62875 0.05375 0.03875
0 0.27375 0.585 0.05 0.0475
0 0.32875 0.57875 0.04625 0.04625
0 0.3825 0.56875 0.04625 0.0425
0 0.15125 0.605 0.0525 0.0525
0 0.2975 0.335 0.02125 0.03875
0 0.275 0.33375 0.015 0.035
0 0.2525 0.335 0.01875 0.0375
0 0.31625 0.15375 0.04375 0.14125
0 0.365 0.16375 0.03125 0.12625
0 0.405 0.1675 0.03375 0.12625
0 0.44875 0.1675 0.04375 0.135
0 0.5275 0.1725 0.045 0.14125
0 0.56625 0.17125 0.025 0.12125
0 0.63 0.1825 0.04125 0.12625
0 0.6925 0.1875 0.03 0.12125
0 0.72875 0.1825 0.02625 0.11125
0 0.75875 0.18875 0.02 0.11625
0 0.78625 0.1875 0.02375 0.10875
0 0.81375 0.18875 0.02375 0.105
0 0.845 0.1925 0.02375 0.11125
0 0.195 0.3125 0.05875 0.08375
0 0.16875 0.38625 0.01875 0.04875
0 0.2 0.3875 0.02375 0.045
0 0.24375 0.28375 0.02 0.0525
0 0.26875 0.28375 0.0175 0.0475
0 0.29375 0.28375 0.015 0.04625
0 0.43375 0.56125 0.045 0.0425
0 0.46 0.3275 0.015 0.03875
0 0.4625 0.3725 0.01625 0.0425
0 0.42 0.3725 0.01625 0.04125
0 0.39875 0.3725 0.02 0.045
0 0.375 0.3725 0.02125 0.045
0 0.48375 0.3275 0.02125 0.04125
0 0.32625 0.37625 0.02125 0.04375
0 0.35125 0.37625 0.02 0.04125