0 0.69 0.42 0.0375 0.08875
0 0.57625 0.42 0.02 0.06375
0 0.46375 0.41125 0.02 0.0625
0 0.52 0.415 0.02125 0.0625
0 0.49 0.41625 0.01875 0.06125
0 0.4375 0.40875 0.02125 0.06375
0 0.38625 0.41 0.01625 0.0575
0 0.18125 0.71125 0.01125 0.075
0 0.86375 0.67125 0.02125 0.09625
0 0.83 0.665 0.04 0.09125
0 0.54625 0.4175 0.02625 0.06625
0 0.73375 0.41375 0.04125 0.08625
0 0.4575 0.2225 0.0175 0.0675
0 0.81625 0.42375 0.0375 0.09375
0 0.1475 0.22375 0.015 0.0975
0 0.165 0.22375 0.01375 0.1025
0 0.18125 0.225 0.01375 0.095
0 0.2 0.24125 0.0175 0.05875
0 0.21875 0.24 0.0175 0.06375
0 0.23875 0.2375 0.01875 0.065
0 0.25875 0.24125 0.01875 0.0625
0 0.2825 0.23875 0.02375 0.06625
0 0.43375 0.22 0.0225 0.07
0 0.2 0.71 0.02 0.0725
0 0.48125 0.22125 0.02 0.06875
0 0.50625 0.215 0.0225 0.07625
0 0.5375 0.21875 0.0275 0.07375
0 0.77625 0.42125 0.03125 0.09125
0 0.2225 0.7175 0.01625 0.07
0 0.6475 0.82875 0.0275 0.08125
0 0.26375 0.7225 0.02375 0.08625
0 0.78875 0.85875 0.03125 0.08375
0 0.75125 0.85 0.03125 0.07625
0 0.71875 0.84125 0.025 0.075
0 0.67875 0.8325 0.03 0.0725
0 0.5675 0.2175 0.02875 0.0725
0 0.5725 0.805 0.025 0.06875
0 0.54375 0.80125 0.02125 0.0675
0 0.5175 0.79625 0.01875 0.06625
0 0.49375 0.78625 0.01875 0.07375
0 0.4675 0.7775 0.02375 0.0675
0 0.44375 0.77375 0.0175 0.06875
0 0.42 0.7675 0.01875 0.07125
0 0.39875 0.76625 0.01875 0.0675
0 0.865 0.77375 0.01875 0.07625
0 0.83375 0.77125 0.02875 0.0775
0 0.7975 0.76 0.03625 0.08
0 0.30375 0.43125 0.0225 0.06375
0 0.7225 0.74625 0.0325 0.08
0 0.6875 0.73875 0.02875 0.0825
0 0.65 0.73375 0.03125 0.08
0 0.5725 0.70375 0.02875 0.0875
0 0.53625 0.69875 0.0275 0.07875
0 0.50625 0.6925 0.02625 0.0825
0 0.4775 0.6875 0.02 0.08125
0 0.45 0.6825 0.02625 0.08125
0 0.4225 0.6775 0.0225 0.0825
0 0.3925 0.675 0.025 0.07625
0 0.315 0.73625 0.01875 0.06375
0 0.29 0.72625 0.02125 0.08125
0 0.2425 0.7225 0.015 0.0725
0 0.675 0.1875 0.02375 0.0875
0 0.53875 0.60375 0.02 0.0775
0 0.735 0.18625 0.02625 0.0875
0 0.5775 0.52375 0.0225 0.06375
0 0.66125 0.52875 0.0275 0.1
0 0.695 0.53 0.025 0.105
0 0.72375 0.5375 0.02875 0.09875
0 0.7575 0.5475 0.02875 0.0825
0 0.79625 0.5525 0.03125 0.07875
0 0.55 0.515 0.02625 0.065
0 0.17125 0.6175 0.0175 0.07375
0 0.21875 0.625 0.02 0.0675
0 0.24125 0.63 0.015 0.07
0 0.26 0.6325 0.01625 0.06625
0 0.28 0.63 0.015 0.075
0 0.30875 0.63375 0.02875 0.06875
0 0.39 0.58375 0.0175 0.07
0 0.195 0.6225 0.0175 0.07
0 0.415 0.585 0.02 0.07
0 0.52125 0.50125 0.02125 0.08125
0 0.47 0.49875 0.02125 0.08375
0 0.26875 0.52625 0.01375 0.0725
0 0.28625 0.52875 0.0175 0.075
0 0.31125 0.53125 0.0225 0.07125
0 0.8275 0.86625 0.03375 0.08375
0 0.25 0.52 0.01625 0.07625
0 0.22875 0.52125 0.0175 0.08125
0 0.495 0.50125 0.02375 0.0775
0 0.20875 0.52 0.0175 0.07625
0 0.26 0.43 0.0175 0.06875
0 0.1875 0.5175 0.01625 0.07875
0 0.16375 0.5175 0.025 0.0775
0 0.395 0.49125 0.02375 0.07
0 0.41875 0.49625 0.01375 0.07375
0 0.44375 0.4975 0.02 0.075
0 0.24125 0.43 0.01625 0.06625
0 0.44 0.58875 0.02125 0.075
0 0.46125 0.58875 0.01375 0.07625
0 0.4875 0.59375 0.0175 0.08125
0 0.44125 0.32 0.02 0.0725
0 0.4675 0.32 0.02125 0.07625
0 0.49375 0.31875 0.0225 0.08875
0 0.5225 0.32375 0.0275 0.08
0 0.55375 0.32125 0.0225 0.08
0 0.58375 0.3225 0.02875 0.08375
0 0.415 0.32 0.02125 0.07875
0 0.69875 0.30375 0.0375 0.0975
0 0.78375 0.3 0.0325 0.1
0 0.825 0.30375 0.04375 0.10125
0 0.865 0.3075 0.02 0.1025
0 0.86125 0.18125 0.025 0.09
0 0.8 0.17875 0.0325 0.09875
0 0.7675 0.185 0.02875 0.0925
0 0.74375 0.29875 0.0375 0.09875
0 0.785 0.655 0.035 0.08875
0 0.7475 0.65 0.02875 0.0875
0 0.39 0.31625 0.0175 0.075
0 0.8325 0.555 0.02875 0.0775
0 0.8625 0.55625 0.02375 0.09375
0 0.8575 0.4225 0.03375 0.1
0 0.515 0.59375 0.01875 0.07625
0 0.56625 0.60625 0.02125 0.07375
0 0.59875 0.6125 0.02 0.05875
0 0.67125 0.64 0.02875 0.08125
0 0.71 0.64375 0.03625 0.0825
0 0.22125 0.4325 0.02 0.0625
0 0.19875 0.4325 0.0175 0.0625
0 0.18 0.43 0.015 0.065
0 0.155 0.42625 0.02375 0.075
0 0.28875 0.3425 0.02875 0.07
0 0.26 0.345 0.01625 0.065
0 0.155 0.34625 0.055 0.0325
0 0.705 0.19 0.0275 0.0825
0 0.86125 0.87875 0.025 0.085
0 0.76 0.75375 0.03125 0.08125
0 0.28125 0.43125 0.01875 0.07375