0 0.5275 0.52 0.0175 0.0475
0 0.5075 0.4875 0.01625 0.01
0 0.24875 0.30625 0.025 0.0975
0 0.59625 0.52 0.015 0.04875
0 0.57625 0.52 0.01625 0.05125
0 0.49375 0.42125 0.02375 0.045
0 0.46875 0.4125 0.015 0.01
0 0.47125 0.4275 0.0175 0.01
0 0.4725 0.44 0.01625 0.01125
0 0.445 0.42 0.02375 0.04625
0 0.41 0.4225 0.02 0.04375
0 0.37625 0.415 0.01875 0.05
0 0.35875 0.415 0.015 0.04875
0 0.3375 0.41375 0.01875 0.0475
0 0.3175 0.4125 0.01625 0.05
0 0.5525 0.5175 0.0225 0.05625
0 0.2975 0.42625 0.01875 0.0375
0 0.27375 0.41 0.02875 0.05625
0 0.72375 0.52 0.02375 0.03875
0 0.69875 0.54625 0.0125 0.0425
0 0.70875 0.59875 0.02 0.04375
0 0.67625 0.52125 0.0175 0.0475
0 0.64875 0.4925 0.0275 0.01875
0 0.64875 0.51375 0.0275 0.0175
0 0.65125 0.535 0.02875 0.01875
0 0.62 0.50375 0.02375 0.02125
0 0.62 0.5325 0.02375 0.0275
0 0.24 0.39875 0.03375 0.04375
0 0.50875 0.52375 0.01625 0.045
0 0.48625 0.50875 0.02125 0.06625
0 0.3 0.52375 0.02125 0.05375
0 0.2925 0.795 0.015 0.07125
0 0.27375 0.79375 0.0175 0.06875
0 0.25375 0.7925 0.02125 0.07
0 0.23125 0.7925 0.01875 0.07
0 0.67875 0.7 0.0175 0.07125
0 0.6475 0.69625 0.01875 0.07
0 0.62375 0.6975 0.01875 0.06625
0 0.6 0.69875 0.0175 0.06625
0 0.5775 0.695 0.01375 0.065
0 0.55125 0.7025 0.02125 0.05875
0 0.525 0.7025 0.02375 0.065
0 0.49875 0.70125 0.02125 0.0625
0 0.475 0.7025 0.02 0.05875
0 0.45125 0.6975 0.015 0.075
0 0.43125 0.7 0.01625 0.07375
0 0.395 0.69875 0.0475 0.0725
0 0.355 0.69875 0.025 0.0725
0 0.3575 0.6125 0.02 0.06125
0 0.33375 0.59125 0.0225 0.02125
0 0.33375 0.6275 0.02125 0.02625
0 0.30875 0.585 0.02125 0.02875
0 0.30875 0.62625 0.0225 0.0275
0 0.28125 0.60875 0.01875 0.045
0 0.3125 0.79875 0.0175 0.07625
0 0.26 0.60875 0.0125 0.04625
0 0.22875 0.60875 0.015 0.04625
0 0.32375 0.695 0.02625 0.0725
0 0.29625 0.71 0.0175 0.05125
0 0.275 0.70875 0.01625 0.0525
0 0.25625 0.71 0.0175 0.0525
0 0.23375 0.71 0.01875 0.05125
0 0.24375 0.61 0.01375 0.0475
0 0.335 0.7975 0.02125 0.07375
0 0.36 0.8025 0.025 0.05875
0 0.3875 0.80375 0.02125 0.06
0 0.56875 0.61125 0.025 0.05875
0 0.595 0.62125 0.0175 0.04375
0 0.61625 0.615 0.015 0.05125
0 0.63375 0.6175 0.0125 0.0525
0 0.655 0.63125 0.0225 0.0275
0 0.655 0.5975 0.02375 0.02625
0 0.54 0.61625 0.03125 0.05125
0 0.6825 0.6125 0.02125 0.0575
0 0.45625 0.50625 0.0275 0.0275
0 0.42875 0.50875 0.01875 0.075
0 0.405 0.515 0.01875 0.05625
0 0.38125 0.51875 0.01625 0.05125
0 0.35625 0.5125 0.01875 0.07625
0 0.32875 0.515 0.02125 0.0725
0 0.45625 0.53625 0.02625 0.02375
0 0.525 0.42 0.02875 0.04875
0 0.50625 0.61375 0.02125 0.0575
0 0.46 0.61125 0.025 0.0575
0 0.41625 0.8025 0.025 0.06125
0 0.44375 0.80125 0.025 0.06
0 0.4725 0.7975 0.02125 0.07125
0 0.49625 0.8 0.02375 0.0675
0 0.525 0.78625 0.025 0.0225
0 0.52625 0.8075 0.02375 0.0125
0 0.485 0.61625 0.01125 0.055
0 0.5275 0.825 0.02625 0.01625
0 0.5625 0.82 0.03125 0.0375
0 0.59125 0.79 0.01625 0.05625
0 0.61375 0.79125 0.01875 0.05875
0 0.645 0.80125 0.035 0.0675
0 0.68 0.80375 0.025 0.05625
0 0.4325 0.61375 0.0225 0.0575
0 0.56 0.77125 0.0325 0.04125
0 0.5575 0.41625 0.02625 0.055
0 0.40875 0.6125 0.02 0.05625
0 0.6175 0.41 0.02125 0.07625
0 0.58875 0.4175 0.02875 0.05625
0 0.38375 0.60875 0.0225 0.055
0 0.59 0.1925 0.04 0.04875
0 0.54625 0.19375 0.03375 0.05
0 0.5025 0.19125 0.035 0.0575
0 0.46 0.215 0.03625 0.0925
0 0.27625 0.19875 0.03875 0.06125
0 0.2875 0.31375 0.04625 0.1125
0 0.35375 0.31625 0.0425 0.03625
0 0.4125 0.3175 0.05 0.02875
0 0.4125 0.29125 0.05125 0.01125
0 0.47375 0.2825 0.0525 0.03
0 0.4775 0.32125 0.05 0.0325
0 0.24125 0.2 0.02125 0.05875
0 0.535 0.2525 0.04625 0.0125
0 0.63875 0.4075 0.01875 0.07375
0 0.52875 0.2325 0.0425 0.01125
0 0.66 0.4075 0.01875 0.07
0 0.6925 0.44 0.00625 0.0425
0 0.69625 0.495 0.01625 0.0375
0 0.70625 0.41 0.01375 0.0425
0 0.71375 0.46375 0.01875 0.03375
0 0.68375 0.30875 0.04875 0.06125
0 0.605 0.31875 0.0775 0.04
0 0.535 0.32 0.0475 0.0375
0 0.535 0.28 0.04375 0.0275
0 0.72875 0.38125 0.02 0.03875