0 0.56125 0.4525 0.02875 0.035
0 0.305 0.3725 0.01125 0.02375
0 0.29125 0.39 0.0075 0.015
0 0.30375 0.39625 0.0125 0.02
0 0.31625 0.3975 0.00875 0.02125
0 0.31625 0.3725 0.0075 0.02375
0 0.32625 0.38125 0.005 0.0225
0 0.3275 0.405 0.0075 0.02
0 0.3375 0.38625 0.00875 0.0225
0 0.33875 0.40875 0.00875 0.02
0 0.3475 0.3875 0.01 0.0225
0 0.35125 0.4125 0.01 0.02375
0 0.37125 0.39 0.0125 0.03
0 0.385 0.39375 0.01375 0.02625
0 0.36875 0.42125 0.01125 0.02875
0 0.4425 0.5275 0.01875 0.0325
0 0.61875 0.7325 0.02625 0.04125
0 0.42125 0.5175 0.015 0.035
0 0.40375 0.56875 0.0125 0.02875
0 0.39 0.5575 0.01 0.02125
0 0.40375 0.54 0.0125 0.02875
0 0.39125 0.53 0.01 0.0275
0 0.59875 0.62625 0.02375 0.045
0 0.63625 0.6025 0.03375 0.045
0 0.5675 0.67875 0.0125 0.0325
0 0.56875 0.64375 0.01625 0.03
0 0.57375 0.60625 0.0175 0.03625
0 0.54375 0.6625 0.01875 0.03125
0 0.545 0.6275 0.02375 0.0325
0 0.54875 0.58875 0.02375 0.0325
0 0.29125 0.3675 0.01 0.02375
0 0.595 0.4075 0.015 0.04125
0 0.58375 0.3675 0.0325 0.03
0 0.54 0.38625 0.0125 0.05125
0 0.39 0.2525 0.02125 0.08125
0 0.41125 0.25375 0.015 0.0825
0 0.42875 0.255 0.015 0.08375
0 0.44625 0.255 0.01625 0.09
0 0.46375 0.25625 0.015 0.09125
0 0.48375 0.2575 0.01875 0.09375
0 0.51 0.26125 0.02625 0.09875
0 0.55 0.26125 0.0225 0.11
0 0.59875 0.27125 0.035 0.06
0 0.63875 0.265 0.025 0.1225
0 0.67125 0.26625 0.03375 0.12875
0 0.7075 0.26625 0.03 0.1325
0 0.74625 0.27 0.0425 0.14125
0 0.3 0.3125 0.03125 0.02875
0 0.3825 0.42375 0.01375 0.02625
0 0.3 0.3375 0.0275 0.02125
0 0.335 0.3475 0.02875 0.02125
0 0.35625 0.3425 0.00875 0.04
0 0.37 0.34625 0.01 0.04125
0 0.38375 0.34625 0.0125 0.045
0 0.39875 0.3525 0.0125 0.0475
0 0.41125 0.3575 0.01125 0.04625
0 0.42625 0.3575 0.0125 0.0475
0 0.4375 0.36125 0.00625 0.0475
0 0.4475 0.365 0.01125 0.04875
0 0.46125 0.36875 0.01375 0.05125
0 0.47625 0.37 0.0125 0.04875
0 0.49 0.375 0.0125 0.05125
0 0.5075 0.37875 0.01625 0.055
0 0.52375 0.38125 0.01125 0.05625
0 0.33625 0.32 0.03 0.02625
0 0.37375 0.2525 0.01125 0.08
0 0.40125 0.40125 0.01125 0.03375
0 0.4 0.435 0.01125 0.02625
0 0.345 0.52875 0.00875 0.025
0 0.3575 0.5125 0.01 0.02625
0 0.3575 0.54 0.0125 0.02375
0 0.35875 0.48375 0.01 0.0225
0 0.37375 0.4625 0.01375 0.02625
0 0.37375 0.495 0.015 0.02625
0 0.37375 0.5225 0.01125 0.02
0 0.37625 0.54875 0.0125 0.025
0 0.49875 0.6025 0.02 0.0275
0 0.475 0.59 0.02125 0.03125
0 0.52125 0.57875 0.01875 0.03125
0 0.49875 0.5675 0.0175 0.035
0 0.47625 0.55375 0.02 0.0275
0 0.4775 0.51875 0.02125 0.0325
0 0.455 0.60625 0.0125 0.02875
0 0.43875 0.595 0.01 0.0275
0 0.42375 0.585 0.015 0.02375
0 0.455 0.57125 0.0125 0.03125
0 0.43875 0.5625 0.0125 0.03
0 0.38875 0.49875 0.01375 0.0275
0 0.4225 0.5525 0.015 0.03
0 0.75625 0.7975 0.0425 0.055
0 0.70875 0.77125 0.0325 0.05
0 0.6275 0.6475 0.0275 0.03625
0 0.5925 0.6675 0.01875 0.03
0 0.6225 0.68875 0.02875 0.035
0 0.67 0.7475 0.02875 0.04
0 0.71 0.71875 0.03375 0.045
0 0.6725 0.7 0.03375 0.04
0 0.34375 0.5025 0.00875 0.02375
0 0.3325 0.525 0.01 0.02625
0 0.33 0.4975 0.00875 0.0225
0 0.31875 0.51375 0.00875 0.02125
0 0.41625 0.435 0.01625 0.0275
0 0.45 0.415 0.0175 0.03
0 0.43375 0.44625 0.0125 0.03125
0 0.44875 0.45 0.01375 0.03375
0 0.47 0.42375 0.01625 0.03875
0 0.49 0.4275 0.02125 0.0325
0 0.47 0.46375 0.01625 0.03625
0 0.49 0.465 0.02125 0.0325
0 0.535 0.44625 0.02 0.04125
0 0.535 0.49125 0.0225 0.03875
0 0.56625 0.49375 0.0225 0.04
0 0.60125 0.46625 0.03125 0.04625
0 0.6375 0.4775 0.035 0.04125
0 0.6 0.51 0.03125 0.035
0 0.41625 0.40375 0.015 0.03
0 0.63125 0.52 0.02375 0.04
0 0.7 0.54875 0.0325 0.0525
0 0.755 0.56375 0.0375 0.0575
0 0.29125 0.42375 0.01375 0.025
0 0.29125 0.45 0.01125 0.01875
0 0.51875 0.6475 0.015 0.0325
0 0.5 0.635 0.0175 0.03125
0 0.4775 0.62375 0.0175 0.03125
0 0.52125 0.615 0.01875 0.0275
0 0.30625 0.46125 0.0125 0.02375
0 0.29 0.47375 0.01125 0.02
0 0.3025 0.485 0.0125 0.0225
0 0.28875 0.4975 0.00875 0.01625
0 0.3 0.5075 0.01125 0.0175
0 0.31875 0.49125 0.00875 0.0225
0 0.66625 0.5325 0.02125 0.04625
0 0.35875 0.25125 0.01375 0.07625
0 0.58875 0.7025 0.0175 0.03375
0 0.68625 0.115 0.035 0.11625
0 0.355 0.16125 0.0175 0.07
0 0.375 0.16 0.02 0.07375
0 0.395 0.1575 0.0175 0.07375
0 0.29625 0.2475 0.0125 0.06625
0 0.41375 0.155 0.01875 0.07625
0 0.4325 0.155 0.01625 0.07875
0 0.45 0.15125 0.0175 0.0775
0 0.47125 0.14875 0.02 0.07625
0 0.49375 0.145 0.0225 0.08625
0 0.51875 0.1425 0.0225 0.08875
0 0.54625 0.13625 0.03125 0.08875
0 0.58 0.1325 0.0275 0.09875
0 0.28125 0.24625 0.01375 0.06
0 0.34125 0.24875 0.0175 0.07125
0 0.76375 0.10375 0.03375 0.1425
0 0.72375 0.1075 0.035 0.12875
0 0.65 0.12 0.03125 0.115
0 0.61375 0.125 0.03375 0.10875
0 0.2775 0.165 0.0125 0.07375
0 0.335 0.1625 0.0175 0.07
0 0.2975 0.16875 0.015 0.06625
0 0.315 0.165 0.01375 0.0675
0 0.3225 0.25 0.01375 0.0725
0 0.30875 0.2475 0.0125 0.07