0 0.535 0.165 0.055 0.07375
0 0.585 0.11125 0.04 0.06375
0 0.585 0.1725 0.04625 0.0525
0 0.4825 0.18 0.045 0.03
0 0.53625 0.08625 0.0525 0.075
0 0.22125 0.26125 0.02125 0.0875
0 0.3225 0.26375 0.02125 0.0625
0 0.29125 0.26875 0.03375 0.075
0 0.25375 0.2625 0.04 0.08875
0 0.185 0.26 0.04625 0.08625
0 0.68125 0.11125 0.03625 0.0225
0 0.6375 0.10375 0.04875 0.0375
0 0.85375 0.19 0.0425 0.05625
0 0.79625 0.1925 0.07 0.05375
0 0.75625 0.1975 0.00875 0.04375
0 0.715 0.15375 0.06 0.07
0 0.3875 0.26875 0.03625 0.07375
0 0.65125 0.15625 0.06625 0.06375
0 0.47875 0.60625 0.04375 0.0575
0 0.4575 0.265 0.0175 0.0775
0 0.80625 0.565 0.03625 0.05625
0 0.7675 0.56625 0.03875 0.0575
0 0.73125 0.565 0.0325 0.0625
0 0.67875 0.615 0.04875 0.06875
0 0.6275 0.61375 0.05 0.0675
0 0.5675 0.61875 0.04875 0.0825
0 0.5225 0.60875 0.04375 0.0625
0 0.47875 0.13 0.05375 0.06375
0 0.44375 0.6 0.025 0.0475
0 0.40625 0.6 0.0475 0.05
0 0.84875 0.47125 0.05125 0.0675
0 0.81125 0.4725 0.02375 0.0675
0 0.77875 0.47875 0.04 0.055
0 0.74625 0.475 0.02 0.04375
0 0.72625 0.47125 0.02 0.04875
0 0.7025 0.5025 0.0175 0.08
0 0.675 0.50125 0.03 0.09125
0 0.84125 0.565 0.0325 0.0575
0 0.86625 0.56625 0.0175 0.06
0 0.73125 0.66125 0.04375 0.08125
0 0.775 0.6625 0.035 0.07625
0 0.86 0.85625 0.03 0.0975
0 0.82 0.86 0.0375 0.1
0 0.775 0.85 0.04375 0.0925
0 0.7275 0.86875 0.035 0.0925
0 0.67 0.8675 0.0575 0.08125
0 0.6225 0.86625 0.04875 0.0725
0 0.8625 0.745 0.02375 0.0525
0 0.8275 0.7425 0.04 0.0425
0 0.6475 0.49375 0.02125 0.0975
0 0.66625 0.74875 0.07625 0.08375
0 0.5575 0.7625 0.0425 0.06
0 0.5575 0.7175 0.0425 0.03
0 0.50625 0.75 0.055 0.095
0 0.45 0.7775 0.0575 0.0375
0 0.38875 0.73625 0.05875 0.0925
0 0.27875 0.75375 0.0525 0.08375
0 0.84875 0.64875 0.0525 0.07125
0 0.8025 0.64625 0.01875 0.04625
0 0.605 0.75125 0.04125 0.08875
0 0.4275 0.26375 0.04375 0.085
0 0.6025 0.4975 0.0625 0.0925
0 0.50125 0.50375 0.0475 0.0975
0 0.36 0.38125 0.02 0.0875
0 0.335 0.3825 0.03 0.08375
0 0.2875 0.3825 0.0425 0.08125
0 0.2525 0.38375 0.03625 0.07625
0 0.2225 0.3925 0.025 0.0625
0 0.19125 0.3975 0.035 0.05375
0 0.85 0.2575 0.04625 0.02375
0 0.86125 0.29 0.0275 0.04
0 0.83125 0.2925 0.01 0.02875
0 0.805 0.285 0.0275 0.025
0 0.76 0.29 0.06 0.035
0 0.69625 0.2775 0.06375 0.0625
0 0.63625 0.27375 0.03625 0.05375
0 0.57625 0.265 0.04125 0.08375
0 0.5375 0.26375 0.035 0.08
0 0.5025 0.265 0.03375 0.075
0 0.4775 0.26625 0.015 0.07625
0 0.385 0.3825 0.03125 0.09
0 0.4175 0.37625 0.0325 0.1025
0 0.4575 0.37875 0.04 0.10625
0 0.49125 0.3825 0.02875 0.105
0 0.45625 0.50375 0.0425 0.0975
0 0.42375 0.5025 0.02125 0.09875
0 0.38125 0.49875 0.0575 0.10125
0 0.34375 0.49875 0.01875 0.09875
0 0.2725 0.51625 0.02125 0.09
0 0.24 0.5075 0.03125 0.08
0 0.19625 0.515 0.03625 0.1025
0 0.86375 0.36875 0.0225 0.075
0 0.54875 0.5025 0.045 0.1
0 0.84 0.3675 0.02375 0.0725
0 0.78125 0.36875 0.03125 0.06625
0 0.7525 0.3675 0.025 0.07
0 0.7025 0.37625 0.0275 0.08625
0 0.66875 0.38 0.0375 0.08
0 0.58875 0.3775 0.02625 0.08125
0 0.5625 0.385 0.0225 0.08625
0 0.5425 0.385 0.015 0.0875
0 0.5225 0.38 0.02375 0.1
0 0.81125 0.37 0.02875 0.06875
0 0.42625 0.17125 0.05375 0.04875
0 0.30875 0.50625 0.05 0.11125
0 0.3725 0.17125 0.04 0.0375
0 0.36875 0.12625 0.04375 0.05
0 0.32375 0.15 0.03125 0.05
0 0.2875 0.1475 0.03875 0.05625
0 0.225 0.1675 0.045 0.0375
0 0.235 0.12 0.04375 0.035
0 0.43 0.1125 0.04625 0.0675