0 0.46875 0.69625 0.01 0.07375
0 0.4525 0.69625 0.01125 0.07875
0 0.43625 0.69125 0.0125 0.07875
0 0.35375 0.6875 0.01625 0.07625
0 0.40125 0.69125 0.01375 0.07375
0 0.385 0.69 0.01125 0.08
0 0.48625 0.695 0.0125 0.085
0 0.41875 0.69 0.0125 0.0725
0 0.50375 0.69375 0.01125 0.08
0 0.5725 0.695 0.01625 0.07
0 0.535 0.69375 0.01625 0.07375
0 0.55625 0.69125 0.01125 0.075
0 0.64125 0.69625 0.0175 0.07375
0 0.6725 0.69625 0.015 0.07375
0 0.69 0.6975 0.0125 0.0675
0 0.765 0.69625 0.02875 0.06125
0 0.2425 0.5975 0.01 0.0475
0 0.25875 0.59625 0.00875 0.05375
0 0.2875 0.5825 0.03 0.0875
0 0.51875 0.69375 0.0125 0.07625
0 0.48875 0.4675 0.02 0.08375
0 0.36125 0.5775 0.01125 0.0775
0 0.32875 0.57875 0.0125 0.08125
0 0.5975 0.80375 0.0125 0.085
0 0.5725 0.79875 0.01375 0.08375
0 0.555 0.8 0.0125 0.0825
0 0.5325 0.80125 0.0175 0.075
0 0.515 0.8025 0.0125 0.075
0 0.48875 0.8075 0.0175 0.08125
0 0.46875 0.8075 0.01375 0.075
0 0.445 0.80375 0.01375 0.07375
0 0.4275 0.8025 0.01 0.07875
0 0.41 0.8025 0.0125 0.07625
0 0.39375 0.8075 0.00875 0.06875
0 0.36625 0.8025 0.01 0.0775
0 0.35125 0.80125 0.0125 0.0725
0 0.3325 0.80375 0.00625 0.07
0 0.325 0.8025 0.00625 0.06875
0 0.31625 0.80375 0.00625 0.07
0 0.305 0.8 0.00625 0.06875
0 0.34875 0.57625 0.00875 0.07375
0 0.33375 0.69 0.01 0.075
0 0.38 0.575 0.0125 0.07625
0 0.395 0.58 0.01125 0.085
0 0.41 0.58 0.01375 0.08125
0 0.42625 0.58125 0.0125 0.07625
0 0.31375 0.57875 0.01125 0.075
0 0.44375 0.58125 0.01375 0.0825
0 0.23125 0.825 0.02125 0.04125
0 0.255 0.805 0.005 0.06875
0 0.2625 0.805 0.005 0.06875
0 0.27 0.80625 0.005 0.06875
0 0.29125 0.8025 0.005 0.06625
0 0.2975 0.80125 0.005 0.0675
0 0.23375 0.7475 0.02375 0.0475
0 0.31375 0.69375 0.00875 0.07
0 0.555 0.58375 0.01 0.07
0 0.2825 0.69375 0.01125 0.07125
0 0.76375 0.59625 0.02375 0.07875
0 0.76875 0.47625 0.0225 0.08875
0 0.72375 0.47 0.0375 0.09375
0 0.68 0.465 0.03125 0.08625
0 0.61625 0.49875 0.05875 0.04125
0 0.53875 0.4675 0.02625 0.08375
0 0.29125 0.3425 0.02375 0.08
0 0.3525 0.3375 0.01125 0.09125
0 0.39125 0.335 0.01875 0.0475
0 0.37 0.34375 0.01625 0.0675
0 0.41625 0.34875 0.02 0.0775
0 0.43875 0.335 0.01875 0.05625
0 0.47125 0.34 0.0375 0.08375
0 0.51875 0.33625 0.0375 0.0675
0 0.58375 0.3425 0.04125 0.085
0 0.63875 0.34875 0.045 0.0775
0 0.70875 0.3475 0.04375 0.08375
0 0.2625 0.465 0.02125 0.0925
0 0.30125 0.46875 0.025 0.0875
0 0.33 0.465 0.02375 0.095
0 0.3625 0.465 0.02625 0.09375
0 0.39 0.46875 0.02375 0.085
0 0.41375 0.47 0.02125 0.08125
0 0.4375 0.4675 0.01875 0.08375
0 0.46 0.46875 0.025 0.08125
0 0.74125 0.21875 0.02375 0.0825
0 0.30125 0.69 0.0075 0.06625
0 0.63 0.21625 0.01625 0.05875
0 0.49 0.2075 0.025 0.08375
0 0.26375 0.69 0.0125 0.0725
0 0.23875 0.67125 0.03125 0.0475
0 0.72125 0.58125 0.005 0.06375
0 0.71625 0.58625 0.005 0.06375
0 0.71125 0.58625 0.005 0.065
0 0.705 0.5875 0.005 0.065
0 0.6975 0.58625 0.005 0.0675
0 0.685 0.58625 0.01375 0.08125
0 0.665 0.585 0.01125 0.07625
0 0.64875 0.58625 0.00875 0.07
0 0.64 0.585 0.005 0.075
0 0.63375 0.5875 0.00625 0.07
0 0.625 0.58625 0.005 0.075
0 0.6075 0.5875 0.00625 0.0675
0 0.59625 0.58625 0.0075 0.0675
0 0.56875 0.5825 0.0075 0.07125
0 0.5125 0.46875 0.01625 0.08
0 0.54375 0.58375 0.00625 0.07375
0 0.5275 0.5825 0.00875 0.0775
0 0.51875 0.58375 0.0075 0.07375
0 0.26 0.2075 0.02625 0.075
0 0.3125 0.2125 0.0175 0.06125
0 0.34 0.215 0.02625 0.07375
0 0.3925 0.2075 0.02125 0.0825
0 0.425 0.2175 0.02375 0.06
0 0.60875 0.205 0.02125 0.09375
0 0.58 0.58375 0.00875 0.06875
0 0.73 0.80375 0.01375 0.07875
0 0.765 0.815 0.0275 0.0825
0 0.7075 0.805 0.01125 0.06875
0 0.69375 0.80625 0.01125 0.06625
0 0.675 0.805 0.0125 0.075
0 0.66 0.80625 0.01125 0.07875
0 0.64 0.8125 0.0075 0.0675
0 0.63125 0.8125 0.005 0.06875
0 0.6225 0.81375 0.00625 0.0675
0 0.61125 0.80125 0.0125 0.09