0 0.45125 0.45125 0.03375 0.09
0 0.56 0.44875 0.03125 0.08625
0 0.435 0.58625 0.0275 0.06125
0 0.52375 0.45125 0.03125 0.08375
0 0.4875 0.45 0.03 0.0875
0 0.85625 0.44375 0.03 0.0825
0 0.81875 0.4425 0.035 0.08375
0 0.40125 0.58875 0.03 0.06375
0 0.59625 0.44875 0.0375 0.085
0 0.2875 0.59 0.0325 0.06
0 0.84375 0.8325 0.0275 0.0625
0 0.2325 0.45375 0.03375 0.0775
0 0.195 0.455 0.03375 0.07625
0 0.1575 0.45375 0.03875 0.08
0 0.6725 0.4475 0.03125 0.0825
0 0.15375 0.59375 0.02875 0.06
0 0.18875 0.59375 0.03125 0.06125
0 0.2225 0.59 0.035 0.0625
0 0.32375 0.5875 0.04 0.0625
0 0.255 0.59 0.03 0.06125
0 0.77875 0.44625 0.02875 0.0825
0 0.2025 0.3175 0.0375 0.08625
0 0.70875 0.44875 0.02875 0.0825
0 0.83125 0.1275 0.035 0.0975
0 0.7875 0.12875 0.03375 0.0975
0 0.74625 0.12625 0.035 0.0975
0 0.70125 0.13 0.03375 0.1
0 0.66125 0.13 0.03625 0.1
0 0.6175 0.13125 0.0325 0.105
0 0.57375 0.13125 0.04125 0.10625
0 0.49375 0.13375 0.04375 0.09625
0 0.45 0.1325 0.0325 0.10125
0 0.33 0.13875 0.04 0.0875
0 0.28625 0.1425 0.0375 0.08875
0 0.24625 0.14125 0.0375 0.08625
0 0.205 0.145 0.0375 0.085
0 0.16625 0.14375 0.03875 0.09125
0 0.135 0.14375 0.0175 0.09125
0 0.87 0.125 0.01 0.09375
0 0.82125 0.3 0.03375 0.095
0 0.8625 0.29875 0.02375 0.0925
0 0.78 0.30375 0.03125 0.0875
0 0.16125 0.31625 0.0375 0.08625
0 0.81375 0.83625 0.025 0.0625
0 0.24125 0.31625 0.03 0.08
0 0.2775 0.3175 0.0375 0.08
0 0.32 0.31875 0.03875 0.08375
0 0.43 0.315 0.035 0.08375
0 0.395 0.315 0.03125 0.0825
0 0.745 0.4475 0.0275 0.08125
0 0.36125 0.315 0.0325 0.08125
0 0.5075 0.31 0.02875 0.0875
0 0.55 0.31 0.0325 0.0875
0 0.58625 0.3075 0.0325 0.085
0 0.6275 0.30875 0.03 0.09125
0 0.665 0.30625 0.02875 0.09125
0 0.70375 0.31 0.03375 0.0875
0 0.74 0.30625 0.0325 0.08625
0 0.46875 0.3125 0.03125 0.09375
0 0.78 0.8275 0.02625 0.07875
0 0.365 0.5875 0.0325 0.065
0 0.69625 0.8275 0.02375 0.08
0 0.38875 0.705 0.03375 0.0625
0 0.3525 0.70375 0.0325 0.06875
0 0.31875 0.70625 0.03125 0.06875
0 0.2875 0.705 0.025 0.06875
0 0.255 0.705 0.03 0.07125
0 0.495 0.7025 0.0275 0.065
0 0.46 0.7 0.03125 0.065
0 0.57125 0.695 0.035 0.08125
0 0.53 0.69875 0.0325 0.07625
0 0.67375 0.70375 0.0325 0.065
0 0.64 0.70375 0.0325 0.06625
0 0.60625 0.70375 0.0275 0.06625
0 0.71 0.7 0.035 0.0725
0 0.22125 0.705 0.03375 0.075
0 0.74875 0.69875 0.035 0.07125
0 0.8225 0.6925 0.03125 0.08125
0 0.78625 0.69625 0.035 0.07875
0 0.845 0.58125 0.03125 0.065
0 0.78 0.5775 0.02375 0.06875
0 0.7475 0.5775 0.02875 0.0675
0 0.70875 0.58 0.02625 0.07
0 0.67375 0.58 0.03 0.07
0 0.725 0.8275 0.0225 0.075
0 0.605 0.57375 0.02875 0.075
0 0.575 0.585 0.03 0.0625
0 0.53875 0.585 0.03125 0.06125
0 0.50125 0.58625 0.0325 0.06125
0 0.46875 0.58625 0.03125 0.0625
0 0.86 0.69375 0.02875 0.08
0 0.18625 0.7025 0.03125 0.0675
0 0.64 0.58 0.0275 0.07125
0 0.14125 0.82875 0.03125 0.105
0 0.15 0.70375 0.0325 0.07875
0 0.67 0.8275 0.02 0.07875
0 0.64 0.83625 0.02625 0.06
0 0.61 0.8375 0.025 0.06125
0 0.58125 0.83875 0.0275 0.065
0 0.51625 0.83625 0.02625 0.07125
0 0.48625 0.8375 0.02875 0.0675
0 0.27 0.45625 0.03125 0.07875
0 0.305 0.45625 0.03125 0.08125
0 0.34125 0.4575 0.0375 0.075
0 0.38125 0.4525 0.0325 0.08125
0 0.41625 0.44875 0.0325 0.08625
0 0.5475 0.8375 0.0275 0.0675
0 0.23625 0.83 0.025 0.09125
0 0.265 0.83125 0.025 0.09625
0 0.2925 0.8425 0.0275 0.0625
0 0.45625 0.83875 0.025 0.06625
0 0.425 0.83875 0.0275 0.06375
0 0.38875 0.8375 0.03 0.06125
0 0.32625 0.84125 0.02875 0.0625
0 0.3575 0.84 0.02875 0.05625