0 0.57125 0.42375 0.06375 0.07125
0 0.68875 0.42875 0.08375 0.07375
0 0.80125 0.45 0.0325 0.07875
0 0.84125 0.45 0.0375 0.08
0 0.82375 0.60625 0.0325 0.0325
0 0.86125 0.59125 0.02625 0.07
0 0.78125 0.57875 0.035 0.06625
0 0.74125 0.55375 0.03 0.11375
0 0.7025 0.55375 0.03 0.1125
0 0.675 0.55625 0.01625 0.1125
0 0.64 0.5575 0.03875 0.11125
0 0.60375 0.54375 0.02375 0.10875
0 0.56125 0.59125 0.05 0.04375
0 0.51 0.5425 0.05125 0.05
0 0.38625 0.42125 0.03875 0.06
0 0.505 0.41625 0.0475 0.08125
0 0.26625 0.42375 0.05 0.0625
0 0.32875 0.42875 0.06875 0.06375
0 0.35875 0.24125 0.04625 0.03875
0 0.30375 0.23875 0.04125 0.03625
0 0.44 0.25875 0.02625 0.03375
0 0.42125 0.29125 0.03125 0.0225
0 0.40375 0.25875 0.0275 0.0275
0 0.23625 0.23125 0.03375 0.03375
0 0.285 0.28 0.04 0.0325
0 0.33625 0.28125 0.0475 0.03125
0 0.385 0.28875 0.03375 0.025
0 0.25125 0.31875 0.05 0.035
0 0.30625 0.32125 0.0525 0.03
0 0.3625 0.32125 0.0525 0.03625
0 0.50625 0.59 0.0525 0.0425
0 0.44 0.325 0.02375 0.0275
0 0.50875 0.32875 0.1025 0.03
0 0.43875 0.41125 0.04875 0.07375
0 0.44875 0.54375 0.055 0.04625
0 0.56875 0.6925 0.045 0.12125
0 0.27125 0.55125 0.03375 0.12125
0 0.22875 0.575 0.03875 0.065
0 0.24 0.72875 0.03 0.0475
0 0.1425 0.73375 0.025 0.05125
0 0.19875 0.7275 0.02375 0.03875
0 0.21625 0.66125 0.06 0.06
0 0.1425 0.66375 0.0225 0.04625
0 0.255 0.805 0.01375 0.05
0 0.22875 0.8075 0.00875 0.045
0 0.2125 0.79875 0.01375 0.04375
0 0.1775 0.8 0.0225 0.0525
0 0.1475 0.8 0.01875 0.03625
0 0.31625 0.83 0.08875 0.1075
0 0.4075 0.82625 0.0825 0.105
0 0.4975 0.82875 0.0825 0.1
0 0.5575 0.83125 0.03125 0.0875
0 0.60875 0.84 0.06125 0.07125
0 0.65625 0.8175 0.02625 0.08375
0 0.69375 0.81 0.03875 0.065
0 0.7475 0.82625 0.03375 0.0975
0 0.30375 0.5525 0.02375 0.11875
0 0.33375 0.5525 0.03125 0.11875
0 0.37 0.555 0.03125 0.11625
0 0.40375 0.55375 0.025 0.11875
0 0.28375 0.69625 0.0475 0.12375
0 0.3375 0.695 0.05125 0.12875
0 0.39125 0.695 0.045 0.13
0 0.45125 0.59125 0.0525 0.04375
0 0.455 0.695 0.07375 0.12625
0 0.85 0.71625 0.0375 0.07375
0 0.8075 0.72 0.03375 0.07125
0 0.7625 0.72 0.04 0.0725
0 0.7125 0.6775 0.03 0.08875
0 0.66875 0.69625 0.04375 0.125
0 0.61875 0.69625 0.04625 0.12375
0 0.8275 0.81875 0.04625 0.08875
0 0.51875 0.68375 0.04375 0.1075
0 0.40625 0.3275 0.0275 0.025
0 0.56375 0.54375 0.05 0.0475
0 0.33 0.165 0.05625 0.04875
0 0.6025 0.29625 0.095 0.02
0 0.61625 0.2625 0.09875 0.03625
0 0.6925 0.33 0.06 0.02375
0 0.69125 0.2975 0.06625 0.0275
0 0.7025 0.26375 0.05625 0.02625
0 0.7575 0.33 0.06375 0.0275
0 0.76125 0.3 0.0575 0.025
0 0.76875 0.26625 0.05375 0.0275
0 0.77375 0.2325 0.06375 0.0325
0 0.81625 0.3 0.0325 0.08625
0 0.85625 0.3125 0.0375 0.06375
0 0.61 0.3275 0.0925 0.02875
0 0.835 0.145 0.03375 0.09375
0 0.725 0.16625 0.12875 0.03875
0 0.55125 0.17 0.1275 0.04
0 0.5425 0.12625 0.115 0.03875
0 0.5575 0.07625 0.13375 0.055
0 0.255 0.16375 0.05375 0.05
0 0.39375 0.165 0.0525 0.04625
0 0.45625 0.165 0.05375 0.04875
0 0.45375 0.10875 0.0575 0.0525
0 0.39 0.11 0.05875 0.055
0 0.32375 0.10875 0.06125 0.0525
0 0.25125 0.10625 0.06125 0.055
0 0.71875 0.1025 0.1675 0.07125
0 0.49375 0.29625 0.10375 0.025
0 0.51125 0.26 0.1 0.03625
0 0.1725 0.50875 0.025 0.05375
0 0.1375 0.2025 0.025 0.085
0 0.14375 0.5125 0.02375 0.05625
0 0.19 0.58125 0.01875 0.055
0 0.1375 0.58375 0.025 0.06375
0 0.2125 0.40375 0.025 0.09125
0 0.17625 0.26 0.0275 0.09625
0 0.2 0.5075 0.025 0.05375
0 0.23125 0.50125 0.0275 0.05125