0 0.6775 0.25625 0.02875 0.1025
0 0.58375 0.21125 0.04125 0.0725
0 0.63875 0.26 0.0425 0.08875
0 0.525 0.26125 0.03 0.09125
0 0.48625 0.275 0.03875 0.0675
0 0.4425 0.275 0.035 0.065
0 0.71 0.255 0.02875 0.105
0 0.39125 0.24125 0.05125 0.13625
0 0.33875 0.245 0.05 0.13125
0 0.29 0.2425 0.0425 0.1325
0 0.76125 0.24375 0.05375 0.11875
0 0.2675 0.82125 0.0375 0.025
0 0.825 0.3975 0.0425 0.09
0 0.23875 0.24 0.05125 0.12375
0 0.77875 0.39875 0.03875 0.09125
0 0.735 0.39875 0.0325 0.08625
0 0.69375 0.39625 0.03375 0.085
0 0.65625 0.3975 0.035 0.08375
0 0.605 0.3975 0.03875 0.0825
0 0.485 0.4 0.0425 0.08125
0 0.525 0.38625 0.03 0.10375
0 0.4425 0.4 0.03125 0.0875
0 0.405 0.39625 0.03375 0.08375
0 0.8275 0.24 0.0625 0.1225
0 0.175 0.23125 0.04625 0.09
0 0.71625 0.785 0.02625 0.03875
0 0.4825 0.7975 0.04375 0.09
0 0.85375 0.9475 0.0425 0.09125
0 0.79875 0.93875 0.0525 0.095
0 0.74 0.93625 0.055 0.09375
0 0.68125 0.9325 0.05375 0.0925
0 0.62625 0.9275 0.05125 0.08875
0 0.56875 0.92625 0.0525 0.09125
0 0.505 0.9275 0.065 0.08625
0 0.43375 0.9225 0.065 0.08375
0 0.31875 0.7875 0.055 0.09375
0 0.37125 0.9175 0.05 0.08875
0 0.31625 0.9125 0.0525 0.08625
0 0.26375 0.905 0.04375 0.02625
0 0.26375 0.94 0.03375 0.02375
0 0.215 0.935 0.035 0.02625
0 0.21375 0.89875 0.04 0.0275
0 0.155 0.8925 0.06 0.08375
0 0.835 0.81625 0.08 0.095
0 0.76375 0.81375 0.0525 0.0875
0 0.36875 0.39625 0.03125 0.08375
0 0.715 0.8325 0.03 0.035
0 0.67 0.805 0.0525 0.0925
0 0.58875 0.80625 0.04875 0.09375
0 0.53375 0.8 0.0525 0.09
0 0.42625 0.79625 0.05375 0.0925
0 0.335 0.39375 0.0275 0.09125
0 0.19125 0.76125 0.0375 0.05875
0 0.26375 0.3975 0.03125 0.08125
0 0.725 0.5125 0.07375 0.04375
0 0.8075 0.57 0.05875 0.045
0 0.81875 0.6275 0.04875 0.0275
0 0.82875 0.68 0.03875 0.0275
0 0.83125 0.71375 0.04625 0.03
0 0.7625 0.6875 0.06875 0.02875
0 0.76125 0.7225 0.07125 0.02875
0 0.75125 0.6325 0.06 0.03
0 0.68125 0.6775 0.07 0.09
0 0.6075 0.675 0.055 0.09625
0 0.55125 0.6725 0.0525 0.095
0 0.49625 0.70125 0.03875 0.03
0 0.50625 0.61875 0.03 0.02375
0 0.45125 0.62875 0.04375 0.0325
0 0.45125 0.66375 0.04 0.02625
0 0.45375 0.69875 0.03875 0.0275
0 0.39 0.67125 0.0625 0.085
0 0.325 0.66625 0.05125 0.095
0 0.27125 0.69625 0.045 0.02875
0 0.2225 0.65625 0.03375 0.0225
0 0.2275 0.69125 0.03875 0.02875
0 0.2725 0.6625 0.04625 0.02625
0 0.2425 0.6125 0.0225 0.01875
0 0.2775 0.62 0.03625 0.03125
0 0.18125 0.66 0.03875 0.08125
0 0.14875 0.75375 0.04125 0.06
0 0.3725 0.79375 0.0475 0.0875
0 0.2225 0.815 0.045 0.03125
0 0.29875 0.3975 0.03375 0.08875
0 0.73125 0.57 0.08 0.0475
0 0.65375 0.57625 0.05 0.02875
0 0.50125 0.6675 0.04125 0.03
0 0.65625 0.47625 0.0425 0.0225
0 0.15 0.5475 0.0325 0.0725
0 0.1875 0.5475 0.0275 0.07125
0 0.235 0.55625 0.045 0.01875
0 0.23625 0.57375 0.0375 0.01
0 0.2525 0.51375 0.025 0.05625
0 0.1725 0.34375 0.03375 0.08375
0 0.1375 0.35 0.02375 0.07375
0 0.22 0.395 0.03625 0.08625
0 0.65375 0.54125 0.0475 0.02625
0 0.185 0.45875 0.03 0.0825
0 0.28375 0.56875 0.03875 0.025
0 0.3375 0.53625 0.04625 0.03
0 0.3375 0.5675 0.05 0.02625
0 0.3875 0.57 0.04125 0.025
0 0.28625 0.53625 0.03375 0.02375
0 0.41625 0.505 0.08375 0.0275
0 0.64875 0.5075 0.04125 0.03
0 0.59625 0.5025 0.035 0.0225
0 0.6025 0.5425 0.04875 0.02375
0 0.59875 0.575 0.045 0.02375
0 0.54375 0.57375 0.0425 0.02875
0 0.54625 0.53875 0.05 0.02625
0 0.5 0.47 0.04375 0.0225
0 0.50125 0.505 0.04625 0.0225
0 0.3875 0.53625 0.04 0.02375
0 0.49 0.54 0.04125 0.02125
0 0.49125 0.57 0.04625 0.025
0 0.44 0.56875 0.0425 0.0275
0 0.44 0.53875 0.04 0.02375
0 0.1425 0.4575 0.035 0.0775