0 0.25875 0.61625 0.05375 0.06625
0 0.3925 0.61625 0.045 0.06375
0 0.43625 0.61625 0.04125 0.06375
0 0.47875 0.61375 0.04125 0.06375
0 0.52 0.61375 0.04125 0.06375
0 0.56375 0.6125 0.04125 0.06375
0 0.605 0.615 0.04125 0.06375
0 0.8425 0.91875 0.0475 0.08375
0 0.84 0.8375 0.045 0.075
0 0.42875 0.8025 0.04875 0.08125
0 0.75125 0.9275 0.04 0.075
0 0.32 0.80875 0.055 0.08
0 0.375 0.805 0.055 0.08
0 0.15875 0.6525 0.04 0.075
0 0.48 0.8025 0.04875 0.08125
0 0.52625 0.805 0.04125 0.08125
0 0.5675 0.805 0.03875 0.08
0 0.6125 0.80375 0.0425 0.0825
0 0.6575 0.81875 0.0425 0.0825
0 0.70125 0.81625 0.0425 0.0825
0 0.745 0.815 0.0425 0.0825
0 0.78875 0.82 0.0425 0.0825
0 0.6375 0.3175 0.0425 0.095
0 0.2175 0.9225 0.03375 0.0875
0 0.255 0.91875 0.03375 0.09
0 0.295 0.9225 0.035 0.0925
0 0.33375 0.9225 0.03625 0.08375
0 0.3725 0.92125 0.03625 0.08125
0 0.42 0.945 0.02625 0.035
0 0.4475 0.94375 0.025 0.03375
0 0.475 0.94375 0.0275 0.03625
0 0.665 0.925 0.0475 0.075
0 0.5125 0.93125 0.0475 0.075
0 0.71 0.9275 0.04 0.075
0 0.79375 0.92625 0.04 0.075
0 0.79125 0.5275 0.0425 0.06875
0 0.6725 0.3275 0.0275 0.0775
0 0.705 0.525 0.04 0.06875
0 0.5425 0.7075 0.04375 0.0625
0 0.5 0.70875 0.0425 0.06875
0 0.45875 0.70625 0.04 0.06875
0 0.4175 0.71125 0.0425 0.07
0 0.37375 0.71 0.04 0.07
0 0.3325 0.71 0.04 0.07
0 0.28875 0.70875 0.04375 0.07125
0 0.24375 0.71 0.045 0.0675
0 0.2 0.71125 0.04 0.06625
0 0.74625 0.5275 0.04375 0.07375
0 0.74 0.6175 0.03875 0.0625
0 0.7 0.615 0.03875 0.0625
0 0.6575 0.615 0.04125 0.06375
0 0.51875 0.42375 0.045 0.08125
0 0.56625 0.4225 0.05125 0.08375
0 0.58625 0.71 0.0425 0.0625
0 0.61625 0.4225 0.05125 0.08875
0 0.62625 0.7075 0.04 0.065
0 0.79125 0.705 0.04375 0.06625
0 0.7 0.32875 0.0275 0.0775
0 0.72625 0.3275 0.02375 0.07875
0 0.75125 0.33 0.025 0.07875
0 0.7775 0.32875 0.025 0.07875
0 0.80125 0.34125 0.02 0.05
0 0.8375 0.34125 0.04875 0.05
0 0.82 0.29625 0.04125 0.03625
0 0.2025 0.42125 0.05125 0.07875
0 0.25625 0.42125 0.0525 0.0825
0 0.3125 0.42125 0.0525 0.08125
0 0.365 0.42125 0.05 0.08125
0 0.41625 0.425 0.05 0.08125
0 0.46875 0.42375 0.05125 0.08125
0 0.265 0.80875 0.055 0.08125
0 0.21 0.81125 0.055 0.07625
0 0.66875 0.70625 0.04 0.065
0 0.67125 0.42375 0.05375 0.085
0 0.78 0.6175 0.03875 0.0625
0 0.83125 0.43 0.065 0.05
0 0.15625 0.21375 0.05125 0.08625
0 0.59125 0.315 0.04875 0.0925
0 0.54125 0.3175 0.04875 0.09375
0 0.49625 0.31625 0.04375 0.09
0 0.2075 0.52625 0.045 0.065
0 0.2525 0.525 0.045 0.06875
0 0.2975 0.52625 0.045 0.06875
0 0.34375 0.525 0.04375 0.06375
0 0.3875 0.52625 0.04625 0.06625
0 0.4325 0.525 0.04125 0.06875
0 0.475 0.52375 0.04375 0.06875
0 0.51875 0.5225 0.0475 0.06875
0 0.7475 0.43 0.09375 0.07
0 0.50125 0.205 0.0475 0.09875
0 0.59875 0.20625 0.0475 0.09625
0 0.64625 0.20625 0.0475 0.1
0 0.6925 0.20875 0.0425 0.09875
0 0.7375 0.20875 0.0475 0.0975
0 0.78875 0.20875 0.05125 0.09625
0 0.20875 0.3125 0.04125 0.085
0 0.25125 0.3125 0.04125 0.085
0 0.30125 0.31 0.0525 0.08625
0 0.3525 0.31125 0.05 0.0875
0 0.4025 0.3125 0.0475 0.0875
0 0.45 0.315 0.045 0.085
0 0.615 0.52375 0.0525 0.0675
0 0.55 0.2075 0.05 0.09375
0 0.21 0.2075 0.0375 0.08125
0 0.6625 0.52625 0.04375 0.065
0 0.83375 0.47375 0.065 0.0375
0 0.1625 0.5325 0.0425 0.06875
0 0.45125 0.21 0.05125 0.09125
0 0.3475 0.20375 0.04875 0.09625
0 0.2475 0.20875 0.03875 0.08125
0 0.39875 0.20375 0.05125 0.1
0 0.29875 0.19625 0.045 0.10125