0 0.22 0.91875 0.05375 0.09875
0 0.27875 0.895 0.0575 0.1025
0 0.3375 0.8775 0.05 0.1
0 0.1775 0.15375 0.06 0.16375
0 0.28875 0.16 0.05125 0.1525
0 0.235 0.1575 0.05 0.1575
0 0.155 0.94125 0.05625 0.1125
0 0.3375 0.16875 0.03875 0.13625
0 0.195 0.8325 0.04625 0.05
0 0.395 0.765 0.03125 0.04875
0 0.285 0.805 0.03625 0.05125
0 0.3225 0.7925 0.03625 0.04625
0 0.36125 0.78 0.03625 0.0425
0 0.355 0.73125 0.0325 0.04375
0 0.315 0.74 0.0375 0.04375
0 0.27375 0.75 0.04125 0.0475
0 0.23 0.7675 0.04125 0.05
0 0.18125 0.7775 0.0425 0.0475
0 0.24125 0.81875 0.04125 0.0425
0 0.41625 0.48 0.04375 0.11625
0 0.38125 0.33125 0.0425 0.1325
0 0.2425 0.3325 0.045 0.14
0 0.815 0.5375 0.02375 0.04375
0 0.78625 0.54375 0.025 0.04
0 0.755 0.5525 0.02875 0.04125
0 0.72625 0.5575 0.02625 0.0425
0 0.69375 0.565 0.03125 0.0425
0 0.865 0.5075 0.01875 0.025
0 0.83875 0.53375 0.025 0.04625
0 0.865 0.4825 0.01875 0.02375
0 0.8125 0.5 0.02125 0.025
0 0.7875 0.50625 0.0275 0.02875
0 0.7575 0.515 0.02875 0.03125
0 0.7275 0.51875 0.02625 0.02625
0 0.695 0.52625 0.0325 0.02375
0 0.65875 0.53625 0.03875 0.0275
0 0.8375 0.495 0.0275 0.02375
0 0.20125 0.5075 0.06 0.1325
0 0.2675 0.4975 0.05625 0.13
0 0.32125 0.4925 0.04625 0.12875
0 0.455 0.47125 0.0325 0.11625
0 0.4925 0.46625 0.035 0.11125
0 0.535 0.46 0.04 0.10875
0 0.5775 0.455 0.0375 0.10875
0 0.615 0.4475 0.0325 0.10375
0 0.6475 0.445 0.02625 0.10125
0 0.675 0.44 0.025 0.09875
0 0.7025 0.435 0.0275 0.09875
0 0.72875 0.43125 0.0225 0.09875
0 0.75125 0.43125 0.01875 0.09625
0 0.79 0.40625 0.0475 0.05375
0 0.7825 0.3525 0.0575 0.05
0 0.77625 0.45375 0.025 0.03625
0 0.8 0.4525 0.02125 0.03125
0 0.82625 0.41875 0.0175 0.085
0 0.38125 0.8725 0.04125 0.06375
0 0.19375 0.33625 0.04125 0.155
0 0.65875 0.57375 0.0375 0.04375
0 0.8475 0.41625 0.01625 0.09
0 0.29 0.6675 0.03875 0.04875
0 0.3325 0.65625 0.04 0.0475
0 0.3325 0.6025 0.04 0.04625
0 0.2875 0.61125 0.045 0.04875
0 0.23875 0.6225 0.04625 0.05375
0 0.19125 0.69375 0.05625 0.0675
0 0.245 0.67875 0.04375 0.05125
0 0.58 0.32375 0.0275 0.105
0 0.505 0.32625 0.03125 0.12125
0 0.47125 0.33 0.035 0.11125
0 0.4325 0.3325 0.03625 0.12125
0 0.36875 0.4825 0.0425 0.1175
0 0.33625 0.3375 0.04375 0.125
0 0.28875 0.335 0.04125 0.14
0 0.5475 0.32625 0.0325 0.1125
0 0.37875 0.6425 0.045 0.05625
0 0.425 0.63125 0.04375 0.05125
0 0.46875 0.6225 0.04375 0.055
0 0.86625 0.4125 0.01625 0.0925
0 0.82 0.3025 0.05 0.05375
0 0.86 0.3025 0.02625 0.10125
0 0.73125 0.3175 0.02 0.09375
0 0.70625 0.31875 0.0275 0.09125
0 0.5875 0.5875 0.03125 0.04125
0 0.675 0.32125 0.03375 0.0975
0 0.64 0.32 0.03125 0.1
0 0.6075 0.32125 0.02625 0.11
0 0.55125 0.59875 0.0375 0.04625
0 0.61875 0.54 0.03125 0.025
0 0.5825 0.54625 0.0375 0.03125
0 0.545 0.555 0.03875 0.0325
0 0.42375 0.5825 0.0525 0.02375
0 0.51 0.61125 0.0375 0.06125
0 0.62125 0.57625 0.03625 0.04875
0 0.41875 0.81625 0.04625 0.03375
0 0.39375 0.71375 0.03875 0.0475
0 0.4725 0.835 0.04 0.05
0 0.3375 0.02875 0.0325 0.05625
0 0.14875 0.33875 0.04625 0.15
0 0.415 0.03875 0.03875 0.075
0 0.4575 0.03875 0.03625 0.075
0 0.49625 0.04125 0.0375 0.08125
0 0.53375 0.04375 0.035 0.0875
0 0.57 0.04625 0.03125 0.08875
0 0.6 0.04625 0.025 0.0925
0 0.6275 0.04875 0.02625 0.09375
0 0.6575 0.05 0.03 0.1
0 0.69 0.05125 0.0225 0.10125
0 0.71125 0.05375 0.01625 0.10625
0 0.73125 0.055 0.02375 0.1075
0 0.76125 0.05625 0.02375 0.105
0 0.78875 0.05875 0.025 0.10625
0 0.145 0.835 0.04 0.05375
0 0.1475 0.50875 0.04375 0.14375
0 0.8475 0.19375 0.01625 0.09625
0 0.82875 0.19375 0.0125 0.09875
0 0.81125 0.1925 0.01875 0.09875
0 0.735 0.1875 0.03125 0.105
0 0.67625 0.19 0.01375 0.10125
0 0.69875 0.18875 0.025 0.10625
0 0.8525 0.0675 0.03 0.1
0 0.65625 0.1875 0.02 0.105
0 0.62125 0.17625 0.045 0.12375
0 0.5475 0.185 0.0375 0.1075
0 0.50125 0.17625 0.04 0.12125
0 0.4625 0.1725 0.0325 0.1275
0 0.4225 0.17375 0.0375 0.13125
0 0.38 0.17 0.04125 0.13625
0 0.58375 0.17625 0.02625 0.12125
0 0.375 0.035 0.0375 0.06875
0 0.81625 0.0625 0.025 0.1
0 0.66875 0.65125 0.04625 0.09875
0 0.8 0.6075 0.03625 0.0725
0 0.6175 0.66375 0.05 0.075
0 0.56125 0.68125 0.05625 0.10375
0 0.49875 0.6975 0.0625 0.0775
0 0.8375 0.6 0.0325 0.07
0 0.425 0.8625 0.04125 0.04875
0 0.835 0.66375 0.0225 0.02875
0 0.835 0.69875 0.02375 0.0375
0 0.8575 0.68625 0.01875 0.0425
0 0.81 0.7075 0.0225 0.03375
0 0.81 0.6725 0.02 0.02875
0 0.71375 0.635 0.04 0.0725
0 0.7875 0.68625 0.01875 0.025
0 0.78625 0.71625 0.02125 0.0325
0 0.76125 0.73125 0.025 0.04125
0 0.76 0.695 0.025 0.0275
0 0.73375 0.70375 0.0225 0.0375
0 0.73375 0.7425 0.025 0.03375
0 0.67125 0.725 0.03625 0.03
0 0.70375 0.71625 0.0275 0.03125
0 0.7025 0.75125 0.02625 0.035
0 0.67125 0.7625 0.02875 0.04
0 0.58375 0.7825 0.05125 0.0875
0 0.465 0.795 0.04375 0.02375
0 0.75875 0.625 0.0425 0.08875