0 0.22125 0.43 0.04375 0.2075
0 0.38875 0.43125 0.03875 0.09
0 0.34625 0.43 0.04375 0.09125
0 0.26125 0.43625 0.035 0.06625
0 0.17625 0.4375 0.04375 0.06875
0 0.3125 0.66125 0.03125 0.095
0 0.30375 0.4275 0.04125 0.0875
0 0.14 0.28 0.02875 0.08125
0 0.335 0.2725 0.0475 0.10375
0 0.2875 0.27 0.04125 0.10875
0 0.2475 0.28 0.03625 0.085
0 0.21125 0.28125 0.03625 0.085
0 0.13875 0.41375 0.02625 0.1075
0 0.43 0.4325 0.0425 0.09125
0 0.17375 0.28125 0.03625 0.085
0 0.385 0.27375 0.0425 0.10875
0 0.47 0.43125 0.0375 0.0925
0 0.305 0.75625 0.05375 0.04875
0 0.5525 0.43125 0.04 0.0925
0 0.15875 0.66625 0.03125 0.08625
0 0.18875 0.66625 0.03 0.08375
0 0.22 0.66875 0.03125 0.08625
0 0.24875 0.675 0.02625 0.07
0 0.28 0.67625 0.03125 0.06875
0 0.34875 0.55375 0.0375 0.08875
0 0.39 0.5525 0.0425 0.085
0 0.4275 0.27375 0.0425 0.10875
0 0.7725 0.55375 0.0375 0.095
0 0.82 0.555 0.035 0.095
0 0.855 0.55625 0.035 0.095
0 0.86375 0.425 0.0225 0.1125
0 0.8325 0.4225 0.0375 0.1125
0 0.79125 0.42375 0.04375 0.1125
0 0.7475 0.4175 0.04125 0.12125
0 0.6875 0.4175 0.0775 0.125
0 0.61625 0.41625 0.06625 0.12375
0 0.51125 0.43125 0.0425 0.0925
0 0.4675 0.275 0.0375 0.11
0 0.50875 0.27625 0.04375 0.11
0 0.5575 0.27875 0.04875 0.10875
0 0.815 0.81 0.04125 0.025
0 0.8175 0.78375 0.04125 0.0275
0 0.8175 0.7525 0.0475 0.02875
0 0.77375 0.81125 0.03875 0.02375
0 0.77375 0.78375 0.04125 0.0275
0 0.73125 0.8075 0.04125 0.03125
0 0.68875 0.80875 0.04375 0.03
0 0.7 0.7525 0.04125 0.03375
0 0.85875 0.7575 0.03125 0.025
0 0.63375 0.8025 0.0525 0.03875
0 0.5775 0.805 0.05625 0.0375
0 0.5775 0.76 0.0575 0.05
0 0.5225 0.8025 0.0525 0.04
0 0.52375 0.75875 0.05125 0.04625
0 0.47 0.8 0.05375 0.03875
0 0.47 0.7575 0.05375 0.04625
0 0.4175 0.755 0.055 0.04625
0 0.72625 0.55125 0.0375 0.095
0 0.63875 0.75875 0.05625 0.04625
0 0.305 0.55125 0.05 0.08875
0 0.85625 0.785 0.03625 0.02625
0 0.85625 0.81 0.03625 0.02375
0 0.835 0.91125 0.04625 0.0725
0 0.785 0.9125 0.04375 0.07375
0 0.735 0.91125 0.04625 0.07625
0 0.685 0.91125 0.04625 0.07625
0 0.635 0.91 0.0475 0.07625
0 0.58625 0.91125 0.0475 0.07875
0 0.53625 0.91 0.04875 0.07625
0 0.48625 0.91 0.05 0.07625
0 0.43625 0.90875 0.04875 0.07625
0 0.38625 0.90875 0.05 0.08
0 0.33375 0.90625 0.0525 0.0825
0 0.275 0.90375 0.065 0.085
0 0.215 0.90125 0.05125 0.0775
0 0.1625 0.9025 0.05125 0.08
0 0.13375 0.66375 0.0175 0.095
0 0.1475 0.54125 0.04125 0.1025
0 0.18625 0.56875 0.0375 0.06375
0 0.22125 0.56625 0.0325 0.0625
0 0.26 0.57875 0.03125 0.12375
0 0.6525 0.54875 0.08 0.1025
0 0.57875 0.55125 0.06625 0.105
0 0.415 0.79875 0.055 0.04125
0 0.47375 0.55375 0.03875 0.0875
0 0.165 0.09875 0.0725 0.14125
0 0.2375 0.10125 0.06875 0.14375
0 0.515 0.55625 0.03875 0.0875
0 0.3375 0.115 0.0375 0.11
0 0.385 0.115 0.04 0.11
0 0.42875 0.11625 0.0375 0.11125
0 0.475 0.1175 0.045 0.1125
0 0.52875 0.11875 0.04125 0.1125
0 0.5725 0.12125 0.04 0.10875
0 0.63 0.11125 0.07125 0.13875
0 0.7125 0.10875 0.09 0.14375
0 0.78125 0.12 0.04625 0.12875
0 0.825 0.12125 0.0425 0.13
0 0.86125 0.12 0.0275 0.12875
0 0.85375 0.2775 0.0375 0.12125
0 0.8125 0.28 0.045 0.11125
0 0.7675 0.27875 0.045 0.11125
0 0.70875 0.27 0.065 0.13125
0 0.635 0.27125 0.0825 0.13125
0 0.34625 0.6675 0.03375 0.08875
0 0.38 0.6675 0.035 0.085
0 0.29375 0.115 0.0375 0.11625
0 0.455 0.66875 0.03875 0.08125
0 0.4325 0.5525 0.04375 0.08875
0 0.36125 0.79875 0.0525 0.04
0 0.36125 0.755 0.05625 0.04625
0 0.3075 0.79875 0.05625 0.03625
0 0.41875 0.6675 0.03625 0.0875
0 0.1975 0.79625 0.06 0.0425
0 0.1475 0.7975 0.0425 0.045
0 0.25125 0.75375 0.05375 0.0475
0 0.19625 0.75375 0.05625 0.04625
0 0.2525 0.7975 0.0525 0.03875
0 0.8625 0.6675 0.025 0.09375
0 0.83 0.67125 0.03875 0.0975
0 0.79 0.6675 0.04125 0.09875
0 0.745 0.66875 0.03625 0.0975
0 0.70625 0.66875 0.03875 0.09375
0 0.645 0.665 0.06875 0.09375
0 0.57375 0.66875 0.05 0.1
0 0.52875 0.6675 0.0375 0.0875
0 0.49125 0.66875 0.03625 0.0875
0 0.14625 0.7525 0.04125 0.04375