0 0.67125 0.4225 0.03375 0.05
0 0.67375 0.3875 0.035 0.0075
0 0.705 0.3825 0.02875 0.03875
0 0.70625 0.425 0.03375 0.0425
0 0.73375 0.37625 0.02625 0.0225
0 0.7375 0.4175 0.0225 0.05
0 0.46125 0.77375 0.04625 0.02125
0 0.7325 0.51125 0.02 0.05625
0 0.71125 0.5125 0.02 0.06
0 0.68625 0.5175 0.02875 0.05125
0 0.31125 0.59875 0.035 0.0125
0 0.4225 0.80875 0.02 0.0575
0 0.44 0.8125 0.015 0.05125
0 0.63375 0.425 0.03125 0.04375
0 0.75625 0.51 0.025 0.05625
0 0.63625 0.39625 0.0375 0.01
0 0.26875 0.81125 0.01625 0.06375
0 0.4025 0.77375 0.0125 0.01625
0 0.46625 0.81125 0.03125 0.04375
0 0.53375 0.38625 0.04125 0.01375
0 0.53625 0.42125 0.04 0.05
0 0.57 0.3725 0.025 0.02125
0 0.57125 0.415 0.02375 0.05875
0 0.6 0.37375 0.025 0.0425
0 0.6 0.42125 0.03125 0.04875
0 0.6375 0.36625 0.04 0.01
0 0.63625 0.37625 0.0425 0.0075
0 0.28625 0.81125 0.01875 0.06625
0 0.3125 0.80375 0.02875 0.07
0 0.34125 0.8225 0.025 0.0375
0 0.34375 0.78875 0.025 0.015
0 0.3675 0.8025 0.01625 0.06875
0 0.38625 0.8025 0.0175 0.0675
0 0.635 0.385 0.03625 0.0075
0 0.4975 0.805 0.025 0.0375
0 0.6125 0.205 0.03125 0.05625
0 0.6125 0.515 0.03125 0.045
0 0.69 0.20625 0.0175 0.0575
0 0.71125 0.2025 0.02 0.0575
0 0.73125 0.20375 0.0175 0.05875
0 0.7525 0.205 0.02 0.05375
0 0.7725 0.20625 0.01625 0.0525
0 0.77125 0.1675 0.01875 0.01875
0 0.6675 0.19875 0.015 0.05875
0 0.75125 0.08875 0.035 0.02
0 0.5225 0.51625 0.025 0.0475
0 0.2275 0.5275 0.0125 0.04375
0 0.25125 0.51625 0.025 0.06375
0 0.27875 0.5175 0.0225 0.0625
0 0.3025 0.51875 0.02125 0.0575
0 0.32625 0.5175 0.02375 0.05375
0 0.55 0.5175 0.0275 0.04625
0 0.6425 0.2075 0.02875 0.0575
0 0.50125 0.41125 0.02 0.0675
0 0.57875 0.2175 0.03 0.03375
0 0.58 0.49375 0.02875 0.0125
0 0.57875 0.5225 0.0275 0.04
0 0.67625 0.30375 0.02625 0.0375
0 0.7025 0.305 0.02625 0.03875
0 0.7275 0.2975 0.01875 0.05
0 0.745 0.3 0.01625 0.05375
0 0.76625 0.29625 0.02125 0.05125
0 0.31375 0.22 0.03375 0.0325
0 0.2475 0.2175 0.0475 0.04
0 0.36125 0.22 0.03875 0.02625
0 0.4 0.2075 0.03375 0.0525
0 0.4375 0.2075 0.03875 0.05
0 0.47375 0.20875 0.0325 0.0475
0 0.51375 0.21375 0.025 0.0325
0 0.5475 0.21 0.02875 0.0425
0 0.65625 0.515 0.01875 0.05
0 0.475 0.41125 0.02375 0.06625
0 0.39125 0.70375 0.02375 0.0525
0 0.44625 0.36 0.0225 0.01875
0 0.7325 0.70125 0.04625 0.02125
0 0.68375 0.7 0.04625 0.025
0 0.3425 0.61875 0.0225 0.0175
0 0.36625 0.61875 0.02125 0.0175
0 0.3675 0.635 0.02 0.0125
0 0.34375 0.635 0.02375 0.01125
0 0.74875 0.6025 0.01875 0.06375
0 0.32125 0.63625 0.0175 0.01125
0 0.655 0.27 0.025 0.0225
0 0.68125 0.26875 0.02375 0.0225
0 0.6225 0.2675 0.0275 0.0175
0 0.6225 0.30125 0.02125 0.04125
0 0.5825 0.2975 0.0275 0.05625
0 0.5475 0.2975 0.03375 0.05625
0 0.64875 0.30375 0.02375 0.03875
0 0.72375 0.60875 0.025 0.05125
0 0.69625 0.60875 0.025 0.04875
0 0.66625 0.61375 0.03125 0.04
0 0.34375 0.59875 0.02125 0.0125
0 0.3725 0.59375 0.025 0.02
0 0.3925 0.6225 0.02375 0.035
0 0.41875 0.62125 0.0225 0.03875
0 0.445 0.62125 0.02375 0.0325
0 0.47 0.61375 0.0175 0.04625
0 0.4475 0.59 0.02375 0.0225
0 0.495 0.615 0.0275 0.0425
0 0.5225 0.615 0.0225 0.04125
0 0.55 0.61875 0.02875 0.035
0 0.5775 0.61375 0.01875 0.04375
0 0.605 0.61125 0.025 0.04875
0 0.635 0.6175 0.03 0.03625
0 0.63625 0.59 0.03 0.01
0 0.6675 0.58625 0.02875 0.01
0 0.51125 0.2975 0.035 0.05125
0 0.4275 0.3 0.0475 0.02375
0 0.42875 0.3175 0.045 0.01125
0 0.37375 0.30875 0.05625 0.025
0 0.3625 0.70875 0.03 0.04875
0 0.3275 0.7125 0.0325 0.04125
0 0.235 0.69875 0.02875 0.07
0 0.2325 0.77625 0.0175 0.01125
0 0.2325 0.79 0.0175 0.0125
0 0.25125 0.785 0.015 0.0125
0 0.25125 0.80125 0.0125 0.01625
0 0.23 0.82125 0.02 0.045
0 0.35875 0.41625 0.0275 0.0625
0 0.3875 0.41875 0.02875 0.0575
0 0.3875 0.37625 0.02875 0.025
0 0.3575 0.37125 0.0275 0.0225
0 0.33125 0.3725 0.025 0.02625
0 0.41875 0.405 0.02625 0.075
0 0.44375 0.40625 0.0225 0.07125
0 0.35625 0.51125 0.02625 0.06625
0 0.4725 0.3675 0.025 0.01875
0 0.33125 0.41875 0.0225 0.06
0 0.27125 0.41375 0.01875 0.06375
0 0.30875 0.3075 0.06 0.0325
0 0.255 0.3075 0.04875 0.03625
0 0.24875 0.41625 0.01875 0.06
0 0.6825 0.71875 0.045 0.01
0 0.7325 0.71875 0.045 0.01125
0 0.64375 0.70125 0.02625 0.04625
0 0.6125 0.70125 0.02625 0.04625
0 0.5775 0.705 0.02875 0.04375
0 0.54375 0.70375 0.03 0.04625
0 0.515 0.7 0.02375 0.05
0 0.48625 0.7025 0.02875 0.04625
0 0.45375 0.71 0.03125 0.0425
0 0.42 0.71 0.03375 0.04
0 0.42125 0.6775 0.035 0.02125
0 0.455 0.675 0.0325 0.0225
0 0.3025 0.4075 0.02125 0.0825
0 0.38625 0.51625 0.01875 0.05125
0 0.31375 0.5875 0.03 0.0075
0 0.37375 0.1025 0.015 0.0725
0 0.65 0.11 0.02375 0.05875
0 0.52625 0.80375 0.025 0.04375
0 0.52125 0.7675 0.03375 0.01875
0 0.715 0.82125 0.01625 0.0225
0 0.74125 0.8125 0.035 0.0375
0 0.73 0.7625 0.035 0.015
0 0.55875 0.805 0.0275 0.0425
0 0.41375 0.51 0.0275 0.06625
0 0.59625 0.805 0.03625 0.04625
0 0.70375 0.11875 0.015 0.04125
0 0.72375 0.11875 0.01875 0.04
0 0.355 0.10375 0.01375 0.0725
0 0.7525 0.12 0.03625 0.03875
0 0.52625 0.47625 0.05 0.02375
0 0.4975 0.515 0.0225 0.0475
0 0.235 0.6075 0.02375 0.0425
0 0.68 0.11375 0.02625 0.05125
0 0.61875 0.0975 0.02625 0.08375
0 0.64625 0.80125 0.05625 0.065
0 0.47 0.5125 0.0275 0.05875
0 0.32 0.61875 0.0175 0.01875
0 0.3275 0.1025 0.0375 0.07875
0 0.28875 0.105 0.035 0.075
0 0.24125 0.1125 0.04 0.0525
0 0.39625 0.10625 0.01625 0.065
0 0.265 0.6225 0.025 0.03875
0 0.4525 0.105 0.0275 0.06625
0 0.4225 0.10375 0.02625 0.06625
0 0.5275 0.10625 0.02875 0.06875
0 0.56 0.10375 0.02625 0.06625
0 0.70375 0.77625 0.01375 0.01625
0 0.58875 0.0975 0.02875 0.07875
0 0.68875 0.80875 0.0225 0.04875
0 0.44375 0.5125 0.0225 0.05625
0 0.49125 0.105 0.035 0.075
0 0.29625 0.62625 0.0275 0.0325