0 0.675 0.74375 0.02375 0.03625
0 0.63875 0.45125 0.01 0.06375
0 0.62625 0.4525 0.0125 0.06375
0 0.5475 0.44875 0.0175 0.07125
0 0.52875 0.4525 0.01375 0.07375
0 0.51375 0.45375 0.01375 0.07875
0 0.4975 0.455 0.01625 0.08
0 0.4825 0.455 0.01125 0.08
0 0.465 0.45875 0.02 0.08375
0 0.3675 0.47125 0.02375 0.10375
0 0.34125 0.47 0.025 0.10625
0 0.31375 0.47375 0.0275 0.10875
0 0.285 0.475 0.02625 0.10875
0 0.25375 0.475 0.03125 0.11375
0 0.22 0.475 0.03375 0.115
0 0.1875 0.47625 0.03 0.12
0 0.15 0.4775 0.03625 0.12125
0 0.1125 0.47875 0.03625 0.13
0 0.65 0.45 0.01125 0.065
0 0.6625 0.44875 0.01125 0.0675
0 0.67375 0.44875 0.01 0.06625
0 0.685 0.45 0.01125 0.06375
0 0.65125 0.5475 0.025 0.04
0 0.47875 0.72125 0.04125 0.045
0 0.43375 0.74125 0.03875 0.0475
0 0.3825 0.75125 0.04875 0.04875
0 0.32375 0.825 0.045 0.05125
0 0.2725 0.84375 0.0525 0.0525
0 0.32375 0.7675 0.05375 0.04375
0 0.26375 0.785 0.06375 0.0575
0 0.075 0.47875 0.035 0.13
0 0.17375 0.68 0.065 0.06375
0 0.09625 0.68875 0.07125 0.0625
0 0.095 0.62375 0.07375 0.06625
0 0.67625 0.70375 0.0275 0.03125
0 0.02875 0.705 0.05625 0.065
0 0.0275 0.6375 0.055 0.0675
0 0.72125 0.44625 0.01 0.06125
0 0.71125 0.4475 0.01 0.065
0 0.69875 0.4475 0.01125 0.0625
0 0.17375 0.6175 0.06875 0.0575
0 0.3825 0.8075 0.04375 0.05
0 0.03375 0.48125 0.04 0.135
0 0.65625 0.3325 0.02375 0.11875
0 0.055 0.26625 0.07125 0.19125
0 0.2375 0.6675 0.05625 0.05625
0 0.29375 0.5975 0.05125 0.05125
0 0.295 0.65625 0.05125 0.05375
0 0.35 0.59125 0.05 0.0525
0 0.34875 0.6475 0.05 0.05
0 0.39625 0.58125 0.04125 0.0475
0 0.4425 0.5775 0.04625 0.04875
0 0.39625 0.63625 0.03875 0.04875
0 0.44 0.63 0.03875 0.045
0 0.49 0.6175 0.03625 0.0475
0 0.52625 0.5625 0.035 0.04375
0 0.52625 0.61125 0.0325 0.04125
0 0.56 0.5575 0.02625 0.04125
0 0.59 0.55375 0.02625 0.04
0 0.56 0.60375 0.02875 0.04
0 0.59 0.59625 0.02625 0.03625
0 0.12875 0.2775 0.06375 0.1775
0 0.19 0.27625 0.055 0.17625
0 0.25375 0.28875 0.0575 0.15375
0 0.31 0.2925 0.04875 0.1675
0 0.62875 0.3325 0.025 0.12
0 0.60125 0.32875 0.02625 0.1275
0 0.57375 0.325 0.02375 0.13
0 0.545 0.32125 0.03 0.13625
0 0.51125 0.31625 0.0325 0.14
0 0.47625 0.3125 0.03125 0.1375
0 0.445 0.3125 0.0275 0.13875
0 0.40875 0.3225 0.04 0.10875
0 0.68125 0.3375 0.02375 0.11
0 0.2025 0.86 0.0625 0.03
0 0.0475 0.84625 0.08 0.05625
0 0.84 0.55125 0.0175 0.03125
0 0.82375 0.55375 0.0125 0.03125
0 0.8375 0.52 0.05625 0.03
0 0.805 0.55875 0.01875 0.02875
0 0.78625 0.5625 0.0175 0.03125
0 0.2375 0.60625 0.0575 0.05625
0 0.3525 0.29875 0.035 0.155
0 0.125 0.82625 0.0725 0.0525
0 0.43 0.7975 0.04125 0.04875
0 0.6225 0.55 0.02875 0.03875
0 0.5175 0.75625 0.0325 0.04
0 0.8775 0.63625 0.01375 0.02625
0 0.86125 0.67 0.01375 0.02625
0 0.87875 0.665 0.015 0.0275
0 0.6775 0.5425 0.02375 0.03625
0 0.47875 0.775 0.04125 0.04625
0 0.72625 0.53625 0.02375 0.03375
0 0.61875 0.5925 0.02625 0.03625
0 0.64625 0.5875 0.0225 0.03125
0 0.675 0.58375 0.025 0.035
0 0.70125 0.575 0.02 0.03375
0 0.7225 0.5725 0.0175 0.03375
0 0.74375 0.5725 0.02 0.035
0 0.7675 0.52875 0.02375 0.03125
0 0.79125 0.52625 0.02 0.03125
0 0.76625 0.565 0.01875 0.03375
0 0.6775 0.66125 0.02875 0.03125
0 0.64625 0.75375 0.02625 0.0375
0 0.86125 0.64 0.015 0.0275
0 0.8775 0.60625 0.015 0.03
0 0.85875 0.60625 0.01875 0.025
0 0.845 0.6775 0.015 0.02875
0 0.70625 0.655 0.02625 0.03375
0 0.7025 0.695 0.0225 0.03125
0 0.7025 0.73375 0.02 0.03
0 0.735 0.64875 0.02375 0.03875
0 0.7275 0.6875 0.02 0.02875
0 0.72625 0.72625 0.0225 0.03
0 0.75875 0.63875 0.02 0.0325
0 0.79625 0.63 0.02125 0.03
0 0.6475 0.7125 0.02625 0.03375
0 0.7625 0.67125 0.02375 0.02375
0 0.76625 0.70625 0.01875 0.03
0 0.79 0.665 0.02125 0.0275
0 0.78625 0.6975 0.0175 0.02625
0 0.81 0.66 0.01625 0.025
0 0.80625 0.69375 0.01625 0.02625
0 0.82625 0.6525 0.01625 0.0275
0 0.82625 0.685 0.015 0.02875
0 0.845 0.64625 0.01625 0.02625
0 0.7475 0.71375 0.015 0.03125
0 0.64625 0.67125 0.03 0.0375
0 0.70125 0.53875 0.02125 0.035
0 0.61625 0.7225 0.02625 0.03625
0 0.55125 0.745 0.03125 0.03875
0 0.61625 0.765 0.02625 0.03625
0 0.51625 0.805 0.03 0.04625
0 0.47375 0.82375 0.04 0.045
0 0.55 0.7925 0.02875 0.04125
0 0.3825 0.8575 0.0375 0.035
0 0.58625 0.73375 0.0325 0.03625
0 0.58375 0.7775 0.03125 0.04
0 0.61625 0.68 0.03 0.03875
0 0.42875 0.8475 0.03875 0.04125