0 0.1725 0.7275 0.02375 0.0725
0 0.77375 0.71875 0.11875 0.0275
0 0.77125 0.745 0.11125 0.02375
0 0.6375 0.70875 0.1325 0.035
0 0.6475 0.74375 0.1275 0.03125
0 0.1425 0.73 0.0325 0.0775
0 0.40875 0.6925 0.1225 0.0125
0 0.41 0.715 0.11625 0.0275
0 0.41125 0.74375 0.1125 0.02625
0 0.76875 0.69375 0.12375 0.02
0 0.5175 0.74125 0.09375 0.03625
0 0.7975 0.63625 0.13125 0.03125
0 0.30625 0.58 0.0975 0.02
0 0.8075 0.58 0.135 0.015
0 0.665 0.635 0.13 0.03
0 0.66625 0.60375 0.12875 0.0325
0 0.66875 0.5775 0.1325 0.01125
0 0.5425 0.635 0.1125 0.02875
0 0.53875 0.58875 0.1125 0.0325
0 0.42375 0.6425 0.12 0.03
0 0.42 0.61125 0.12125 0.0275
0 0.3 0.64125 0.11875 0.02625
0 0.29875 0.61125 0.12 0.02875
0 0.2 0.70125 0.025 0.13
0 0.80125 0.605 0.1325 0.03
0 0.22875 0.68375 0.01875 0.12875
0 0.50375 0.935 0.105 0.02375
0 0.15625 0.82125 0.05875 0.02375
0 0.16625 0.615 0.03 0.08625
0 0.4025 0.90125 0.09125 0.0175
0 0.50375 0.90625 0.105 0.0275
0 0.615 0.93625 0.11375 0.0225
0 0.62125 0.91 0.11375 0.025
0 0.74 0.9275 0.115 0.0275
0 0.7425 0.90125 0.11625 0.02375
0 0.83625 0.92875 0.07625 0.025
0 0.8375 0.90625 0.07125 0.01875
0 0.84125 0.88375 0.06375 0.015
0 0.775 0.8375 0.11875 0.025
0 0.77625 0.81125 0.11875 0.02375
0 0.7775 0.79125 0.12625 0.01375
0 0.65125 0.84 0.12125 0.02625
0 0.64625 0.79 0.11625 0.00875
0 0.6525 0.8125 0.11875 0.02625
0 0.53125 0.8425 0.115 0.025
0 0.53125 0.81625 0.1175 0.025
0 0.41875 0.84875 0.105 0.0275
0 0.4175 0.82125 0.10375 0.025
0 0.4175 0.7975 0.1075 0.0175
0 0.305 0.85125 0.11625 0.02625
0 0.30625 0.825 0.1125 0.02375
0 0.3075 0.80125 0.11 0.01875
0 0.1575 0.85125 0.0625 0.03
0 0.3075 0.74375 0.08125 0.03375
0 0.1375 0.61375 0.0225 0.08125
0 0.65875 0.19625 0.03375 0.13125
0 0.81375 0.50625 0.1225 0.02625
0 0.82125 0.3325 0.105 0.02625
0 0.86625 0.195 0.015 0.1375
0 0.605 0.0475 0.035 0.09375
0 0.54375 0.04625 0.0625 0.09125
0 0.4925 0.045 0.03625 0.08875
0 0.45375 0.045 0.03875 0.08875
0 0.41875 0.04375 0.025 0.085
0 0.36375 0.0425 0.03875 0.08375
0 0.3225 0.04125 0.04 0.08
0 0.25 0.01875 0.105 0.03625
0 0.24375 0.06 0.10625 0.04125
0 0.27375 0.19125 0.15125 0.03875
0 0.27625 0.23125 0.155 0.0375
0 0.37125 0.19 0.0325 0.1275
0 0.40875 0.19125 0.0375 0.13
0 0.4475 0.1925 0.03625 0.1275
0 0.48125 0.19375 0.03 0.1225
0 0.5125 0.19375 0.0275 0.12875
0 0.54625 0.19375 0.03625 0.125
0 0.58375 0.19375 0.035 0.12875
0 0.6225 0.19375 0.035 0.13
0 0.40375 0.92125 0.08875 0.02
0 0.695 0.19375 0.035 0.14
0 0.7325 0.1925 0.0375 0.135
0 0.77 0.195 0.03625 0.1325
0 0.82 0.36125 0.105 0.0275
0 0.81125 0.5325 0.125 0.02
0 0.82 0.39375 0.10875 0.0325
0 0.695 0.355 0.13875 0.0375
0 0.815 0.47875 0.1175 0.0275
0 0.80375 0.45125 0.095 0.01875
0 0.6775 0.5275 0.13625 0.03
0 0.68 0.495 0.13875 0.03375
0 0.6825 0.45875 0.13625 0.035
0 0.54875 0.52875 0.1225 0.03
0 0.4125 0.525 0.14 0.0325
0 0.4125 0.48875 0.14375 0.035
0 0.29375 0.52375 0.0925 0.03
0 0.3 0.4925 0.075 0.03
0 0.165 0.42375 0.02875 0.155
0 0.21625 0.47375 0.03375 0.14125
0 0.54875 0.495 0.12 0.0325
0 0.535 0.445 0.09375 0.0225
0 0.40375 0.44875 0.1325 0.03
0 0.31875 0.45 0.02 0.0325
0 0.2975 0.4475 0.02 0.03
0 0.275 0.44625 0.0175 0.02875
0 0.4875 0.30125 0.07625 0.03
0 0.27125 0.38 0.1275 0.03125
0 0.27125 0.3475 0.12625 0.0325
0 0.41625 0.35875 0.1525 0.08125
0 0.55875 0.39 0.1275 0.03375
0 0.5575 0.355 0.1275 0.03125
0 0.69375 0.3925 0.1375 0.035
0 0.68625 0.31625 0.14875 0.03875
0 0.40375 0.94375 0.09 0.0225
0 0.805 0.195 0.03125 0.135
0 0.84 0.1975 0.0325 0.1375
0 0.7475 0.04875 0.03125 0.0975
0 0.785 0.05 0.03125 0.09875
0 0.82125 0.05125 0.0325 0.09875
0 0.86 0.0525 0.02625 0.10375
0 0.715 0.05 0.03125 0.0975
0 0.16875 0.9575 0.075 0.02875
0 0.20125 0.87875 0.01625 0.12625
0 0.16125 0.925 0.06375 0.025
0 0.22125 0.88375 0.02 0.14125
0 0.33375 0.90375 0.025 0.01625
0 0.3125 0.9225 0.08875 0.015
0 0.67875 0.04875 0.0325 0.095
0 0.64125 0.04625 0.035 0.0925
0 0.31125 0.94375 0.085 0.0225