0 0.6475 0.69 0.12125 0.03375
0 0.15375 0.60875 0.05625 0.0475
0 0.2125 0.605 0.04875 0.05
0 0.2725 0.60125 0.0525 0.04875
0 0.70375 0.56375 0.0375 0.04
0 0.6625 0.5675 0.035 0.03875
0 0.62125 0.57125 0.0375 0.04
0 0.74625 0.52 0.03375 0.04
0 0.7075 0.52125 0.0375 0.04125
0 0.66625 0.525 0.03375 0.04
0 0.62375 0.52875 0.03875 0.03875
0 0.57875 0.53 0.0425 0.0425
0 0.575 0.57625 0.04625 0.04125
0 0.52625 0.57875 0.04125 0.03875
0 0.48125 0.5825 0.0425 0.04125
0 0.6475 0.44875 0.01375 0.03375
0 0.66625 0.4475 0.0175 0.0325
0 0.685 0.4475 0.01375 0.03125
0 0.70125 0.44625 0.01875 0.03125
0 0.72375 0.445 0.015 0.03125
0 0.43 0.58625 0.045 0.045
0 0.3825 0.59 0.0425 0.04375
0 0.33 0.59625 0.05125 0.04625
0 0.53 0.5325 0.045 0.04625
0 0.48375 0.53625 0.04125 0.04375
0 0.77 0.7575 0.1175 0.0375
0 0.76875 0.715 0.11375 0.03625
0 0.5125 0.79375 0.135 0.0375
0 0.515 0.745 0.135 0.0275
0 0.51375 0.7 0.13875 0.04
0 0.5125 0.65875 0.13625 0.02875
0 0.3675 0.80375 0.14875 0.03625
0 0.3675 0.765 0.14875 0.035
0 0.3675 0.72 0.1525 0.04
0 0.36375 0.6725 0.1525 0.03875
0 0.20875 0.83125 0.16625 0.03125
0 0.205 0.78625 0.16 0.03625
0 0.6475 0.645 0.12125 0.035
0 0.205 0.7375 0.16 0.03625
0 0.8375 0.55625 0.03375 0.03875
0 0.795 0.5575 0.04 0.04125
0 0.79625 0.51375 0.04375 0.04
0 0.745 0.5625 0.04 0.0375
0 0.38125 0.54 0.04625 0.04625
0 0.43375 0.53875 0.05 0.04875
0 0.6475 0.73125 0.12125 0.0325
0 0.645 0.77125 0.12 0.03125
0 0.7725 0.635 0.12 0.03375
0 0.77 0.67375 0.12 0.03
0 0.205 0.69375 0.16 0.03625
0 0.8375 0.5125 0.035 0.04
0 0.8125 0.23625 0.03375 0.12125
0 0.39375 0.46 0.0175 0.03125
0 0.7275 0.37 0.0175 0.04
0 0.7075 0.37125 0.0175 0.0375
0 0.68875 0.37125 0.0175 0.03625
0 0.67 0.3725 0.015 0.0375
0 0.6525 0.37375 0.015 0.0375
0 0.63375 0.3725 0.01625 0.04125
0 0.61125 0.37125 0.01875 0.04
0 0.5875 0.37375 0.0175 0.03875
0 0.56875 0.37375 0.01875 0.03875
0 0.5475 0.37375 0.0175 0.04
0 0.5275 0.37375 0.0175 0.0375
0 0.7475 0.37 0.01625 0.03875
0 0.63 0.41 0.01875 0.035
0 0.5875 0.4125 0.01875 0.03625
0 0.54625 0.415 0.02 0.0375
0 0.52625 0.41375 0.01625 0.03375
0 0.62875 0.4475 0.01625 0.03625
0 0.61125 0.4475 0.01625 0.035
0 0.585 0.44875 0.02125 0.03125
0 0.1525 0.2125 0.03875 0.14125
0 0.2 0.21625 0.05 0.135
0 0.2475 0.21625 0.04 0.14
0 0.29625 0.21875 0.045 0.13625
0 0.3375 0.22 0.0325 0.13875
0 0.61 0.41 0.01625 0.0325
0 0.76625 0.37 0.015 0.04
0 0.78625 0.36875 0.01875 0.0425
0 0.65 0.41125 0.01625 0.035
0 0.48375 0.375 0.01875 0.0425
0 0.505 0.37375 0.0175 0.04375
0 0.4375 0.41625 0.01625 0.0375
0 0.46125 0.41625 0.02125 0.0375
0 0.4825 0.415 0.015 0.0375
0 0.5025 0.41625 0.01875 0.035
0 0.44125 0.455 0.0175 0.03625
0 0.46125 0.4525 0.01875 0.03625
0 0.48125 0.45375 0.01875 0.03375
0 0.5025 0.45375 0.01875 0.035
0 0.525 0.45125 0.01875 0.035
0 0.545 0.45 0.01625 0.0325
0 0.56375 0.45125 0.015 0.0375
0 0.48625 0.22625 0.03375 0.1325
0 0.44875 0.22375 0.035 0.13125
0 0.4125 0.22125 0.0325 0.13375
0 0.81875 0.405 0.01625 0.03625
0 0.79875 0.4075 0.0125 0.0325
0 0.7825 0.4075 0.01375 0.03625
0 0.76375 0.40875 0.01375 0.03625
0 0.74375 0.4075 0.0175 0.03375
0 0.72375 0.4075 0.0175 0.035
0 0.705 0.40875 0.01625 0.03625
0 0.68625 0.4125 0.015 0.03375
0 0.66875 0.41125 0.015 0.035
0 0.3775 0.2225 0.035 0.13375
0 0.77375 0.235 0.03 0.12
0 0.56625 0.41375 0.015 0.0375
0 0.52625 0.2275 0.0325 0.12875
0 0.32875 0.46125 0.02125 0.0375
0 0.3025 0.46125 0.02125 0.0375
0 0.2775 0.4625 0.0225 0.04125
0 0.25125 0.4625 0.0225 0.04125
0 0.225 0.4625 0.02 0.0375
0 0.19875 0.46375 0.02125 0.03875
0 0.175 0.4625 0.02625 0.0425
0 0.14625 0.4625 0.02375 0.04375
0 0.325 0.4175 0.01875 0.04
0 0.46125 0.37625 0.02125 0.0425
0 0.27625 0.4175 0.02375 0.04125
0 0.25125 0.41875 0.02 0.04125
0 0.225 0.42 0.02125 0.03875
0 0.19875 0.42125 0.02125 0.04
0 0.1725 0.41875 0.02 0.03875
0 0.145 0.41875 0.025 0.0375
0 0.325 0.375 0.0225 0.04
0 0.29875 0.3725 0.02 0.03875
0 0.2725 0.375 0.02125 0.04
0 0.24625 0.3725 0.025 0.0425
0 0.22 0.37375 0.02375 0.04375
0 0.195 0.37375 0.0225 0.04375
0 0.1675 0.3725 0.02375 0.04125
0 0.13875 0.37375 0.02375 0.0425
0 0.8475 0.23625 0.02875 0.11375
0 0.35 0.37625 0.01875 0.04625
0 0.375 0.37875 0.02125 0.04625
0 0.30375 0.4175 0.02375 0.04
0 0.41875 0.37625 0.02 0.0425
0 0.3975 0.37625 0.01875 0.045
0 0.60875 0.2325 0.0325 0.125
0 0.6425 0.23 0.02875 0.12625
0 0.675 0.2325 0.025 0.12625
0 0.705 0.2325 0.03125 0.1225
0 0.33 0.545 0.04875 0.045
0 0.2725 0.54875 0.055 0.04625
0 0.21375 0.55125 0.0575 0.0475
0 0.1525 0.555 0.055 0.04875
0 0.85375 0.41375 0.04125 0.08625
0 0.81375 0.44 0.01625 0.0325
0 0.79625 0.44375 0.01375 0.0325
0 0.56625 0.2275 0.04125 0.12875
0 0.75875 0.4425 0.015 0.03125
0 0.7775 0.4425 0.015 0.03125
0 0.375 0.42125 0.02125 0.0375
0 0.39625 0.42125 0.01875 0.04
0 0.41875 0.41875 0.01875 0.03875
0 0.3525 0.46 0.01875 0.03625
0 0.34875 0.42 0.01875 0.03625
0 0.74 0.235 0.03 0.12125
0 0.4175 0.46 0.02125 0.0325
0 0.44125 0.37625 0.01875 0.04
0 0.74125 0.44375 0.01375 0.03125
0 0.37375 0.46 0.02 0.0325