0 0.3525 0.47875 0.03 0.04625
0 0.3175 0.48 0.03125 0.04625
0 0.2225 0.5375 0.03875 0.04125
0 0.415 0.48125 0.03 0.05375
0 0.4475 0.48125 0.03 0.04875
0 0.47875 0.48 0.03 0.04875
0 0.51125 0.48125 0.03125 0.05
0 0.14375 0.54 0.03625 0.0425
0 0.1825 0.53875 0.03875 0.04125
0 0.22625 0.58 0.0375 0.03875
0 0.18375 0.58125 0.04 0.0375
0 0.38375 0.48 0.0275 0.04875
0 0.285 0.47 0.025 0.06375
0 0.365 0.75875 0.0225 0.10375
0 0.20375 0.46875 0.03875 0.07375
0 0.3325 0.8725 0.02875 0.07125
0 0.365 0.8725 0.0275 0.06875
0 0.23 0.725 0.03125 0.02875
0 0.26625 0.7275 0.03375 0.02875
0 0.3 0.72625 0.0325 0.03
0 0.33375 0.7275 0.03 0.03
0 0.23125 0.755 0.0325 0.02875
0 0.26625 0.7575 0.03125 0.02875
0 0.3 0.75875 0.03125 0.03125
0 0.335 0.76 0.0325 0.03125
0 0.335 0.79125 0.03125 0.02875
0 0.30125 0.79125 0.0325 0.02875
0 0.26625 0.78875 0.03125 0.03
0 0.23125 0.785 0.03125 0.03
0 0.14375 0.58125 0.03625 0.0375
0 0.3925 0.75875 0.025 0.10125
0 0.42 0.76125 0.025 0.09625
0 0.44875 0.76125 0.025 0.1
0 0.47625 0.765 0.0275 0.09875
0 0.135 0.46625 0.02 0.0675
0 0.165 0.46875 0.03625 0.07
0 0.24875 0.485 0.03625 0.03375
0 0.26 0.56625 0.0225 0.0725
0 0.67125 0.75875 0.03375 0.09
0 0.315 0.56625 0.025 0.07375
0 0.7625 0.26 0.0425 0.0775
0 0.7225 0.255 0.035 0.08875
0 0.68 0.25625 0.0375 0.08625
0 0.63875 0.25625 0.03875 0.085
0 0.6 0.26 0.03125 0.08625
0 0.5675 0.26 0.03 0.08375
0 0.51625 0.25875 0.06625 0.09
0 0.455 0.25875 0.05 0.085
0 0.40875 0.26 0.03875 0.085
0 0.79875 0.26 0.02875 0.07625
0 0.35375 0.26 0.06625 0.08375
0 0.275 0.26 0.03 0.08125
0 0.2425 0.26 0.02875 0.08
0 0.205 0.2625 0.0375 0.07125
0 0.13375 0.27625 0.01625 0.045
0 0.16375 0.26125 0.04 0.07625
0 0.8525 0.15875 0.03125 0.0775
0 0.82 0.15875 0.03 0.08125
0 0.7875 0.16 0.03125 0.0775
0 0.75375 0.1575 0.03375 0.0775
0 0.305 0.26 0.02625 0.08
0 0.62875 0.1575 0.02875 0.085
0 0.675 0.16875 0.05625 0.0575
0 0.59625 0.14 0.03 0.12375
0 0.335 0.565 0.01 0.07625
0 0.3525 0.5625 0.0225 0.075
0 0.3775 0.56 0.02125 0.0775
0 0.4025 0.55875 0.0225 0.0775
0 0.84625 0.7775 0.0275 0.055
0 0.81875 0.7775 0.02 0.0625
0 0.79375 0.77875 0.02625 0.065
0 0.76375 0.7775 0.02375 0.06625
0 0.74 0.77875 0.0225 0.06625
0 0.71375 0.77 0.02625 0.07125
0 0.425 0.56 0.0225 0.0775
0 0.63625 0.76125 0.02875 0.0875
0 0.60375 0.76125 0.03125 0.09
0 0.57 0.76375 0.03 0.09375
0 0.5375 0.76125 0.02875 0.09875
0 0.50625 0.76125 0.03 0.1025
0 0.16125 0.13375 0.06875 0.135
0 0.24375 0.13375 0.09125 0.135
0 0.33875 0.16375 0.08375 0.08
0 0.42375 0.16625 0.08125 0.08
0 0.5075 0.16625 0.08375 0.07
0 0.28625 0.565 0.0275 0.075
0 0.45 0.56125 0.02375 0.07625
0 0.1625 0.75625 0.03125 0.02625
0 0.49875 0.5625 0.0225 0.0825
0 0.2225 0.63875 0.03 0.04
0 0.22375 0.675 0.02875 0.02625
0 0.25375 0.64375 0.02875 0.03125
0 0.255 0.67625 0.03125 0.02875
0 0.29375 0.6575 0.02625 0.065
0 0.3225 0.65875 0.03 0.06625
0 0.355 0.65875 0.03 0.06375
0 0.40875 0.65375 0.035 0.0725
0 0.45125 0.655 0.035 0.07125
0 0.48875 0.65625 0.0325 0.075
0 0.555 0.65875 0.025 0.07125
0 0.19125 0.675 0.03 0.0275
0 0.58 0.6575 0.02125 0.0725
0 0.63125 0.65625 0.025 0.0725
0 0.65875 0.65625 0.025 0.07375
0 0.13625 0.675 0.02125 0.02875
0 0.135 0.6425 0.0175 0.02875
0 0.84625 0.46625 0.03 0.075
0 0.81375 0.4675 0.03125 0.07375
0 0.77875 0.465 0.02875 0.0725
0 0.75 0.4675 0.02625 0.07
0 0.72 0.465 0.02875 0.075
0 0.69 0.465 0.02625 0.0775
0 0.6625 0.46625 0.025 0.075
0 0.60625 0.655 0.025 0.075
0 0.6375 0.46875 0.01625 0.0625
0 0.19125 0.63875 0.03 0.04
0 0.16 0.64375 0.0275 0.0275
0 0.86875 0.78 0.01125 0.055
0 0.395 0.86375 0.02125 0.06125
0 0.4175 0.86375 0.0175 0.06
0 0.83125 0.2575 0.03125 0.075
0 0.86125 0.2575 0.025 0.07625
0 0.85125 0.86625 0.025 0.06625
0 0.82375 0.86 0.02 0.055
0 0.80125 0.86 0.01875 0.055
0 0.78125 0.86125 0.0175 0.055
0 0.765 0.865 0.0125 0.045
0 0.7425 0.86625 0.02625 0.0575
0 0.16125 0.67375 0.02625 0.03
0 0.69125 0.89625 0.03125 0.03125
0 0.62 0.89375 0.03625 0.02375
0 0.68875 0.86125 0.03375 0.03
0 0.65375 0.86125 0.02875 0.0325
0 0.62 0.8625 0.03125 0.03125
0 0.585 0.8925 0.03 0.02875
0 0.58375 0.85875 0.03125 0.035
0 0.55 0.8925 0.03375 0.03125
0 0.55 0.85625 0.0325 0.03625
0 0.50625 0.8675 0.03 0.06375
0 0.47375 0.8675 0.0275 0.0625
0 0.44375 0.86625 0.025 0.06625
0 0.6575 0.89375 0.0275 0.0275
0 0.475 0.55875 0.02125 0.0775
0 0.14375 0.37125 0.03375 0.0775
0 0.24375 0.37375 0.03875 0.07625
0 0.635 0.56 0.03 0.08
0 0.60125 0.56 0.0275 0.07875
0 0.565 0.56375 0.0275 0.0725
0 0.6875 0.65625 0.02875 0.0725
0 0.72 0.655 0.0275 0.0675
0 0.75 0.66125 0.0275 0.0625
0 0.78125 0.65625 0.02875 0.07375
0 0.82 0.65875 0.03625 0.07125
0 0.85375 0.66 0.02875 0.07375
0 0.16125 0.7275 0.0325 0.0275
0 0.71625 0.155 0.02 0.08625
0 0.675 0.56125 0.03375 0.07875
0 0.16375 0.78375 0.03125 0.02625
0 0.135 0.75 0.01875 0.035
0 0.135 0.78375 0.02 0.02875
0 0.19875 0.785 0.03375 0.0275
0 0.145 0.855 0.03375 0.03375
0 0.14625 0.8925 0.0375 0.035
0 0.18625 0.88125 0.03875 0.0475
0 0.21875 0.86875 0.02625 0.07
0 0.2475 0.87125 0.02625 0.07125
0 0.275 0.87 0.0275 0.07125
0 0.30375 0.8725 0.025 0.07625
0 0.52375 0.5625 0.0225 0.0825
0 0.19625 0.7525 0.03125 0.035
0 0.1825 0.39625 0.03875 0.03375
0 0.73375 0.56875 0.03 0.07375
0 0.79875 0.57 0.03125 0.0775
0 0.2875 0.37375 0.04375 0.07625
0 0.33625 0.37 0.05125 0.08625
0 0.395 0.37 0.05875 0.0875
0 0.4525 0.3725 0.05125 0.085
0 0.515 0.37125 0.065 0.08875
0 0.56625 0.35375 0.03375 0.0375
0 0.56625 0.395 0.03125 0.03875
0 0.605 0.35375 0.0325 0.04
0 0.63875 0.3525 0.03 0.04
0 0.63625 0.39375 0.03125 0.03625
0 0.60125 0.39375 0.0325 0.03625
0 0.76625 0.56875 0.03 0.07375
0 0.67375 0.3675 0.03375 0.08625
0 0.75625 0.3725 0.0325 0.075
0 0.78875 0.3725 0.0275 0.075
0 0.82 0.37125 0.03 0.07625
0 0.855 0.37 0.035 0.075
0 0.61875 0.46875 0.0175 0.06
0 0.6 0.47 0.015 0.0625
0 0.58 0.47 0.01875 0.0625
0 0.56125 0.47 0.015 0.0625
0 0.54125 0.46875 0.0175 0.0625
0 0.85875 0.565 0.0275 0.08125
0 0.83 0.57125 0.0275 0.075
0 0.715 0.37 0.03625 0.0825
0 0.56625 0.16 0.02625 0.085