0 0.41125 0.30875 0.025 0.135
0 0.4425 0.31125 0.03375 0.14125
0 0.475 0.305 0.0275 0.15
0 0.55625 0.3175 0.04375 0.16375
0 0.60625 0.3125 0.04625 0.17875
0 0.65875 0.3175 0.0575 0.19
0 0.72 0.315 0.055 0.19625
0 0.785 0.3225 0.0625 0.22375
0 0.2525 0.445 0.01 0.03625
0 0.22875 0.405 0.015 0.03125
0 0.22875 0.44125 0.01 0.03375
0 0.2425 0.44375 0.00625 0.03375
0 0.38125 0.30875 0.03125 0.13375
0 0.2675 0.4175 0.00625 0.035
0 0.27625 0.4175 0.0075 0.03625
0 0.2675 0.45375 0.0075 0.0325
0 0.2775 0.455 0.0075 0.035
0 0.84625 0.325 0.05625 0.22
0 0.3525 0.305 0.0225 0.125
0 0.56875 0.1025 0.045 0.1875
0 0.3075 0.305 0.0225 0.1125
0 0.33125 0.47 0.01 0.0375
0 0.3625 0.4375 0.0075 0.04
0 0.35125 0.43625 0.01 0.04
0 0.33875 0.4325 0.01125 0.03375
0 0.32875 0.43125 0.00625 0.03625
0 0.31 0.42625 0.0075 0.0375
0 0.3 0.42375 0.0075 0.0375
0 0.28875 0.42 0.01 0.0375
0 0.33 0.30875 0.0175 0.12125
0 0.40625 0.13875 0.03125 0.1425
0 0.475 0.12125 0.03125 0.17375
0 0.5175 0.11625 0.05 0.17
0 0.61375 0.1 0.03875 0.19375
0 0.67 0.09375 0.06625 0.1825
0 0.73625 0.08875 0.06 0.17375
0 0.8025 0.08875 0.0625 0.175
0 0.37875 0.14375 0.02125 0.15
0 0.85625 0.08875 0.03625 0.16125
0 0.43875 0.1275 0.0325 0.15875
0 0.31875 0.42875 0.00875 0.035
0 0.4175 0.46625 0.015 0.10125
0 0.21875 0.665 0.0125 0.025
0 0.25125 0.655 0.0125 0.0325
0 0.2525 0.61875 0.015 0.0325
0 0.235 0.67875 0.015 0.03125
0 0.235 0.64375 0.0125 0.03125
0 0.23375 0.6075 0.0175 0.02875
0 0.2175 0.63375 0.01375 0.03125
0 0.21625 0.59875 0.01375 0.02875
0 0.21625 0.56625 0.01375 0.03
0 0.2025 0.65625 0.01375 0.0275
0 0.20125 0.62375 0.01125 0.03
0 0.20125 0.58875 0.01 0.02875
0 0.2 0.55625 0.01 0.035
0 0.18875 0.6475 0.0125 0.03125
0 0.1875 0.615 0.0125 0.03
0 0.1875 0.5825 0.01125 0.03125
0 0.1875 0.54875 0.0125 0.03
0 0.17625 0.6375 0.0075 0.02875
0 0.17375 0.60375 0.00875 0.0325
0 0.17375 0.57125 0.01125 0.02875
0 0.1725 0.54 0.01125 0.03
0 0.165 0.62625 0.01 0.03
0 0.2525 0.68875 0.015 0.0325
0 0.26875 0.6675 0.0125 0.0325
0 0.26875 0.58875 0.02 0.02375
0 0.27125 0.70625 0.015 0.0325
0 0.1425 0.38875 0.0075 0.03
0 0.16625 0.3925 0.015 0.03
0 0.155 0.38875 0.0075 0.02625
0 0.21625 0.405 0.00625 0.02625
0 0.20375 0.4025 0.0075 0.0275
0 0.19625 0.4025 0.0075 0.0275
0 0.19 0.3975 0.0075 0.02625
0 0.285 0.3075 0.01875 0.10875
0 0.2675 0.30625 0.015 0.11
0 0.24875 0.30625 0.0175 0.10625
0 0.1625 0.59625 0.01 0.0275
0 0.41125 0.77 0.02 0.04375
0 0.4125 0.675 0.02 0.04625
0 0.38375 0.7975 0.01875 0.03875
0 0.38625 0.7075 0.0175 0.04625
0 0.35875 0.78 0.0225 0.03625
0 0.36 0.7325 0.01875 0.05
0 0.335 0.75625 0.01625 0.04125
0 0.31375 0.7375 0.02 0.04375
0 0.28875 0.72 0.01625 0.03375
0 0.29 0.68125 0.01875 0.0325
0 0.29125 0.645 0.02 0.035
0 0.4125 0.7225 0.02375 0.04125
0 0.16125 0.56625 0.01 0.02875
0 0.16125 0.535 0.01 0.02875
0 0.1425 0.605 0.015 0.02625
0 0.2775 0.16875 0.0175 0.12375
0 0.39125 0.46375 0.015 0.09125
0 0.375 0.45875 0.0125 0.09125
0 0.28875 0.4575 0.00875 0.03
0 0.175 0.48875 0.04 0.045
0 0.7525 0.74625 0.12125 0.1175
0 0.62125 0.685 0.08 0.11625
0 0.52875 0.65375 0.06875 0.1
0 0.45625 0.61375 0.04625 0.08
0 0.4 0.58875 0.04875 0.0775
0 0.2575 0.17125 0.01625 0.12375
0 0.3175 0.5525 0.06 0.05375
0 0.22 0.51 0.03 0.05625
0 0.3 0.46125 0.01 0.02875
0 0.31 0.46375 0.00625 0.03125
0 0.31875 0.4675 0.0125 0.03625
0 0.365 0.4775 0.00875 0.0375
0 0.35125 0.47625 0.00875 0.03625
0 0.34 0.47375 0.0075 0.03375
0 0.3 0.1625 0.02375 0.125
0 0.3225 0.1575 0.02 0.1325
0 0.34875 0.15125 0.0275 0.1375
0 0.26 0.5225 0.04125 0.05125
0 0.72875 0.97375 0.05625 0.04875
0 0.23875 0.17625 0.01625 0.11
0 0.20625 0.185 0.015 0.10875
0 0.1425 0.5775 0.01625 0.02375
0 0.14125 0.54875 0.01375 0.02625
0 0.1375 0.475 0.01625 0.0425
0 0.2325 0.30375 0.01375 0.10375
0 0.2175 0.30625 0.01625 0.0975
0 0.20125 0.305 0.0125 0.095
0 0.1875 0.305 0.01125 0.0925
0 0.17625 0.30375 0.01 0.09125
0 0.16 0.30375 0.01125 0.08375
0 0.51125 0.36625 0.03875 0.07375
0 0.2225 0.18 0.01375 0.11375
0 0.51 0.45125 0.03875 0.055
0 0.50125 0.52625 0.0325 0.02375
0 0.49 0.5575 0.04125 0.015
0 0.14625 0.30375 0.01375 0.08375
0 0.135 0.305 0.00875 0.0825
0 0.12875 0.19875 0.0075 0.0925
0 0.13875 0.19625 0.01 0.095
0 0.15 0.19625 0.00875 0.09625
0 0.16125 0.19375 0.01 0.1025
0 0.17375 0.19 0.0125 0.0975
0 0.19 0.18625 0.01625 0.105
0 0.50625 0.49875 0.04 0.0225
0 0.7375 0.91125 0.06 0.06
0 0.38375 0.75375 0.02 0.04
0 0.41125 0.81625 0.02125 0.045
0 0.66125 0.52875 0.02625 0.1325
0 0.69125 0.5375 0.02625 0.13625
0 0.7275 0.5425 0.0425 0.1425
0 0.76 0.5375 0.01625 0.13125
0 0.785 0.535 0.0275 0.13625
0 0.81 0.5325 0.01875 0.13375
0 0.83875 0.53875 0.035 0.135
0 0.40375 0.46625 0.01 0.0975
0 0.4425 0.68875 0.025 0.0475
0 0.44125 0.74 0.0225 0.0425
0 0.44125 0.78875 0.02125 0.04375
0 0.44 0.8375 0.02625 0.04625
0 0.47875 0.71 0.02375 0.045
0 0.48125 0.76375 0.03125 0.04875
0 0.47875 0.81625 0.02625 0.045
0 0.475 0.86625 0.03 0.0475
0 0.515 0.89125 0.0325 0.0525
0 0.5175 0.835 0.0325 0.05375
0 0.52 0.78125 0.03375 0.04875
0 0.52125 0.73 0.03375 0.04875
0 0.60875 0.5125 0.02125 0.12125
0 0.63375 0.52125 0.02625 0.1275
0 0.55125 0.50375 0.0275 0.1225
0 0.66875 0.8725 0.045 0.04375
0 0.66625 0.94125 0.0375 0.04875
0 0.58 0.51 0.02625 0.12125
0 0.6825 0.825 0.06 0.03625
0 0.60625 0.965 0.04 0.05375
0 0.565 0.86125 0.0375 0.0525
0 0.6175 0.84875 0.04125 0.0525
0 0.62375 0.785 0.04125 0.06375
0 0.455 0.47625 0.0225 0.10125
0 0.56125 0.92375 0.03625 0.0575
0 0.435 0.47375 0.015 0.1
0 0.6125 0.905 0.04125 0.05