0 0.17 0.40375 0.0125 0.07875
0 0.2525 0.5275 0.00875 0.07875
0 0.265 0.53 0.00875 0.07875
0 0.275 0.535 0.01 0.08125
0 0.2875 0.54 0.01125 0.08625
0 0.30375 0.54 0.01625 0.0925
0 0.325 0.5475 0.02 0.0975
0 0.345 0.555 0.01625 0.09875
0 0.36625 0.55875 0.02125 0.09875
0 0.4075 0.5625 0.01875 0.1
0 0.48 0.5875 0.025 0.11
0 0.42875 0.57 0.0175 0.10125
0 0.4525 0.57875 0.025 0.11
0 0.24125 0.5225 0.01 0.0775
0 0.51 0.59625 0.03125 0.10875
0 0.5575 0.61625 0.02875 0.1175
0 0.58875 0.625 0.02875 0.125
0 0.62125 0.6375 0.03375 0.125
0 0.665 0.6725 0.04375 0.145
0 0.71125 0.68375 0.04625 0.15375
0 0.3875 0.5575 0.01625 0.1
0 0.22625 0.515 0.01375 0.075
0 0.21 0.49125 0.01375 0.0175
0 0.20125 0.46625 0.00625 0.02
0 0.13875 0.4675 0.0175 0.0475
0 0.14375 0.5075 0.00625 0.0225
0 0.1525 0.51125 0.0075 0.02125
0 0.16 0.51375 0.00625 0.02125
0 0.16875 0.5175 0.0075 0.02125
0 0.1775 0.52125 0.00625 0.02125
0 0.18625 0.525 0.0075 0.02125
0 0.19375 0.52875 0.00625 0.02125
0 0.20375 0.5325 0.00875 0.0225
0 0.21375 0.5375 0.0075 0.02125
0 0.17125 0.49625 0.00625 0.01875
0 0.18 0.49875 0.0075 0.0175
0 0.1875 0.50375 0.00625 0.01625
0 0.19625 0.5075 0.00625 0.0175
0 0.20375 0.51 0.00625 0.0175
0 0.2125 0.51375 0.00625 0.0175
0 0.18625 0.48125 0.0075 0.0125
0 0.19625 0.485 0.0075 0.01625
0 0.77875 0.69625 0.04125 0.15375
0 0.21125 0.47 0.0125 0.0225
0 0.8225 0.7075 0.0375 0.16
0 0.14625 0.58375 0.015 0.025
0 0.13625 0.61 0.02 0.025
0 0.45625 0.79875 0.03 0.04625
0 0.49 0.76625 0.03 0.05
0 0.49 0.8175 0.02875 0.04375
0 0.52875 0.73375 0.03125 0.04875
0 0.5275 0.785 0.04 0.05125
0 0.5275 0.84 0.0375 0.055
0 0.57125 0.7575 0.03875 0.0575
0 0.57 0.81125 0.045 0.045
0 0.5675 0.8625 0.03875 0.055
0 0.62125 0.78625 0.04875 0.0675
0 0.61375 0.8425 0.035 0.04
0 0.60875 0.89125 0.03875 0.0525
0 0.6625 0.85375 0.0525 0.05125
0 0.655 0.9125 0.04875 0.0625
0 0.705 0.93875 0.045 0.07875
0 0.75875 0.965 0.04875 0.06875
0 0.81625 0.97625 0.0575 0.04625
0 0.51375 0.3275 0.0275 0.11125
0 0.76625 0.3475 0.04875 0.17125
0 0.45875 0.74875 0.02875 0.0475
0 0.86 0.7375 0.03 0.17125
0 0.4275 0.7775 0.02375 0.045
0 0.40125 0.76125 0.02375 0.03875
0 0.79625 0.52875 0.04875 0.16125
0 0.16375 0.59 0.015 0.025
0 0.155 0.6175 0.0125 0.025
0 0.16875 0.62 0.01125 0.0275
0 0.18125 0.63 0.01125 0.03
0 0.20625 0.58 0.0175 0.03
0 0.1975 0.61125 0.01375 0.02875
0 0.19625 0.63875 0.015 0.02375
0 0.215 0.6175 0.0175 0.0275
0 0.215 0.65 0.01875 0.03125
0 0.25 0.65375 0.02125 0.04
0 0.32625 0.71625 0.02 0.045
0 0.34875 0.69 0.0225 0.03875
0 0.35 0.7325 0.02375 0.04
0 0.375 0.665 0.02 0.0425
0 0.40375 0.6775 0.0325 0.0475
0 0.375 0.70375 0.02 0.03125
0 0.4025 0.72125 0.0275 0.03625
0 0.375 0.74375 0.02375 0.04375
0 0.42875 0.7325 0.02375 0.04
0 0.18375 0.40375 0.01 0.07875
0 0.295 0.19375 0.015 0.1
0 0.13875 0.21875 0.01375 0.0775
0 0.55625 0.48 0.03625 0.12875
0 0.52125 0.47375 0.0275 0.12125
0 0.4925 0.4675 0.02625 0.12125
0 0.465 0.4625 0.025 0.115
0 0.44125 0.4575 0.01875 0.1125
0 0.41875 0.44625 0.02125 0.10875
0 0.3825 0.44375 0.0325 0.105
0 0.355 0.43875 0.0175 0.1
0 0.335 0.43625 0.0175 0.09875
0 0.31625 0.4325 0.0175 0.09875
0 0.29875 0.42875 0.015 0.09875
0 0.2775 0.42375 0.0225 0.0925
0 0.2225 0.41375 0.015 0.08375
0 0.2075 0.41 0.01125 0.08125
0 0.5925 0.48875 0.0325 0.135
0 0.59875 0.16375 0.035 0.145
0 0.165 0.215 0.0125 0.08125
0 0.17875 0.21375 0.0125 0.0825
0 0.19875 0.2125 0.02125 0.085
0 0.22 0.21 0.0175 0.085
0 0.24 0.20625 0.01875 0.09
0 0.26 0.20375 0.0175 0.09375
0 0.2775 0.20125 0.015 0.09625
0 0.195 0.4075 0.01 0.08125
0 0.31625 0.19125 0.02375 0.10375
0 0.34875 0.1925 0.03375 0.095
0 0.40375 0.18 0.0275 0.1175
0 0.4325 0.1775 0.02375 0.11875
0 0.46125 0.175 0.0275 0.12625
0 0.49375 0.17625 0.03375 0.13
0 0.15125 0.2175 0.01 0.08
0 0.53 0.1725 0.035 0.135
0 0.6275 0.495 0.03375 0.13875
0 0.74625 0.52 0.0475 0.1625
0 0.15625 0.3975 0.01375 0.075
0 0.14 0.39625 0.01375 0.075
0 0.185 0.31375 0.00875 0.08125
0 0.1725 0.31375 0.01125 0.07625
0 0.15875 0.3125 0.01 0.07625
0 0.1475 0.3125 0.00875 0.07625
0 0.13625 0.31125 0.01 0.0725
0 0.1975 0.31375 0.0125 0.0825
0 0.21125 0.31375 0.01125 0.08625
0 0.23 0.31625 0.0225 0.08875
0 0.285 0.31875 0.02 0.0975
0 0.30625 0.31875 0.01625 0.0975
0 0.3325 0.3225 0.03375 0.1075
0 0.38125 0.32375 0.03875 0.10875
0 0.7 0.51 0.045 0.15375
0 0.42125 0.325 0.02625 0.10625
0 0.48 0.32875 0.03375 0.10875
0 0.555 0.3325 0.0325 0.125
0 0.58875 0.33375 0.02875 0.12875
0 0.62375 0.335 0.0375 0.13375
0 0.66375 0.3375 0.04 0.14125
0 0.7125 0.3375 0.04875 0.1525
0 0.8175 0.34625 0.04625 0.16625
0 0.86 0.3475 0.03125 0.16375
0 0.84625 0.13375 0.0575 0.17875
0 0.785 0.14 0.0575 0.17
0 0.72875 0.14625 0.05 0.16125
0 0.68 0.15375 0.04 0.15375
0 0.63875 0.15875 0.03875 0.1525
0 0.84875 0.53875 0.05125 0.16125
0 0.4475 0.3275 0.02375 0.11
0 0.56375 0.1725 0.03 0.13375