0 0.265 0.56 0.05125 0.0475
0 0.25375 0.68375 0.0525 0.04125
0 0.5375 0.60625 0.0525 0.04875
0 0.48125 0.55375 0.06 0.04625
0 0.2625 0.61 0.05375 0.04875
0 0.42625 0.555 0.045 0.05125
0 0.21 0.60875 0.04875 0.05
0 0.37375 0.5575 0.05375 0.04375
0 0.3725 0.60625 0.05125 0.04625
0 0.2125 0.5575 0.05 0.05
0 0.31 0.6825 0.05625 0.03875
0 0.31875 0.56 0.05 0.0475
0 0.31875 0.6075 0.0525 0.045
0 0.455 0.605 0.10625 0.04375
0 0.19375 0.6875 0.05625 0.045
0 0.65125 0.485 0.05125 0.0425
0 0.7125 0.095 0.0675 0.0525
0 0.37125 0.68125 0.05375 0.04125
0 0.6475 0.60625 0.05 0.04625
0 0.64625 0.5575 0.05 0.05
0 0.5925 0.55625 0.055 0.0475
0 0.69875 0.60375 0.0525 0.0425
0 0.6975 0.55625 0.0525 0.04625
0 0.74625 0.6075 0.03625 0.045
0 0.745 0.5575 0.0325 0.05125
0 0.5375 0.555 0.05125 0.0525
0 0.7525 0.48375 0.035 0.04375
0 0.75625 0.435 0.04125 0.045
0 0.70625 0.485 0.0525 0.045
0 0.7075 0.4375 0.0525 0.04125
0 0.655 0.44125 0.04875 0.04
0 0.59875 0.485 0.0525 0.04375
0 0.78125 0.0325 0.0725 0.0475
0 0.7825 0.09125 0.07125 0.05625
0 0.70375 0.0375 0.075 0.0575
0 0.5925 0.605 0.0525 0.04375
0 0.20875 0.73 0.055 0.0325
0 0.59125 0.7825 0.07 0.0375
0 0.32125 0.725 0.04625 0.0375
0 0.5975 0.43875 0.055 0.04375
0 0.5275 0.785 0.05375 0.03625
0 0.525 0.82875 0.05 0.04625
0 0.4725 0.78625 0.05125 0.04375
0 0.47125 0.83125 0.055 0.045
0 0.415 0.79125 0.05125 0.04375
0 0.415 0.835 0.0525 0.03875
0 0.3625 0.7925 0.04875 0.04125
0 0.36375 0.8325 0.04875 0.0375
0 0.3125 0.78875 0.05 0.04
0 0.3125 0.8325 0.05125 0.04125
0 0.2575 0.79 0.0525 0.04
0 0.2575 0.83125 0.0525 0.04
0 0.205 0.79 0.045 0.03875
0 0.20625 0.83 0.045 0.04
0 0.1425 0.92375 0.03125 0.05375
0 0.13875 0.83125 0.025 0.05625
0 0.22375 0.92375 0.06875 0.0575
0 0.2675 0.72625 0.05125 0.03875
0 0.58875 0.82875 0.0725 0.0475
0 0.665 0.785 0.0725 0.03875
0 0.3725 0.72375 0.0525 0.04
0 0.42875 0.67875 0.05375 0.04
0 0.4275 0.72125 0.05125 0.0425
0 0.485 0.67375 0.05375 0.03875
0 0.48375 0.72125 0.0525 0.045
0 0.54 0.6775 0.05 0.04375
0 0.5375 0.72125 0.05125 0.04125
0 0.5925 0.6775 0.05 0.04125
0 0.59 0.72125 0.05 0.0425
0 0.645 0.67625 0.0525 0.045
0 0.64375 0.72125 0.0525 0.0425
0 0.7 0.67375 0.05375 0.0425
0 0.69875 0.7175 0.055 0.045
0 0.745 0.6725 0.03375 0.04375
0 0.745 0.72 0.03625 0.045
0 0.735 0.7825 0.06625 0.03625
0 0.73625 0.825 0.06625 0.04375
0 0.66875 0.82875 0.0675 0.04375
0 0.5475 0.48625 0.04875 0.04875
0 0.75125 0.3625 0.05 0.04625
0 0.49375 0.485 0.055 0.045
0 0.69625 0.36125 0.05625 0.04625
0 0.64 0.31375 0.05 0.04625
0 0.63625 0.3625 0.05625 0.04625
0 0.58375 0.3125 0.0575 0.0425
0 0.57875 0.36125 0.055 0.0475
0 0.52375 0.31375 0.05125 0.045
0 0.5225 0.3625 0.05125 0.04625
0 0.76 0.23 0.03625 0.04125
0 0.46375 0.31125 0.05375 0.0475
0 0.41 0.315 0.05125 0.0475
0 0.4125 0.36375 0.05375 0.0425
0 0.34875 0.28875 0.06125 0.03125
0 0.3525 0.32375 0.05625 0.03125
0 0.35375 0.36375 0.05375 0.04625
0 0.2875 0.29 0.05875 0.02875
0 0.2925 0.3225 0.0575 0.0325
0 0.46875 0.3625 0.05375 0.04625
0 0.69625 0.3125 0.055 0.04375
0 0.75 0.31375 0.04625 0.04625
0 0.8075 0.76125 0.07125 0.0725
0 0.29375 0.9225 0.0675 0.06
0 0.20375 0.2225 0.04375 0.06
0 0.2475 0.22 0.03875 0.065
0 0.29125 0.21875 0.04375 0.06375
0 0.32875 0.2275 0.03 0.05625
0 0.375 0.22875 0.05875 0.04625
0 0.42875 0.18375 0.0525 0.04125
0 0.4325 0.23125 0.0525 0.0425
0 0.48375 0.18 0.0525 0.04875
0 0.485 0.23 0.04875 0.04375
0 0.54125 0.18125 0.05875 0.05
0 0.54 0.23 0.06 0.045
0 0.5975 0.18 0.05 0.05
0 0.59875 0.23 0.0525 0.045
0 0.66125 0.23125 0.06 0.04375
0 0.7175 0.23125 0.05 0.04625
0 0.765 0.18125 0.04625 0.04875
0 0.295 0.36375 0.05875 0.045
0 0.54625 0.43875 0.04625 0.045
0 0.22375 0.2925 0.05875 0.03375
0 0.23125 0.36375 0.065 0.045
0 0.18625 0.09125 0.04 0.0575
0 0.18875 0.03625 0.04625 0.04875
0 0.23 0.09 0.045 0.0525
0 0.24125 0.04875 0.035 0.02625
0 0.27625 0.09125 0.03875 0.055
0 0.3175 0.08625 0.0375 0.06125
0 0.3675 0.0925 0.06 0.05625
0 0.1425 0.03 0.0325 0.0525
0 0.4375 0.095 0.06 0.04625
0 0.505 0.0925 0.06375 0.0425
0 0.57125 0.09625 0.065 0.04125
0 0.57125 0.04625 0.06625 0.05375
0 0.64 0.0925 0.0675 0.05
0 0.6375 0.04 0.0525 0.05125
0 0.435 0.48625 0.05375 0.045
0 0.4925 0.43875 0.05625 0.04625
0 0.4325 0.045 0.0675 0.05125
0 0.14375 0.0875 0.03625 0.06125
0 0.165 0.225 0.03 0.065
0 0.43625 0.4375 0.055 0.045
0 0.16875 0.31375 0.04875 0.05125
0 0.16875 0.365 0.055 0.0475
0 0.16375 0.44125 0.02625 0.04625
0 0.1625 0.49 0.0275 0.0475
0 0.82875 0.1825 0.075 0.1175
0 0.815 0.285 0.08 0.06625
0 0.21125 0.44 0.06125 0.045
0 0.81875 0.36875 0.08125 0.0875
0 0.815 0.45375 0.07625 0.0825
0 0.81125 0.53375 0.08125 0.07375
0 0.2075 0.4875 0.0575 0.045
0 0.26625 0.44 0.04625 0.0475
0 0.26375 0.49125 0.05625 0.04875
0 0.3225 0.43875 0.06 0.04625
0 0.32375 0.48625 0.05375 0.04125
0 0.38125 0.43875 0.05 0.04625
0 0.38125 0.48375 0.05125 0.04375
0 0.2275 0.325 0.06125 0.02875
0 0.43125 0.92 0.0775 0.05375
0 0.8025 0.6875 0.075 0.07
0 0.85625 0.1 0.03125 0.03875
0 0.805 0.61125 0.075 0.07625
0 0.4975 0.9025 0.045 0.0475
0 0.55625 0.92125 0.07 0.05625
0 0.63375 0.88625 0.07875 0.025
0 0.7225 0.8875 0.07125 0.025
0 0.7225 0.925 0.07625 0.0475
0 0.80625 0.82875 0.03875 0.0375
0 0.6425 0.92375 0.06875 0.0475
0 0.845 0.93 0.05875 0.04
0 0.8 0.8925 0.02375 0.03375
0 0.79875 0.93375 0.02625 0.04375
0 0.85375 0.8275 0.03875 0.0375
0 0.85875 0.78625 0.03125 0.0375
0 0.855 0.02375 0.02875 0.03
0 0.84125 0.8875 0.05625 0.02625
0 0.85625 0.06 0.03125 0.0375