0 0.5475 0.63125 0.02375 0.06375
0 0.51875 0.64 0.0275 0.0625
0 0.475 0.64125 0.03 0.0325
0 0.45875 0.68 0.0325 0.04
0 0.405 0.3725 0.04625 0.03
0 0.6025 0.6125 0.02625 0.0775
0 0.39875 0.6325 0.0625 0.0175
0 0.25125 0.72625 0.05625 0.02
0 0.30875 0.69 0.0325 0.0775
0 0.28625 0.57875 0.035 0.03125
0 0.3325 0.57375 0.0425 0.03
0 0.375 0.5575 0.03125 0.02
0 0.45625 0.5575 0.04875 0.0375
0 0.515 0.5475 0.02375 0.035
0 0.545 0.5425 0.0325 0.04125
0 0.59375 0.53375 0.0425 0.035
0 0.63125 0.525 0.01875 0.025
0 0.65 0.52375 0.01375 0.0325
0 0.67375 0.52 0.03125 0.0325
0 0.70875 0.51875 0.0375 0.0225
0 0.71125 0.585 0.01375 0.06375
0 0.73 0.58 0.01625 0.05375
0 0.66625 0.595 0.02625 0.06875
0 0.68875 0.58875 0.01625 0.0725
0 0.63375 0.60375 0.02875 0.0725
0 0.57625 0.62625 0.02375 0.06375
0 0.39875 0.6575 0.06375 0.01875
0 0.645 0.45125 0.02125 0.05625
0 0.4025 0.69875 0.05875 0.01875
0 0.40625 0.8675 0.0225 0.04125
0 0.385 0.9 0.02125 0.01875
0 0.38 0.87375 0.01875 0.02875
0 0.34125 0.90125 0.055 0.05625
0 0.29375 0.92625 0.02625 0.04875
0 0.59875 0.35375 0.0325 0.04375
0 0.44625 0.85625 0.04375 0.05125
0 0.635 0.3525 0.03125 0.03125
0 0.73375 0.345 0.045 0.03
0 0.77 0.32 0.02125 0.035
0 0.7725 0.36 0.0175 0.03375
0 0.7675 0.3975 0.02625 0.03125
0 0.725 0.43125 0.04625 0.08125
0 0.26125 0.9375 0.03375 0.05375
0 0.675 0.35125 0.04625 0.0275
0 0.4825 0.84125 0.025 0.05
0 0.52 0.82875 0.0375 0.04875
0 0.58375 0.81125 0.025 0.03875
0 0.4625 0.365 0.05 0.025
0 0.5175 0.36625 0.04875 0.02375
0 0.5125 0.34125 0.05 0.01875
0 0.5625 0.3625 0.03125 0.02625
0 0.28625 0.38375 0.06125 0.03625
0 0.2425 0.4625 0.04375 0.04125
0 0.2375 0.42125 0.035 0.02875
0 0.235 0.38375 0.02875 0.04
0 0.23375 0.34125 0.02875 0.03125
0 0.70625 0.27875 0.0125 0.0375
0 0.6825 0.28 0.02 0.04625
0 0.74375 0.74375 0.0225 0.04375
0 0.71 0.75625 0.03 0.04
0 0.675 0.76875 0.035 0.05625
0 0.63 0.7825 0.04625 0.0425
0 0.76375 0.67 0.02625 0.06375
0 0.76625 0.435 0.02375 0.03125
0 0.76625 0.47375 0.02875 0.03125
0 0.765 0.50375 0.0325 0.025
0 0.6575 0.7025 0.03 0.06125
0 0.62125 0.695 0.0325 0.05125
0 0.60375 0.7325 0.01125 0.015
0 0.6 0.71 0.0125 0.0225
0 0.56875 0.72125 0.04 0.075
0 0.52375 0.7375 0.02 0.05375
0 0.48875 0.75875 0.01125 0.03875
0 0.465 0.75125 0.0275 0.07125
0 0.42125 0.76625 0.03 0.08125
0 0.39 0.7725 0.02 0.06875
0 0.3725 0.7825 0.01375 0.075
0 0.355 0.7925 0.0175 0.06
0 0.3225 0.8025 0.0375 0.07
0 0.29 0.81 0.0225 0.06625
0 0.345 0.69875 0.03625 0.05375
0 0.69 0.68625 0.02625 0.04375
0 0.40125 0.6775 0.065 0.015
0 0.72375 0.67375 0.03875 0.05375
0 0.245 0.6 0.05 0.03
0 0.7625 0.53625 0.03125 0.0275
0 0.76125 0.5725 0.0275 0.03
0 0.28625 0.49 0.03375 0.08125
0 0.38 0.465 0.03375 0.07375
0 0.41625 0.4725 0.035 0.08
0 0.44625 0.45375 0.01875 0.085
0 0.47625 0.46 0.0375 0.08375
0 0.5125 0.45625 0.03 0.09125
0 0.545 0.4525 0.03 0.09375
0 0.5825 0.46 0.0375 0.06625
0 0.60875 0.455 0.0125 0.0575
0 0.34875 0.38 0.06 0.0275
0 0.67875 0.43 0.03875 0.07625
0 0.24 0.5325 0.04125 0.0375
0 0.24375 0.56875 0.04625 0.02875
0 0.2475 0.6325 0.05375 0.03
0 0.50125 0.75375 0.01 0.04125
0 0.2525 0.69625 0.0575 0.03125
0 0.52875 0.19625 0.03125 0.055
0 0.59125 0.13875 0.03375 0.01875
0 0.5625 0.13625 0.01875 0.01875
0 0.54375 0.13375 0.0125 0.01875
0 0.52875 0.135 0.01125 0.0175
0 0.51375 0.135 0.015 0.01625
0 0.54125 0.11125 0.0075 0.02625
0 0.24625 0.6625 0.055 0.02625
0 0.52875 0.11 0.01 0.02375
0 0.56875 0.105 0.04 0.03875
0 0.49125 0.12125 0.02125 0.035
0 0.45 0.095 0.02375 0.0875
0 0.41 0.09125 0.0275 0.08
0 0.43625 0.295 0.0425 0.02875
0 0.70125 0.21 0.03125 0.045
0 0.515 0.11125 0.0125 0.0225
0 0.6525 0.22625 0.02625 0.01375
0 0.6325 0.1225 0.02625 0.0625
0 0.56625 0.21625 0.03625 0.025
0 0.6125 0.28125 0.03125 0.0375
0 0.65 0.28 0.03375 0.04625
0 0.4975 0.21375 0.03125 0.0175
0 0.46375 0.21625 0.02625 0.0225
0 0.4875 0.1925 0.02 0.02
0 0.4575 0.18875 0.03125 0.025
0 0.71625 0.10375 0.04375 0.02625
0 0.43125 0.215 0.03625 0.0225
0 0.36125 0.17625 0.0375 0.0325
0 0.32125 0.21 0.0375 0.0275
0 0.27375 0.20625 0.0475 0.02625
0 0.27125 0.17125 0.0425 0.03875
0 0.71625 0.13875 0.0375 0.035
0 0.7625 0.105 0.03375 0.025
0 0.365 0.21 0.03625 0.0225
0 0.5975 0.21625 0.0225 0.025
0 0.485 0.29 0.045 0.03375
0 0.2325 0.07625 0.025 0.0825
0 0.285 0.0825 0.045 0.075
0 0.33625 0.095 0.05 0.05625
0 0.37875 0.1 0.02625 0.0675