0 0.26375 0.29875 0.04875 0.145
0 0.3125 0.3025 0.04625 0.15125
0 0.3575 0.30625 0.04125 0.1425
0 0.40625 0.32 0.04875 0.125
0 0.465 0.325 0.035 0.1175
0 0.4925 0.32875 0.02 0.10875
0 0.5275 0.32875 0.0425 0.10875
0 0.5625 0.345 0.02625 0.0775
0 0.5975 0.34875 0.04 0.085
0 0.63625 0.33375 0.03625 0.11625
0 0.67125 0.33375 0.03375 0.115
0 0.7025 0.33625 0.03 0.11125
0 0.72875 0.39375 0.01625 0.0675
0 0.76 0.395 0.0425 0.06625
0 0.7975 0.3925 0.03 0.06625
0 0.82375 0.39625 0.0225 0.0575
0 0.8475 0.39625 0.0225 0.05625
0 0.8675 0.39625 0.015 0.0575
0 0.14375 0.48875 0.03375 0.1425
0 0.19125 0.49 0.05125 0.1375
0 0.2625 0.5 0.0525 0.135
0 0.31125 0.5 0.045 0.1375
0 0.35625 0.49 0.03875 0.125
0 0.39625 0.48625 0.04 0.13125
0 0.435 0.48375 0.035 0.125
0 0.22125 0.31625 0.03125 0.11125
0 0.18 0.31625 0.05 0.11125
0 0.14 0.295 0.0275 0.15125
0 0.8375 0.22125 0.015 0.05
0 0.44125 0.0325 0.04625 0.0625
0 0.66 0.11 0.075 0.0275
0 0.81875 0.11875 0.04375 0.09125
0 0.85375 0.13 0.025 0.08
0 0.13875 0.14 0.02375 0.07875
0 0.16375 0.1675 0.025 0.04
0 0.17125 0.12375 0.03375 0.0425
0 0.215 0.12 0.05 0.14
0 0.265 0.1425 0.0425 0.10875
0 0.31 0.14875 0.0425 0.10375
0 0.3525 0.1525 0.03875 0.11625
0 0.39375 0.14875 0.0425 0.1225
0 0.46375 0.48125 0.02 0.1275
0 0.435 0.17375 0.0275 0.10625
0 0.4925 0.185 0.02 0.09375
0 0.5125 0.17875 0.015 0.10625
0 0.53 0.2 0.01875 0.06375
0 0.58 0.1725 0.02 0.01875
0 0.5775 0.1925 0.01875 0.01625
0 0.58375 0.22375 0.0175 0.04
0 0.60125 0.205 0.0125 0.0775
0 0.64 0.21 0.01875 0.08125
0 0.65875 0.20375 0.0175 0.09125
0 0.62375 0.21375 0.0125 0.07375
0 0.7725 0.20375 0.03375 0.07
0 0.80625 0.21625 0.0225 0.05
0 0.465 0.205 0.03 0.04125
0 0.5575 0.04625 0.0625 0.0875
0 0.50875 0.4925 0.03875 0.0925
0 0.5425 0.495 0.01625 0.08875
0 0.22625 0.86 0.04 0.1375
0 0.26375 0.82875 0.02875 0.08375
0 0.30625 0.84 0.04 0.11125
0 0.3725 0.875 0.04 0.1275
0 0.445 0.8425 0.04375 0.13
0 0.4875 0.83375 0.0375 0.13125
0 0.52875 0.82375 0.03625 0.12
0 0.5775 0.8025 0.03375 0.11
0 0.61625 0.79 0.035 0.115
0 0.68625 0.78 0.03375 0.1025
0 0.71875 0.775 0.02875 0.11125
0 0.74625 0.76625 0.02625 0.09625
0 0.78625 0.75 0.03 0.09125
0 0.81375 0.74625 0.025 0.09875
0 0.8325 0.73375 0.01375 0.08875
0 0.855 0.7425 0.03 0.07125
0 0.755 0.62375 0.0275 0.015
0 0.76 0.635 0.01875 0.00875
0 0.7575 0.65625 0.0325 0.03
0 0.7125 0.63375 0.02 0.06
0 0.82625 0.61625 0.025 0.05
0 0.855 0.61375 0.0275 0.05125
0 0.79625 0.64125 0.03 0.02875
0 0.7425 0.3 0.02875 0.06125
0 0.86625 0.31125 0.01625 0.0575
0 0.1825 0.85625 0.035 0.1225
0 0.145 0.9225 0.0375 0.14625
0 0.86 0.54125 0.02875 0.04625
0 0.83 0.55125 0.025 0.035
0 0.655 0.4725 0.035 0.12625
0 0.69125 0.4775 0.035 0.115
0 0.62125 0.47 0.0275 0.1175
0 0.74375 0.4825 0.02 0.0525
0 0.77375 0.48 0.03875 0.05875
0 0.80625 0.47375 0.01875 0.0525
0 0.7175 0.4725 0.01625 0.04625
0 0.8525 0.47875 0.03875 0.03125
0 0.82375 0.47625 0.01625 0.02625
0 0.14125 0.70625 0.03125 0.14
0 0.1875 0.695 0.05125 0.145
0 0.235 0.69375 0.045 0.14875
0 0.57375 0.49875 0.045 0.07875
0 0.275 0.65875 0.0325 0.1275
0 0.3575 0.64875 0.0425 0.12125
0 0.4 0.62875 0.0325 0.0975
0 0.43 0.6225 0.0275 0.09375
0 0.4625 0.6225 0.035 0.09375
0 0.535 0.63625 0.035 0.1
0 0.58625 0.6325 0.045 0.1125
0 0.6525 0.63 0.0375 0.0875
0 0.6875 0.625 0.0275 0.095
0 0.7375 0.56125 0.035 0.05
0 0.76875 0.55375 0.02 0.05375
0 0.78625 0.555 0.01625 0.05
0 0.80625 0.56125 0.02125 0.03125
0 0.31125 0.6575 0.03875 0.1325
0 0.485 0.04 0.03875 0.075
0 0.72125 0.1975 0.0275 0.05625