0 0.23125 0.67125 0.0175 0.02625
0 0.29625 0.56875 0.015 0.05375
0 0.27375 0.5675 0.01625 0.05625
0 0.24875 0.59 0.01875 0.01625
0 0.24875 0.56875 0.01875 0.02
0 0.285 0.485 0.0225 0.05375
0 0.22625 0.59125 0.015 0.01875
0 0.25375 0.4825 0.02375 0.0475
0 0.22875 0.47875 0.01875 0.0575
0 0.2675 0.6425 0.03625 0.03125
0 0.285 0.3875 0.025 0.06375
0 0.25875 0.3875 0.02125 0.05875
0 0.23 0.5625 0.015 0.0225
0 0.26625 0.6725 0.04375 0.02625
0 0.39875 0.265 0.025 0.05625
0 0.29875 0.7425 0.03 0.03
0 0.3025 0.78 0.02875 0.0275
0 0.2575 0.7775 0.0375 0.03
0 0.345 0.25375 0.0375 0.015
0 0.3375 0.27125 0.04375 0.01375
0 0.32875 0.28625 0.0425 0.0125
0 0.3725 0.2725 0.015 0.045
0 0.42375 0.26375 0.02125 0.05625
0 0.45375 0.2325 0.01625 0.03375
0 0.45 0.275 0.0225 0.04
0 0.4775 0.26875 0.01375 0.05875
0 0.4075 0.4675 0.02 0.05375
0 0.2375 0.3875 0.02 0.0575
0 0.2625 0.74375 0.04125 0.0275
0 0.28875 0.29625 0.01875 0.045
0 0.54875 0.3825 0.0225 0.01875
0 0.23375 0.29 0.02 0.0475
0 0.43125 0.46625 0.01875 0.05625
0 0.3875 0.47125 0.01875 0.0475
0 0.365 0.46625 0.0175 0.04625
0 0.335 0.48 0.03125 0.02
0 0.33625 0.45 0.02875 0.03
0 0.75625 0.3775 0.01375 0.035
0 0.73125 0.3725 0.025 0.045
0 0.70375 0.3725 0.02375 0.04625
0 0.675 0.3725 0.02125 0.04375
0 0.5925 0.365 0.01625 0.055
0 0.5725 0.365 0.0175 0.055
0 0.525 0.3575 0.02375 0.025
0 0.52375 0.38125 0.02375 0.0175
0 0.50375 0.36625 0.01375 0.04625
0 0.48625 0.365 0.015 0.05
0 0.45875 0.38125 0.02375 0.03375
0 0.42875 0.36875 0.0175 0.0525
0 0.405 0.3725 0.02 0.04375
0 0.38 0.37375 0.02125 0.04875
0 0.35125 0.37125 0.0225 0.05125
0 0.32875 0.37 0.02 0.04875
0 0.74125 0.27 0.06625 0.05125
0 0.67625 0.28125 0.01875 0.03125
0 0.6075 0.2725 0.0175 0.04375
0 0.5825 0.27 0.02 0.04625
0 0.5425 0.27 0.02125 0.045
0 0.23125 0.195 0.01375 0.04375
0 0.24875 0.19375 0.015 0.03875
0 0.275 0.1975 0.035 0.03875
0 0.26 0.29 0.0275 0.04875
0 0.45 0.475 0.01375 0.0375
0 0.49625 0.26625 0.0175 0.05875
0 0.35625 0.775 0.04 0.04625
0 0.6975 0.655 0.0225 0.05
0 0.67375 0.66 0.02 0.045
0 0.6175 0.6625 0.025 0.04875
0 0.52375 0.28375 0.01375 0.01875
0 0.58875 0.66125 0.0225 0.04875
0 0.56125 0.66125 0.02625 0.04875
0 0.72125 0.655 0.01875 0.055
0 0.5275 0.65625 0.02375 0.0475
0 0.42375 0.655 0.01625 0.055
0 0.4025 0.65 0.01875 0.0575
0 0.3825 0.65 0.0175 0.06125
0 0.35875 0.6525 0.01625 0.0525
0 0.34 0.6525 0.01875 0.05375
0 0.77125 0.57125 0.02 0.04875
0 0.445 0.65375 0.01875 0.05125
0 0.75125 0.65625 0.02 0.05875
0 0.77125 0.66 0.01875 0.04875
0 0.415 0.775 0.0475 0.0375
0 0.76375 0.7875 0.035 0.03625
0 0.7625 0.74875 0.035 0.03125
0 0.7175 0.79625 0.0375 0.01375
0 0.715 0.78125 0.03875 0.0125
0 0.67125 0.7975 0.0375 0.01375
0 0.62625 0.78875 0.04125 0.02625
0 0.63 0.76 0.0425 0.00875
0 0.575 0.75625 0.025 0.0125
0 0.5825 0.80125 0.04875 0.01
0 0.5775 0.78625 0.05125 0.01125
0 0.53 0.785 0.03625 0.02375
0 0.53125 0.74875 0.0375 0.0175
0 0.4925 0.71875 0.03125 0.015
0 0.48125 0.765 0.03875 0.0275
0 0.4325 0.74125 0.03375 0.025
0 0.745 0.56375 0.025 0.05625
0 0.71875 0.565 0.01875 0.05875
0 0.4675 0.655 0.015 0.0525
0 0.63125 0.58625 0.0425 0.02125
0 0.72875 0.45875 0.02875 0.06125
0 0.6975 0.46125 0.0125 0.055
0 0.67625 0.46125 0.01625 0.05375
0 0.6 0.48125 0.01125 0.02
0 0.58 0.47875 0.0225 0.01125
0 0.69125 0.55625 0.03 0.0675
0 0.46375 0.47625 0.0125 0.0425
0 0.55625 0.4725 0.01 0.04375
0 0.5325 0.45625 0.0275 0.0225
0 0.53125 0.48375 0.02125 0.02
0 0.50625 0.48375 0.0275 0.02125
0 0.48125 0.47375 0.015 0.045
0 0.47625 0.44125 0.01125 0.015
0 0.46125 0.4475 0.00625 0.01
0 0.44875 0.4475 0.01125 0.0075
0 0.76125 0.4575 0.02625 0.0575
0 0.63625 0.455 0.04375 0.02125
0 0.5775 0.4575 0.02125 0.0225
0 0.6375 0.4925 0.0425 0.01375
0 0.6325 0.565 0.04125 0.015
0 0.635 0.475 0.04 0.01875
0 0.5925 0.565 0.02375 0.0625
0 0.54875 0.56625 0.0175 0.06125
0 0.5275 0.57375 0.01875 0.04375
0 0.6325 0.54625 0.04125 0.0175
0 0.48875 0.58125 0.04625 0.03125
0 0.45625 0.57125 0.0175 0.05
0 0.495 0.5475 0.04625 0.01875
0 0.42125 0.57125 0.02625 0.04875
0 0.3925 0.5725 0.02125 0.04125
0 0.37125 0.57 0.01 0.04375
0 0.34125 0.545 0.0375 0.03875
0 0.34125 0.57875 0.03625 0.0275
0 0.635 0.5275 0.0425 0.015
0 0.635 0.51375 0.0475 0.01375