0 0.43625 0.77125 0.055 0.0675
0 0.50875 0.7625 0.0375 0.02
0 0.56 0.78125 0.0575 0.08
0 0.6125 0.79375 0.04125 0.0625
0 0.55875 0.18125 0.0375 0.11125
0 0.70625 0.805 0.04375 0.06625
0 0.37625 0.765 0.0575 0.06875
0 0.035 0.20875 0.035 0.11
0 0.0725 0.2025 0.02375 0.1025
0 0.09875 0.20375 0.02375 0.10625
0 0.12625 0.2025 0.0225 0.1075
0 0.16125 0.19875 0.0275 0.11125
0 0.20125 0.19125 0.03125 0.11875
0 0.23625 0.1975 0.03375 0.105
0 0.27875 0.1925 0.035 0.11
0 0.31625 0.19375 0.03625 0.10625
0 0.355 0.1925 0.03375 0.1075
0 0.395 0.18875 0.03375 0.115
0 0.43875 0.1875 0.025 0.11125
0 0.47125 0.18375 0.03375 0.11375
0 0.7525 0.8075 0.04375 0.06875
0 0.6575 0.7975 0.04 0.06625
0 0.32125 0.7625 0.0475 0.07125
0 0.5125 0.18125 0.03625 0.1125
0 0.2075 0.7525 0.055 0.06625
0 0.2675 0.755 0.05375 0.06625
0 0.0075 0.54875 0.01375 0.08625
0 0.9825 0.78875 0.035 0.07875
0 0.94125 0.7875 0.025 0.08375
0 0.915 0.77125 0.02125 0.10125
0 0.88625 0.775 0.0275 0.1075
0 0.85125 0.7725 0.0325 0.11
0 0.9475 0.6575 0.08625 0.075
0 0.8725 0.645 0.0525 0.09
0 0.965 0.40625 0.06875 0.0875
0 0.8875 0.365 0.0775 0.09125
0 0.78 0.45375 0.0425 0.10125
0 0.73875 0.4525 0.035 0.1025
0 0.05625 0.54875 0.0275 0.09375
0 0.7 0.45375 0.03375 0.09875
0 0.625 0.45 0.025 0.08625
0 0.5925 0.45625 0.03 0.09
0 0.55125 0.4575 0.03125 0.095
0 0.51875 0.455 0.02375 0.08875
0 0.485 0.45375 0.03375 0.09125
0 0.4475 0.45125 0.0325 0.09125
0 0.415 0.44875 0.02625 0.095
0 0.38 0.4475 0.03125 0.0975
0 0.34125 0.44875 0.03 0.09375
0 0.31 0.4425 0.025 0.09375
0 0.265 0.4475 0.03375 0.1
0 0.22875 0.44875 0.03125 0.0975
0 0.19375 0.44375 0.03625 0.1025
0 0.6625 0.4525 0.03375 0.1025
0 0.15375 0.44375 0.0375 0.10375
0 0.08875 0.5525 0.03125 0.085
0 0.15625 0.55875 0.03125 0.08875
0 0.16125 0.64875 0.03625 0.03625
0 0.16625 0.685 0.04 0.03125
0 0.12625 0.6775 0.02375 0.03375
0 0.125 0.63375 0.0225 0.04125
0 0.095 0.635 0.03125 0.0375
0 0.09875 0.675 0.0275 0.035
0 0.065 0.6725 0.0275 0.03125
0 0.03375 0.67 0.02875 0.035
0 0.06 0.63375 0.0275 0.03625
0 0.02875 0.6325 0.02625 0.0325
0 0.00625 0.63375 0.01125 0.0325
0 0.00875 0.67125 0.0175 0.02625
0 0.76875 0.575 0.0375 0.08875
0 0.12375 0.55625 0.0275 0.08125
0 0.7275 0.57875 0.0325 0.0925
0 0.65375 0.57375 0.0325 0.0925
0 0.56875 0.57 0.0325 0.09375
0 0.535 0.565 0.03125 0.09375
0 0.4975 0.57375 0.02875 0.0775
0 0.46625 0.57125 0.02875 0.08125
0 0.435 0.5575 0.02 0.08
0 0.3875 0.59125 0.03625 0.0325
0 0.38125 0.55125 0.03375 0.04125
0 0.34375 0.56625 0.03 0.07375
0 0.305 0.56 0.02375 0.09
0 0.275 0.56 0.0275 0.08875
0 0.23375 0.55625 0.03875 0.095
0 0.1925 0.55625 0.03875 0.09375
0 0.6875 0.57375 0.02875 0.09
0 0.11875 0.445 0.02125 0.09125
0 0.03 0.54875 0.025 0.0875
0 0.0475 0.4525 0.06375 0.05625
0 0.36625 0.6525 0.03875 0.035
0 0.36625 0.69375 0.04 0.0375
0 0.41 0.64875 0.0375 0.04625
0 0.41125 0.69625 0.0375 0.04125
0 0.45125 0.7 0.035 0.04
0 0.45 0.6525 0.0375 0.0425
0 0.495 0.65875 0.04625 0.05125
0 0.09375 0.44875 0.02125 0.085
0 0.49625 0.705 0.04125 0.03625
0 0.5425 0.7075 0.04375 0.0375
0 0.5875 0.6925 0.03375 0.025
0 0.5875 0.72 0.03375 0.02125
0 0.62875 0.72 0.0375 0.0225
0 0.62875 0.69625 0.035 0.02
0 0.6275 0.67125 0.03375 0.02375
0 0.67 0.6675 0.03625 0.02625
0 0.66875 0.6975 0.03625 0.02125
0 0.67 0.7275 0.03625 0.0225
0 0.71625 0.70125 0.04875 0.07125
0 0.77 0.7025 0.05375 0.07875
0 0.02 0.73625 0.0325 0.06
0 0.0525 0.72125 0.0275 0.03125
0 0.05875 0.75625 0.035 0.02875
0 0.0975 0.75875 0.035 0.03125
0 0.09 0.72125 0.03125 0.03375
0 0.1325 0.7525 0.03125 0.05375
0 0.16375 0.755 0.02875 0.05125
0 0.3225 0.69125 0.0425 0.04125
0 0.32375 0.64875 0.04375 0.035
0 0.545 0.66125 0.045 0.04625
0 0.215 0.66375 0.05 0.075
0 0.7425 0.31625 0.0375 0.10875
0 0.7025 0.315 0.03625 0.11
0 0.6625 0.31875 0.03875 0.1075
0 0.625 0.31625 0.03125 0.10875
0 0.58875 0.3225 0.03375 0.10375
0 0.5475 0.3225 0.0375 0.10375
0 0.50875 0.3225 0.0325 0.1075
0 0.47625 0.3225 0.0275 0.10375
0 0.43875 0.3225 0.035 0.1025
0 0.40125 0.3225 0.025 0.1075
0 0.78625 0.3125 0.04375 0.11125
0 0.35875 0.32625 0.03125 0.10375
0 0.305 0.3225 0.01875 0.1
0 0.2875 0.315 0.01 0.09875
0 0.2425 0.32125 0.0275 0.105
0 0.21375 0.32125 0.025 0.10375
0 0.27 0.6675 0.04875 0.07
0 0.13625 0.32375 0.0275 0.10375
0 0.105 0.325 0.0275 0.1075
0 0.015 0.33125 0.02 0.09
0 0.04625 0.33 0.0225 0.10375
0 0.075 0.3275 0.02 0.10125
0 0.32875 0.325 0.02375 0.1
0 0.7775 0.175 0.05 0.09875
0 0.17 0.3225 0.03375 0.11
0 0.59625 0.1825 0.03375 0.1075
0 0.6375 0.17875 0.0425 0.10625
0 0.6825 0.17625 0.04125 0.1025
0 0.72875 0.17625 0.04 0.09875