0 0.41125 0.56625 0.03 0.04625
0 0.97 0.7875 0.0475 0.08
0 0.03875 0.78625 0.0225 0.04375
0 0.0625 0.79 0.02375 0.04875
0 0.08875 0.79 0.02375 0.04625
0 0.11625 0.77875 0.03 0.06375
0 0.155 0.7725 0.02875 0.055
0 0.20625 0.7775 0.02875 0.06125
0 0.23375 0.78 0.02125 0.0575
0 0.26125 0.785 0.03125 0.0675
0 0.29625 0.765 0.0275 0.025
0 0.32 0.795 0.02 0.02375
0 0.9175 0.78375 0.0475 0.07875
0 0.2925 0.80125 0.02875 0.0375
0 0.36125 0.77625 0.0375 0.02875
0 0.4025 0.80625 0.04 0.0275
0 0.36125 0.80625 0.03875 0.025
0 0.48 0.78875 0.03625 0.06
0 0.4425 0.78625 0.03375 0.05375
0 0.6375 0.80125 0.06375 0.03625
0 0.57375 0.80125 0.06125 0.035
0 0.5225 0.77875 0.04125 0.03
0 0.52125 0.8075 0.04125 0.0275
0 0.7125 0.80625 0.06875 0.03625
0 0.4 0.775 0.03875 0.02875
0 0.325 0.7675 0.025 0.025
0 0.0125 0.78125 0.025 0.05
0 0.83375 0.7925 0.0375 0.07125
0 0.74375 0.47375 0.03 0.05625
0 0.73875 0.44 0.01625 0.01125
0 0.78125 0.465 0.03875 0.0725
0 0.8525 0.48875 0.02125 0.04875
0 0.88 0.485 0.03 0.05375
0 0.91125 0.48625 0.025 0.06
0 0.13125 0.705 0.025 0.045
0 0.10875 0.7075 0.01875 0.04125
0 0.08625 0.70375 0.02 0.04375
0 0.065 0.70125 0.02125 0.04625
0 0.03375 0.69125 0.03625 0.01875
0 0.035 0.7125 0.0325 0.02
0 0.9625 0.6825 0.0375 0.075
0 0.92125 0.6825 0.04375 0.075
0 0.8775 0.67875 0.0275 0.05625
0 0.8425 0.6875 0.04 0.06375
0 0.8125 0.67875 0.01875 0.08
0 0.79125 0.675 0.02125 0.07125
0 0.72875 0.6275 0.06 0.0125
0 0.71625 0.47375 0.02375 0.055
0 0.68625 0.46125 0.03125 0.07875
0 0.65625 0.46 0.0275 0.07875
0 0.6275 0.46 0.02875 0.08
0 0.825 0.39625 0.04625 0.05125
0 0.86875 0.39625 0.0375 0.0525
0 0.93625 0.3925 0.03625 0.0625
0 0.97125 0.3925 0.03125 0.06125
0 0.0125 0.46375 0.02375 0.06125
0 0.04 0.4625 0.02875 0.065
0 0.0725 0.4625 0.035 0.065
0 0.1075 0.4725 0.0275 0.05
0 0.14 0.46625 0.03 0.05625
0 0.7275 0.64375 0.05875 0.0175
0 0.1725 0.46 0.03125 0.0675
0 0.31 0.46625 0.02375 0.05625
0 0.33375 0.4675 0.02 0.05625
0 0.365 0.4575 0.03375 0.07375
0 0.3975 0.4575 0.02875 0.0775
0 0.43 0.45875 0.03375 0.0775
0 0.4625 0.45875 0.03125 0.07625
0 0.49625 0.4575 0.03375 0.075
0 0.565 0.45875 0.03125 0.075
0 0.5975 0.45875 0.03125 0.0775
0 0.28125 0.47125 0.03125 0.0475
0 0.7275 0.66 0.05875 0.015
0 0.66625 0.63625 0.05625 0.0175
0 0.665 0.6575 0.06125 0.01625
0 0.665 0.555 0.045 0.07125
0 0.61625 0.55375 0.04625 0.065
0 0.57375 0.55625 0.0225 0.07375
0 0.53875 0.5575 0.045 0.07125
0 0.5 0.535 0.025 0.0325
0 0.5 0.56875 0.025 0.035
0 0.4675 0.53875 0.02375 0.02875
0 0.46875 0.57375 0.0275 0.03375
0 0.93875 0.48875 0.025 0.05375
0 0.7175 0.56 0.04375 0.07
0 0.96625 0.48875 0.02875 0.0525
0 0.1275 0.55875 0.045 0.04
0 0.1725 0.54875 0.0375 0.0525
0 0.2175 0.5725 0.04875 0.0075
0 0.21875 0.56 0.0475 0.015
0 0.255 0.555 0.0275 0.04625
0 0.28375 0.56625 0.03 0.055
0 0.3125 0.56625 0.02375 0.05375
0 0.34375 0.565 0.0375 0.05125
0 0.3775 0.56625 0.03 0.0475
0 0.05 0.5475 0.04375 0.06
0 0.785 0.3825 0.02625 0.0375
0 0.76375 0.56 0.0475 0.07125
0 0.85625 0.5775 0.03875 0.085
0 0.60625 0.65125 0.05625 0.0275
0 0.54875 0.65125 0.05625 0.03
0 0.49375 0.6525 0.05125 0.0275
0 0.43875 0.6525 0.05625 0.02875
0 0.39375 0.6475 0.02875 0.03375
0 0.36 0.64125 0.03375 0.05
0 0.32625 0.64125 0.03 0.04875
0 0.29 0.6525 0.035 0.02875
0 0.2525 0.64 0.03125 0.04875
0 0.8125 0.575 0.045 0.08125
0 0.21875 0.64375 0.02875 0.04625
0 0.17125 0.64 0.02375 0.045
0 0.14375 0.64 0.02875 0.045
0 0.10875 0.63875 0.03 0.0475
0 0.0775 0.63875 0.03 0.04625
0 0.04625 0.6375 0.0275 0.04625
0 0.015 0.635 0.02875 0.0475
0 0.965 0.58 0.03 0.07625
0 0.9325 0.57625 0.0275 0.08125
0 0.8975 0.5775 0.04125 0.08375
0 0.195 0.6425 0.01875 0.0475
0 0.75875 0.37875 0.025 0.045
0 0.7325 0.3775 0.0275 0.045
0 0.635 0.355 0.01875 0.015
0 0.03875 0.18875 0.045 0.0425
0 0.08 0.1875 0.0325 0.0375
0 0.17 0.24125 0.0225 0.0175
0 0.17125 0.22375 0.02125 0.0175
0 0.2025 0.23875 0.03625 0.02125
0 0.19875 0.21875 0.035 0.02
0 0.23125 0.22625 0.02375 0.05625
0 0.26375 0.22375 0.03375 0.05
0 0.3025 0.22625 0.0375 0.05375
0 0.13125 0.23125 0.04375 0.04375
0 0.3375 0.225 0.02375 0.04875
0 0.40625 0.215 0.0375 0.07
0 0.4475 0.215 0.04125 0.06875
0 0.48625 0.2125 0.03375 0.0775
0 0.525 0.2125 0.03875 0.07625
0 0.5725 0.21 0.04875 0.0825
0 0.62 0.20875 0.045 0.08125
0 0.67375 0.22 0.0575 0.06125
0 0.7175 0.22125 0.025 0.06
0 0.74375 0.2225 0.02875 0.0575
0 0.36625 0.225 0.035 0.0425
0 0.77625 0.2225 0.0325 0.05875
0 0.085 0.23125 0.04625 0.04375
0 0.44 0.57 0.02125 0.045
0 0.78875 0.79125 0.05 0.07
0 0.72125 0.7125 0.07125 0.01625
0 0.72 0.73 0.07375 0.01375
0 0.64375 0.70375 0.0775 0.01875
0 0.645 0.72625 0.07375 0.0125
0 0.5775 0.6975 0.0525 0.01625
0 0.5775 0.7275 0.0575 0.0125
0 0.51125 0.7 0.07125 0.0225
0 0.51125 0.725 0.0775 0.0125
0 0.0425 0.23125 0.0375 0.04125
0 0.43375 0.7225 0.07375 0.01875
0 0.36625 0.72125 0.06125 0.01375
0 0.31 0.695 0.0475 0.01625
0 0.30875 0.71375 0.05 0.01625
0 0.24375 0.70875 0.0225 0.04125
0 0.22 0.6925 0.02125 0.01125
0 0.22 0.71375 0.02 0.03
0 0.20125 0.7075 0.0175 0.04375
0 0.17875 0.7075 0.0225 0.04375
0 0.15625 0.70625 0.02125 0.045
0 0.36875 0.6975 0.05875 0.01625
0 0.87375 0.7875 0.0375 0.08125
0 0.82 0.21875 0.05125 0.0675
0 0.84625 0.165 0.1025 0.03125
0 0.04875 0.37 0.0275 0.055
0 0.075 0.3675 0.02375 0.05625
0 0.1 0.36875 0.025 0.05625
0 0.12625 0.36875 0.02875 0.05375
0 0.15625 0.3675 0.0275 0.055
0 0.1825 0.3675 0.025 0.055
0 0.2075 0.36875 0.02375 0.055
0 0.24125 0.37 0.03875 0.0475
0 0.31875 0.37375 0.035 0.04875
0 0.02125 0.37375 0.025 0.0475
0 0.35 0.375 0.02375 0.0525
0 0.41625 0.375 0.0325 0.04625
0 0.4525 0.37625 0.03625 0.04375
0 0.4875 0.37625 0.0325 0.04375
0 0.5225 0.37875 0.03125 0.04
0 0.56375 0.3775 0.045 0.04
0 0.61375 0.3775 0.02125 0.04875
0 0.63625 0.3825 0.0225 0.03875
0 0.66375 0.37875 0.025 0.05125
0 0.6875 0.3775 0.0225 0.05
0 0.38 0.3775 0.03375 0.04625
0 0.87 0.21875 0.04625 0.06875
0 0.92875 0.27625 0.03125 0.015
0 0.895 0.30125 0.03125 0.05625
0 0.92 0.15375 0.0425 0.05625
0 0.02125 0.295 0.01875 0.04375
0 0.045 0.295 0.02375 0.045
0 0.08 0.29125 0.045 0.045
0 0.12625 0.2925 0.04625 0.0425
0 0.22625 0.29625 0.0275 0.0375
0 0.26625 0.2975 0.04125 0.0375
0 0.3425 0.29875 0.03875 0.03375
0 0.38375 0.30125 0.04 0.03
0 0.92875 0.3075 0.03 0.0425
0 0.425 0.29375 0.03375 0.03625
0 0.50375 0.29875 0.04125 0.04
0 0.54375 0.29875 0.03375 0.04125
0 0.58125 0.2975 0.0375 0.04375
0 0.61875 0.2975 0.04 0.0375
0 0.66375 0.29875 0.045 0.04125
0 0.72375 0.29625 0.0375 0.04125
0 0.76625 0.3 0.04375 0.0375
0 0.8275 0.3 0.035 0.06125
0 0.8625 0.3025 0.03125 0.0575
0 0.46375 0.2975 0.0375 0.04125
0 0.97 0.3 0.0375 0.06375