0 0.64125 0.5625 0.02125 0.075
0 0.51875 0.56625 0.02875 0.08125
0 0.5575 0.56875 0.03125 0.08
0 0.59 0.5675 0.02625 0.07375
0 0.6175 0.565 0.02375 0.0725
0 0.60875 0.67875 0.02375 0.075
0 0.4525 0.57375 0.03375 0.085
0 0.67625 0.67 0.01625 0.07125
0 0.65625 0.67625 0.0175 0.0725
0 0.6625 0.56375 0.02 0.06875
0 0.68625 0.56125 0.02125 0.0675
0 0.41875 0.5825 0.025 0.0825
0 0.7075 0.5825 0.01625 0.02125
0 0.73625 0.54625 0.02 0.01
0 0.735 0.56 0.02 0.0075
0 0.73125 0.57875 0.01875 0.0075
0 0.4875 0.57125 0.03 0.08375
0 0.63375 0.6775 0.01875 0.07
0 0.7125 0.46625 0.02125 0.05875
0 0.35625 0.5875 0.02625 0.08
0 0.83125 0.355 0.01875 0.065
0 0.8525 0.355 0.015 0.0625
0 0.14375 0.4875 0.02875 0.08375
0 0.1925 0.48125 0.04 0.09375
0 0.23625 0.47875 0.03625 0.09125
0 0.27625 0.4725 0.03625 0.1025
0 0.32 0.47375 0.0375 0.09125
0 0.36 0.4725 0.03375 0.08625
0 0.395 0.46375 0.03 0.08875
0 0.43 0.465 0.0325 0.08125
0 0.4775 0.46875 0.03125 0.085
0 0.50625 0.46375 0.02375 0.08375
0 0.8025 0.3575 0.01375 0.06875
0 0.535 0.46375 0.02875 0.08
0 0.605 0.46 0.03125 0.08125
0 0.64375 0.465 0.025 0.07375
0 0.66625 0.46125 0.0175 0.07125
0 0.68875 0.4625 0.02125 0.06875
0 0.6925 0.6675 0.015 0.07125
0 0.7225 0.65875 0.03 0.08625
0 0.7525 0.6575 0.02375 0.08
0 0.77375 0.65125 0.0175 0.08125
0 0.795 0.65 0.02 0.08375
0 0.8225 0.65875 0.02125 0.05625
0 0.845 0.6475 0.01875 0.07625
0 0.865 0.6425 0.01875 0.06875
0 0.5625 0.4575 0.0225 0.0775
0 0.78375 0.3775 0.0175 0.0275
0 0.76 0.385 0.0175 0.0125
0 0.7375 0.385 0.01875 0.015
0 0.3175 0.58875 0.02875 0.08375
0 0.285 0.59625 0.0275 0.07875
0 0.2525 0.59875 0.025 0.07875
0 0.22125 0.6025 0.02625 0.0775
0 0.19 0.6025 0.0275 0.08
0 0.15625 0.62125 0.0275 0.05625
0 0.86 0.45875 0.01875 0.06125
0 0.8325 0.46125 0.03375 0.0525
0 0.76625 0.45875 0.02125 0.065
0 0.74125 0.46 0.02 0.06625
0 0.73375 0.56875 0.02125 0.00875
0 0.38 0.355 0.01625 0.08875
0 0.39875 0.35625 0.01625 0.09
0 0.455 0.3575 0.0125 0.08875
0 0.47 0.35625 0.0125 0.08625
0 0.48875 0.35625 0.01625 0.0825
0 0.505 0.35625 0.0125 0.0825
0 0.525 0.35625 0.01875 0.0825
0 0.545 0.3575 0.01875 0.085
0 0.595 0.355 0.01375 0.08125
0 0.61 0.355 0.01375 0.0825
0 0.62875 0.35625 0.015 0.08375
0 0.645 0.36 0.01 0.075
0 0.66 0.35875 0.01375 0.06625
0 0.68375 0.3575 0.01375 0.07
0 0.6975 0.35625 0.01 0.0675
0 0.71625 0.38625 0.01375 0.0125
0 0.3875 0.5875 0.03 0.08125
0 0.73125 0.58875 0.02375 0.0075
0 0.75875 0.56375 0.02 0.01375
0 0.7575 0.5875 0.02125 0.00875
0 0.77875 0.14375 0.01875 0.01875
0 0.75375 0.14125 0.02 0.02
0 0.7325 0.13875 0.02 0.02125
0 0.705 0.13 0.0225 0.07875
0 0.6775 0.13 0.02125 0.07375
0 0.65375 0.12625 0.0225 0.0775
0 0.63 0.135 0.015 0.06125
0 0.60875 0.12375 0.02125 0.08
0 0.58 0.1225 0.0225 0.08
0 0.545 0.11875 0.02375 0.08375
0 0.51625 0.1175 0.0225 0.0825
0 0.4875 0.115 0.025 0.08375
0 0.4575 0.1125 0.02875 0.08375
0 0.4275 0.11125 0.02625 0.0875
0 0.73125 0.16125 0.02125 0.01875
0 0.39625 0.10875 0.0275 0.085
0 0.32875 0.1025 0.0275 0.09
0 0.3025 0.1125 0.01875 0.06625
0 0.2725 0.0975 0.02875 0.08625
0 0.19625 0.09 0.0375 0.10125
0 0.15375 0.0875 0.0375 0.1025
0 0.20375 0.355 0.01875 0.09625
0 0.175 0.355 0.02625 0.095
0 0.58375 0.68125 0.0225 0.07875
0 0.55375 0.68625 0.02625 0.07625
0 0.5125 0.68875 0.02625 0.08625
0 0.47875 0.69125 0.03125 0.09
0 0.445 0.7 0.03 0.085
0 0.4125 0.7025 0.02625 0.08125
0 0.37625 0.70875 0.035 0.09125
0 0.35875 0.10625 0.02875 0.0875
0 0.755 0.16375 0.02 0.01875
0 0.77625 0.165 0.01875 0.01875
0 0.7975 0.14375 0.02 0.06125
0 0.49 0.24 0.0275 0.085
0 0.51875 0.24125 0.02375 0.0825
0 0.545 0.24125 0.02375 0.08125
0 0.57375 0.2425 0.025 0.0775
0 0.59875 0.24375 0.0225 0.0775
0 0.625 0.24375 0.02375 0.0775
0 0.65375 0.245 0.0225 0.07625
0 0.6775 0.24625 0.02 0.07625
0 0.7025 0.24625 0.02125 0.07875
0 0.73 0.24375 0.02375 0.0275
0 0.73 0.27125 0.02375 0.02625
0 0.755 0.255 0.02 0.0675
0 0.7825 0.2475 0.0275 0.07875
0 0.81125 0.25 0.02625 0.07625
0 0.83875 0.25 0.01625 0.07375
0 0.8625 0.2525 0.025 0.075
0 0.14625 0.355 0.02875 0.10125
0 0.82625 0.14125 0.02375 0.07125
0 0.13875 0.23125 0.0275 0.09125
0 0.17875 0.23 0.03125 0.08125
0 0.24125 0.22875 0.0275 0.10125
0 0.275 0.23375 0.025 0.08375
0 0.31 0.235 0.02625 0.0875
0 0.33375 0.715 0.0375 0.08875
0 0.33875 0.23625 0.02625 0.085
0 0.4025 0.2375 0.03125 0.08875
0 0.44625 0.24 0.055 0.0825
0 0.22875 0.35625 0.025 0.0975
0 0.255 0.355 0.02125 0.09875
0 0.27875 0.35625 0.02125 0.095
0 0.30875 0.365 0.0275 0.06875
0 0.37125 0.235 0.02625 0.0875
0 0.29125 0.715 0.03625 0.085
0 0.2375 0.09375 0.03 0.0925
0 0.24625 0.7225 0.0375 0.09
0 0.7575 0.57625 0.02 0.00875
0 0.7775 0.57875 0.015 0.01375
0 0.8 0.5525 0.0125 0.06625
0 0.845 0.575 0.0225 0.01375
0 0.1425 0.735 0.0325 0.09125
0 0.17625 0.735 0.02625 0.08125
0 0.20875 0.7325 0.02375 0.0825