0 0.4475 0.695 0.02125 0.02875
0 0.47625 0.47625 0.0225 0.0425
0 0.4525 0.4825 0.025 0.0425
0 0.42125 0.49125 0.03 0.04875
0 0.38875 0.49875 0.03125 0.05375
0 0.355 0.51 0.0325 0.04875
0 0.315 0.52 0.0425 0.06
0 0.2725 0.535 0.0375 0.04875
0 0.22375 0.54375 0.04375 0.06
0 0.6175 0.49875 0.01375 0.025
0 0.42 0.5875 0.03625 0.03375
0 0.41875 0.62875 0.02625 0.0375
0 0.41875 0.67 0.0275 0.04
0 0.52375 0.29875 0.01125 0.085
0 0.51 0.295 0.01625 0.07875
0 0.49 0.29625 0.01625 0.0775
0 0.46625 0.3 0.02875 0.08625
0 0.44125 0.29875 0.0175 0.095
0 0.4225 0.295 0.01625 0.09
0 0.4025 0.2925 0.02 0.095
0 0.385 0.29625 0.015 0.09625
0 0.3675 0.295 0.01875 0.1025
0 0.34625 0.295 0.015 0.1
0 0.325 0.295 0.01625 0.10125
0 0.30375 0.295 0.0225 0.10875
0 0.27875 0.2925 0.0225 0.11
0 0.25125 0.2925 0.0225 0.10875
0 0.22375 0.29125 0.0275 0.10875
0 0.42125 0.71125 0.02375 0.03125
0 0.35625 0.6575 0.02 0.05125
0 0.49875 0.4675 0.02 0.0425
0 0.32375 0.68125 0.03375 0.05375
0 0.52 0.46125 0.02 0.03125
0 0.5625 0.4525 0.0175 0.035
0 0.5525 0.29625 0.015 0.07875
0 0.5675 0.2975 0.0125 0.07625
0 0.58625 0.29375 0.01875 0.07125
0 0.6025 0.29625 0.0125 0.07
0 0.44625 0.65625 0.02375 0.04
0 0.6175 0.2975 0.01125 0.07125
0 0.63 0.29875 0.0125 0.0675
0 0.6425 0.29625 0.01 0.06625
0 0.655 0.295 0.01375 0.07
0 0.21625 0.47875 0.05 0.05875
0 0.2675 0.475 0.04375 0.06375
0 0.3125 0.46125 0.0425 0.045
0 0.35375 0.455 0.02875 0.055
0 0.3875 0.44625 0.03125 0.04125
0 0.42125 0.44 0.03125 0.05
0 0.46875 0.4275 0.0375 0.04125
0 0.51625 0.41875 0.02625 0.04
0 0.54 0.41625 0.01875 0.0375
0 0.56 0.41125 0.0175 0.04625
0 0.57875 0.40875 0.02 0.03875
0 0.595 0.40875 0.01 0.035
0 0.61125 0.4025 0.0175 0.0275
0 0.63875 0.39625 0.0175 0.03
0 0.65875 0.395 0.015 0.03125
0 0.6575 0.42875 0.01625 0.02875
0 0.6375 0.42875 0.02 0.02625
0 0.615 0.435 0.01375 0.03125
0 0.5975 0.4425 0.01375 0.0275
0 0.58 0.44625 0.0175 0.03
0 0.54125 0.4575 0.02 0.0375
0 0.165 0.25 0.0725 0.105
0 0.53625 0.29875 0.0125 0.08125
0 0.65125 0.16125 0.0125 0.08625
0 0.53625 0.53625 0.0175 0.03625
0 0.515 0.54125 0.01875 0.03
0 0.24125 0.82875 0.04 0.055
0 0.2875 0.8 0.04125 0.0525
0 0.32625 0.775 0.02875 0.04625
0 0.36 0.7475 0.03125 0.05125
0 0.395 0.72875 0.025 0.045
0 0.38875 0.685 0.02875 0.03375
0 0.35875 0.7025 0.02875 0.03
0 0.6325 0.5275 0.015 0.02375
0 0.63375 0.49625 0.01375 0.03
0 0.4725 0.67875 0.01875 0.0325
0 0.4975 0.665 0.01875 0.0325
0 0.665 0.165 0.0125 0.095
0 0.53875 0.6375 0.0175 0.03
0 0.55625 0.6275 0.015 0.0275
0 0.575 0.615 0.0125 0.0225
0 0.59125 0.605 0.01375 0.025
0 0.6075 0.5975 0.01 0.02375
0 0.37125 0.075 0.02875 0.14375
0 0.33875 0.07125 0.0375 0.12875
0 0.29625 0.06875 0.04 0.12375
0 0.61625 0.535 0.01 0.01875
0 0.47125 0.645 0.01875 0.0325
0 0.4975 0.63125 0.02 0.03125
0 0.52 0.61625 0.0175 0.0325
0 0.5375 0.6075 0.015 0.03
0 0.5575 0.595 0.015 0.03
0 0.5725 0.5875 0.015 0.02875
0 0.58875 0.57875 0.0125 0.02625
0 0.60625 0.5725 0.0125 0.025
0 0.62 0.56125 0.0125 0.025
0 0.62 0.5875 0.01125 0.02
0 0.63625 0.55375 0.01375 0.02375
0 0.44625 0.62125 0.01875 0.01625
0 0.47125 0.605 0.0175 0.04
0 0.495 0.5925 0.02 0.04
0 0.51375 0.58 0.015 0.03125
0 0.5375 0.57375 0.02 0.03375
0 0.555 0.5675 0.01125 0.025
0 0.5725 0.55125 0.015 0.03875
0 0.5875 0.5475 0.0125 0.0275
0 0.60375 0.53875 0.01375 0.0325
0 0.44875 0.57375 0.01625 0.0425
0 0.63625 0.5775 0.01125 0.02125
0 0.52 0.65 0.0175 0.0275
0 0.465 0.10375 0.0275 0.13
0 0.55625 0.13125 0.015 0.1125
0 0.53875 0.125 0.0225 0.12625
0 0.51125 0.1175 0.02375 0.11375
0 0.4875 0.10625 0.01875 0.1275
0 0.61 0.14625 0.00875 0.11375
0 0.43875 0.09 0.02375 0.14
0 0.40625 0.08375 0.03 0.13375
0 0.28125 0.69875 0.0425 0.055
0 0.23125 0.71875 0.05 0.05
0 0.235 0.77125 0.05125 0.04125
0 0.28375 0.7475 0.04 0.0325
0 0.3225 0.72875 0.03125 0.02875
0 0.57375 0.1325 0.01375 0.1125
0 0.5925 0.1425 0.0175 0.10625
0 0.6375 0.15625 0.0075 0.09875
0 0.6225 0.15625 0.01375 0.0975