0 0.16875 0.6075 0.04 0.09375
0 0.62125 0.28 0.0325 0.03
0 0.58125 0.27625 0.04 0.035
0 0.545 0.27375 0.03 0.035
0 0.65375 0.31375 0.03375 0.0325
0 0.65875 0.28125 0.035 0.0275
0 0.66125 0.24625 0.0325 0.035
0 0.69625 0.24875 0.03125 0.03375
0 0.6925 0.2825 0.0275 0.02625
0 0.69 0.315 0.03375 0.02875
0 0.725 0.31625 0.0275 0.02625
0 0.7275 0.285 0.03 0.03
0 0.615 0.38875 0.02 0.07625
0 0.64125 0.38875 0.0225 0.0775
0 0.67125 0.38875 0.0225 0.07375
0 0.69625 0.39 0.02125 0.07625
0 0.72125 0.39 0.02125 0.075
0 0.54375 0.30875 0.03 0.0275
0 0.74625 0.39 0.02125 0.07375
0 0.58 0.31 0.03625 0.02375
0 0.49625 0.29375 0.005 0.04625
0 0.79625 0.2875 0.0325 0.03125
0 0.79875 0.2525 0.03125 0.035
0 0.87 0.28625 0.02125 0.05
0 0.84875 0.28625 0.0175 0.05125
0 0.82625 0.28625 0.0175 0.05125
0 0.9125 0.29625 0.02 0.07375
0 0.9375 0.3025 0.02375 0.06
0 0.9675 0.3025 0.02375 0.055
0 0.6175 0.31125 0.03375 0.02625
0 0.99125 0.3025 0.01625 0.05375
0 0.0825 0.2675 0.02375 0.0875
0 0.0525 0.2675 0.02625 0.0925
0 0.4225 0.28375 0.01875 0.08
0 0.44125 0.28375 0.01625 0.07875
0 0.45875 0.28625 0.01625 0.0775
0 0.48 0.2875 0.0175 0.07375
0 0.51875 0.3 0.0075 0.03875
0 0.50625 0.29625 0.00875 0.04125
0 0.11125 0.26875 0.0225 0.09
0 0.77125 0.39 0.02125 0.07875
0 0.7925 0.39125 0.01875 0.07375
0 0.81625 0.39 0.02125 0.07
0 0.17625 0.4925 0.02625 0.09625
0 0.8725 0.5725 0.02375 0.0725
0 0.89875 0.56875 0.02625 0.06375
0 0.925 0.565 0.02375 0.06375
0 0.61875 0.48375 0.02125 0.08125
0 0.5925 0.485 0.02375 0.08
0 0.56625 0.48375 0.0225 0.0825
0 0.54125 0.485 0.02375 0.0825
0 0.145 0.4925 0.0275 0.09125
0 0.51375 0.485 0.0225 0.08375
0 0.45875 0.4875 0.02375 0.08625
0 0.43125 0.48625 0.0225 0.08875
0 0.405 0.485 0.0225 0.08875
0 0.37875 0.48875 0.0225 0.08875
0 0.35 0.48875 0.0275 0.0925
0 0.3225 0.48875 0.025 0.08625
0 0.29375 0.49 0.02625 0.09
0 0.26625 0.49 0.025 0.08875
0 0.48625 0.485 0.025 0.085
0 0.1125 0.49 0.0275 0.095
0 0.08 0.49125 0.0275 0.09875
0 0.64375 0.48375 0.02125 0.07875
0 0.84125 0.39 0.02125 0.075
0 0.85875 0.3925 0.00875 0.0725
0 0.87625 0.39125 0.02 0.06875
0 0.9 0.3875 0.02 0.08
0 0.92375 0.38625 0.02 0.07625
0 0.95 0.3875 0.02125 0.0725
0 0.97125 0.385 0.01625 0.06625
0 0.94125 0.47625 0.0225 0.06625
0 0.915 0.47875 0.0225 0.07375
0 0.8875 0.48125 0.0275 0.0775
0 0.86 0.48125 0.0175 0.07375
0 0.83875 0.4825 0.02125 0.07625
0 0.8175 0.48875 0.01375 0.06875
0 0.7975 0.49 0.0225 0.0725
0 0.77125 0.48875 0.02375 0.07
0 0.745 0.485 0.025 0.07625
0 0.72 0.48375 0.02 0.0775
0 0.6975 0.48625 0.02 0.07125
0 0.67125 0.48375 0.02625 0.0825
0 0.7925 0.3175 0.0325 0.02625
0 0.12625 0.60875 0.035 0.0975
0 0.7575 0.31625 0.0325 0.02875
0 0.76375 0.25375 0.0325 0.03
0 0.2225 0.38125 0.02125 0.08375
0 0.24875 0.38375 0.0225 0.08125
0 0.2725 0.38125 0.02125 0.08625
0 0.2975 0.38375 0.02 0.07875
0 0.4 0.27625 0.02125 0.09375
0 0.3775 0.27625 0.02125 0.09375
0 0.35375 0.27625 0.02125 0.09375
0 0.3275 0.27375 0.025 0.0925
0 0.1975 0.38125 0.025 0.08375
0 0.29875 0.275 0.025 0.0925
0 0.35125 0.3825 0.025 0.08375
0 0.37625 0.38375 0.0225 0.08
0 0.5925 0.3875 0.0175 0.07875
0 0.57125 0.3875 0.01875 0.07875
0 0.545 0.385 0.02 0.07625
0 0.52125 0.38625 0.01875 0.07375
0 0.4975 0.385 0.01875 0.07875
0 0.47375 0.385 0.0225 0.075
0 0.3225 0.38125 0.02375 0.08625
0 0.45 0.385 0.02 0.07625
0 0.17125 0.38 0.0225 0.0875
0 0.1175 0.38 0.02375 0.09
0 0.21 0.60625 0.03625 0.095
0 0.25125 0.60375 0.035 0.09625
0 0.2875 0.59875 0.03125 0.08375
0 0.08625 0.61125 0.04125 0.10125
0 0.75 0.58375 0.02125 0.0675
0 0.77375 0.57875 0.0225 0.075
0 0.79875 0.57875 0.0225 0.0725
0 0.8225 0.5775 0.0225 0.07625
0 0.145 0.38 0.02375 0.0875
0 0.8475 0.575 0.02375 0.0725
0 0.36 0.595 0.03375 0.09
0 0.3975 0.595 0.03375 0.0875
0 0.4325 0.59125 0.02875 0.08625
0 0.4675 0.59125 0.0325 0.0875
0 0.5 0.5925 0.02875 0.0825
0 0.53125 0.58875 0.0275 0.0825
0 0.06375 0.3775 0.0225 0.09
0 0.09 0.37875 0.02375 0.085
0 0.325 0.5975 0.035 0.085
0 0.425 0.385 0.02 0.07875
0 0.5625 0.58875 0.03 0.0825
0 0.595 0.5875 0.02875 0.0825
0 0.6925 0.67 0.02625 0.07
0 0.72125 0.67 0.02375 0.07
0 0.75125 0.6675 0.02625 0.06875
0 0.78 0.665 0.0275 0.0725
0 0.80875 0.66 0.02375 0.0725
0 0.83625 0.66125 0.025 0.07125
0 0.86625 0.66375 0.0225 0.075
0 0.89 0.66 0.0175 0.06875
0 0.6575 0.66875 0.02375 0.07125
0 0.91625 0.65875 0.02125 0.07
0 0.99 0.65875 0.01625 0.04875
0 0.2375 0.49 0.025 0.0925
0 0.2425 0.27 0.0225 0.09375
0 0.215 0.27125 0.0225 0.0875
0 0.19 0.27 0.02125 0.0875
0 0.16375 0.27125 0.0225 0.08875
0 0.14 0.27 0.02375 0.08875
0 0.72875 0.25125 0.03 0.0325
0 0.94125 0.67375 0.02 0.03125
0 0.62625 0.6725 0.0275 0.07375
0 0.27 0.27375 0.0225 0.08625
0 0.56375 0.67875 0.0275 0.07375
0 0.62875 0.58625 0.02875 0.08125
0 0.4025 0.38625 0.02125 0.07875
0 0.65625 0.5825 0.0175 0.07875
0 0.6775 0.585 0.02125 0.07625
0 0.7025 0.5825 0.02 0.07375
0 0.7275 0.58125 0.01875 0.0725
0 0.095 0.71625 0.03125 0.08375
0 0.135 0.71125 0.03375 0.08875
0 0.17375 0.70875 0.0375 0.0875
0 0.215 0.70875 0.03375 0.08625
0 0.25375 0.7025 0.03375 0.0825
0 0.29375 0.70125 0.03 0.07875
0 0.33 0.69875 0.0325 0.0775
0 0.365 0.69875 0.03 0.0775
0 0.4 0.69375 0.03125 0.07875
0 0.43375 0.69125 0.03 0.08
0 0.47 0.68625 0.03125 0.08375
0 0.5025 0.6825 0.02625 0.0775
0 0.53375 0.6775 0.025 0.08125
0 0.76 0.28625 0.02875 0.0275
0 0.595 0.67875 0.03 0.07875
0 0.205 0.49125 0.0275 0.09375