0 0.59 0.3875 0.03375 0.09
0 0.55125 0.38875 0.03375 0.0875
0 0.6625 0.5125 0.03125 0.075
0 0.6225 0.39 0.02875 0.09125
0 0.78875 0.50625 0.035 0.06625
0 0.75625 0.51 0.025 0.06875
0 0.7275 0.51 0.03375 0.07
0 0.62 0.5025 0.035 0.08
0 0.5225 0.51 0.035 0.08
0 0.55625 0.5125 0.03125 0.075
0 0.485 0.5125 0.0375 0.0825
0 0.44625 0.52 0.035 0.0825
0 0.4075 0.51625 0.025 0.08125
0 0.37625 0.5175 0.03625 0.0875
0 0.34125 0.515 0.03125 0.0825
0 0.3075 0.5125 0.0325 0.085
0 0.2625 0.515 0.0425 0.09125
0 0.18125 0.52625 0.04 0.075
0 0.145 0.52375 0.03125 0.08375
0 0.7975 0.38875 0.02875 0.065
0 0.7625 0.38625 0.03125 0.07
0 0.69375 0.39125 0.0375 0.06375
0 0.6575 0.3975 0.035 0.07375
0 0.5875 0.51125 0.0275 0.0775
0 0.22125 0.52375 0.03875 0.08125
0 0.63875 0.73375 0.0325 0.07875
0 0.81125 0.70875 0.0225 0.09625
0 0.78375 0.615 0.02875 0.06125
0 0.1675 0.75 0.02625 0.06625
0 0.19875 0.74875 0.03375 0.06125
0 0.2375 0.7475 0.04125 0.0625
0 0.275 0.7425 0.02875 0.07375
0 0.30875 0.7425 0.03125 0.075
0 0.725 0.62125 0.03875 0.0625
0 0.34 0.735 0.02875 0.08625
0 0.41 0.73625 0.03 0.07875
0 0.4475 0.73625 0.03375 0.07875
0 0.47625 0.7375 0.0225 0.0775
0 0.5125 0.39 0.04 0.0925
0 0.51 0.735 0.04125 0.07375
0 0.5475 0.73125 0.03125 0.08125
0 0.3725 0.73625 0.035 0.0875
0 0.84125 0.58125 0.0475 0.10875
0 0.69125 0.62125 0.025 0.0675
0 0.59125 0.62375 0.025 0.075
0 0.845 0.71 0.03125 0.09125
0 0.1625 0.63375 0.03375 0.0575
0 0.2025 0.64125 0.03125 0.07125
0 0.23375 0.64 0.0225 0.06375
0 0.265 0.635 0.02625 0.0575
0 0.30125 0.63 0.03625 0.06625
0 0.6625 0.61625 0.03 0.065
0 0.335 0.63125 0.02625 0.06875
0 0.40125 0.6325 0.02875 0.065
0 0.43375 0.62625 0.025 0.0725
0 0.46125 0.625 0.02875 0.07125
0 0.49625 0.625 0.03 0.07125
0 0.5275 0.6275 0.025 0.075
0 0.56 0.62125 0.0325 0.07875
0 0.3675 0.63375 0.035 0.0625
0 0.475 0.3925 0.03375 0.08875
0 0.5 0.89 0.02875 0.09
0 0.405 0.39375 0.03625 0.07875
0 0.43625 0.135 0.03625 0.09375
0 0.3925 0.13625 0.0475 0.1
0 0.34375 0.12625 0.045 0.085
0 0.2975 0.12875 0.04125 0.0825
0 0.255 0.13125 0.03375 0.08125
0 0.2125 0.1325 0.0375 0.09125
0 0.8575 0.8775 0.03375 0.08125
0 0.775 0.72 0.03 0.06625
0 0.8175 0.87875 0.045 0.08625
0 0.77625 0.86 0.0275 0.125
0 0.745 0.8575 0.0325 0.1175
0 0.71125 0.865 0.0325 0.12
0 0.67375 0.875 0.0275 0.085
0 0.48625 0.14 0.0375 0.08
0 0.64875 0.8725 0.0225 0.08
0 0.5875 0.8775 0.02375 0.1075
0 0.5575 0.87875 0.0225 0.09
0 0.5275 0.88625 0.025 0.0975
0 0.57625 0.72875 0.025 0.0775
0 0.465 0.9025 0.0275 0.07375
0 0.4325 0.87 0.02 0.06875
0 0.4025 0.88125 0.02625 0.06625
0 0.365 0.89625 0.03125 0.07625
0 0.3325 0.8925 0.02625 0.08
0 0.26375 0.8875 0.03625 0.09
0 0.22375 0.89 0.03125 0.1
0 0.1825 0.8925 0.025 0.11
0 0.15 0.90875 0.03 0.08125
0 0.61625 0.875 0.02125 0.10375
0 0.44375 0.39 0.0275 0.0825
0 0.52875 0.13125 0.0425 0.0975
0 0.65 0.13 0.03 0.07375
0 0.36 0.3925 0.04875 0.07375
0 0.315 0.39375 0.04 0.08125
0 0.2725 0.395 0.04375 0.08
0 0.2275 0.39375 0.0425 0.08
0 0.1825 0.39625 0.04 0.0875
0 0.1425 0.3975 0.03125 0.08125
0 0.8175 0.26125 0.02625 0.07875
0 0.7775 0.26375 0.04375 0.08125
0 0.74 0.2625 0.025 0.0775
0 0.705 0.2625 0.0425 0.08125
0 0.67 0.26375 0.02625 0.08375
0 0.64125 0.26375 0.0325 0.0875
0 0.6 0.26125 0.04125 0.08125
0 0.5725 0.1325 0.03875 0.09875
0 0.5625 0.26375 0.03125 0.08625
0 0.485 0.26625 0.035 0.0875
0 0.45125 0.26375 0.0325 0.0825
0 0.41 0.2675 0.04 0.0875
0 0.3275 0.26875 0.05125 0.085
0 0.27 0.265 0.05875 0.095
0 0.21 0.26 0.055 0.0875
0 0.15875 0.275 0.03875 0.08375
0 0.60875 0.05875 0.05875 0.04125
0 0.82375 0.13625 0.02125 0.05625
0 0.79375 0.1275 0.03 0.075
0 0.75875 0.13 0.0325 0.0725
0 0.7225 0.13375 0.0275 0.0725
0 0.68875 0.13125 0.03875 0.0675
0 0.52125 0.2625 0.03625 0.08375
0 0.6075 0.735 0.025 0.0825