0 0.34 0.25375 0.02625 0.08
0 0.485 0.295 0.02625 0.08125
0 0.455 0.295 0.03 0.08125
0 0.42625 0.2975 0.0275 0.0875
0 0.3975 0.295 0.02875 0.09125
0 0.31375 0.25375 0.025 0.08125
0 0.25375 0.24875 0.02625 0.085
0 0.8675 0.75 0.01375 0.075
0 0.845 0.7525 0.02875 0.07
0 0.81625 0.75625 0.03 0.0775
0 0.7825 0.75875 0.0325 0.07375
0 0.3 0.15625 0.02875 0.07375
0 0.3275 0.15875 0.02375 0.07
0 0.39375 0.18 0.0225 0.0775
0 0.42 0.18125 0.025 0.075
0 0.4475 0.18125 0.025 0.0675
0 0.4725 0.18125 0.025 0.06625
0 0.4975 0.1825 0.02375 0.06625
0 0.5275 0.18 0.02875 0.07
0 0.57875 0.1825 0.02625 0.0675
0 0.605 0.1825 0.02125 0.065
0 0.6325 0.18375 0.02875 0.0625
0 0.1375 0.25125 0.0225 0.08625
0 0.16625 0.24875 0.03 0.08125
0 0.195 0.25 0.02625 0.07875
0 0.22375 0.25125 0.03125 0.0825
0 0.28375 0.25 0.03375 0.0875
0 0.55375 0.18125 0.02125 0.07125
0 0.40875 0.4 0.02625 0.0875
0 0.51375 0.29125 0.02625 0.09375
0 0.7325 0.1925 0.025 0.0775
0 0.70875 0.19 0.02 0.08125
0 0.63625 0.39625 0.0325 0.0775
0 0.6075 0.3975 0.025 0.07875
0 0.58125 0.39875 0.0225 0.075
0 0.5525 0.40125 0.03 0.07875
0 0.5225 0.39875 0.02875 0.08375
0 0.49375 0.4 0.03 0.085
0 0.75625 0.1925 0.02125 0.0775
0 0.57125 0.2875 0.02375 0.095
0 0.6275 0.28875 0.0275 0.0975
0 0.1475 0.3575 0.0325 0.09375
0 0.18125 0.3575 0.03 0.09375
0 0.215 0.35625 0.0375 0.09
0 0.24875 0.35375 0.025 0.09375
0 0.28 0.35625 0.03875 0.0925
0 0.315 0.35625 0.0275 0.09125
0 0.435 0.40125 0.02375 0.085
0 0.59875 0.2875 0.03 0.095
0 0.34375 0.35375 0.03 0.08125
0 0.78 0.1925 0.025 0.07625
0 0.82625 0.19875 0.0225 0.07625
0 0.5425 0.28875 0.03125 0.09625
0 0.54125 0.78375 0.02875 0.08375
0 0.5725 0.78125 0.03125 0.0775
0 0.6025 0.77875 0.0275 0.08
0 0.635 0.775 0.035 0.075
0 0.72 0.76375 0.0275 0.0725
0 0.7525 0.76125 0.0275 0.07625
0 0.16125 0.46625 0.02625 0.09125
0 0.80375 0.19625 0.02 0.08125
0 0.13625 0.46625 0.0225 0.0925
0 0.83375 0.28875 0.02625 0.085
0 0.81 0.28875 0.02 0.085
0 0.785 0.28875 0.02625 0.085
0 0.76 0.28875 0.0225 0.08375
0 0.735 0.29 0.0275 0.085
0 0.70875 0.2875 0.0225 0.08875
0 0.86875 0.19625 0.01 0.06875
0 0.85 0.1975 0.02375 0.07375
0 0.86 0.28875 0.02625 0.08375
0 0.46375 0.40125 0.02875 0.08375
0 0.17875 0.70375 0.0325 0.11125
0 0.445 0.795 0.03125 0.08
0 0.76 0.5 0.025 0.07625
0 0.73625 0.49875 0.02125 0.07375
0 0.71 0.5 0.0225 0.0775
0 0.5125 0.79 0.0275 0.07375
0 0.865 0.38375 0.02 0.0825
0 0.84375 0.385 0.0225 0.08125
0 0.81875 0.38625 0.02375 0.085
0 0.25125 0.69875 0.0275 0.1075
0 0.28625 0.69375 0.04 0.09625
0 0.785 0.5025 0.02375 0.0725
0 0.3225 0.69 0.02875 0.1025
0 0.4125 0.7 0.02625 0.0875
0 0.4425 0.70125 0.0325 0.08625
0 0.47625 0.69875 0.03125 0.08125
0 0.50625 0.69625 0.02625 0.09
0 0.53875 0.69125 0.035 0.07875
0 0.57125 0.68625 0.02875 0.0875
0 0.60125 0.68625 0.03125 0.0875
0 0.63375 0.685 0.03 0.09
0 0.79125 0.3875 0.02625 0.08375
0 0.35375 0.6875 0.0325 0.0975
0 0.8125 0.49875 0.025 0.06625
0 0.83875 0.49125 0.02125 0.0825
0 0.8625 0.49125 0.025 0.08
0 0.1425 0.705 0.035 0.1075
0 0.86625 0.58875 0.015 0.07625
0 0.8475 0.58875 0.0225 0.075
0 0.82 0.5925 0.03125 0.06875
0 0.79 0.59125 0.0275 0.07625
0 0.74125 0.595 0.0275 0.07125
0 0.7125 0.59125 0.02875 0.07875
0 0.63 0.59 0.03625 0.07875
0 0.59375 0.5925 0.0325 0.0825
0 0.55625 0.59375 0.0375 0.08
0 0.52125 0.59625 0.03 0.08375
0 0.48625 0.5975 0.03875 0.07875
0 0.4475 0.60125 0.0375 0.085
0 0.4125 0.60125 0.02375 0.085
0 0.34875 0.57 0.0275 0.10375
0 0.31875 0.57125 0.03 0.1075
0 0.28625 0.57375 0.035 0.10375
0 0.25375 0.57625 0.0275 0.10625
0 0.22375 0.5775 0.03125 0.10125
0 0.19125 0.58125 0.0325 0.1075
0 0.155 0.58 0.03875 0.10875
0 0.76375 0.38875 0.02875 0.08875
0 0.73375 0.39 0.02875 0.08875
0 0.48125 0.7925 0.02625 0.08
0 0.59 0.4925 0.035 0.08375
0 0.28875 0.81 0.0375 0.09
0 0.25625 0.8125 0.02875 0.095
0 0.85 0.66875 0.02125 0.06375
0 0.82625 0.67125 0.025 0.06875
0 0.22125 0.81875 0.03875 0.08
0 0.18375 0.82 0.0325 0.1
0 0.1475 0.82 0.035 0.0975
0 0.8675 0.66375 0.0125 0.06
0 0.32625 0.80875 0.035 0.09125
0 0.21625 0.7 0.04125 0.105
0 0.36 0.80625 0.03125 0.085
0 0.80375 0.6775 0.02 0.05625
0 0.7825 0.67875 0.01875 0.0575
0 0.62625 0.4925 0.035 0.08375
0 0.73375 0.685 0.02125 0.05875
0 0.5525 0.49375 0.0375 0.08125
0 0.76125 0.68 0.02375 0.0525
0 0.51625 0.495 0.03375 0.08625
0 0.4425 0.5025 0.0325 0.09375
0 0.41125 0.505 0.03 0.09
0 0.35125 0.4675 0.025 0.07875
0 0.31875 0.46125 0.035 0.09125
0 0.47875 0.49875 0.03875 0.08375
0 0.25875 0.4625 0.03125 0.09875
0 0.22125 0.4625 0.04 0.09875
0 0.18875 0.465 0.025 0.095
0 0.71375 0.6825 0.01875 0.06
0 0.28625 0.4675 0.025 0.0875