0 0.29375 0.7775 0.04125 0.03
0 0.28875 0.7425 0.0425 0.03
0 0.245 0.785 0.0425 0.03375
0 0.2 0.7875 0.04375 0.03375
0 0.245 0.74625 0.04375 0.03375
0 0.71 0.33625 0.015 0.03
0 0.2425 0.70875 0.04375 0.03375
0 0.68125 0.37 0.015 0.03375
0 0.7 0.37 0.01625 0.0325
0 0.19375 0.71 0.04375 0.03375
0 0.19375 0.67375 0.0425 0.03375
0 0.72 0.37 0.015 0.03125
0 0.1975 0.74875 0.04375 0.03375
0 0.33125 0.70125 0.04 0.035
0 0.185 0.33 0.02 0.06375
0 0.21 0.33 0.01625 0.0625
0 0.50625 0.695 0.03875 0.03375
0 0.46375 0.69875 0.03875 0.03375
0 0.5075 0.65625 0.03875 0.03375
0 0.465 0.66125 0.03875 0.03375
0 0.4225 0.77375 0.03875 0.03375
0 0.42125 0.73625 0.03875 0.03375
0 0.42125 0.70125 0.03875 0.03375
0 0.4225 0.66125 0.04 0.03875
0 0.37875 0.775 0.04 0.03375
0 0.3775 0.735 0.04 0.035
0 0.37625 0.7 0.04 0.035
0 0.37625 0.66125 0.04 0.035
0 0.69125 0.33625 0.01625 0.03125
0 0.135 0.33 0.02 0.06375
0 0.16 0.33 0.0175 0.0625
0 0.235 0.33 0.0225 0.065
0 0.67875 0.40625 0.01625 0.0325
0 0.74 0.33375 0.01625 0.035
0 0.71625 0.40375 0.015 0.03375
0 0.77375 0.37 0.01375 0.03125
0 0.79375 0.33375 0.0175 0.03375
0 0.77625 0.335 0.01375 0.03375
0 0.67625 0.7625 0.035 0.0325
0 0.67875 0.725 0.04 0.03625
0 0.635 0.72625 0.0325 0.03125
0 0.7525 0.405 0.01625 0.03125
0 0.735 0.40375 0.015 0.03125
0 0.7575 0.37125 0.01625 0.03125
0 0.5975 0.765 0.04 0.035
0 0.59625 0.7275 0.04 0.035
0 0.335 0.775 0.04 0.035
0 0.7375 0.37 0.01375 0.03125
0 0.75875 0.335 0.015 0.0325
0 0.72125 0.685 0.04 0.035
0 0.79375 0.37 0.01625 0.03125
0 0.7725 0.405 0.01375 0.0325
0 0.79 0.40375 0.01375 0.0325
0 0.465 0.735 0.03875 0.03375
0 0.295 0.48875 0.02125 0.08
0 0.27125 0.48875 0.02125 0.08
0 0.25 0.48625 0.02125 0.08
0 0.22625 0.49 0.02125 0.08
0 0.20125 0.49125 0.02125 0.08
0 0.1775 0.4925 0.02125 0.08
0 0.13125 0.49125 0.01125 0.08
0 0.69875 0.405 0.015 0.0325
0 0.15125 0.49 0.02125 0.07875
0 0.755 0.47375 0.01625 0.07
0 0.7375 0.4775 0.01625 0.0675
0 0.7175 0.4775 0.02 0.07125
0 0.855 0.48125 0.01875 0.07375
0 0.81 0.36875 0.01625 0.0325
0 0.83375 0.3325 0.015 0.0325
0 0.8125 0.33375 0.01625 0.03125
0 0.1525 0.7875 0.0425 0.03375
0 0.5075 0.73125 0.03875 0.03375
0 0.33375 0.74 0.04 0.035
0 0.50875 0.76625 0.03875 0.03375
0 0.4 0.605 0.0425 0.03625
0 0.44625 0.60125 0.0425 0.03625
0 0.4875 0.56125 0.03875 0.03375
0 0.53125 0.5575 0.03875 0.03375
0 0.48875 0.59875 0.03875 0.03375
0 0.53125 0.5975 0.03875 0.03375
0 0.32 0.4875 0.02125 0.08
0 0.57625 0.5975 0.03875 0.03375
0 0.6175 0.59625 0.03875 0.0325
0 0.705 0.55625 0.03875 0.035
0 0.74625 0.5525 0.0375 0.03875
0 0.705 0.595 0.0375 0.03875
0 0.745 0.5925 0.0375 0.03875
0 0.79 0.48 0.02 0.07125
0 0.8125 0.4825 0.02 0.07125
0 0.83375 0.48 0.01875 0.07375
0 0.19125 0.39375 0.02 0.0575
0 0.1675 0.57125 0.045 0.04
0 0.8625 0.59 0.025 0.0375
0 0.445 0.5625 0.0425 0.03625
0 0.865 0.5525 0.01875 0.0325
0 0.4 0.56625 0.0425 0.03625
0 0.30625 0.60875 0.03875 0.0375
0 0.2175 0.5675 0.045 0.04
0 0.17125 0.6125 0.045 0.04
0 0.22125 0.61 0.045 0.04
0 0.30875 0.565 0.045 0.04
0 0.6725 0.33625 0.0175 0.03125
0 0.48125 0.39 0.01625 0.0525
0 0.46125 0.39125 0.01625 0.0525
0 0.44125 0.39 0.01625 0.0525
0 0.42375 0.38875 0.015 0.0525
0 0.40625 0.3925 0.01875 0.05875
0 0.38125 0.395 0.02 0.05625
0 0.36 0.395 0.01875 0.0575
0 0.335 0.395 0.0175 0.05875
0 0.31375 0.395 0.0225 0.0625
0 0.28875 0.39375 0.02125 0.0575
0 0.2625 0.39375 0.01875 0.0575
0 0.2375 0.395 0.0225 0.05875
0 0.2125 0.39375 0.02 0.05875
0 0.35375 0.56625 0.03875 0.0375
0 0.3525 0.60625 0.03875 0.0375
0 0.46875 0.77 0.03875 0.03375
0 0.825 0.595 0.0325 0.03375
0 0.785 0.5925 0.03625 0.0325
0 0.4825 0.34 0.01625 0.045
0 0.5225 0.37 0.02875 0.1025
0 0.55 0.37 0.02375 0.1025
0 0.57625 0.37 0.0225 0.10125
0 0.6325 0.37 0.02375 0.105
0 0.26125 0.33125 0.02 0.06375
0 0.28375 0.33125 0.02 0.065
0 0.31125 0.3325 0.01875 0.05875
0 0.7825 0.23 0.02625 0.10125
0 0.8175 0.22875 0.035 0.09875
0 0.85625 0.23125 0.03625 0.1025
0 0.34375 0.33625 0.01625 0.05
0 0.365 0.33625 0.01625 0.05125
0 0.385 0.335 0.015 0.0525
0 0.40375 0.335 0.0175 0.05375
0 0.425 0.33875 0.01875 0.045
0 0.68 0.65 0.035 0.03125
0 0.555 0.7675 0.04125 0.03375
0 0.5525 0.72875 0.03875 0.035
0 0.725 0.64875 0.03625 0.03125
0 0.81625 0.5475 0.03875 0.0375
0 0.59875 0.69 0.035 0.035
0 0.68 0.685 0.04 0.035
0 0.75625 0.6425 0.01625 0.02375
0 0.79625 0.755 0.03375 0.03125
0 0.75875 0.7575 0.03375 0.0325
0 0.83875 0.75125 0.03375 0.03125
0 0.83875 0.71625 0.03375 0.03125
0 0.83875 0.68125 0.03375 0.03125
0 0.84625 0.645 0.03375 0.03125
0 0.79875 0.71875 0.03375 0.03125
0 0.75875 0.7175 0.03375 0.03125
0 0.71875 0.75875 0.03875 0.03375
0 0.72125 0.72375 0.03875 0.03375
0 0.6375 0.7625 0.03125 0.03
0 0.15125 0.7475 0.0425 0.03375
0 0.1475 0.71125 0.0425 0.03375
0 0.82875 0.40125 0.01625 0.03125
0 0.81 0.40375 0.01625 0.03125
0 0.83 0.3675 0.015 0.03125
0 0.445 0.33875 0.01625 0.045
0 0.465 0.34 0.0125 0.04375
0 0.63875 0.68875 0.04 0.035
0 0.345 0.48375 0.01875 0.07625
0 0.1375 0.39375 0.025 0.06
0 0.39 0.48625 0.02 0.0775
0 0.16375 0.39375 0.025 0.06
0 0.36625 0.48625 0.02 0.0775
0 0.14375 0.2175 0.03625 0.115
0 0.185 0.2175 0.0325 0.11125
0 0.225 0.21875 0.03375 0.1125
0 0.30625 0.2225 0.02875 0.10875
0 0.34 0.2225 0.02875 0.1075
0 0.37625 0.22125 0.0325 0.11375
0 0.4175 0.22375 0.03625 0.11125
0 0.4575 0.2225 0.035 0.11375
0 0.4925 0.2225 0.02875 0.11125
0 0.5275 0.22625 0.03125 0.1075
0 0.565 0.2275 0.03125 0.1075
0 0.60375 0.22625 0.03375 0.10875
0 0.64 0.2275 0.02875 0.1075
0 0.26875 0.2175 0.0325 0.11125
0 0.7125 0.2275 0.02875 0.105
0 0.67875 0.225 0.03375 0.10625
0 0.46 0.48875 0.0175 0.0725
0 0.48 0.49 0.0175 0.0725
0 0.41375 0.48375 0.02 0.0775
0 0.53125 0.46875 0.0175 0.0575
0 0.54875 0.46875 0.01 0.055
0 0.5725 0.46875 0.0125 0.0625
0 0.505 0.48625 0.0175 0.07125
0 0.4375 0.48625 0.0175 0.0725
0 0.6075 0.4675 0.015 0.0625
0 0.62625 0.47 0.015 0.0625
0 0.6475 0.47125 0.015 0.0625
0 0.66625 0.475 0.015 0.0625
0 0.58875 0.47125 0.015 0.0625
0 0.74625 0.22875 0.03375 0.10375