0 0.495 0.565 0.0325 0.08625
0 0.19625 0.1725 0.02125 0.05875
0 0.4575 0.56625 0.0325 0.08625
0 0.4225 0.56625 0.0325 0.08625
0 0.38625 0.56625 0.0325 0.08625
0 0.60125 0.6775 0.03375 0.085
0 0.5625 0.6775 0.0325 0.08625
0 0.15 0.17625 0.02125 0.05875
0 0.1725 0.1725 0.02125 0.05875
0 0.22 0.17125 0.02 0.05875
0 0.19625 0.26875 0.0225 0.065
0 0.265 0.16875 0.01625 0.05625
0 0.14625 0.27 0.0225 0.065
0 0.17125 0.27125 0.0225 0.065
0 0.5725 0.34625 0.02875 0.06625
0 0.22125 0.2675 0.0225 0.065
0 0.24625 0.2675 0.0225 0.065
0 0.2675 0.2675 0.02 0.065
0 0.13125 0.38 0.01125 0.07
0 0.1525 0.3775 0.02625 0.07625
0 0.18 0.375 0.02625 0.07625
0 0.2075 0.3825 0.02125 0.06
0 0.2425 0.17125 0.02 0.05875
0 0.535 0.55625 0.0325 0.07375
0 0.4675 0.455 0.03625 0.08875
0 0.60625 0.56875 0.03125 0.0825
0 0.23125 0.38125 0.02125 0.06
0 0.56875 0.24 0.0275 0.07375
0 0.53625 0.24125 0.0275 0.07375
0 0.50375 0.2425 0.0275 0.07375
0 0.47375 0.245 0.0275 0.07375
0 0.44375 0.245 0.0275 0.07375
0 0.41375 0.24625 0.0275 0.07375
0 0.3825 0.2475 0.02875 0.07375
0 0.3525 0.24875 0.02875 0.07375
0 0.6025 0.34625 0.02875 0.06625
0 0.57125 0.57 0.03125 0.0825
0 0.54125 0.3475 0.02875 0.06625
0 0.48 0.35 0.02875 0.065
0 0.60125 0.23875 0.0275 0.07375
0 0.45125 0.35125 0.02875 0.06625
0 0.42125 0.35 0.02875 0.065
0 0.39 0.35375 0.02875 0.065
0 0.60375 0.4525 0.03625 0.09
0 0.55875 0.45375 0.03625 0.08875
0 0.50875 0.45625 0.03625 0.09
0 0.425 0.45375 0.03625 0.09
0 0.3825 0.45625 0.03625 0.09
0 0.51125 0.34875 0.02875 0.06625
0 0.255 0.3825 0.02125 0.0625
0 0.5675 0.855 0.03625 0.0375
0 0.135 0.48375 0.01875 0.0625
0 0.605 0.7675 0.03375 0.06625
0 0.565 0.7825 0.03375 0.08625
0 0.53 0.78125 0.03125 0.0875
0 0.495 0.78125 0.03125 0.0875
0 0.46 0.76375 0.03375 0.07
0 0.42375 0.7775 0.03 0.08375
0 0.3875 0.7775 0.03625 0.08625
0 0.6075 0.87875 0.03375 0.07625
0 0.5275 0.865 0.0375 0.06
0 0.4825 0.875 0.03625 0.075
0 0.3825 0.6725 0.03625 0.08875
0 0.445 0.8725 0.03625 0.075
0 0.3 0.83 0.01625 0.06125
0 0.26125 0.8475 0.02625 0.0775
0 0.2375 0.83375 0.01875 0.075
0 0.215 0.83375 0.02375 0.05875
0 0.1775 0.855 0.025 0.0625
0 0.14875 0.85625 0.025 0.05875
0 0.13 0.8575 0.00875 0.05875
0 0.3 0.7575 0.0125 0.0575
0 0.28 0.75625 0.0225 0.0575
0 0.345 0.14625 0.0275 0.08
0 0.40625 0.8725 0.0325 0.07625
0 0.42 0.67375 0.0325 0.08625
0 0.45625 0.675 0.0325 0.08625
0 0.4925 0.675 0.0325 0.08625
0 0.1575 0.485 0.02375 0.05875
0 0.185 0.48375 0.02875 0.05875
0 0.215 0.48375 0.02875 0.05875
0 0.24375 0.47875 0.02375 0.05875
0 0.27 0.4825 0.02625 0.06125
0 0.13375 0.575 0.0175 0.0575
0 0.1575 0.575 0.02625 0.06
0 0.185 0.57375 0.02625 0.06
0 0.21375 0.57625 0.02625 0.06
0 0.245 0.575 0.02625 0.06
0 0.2775 0.57375 0.02625 0.06
0 0.1325 0.66375 0.01375 0.06125
0 0.1525 0.665 0.025 0.06
0 0.5275 0.675 0.0325 0.08625
0 0.2075 0.66375 0.025 0.06
0 0.2625 0.66625 0.025 0.05875
0 0.29 0.66625 0.025 0.06
0 0.1325 0.75375 0.01375 0.0575
0 0.1525 0.7525 0.0225 0.0575
0 0.1775 0.75375 0.0225 0.0575
0 0.20125 0.75625 0.0225 0.0575
0 0.2275 0.75375 0.0225 0.0575
0 0.25375 0.755 0.0225 0.0575
0 0.27625 0.37875 0.01625 0.07125
0 0.37625 0.14625 0.0275 0.08
0 0.18 0.66625 0.025 0.06
0 0.7525 0.12875 0.03625 0.09875
0 0.74625 0.37875 0.0325 0.105
0 0.675 0.385 0.01875 0.0925
0 0.8475 0.2525 0.035 0.105
0 0.8075 0.2525 0.035 0.105
0 0.76875 0.255 0.03875 0.10625
0 0.73125 0.2575 0.03 0.1075
0 0.86 0.125 0.0275 0.09875
0 0.78375 0.37625 0.0325 0.105
0 0.8275 0.12625 0.03375 0.1
0 0.7125 0.13375 0.03125 0.08875
0 0.68125 0.13625 0.0275 0.08875
0 0.60125 0.12875 0.0275 0.08
0 0.57 0.12875 0.0275 0.08
0 0.5375 0.13125 0.0275 0.08
0 0.50625 0.13375 0.0275 0.08
0 0.47125 0.1375 0.0275 0.08
0 0.79 0.12875 0.03375 0.1
0 0.82125 0.3775 0.0325 0.105
0 0.8575 0.375 0.0325 0.105
0 0.7025 0.50375 0.0325 0.09375
0 0.85875 0.8575 0.0325 0.08375
0 0.82 0.85625 0.03875 0.0825
0 0.7775 0.85375 0.03875 0.0825
0 0.73875 0.85125 0.03875 0.0825
0 0.69375 0.84875 0.04125 0.08125
0 0.8625 0.73375 0.025 0.08875
0 0.82875 0.73125 0.03875 0.08875
0 0.785 0.7325 0.03875 0.08875
0 0.74 0.72875 0.03875 0.08875
0 0.69625 0.7275 0.03875 0.08875
0 0.78875 0.62125 0.03125 0.0825
0 0.75375 0.62 0.03 0.08375
0 0.72 0.61875 0.03 0.08375
0 0.68625 0.6175 0.03 0.08375
0 0.84625 0.5025 0.0325 0.09375
0 0.8075 0.50125 0.0325 0.09375
0 0.73875 0.50375 0.0325 0.09375
0 0.43875 0.14125 0.0275 0.08125
0 0.40875 0.14125 0.0275 0.08
0 0.7725 0.50125 0.0325 0.09375