0 0.695 0.83875 0.02625 0.065
0 0.8575 0.70625 0.0325 0.0575
0 0.725 0.8375 0.025 0.065
0 0.7525 0.8375 0.02625 0.065
0 0.78125 0.8375 0.0275 0.065
0 0.81375 0.835 0.02875 0.0675
0 0.845 0.83625 0.0275 0.065
0 0.21875 0.8275 0.02875 0.10625
0 0.315 0.36125 0.03125 0.07375
0 0.2825 0.36125 0.03125 0.07375
0 0.24875 0.3625 0.03125 0.07375
0 0.215 0.36375 0.03125 0.07375
0 0.35125 0.36 0.03125 0.07375
0 0.39 0.3575 0.03125 0.07375
0 0.52625 0.36125 0.0275 0.0725
0 0.46125 0.36125 0.03125 0.07375
0 0.15625 0.805 0.03375 0.10875
0 0.16625 0.6575 0.02625 0.095
0 0.14875 0.53125 0.04625 0.075
0 0.22375 0.485 0.025 0.075
0 0.1975 0.46875 0.02375 0.11875
0 0.8625 0.34875 0.02375 0.07625
0 0.83125 0.3525 0.0275 0.0675
0 0.8 0.35375 0.0275 0.07125
0 0.7625 0.35625 0.02875 0.07125
0 0.72875 0.35 0.03125 0.0775
0 0.69375 0.3525 0.03125 0.0725
0 0.66 0.3575 0.0325 0.07
0 0.6275 0.36 0.0275 0.0725
0 0.5875 0.35875 0.0275 0.0725
0 0.5575 0.36 0.0275 0.0725
0 0.18 0.365 0.03375 0.07375
0 0.49375 0.35875 0.0275 0.0725
0 0.425 0.36 0.03125 0.07375
0 0.81125 0.22125 0.03 0.06875
0 0.6825 0.225 0.03125 0.0725
0 0.74625 0.22375 0.0275 0.0725
0 0.7875 0.08375 0.035 0.0875
0 0.75125 0.0825 0.03125 0.07875
0 0.715 0.07875 0.0325 0.08875
0 0.68125 0.085 0.0325 0.08125
0 0.645 0.08625 0.035 0.08
0 0.60625 0.09 0.035 0.0875
0 0.56875 0.09125 0.035 0.0875
0 0.15375 0.0975 0.03875 0.0925
0 0.195 0.1025 0.03875 0.08375
0 0.2375 0.10125 0.03875 0.08375
0 0.27875 0.1 0.03875 0.08375
0 0.32 0.0975 0.03875 0.08375
0 0.36 0.09875 0.03875 0.08375
0 0.4025 0.09875 0.03875 0.08375
0 0.44375 0.0975 0.03875 0.08375
0 0.48625 0.09625 0.03875 0.08375
0 0.53 0.09125 0.035 0.0875
0 0.8225 0.08 0.03 0.08125
0 0.78 0.22125 0.0275 0.075
0 0.85875 0.075 0.03125 0.085
0 0.1375 0.2275 0.025 0.10875
0 0.715 0.22375 0.02625 0.075
0 0.2525 0.48625 0.02875 0.075
0 0.64625 0.225 0.0325 0.07375
0 0.6125 0.2275 0.03 0.0725
0 0.58 0.2275 0.03 0.0725
0 0.54625 0.22625 0.03 0.0725
0 0.5125 0.22625 0.03125 0.07
0 0.4775 0.2275 0.0325 0.07125
0 0.44 0.2275 0.02875 0.0725
0 0.40625 0.22875 0.03 0.0725
0 0.375 0.22875 0.02875 0.0725
0 0.34125 0.23125 0.03 0.0725
0 0.3075 0.2325 0.03 0.0725
0 0.2725 0.23375 0.0325 0.0725
0 0.2375 0.2325 0.0275 0.07375
0 0.205 0.235 0.0275 0.06875
0 0.17 0.23625 0.02625 0.07125
0 0.8475 0.215 0.0325 0.0825
0 0.28375 0.485 0.0275 0.0725
0 0.86875 0.83625 0.0125 0.06375
0 0.34625 0.4825 0.0275 0.0725
0 0.3175 0.70625 0.02375 0.08125
0 0.34375 0.70375 0.02375 0.0825
0 0.36875 0.7025 0.02375 0.08125
0 0.3975 0.7025 0.02375 0.0825
0 0.43 0.70125 0.02375 0.08125
0 0.66375 0.8375 0.02375 0.0675
0 0.63375 0.825 0.025 0.09375
0 0.29125 0.70625 0.02125 0.08125
0 0.6025 0.82375 0.02375 0.095
0 0.5475 0.8225 0.025 0.09625
0 0.5175 0.8225 0.02625 0.09625
0 0.485 0.82375 0.02625 0.1025
0 0.44125 0.82125 0.055 0.105
0 0.39625 0.82375 0.025 0.105
0 0.36875 0.8225 0.025 0.10875
0 0.33875 0.82375 0.025 0.1075
0 0.575 0.8225 0.02375 0.095
0 0.31 0.825 0.0275 0.10625
0 0.265 0.7075 0.02125 0.08125
0 0.20625 0.70625 0.0275 0.08125
0 0.60625 0.6 0.02875 0.05625
0 0.64125 0.59875 0.03 0.06125
0 0.6725 0.59875 0.0275 0.06125
0 0.70625 0.59875 0.0275 0.06125
0 0.73625 0.59875 0.0275 0.06125
0 0.515 0.59625 0.025 0.06875
0 0.4875 0.5975 0.025 0.06875
0 0.23625 0.70625 0.02375 0.08125
0 0.45625 0.5975 0.0275 0.06875
0 0.39625 0.5975 0.0275 0.06875
0 0.31375 0.48375 0.0275 0.0725
0 0.57625 0.6 0.02625 0.05875
0 0.76875 0.59875 0.0275 0.06125
0 0.8 0.59625 0.0275 0.06125
0 0.8325 0.5975 0.0275 0.06125
0 0.86125 0.5975 0.025 0.06375
0 0.42625 0.59875 0.0275 0.06875
0 0.27875 0.8275 0.025 0.10625
0 0.54625 0.60125 0.02625 0.05875
0 0.46375 0.70125 0.02375 0.08125
0 0.76125 0.70625 0.03 0.05875
0 0.7925 0.70875 0.0275 0.06
0 0.82375 0.70875 0.0275 0.06
0 0.365 0.5975 0.0275 0.06875
0 0.33625 0.60125 0.0275 0.06875
0 0.305 0.6 0.03 0.06625
0 0.69875 0.70625 0.02875 0.06125
0 0.27 0.6 0.03 0.06625
0 0.86375 0.46875 0.02125 0.08125
0 0.8 0.47375 0.0275 0.07375
0 0.765 0.47625 0.03 0.07125
0 0.73125 0.4775 0.02875 0.07
0 0.7 0.47875 0.02875 0.0725
0 0.25 0.8275 0.025 0.10625
0 0.20375 0.6075 0.03625 0.06125
0 0.66875 0.47875 0.02875 0.0725
0 0.83375 0.4725 0.02875 0.07375
0 0.51875 0.705 0.0275 0.06875
0 0.50375 0.47875 0.03 0.0725
0 0.38 0.48125 0.0275 0.0725
0 0.49125 0.69875 0.02375 0.08125
0 0.55 0.7025 0.02875 0.07
0 0.58125 0.705 0.02875 0.07
0 0.6125 0.70375 0.02625 0.0675
0 0.6425 0.705 0.02375 0.07
0 0.67 0.70625 0.02375 0.07
0 0.47375 0.48 0.02875 0.06875
0 0.535 0.4775 0.02875 0.0725
0 0.6 0.47625 0.03 0.0725
0 0.44375 0.47875 0.0275 0.0725
0 0.635 0.47625 0.03125 0.0675
0 0.4125 0.48125 0.0275 0.0725
0 0.5675 0.4775 0.02875 0.0725