0 0.27625 0.33625 0.1225 0.02625
0 0.275 0.3075 0.12375 0.02875
0 0.7975 0.25875 0.115 0.025
0 0.79625 0.2325 0.115 0.02375
0 0.8 0.205 0.11125 0.02875
0 0.67375 0.25125 0.1275 0.03125
0 0.6725 0.21875 0.13 0.03125
0 0.53375 0.77625 0.11375 0.02125
0 0.81 0.86375 0.01375 0.01625
0 0.41625 0.75 0.11375 0.0225
0 0.415 0.77625 0.1175 0.01875
0 0.2975 0.78125 0.1125 0.01875
0 0.7975 0.81375 0.01375 0.01125
0 0.29125 0.74 0.11375 0.01375
0 0.53125 0.7275 0.11625 0.0175
0 0.4125 0.73 0.115 0.01375
0 0.8375 0.68 0.01375 0.01875
0 0.8175 0.67875 0.01875 0.01875
0 0.79875 0.8275 0.0125 0.01
0 0.7975 0.84625 0.01 0.01625
0 0.79375 0.865 0.00875 0.015
0 0.8125 0.8475 0.00875 0.01375
0 0.8275 0.845 0.01375 0.01375
0 0.8275 0.86375 0.0125 0.01875
0 0.53125 0.74875 0.1125 0.02125
0 0.2975 0.76125 0.11375 0.0175
0 0.53625 0.3375 0.12625 0.0325
0 0.85625 0.34875 0.01875 0.025
0 0.53375 0.52625 0.11625 0.0225
0 0.53375 0.55125 0.11875 0.02625
0 0.5325 0.58 0.12 0.02875
0 0.655 0.55125 0.11625 0.02625
0 0.6525 0.57875 0.1175 0.02625
0 0.76875 0.53375 0.10625 0.02375
0 0.77 0.5575 0.10625 0.02375
0 0.76625 0.58125 0.105 0.0225
0 0.28875 0.58375 0.115 0.02375
0 0.83 0.5825 0.01875 0.02125
0 0.855 0.5575 0.01875 0.02125
0 0.83375 0.5575 0.02 0.0225
0 0.835 0.5325 0.01875 0.0225
0 0.85875 0.5325 0.025 0.0225
0 0.29375 0.63875 0.1175 0.02
0 0.29625 0.66125 0.11625 0.02125
0 0.29625 0.685 0.1125 0.02125
0 0.41625 0.6825 0.12125 0.02625
0 0.8525 0.5825 0.02 0.0225
0 0.28875 0.56 0.1175 0.0225
0 0.41 0.5825 0.12125 0.02375
0 0.41125 0.55375 0.12125 0.03
0 0.5375 0.30625 0.12625 0.0275
0 0.44125 0.36375 0.05625 0.03
0 0.41 0.3325 0.06125 0.02875
0 0.3775 0.36375 0.0625 0.03125
0 0.27875 0.365 0.11875 0.02625
0 0.66875 0.305 0.1225 0.0275
0 0.66625 0.3375 0.1225 0.0325
0 0.665 0.37 0.1225 0.03125
0 0.79125 0.32 0.11375 0.03
0 0.7875 0.345 0.1175 0.02
0 0.78625 0.3725 0.11625 0.0275
0 0.8525 0.37375 0.01875 0.025
0 0.845 0.455 0.015 0.02375
0 0.865 0.45625 0.02 0.02625
0 0.84375 0.48125 0.01875 0.02125
0 0.86625 0.48125 0.0175 0.01875
0 0.28875 0.53375 0.11625 0.02625
0 0.41125 0.525 0.12125 0.01875
0 0.76 0.63375 0.10125 0.02125
0 0.41625 0.65375 0.1225 0.03125
0 0.415 0.62875 0.11625 0.0175
0 0.5375 0.63 0.11875 0.01625
0 0.53875 0.6525 0.1175 0.02625
0 0.815 0.8125 0.01375 0.01375
0 0.83 0.81125 0.01125 0.01125
0 0.83125 0.82625 0.015 0.015
0 0.8125 0.8275 0.01 0.01375
0 0.40875 0.18 0.135 0.03
0 0.40875 0.2125 0.13625 0.0325
0 0.40875 0.24875 0.13125 0.03375
0 0.5425 0.25125 0.13125 0.025
0 0.54125 0.2175 0.1275 0.03625
0 0.5425 0.185 0.12625 0.02625
0 0.675 0.1925 0.125 0.01875
0 0.535 0.47625 0.1175 0.02625
0 0.66125 0.42125 0.12 0.02375
0 0.65875 0.44625 0.12 0.0275
0 0.65875 0.4775 0.1175 0.0275
0 0.78 0.43 0.1125 0.0275
0 0.77875 0.45625 0.1125 0.025
0 0.77625 0.48 0.10875 0.02
0 0.86 0.32 0.02 0.02625
0 0.8 0.72 0.01125 0.0075
0 0.53625 0.3675 0.12875 0.02875
0 0.81875 0.72125 0.0125 0.00625
0 0.8375 0.73625 0.01 0.015
0 0.535 0.68125 0.11125 0.02375
0 0.6525 0.635 0.10875 0.02
0 0.64875 0.68125 0.10875 0.02125
0 0.75875 0.6575 0.10375 0.02
0 0.75625 0.67875 0.10125 0.02125
0 0.8225 0.6325 0.02 0.025
0 0.84375 0.6325 0.01875 0.02375
0 0.8225 0.6575 0.01875 0.0225
0 0.28125 0.425 0.12375 0.02625
0 0.64625 0.73 0.10125 0.015
0 0.2775 0.45125 0.11875 0.0225
0 0.285 0.47625 0.11875 0.025
0 0.40875 0.47625 0.1225 0.02875
0 0.40875 0.445 0.12625 0.03
0 0.4075 0.4175 0.12375 0.02375
0 0.535 0.41875 0.12625 0.02625
0 0.835 0.77375 0.01 0.01625
0 0.53625 0.4475 0.1175 0.02875
0 0.83625 0.755 0.01125 0.01625
0 0.83625 0.7225 0.01375 0.00875
0 0.845 0.655 0.02 0.02125
0 0.65125 0.65875 0.1075 0.02
0 0.27625 0.215 0.12875 0.02875
0 0.66375 0.935 0.09625 0.0625
0 0.56125 0.9375 0.1 0.06375
0 0.455 0.9425 0.10375 0.06625
0 0.34625 0.9475 0.1025 0.0675
0 0.26375 0.95 0.045 0.075
0 0.21375 0.95125 0.045 0.07625
0 0.76875 0.93375 0.09375 0.06375
0 0.155 0.95 0.05875 0.07625
0 0.30375 0.85375 0.10625 0.0175
0 0.3025 0.87625 0.10875 0.01625
0 0.41875 0.8175 0.11125 0.0175
0 0.41875 0.845 0.115 0.01875
0 0.175 0.78375 0.09875 0.0225
0 0.17375 0.75625 0.09625 0.01875
0 0.30375 0.8325 0.11 0.0225
0 0.85125 0.95 0.0475 0.015
0 0.85375 0.93125 0.0425 0.015
0 0.855 0.91375 0.0375 0.0175
0 0.27375 0.185 0.1325 0.0325
0 0.52375 0.08 0.03125 0.12
0 0.48875 0.07875 0.03625 0.12
0 0.4525 0.08375 0.03 0.11125
0 0.41875 0.075 0.03125 0.1225
0 0.38375 0.075 0.03125 0.12
0 0.35125 0.075 0.03125 0.1125
0 0.31875 0.0775 0.03 0.11
0 0.285 0.0775 0.03625 0.115
0 0.25 0.07375 0.03 0.11125
0 0.215 0.0725 0.035 0.1125
0 0.18 0.07125 0.02625 0.10125
0 0.15125 0.07 0.02875 0.10375
0 0.1725 0.8775 0.09375 0.0175
0 0.1725 0.83 0.09375 0.01625
0 0.17375 0.73375 0.0975 0.01625
0 0.16375 0.425 0.065 0.54125
0 0.1725 0.85125 0.09375 0.0175
0 0.41875 0.87 0.11 0.02
0 0.79875 0.75375 0.01375 0.015
0 0.8 0.735 0.0125 0.01
0 0.82 0.7375 0.01375 0.0175
0 0.82 0.75625 0.015 0.01375
0 0.82 0.77375 0.0175 0.01375
0 0.645 0.77625 0.10125 0.01875
0 0.8 0.7725 0.0175 0.01625
0 0.75875 0.09875 0.04 0.0675
0 0.84 0.0875 0.02625 0.085
0 0.19625 0.1825 0.0175 0.0275
0 0.2 0.21375 0.02 0.02875
0 0.19875 0.24125 0.02125 0.02375
0 0.56 0.0725 0.025 0.09
0 0.2775 0.24625 0.1275 0.03125
0 0.81125 0.08625 0.025 0.08125
0 0.7475 0.725 0.0925 0.0125
0 0.6475 0.7525 0.10125 0.015
0 0.74625 0.7575 0.09125 0.01375
0 0.53375 0.82 0.10875 0.01375
0 0.535 0.84 0.10875 0.0225
0 0.74625 0.74 0.0925 0.01125
0 0.5325 0.865 0.10875 0.02125
0 0.64125 0.8225 0.095 0.01875
0 0.6425 0.845 0.10125 0.01625
0 0.635 0.09375 0.05 0.0625
0 0.6875 0.08375 0.0225 0.085
0 0.5925 0.07625 0.03125 0.0825
0 0.71875 0.085 0.0325 0.0825
0 0.64375 0.8675 0.1 0.01625
0 0.74125 0.86375 0.08625 0.015
0 0.7425 0.8475 0.0875 0.0125
0 0.7425 0.83125 0.08625 0.015
0 0.74 0.81375 0.09125 0.0125
0 0.74625 0.775 0.0875 0.015