0 0.43375 0.55125 0.02125 0.07875
0 0.7875 0.74375 0.0475 0.015
0 0.54 0.76 0.0425 0.00875
0 0.54 0.74875 0.0425 0.01125
0 0.54 0.73 0.045 0.02125
0 0.49875 0.74375 0.035 0.05
0 0.45125 0.74875 0.035 0.06875
0 0.3975 0.75625 0.04 0.075
0 0.34375 0.7625 0.03625 0.08375
0 0.2925 0.7725 0.04375 0.09125
0 0.54 0.77375 0.03875 0.01375
0 0.23625 0.7475 0.04375 0.0275
0 0.845 0.825 0.0475 0.01375
0 0.845 0.81 0.04875 0.0125
0 0.79625 0.78625 0.04375 0.0125
0 0.8475 0.78625 0.05 0.015
0 0.79375 0.77375 0.0475 0.01375
0 0.78625 0.73 0.05125 0.01
0 0.58375 0.5625 0.02125 0.0525
0 0.56625 0.565 0.015 0.0575
0 0.245 0.7225 0.0375 0.0175
0 0.54 0.78875 0.045 0.01
0 0.5875 0.77625 0.045 0.01375
0 0.585 0.79 0.045 0.01125
0 0.54375 0.795 0.035 0.015
0 0.54 0.825 0.04375 0.00875
0 0.54125 0.81 0.0425 0.01375
0 0.49625 0.8225 0.04 0.01
0 0.49625 0.81 0.04125 0.01375
0 0.4975 0.78625 0.03875 0.0075
0 0.495 0.77625 0.04125 0.01
0 0.4525 0.82125 0.045 0.0125
0 0.4525 0.805 0.03625 0.015
0 0.45125 0.79125 0.04 0.0075
0 0.39 0.82 0.04375 0.01375
0 0.39 0.805 0.04375 0.01375
0 0.64125 0.80625 0.04625 0.01375
0 0.6425 0.825 0.04875 0.01375
0 0.595 0.82375 0.045 0.01375
0 0.6425 0.79125 0.04875 0.00875
0 0.645 0.77875 0.0425 0.01375
0 0.64375 0.76375 0.04125 0.01125
0 0.65125 0.75125 0.04625 0.01375
0 0.545 0.54625 0.02625 0.09375
0 0.7375 0.7625 0.04875 0.01125
0 0.52125 0.5475 0.02125 0.08625
0 0.47625 0.5525 0.025 0.07875
0 0.38375 0.43625 0.02125 0.07625
0 0.32125 0.43625 0.0225 0.08
0 0.3 0.43625 0.0175 0.08
0 0.2825 0.4375 0.01625 0.0825
0 0.265 0.4375 0.01625 0.08375
0 0.34875 0.65375 0.02375 0.09
0 0.37 0.65125 0.0225 0.0875
0 0.4025 0.655 0.03125 0.0825
0 0.40875 0.4375 0.02375 0.06875
0 0.43375 0.655 0.025 0.0825
0 0.49625 0.64 0.0325 0.04375
0 0.4975 0.68125 0.03375 0.03375
0 0.53125 0.65875 0.03375 0.08
0 0.56875 0.665 0.03875 0.07
0 0.605 0.6625 0.03 0.0725
0 0.64 0.6525 0.04125 0.0775
0 0.21375 0.43625 0.025 0.08
0 0.24125 0.43625 0.02875 0.0775
0 0.46125 0.6575 0.03125 0.07875
0 0.435 0.44 0.025 0.08
0 0.46125 0.44125 0.03 0.07625
0 0.485 0.43875 0.01625 0.0775
0 0.455 0.55125 0.02 0.08
0 0.4125 0.55 0.01875 0.07875
0 0.3875 0.55875 0.0225 0.0675
0 0.3675 0.55125 0.0175 0.08375
0 0.3475 0.55375 0.02125 0.085
0 0.325 0.54375 0.02375 0.1
0 0.3025 0.545 0.01875 0.09125
0 0.28375 0.54375 0.0175 0.09125
0 0.2575 0.5425 0.0275 0.085
0 0.2275 0.55625 0.02875 0.055
0 0.67125 0.44375 0.02625 0.085
0 0.6425 0.44125 0.03 0.08
0 0.6175 0.44125 0.025 0.0825
0 0.59125 0.44 0.02125 0.07625
0 0.5725 0.4425 0.015 0.07125
0 0.36375 0.42 0.01375 0.075
0 0.5525 0.43625 0.0225 0.0825
0 0.53125 0.43625 0.02 0.0825
0 0.5075 0.43375 0.02375 0.0775
0 0.5 0.54875 0.02 0.0825
0 0.69625 0.82125 0.04375 0.01
0 0.70375 0.80625 0.04125 0.01
0 0.745 0.8225 0.0425 0.01375
0 0.51125 0.30875 0.025 0.08
0 0.53875 0.31125 0.0225 0.08375
0 0.565 0.31125 0.0275 0.08625
0 0.595 0.31375 0.02125 0.08125
0 0.62375 0.31375 0.02375 0.07125
0 0.65 0.31625 0.02125 0.075
0 0.675 0.3175 0.0275 0.07375
0 0.4825 0.32375 0.03 0.04875
0 0.71 0.31875 0.02875 0.07375
0 0.80875 0.3 0.10125 0.11375
0 0.6925 0.4425 0.015 0.07375
0 0.71375 0.4425 0.0275 0.07375
0 0.74875 0.80875 0.04 0.01
0 0.54875 0.1775 0.0225 0.09375
0 0.525 0.1725 0.02375 0.085
0 0.49375 0.17625 0.02875 0.08375
0 0.73625 0.32 0.02125 0.06875
0 0.43875 0.34125 0.045 0.0225
0 0.4375 0.31125 0.045 0.0275
0 0.4375 0.2875 0.04375 0.02
0 0.59375 0.1875 0.02 0.06
0 0.57 0.1925 0.02 0.06375
0 0.62 0.175 0.03375 0.085
0 0.66125 0.17875 0.0375 0.0825
0 0.71875 0.1925 0.04 0.05625
0 0.765 0.18125 0.045 0.0775
0 0.82625 0.16625 0.06875 0.10625
0 0.18875 0.315 0.03375 0.0625
0 0.22 0.30375 0.02375 0.085
0 0.245 0.305 0.0225 0.09375
0 0.27125 0.30125 0.02375 0.0875
0 0.29625 0.30125 0.0225 0.0875
0 0.32375 0.30375 0.0275 0.085
0 0.35 0.305 0.0225 0.08625
0 0.375 0.3075 0.0275 0.08
0 0.4 0.3075 0.02125 0.08875
0 0.435 0.26125 0.04 0.025
0 0.46625 0.17875 0.025 0.07375
0 0.43875 0.175 0.0225 0.07875
0 0.7425 0.445 0.0275 0.08
0 0.3975 0.1825 0.01375 0.08125
0 0.76375 0.5625 0.04 0.08125
0 0.8025 0.56375 0.0375 0.0775
0 0.84375 0.5625 0.0425 0.0725
0 0.7125 0.65875 0.04625 0.055
0 0.7625 0.6725 0.0425 0.0725
0 0.815 0.67 0.03875 0.07875
0 0.72625 0.56 0.03375 0.07625
0 0.855 0.67125 0.04 0.065
0 0.25125 0.6525 0.0275 0.0875
0 0.27875 0.6525 0.025 0.09125
0 0.30125 0.65375 0.02 0.08875
0 0.32375 0.65375 0.02375 0.08875
0 0.79375 0.82625 0.04875 0.01125
0 0.79375 0.81125 0.04625 0.01125
0 0.415 0.17875 0.02125 0.0825
0 0.6925 0.5525 0.025 0.085
0 0.225 0.65125 0.0225 0.08875
0 0.61125 0.545 0.0375 0.08875
0 0.655 0.55125 0.04625 0.08
0 0.32625 0.1775 0.02625 0.07375
0 0.35375 0.1775 0.025 0.0725
0 0.265 0.1775 0.035 0.0725
0 0.23375 0.16875 0.025 0.0875
0 0.21125 0.1675 0.02 0.0875
0 0.3 0.1775 0.025 0.07375
0 0.37875 0.1775 0.02125 0.07125
0 0.7725 0.44875 0.0275 0.07625
0 0.8025 0.445 0.02625 0.07625
0 0.82875 0.445 0.0275 0.0725
0 0.855 0.445 0.0225 0.07125
0 0.19 0.1675 0.02125 0.085