0 0.2375 0.82375 0.035 0.02625
0 0.375 0.79375 0.035 0.0375
0 0.28125 0.8375 0.02875 0.055
0 0.3175 0.82625 0.035 0.065
0 0.34625 0.8275 0.02 0.0775
0 0.38375 0.83125 0.04875 0.02125
0 0.48125 0.82875 0.025 0.06125
0 0.42375 0.8275 0.02125 0.08125
0 0.44875 0.83 0.0225 0.06125
0 0.60875 0.8275 0.03375 0.08125
0 0.57125 0.825 0.03625 0.08
0 0.23875 0.85125 0.04 0.02375
0 0.3825 0.855 0.05125 0.02375
0 0.64625 0.58 0.02125 0.02875
0 0.24 0.59 0.03 0.06125
0 0.5825 0.58125 0.02125 0.04625
0 0.55875 0.57875 0.02125 0.04875
0 0.53875 0.5775 0.02 0.04625
0 0.51625 0.57875 0.025 0.05
0 0.48 0.58125 0.0275 0.04
0 0.45375 0.59125 0.03 0.0325
0 0.42375 0.57875 0.03125 0.0475
0 0.3675 0.5925 0.04875 0.025
0 0.3325 0.575 0.02125 0.06
0 0.3125 0.5775 0.01875 0.055
0 0.2825 0.5825 0.03375 0.0475
0 0.235 0.505 0.02875 0.04375
0 0.27125 0.49625 0.015 0.0525
0 0.63875 0.8225 0.0275 0.07875
0 0.61 0.58125 0.025 0.04375
0 0.6675 0.82625 0.02875 0.07625
0 0.6675 0.6475 0.0225 0.055
0 0.7375 0.7275 0.03125 0.04875
0 0.77375 0.56 0.01375 0.05
0 0.695 0.5825 0.0225 0.03375
0 0.6675 0.57625 0.02 0.035
0 0.77375 0.63875 0.01375 0.03875
0 0.28875 0.49625 0.02125 0.05625
0 0.64375 0.64875 0.02 0.05375
0 0.61 0.635 0.045 0.03125
0 0.60875 0.66375 0.04625 0.0225
0 0.57375 0.6475 0.02375 0.0525
0 0.55 0.65 0.015 0.05625
0 0.5275 0.655 0.0225 0.04625
0 0.4925 0.65 0.02375 0.05125
0 0.46875 0.65 0.02125 0.04875
0 0.44625 0.65 0.0225 0.05125
0 0.69625 0.8325 0.0275 0.065
0 0.4275 0.65 0.015 0.05375
0 0.39 0.65 0.0225 0.05625
0 0.345 0.65 0.025 0.05375
0 0.315 0.65 0.0225 0.05375
0 0.29625 0.64875 0.01375 0.05125
0 0.2775 0.6525 0.02375 0.05125
0 0.33875 0.7225 0.03625 0.045
0 0.38625 0.72375 0.0375 0.045
0 0.455 0.7225 0.0375 0.05125
0 0.49125 0.72125 0.03375 0.05375
0 0.5325 0.71875 0.04125 0.05125
0 0.6175 0.72625 0.03 0.04375
0 0.6475 0.72625 0.03 0.0425
0 0.67625 0.725 0.0275 0.04625
0 0.705 0.72375 0.02875 0.045
0 0.41 0.65 0.015 0.05625
0 0.31125 0.49375 0.0125 0.0475
0 0.52125 0.43 0.0325 0.04625
0 0.355 0.505 0.02375 0.0525
0 0.28875 0.34875 0.025 0.05125
0 0.31625 0.35 0.0275 0.05375
0 0.3425 0.3475 0.015 0.05625
0 0.3625 0.34875 0.025 0.05375
0 0.38625 0.35 0.02125 0.05
0 0.40875 0.34875 0.02375 0.0475
0 0.4325 0.3475 0.0225 0.04875
0 0.45625 0.35 0.0225 0.0525
0 0.515 0.35875 0.03875 0.03
0 0.5475 0.34875 0.02375 0.04875
0 0.57125 0.35 0.02 0.04875
0 0.6025 0.35125 0.02375 0.04875
0 0.62625 0.34875 0.02 0.05125
0 0.64875 0.3475 0.02375 0.05
0 0.26375 0.3475 0.02375 0.05125
0 0.67375 0.34875 0.0225 0.05
0 0.72 0.34625 0.025 0.05
0 0.7425 0.34875 0.02125 0.05375
0 0.76625 0.34875 0.02375 0.05375
0 0.27125 0.25125 0.03625 0.0375
0 0.31125 0.255 0.03375 0.035
0 0.3475 0.2525 0.03625 0.03875
0 0.3775 0.25375 0.0225 0.03875
0 0.39625 0.25375 0.015 0.03375
0 0.44 0.2625 0.07625 0.0175
0 0.44 0.24375 0.07625 0.0175
0 0.515 0.26625 0.07125 0.015
0 0.51375 0.2475 0.07125 0.0225
0 0.57 0.255 0.0325 0.03875
0 0.60375 0.255 0.03375 0.03875
0 0.69625 0.35 0.02 0.0425
0 0.33 0.50375 0.02375 0.05375
0 0.755 0.43625 0.0225 0.0325
0 0.685 0.4375 0.045 0.025
0 0.3775 0.50625 0.02 0.05375
0 0.4 0.505 0.02125 0.05625
0 0.4225 0.50375 0.02375 0.05375
0 0.45625 0.505 0.01875 0.05
0 0.475 0.50375 0.0175 0.0475
0 0.4975 0.5125 0.01875 0.0325
0 0.52125 0.51375 0.02625 0.035
0 0.54375 0.5125 0.015 0.0375
0 0.55875 0.51125 0.0125 0.03875
0 0.57875 0.51 0.02625 0.04125
0 0.60625 0.50625 0.02625 0.05125
0 0.63375 0.5075 0.015 0.045
0 0.65375 0.5075 0.02375 0.04375
0 0.68 0.50625 0.0275 0.0475
0 0.725 0.43625 0.035 0.02375
0 0.70625 0.50625 0.015 0.045
0 0.74875 0.50375 0.04 0.05
0 0.2425 0.445 0.0325 0.0275
0 0.26875 0.43 0.01875 0.04375
0 0.29 0.43 0.02125 0.04625
0 0.37125 0.42625 0.02 0.05
0 0.39125 0.42625 0.01875 0.05125
0 0.41125 0.4275 0.01875 0.0525
0 0.43375 0.4275 0.02375 0.05
0 0.45875 0.42875 0.02125 0.04875
0 0.4875 0.43 0.0325 0.04625
0 0.54875 0.43 0.02 0.04625
0 0.57 0.42875 0.02125 0.045
0 0.6 0.42875 0.02125 0.0425
0 0.64375 0.43625 0.03625 0.02875
0 0.7225 0.50875 0.01375 0.0425
0 0.64 0.25375 0.03875 0.03625
0 0.71875 0.5825 0.0225 0.03375
0 0.74625 0.58375 0.03125 0.03375