0 0.62625 0.39875 0.02625 0.04375
0 0.33875 0.27125 0.04125 0.11125
0 0.38125 0.28125 0.0275 0.08125
0 0.41375 0.2775 0.0275 0.08375
0 0.63 0.2625 0.02375 0.08125
0 0.60375 0.26375 0.0175 0.08125
0 0.57 0.81625 0.0225 0.085
0 0.59875 0.81 0.01375 0.0775
0 0.225 0.28375 0.0675 0.11875
0 0.62875 0.795 0.02125 0.0675
0 0.52875 0.2625 0.0325 0.095
0 0.57 0.27 0.03375 0.07
0 0.7125 0.27625 0.015 0.04125
0 0.6925 0.2775 0.01375 0.04125
0 0.67125 0.26625 0.0225 0.065
0 0.73625 0.27375 0.025 0.0425
0 0.7675 0.2725 0.0275 0.045
0 0.665 0.79125 0.0325 0.03625
0 0.8475 0.44375 0.015 0.055
0 0.15375 0.3025 0.04875 0.07375
0 0.30125 0.27375 0.02875 0.115
0 0.44375 0.75125 0.02125 0.0675
0 0.46875 0.75125 0.025 0.04375
0 0.4975 0.7525 0.02125 0.03
0 0.52125 0.7425 0.02125 0.02625
0 0.35875 0.78375 0.0475 0.07375
0 0.41 0.76375 0.0425 0.0775
0 0.21 0.85375 0.06125 0.06375
0 0.2725 0.295 0.02125 0.075
0 0.27875 0.96375 0.02875 0.07125
0 0.36625 0.93375 0.055 0.06
0 0.4325 0.90875 0.05375 0.05375
0 0.47375 0.86875 0.02375 0.07
0 0.5025 0.8475 0.01125 0.07125
0 0.5375 0.8525 0.02875 0.05625
0 0.55 0.51 0.03125 0.0675
0 0.44 0.53625 0.02625 0.06875
0 0.31375 0.9575 0.0225 0.0775
0 0.5725 0.72125 0.0225 0.02875
0 0.82875 0.44375 0.01125 0.0575
0 0.84 0.37375 0.0125 0.02375
0 0.64125 0.5825 0.01625 0.0675
0 0.6175 0.59 0.02 0.06875
0 0.58 0.60625 0.025 0.05625
0 0.6625 0.1475 0.01875 0.06875
0 0.64 0.12875 0.02 0.09875
0 0.775 0.64125 0.02875 0.0275
0 0.80625 0.62375 0.02125 0.0375
0 0.66125 0.5975 0.0125 0.03125
0 0.83375 0.61375 0.01375 0.035
0 0.47125 0.5275 0.0275 0.065
0 0.16125 0.10625 0.07125 0.135
0 0.24125 0.1025 0.0825 0.12875
0 0.33 0.11375 0.08625 0.1225
0 0.415 0.12 0.03875 0.11125
0 0.48625 0.12 0.08125 0.11
0 0.54 0.13125 0.01625 0.085
0 0.5025 0.52375 0.03125 0.0725
0 0.8525 0.37125 0.01125 0.02125
0 0.685 0.5775 0.02375 0.0475
0 0.79125 0.72125 0.02875 0.06125
0 0.7025 0.77625 0.02375 0.0475
0 0.72875 0.74125 0.02125 0.07625
0 0.80625 0.4625 0.025 0.07125
0 0.81625 0.3675 0.025 0.07625
0 0.81625 0.1575 0.02875 0.0925
0 0.80625 0.265 0.0225 0.08625
0 0.8575 0.2625 0.01125 0.05375
0 0.68875 0.1425 0.02125 0.08625
0 0.84125 0.26 0.0125 0.05
0 0.84875 0.1525 0.03 0.07625
0 0.6575 0.39375 0.0175 0.045
0 0.78 0.15 0.01875 0.07875
0 0.7575 0.14875 0.01625 0.07875
0 0.735 0.1475 0.0175 0.07875
0 0.7125 0.14625 0.01625 0.085
0 0.7575 0.73375 0.03 0.06625
0 0.8275 0.265 0.01 0.045
0 0.58625 0.155 0.02625 0.04375
0 0.54375 0.71875 0.02125 0.05375
0 0.66875 0.685 0.02 0.025
0 0.27875 0.56125 0.03125 0.105
0 0.3125 0.5725 0.0275 0.05375
0 0.34375 0.56125 0.02625 0.0725
0 0.3775 0.55 0.03625 0.06375
0 0.8675 0.6875 0.01375 0.04875
0 0.84875 0.6975 0.02 0.05125
0 0.62625 0.68625 0.01875 0.05125
0 0.16 0.43 0.04625 0.10625
0 0.23125 0.445 0.0725 0.1175
0 0.6475 0.69125 0.0175 0.02625
0 0.6925 0.6625 0.02 0.045
0 0.75 0.65375 0.01625 0.02375
0 0.7175 0.65375 0.0175 0.05125
0 0.31375 0.4375 0.03625 0.07125
0 0.3475 0.41625 0.02625 0.1075
0 0.3775 0.4175 0.02875 0.095
0 0.41 0.41375 0.02625 0.0925
0 0.44375 0.43 0.03125 0.04875
0 0.4825 0.41 0.035 0.075
0 0.51875 0.405 0.02875 0.07
0 0.58375 0.40375 0.03625 0.045
0 0.7325 0.375 0.0175 0.05625
0 0.71 0.3775 0.0175 0.055
0 0.685 0.37875 0.0225 0.06125
0 0.28 0.425 0.0175 0.115
0 0.8625 0.5975 0.02 0.0475
0 0.61625 0.15625 0.025 0.0425
0 0.175 0.61125 0.04375 0.06375
0 0.4125 0.6675 0.03875 0.03625
0 0.2325 0.5975 0.05625 0.1
0 0.47375 0.63625 0.02125 0.06125
0 0.4975 0.62875 0.02125 0.07
0 0.5275 0.625 0.02 0.06125
0 0.55375 0.615 0.02125 0.05375
0 0.755 0.38125 0.01375 0.0325
0 0.78125 0.3675 0.02 0.0525
0 0.7575 0.35625 0.01875 0.01
0 0.77125 0.45625 0.02125 0.06375
0 0.705 0.47 0.02 0.07
0 0.7275 0.4675 0.015 0.0575
0 0.74875 0.46625 0.01875 0.0525
0 0.65125 0.48 0.01875 0.075
0 0.6775 0.475 0.02625 0.0725
0 0.37 0.6825 0.035 0.04125
0 0.74375 0.55875 0.01875 0.0475
0 0.4475 0.64375 0.025 0.06875
0 0.8575 0.525 0.03375 0.035
0 0.8125 0.54 0.015 0.05375
0 0.79125 0.54375 0.01875 0.05
0 0.7675 0.5525 0.0225 0.045
0 0.3275 0.67625 0.035 0.0925
0 0.27625 0.69875 0.055 0.085
0 0.20875 0.715 0.05375 0.09125
0 0.1525 0.72875 0.035 0.1