0 0.76875 0.0925 0.02 0.06375
0 0.62375 0.175 0.045 0.01875
0 0.725 0.02875 0.01625 0.04875
0 0.7675 0.20375 0.025 0.04375
0 0.71625 0.20875 0.05625 0.04
0 0.65375 0.21 0.05125 0.035
0 0.5925 0.2125 0.0525 0.03125
0 0.74625 0.02875 0.02125 0.04625
0 0.4125 0.2025 0.0525 0.03125
0 0.3075 0.195 0.02125 0.045
0 0.35125 0.2025 0.055 0.0325
0 0.34875 0.16375 0.05625 0.0325
0 0.4725 0.20625 0.05625 0.03
0 0.47 0.1675 0.0525 0.0325
0 0.74375 0.10375 0.01875 0.065
0 0.53 0.20875 0.05 0.0325
0 0.5325 0.1675 0.0625 0.0325
0 0.2775 0.195 0.0275 0.0475
0 0.72125 0.10125 0.0175 0.0625
0 0.31875 0.09375 0.04625 0.03625
0 0.675 0.0975 0.02125 0.06125
0 0.26625 0.2625 0.05875 0.02875
0 0.7225 0.78125 0.015 0.02875
0 0.27 0.01375 0.0525 0.02125
0 0.32625 0.01375 0.04375 0.02625
0 0.26125 0.04875 0.0425 0.04
0 0.32125 0.05 0.05125 0.03625
0 0.37875 0.05125 0.04375 0.04
0 0.265 0.095 0.04625 0.0425
0 0.69875 0.10125 0.02375 0.0675
0 0.37375 0.0975 0.0525 0.035
0 0.435 0.06125 0.055 0.0325
0 0.4925 0.06125 0.05 0.04
0 0.49125 0.1075 0.0525 0.0375
0 0.53 0.085 0.01375 0.06875
0 0.55 0.085 0.01625 0.06
0 0.58125 0.09125 0.03625 0.07
0 0.6175 0.095 0.02375 0.07125
0 0.645 0.095 0.0225 0.0675
0 0.43 0.10375 0.05125 0.0375
0 0.2675 0.295 0.0625 0.02375
0 0.75625 0.79125 0.025 0.03625
0 0.4225 0.64 0.03125 0.05625
0 0.24125 0.57125 0.04375 0.02
0 0.23875 0.595 0.04 0.0225
0 0.3875 0.56375 0.03375 0.02625
0 0.4375 0.57 0.0375 0.0375
0 0.465 0.63375 0.03875 0.045
0 0.25 0.65875 0.04 0.0325
0 0.47625 0.5775 0.035 0.03
0 0.29625 0.665 0.03625 0.02875
0 0.34 0.6625 0.035 0.0325
0 0.38125 0.6525 0.035 0.0425
0 0.38625 0.61875 0.0325 0.01875
0 0.51375 0.655 0.04125 0.0225
0 0.515 0.63 0.04 0.0225
0 0.5575 0.6525 0.0425 0.02375
0 0.2975 0.63125 0.03625 0.025
0 0.6125 0.6525 0.04625 0.0225
0 0.5175 0.57125 0.0375 0.0325
0 0.585 0.5675 0.025 0.04
0 0.2325 0.5125 0.025 0.03375
0 0.2925 0.51375 0.0575 0.04125
0 0.355 0.51 0.0525 0.04125
0 0.4075 0.51125 0.04 0.03625
0 0.46 0.50625 0.05 0.0375
0 0.52875 0.515 0.05 0.03625
0 0.5575 0.5675 0.02375 0.0425
0 0.59 0.5025 0.04875 0.03125
0 0.69 0.505 0.0375 0.03875
0 0.7375 0.505 0.0425 0.0375
0 0.77125 0.5075 0.01875 0.0275
0 0.71 0.57 0.035 0.02875
0 0.67 0.5725 0.035 0.03125
0 0.6275 0.57 0.03625 0.03625
0 0.64375 0.51125 0.04875 0.03125
0 0.61 0.625 0.05125 0.02375
0 0.66 0.64875 0.04125 0.0225
0 0.7 0.63875 0.03 0.0475
0 0.2925 0.82625 0.0225 0.01625
0 0.34125 0.80625 0.015 0.0575
0 0.3775 0.8225 0.05125 0.02
0 0.41375 0.8025 0.01375 0.0575
0 0.43125 0.7975 0.01625 0.05875
0 0.45875 0.81375 0.03 0.035
0 0.315 0.81625 0.015 0.01125
0 0.4975 0.79375 0.03 0.02125
0 0.54875 0.81375 0.03875 0.02375
0 0.54875 0.78125 0.03875 0.02625
0 0.5875 0.8075 0.02875 0.025
0 0.6225 0.79125 0.03 0.0225
0 0.665 0.7975 0.03125 0.0325
0 0.69875 0.78375 0.0275 0.05375
0 0.5075 0.8225 0.03 0.03125
0 0.3175 0.7875 0.02 0.035
0 0.29375 0.78625 0.02375 0.0225
0 0.265 0.79375 0.02125 0.01625
0 0.735 0.63875 0.0275 0.04125
0 0.765 0.6425 0.03 0.035
0 0.76875 0.7125 0.0225 0.04125
0 0.74125 0.70625 0.025 0.045
0 0.71125 0.71 0.02625 0.04
0 0.67 0.7125 0.0275 0.0375
0 0.63625 0.7125 0.03 0.0425
0 0.58625 0.71625 0.02875 0.0375
0 0.5425 0.71625 0.0225 0.04875
0 0.50375 0.71875 0.03 0.04875
0 0.4675 0.71625 0.03 0.05
0 0.41875 0.72125 0.03 0.05
0 0.39 0.715 0.02125 0.03625
0 0.36125 0.71375 0.02875 0.0375
0 0.23125 0.81125 0.025 0.0225
0 0.385 0.4175 0.0375 0.09
0 0.33875 0.4225 0.02125 0.06375
0 0.23125 0.41625 0.0225 0.0925
0 0.28375 0.42625 0.02 0.06375
0 0.31 0.4225 0.02125 0.06375
0 0.27125 0.32875 0.0575 0.02875
0 0.3325 0.32875 0.0525 0.02875
0 0.3925 0.33125 0.05625 0.025
0 0.39 0.29625 0.06125 0.035
0 0.525 0.31 0.02 0.0625
0 0.55125 0.3125 0.02625 0.06875
0 0.59125 0.30625 0.02875 0.08
0 0.62 0.305 0.02375 0.07875
0 0.6525 0.30125 0.0275 0.08
0 0.68375 0.30375 0.02875 0.085
0 0.7175 0.29875 0.02875 0.08875
0 0.75375 0.29625 0.0325 0.08375
0 0.73 0.4125 0.03 0.08625
0 0.48375 0.31 0.04625 0.075
0 0.7025 0.42625 0.01625 0.05875
0 0.76375 0.4175 0.03125 0.08625
0 0.59375 0.4225 0.0475 0.02375
0 0.5975 0.39125 0.04625 0.02625
0 0.5425 0.39 0.05 0.03125
0 0.53875 0.42125 0.05 0.02375
0 0.5925 0.45 0.04875 0.02375
0 0.48625 0.45 0.04875 0.025
0 0.47625 0.41625 0.05375 0.03625
0 0.63 0.4275 0.01875 0.0575
0 0.655 0.42875 0.0175 0.05625
0 0.67875 0.425 0.02125 0.0575
0 0.5375 0.45 0.05 0.02375