0 0.19 0.67 0.015 0.09125
0 0.17375 0.6725 0.0175 0.085
0 0.8325 0.49375 0.02375 0.09125
0 0.6725 0.5125 0.0125 0.08625
0 0.215 0.66625 0.01625 0.08
0 0.6925 0.51125 0.0125 0.0875
0 0.7075 0.5125 0.0125 0.08875
0 0.72125 0.505 0.01125 0.08875
0 0.8 0.5 0.02125 0.0925
0 0.23 0.665 0.01375 0.0825
0 0.34375 0.6775 0.01625 0.08875
0 0.27125 0.70125 0.0175 0.0925
0 0.2875 0.70125 0.015 0.09
0 0.31125 0.68625 0.015 0.08875
0 0.3275 0.68125 0.015 0.0975
0 0.375 0.65625 0.0175 0.08
0 0.76375 0.5 0.02375 0.08875
0 0.39 0.65625 0.01125 0.07875
0 0.4075 0.66375 0.01125 0.08375
0 0.42 0.66375 0.015 0.0825
0 0.25375 0.69875 0.015 0.09875
0 0.735 0.505 0.015 0.09125
0 0.63 0.7975 0.01125 0.0875
0 0.48625 0.59 0.08625 0.01375
0 0.225 0.84375 0.015 0.09
0 0.21 0.8425 0.01375 0.09375
0 0.165 0.85875 0.0175 0.095
0 0.14875 0.86 0.01375 0.09875
0 0.13625 0.86125 0.01125 0.095
0 0.8625 0.6575 0.025 0.0925
0 0.82625 0.6525 0.0175 0.08375
0 0.79125 0.655 0.0225 0.08125
0 0.7625 0.655 0.02625 0.085
0 0.7325 0.6575 0.02125 0.0825
0 0.70125 0.66875 0.0325 0.0725
0 0.2425 0.845 0.0175 0.09
0 0.67375 0.65875 0.0125 0.08
0 0.64625 0.66125 0.0125 0.0825
0 0.635 0.66 0.00875 0.085
0 0.60875 0.65625 0.01375 0.0875
0 0.595 0.6575 0.01 0.08375
0 0.56875 0.6575 0.0125 0.07625
0 0.555 0.6575 0.01125 0.0775
0 0.53125 0.66 0.0125 0.0775
0 0.51875 0.66 0.01125 0.08125
0 0.49875 0.6575 0.01125 0.0775
0 0.48875 0.65625 0.0075 0.08125
0 0.48 0.6525 0.00875 0.07625
0 0.6625 0.66 0.00875 0.0775
0 0.76375 0.58875 0.1025 0.015
0 0.27125 0.83125 0.01625 0.0875
0 0.30375 0.83375 0.01875 0.0875
0 0.57875 0.83375 0.0125 0.08
0 0.55125 0.88625 0.07 0.01625
0 0.86625 0.79625 0.0175 0.07125
0 0.815 0.80375 0.02125 0.085
0 0.78125 0.805 0.01875 0.07875
0 0.73875 0.795 0.02 0.0775
0 0.71875 0.78875 0.02 0.06625
0 0.6875 0.84875 0.015 0.09875
0 0.67125 0.8475 0.015 0.09625
0 0.655 0.8475 0.01625 0.09625
0 0.66 0.5125 0.00875 0.085
0 0.28625 0.8325 0.01375 0.08375
0 0.60875 0.85 0.03 0.0875
0 0.5575 0.79375 0.01125 0.0825
0 0.5475 0.795 0.01 0.08
0 0.5375 0.795 0.0075 0.08
0 0.52875 0.795 0.00875 0.08
0 0.5075 0.82375 0.0125 0.0825
0 0.495 0.82 0.0125 0.0875
0 0.48 0.8175 0.015 0.0825
0 0.46625 0.81625 0.01125 0.0875
0 0.44 0.84125 0.015 0.09875
0 0.425 0.835 0.01125 0.0875
0 0.4125 0.83375 0.01125 0.09
0 0.35 0.8325 0.05875 0.1225
0 0.63625 0.52125 0.02375 0.09125
0 0.45 0.66375 0.01625 0.085
0 0.57625 0.5125 0.01875 0.09375
0 0.69 0.21 0.01375 0.105
0 0.675 0.21 0.01625 0.105
0 0.65875 0.2125 0.015 0.10625
0 0.6475 0.21375 0.0075 0.10125
0 0.5175 0.3725 0.0075 0.0975
0 0.545 0.36625 0.015 0.09875
0 0.55875 0.365 0.01 0.09875
0 0.58375 0.3625 0.01 0.09
0 0.59375 0.3625 0.01 0.09
0 0.61875 0.36125 0.01875 0.09625
0 0.6475 0.36375 0.01375 0.10375
0 0.66375 0.365 0.015 0.10125
0 0.73125 0.35 0.0125 0.10125
0 0.74375 0.35125 0.0125 0.09875
0 0.76125 0.3575 0.01125 0.09375
0 0.7725 0.35375 0.01125 0.09875
0 0.79875 0.355 0.00875 0.10125
0 0.715 0.22 0.01625 0.115
0 0.735 0.21625 0.02 0.12375
0 0.77125 0.20375 0.025 0.10125
0 0.79875 0.21125 0.01125 0.10375
0 0.60125 0.51 0.01875 0.0925
0 0.46875 0.65125 0.01125 0.0775
0 0.505 0.37375 0.01625 0.095
0 0.475 0.35875 0.01125 0.09125
0 0.46125 0.36125 0.01625 0.0875
0 0.4425 0.365 0.01 0.09375
0 0.43 0.36625 0.015 0.09125
0 0.40375 0.36375 0.01 0.09875
0 0.80875 0.355 0.01 0.1
0 0.38875 0.365 0.015 0.095
0 0.34125 0.365 0.0225 0.10375
0 0.3175 0.3675 0.02 0.1025
0 0.2775 0.36625 0.0225 0.10625
0 0.235 0.37375 0.01125 0.09875
0 0.19875 0.355 0.01375 0.105
0 0.1825 0.35625 0.0175 0.1
0 0.85 0.205 0.02375 0.10625
0 0.81375 0.205 0.0175 0.115
0 0.36625 0.3625 0.0225 0.1
0 0.81875 0.35375 0.00875 0.09625
0 0.2475 0.3725 0.0125 0.10125
0 0.86875 0.34 0.01125 0.09375
0 0.2225 0.50875 0.01125 0.0825
0 0.235 0.50625 0.01375 0.08875
0 0.2575 0.51625 0.01 0.0875
0 0.26875 0.5175 0.01125 0.08625
0 0.315 0.51625 0.0125 0.0925
0 0.32625 0.51625 0.00875 0.09
0 0.335 0.5175 0.0075 0.09125
0 0.345 0.5175 0.01 0.09125
0 0.1875 0.515 0.01125 0.08875
0 0.37125 0.51875 0.015 0.09
0 0.4175 0.51875 0.01 0.0925
0 0.43 0.52 0.0125 0.0925
0 0.495 0.5175 0.01375 0.085
0 0.52375 0.525 0.01625 0.0975
0 0.46625 0.5075 0.0225 0.0925
0 0.5425 0.50875 0.01375 0.0875
0 0.845 0.34375 0.015 0.1
0 0.55625 0.5075 0.01125 0.09125
0 0.3825 0.5175 0.0075 0.09125
0 0.12875 0.2125 0.00625 0.10375
0 0.395 0.5175 0.015 0.08875
0 0.1825 0.21375 0.015 0.0975
0 0.145 0.5175 0.0125 0.09
0 0.1325 0.51875 0.0125 0.08625
0 0.1425 0.21125 0.02 0.1
0 0.17625 0.51375 0.01 0.09125
0 0.6175 0.2175 0.01625 0.0975
0 0.595 0.20875 0.0125 0.10125
0 0.5325 0.20875 0.01625 0.1075
0 0.48875 0.21625 0.02 0.10375
0 0.45375 0.2125 0.02 0.10375
0 0.58125 0.20875 0.01375 0.10125
0 0.3675 0.21 0.015 0.11
0 0.1975 0.21375 0.01375 0.0975
0 0.23125 0.22125 0.02375 0.10375
0 0.26625 0.2225 0.01 0.105
0 0.41125 0.2175 0.02875 0.10375
0 0.2975 0.22375 0.01625 0.10625
0 0.27625 0.22125 0.01 0.10875
0 0.3125 0.22125 0.01375 0.1075
0 0.35125 0.21125 0.0175 0.11125