0 0.2225 0.08625 0.04875 0.025
0 0.225 0.0525 0.04375 0.03
0 0.1775 0.0575 0.04625 0.02375
0 0.35125 0.78625 0.0425 0.03125
0 0.17125 0.6175 0.085 0.00875
0 0.3575 0.825 0.0375 0.03125
0 0.45 0.82 0.04 0.03375
0 0.4025 0.80375 0.04625 0.06875
0 0.1375 0.76125 0.02375 0.05
0 0.135 0.81625 0.01875 0.04125
0 0.17875 0.8175 0.05625 0.0425
0 0.2475 0.79625 0.06625 0.06625
0 0.18875 0.7575 0.04625 0.0525
0 0.31 0.83 0.03875 0.03875
0 0.25375 0.605 0.04375 0.01375
0 0.31625 0.775 0.025 0.02125
0 0.37 0.91875 0.0375 0.0325
0 0.40375 0.8825 0.03 0.02875
0 0.66375 0.04375 0.05875 0.04875
0 0.62875 0.91875 0.0925 0.03375
0 0.73125 0.92375 0.09875 0.0325
0 0.63625 0.87625 0.065 0.03
0 0.735 0.045 0.0575 0.04875
0 0.4925 0.8175 0.03875 0.03375
0 0.56 0.77 0.1 0.01625
0 0.57125 0.8225 0.10625 0.0375
0 0.6625 0.82125 0.0725 0.0375
0 0.7425 0.81 0.0675 0.03625
0 0.17875 0.87 0.08125 0.03375
0 0.1825 0.92 0.075 0.04625
0 0.26375 0.92625 0.07625 0.04875
0 0.25625 0.865 0.0575 0.02375
0 0.32875 0.8875 0.03625 0.02875
0 0.33 0.92 0.03375 0.0225
0 0.3675 0.88375 0.03125 0.0275
0 0.60125 0.04625 0.05375 0.04375
0 0.40625 0.9175 0.0225 0.0325
0 0.5425 0.04375 0.06125 0.05
0 0.46875 0.04375 0.0475 0.04875
0 0.4625 0.8875 0.075 0.01875
0 0.45875 0.925 0.07375 0.0375
0 0.53875 0.9175 0.07125 0.03375
0 0.5425 0.8775 0.07625 0.03
0 0.225 0.1825 0.05 0.04375
0 0.17125 0.185 0.055 0.0375
0 0.8375 0.00875 0.05 0.00875
0 0.845 0.0425 0.0225 0.0475
0 0.7125 0.0125 0.055 0.00875
0 0.775 0.01 0.045 0.01625
0 0.795 0.04625 0.055 0.04375
0 0.5375 0.00875 0.0525 0.0125
0 0.59625 0.00875 0.05125 0.01625
0 0.1725 0.08875 0.04875 0.0225
0 0.135 0.08875 0.02 0.02375
0 0.3475 0.035 0.0475 0.0675
0 0.405 0.035 0.06125 0.065
0 0.47625 0.0075 0.05 0.01125
0 0.285 0.03875 0.0625 0.06
0 0.535 0.51375 0.0525 0.03625
0 0.75875 0.72125 0.06375 0.01375
0 0.2275 0.3275 0.06 0.04875
0 0.17 0.33 0.04875 0.04125
0 0.135 0.32875 0.01875 0.0375
0 0.2875 0.2925 0.04125 0.03625
0 0.28625 0.2525 0.04 0.0375
0 0.3325 0.2925 0.04 0.035
0 0.33 0.25375 0.03875 0.03875
0 0.3325 0.2225 0.04 0.01875
0 0.37875 0.29125 0.0425 0.03875
0 0.37625 0.25375 0.0425 0.03
0 0.425 0.29625 0.04375 0.035
0 0.42875 0.2625 0.035 0.02125
0 0.47625 0.265 0.04 0.01625
0 0.23625 0.375 0.06125 0.04125
0 0.47625 0.295 0.0425 0.03375
0 0.6975 0.4975 0.03 0.0525
0 0.65 0.49125 0.04 0.05125
0 0.5975 0.51 0.05875 0.04625
0 0.57375 0.4625 0.04 0.035
0 0.5225 0.465 0.05625 0.035
0 0.52 0.26125 0.04 0.02
0 0.58125 0.28625 0.0525 0.05
0 0.63125 0.25125 0.04375 0.0125
0 0.86625 0.2975 0.01625 0.01875
0 0.8325 0.30125 0.045 0.0125
0 0.825 0.2625 0.0125 0.00875
0 0.80125 0.2625 0.02 0.01125
0 0.79375 0.6125 0.025 0.0425
0 0.52625 0.2925 0.04875 0.03625
0 0.13125 0.375 0.0125 0.04875
0 0.17125 0.37625 0.05125 0.04375
0 0.29875 0.40375 0.03375 0.0475
0 0.46375 0.51375 0.06625 0.035
0 0.39375 0.515 0.065 0.03125
0 0.3 0.51375 0.0375 0.04
0 0.34125 0.5125 0.03625 0.035
0 0.35 0.4675 0.03 0.0375
0 0.305 0.47 0.0425 0.04
0 0.18375 0.52875 0.06 0.04375
0 0.245 0.52875 0.055 0.04625
0 0.2525 0.48 0.05 0.04125
0 0.18875 0.4775 0.05875 0.0475
0 0.13125 0.48125 0.0125 0.0425
0 0.13875 0.53 0.025 0.0425
0 0.7125 0.35875 0.02 0.03125
0 0.76 0.3575 0.06125 0.025
0 0.79125 0.3975 0.0225 0.045
0 0.73875 0.39875 0.06875 0.04375
0 0.67875 0.40375 0.04875 0.0325
0 0.63 0.40875 0.045 0.03125
0 0.675 0.36375 0.04875 0.03625
0 0.62375 0.37 0.04625 0.03375
0 0.57875 0.41 0.05 0.0375
0 0.52375 0.405 0.04625 0.035
0 0.55125 0.37125 0.03375 0.02625
0 0.515 0.37 0.03375 0.02625
0 0.465 0.4075 0.06375 0.03625
0 0.465 0.37125 0.06 0.0275
0 0.4025 0.37125 0.05375 0.02875
0 0.39875 0.405 0.06375 0.03375
0 0.33875 0.4 0.03875 0.0475
0 0.85 0.60375 0.04625 0.0225
0 0.1375 0.055 0.025 0.03125
0 0.39125 0.585 0.04375 0.01375
0 0.52625 0.615 0.06375 0.0475
0 0.3225 0.68125 0.06125 0.0275
0 0.3875 0.67625 0.0625 0.0275
0 0.34625 0.13625 0.0375 0.02875
0 0.38875 0.72125 0.05875 0.03375
0 0.63625 0.285 0.05125 0.05125
0 0.7725 0.255 0.035 0.02
0 0.78375 0.28875 0.0425 0.03875
0 0.73375 0.28875 0.04875 0.04125
0 0.73 0.24625 0.045 0.0375
0 0.6825 0.2475 0.03875 0.03625
0 0.855 0.165 0.0375 0.0525
0 0.80375 0.14875 0.06375 0.08875
0 0.74125 0.17 0.04 0.03875
0 0.6975 0.15 0.02875 0.02
0 0.68 0.17875 0.035 0.03
0 0.625 0.17125 0.045 0.04125
0 0.58125 0.1725 0.01875 0.015
0 0.23 0.66375 0.08375 0.055
0 0.1525 0.6625 0.05375 0.05875
0 0.785 0.51625 0.0275 0.03125
0 0.4825 0.175 0.045 0.0425
0 0.43375 0.17625 0.03875 0.035
0 0.39125 0.175 0.04125 0.0325
0 0.28875 0.17625 0.06875 0.03125
0 0.34625 0.175 0.04125 0.04
0 0.455 0.60125 0.07125 0.06875
0 0.3875 0.1375 0.04 0.03125
0 0.59625 0.61375 0.06875 0.04625
0 0.66625 0.615 0.06625 0.0425
0 0.74125 0.61875 0.075 0.035
0 0.5525 0.1675 0.0275 0.02625
0 0.43375 0.13875 0.04 0.03375
0 0.37625 0.62375 0.06375 0.0325
0 0.1625 0.23 0.0575 0.04875
0 0.31375 0.615 0.05875 0.035
0 0.76 0.7025 0.05625 0.01625
0 0.76 0.67625 0.05625 0.01875
0 0.6875 0.69625 0.06875 0.07375
0 0.61875 0.695 0.0625 0.075
0 0.53375 0.67625 0.08 0.0325
0 0.545 0.71625 0.07625 0.03375
0 0.46125 0.72125 0.0775 0.03875
0 0.31625 0.72625 0.065 0.03125
0 0.22625 0.23125 0.05625 0.04125