0 0.38375 0.8275 0.045 0.085
0 0.29375 0.83375 0.0375 0.0925
0 0.7575 0.60125 0.0325 0.07
0 0.80875 0.12875 0.05375 0.0775
0 0.2875 0.5 0.0375 0.07125
0 0.32875 0.495 0.0425 0.0825
0 0.365 0.49375 0.02875 0.08
0 0.4 0.495 0.03625 0.08
0 0.4375 0.4925 0.04 0.085
0 0.47625 0.49125 0.03625 0.08125
0 0.55 0.4975 0.035 0.0675
0 0.44 0.82625 0.0625 0.0875
0 0.5875 0.49875 0.04 0.0675
0 0.6275 0.5 0.03 0.0675
0 0.6625 0.5 0.03875 0.0675
0 0.70375 0.49625 0.03625 0.075
0 0.74125 0.49125 0.035 0.07625
0 0.78 0.49375 0.04 0.0825
0 0.81875 0.5025 0.0375 0.07
0 0.85625 0.49375 0.0375 0.08375
0 0.15875 0.38 0.03375 0.10875
0 0.195 0.37875 0.03875 0.10625
0 0.245 0.38 0.04375 0.08375
0 0.28875 0.3775 0.0425 0.0875
0 0.51375 0.4925 0.03125 0.07875
0 0.2525 0.5 0.0325 0.07125
0 0.16125 0.50625 0.04 0.10375
0 0.3275 0.3775 0.0325 0.08625
0 0.72125 0.60125 0.03625 0.0675
0 0.68375 0.6025 0.035 0.06625
0 0.6475 0.60125 0.035 0.0675
0 0.61125 0.6 0.0325 0.06625
0 0.575 0.60125 0.035 0.06625
0 0.50125 0.59875 0.0375 0.06875
0 0.3975 0.59625 0.0325 0.07125
0 0.36375 0.5975 0.035 0.075
0 0.3275 0.59625 0.03375 0.07
0 0.29375 0.59875 0.03125 0.07375
0 0.2475 0.60375 0.04125 0.075
0 0.18625 0.63875 0.06875 0.095
0 0.85375 0.7075 0.04125 0.10375
0 0.20125 0.50375 0.0375 0.11
0 0.80375 0.71125 0.05625 0.11125
0 0.65125 0.70625 0.045 0.11
0 0.55 0.71 0.045 0.11
0 0.5 0.71 0.0525 0.1125
0 0.4475 0.70625 0.0425 0.1125
0 0.3975 0.7075 0.055 0.115
0 0.305 0.71125 0.04375 0.10375
0 0.25625 0.71375 0.0525 0.11
0 0.8125 0.80875 0.035 0.075
0 0.76875 0.82375 0.05 0.10125
0 0.71875 0.82875 0.0525 0.09125
0 0.49375 0.82125 0.04375 0.075
0 0.83 0.60125 0.03125 0.06625
0 0.86125 0.59875 0.0275 0.07125
0 0.7 0.70375 0.05 0.105
0 0.3675 0.37875 0.045 0.0825
0 0.79375 0.6 0.035 0.0675
0 0.4525 0.37875 0.04 0.0875
0 0.4375 0.12375 0.03125 0.08
0 0.4725 0.125 0.035 0.08125
0 0.505 0.125 0.02875 0.08
0 0.5375 0.12625 0.03375 0.08125
0 0.57 0.125 0.03125 0.08125
0 0.60375 0.12625 0.03375 0.0825
0 0.63375 0.13 0.0225 0.07625
0 0.675 0.13 0.0575 0.0775
0 0.7325 0.1275 0.03625 0.07875
0 0.76625 0.13 0.0275 0.07625
0 0.64375 0.2625 0.035 0.08125
0 0.4025 0.125 0.03625 0.07875
0 0.57125 0.26125 0.03375 0.085
0 0.4975 0.26 0.0325 0.08375
0 0.46375 0.26 0.03625 0.08125
0 0.4275 0.25875 0.03375 0.08375
0 0.49125 0.38 0.035 0.09
0 0.53 0.37625 0.04125 0.095
0 0.56875 0.37625 0.03625 0.09375
0 0.8475 0.37625 0.0375 0.0875
0 0.19 0.24375 0.04625 0.11
0 0.2375 0.25625 0.04 0.0825
0 0.27625 0.2575 0.035 0.085
0 0.3125 0.2575 0.03875 0.08625
0 0.535 0.26 0.03625 0.08375
0 0.3525 0.25875 0.0375 0.0825
0 0.39125 0.25875 0.0375 0.08375
0 0.365 0.11625 0.0375 0.095
0 0.32125 0.115 0.04 0.10125
0 0.28 0.11375 0.03875 0.1
0 0.24 0.11125 0.04 0.1025
0 0.1975 0.11375 0.04375 0.10625
0 0.4125 0.37625 0.03875 0.09
0 0.1575 0.10875 0.0325 0.11
0 0.85375 0.265 0.03625 0.0775
0 0.81875 0.26625 0.03 0.08125
0 0.785 0.26375 0.03625 0.085
0 0.75 0.26375 0.03 0.08125
0 0.715 0.26375 0.0375 0.0825
0 0.6775 0.2625 0.03375 0.08125