0 0.75625 0.62875 0.03 0.03375
0 0.4425 0.29625 0.025 0.0775
0 0.4125 0.3025 0.02875 0.05875
0 0.47875 0.29 0.04 0.0525
0 0.51625 0.30125 0.0275 0.05625
0 0.55125 0.29 0.0375 0.0575
0 0.58875 0.295 0.035 0.065
0 0.64875 0.31 0.04125 0.09125
0 0.69 0.31125 0.03625 0.0925
0 0.3075 0.28625 0.02875 0.05625
0 0.34125 0.28875 0.035 0.06125
0 0.27375 0.28875 0.035 0.0525
0 0.1825 0.32375 0.025 0.02
0 0.18375 0.29875 0.015 0.02375
0 0.195 0.28 0.025 0.01
0 0.2 0.26875 0.02625 0.01
0 0.2075 0.25625 0.03 0.01375
0 0.22375 0.2775 0.0225 0.01625
0 0.38125 0.2925 0.03 0.04125
0 0.74875 0.30125 0.05 0.0775
0 0.795 0.30375 0.03625 0.0775
0 0.83375 0.305 0.03625 0.07625
0 0.29625 0.7575 0.0325 0.02625
0 0.30125 0.79 0.0325 0.03375
0 0.33 0.7575 0.02875 0.0275
0 0.36 0.83875 0.04 0.06125
0 0.4225 0.8225 0.03125 0.03125
0 0.39625 0.85625 0.0275 0.03125
0 0.42875 0.85625 0.02875 0.0325
0 0.46875 0.83 0.03 0.02375
0 0.20875 0.30625 0.0275 0.0225
0 0.4625 0.80125 0.0275 0.03
0 0.42 0.38625 0.03625 0.03375
0 0.30375 0.38625 0.0375 0.055
0 0.34125 0.3875 0.03375 0.055
0 0.3775 0.3875 0.035 0.05375
0 0.26625 0.38375 0.0325 0.05
0 0.27375 0.335 0.05 0.0325
0 0.185 0.34375 0.02625 0.01625
0 0.215 0.3425 0.0275 0.015
0 0.56375 0.81625 0.02875 0.0225
0 0.85 0.1925 0.04875 0.07875
0 0.57 0.17875 0.0175 0.0975
0 0.64 0.16875 0.03125 0.09375
0 0.655 0.81875 0.0175 0.03125
0 0.59625 0.7975 0.02875 0.01375
0 0.635 0.86 0.02625 0.01875
0 0.59875 0.85625 0.02875 0.015
0 0.5425 0.8575 0.02625 0.0175
0 0.84125 0.61375 0.0375 0.06625
0 0.50875 0.85875 0.0325 0.02125
0 0.7075 0.70875 0.035 0.04875
0 0.74375 0.71 0.03625 0.05875
0 0.78 0.71 0.03375 0.0625
0 0.8175 0.70875 0.035 0.065
0 0.855 0.7075 0.035 0.055
0 0.36 0.78875 0.04875 0.02875
0 0.71125 0.825 0.0525 0.04375
0 0.77 0.84 0.0575 0.0875
0 0.82375 0.835 0.04125 0.0675
0 0.79625 0.60375 0.0475 0.08
0 0.57125 0.77875 0.02875 0.02125
0 0.54375 0.795 0.02 0.015
0 0.47125 0.7375 0.02625 0.0575
0 0.61375 0.81625 0.03 0.0225
0 0.60125 0.2 0.04 0.0575
0 0.7175 0.19875 0.02625 0.06625
0 0.68 0.19125 0.04125 0.05375
0 0.77125 0.19125 0.04875 0.08875
0 0.4475 0.16375 0.03875 0.12
0 0.49875 0.17625 0.05125 0.1075
0 0.54375 0.19 0.0325 0.0825
0 0.33375 0.18125 0.065 0.0775
0 0.25125 0.81 0.015 0.0325
0 0.3975 0.16875 0.05625 0.10625
0 0.24625 0.17125 0.0375 0.10625
0 0.2025 0.1725 0.04 0.1225
0 0.1525 0.17625 0.0525 0.11125
0 0.52625 0.82625 0.0325 0.02125
0 0.51625 0.7975 0.03125 0.0125
0 0.51 0.785 0.0325 0.01
0 0.49875 0.82625 0.02 0.025
0 0.4725 0.86125 0.02875 0.02125
0 0.28625 0.19 0.02625 0.065
0 0.18625 0.7975 0.01625 0.02875
0 0.21125 0.32625 0.03 0.0125
0 0.155 0.7975 0.01375 0.03
0 0.51875 0.66375 0.0325 0.07125
0 0.48125 0.65375 0.03125 0.05875
0 0.4425 0.6525 0.03 0.06125
0 0.365 0.66 0.0325 0.0525
0 0.4025 0.66125 0.035 0.04875
0 0.155 0.6075 0.02 0.02125
0 0.32875 0.65875 0.0375 0.05
0 0.29 0.655 0.03375 0.05
0 0.1825 0.65 0.0225 0.04375
0 0.15625 0.64625 0.02 0.03875
0 0.14125 0.55625 0.02625 0.0475
0 0.31625 0.55875 0.02875 0.0375
0 0.525 0.5775 0.03375 0.0625
0 0.48625 0.5725 0.02875 0.05375
0 0.4525 0.5725 0.03375 0.05125
0 0.3825 0.56625 0.04 0.0475
0 0.60375 0.49 0.02875 0.0625
0 0.17 0.79625 0.0125 0.03
0 0.62125 0.68 0.03 0.0625
0 0.655 0.685 0.0275 0.0775
0 0.585 0.66875 0.01625 0.0375
0 0.71625 0.6075 0.04375 0.07
0 0.645 0.57375 0.02 0.04875
0 0.6225 0.57625 0.01875 0.055
0 0.5975 0.5775 0.01875 0.055
0 0.55625 0.57375 0.02125 0.0575
0 0.50125 0.74875 0.03125 0.05875
0 0.22625 0.5 0.0625 0.01375
0 0.23 0.51625 0.06125 0.01625
0 0.63875 0.48875 0.03625 0.05875
0 0.22875 0.6625 0.05125 0.02125
0 0.2425 0.6 0.045 0.0075
0 0.24 0.61 0.04125 0.00625
0 0.24 0.62 0.04375 0.0075
0 0.235 0.6275 0.0375 0.00625
0 0.43875 0.7475 0.03375 0.04625
0 0.53375 0.74625 0.03125 0.05875
0 0.63875 0.75375 0.03125 0.05
0 0.60625 0.7525 0.03 0.06375
0 0.23 0.64625 0.045 0.0075
0 0.525 0.4875 0.03625 0.0575
0 0.55625 0.665 0.035 0.06875
0 0.485 0.47625 0.04 0.04
0 0.65125 0.395 0.03 0.0625
0 0.61875 0.4 0.0325 0.07125
0 0.69 0.40625 0.04375 0.0775
0 0.23375 0.63625 0.04 0.00625
0 0.23 0.75625 0.01875 0.02
0 0.23625 0.73375 0.02 0.01625
0 0.25875 0.7225 0.02125 0.01375
0 0.2625 0.7075 0.02125 0.01375
0 0.25875 0.7375 0.0225 0.01125
0 0.145 0.70625 0.0325 0.0275
0 0.17875 0.7525 0.05 0.0225
0 0.18875 0.725 0.045 0.0225
0 0.18 0.85 0.02125 0.06375
0 0.20125 0.84875 0.01875 0.06125
0 0.24 0.8525 0.01625 0.04875
0 0.22125 0.85 0.015 0.0525
0 0.5675 0.4925 0.0375 0.0675
0 0.58 0.39875 0.04 0.06375
0 0.46125 0.39375 0.03875 0.065
0 0.25 0.755 0.01875 0.02375
0 0.5375 0.3975 0.03625 0.07125
0 0.445 0.48125 0.03625 0.05
0 0.50125 0.39625 0.03375 0.065
0 0.73125 0.50375 0.05875 0.085
0 0.21375 0.55 0.0625 0.04375
0 0.28125 0.55875 0.03625 0.0675
0 0.32125 0.46875 0.02625 0.0475
0 0.35625 0.47875 0.0375 0.05375
0 0.285 0.465 0.04125 0.06375
0 0.22125 0.41625 0.0275 0.0075
0 0.22 0.44375 0.0325 0.045
0 0.83625 0.5075 0.05875 0.08375
0 0.17625 0.46 0.01875 0.02125
0 0.15625 0.44875 0.015 0.02
0 0.86 0.4 0.03 0.08
0 0.8225 0.39875 0.04125 0.0775
0 0.78125 0.3975 0.0375 0.07375
0 0.73875 0.39625 0.04125 0.07875
0 0.865 0.30375 0.02 0.08
0 0.1325 0.4475 0.01125 0.02